1 1 0.95 0.9 0.85 0.8 0.75 0.7 0.65 0.6 0.55 0.5 0.45 0.4 0.35 0.3 0.25 0.2 0.15 0.1 0.05 0 -0.05 -0.1 -0.15 -0.2 -0.25 -0.3 -0.35 -0.4 -0.45 -0.5 -0.55 -0.6 -0.65 -0.7 -0.75 -0.8 -0.85 -0.9 -0.95 -1 -1 
1 1 0.957219 0.9045 0.85425 0.804 0.75375 0.7035 0.65325 0.603 0.55275 0.5025 0.45225 0.402 0.35175 0.3015 0.25125 0.201 0.15075 0.1005 0.05025 -1.35525e-19 -0.05025 -0.1005 -0.15075 -0.201 -0.25125 -0.3015 -0.35175 -0.402 -0.45225 -0.5025 -0.55275 -0.603 -0.65325 -0.7035 -0.75375 -0.804 -0.85425 -0.9045 -0.957219 -1 -1 
1 1 0.96343 0.909624 0.858543 0.80804 0.757538 0.707035 0.656533 0.60603 0.555528 0.505025 0.454523 0.40402 0.353518 0.303015 0.252513 0.20201 0.151508 0.101005 0.0505025 -2.76472e-19 -0.0505025 -0.101005 -0.151508 -0.20201 -0.252513 -0.303015 -0.353518 -0.40402 -0.454523 -0.505025 -0.555528 -0.60603 -0.656533 -0.707035 -0.757538 -0.80804 -0.858543 -0.909624 -0.96343 -1 -1 
1 1 0.968765 0.915209 0.862904 0.812121 0.761363 0.710606 0.659848 0.609091 0.558333 0.507576 0.456818 0.40606 0.355303 0.304545 0.253788 0.20303 0.152273 0.101515 0.0507576 -4.17418e-19 -0.0507576 -0.101515 -0.152273 -0.20303 -0.253788 -0.304545 -0.355303 -0.40606 -0.456818 -0.507576 -0.558333 -0.609091 -0.659848 -0.710606 -0.761363 -0.812121 -0.862904 -0.915209 -0.968765 -1 -1 
1 1 0.973341 0.921112 0.867354 0.816244 0.765228 0.714213 0.663197 0.612182 0.561167 0.510152 0.459137 0.408122 0.357106 0.306091 0.255076 0.204061 0.153046 0.10203 0.0510152 -5.58364e-19 -0.0510152 -0.10203 -0.153046 -0.204061 -0.255076 -0.306091 -0.357106 -0.408122 -0.459137 -0.510152 -0.561167 -0.612182 -0.663197 -0.714213 -0.765228 -0.816244 -0.867354 -0.921112 -0.973341 -1 -1 
1 1 0.97726 0.927142 0.871974 0.820412 0.769132 0.717856 0.666581 0.615305 0.56403 0.512754 0.461479 0.410204 0.358928 0.307653 0.256377 0.205102 0.153826 0.102551 0.0512754 -6.9931e-19 -0.0512754 -0.102551 -0.153826 -0.205102 -0.256377 -0.307653 -0.358928 -0.410204 -0.461479 -0.512754 -0.56403 -0.615305 -0.666581 -0.717856 -0.769132 -0.820412 -0.871974 -0.927142 -0.97726 -1 -1 
1 1 0.980612 0.933101 0.876859 0.824631 0.773076 0.721537 0.669999 0.61846 0.566922 0.515384 0.463845 0.412307 0.360769 0.30923 0.257692 0.206153 0.154615 0.103077 0.0515384 -8.40257e-19 -0.0515384 -0.103077 -0.154615 -0.206153 -0.257692 -0.30923 -0.360769 -0.412307 -0.463845 -0.515384 -0.566922 -0.61846 -0.669999 -0.721537 -0.773076 -0.824631 -0.876859 -0.933101 -0.980612 -1 -1 
1 1 0.983478 0.93889 0.882016 0.828911 0.777061 0.725256 0.673452 0.621648 0.569844 0.51804 0.466236 0.414432 0.362628 0.310824 0.25902 0.207216 0.155412 0.103608 0.051804 -9.81203e-19 -0.051804 -0.103608 -0.155412 -0.207216 -0.25902 -0.310824 -0.362628 -0.414432 -0.466236 -0.51804 -0.569844 -0.621648 -0.673452 -0.725256 -0.777061 -0.828911 -0.882016 -0.93889 -0.983478 -1 -1 
1 1 0.985926 0.944435 0.887433 0.833263 0.781088 0.729013 0.676941 0.624868 0.572796 0.520723 0.468651 0.416579 0.364506 0.312434 0.260362 0.208289 0.156217 0.104145 0.0520723 -1.12215e-18 -0.0520723 -0.104145 -0.156217 -0.208289 -0.260362 -0.312434 -0.364506 -0.416579 -0.468651 -0.520723 -0.572796 -0.624868 -0.676941 -0.729013 -0.781088 -0.833263 -0.887433 -0.944435 -0.985926 -1 -1 
1 1 0.988015 0.949686 0.893083 0.837696 0.78516 0.732809 0.680466 0.628122 0.575779 0.523435 0.471092 0.418748 0.366405 0.314061 0.261718 0.209374 0.157031 0.104687 0.0523435 -1.2631e-18 -0.0523435 -0.104687 -0.157031 -0.209374 -0.261718 -0.314061 -0.366405 -0.418748 -0.471092 -0.523435 -0.575779 -0.628122 -0.680466 -0.732809 -0.78516 -0.837696 -0.893083 -0.949686 -0.988015 -1 -1 
1 1 0.989796 0.954611 0.898932 0.84222 0.789277 0.736645 0.684027 0.63141 0.578792 0.526175 0.473557 0.42094 0.368322 0.315705 0.263087 0.21047 0.157852 0.105235 0.0526175 -1.40404e-18 -0.0526175 -0.105235 -0.157852 -0.21047 -0.263087 -0.315705 -0.368322 -0.42094 -0.473557 -0.526175 -0.578792 -0.63141 -0.684027 -0.736645 -0.789277 -0.84222 -0.898932 -0.954611 -0.989796 -1 -1 
1 1 0.991315 0.959192 0.904892 0.846888 0.793444 0.740522 0.687626 0.634732 0.581838 0.528943 0.476049 0.423155 0.37026 0.317366 0.264472 0.211577 0.158683 0.105789 0.0528943 -1.54499e-18 -0.0528943 -0.105789 -0.158683 -0.211577 -0.264472 -0.317366 -0.37026 -0.423155 -0.476049 -0.528943 -0.581838 -0.634732 -0.687626 -0.740522 -0.793444 -0.846888 -0.904892 -0.959192 -0.991315 -1 -1 
1 1 0.992609 0.963423 0.910845 0.851776 0.797665 0.74444 0.691264 0.63809 0.584915 0.531741 0.478567 0.425393 0.372219 0.319045 0.265871 0.212697 0.159522 0.106348 0.0531741 -1.69678e-18 -0.0531741 -0.106348 -0.159522 -0.212697 -0.265871 -0.319045 -0.372219 -0.425393 -0.478567 -0.531741 -0.584915 -0.63809 -0.691264 -0.74444 -0.797665 -0.851776 -0.910845 -0.963423 -0.992609 -1 -1 
1 1 0.993712 0.967307 0.916737 0.85689 0.801947 0.7484 0.694939 0.641482 0.588026 0.534569 0.481112 0.427655 0.374198 0.320741 0.267284 0.213827 0.160371 0.106914 0.0534569 -1.84314e-18 -0.0534569 -0.106914 -0.160371 -0.213827 -0.267284 -0.320741 -0.374198 -0.427655 -0.481112 -0.534569 -0.588026 -0.641482 -0.694939 -0.7484 -0.801947 -0.85689 -0.916737 -0.967307 -0.993712 -1 -1 
1 1 0.994651 0.970852 0.922518 0.862227 0.806299 0.752405 0.698655 0.644912 0.591169 0.537426 0.483684 0.429941 0.376198 0.322456 0.268713 0.214971 0.161228 0.107485 0.0537426 -1.99493e-18 -0.0537426 -0.107485 -0.161228 -0.214971 -0.268713 -0.322456 -0.376198 -0.429941 -0.483684 -0.537426 -0.591169 -0.644912 -0.698655 -0.752405 -0.806299 -0.862227 -0.922518 -0.970852 -0.994651 -1 -1 
1 1 0.99545 0.974073 0.928146 0.867779 0.810729 0.756455 0.70241 0.648378 0.594346 0.540315 0.486283 0.432252 0.37822 0.324189 0.270157 0.216126 0.162094 0.108063 0.0540315 -2.1413e-18 -0.0540315 -0.108063 -0.162094 -0.216126 -0.270157 -0.324189 -0.37822 -0.432252 -0.486283 -0.540315 -0.594346 -0.648378 -0.70241 -0.756455 -0.810729 -0.867779 -0.928146 -0.974073 -0.99545 -1 -1 
1 1 0.99613 0.976988 0.933584 0.87353 0.815246 0.760552 0.706205 0.651881 0.597557 0.543234 0.488911 0.434587 0.380264 0.32594 0.271617 0.217294 0.16297 0.108647 0.0543234 -2.32019e-18 -0.0543234 -0.108647 -0.16297 -0.217294 -0.271617 -0.32594 -0.380264 -0.434587 -0.488911 -0.543234 -0.597557 -0.651881 -0.706205 -0.760552 -0.815246 -0.87353 -0.933584 -0.976988 -0.99613 -1 -1 
1 1 0.996709 0.979614 0.938802 0.879457 0.819856 0.764699 0.710043 0.655422 0.600804 0.546185 0.491567 0.436948 0.38233 0.327711 0.273093 0.218474 0.163856 0.109237 0.0546185 -2.49909e-18 -0.0546185 -0.109237 -0.163856 -0.218474 -0.273093 -0.327711 -0.38233 -0.436948 -0.491567 -0.546185 -0.600804 -0.655422 -0.710043 -0.764699 -0.819856 -0.879457 -0.938802 -0.979614 -0.996709 -1 -1 
1 1 0.997201 0.981973 0.943778 0.885522 0.824578 0.768898 0.713922 0.659002 0.604085 0.549168 0.494251 0.439335 0.384418 0.329501 0.274584 0.219667 0.16475 0.109834 0.0549168 -2.6834e-18 -0.0549168 -0.109834 -0.16475 -0.219667 -0.274584 -0.329501 -0.384418 -0.439335 -0.494251 -0.549168 -0.604085 -0.659002 -0.713922 -0.768898 -0.824578 -0.885522 -0.943778 -0.981973 -0.997201 -1 -1 
1 1 0.99762 0.984085 0.948495 0.891604 0.829509 0.773153 0.717845 0.662621 0.607403 0.552184 0.496966 0.441747 0.386529 0.33131 0.276092 0.220874 0.165655 0.110437 0.0552184 -2.86771e-18 -0.0552184 -0.110437 -0.165655 -0.220874 -0.276092 -0.33131 -0.386529 -0.441747 -0.496966 -0.552184 -0.607403 -0.662621 -0.717845 -0.773153 -0.829509 -0.891604 -0.948495 -0.984085 -0.99762 -1 -1 
1 1 0.997977 0.985972 0.952943 0.897662 0.834654 0.777471 0.721812 0.66628 0.610757 0.555233 0.49971 0.444187 0.388663 0.33314 0.277617 0.222093 0.16657 0.111047 0.0555233 -3.04661e-18 -0.0555233 -0.111047 -0.16657 -0.222093 -0.277617 -0.33314 -0.388663 -0.444187 -0.49971 -0.555233 -0.610757 -0.66628 -0.721812 -0.777471 -0.834654 -0.897662 -0.952943 -0.985972 -0.997977 -1 -1 
1 1 0.99828 0.987652 0.957115 0.90366 0.840014 0.78186 0.725826 0.66998 0.614148 0.558316 0.502484 0.446653 0.390821 0.33499 0.279158 0.223326 0.167495 0.111663 0.0558316 -3.2255e-18 -0.0558316 -0.111663 -0.167495 -0.223326 -0.279158 -0.33499 -0.390821 -0.446653 -0.502484 -0.558316 -0.614148 -0.66998 -0.725826 -0.78186 -0.840014 -0.90366 -0.957115 -0.987652 -0.99828 -1 -1 
1 1 0.998537 0.989144 0.96101 0.909563 0.845584 0.786327 0.729886 0.673721 0.617577 0.561433 0.50529 0.449147 0.393003 0.33686 0.280717 0.224573 0.16843 0.112287 0.0561433 -3.40982e-18 -0.0561433 -0.112287 -0.16843 -0.224573 -0.280717 -0.33686 -0.393003 -0.449147 -0.50529 -0.561433 -0.617577 -0.673721 -0.729886 -0.786327 -0.845584 -0.909563 -0.96101 -0.989144 -0.998537 -1 -1 
1 1 0.998756 0.990468 0.964632 0.915339 0.851353 0.79088 0.733996 0.677504 0.621044 0.564585 0.508127 0.451668 0.39521 0.338751 0.282293 0.225834 0.169376 0.112917 0.0564585 -3.59955e-18 -0.0564585 -0.112917 -0.169376 -0.225834 -0.282293 -0.338751 -0.39521 -0.451668 -0.508127 -0.564585 -0.621044 -0.677504 -0.733996 -0.79088 -0.851353 -0.915339 -0.964632 -0.990468 -0.998756 -1 -1 
1 1 0.998943 0.99164 0.967986 0.920961 0.857308 0.795526 0.738157 0.681331 0.62455 0.567773 0.510996 0.454218 0.397441 0.340664 0.283886 0.227109 0.170332 0.113555 0.0567773 -3.80555e-18 -0.0567773 -0.113555 -0.170332 -0.227109 -0.283886 -0.340664 -0.397441 -0.454218 -0.510996 -0.567773 -0.62455 -0.681331 -0.738157 -0.795526 -0.857308 -0.920961 -0.967986 -0.99164 -0.998943 -1 -1 
1 1 0.999101 0.992676 0.97108 0.926402 0.863431 0.800272 0.742373 0.685201 0.628096 0.570997 0.513897 0.456797 0.399698 0.342598 0.285498 0.228399 0.171299 0.114199 0.0570996 -4.01155e-18 -0.0570996 -0.114199 -0.171299 -0.228399 -0.285498 -0.342598 -0.399698 -0.456797 -0.513897 -0.570997 -0.628096 -0.685201 -0.742373 -0.800272 -0.863431 -0.926402 -0.97108 -0.992676 -0.999101 -1 -1 
1 1 0.999236 0.993589 0.973925 0.931643 0.86969 0.805132 0.746645 0.689116 0.631683 0.574257 0.516831 0.459405 0.40198 0.344554 0.287128 0.229703 0.172277 0.114851 0.0574257 -4.21755e-18 -0.0574257 -0.114851 -0.172277 -0.229703 -0.287128 -0.344554 -0.40198 -0.459405 -0.516831 -0.574257 -0.631683 -0.689116 -0.746645 -0.805132 -0.86969 -0.931643 -0.973925 -0.993589 -0.999236 -1 -1 
1 1 0.999351 0.994394 0.976532 0.936666 0.875969 0.810204 0.750978 0.693077 0.635311 0.577555 0.519799 0.462044 0.404288 0.346533 0.288777 0.231022 0.173266 0.115511 0.0577555 -4.43439e-18 -0.0577555 -0.115511 -0.173266 -0.231022 -0.288777 -0.346533 -0.404288 -0.462044 -0.519799 -0.577555 -0.635311 -0.693077 -0.750978 -0.810204 -0.875969 -0.936666 -0.976532 -0.994394 -0.999351 -1 -1 
1 1 0.999448 0.995102 0.978914 0.941458 0.882235 0.815491 0.755378 0.697086 0.63898 0.58089 0.522801 0.464712 0.406623 0.348534 0.290445 0.232356 0.174267 0.116178 0.058089 -4.65123e-18 -0.058089 -0.116178 -0.174267 -0.232356 -0.290445 -0.348534 -0.406623 -0.464712 -0.522801 -0.58089 -0.63898 -0.697086 -0.755378 -0.815491 -0.882235 -0.941458 -0.978914 -0.995102 -0.999448 -1 -1 
1 1 0.999531 0.995723 0.981085 0.946011 0.888458 0.820994 0.759852 0.701143 0.642693 0.584265 0.525838 0.467412 0.408985 0.350559 0.292132 0.233706 0.175279 0.116853 0.0584265 -4.86807e-18 -0.0584265 -0.116853 -0.175279 -0.233706 -0.292132 -0.350559 -0.408985 -0.467412 -0.525838 -0.584265 -0.642693 -0.701143 -0.759852 -0.820994 -0.888458 -0.946011 -0.981085 -0.995723 -0.999531 -1 -1 
1 1 0.999601 0.996269 0.983058 0.950319 0.894609 0.826708 0.764409 0.705251 0.646449 0.587678 0.52891 0.470143 0.411375 0.352607 0.293839 0.235071 0.176303 0.117536 0.0587678 -5.07949e-18 -0.0587678 -0.117536 -0.176303 -0.235071 -0.293839 -0.352607 -0.411375 -0.470143 -0.52891 -0.587678 -0.646449 -0.705251 -0.764409 -0.826708 -0.894609 -0.950319 -0.983058 -0.996269 -0.999601 -1 -1 
1 1 0.999661 0.996748 0.984847 0.954379 0.900659 0.832626 0.769056 0.709411 0.650249 0.591132 0.532019 0.472906 0.413792 0.354679 0.295566 0.236453 0.17734 0.118226 0.0591132 -5.29633e-18 -0.0591132 -0.118226 -0.17734 -0.236453 -0.295566 -0.354679 -0.413792 -0.472906 -0.532019 -0.591132 -0.650249 -0.709411 -0.769056 -0.832626 -0.900659 -0.954379 -0.984847 -0.996748 -0.999661 -1 -1 
1 1 0.999712 0.997167 0.986465 0.958191 0.906582 0.838735 0.7738 0.713626 0.654095 0.594627 0.535164 0.475701 0.416238 0.356776 0.297313 0.237851 0.178388 0.118925 0.0594626 -5.50775e-18 -0.0594626 -0.118925 -0.178388 -0.237851 -0.297313 -0.356776 -0.416238 -0.475701 -0.535164 -0.594627 -0.654095 -0.713626 -0.7738 -0.838735 -0.906582 -0.958191 -0.986465 -0.997167 -0.999712 -1 -1 
1 1 0.999755 0.997533 0.987926 0.961758 0.912356 0.84502 0.778648 0.717898 0.657986 0.598163 0.538346 0.47853 0.418713 0.358897 0.299081 0.239265 0.179449 0.119632 0.0598162 -5.72459e-18 -0.0598162 -0.119632 -0.179449 -0.239265 -0.299081 -0.358897 -0.418713 -0.47853 -0.538346 -0.598163 -0.657986 -0.717898 -0.778648 -0.84502 -0.912356 -0.961758 -0.987926 -0.997533 -0.999755 -1 -1 
1 1 0.999792 0.997853 0.989242 0.965086 0.917958 0.851463 0.783606 0.722231 0.661926 0.601741 0.541566 0.481392 0.421218 0.361044 0.30087 0.240696 0.180522 0.120348 0.060174 -5.93601e-18 -0.060174 -0.120348 -0.180522 -0.240696 -0.30087 -0.361044 -0.421218 -0.481392 -0.541566 -0.601741 -0.661926 -0.722231 -0.783606 -0.851463 -0.917958 -0.965086 -0.989242 -0.997853 -0.999792 -1 -1 
1 1 0.999823 0.998133 0.990426 0.96818 0.923373 0.857986 0.788736 0.726626 0.665914 0.605362 0.544825 0.484289 0.423753 0.363217 0.30268 0.242144 0.181608 0.121072 0.0605361 -6.15827e-18 -0.0605361 -0.121072 -0.181608 -0.242144 -0.30268 -0.363217 -0.423753 -0.484289 -0.544825 -0.605362 -0.665914 -0.726626 -0.788736 -0.857986 -0.923373 -0.96818 -0.990426 -0.998133 -0.999823 -1 -1 
1 1 0.99985 0.998378 0.991489 0.971048 0.928583 0.864518 0.794087 0.731091 0.669952 0.609027 0.548123 0.48722 0.426318 0.365415 0.304513 0.24361 0.182708 0.121805 0.0609026 -6.38595e-18 -0.0609026 -0.121805 -0.182708 -0.24361 -0.304513 -0.365415 -0.426318 -0.48722 -0.548123 -0.609027 -0.669952 -0.731091 -0.794087 -0.864518 -0.928583 -0.971048 -0.991489 -0.998378 -0.99985 -1 -1 
1 1 0.999872 0.998591 0.992442 0.9737 0.933578 0.871031 0.799662 0.735631 0.674041 0.612737 0.551461 0.490188 0.428914 0.367641 0.306367 0.245094 0.18382 0.122547 0.0612735 -6.6299e-18 -0.0612735 -0.122547 -0.18382 -0.245094 -0.306367 -0.367641 -0.428914 -0.490188 -0.551461 -0.612737 -0.674041 -0.735631 -0.799662 -0.871031 -0.933578 -0.9737 -0.992442 -0.998591 -0.999872 -1 -1 
1 1 0.999891 0.998776 0.993295 0.976146 0.938349 0.877497 0.805457 0.740256 0.678183 0.616493 0.55484 0.493191 0.431542 0.369893 0.308245 0.246596 0.184947 0.123298 0.0616489 -6.87384e-18 -0.0616489 -0.123298 -0.184947 -0.246596 -0.308245 -0.369893 -0.431542 -0.493191 -0.55484 -0.616493 -0.678183 -0.740256 -0.805457 -0.877497 -0.938349 -0.976146 -0.993295 -0.998776 -0.999891 -1 -1 
1 1 0.999908 0.998938 0.994057 0.978396 0.942889 0.88389 0.811468 0.744971 0.68238 0.620295 0.558261 0.496232 0.434203 0.372174 0.310145 0.248116 0.186087 0.124058 0.062029 -7.12863e-18 -0.062029 -0.124058 -0.186087 -0.248116 -0.310145 -0.372174 -0.434203 -0.496232 -0.558261 -0.620295 -0.68238 -0.744971 -0.811468 -0.88389 -0.942889 -0.978396 -0.994057 -0.998938 -0.999908 -1 -1 
1 1 0.999921 0.999079 0.994737 0.980461 0.947196 0.890184 0.817686 0.749786 0.686635 0.624144 0.561724 0.49931 0.436896 0.374482 0.312069 0.249655 0.187241 0.124827 0.0624137 -7.38342e-18 -0.0624137 -0.124827 -0.187241 -0.249655 -0.312069 -0.374482 -0.436896 -0.49931 -0.561724 -0.624144 -0.686635 -0.749786 -0.817686 -0.890184 -0.947196 -0.980461 -0.994737 -0.999079 -0.999921 -1 -1 
1 1 0.999933 0.999201 0.995344 0.982353 0.951266 0.896357 0.824099 0.754707 0.690949 0.628043 0.56523 0.502426 0.439623 0.37682 0.314016 0.251213 0.18841 0.125607 0.0628033 -7.64363e-18 -0.0628033 -0.125607 -0.18841 -0.251213 -0.314016 -0.37682 -0.439623 -0.502426 -0.56523 -0.628043 -0.690949 -0.754707 -0.824099 -0.896357 -0.951266 -0.982353 -0.995344 -0.999201 -0.999933 -1 -1 
1 1 0.999943 0.999307 0.995883 0.984082 0.955102 0.902387 0.83069 0.759741 0.695327 0.631991 0.56878 0.505582 0.442384 0.379186 0.315989 0.252791 0.189593 0.126395 0.0631977 -7.92552e-18 -0.0631977 -0.126395 -0.189593 -0.252791 -0.315989 -0.379186 -0.442384 -0.505582 -0.56878 -0.631991 -0.695327 -0.759741 -0.83069 -0.902387 -0.955102 -0.984082 -0.995883 -0.999307 -0.999943 -1 -1 
1 1 0.999952 0.9994 0.996364 0.985659 0.958706 0.908253 0.837443 0.764894 0.69977 0.63599 0.572375 0.508777 0.44518 0.381583 0.317986 0.254388 0.190791 0.127194 0.0635971 -8.20741e-18 -0.0635971 -0.127194 -0.190791 -0.254388 -0.317986 -0.381583 -0.44518 -0.508777 -0.572375 -0.63599 -0.69977 -0.764894 -0.837443 -0.908253 -0.958706 -0.985659 -0.996364 -0.9994 -0.999952 -1 -1 
1 1 0.999959 0.99948 0.99679 0.987094 0.962083 0.913939 0.844267 0.770242 0.704282 0.640041 0.576016 0.512013 0.448011 0.384009 0.320008 0.256006 0.192005 0.128003 0.0640016 -8.50015e-18 -0.0640016 -0.128003 -0.192005 -0.256006 -0.320008 -0.384009 -0.448011 -0.512013 -0.576016 -0.640041 -0.704282 -0.770242 -0.844267 -0.913939 -0.962083 -0.987094 -0.99679 -0.99948 -0.999959 -1 -1 
1 1 0.999965 0.99955 0.997169 0.9884 0.965239 0.919431 0.851101 0.775823 0.70887 0.644146 0.579703 0.51529 0.450878 0.386467 0.322056 0.257645 0.193234 0.128822 0.0644112 -8.78204e-18 -0.0644112 -0.128822 -0.193234 -0.257645 -0.322056 -0.386467 -0.450878 -0.51529 -0.579703 -0.644146 -0.70887 -0.775823 -0.851101 -0.919431 -0.965239 -0.9884 -0.997169 -0.99955 -0.999965 -1 -1 
1 1 0.99997 0.99961 0.997504 0.989584 0.96818 0.924716 0.85792 0.781638 0.713541 0.648307 0.583438 0.518609 0.453782 0.388956 0.32413 0.259304 0.194478 0.129652 0.0648261 -9.08561e-18 -0.0648261 -0.129652 -0.194478 -0.259304 -0.32413 -0.388956 -0.453782 -0.518609 -0.583438 -0.648307 -0.713541 -0.781638 -0.85792 -0.924716 -0.96818 -0.989584 -0.997504 -0.99961 -0.99997 -1 -1 
1 1 0.999975 0.999663 0.997802 0.990657 0.970914 0.929785 0.864697 0.787685 0.718302 0.652524 0.587222 0.521971 0.456724 0.391478 0.326232 0.260985 0.195739 0.130493 0.0652463 -9.38919e-18 -0.0652463 -0.130493 -0.195739 -0.260985 -0.326232 -0.391478 -0.456724 -0.521971 -0.587222 -0.652524 -0.718302 -0.787685 -0.864697 -0.929785 -0.970914 -0.990657 -0.997802 -0.999663 -0.999975 -1 -1 
1 1 0.999979 0.999708 0.998065 0.991628 0.973451 0.934631 0.871407 0.793959 0.723163 0.656802 0.591055 0.525377 0.459704 0.394032 0.32836 0.262688 0.197016 0.131344 0.065672 -9.71445e-18 -0.065672 -0.131344 -0.197016 -0.262688 -0.32836 -0.394032 -0.459704 -0.525377 -0.591055 -0.656802 -0.723163 -0.793959 -0.871407 -0.934631 -0.973451 -0.991628 -0.998065 -0.999708 -0.999979 -1 -1 
1 1 0.999982 0.999748 0.998297 0.992505 0.975799 0.93925 0.878026 0.800451 0.72813 0.661141 0.594939 0.528827 0.462723 0.39662 0.330516 0.264413 0.19831 0.132207 0.0661033 -1.00614e-17 -0.0661033 -0.132207 -0.19831 -0.264413 -0.330516 -0.39662 -0.462723 -0.528827 -0.594939 -0.661141 -0.72813 -0.800451 -0.878026 -0.93925 -0.975799 -0.992505 -0.998297 -0.999748 -0.999982 -1 -1 
1 1 0.999985 0.999782 0.998503 0.993296 0.977968 0.943637 0.88453 0.80715 0.733211 0.665546 0.598875 0.532323 0.465782 0.399242 0.332701 0.266161 0.199621 0.133081 0.0665403 -1.04083e-17 -0.0665403 -0.133081 -0.199621 -0.266161 -0.332701 -0.399242 -0.465782 -0.532323 -0.598875 -0.665546 -0.733211 -0.80715 -0.88453 -0.943637 -0.977968 -0.993296 -0.998503 -0.999782 -0.999985 -1 -1 
1 1 0.999987 0.999812 0.998685 0.994009 0.979967 0.947794 0.890898 0.81404 0.738413 0.670017 0.602865 0.535865 0.468881 0.401898 0.334915 0.267932 0.200949 0.133966 0.066983 -1.07553e-17 -0.066983 -0.133966 -0.200949 -0.267932 -0.334915 -0.401898 -0.468881 -0.535865 -0.602865 -0.670017 -0.738413 -0.81404 -0.890898 -0.947794 -0.979967 -0.994009 -0.998685 -0.999812 -0.999987 -1 -1 
1 1 0.999989 0.999837 0.998845 0.994651 0.981806 0.951721 0.897111 0.821105 0.743743 0.674561 0.606909 0.539455 0.472022 0.40459 0.337158 0.269727 0.202295 0.134863 0.0674317 -1.11022e-17 -0.0674317 -0.134863 -0.202295 -0.269727 -0.337158 -0.40459 -0.472022 -0.539455 -0.606909 -0.674561 -0.743743 -0.821105 -0.897111 -0.951721 -0.981806 -0.994651 -0.998845 -0.999837 -0.999989 -1 -1 
1 1 0.999991 0.999859 0.998986 0.995228 0.983496 0.955422 0.903152 0.828271 0.749261 0.679178 0.611009 0.543094 0.475205 0.407318 0.339432 0.271546 0.203659 0.135773 0.0678864 -1.146e-17 -0.0678864 -0.135773 -0.203659 -0.271546 -0.339432 -0.407318 -0.475205 -0.543094 -0.611009 -0.679178 -0.749261 -0.828271 -0.903152 -0.955422 -0.983496 -0.995228 -0.998986 -0.999859 -0.999991 -1 -1 
1 1 0.999992 0.999879 0.99911 0.995746 0.985045 0.9589 0.909004 0.835458 0.755026 0.683877 0.615167 0.546781 0.478431 0.410084 0.341736 0.273389 0.205042 0.136694 0.0683472 -1.18286e-17 -0.0683472 -0.136694 -0.205042 -0.273389 -0.341736 -0.410084 -0.478431 -0.546781 -0.615167 -0.683877 -0.755026 -0.835458 -0.909004 -0.9589 -0.985045 -0.995746 -0.99911 -0.999879 -0.999992 -1 -1 
1 1 0.999993 0.999895 0.99922 0.99621 0.986463 0.96216 0.914656 0.842641 0.761041 0.688663 0.619384 0.55052 0.481701 0.412886 0.344072 0.275258 0.206443 0.137629 0.0688144 -1.21973e-17 -0.0688144 -0.137629 -0.206443 -0.275258 -0.344072 -0.412886 -0.481701 -0.55052 -0.619384 -0.688663 -0.761041 -0.842641 -0.914656 -0.96216 -0.986463 -0.99621 -0.99922 -0.999895 -0.999993 -1 -1 
1 1 0.999994 0.99991 0.999316 0.996626 0.987759 0.96521 0.920096 0.849793 0.767303 0.693546 0.623663 0.55431 0.485016 0.415728 0.34644 0.277152 0.207864 0.138576 0.0692879 -1.25767e-17 -0.0692879 -0.138576 -0.207864 -0.277152 -0.34644 -0.415728 -0.485016 -0.55431 -0.623663 -0.693546 -0.767303 -0.849793 -0.920096 -0.96521 -0.987759 -0.996626 -0.999316 -0.99991 -0.999994 -1 -1 
1 1 0.999995 0.999922 0.999401 0.996999 0.988942 0.968057 0.925317 0.85689 0.773809 0.698534 0.628006 0.558152 0.488377 0.418608 0.34884 0.279072 0.209304 0.139536 0.069768 -1.29562e-17 -0.069768 -0.139536 -0.209304 -0.279072 -0.34884 -0.418608 -0.488377 -0.558152 -0.628006 -0.698534 -0.773809 -0.85689 -0.925317 -0.968057 -0.988942 -0.996999 -0.999401 -0.999922 -0.999995 -1 -1 
1 1 0.999996 0.999933 0.999475 0.997333 0.99002 0.970708 0.930312 0.863906 0.780551 0.703635 0.632415 0.562049 0.491784 0.421529 0.351274 0.281019 0.210764 0.14051 0.0702548 -1.33465e-17 -0.0702548 -0.14051 -0.210764 -0.281019 -0.351274 -0.421529 -0.491784 -0.562049 -0.632415 -0.703635 -0.780551 -0.863906 -0.930312 -0.970708 -0.99002 -0.997333 -0.999475 -0.999933 -0.999996 -1 -1 
1 1 0.999996 0.999942 0.999541 0.99763 0.991001 0.973173 0.935078 0.870818 0.78752 0.708858 0.636894 0.566002 0.495239 0.42449 0.353742 0.282993 0.212245 0.141497 0.0707483 -1.37368e-17 -0.0707483 -0.141497 -0.212245 -0.282993 -0.353742 -0.42449 -0.495239 -0.566002 -0.636894 -0.708858 -0.78752 -0.870818 -0.935078 -0.973173 -0.991001 -0.99763 -0.999541 -0.999942 -0.999996 -1 -1 
1 1 0.999997 0.99995 0.999598 0.997896 0.991893 0.975459 0.939612 0.877604 0.7947 0.714209 0.641445 0.570011 0.498744 0.427493 0.356244 0.284995 0.213747 0.142498 0.0712489 -1.4138e-17 -0.0712489 -0.142498 -0.213747 -0.284995 -0.356244 -0.427493 -0.498744 -0.570011 -0.641445 -0.714209 -0.7947 -0.877604 -0.939612 -0.975459 -0.991893 -0.997896 -0.999598 -0.99995 -0.999997 -1 -1 
1 1 0.999997 0.999957 0.999649 0.998134 0.992703 0.977577 0.943914 0.884243 0.802077 0.719696 0.646072 0.574078 0.502298 0.430539 0.358783 0.287026 0.21527 0.143513 0.0717565 -1.45392e-17 -0.0717565 -0.143513 -0.21527 -0.287026 -0.358783 -0.430539 -0.502298 -0.574078 -0.646072 -0.719696 -0.802077 -0.884243 -0.943914 -0.977577 -0.992703 -0.998134 -0.999649 -0.999957 -0.999997 -1 -1 
1 1 0.999998 0.999963 0.999693 0.998345 0.993437 0.979534 0.947987 0.890716 0.809622 0.725336 0.650779 0.578205 0.505903 0.433629 0.361357 0.289086 0.216814 0.144543 0.0722714 -1.49403e-17 -0.0722714 -0.144543 -0.216814 -0.289086 -0.361357 -0.433629 -0.505903 -0.578205 -0.650779 -0.725336 -0.809622 -0.890716 -0.947987 -0.979534 -0.993437 -0.998345 -0.999693 -0.999963 -0.999998 -1 -1 
1 1 0.999998 0.999968 0.999732 0.998534 0.994102 0.98134 0.951831 0.897008 0.817207 0.731238 0.65557 0.582394 0.50956 0.436763 0.363969 0.291175 0.218381 0.145587 0.0727937 -1.53415e-17 -0.0727937 -0.145587 -0.218381 -0.291175 -0.363969 -0.436763 -0.50956 -0.582394 -0.65557 -0.731238 -0.817207 -0.897008 -0.951831 -0.98134 -0.994102 -0.998534 -0.999732 -0.999968 -0.999998 -1 -1 
1 1 0.999998 0.999972 0.999765 0.998701 0.994704 0.983005 0.955453 0.903104 0.824807 0.737408 0.660454 0.586647 0.51327 0.439942 0.366618 0.293294 0.219971 0.146647 0.0733236 -1.57426e-17 -0.0733236 -0.146647 -0.219971 -0.293294 -0.366618 -0.439942 -0.51327 -0.586647 -0.660454 -0.737408 -0.824807 -0.903104 -0.955453 -0.983005 -0.994704 -0.998701 -0.999765 -0.999972 -0.999998 -1 -1 
1 1 0.999999 0.999976 0.999795 0.99885 0.995248 0.984537 0.958857 0.908992 0.832394 0.743846 0.665438 0.590965 0.517035 0.443168 0.369306 0.295445 0.221584 0.147723 0.0738613 -1.61438e-17 -0.0738613 -0.147723 -0.221584 -0.295445 -0.369306 -0.443168 -0.517035 -0.590965 -0.665438 -0.743846 -0.832394 -0.908992 -0.958857 -0.984537 -0.995248 -0.99885 -0.999795 -0.999976 -0.999999 -1 -1 
1 1 0.999999 0.999979 0.999821 0.998983 0.995739 0.985944 0.962049 0.914661 0.839943 0.750549 0.670532 0.595351 0.520856 0.446441 0.372034 0.297627 0.22322 0.148814 0.0744068 -1.65775e-17 -0.0744068 -0.148814 -0.22322 -0.297627 -0.372034 -0.446441 -0.520856 -0.595351 -0.670532 -0.750549 -0.839943 -0.914661 -0.962049 -0.985944 -0.995739 -0.998983 -0.999821 -0.999979 -0.999999 -1 -1 
1 1 0.999999 0.999982 0.999844 0.999101 0.996182 0.987234 0.965037 0.920105 0.847427 0.757513 0.675745 0.599807 0.524734 0.449763 0.374802 0.299842 0.224881 0.149921 0.0749604 -1.70545e-17 -0.0749604 -0.149921 -0.224881 -0.299842 -0.374802 -0.449763 -0.524734 -0.599807 -0.675745 -0.757513 -0.847427 -0.920105 -0.965037 -0.987234 -0.996182 -0.999101 -0.999844 -0.999982 -0.999999 -1 -1 
1 1 0.999999 0.999985 0.999864 0.999205 0.996581 0.988417 0.967828 0.925317 0.854821 0.764728 0.681085 0.604338 0.528671 0.453135 0.377612 0.302089 0.226567 0.151045 0.0755223 -1.75207e-17 -0.0755223 -0.151045 -0.226567 -0.302089 -0.377612 -0.453135 -0.528671 -0.604338 -0.681085 -0.764728 -0.854821 -0.925317 -0.967828 -0.988417 -0.996581 -0.999205 -0.999864 -0.999985 -0.999999 -1 -1 
1 1 0.999999 0.999987 0.999881 0.999298 0.996941 0.989499 0.97043 0.930294 0.862103 0.772183 0.686561 0.608945 0.532668 0.456558 0.380464 0.304371 0.228278 0.152185 0.0760927 -1.80086e-17 -0.0760927 -0.152185 -0.228278 -0.304371 -0.380464 -0.456558 -0.532668 -0.608945 -0.686561 -0.772183 -0.862103 -0.930294 -0.97043 -0.989499 -0.996941 -0.999298 -0.999881 -0.999987 -0.999999 -1 -1 
1 1 0.999999 0.999989 0.999897 0.99938 0.997264 0.990488 0.972852 0.935035 0.869248 0.779864 0.692181 0.613634 0.536727 0.460032 0.383359 0.306687 0.230015 0.153343 0.0766717 -1.84965e-17 -0.0766717 -0.153343 -0.230015 -0.306687 -0.383359 -0.460032 -0.536727 -0.613634 -0.692181 -0.779864 -0.869248 -0.935035 -0.972852 -0.990488 -0.997264 -0.99938 -0.999897 -0.999989 -0.999999 -1 -1 
1 1 0.999999 0.99999 0.99991 0.999453 0.997555 0.991391 0.975103 0.939538 0.876238 0.787752 0.697953 0.618406 0.54085 0.46356 0.386298 0.309038 0.231779 0.154519 0.0772596 -1.89735e-17 -0.0772596 -0.154519 -0.231779 -0.309038 -0.386298 -0.46356 -0.54085 -0.618406 -0.697953 -0.787752 -0.876238 -0.939538 -0.975103 -0.991391 -0.997555 -0.999453 -0.99991 -0.99999 -0.999999 -1 -1 
1 1 1 0.999992 0.999921 0.999517 0.997816 0.992215 0.97719 0.943807 0.883053 0.795778 0.703933 0.623268 0.545038 0.467142 0.389283 0.311426 0.233569 0.155713 0.0778565 -1.94614e-17 -0.0778565 -0.155713 -0.233569 -0.311426 -0.389283 -0.467142 -0.545038 -0.623268 -0.703933 -0.795778 -0.883053 -0.943807 -0.97719 -0.992215 -0.997816 -0.999517 -0.999921 -0.999992 -1 -1 -1 
1 1 1 0.999993 0.999932 0.999574 0.998051 0.992965 0.979123 0.947844 0.889678 0.803845 0.7102 0.628224 0.549293 0.47078 0.392313 0.313851 0.235388 0.156925 0.0784626 -1.99493e-17 -0.0784626 -0.156925 -0.235388 -0.313851 -0.392313 -0.47078 -0.549293 -0.628224 -0.7102 -0.803845 -0.889678 -0.947844 -0.979123 -0.992965 -0.998051 -0.999574 -0.999932 -0.999993 -1 -1 -1 
1 1 1 0.999994 0.99994 0.999625 0.998261 0.993647 0.980911 0.951652 0.896097 0.811926 0.716759 0.633285 0.553618 0.474476 0.395392 0.316313 0.237235 0.158157 0.0790783 -2.04372e-17 -0.0790783 -0.158157 -0.237235 -0.316313 -0.395392 -0.474476 -0.553618 -0.633285 -0.716759 -0.811926 -0.896097 -0.951652 -0.980911 -0.993647 -0.998261 -0.999625 -0.99994 -0.999994 -1 -1 -1 
1 1 1 0.999995 0.999948 0.99967 0.99845 0.994268 0.982562 0.955238 0.902298 0.819992 0.723609 0.638458 0.558015 0.478229 0.398519 0.318814 0.239111 0.159407 0.0797036 -2.09251e-17 -0.0797036 -0.159407 -0.239111 -0.318814 -0.398519 -0.478229 -0.558015 -0.638458 -0.723609 -0.819992 -0.902298 -0.955238 -0.982562 -0.994268 -0.99845 -0.99967 -0.999948 -0.999995 -1 -1 -1 
1 1 1 0.999995 0.999955 0.999709 0.998619 0.994831 0.984085 0.958608 0.908273 0.828016 0.730748 0.643754 0.562487 0.482043 0.401695 0.321356 0.241017 0.160678 0.0803389 -2.14997e-17 -0.0803389 -0.160678 -0.241017 -0.321356 -0.401695 -0.482043 -0.562487 -0.643754 -0.730748 -0.828016 -0.908273 -0.958608 -0.984085 -0.994831 -0.998619 -0.999709 -0.999955 -0.999995 -1 -1 -1 
1 1 1 0.999996 0.999961 0.999744 0.99877 0.995343 0.985487 0.961768 0.914013 0.835972 0.738171 0.649182 0.567037 0.485919 0.404922 0.323937 0.242953 0.161969 0.0809843 -2.20852e-17 -0.0809843 -0.161969 -0.242953 -0.323937 -0.404922 -0.485919 -0.567037 -0.649182 -0.738171 -0.835972 -0.914013 -0.961768 -0.985487 -0.995343 -0.99877 -0.999744 -0.999961 -0.999996 -1 -1 -1 
1 1 1 0.999997 0.999966 0.999775 0.998905 0.995806 0.986777 0.964727 0.919512 0.843832 0.745868 0.654752 0.571667 0.489858 0.408202 0.326561 0.24492 0.16328 0.0816402 -2.26598e-17 -0.0816402 -0.16328 -0.24492 -0.326561 -0.408202 -0.489858 -0.571667 -0.654752 -0.745868 -0.843832 -0.919512 -0.964727 -0.986777 -0.995806 -0.998905 -0.999775 -0.999966 -0.999997 -1 -1 -1 
1 1 1 0.999997 0.99997 0.999802 0.999026 0.996226 0.987963 0.967492 0.924768 0.851573 0.753827 0.660472 0.576383 0.493862 0.411535 0.329227 0.24692 0.164613 0.0823067 -2.32453e-17 -0.0823067 -0.164613 -0.24692 -0.329227 -0.411535 -0.493862 -0.576383 -0.660472 -0.753827 -0.851573 -0.924768 -0.967492 -0.987963 -0.996226 -0.999026 -0.999802 -0.99997 -0.999997 -1 -1 -1 
1 1 1 0.999998 0.999974 0.999826 0.999133 0.996606 0.98905 0.970071 0.929777 0.859171 0.762034 0.666353 0.581188 0.497933 0.414923 0.331937 0.248952 0.165968 0.0829841 -2.38416e-17 -0.0829841 -0.165968 -0.248952 -0.331937 -0.414923 -0.497933 -0.581188 -0.666353 -0.762034 -0.859171 -0.929777 -0.970071 -0.98905 -0.996606 -0.999133 -0.999826 -0.999974 -0.999998 -1 -1 -1 
1 1 1 0.999998 0.999978 0.999847 0.99923 0.996949 0.990048 0.972473 0.934542 0.866604 0.770468 0.672402 0.586086 0.502073 0.418366 0.334691 0.251018 0.167346 0.0836728 -2.44704e-17 -0.0836728 -0.167346 -0.251018 -0.334691 -0.418366 -0.502073 -0.586086 -0.672402 -0.770468 -0.866604 -0.934542 -0.972473 -0.990048 -0.996949 -0.99923 -0.999847 -0.999978 -0.999998 -1 -1 -1 
1 1 1 0.999998 0.999981 0.999865 0.999316 0.99726 0.990961 0.974707 0.939062 0.873854 0.779039 0.678697 0.591083 0.506284 0.421868 0.337492 0.253119 0.168746 0.0843729 -2.51101e-17 -0.0843729 -0.168746 -0.253119 -0.337492 -0.421868 -0.506284 -0.591083 -0.678697 -0.779039 -0.873854 -0.939062 -0.974707 -0.990961 -0.99726 -0.999316 -0.999865 -0.999981 -0.999998 -1 -1 -1 
1 1 1 0.999998 0.999983 0.999882 0.999392 0.99754 0.991796 0.976782 0.943342 0.880903 0.78766 0.685307 0.596184 0.510568 0.425428 0.340339 0.255254 0.170169 0.0850847 -2.57606e-17 -0.0850847 -0.170169 -0.255254 -0.340339 -0.425428 -0.510568 -0.596184 -0.685307 -0.78766 -0.880903 -0.943342 -0.976782 -0.991796 -0.99754 -0.999392 -0.999882 -0.999983 -0.999998 -1 -1 -1 
1 1 1 0.999999 0.999985 0.999896 0.999461 0.997793 0.992559 0.978706 0.947385 0.887737 0.796301 0.692236 0.601401 0.514928 0.42905 0.343235 0.257426 0.171617 0.0858087 -2.64328e-17 -0.0858087 -0.171617 -0.257426 -0.343235 -0.42905 -0.514928 -0.601401 -0.692236 -0.796301 -0.887737 -0.947385 -0.978706 -0.992559 -0.997793 -0.999461 -0.999896 -0.999985 -0.999999 -1 -1 -1 
1 1 1 0.999999 0.999987 0.999909 0.999522 0.998021 0.993256 0.980487 0.951198 0.894341 0.804933 0.699486 0.606742 0.519367 0.432733 0.34618 0.259635 0.17309 0.086545 -2.71267e-17 -0.086545 -0.17309 -0.259635 -0.34618 -0.432733 -0.519367 -0.606742 -0.699486 -0.804933 -0.894341 -0.951198 -0.980487 -0.993256 -0.998021 -0.999522 -0.999909 -0.999987 -0.999999 -1 -1 -1 
1 1 1 0.999999 0.999989 0.99992 0.999576 0.998226 0.993892 0.982135 0.954785 0.900708 0.813526 0.707056 0.612218 0.523887 0.43648 0.349177 0.261882 0.174588 0.087294 -2.78206e-17 -0.087294 -0.174588 -0.261882 -0.349177 -0.43648 -0.523887 -0.612218 -0.707056 -0.813526 -0.900708 -0.954785 -0.982135 -0.993892 -0.998226 -0.999576 -0.99992 -0.999989 -0.999999 -1 -1 -1 
1 1 1 0.999999 0.99999 0.99993 0.999624 0.998411 0.994472 0.983657 0.958154 0.906827 0.822051 0.71494 0.61784 0.528493 0.440293 0.352225 0.264168 0.176112 0.088056 -2.85145e-17 -0.088056 -0.176112 -0.264168 -0.352225 -0.440293 -0.528493 -0.61784 -0.71494 -0.822051 -0.906827 -0.958154 -0.983657 -0.994472 -0.998411 -0.999624 -0.99993 -0.99999 -0.999999 -1 -1 -1 
1 1 1 0.999999 0.999992 0.999939 0.999667 0.998578 0.994999 0.985062 0.961314 0.912694 0.830479 0.72313 0.623618 0.533187 0.444174 0.355327 0.266494 0.177663 0.0888314 -2.92192e-17 -0.0888314 -0.177663 -0.266494 -0.355327 -0.444174 -0.533187 -0.623618 -0.72313 -0.830479 -0.912694 -0.961314 -0.985062 -0.994999 -0.998578 -0.999667 -0.999939 -0.999992 -0.999999 -1 -1 -1 
1 1 1 0.999999 0.999993 0.999946 0.999705 0.998727 0.99548 0.986356 0.964271 0.918304 0.838785 0.731614 0.629562 0.537974 0.448125 0.358484 0.268862 0.179241 0.0896205 -2.99348e-17 -0.0896205 -0.179241 -0.268862 -0.358484 -0.448125 -0.537974 -0.629562 -0.731614 -0.838785 -0.918304 -0.964271 -0.986356 -0.99548 -0.998727 -0.999705 -0.999946 -0.999993 -0.999999 -1 -1 -1 
1 1 1 0.999999 0.999994 0.999953 0.999739 0.998862 0.995916 0.987547 0.967035 0.923657 0.846943 0.740376 0.635683 0.542858 0.452147 0.361697 0.271271 0.180847 0.0904237 -3.06504e-17 -0.0904237 -0.180847 -0.271271 -0.361697 -0.452147 -0.542858 -0.635683 -0.740376 -0.846943 -0.923657 -0.967035 -0.987547 -0.995916 -0.998862 -0.999739 -0.999953 -0.999994 -0.999999 -1 -1 -1 
1 1 1 1 0.999995 0.999959 0.999769 0.998982 0.996313 0.988643 0.969614 0.928751 0.85493 0.749397 0.64199 0.547845 0.456243 0.364968 0.273724 0.182483 0.0912413 -3.13877e-17 -0.0912413 -0.182483 -0.273724 -0.364968 -0.456243 -0.547845 -0.64199 -0.749397 -0.85493 -0.928751 -0.969614 -0.988643 -0.996313 -0.998982 -0.999769 -0.999959 -0.999995 -1 -1 -1 -1 
1 1 1 1 0.999995 0.999964 0.999795 0.999091 0.996673 0.98965 0.972016 0.933588 0.862724 0.75859 0.648558 0.552939 0.460415 0.368299 0.276222 0.184148 0.0920738 -3.21032e-17 -0.0920738 -0.184148 -0.276222 -0.368299 -0.460415 -0.552939 -0.648558 -0.75859 -0.862724 -0.933588 -0.972016 -0.98965 -0.996673 -0.999091 -0.999795 -0.999964 -0.999995 -1 -1 -1 -1 
1 1 1 1 0.999996 0.999968 0.999819 0.999188 0.996999 0.990574 0.974252 0.938172 0.870308 0.767852 0.655472 0.558148 0.464667 0.371691 0.278765 0.185843 0.0929216 -3.28188e-17 -0.0929216 -0.185843 -0.278765 -0.371691 -0.464667 -0.558148 -0.655472 -0.767852 -0.870308 -0.938172 -0.974252 -0.990574 -0.996999 -0.999188 -0.999819 -0.999968 -0.999996 -1 -1 -1 -1 
1 1 1 1 0.999996 0.999972 0.99984 0.999275 0.997295 0.991421 0.97633 0.942506 0.877664 0.777151 0.662739 0.563482 0.469 0.375146 0.281355 0.18757 0.093785 -3.35561e-17 -0.093785 -0.18757 -0.281355 -0.375146 -0.469 -0.563482 -0.662739 -0.777151 -0.877664 -0.942506 -0.97633 -0.991421 -0.997295 -0.999275 -0.99984 -0.999972 -0.999996 -1 -1 -1 -1 
1 1 1 1 0.999997 0.999976 0.999859 0.999353 0.997563 0.992197 0.978258 0.946597 0.884778 0.786454 0.670362 0.568952 0.473418 0.378665 0.283994 0.189329 0.0946646 -3.4315e-17 -0.0946646 -0.189329 -0.283994 -0.378665 -0.473418 -0.568952 -0.670362 -0.786454 -0.884778 -0.946597 -0.978258 -0.992197 -0.997563 -0.999353 -0.999859 -0.999976 -0.999997 -1 -1 -1 -1 
1 1 1 1 0.999997 0.999979 0.999875 0.999423 0.997806 0.992908 0.980044 0.950451 0.89164 0.795728 0.678344 0.574569 0.477924 0.382252 0.286683 0.191122 0.0955607 -3.50956e-17 -0.0955607 -0.191122 -0.286683 -0.382252 -0.477924 -0.574569 -0.678344 -0.795728 -0.89164 -0.950451 -0.980044 -0.992908 -0.997806 -0.999423 -0.999875 -0.999979 -0.999997 -1 -1 -1 -1 
1 1 1 1 0.999998 0.999981 0.99989 0.999486 0.998026 0.993557 0.981699 0.954074 0.89824 0.804943 0.686679 0.580344 0.482522 0.385907 0.289422 0.192948 0.0964739 -3.5963e-17 -0.0964739 -0.192948 -0.289422 -0.385907 -0.482522 -0.580344 -0.686679 -0.804943 -0.89824 -0.954074 -0.981699 -0.993557 -0.998026 -0.999486 -0.99989 -0.999981 -0.999998 -1 -1 -1 -1 
1 1 1 1 0.999998 0.999984 0.999903 0.999542 0.998224 0.994151 0.983229 0.957476 0.904571 0.814065 0.695363 0.58629 0.487216 0.389634 0.292215 0.194809 0.0974047 -3.68303e-17 -0.0974047 -0.194809 -0.292215 -0.389634 -0.487216 -0.58629 -0.695363 -0.814065 -0.904571 -0.957476 -0.983229 -0.994151 -0.998224 -0.999542 -0.999903 -0.999984 -0.999998 -1 -1 -1 -1 
1 1 1 1 0.999998 0.999986 0.999914 0.999592 0.998403 0.994693 0.984642 0.960664 0.91063 0.823066 0.704384 0.592418 0.492011 0.393433 0.295061 0.196707 0.0983534 -3.77194e-17 -0.0983534 -0.196707 -0.295061 -0.393433 -0.492011 -0.592418 -0.704384 -0.823066 -0.91063 -0.960664 -0.984642 -0.994693 -0.998403 -0.999592 -0.999914 -0.999986 -0.999998 -1 -1 -1 -1 
1 1 1 1 0.999999 0.999988 0.999924 0.999637 0.998565 0.995188 0.985946 0.963647 0.916414 0.831918 0.713727 0.598739 0.49691 0.397308 0.297964 0.198642 0.0993208 -3.86084e-17 -0.0993208 -0.198642 -0.297964 -0.397308 -0.49691 -0.598739 -0.713727 -0.831918 -0.916414 -0.963647 -0.985946 -0.995188 -0.998565 -0.999637 -0.999924 -0.999988 -0.999999 -1 -1 -1 -1 
1 1 1 1 0.999999 0.999989 0.999933 0.999677 0.998711 0.995639 0.987148 0.966435 0.921922 0.840593 0.723373 0.605266 0.501921 0.401261 0.300924 0.200615 0.100307 -3.95409e-17 -0.100307 -0.200615 -0.300924 -0.401261 -0.501921 -0.605266 -0.723373 -0.840593 -0.921922 -0.966435 -0.987148 -0.995639 -0.998711 -0.999677 -0.999933 -0.999989 -0.999999 -1 -1 -1 -1 
1 1 1 1 0.999999 0.999991 0.999941 0.999712 0.998843 0.99605 0.988255 0.969035 0.927156 0.849069 0.733272 0.612038 0.507047 0.405294 0.303943 0.202627 0.101313 -4.04733e-17 -0.101313 -0.202627 -0.303943 -0.405294 -0.507047 -0.612038 -0.733272 -0.849069 -0.927156 -0.969035 -0.988255 -0.99605 -0.998843 -0.999712 -0.999941 -0.999991 -0.999999 -1 -1 -1 -1 
1 1 1 1 0.999999 0.999992 0.999948 0.999744 0.998962 0.996424 0.989274 0.971458 0.93212 0.857323 0.743273 0.61919 0.512297 0.409411 0.307023 0.20468 0.10234 -4.14274e-17 -0.10234 -0.20468 -0.307023 -0.409411 -0.512297 -0.61919 -0.743273 -0.857323 -0.93212 -0.971458 -0.989274 -0.996424 -0.998962 -0.999744 -0.999948 -0.999992 -0.999999 -1 -1 -1 -1 
1 1 1 1 0.999999 0.999993 0.999954 0.999773 0.999069 0.996765 0.990211 0.973713 0.936817 0.865338 0.75334 0.626734 0.517681 0.413614 0.310166 0.206774 0.103387 -4.23598e-17 -0.103387 -0.206774 -0.310166 -0.413614 -0.517681 -0.626734 -0.75334 -0.865338 -0.936817 -0.973713 -0.990211 -0.996765 -0.999069 -0.999773 -0.999954 -0.999993 -0.999999 -1 -1 -1 -1 
1 1 1 1 0.999999 0.999994 0.99996 0.999798 0.999165 0.997074 0.991071 0.975809 0.941253 0.873096 0.763437 0.634677 0.523211 0.417907 0.313373 0.208912 0.104456 -4.33572e-17 -0.104456 -0.208912 -0.313373 -0.417907 -0.523211 -0.634677 -0.763437 -0.873096 -0.941253 -0.975809 -0.991071 -0.997074 -0.999165 -0.999798 -0.99996 -0.999994 -0.999999 -1 -1 -1 -1 
1 1 1 1 0.999999 0.999994 0.999965 0.99982 0.999252 0.997356 0.991861 0.977755 0.945435 0.880585 0.773528 0.643024 0.528898 0.422294 0.316648 0.211095 0.105547 -4.44198e-17 -0.105547 -0.211095 -0.316648 -0.422294 -0.528898 -0.643024 -0.773528 -0.880585 -0.945435 -0.977755 -0.991861 -0.997356 -0.999252 -0.99982 -0.999965 -0.999994 -0.999999 -1 -1 -1 -1 
1 1 1 1 0.999999 0.999995 0.999969 0.999841 0.99933 0.997611 0.992585 0.979559 0.94937 0.887794 0.783577 0.651777 0.534756 0.426778 0.319992 0.213323 0.106661 -4.54606e-17 -0.106661 -0.213323 -0.319992 -0.426778 -0.534756 -0.651777 -0.783577 -0.887794 -0.94937 -0.979559 -0.992585 -0.997611 -0.99933 -0.999841 -0.999969 -0.999995 -0.999999 -1 -1 -1 -1 
1 1 1 1 1 0.999996 0.999973 0.999858 0.9994 0.997843 0.993248 0.98123 0.953068 0.894714 0.793548 0.660931 0.540797 0.431364 0.323408 0.215598 0.107799 -4.65231e-17 -0.107799 -0.215598 -0.323408 -0.431364 -0.540797 -0.660931 -0.793548 -0.894714 -0.953068 -0.98123 -0.993248 -0.997843 -0.9994 -0.999858 -0.999973 -0.999996 -1 -1 -1 -1 -1 
1 1 1 1 1 0.999996 0.999976 0.999874 0.999463 0.998053 0.993856 0.982776 0.956536 0.901341 0.803406 0.670479 0.547036 0.436057 0.326897 0.217922 0.108961 -4.76507e-17 -0.108961 -0.217922 -0.326897 -0.436057 -0.547036 -0.670479 -0.803406 -0.901341 -0.956536 -0.982776 -0.993856 -0.998053 -0.999463 -0.999874 -0.999976 -0.999996 -1 -1 -1 -1 -1 
1 1 1 1 1 0.999997 0.999979 0.999889 0.99952 0.998244 0.994412 0.984206 0.959784 0.907672 0.813118 0.680408 0.553484 0.440862 0.330463 0.220297 0.110148 -4.88433e-17 -0.110148 -0.220297 -0.330463 -0.440862 -0.553484 -0.680408 -0.813118 -0.907672 -0.959784 -0.984206 -0.994412 -0.998244 -0.99952 -0.999889 -0.999979 -0.999997 -1 -1 -1 -1 -1 
1 1 1 1 1 0.999997 0.999981 0.999901 0.999571 0.998417 0.994921 0.985526 0.962821 0.913704 0.822655 0.690703 0.560156 0.445784 0.334108 0.222724 0.111361 -5.0166e-17 -0.111361 -0.222724 -0.334108 -0.445784 -0.560156 -0.690703 -0.822655 -0.913704 -0.962821 -0.985526 -0.994921 -0.998417 -0.999571 -0.999901 -0.999981 -0.999997 -1 -1 -1 -1 -1 
1 1 1 1 1 0.999998 0.999984 0.999912 0.999616 0.998573 0.995385 0.986745 0.965658 0.91944 0.831987 0.701341 0.567065 0.45083 0.337835 0.225205 0.112602 -5.14888e-17 -0.112602 -0.225205 -0.337835 -0.45083 -0.567065 -0.701341 -0.831987 -0.91944 -0.965658 -0.986745 -0.995385 -0.998573 -0.999616 -0.999912 -0.999984 -0.999998 -1 -1 -1 -1 -1 
1 1 1 1 1 0.999998 0.999986 0.999922 0.999657 0.998714 0.995809 0.987868 0.968303 0.924881 0.84109 0.712183 0.57434 0.456006 0.341648 0.227741 0.11387 -5.28549e-17 -0.11387 -0.227741 -0.341648 -0.456006 -0.57434 -0.712183 -0.84109 -0.924881 -0.968303 -0.987868 -0.995809 -0.998714 -0.999657 -0.999922 -0.999986 -0.999998 -1 -1 -1 -1 -1 
1 1 1 1 1 0.999998 0.999987 0.999931 0.999694 0.998842 0.996197 0.988902 0.970768 0.930034 0.84994 0.723141 0.582047 0.461323 0.345548 0.230335 0.115166 -5.4221e-17 -0.115166 -0.230335 -0.345548 -0.461323 -0.582047 -0.723141 -0.84994 -0.930034 -0.970768 -0.988902 -0.996197 -0.998842 -0.999694 -0.999931 -0.999987 -0.999998 -1 -1 -1 -1 -1 
1 1 1 1 1 0.999998 0.999989 0.999939 0.999727 0.998958 0.99655 0.989855 0.973061 0.934902 0.858519 0.734175 0.590203 0.466793 0.349541 0.232988 0.116492 -5.56087e-17 -0.116492 -0.232988 -0.349541 -0.466793 -0.590203 -0.734175 -0.858519 -0.934902 -0.973061 -0.989855 -0.99655 -0.998958 -0.999727 -0.999939 -0.999989 -0.999998 -1 -1 -1 -1 -1 
1 1 1 1 1 0.999999 0.99999 0.999946 0.999756 0.999063 0.996872 0.99073 0.975192 0.939495 0.866808 0.745242 0.598816 0.472429 0.353629 0.235703 0.11785 -5.70616e-17 -0.11785 -0.235703 -0.353629 -0.472429 -0.598816 -0.745242 -0.866808 -0.939495 -0.975192 -0.99073 -0.996872 -0.999063 -0.999756 -0.999946 -0.99999 -0.999999 -1 -1 -1 -1 -1 
1 1 1 1 1 0.999999 0.999991 0.999952 0.999782 0.999157 0.997165 0.991535 0.97717 0.943818 0.874796 0.756301 0.607896 0.478244 0.357817 0.238482 0.119238 -5.85361e-17 -0.119238 -0.238482 -0.357817 -0.478244 -0.607896 -0.756301 -0.874796 -0.943818 -0.97717 -0.991535 -0.997165 -0.999157 -0.999782 -0.999952 -0.999991 -0.999999 -1 -1 -1 -1 -1 
1 1 1 1 1 0.999999 0.999992 0.999958 0.999806 0.999242 0.997432 0.992275 0.979005 0.947882 0.882472 0.767311 0.617444 0.484252 0.36211 0.241327 0.12066 -6.00756e-17 -0.12066 -0.241327 -0.36211 -0.484252 -0.617444 -0.767311 -0.882472 -0.947882 -0.979005 -0.992275 -0.997432 -0.999242 -0.999806 -0.999958 -0.999992 -0.999999 -1 -1 -1 -1 -1 
1 1 1 1 1 0.999999 0.999993 0.999963 0.999827 0.999319 0.997675 0.992953 0.980705 0.951696 0.889828 0.77823 0.627458 0.49047 0.366512 0.244241 0.122116 -6.16586e-17 -0.122116 -0.244241 -0.366512 -0.49047 -0.627458 -0.77823 -0.889828 -0.951696 -0.980705 -0.992953 -0.997675 -0.999319 -0.999827 -0.999963 -0.999993 -0.999999 -1 -1 -1 -1 -1 
1 1 1 1 1 0.999999 0.999994 0.999967 0.999846 0.999388 0.997895 0.993575 0.982278 0.95527 0.89686 0.78902 0.637932 0.496912 0.37103 0.247226 0.123608 -6.32849e-17 -0.123608 -0.247226 -0.37103 -0.496912 -0.637932 -0.78902 -0.89686 -0.95527 -0.982278 -0.993575 -0.997895 -0.999388 -0.999846 -0.999967 -0.999994 -0.999999 -1 -1 -1 -1 -1 
1 1 1 1 1 0.999999 0.999995 0.999971 0.999863 0.999451 0.998096 0.994145 0.983733 0.958614 0.903565 0.799643 0.648852 0.503594 0.375669 0.250285 0.125136 -6.50847e-17 -0.125136 -0.250285 -0.375669 -0.503594 -0.648852 -0.799643 -0.903565 -0.958614 -0.983733 -0.994145 -0.998096 -0.999451 -0.999863 -0.999971 -0.999995 -0.999999 -1 -1 -1 -1 -1 
1 1 1 1 1 0.999999 0.999996 0.999974 0.999878 0.999507 0.998278 0.994667 0.985077 0.961739 0.909943 0.810063 0.660202 0.510531 0.380435 0.253421 0.126702 -6.68194e-17 -0.126702 -0.253421 -0.380435 -0.510531 -0.660202 -0.810063 -0.909943 -0.961739 -0.985077 -0.994667 -0.998278 -0.999507 -0.999878 -0.999974 -0.999996 -0.999999 -1 -1 -1 -1 -1 
1 1 1 1 1 0.999999 0.999996 0.999977 0.999891 0.999558 0.998444 0.995145 0.986318 0.964655 0.915998 0.820251 0.671958 0.517741 0.385335 0.256637 0.128307 -6.86842e-17 -0.128307 -0.256637 -0.385335 -0.517741 -0.671958 -0.820251 -0.915998 -0.964655 -0.986318 -0.995145 -0.998444 -0.999558 -0.999891 -0.999977 -0.999996 -0.999999 -1 -1 -1 -1 -1 
1 1 1 1 1 1 0.999997 0.99998 0.999903 0.999604 0.998594 0.995582 0.987463 0.967373 0.921733 0.830176 0.683918 0.525416 0.390378 0.259936 0.129954 -7.0549e-17 -0.129954 -0.259936 -0.390378 -0.525416 -0.683918 -0.830176 -0.921733 -0.967373 -0.987463 -0.995582 -0.998594 -0.999604 -0.999903 -0.99998 -0.999997 -1 -1 -1 -1 -1 -1 
1 1 1 1 1 1 0.999997 0.999982 0.999914 0.999645 0.99873 0.995982 0.988518 0.969903 0.927155 0.839815 0.696028 0.533586 0.395575 0.263322 0.131643 -7.25873e-17 -0.131643 -0.263322 -0.395575 -0.533586 -0.696028 -0.839815 -0.927155 -0.969903 -0.988518 -0.995982 -0.99873 -0.999645 -0.999914 -0.999982 -0.999997 -1 -1 -1 -1 -1 -1 
1 1 1 1 1 1 0.999997 0.999984 0.999923 0.999682 0.998854 0.996347 0.98949 0.972256 0.93227 0.849144 0.708244 0.542271 0.40094 0.266799 0.133376 -7.47557e-17 -0.133376 -0.266799 -0.40094 -0.542271 -0.708244 -0.849144 -0.93227 -0.972256 -0.98949 -0.996347 -0.998854 -0.999682 -0.999923 -0.999984 -0.999997 -1 -1 -1 -1 -1 -1 
1 1 1 1 1 1 0.999998 0.999986 0.999932 0.999715 0.998966 0.996681 0.990385 0.974442 0.937088 0.858147 0.720514 0.55149 0.406487 0.270371 0.135155 -7.68808e-17 -0.135155 -0.270371 -0.406487 -0.55149 -0.720514 -0.858147 -0.937088 -0.974442 -0.990385 -0.996681 -0.998966 -0.999715 -0.999932 -0.999986 -0.999998 -1 -1 -1 -1 -1 -1 
1 1 1 1 1 1 0.999998 0.999988 0.999939 0.999745 0.999067 0.996985 0.991208 0.976471 0.941617 0.86681 0.73279 0.561254 0.412232 0.274042 0.136983 -7.90492e-17 -0.136983 -0.274042 -0.412232 -0.561254 -0.73279 -0.86681 -0.941617 -0.976471 -0.991208 -0.996985 -0.999067 -0.999745 -0.999939 -0.999988 -0.999998 -1 -1 -1 -1 -1 -1 
1 1 1 1 1 1 0.999998 0.999989 0.999946 0.999771 0.999159 0.997263 0.991965 0.978351 0.945869 0.87512 0.745023 0.571571 0.418191 0.277817 0.13886 -8.12176e-17 -0.13886 -0.277817 -0.418191 -0.571571 -0.745023 -0.87512 -0.945869 -0.978351 -0.991965 -0.997263 -0.999159 -0.999771 -0.999946 -0.999989 -0.999998 -1 -1 -1 -1 -1 -1 
1 1 1 1 1 1 0.999998 0.999991 0.999952 0.999795 0.999242 0.997516 0.992659 0.980094 0.949853 0.883072 0.757163 0.582444 0.424381 0.281702 0.140789 -8.35161e-17 -0.140789 -0.281702 -0.424381 -0.582444 -0.757163 -0.883072 -0.949853 -0.980094 -0.992659 -0.997516 -0.999242 -0.999795 -0.999952 -0.999991 -0.999998 -1 -1 -1 -1 -1 -1 
1 1 1 1 1 1 0.999999 0.999992 0.999957 0.999817 0.999317 0.997747 0.993298 0.981706 0.953582 0.89066 0.769165 0.593869 0.43082 0.285703 0.142773 -8.59881e-17 -0.142773 -0.285703 -0.43082 -0.593869 -0.769165 -0.89066 -0.953582 -0.981706 -0.993298 -0.997747 -0.999317 -0.999817 -0.999957 -0.999992 -0.999999 -1 -1 -1 -1 -1 -1 
1 1 1 1 1 1 0.999999 0.999993 0.999962 0.999836 0.999385 0.997957 0.993883 0.983197 0.957068 0.897884 0.780983 0.605837 0.437527 0.289826 0.144813 -8.84601e-17 -0.144813 -0.289826 -0.437527 -0.605837 -0.780983 -0.897884 -0.957068 -0.983197 -0.993883 -0.997957 -0.999385 -0.999836 -0.999962 -0.999993 -0.999999 -1 -1 -1 -1 -1 -1 
1 1 1 1 1 1 0.999999 0.999994 0.999967 0.999854 0.999446 0.998148 0.99442 0.984575 0.96032 0.904745 0.792577 0.618332 0.444522 0.294077 0.146912 -9.09754e-17 -0.146912 -0.294077 -0.444522 -0.618332 -0.792577 -0.904745 -0.96032 -0.984575 -0.99442 -0.998148 -0.999446 -0.999854 -0.999967 -0.999994 -0.999999 -1 -1 -1 -1 -1 -1 
1 1 1 1 1 1 0.999999 0.999994 0.99997 0.999869 0.999502 0.998322 0.994912 0.985848 0.963353 0.911245 0.803909 0.631332 0.451823 0.298466 0.149073 -9.35341e-17 -0.149073 -0.298466 -0.451823 -0.631332 -0.803909 -0.911245 -0.963353 -0.985848 -0.994912 -0.998322 -0.999502 -0.999869 -0.99997 -0.999994 -0.999999 -1 -1 -1 -1 -1 -1 
1 1 1 1 1 1 0.999999 0.999995 0.999974 0.999883 0.999552 0.998481 0.995362 0.987022 0.966177 0.917392 0.814944 0.644621 0.45964 0.302999 0.151299 -9.62663e-17 -0.151299 -0.302999 -0.45964 -0.644621 -0.814944 -0.917392 -0.966177 -0.987022 -0.995362 -0.998481 -0.999552 -0.999883 -0.999974 -0.999995 -0.999999 -1 -1 -1 -1 -1 -1 
1 1 1 1 1 1 0.999999 0.999996 0.999977 0.999896 0.999597 0.998625 0.995775 0.988104 0.968803 0.923193 0.825653 0.658135 0.46802 0.307689 0.153593 -9.91286e-17 -0.153593 -0.307689 -0.46802 -0.658135 -0.825653 -0.923193 -0.968803 -0.988104 -0.995775 -0.998625 -0.999597 -0.999896 -0.999977 -0.999996 -0.999999 -1 -1 -1 -1 -1 -1 
1 1 1 1 1 1 0.999999 0.999996 0.999979 0.999907 0.999638 0.998755 0.996152 0.989101 0.971244 0.928657 0.83601 0.671817 0.476994 0.312551 0.155957 -1.02208e-16 -0.155957 -0.312551 -0.476994 -0.671817 -0.83601 -0.928657 -0.971244 -0.989101 -0.996152 -0.998755 -0.999638 -0.999907 -0.999979 -0.999996 -0.999999 -1 -1 -1 -1 -1 -1 
1 1 1 1 1 1 0.999999 0.999997 0.999982 0.999917 0.999675 0.998874 0.996497 0.99002 0.973509 0.933794 0.845996 0.685609 0.48659 0.317599 0.158397 -1.0533e-16 -0.158397 -0.317599 -0.48659 -0.685609 -0.845996 -0.933794 -0.973509 -0.99002 -0.996497 -0.998874 -0.999675 -0.999917 -0.999982 -0.999997 -0.999999 -1 -1 -1 -1 -1 -1 
1 1 1 1 1 1 1 0.999997 0.999984 0.999926 0.999708 0.998982 0.996813 0.990865 0.97561 0.938616 0.855592 0.69945 0.496832 0.322851 0.160916 -1.08453e-16 -0.160916 -0.322851 -0.496832 -0.69945 -0.855592 -0.938616 -0.97561 -0.990865 -0.996813 -0.998982 -0.999708 -0.999926 -0.999984 -0.999997 -1 -1 -1 -1 -1 -1 -1 
1 1 1 1 1 1 1 0.999997 0.999986 0.999934 0.999738 0.99908 0.997101 0.991642 0.977557 0.943135 0.864786 0.713281 0.507739 0.328324 0.163517 -1.11705e-16 -0.163517 -0.328324 -0.507739 -0.713281 -0.864786 -0.943135 -0.977557 -0.991642 -0.997101 -0.99908 -0.999738 -0.999934 -0.999986 -0.999997 -1 -1 -1 -1 -1 -1 -1 
1 1 1 1 1 1 1 0.999998 0.999987 0.999941 0.999764 0.999169 0.997364 0.992357 0.97936 0.947363 0.873571 0.727041 0.519324 0.334038 0.166207 -1.15088e-16 -0.166207 -0.334038 -0.519324 -0.727041 -0.873571 -0.947363 -0.97936 -0.992357 -0.997364 -0.999169 -0.999764 -0.999941 -0.999987 -0.999998 -1 -1 -1 -1 -1 -1 -1 
1 1 1 1 1 1 1 0.999998 0.999989 0.999947 0.999789 0.999249 0.997605 0.993013 0.981027 0.951314 0.881942 0.740671 0.531592 0.340013 0.16899 -1.18688e-16 -0.16899 -0.340013 -0.531592 -0.740671 -0.881942 -0.951314 -0.981027 -0.993013 -0.997605 -0.999249 -0.999789 -0.999947 -0.999989 -0.999998 -1 -1 -1 -1 -1 -1 -1 
1 1 1 1 1 1 1 0.999998 0.99999 0.999953 0.99981 0.999322 0.997824 0.993616 0.982569 0.955001 0.889897 0.754116 0.544544 0.34627 0.171871 -1.22461e-16 -0.171871 -0.34627 -0.544544 -0.754116 -0.889897 -0.955001 -0.982569 -0.993616 -0.997824 -0.999322 -0.99981 -0.999953 -0.99999 -0.999998 -1 -1 -1 -1 -1 -1 -1 
1 1 1 1 1 1 1 0.999998 0.999991 0.999958 0.99983 0.999388 0.998024 0.994169 0.983993 0.958437 0.89744 0.767322 0.558169 0.352834 0.174858 -1.26407e-16 -0.174858 -0.352834 -0.558169 -0.767322 -0.89744 -0.958437 -0.983993 -0.994169 -0.998024 -0.999388 -0.99983 -0.999958 -0.999991 -0.999998 -1 -1 -1 -1 -1 -1 -1 
1 1 1 1 1 1 1 0.999999 0.999992 0.999963 0.999848 0.999448 0.998206 0.994676 0.985307 0.961636 0.904574 0.780243 0.572454 0.359727 0.177957 -1.30787e-16 -0.177957 -0.359727 -0.572454 -0.780243 -0.904574 -0.961636 -0.985307 -0.994676 -0.998206 -0.999448 -0.999848 -0.999963 -0.999992 -0.999999 -1 -1 -1 -1 -1 -1 -1 
1 1 1 1 1 1 1 0.999999 0.999993 0.999967 0.999863 0.999502 0.998372 0.995141 0.98652 0.964611 0.911308 0.792834 0.587258 0.367091 0.181174 -1.35471e-16 -0.181174 -0.367091 -0.587258 -0.792834 -0.911308 -0.964611 -0.98652 -0.995141 -0.998372 -0.999502 -0.999863 -0.999967 -0.999993 -0.999999 -1 -1 -1 -1 -1 -1 -1 
1 1 1 1 1 1 1 0.999999 0.999994 0.999971 0.999878 0.999551 0.998523 0.995568 0.987638 0.967375 0.91765 0.805056 0.602431 0.375069 0.184522 -1.40068e-16 -0.184522 -0.375069 -0.602431 -0.805056 -0.91765 -0.967375 -0.987638 -0.995568 -0.998523 -0.999551 -0.999878 -0.999971 -0.999994 -0.999999 -1 -1 -1 -1 -1 -1 -1 
1 1 1 1 1 1 1 0.999999 0.999995 0.999974 0.99989 0.999595 0.998661 0.995958 0.988668 0.96994 0.923612 0.816878 0.617907 0.383711 0.18801 -1.44925e-16 -0.18801 -0.383711 -0.617907 -0.816878 -0.923612 -0.96994 -0.988668 -0.995958 -0.998661 -0.999595 -0.99989 -0.999974 -0.999995 -0.999999 -1 -1 -1 -1 -1 -1 -1 
1 1 1 1 1 1 1 0.999999 0.999995 0.999977 0.999902 0.999635 0.998786 0.996316 0.989616 0.972318 0.929207 0.828271 0.633616 0.393063 0.191654 -1.50043e-16 -0.191654 -0.393063 -0.633616 -0.828271 -0.929207 -0.972318 -0.989616 -0.996316 -0.998786 -0.999635 -0.999902 -0.999977 -0.999995 -0.999999 -1 -1 -1 -1 -1 -1 -1 
1 1 1 1 1 1 1 0.999999 0.999996 0.999979 0.999912 0.999672 0.9989 0.996643 0.99049 0.974521 0.934448 0.839213 0.649485 0.40317 0.195469 -1.55247e-16 -0.195469 -0.40317 -0.649485 -0.839213 -0.934448 -0.974521 -0.99049 -0.996643 -0.9989 -0.999672 -0.999912 -0.999979 -0.999996 -0.999999 -1 -1 -1 -1 -1 -1 -1 
1 1 1 1 1 1 1 0.999999 0.999996 0.999982 0.999921 0.999704 0.999004 0.996942 0.991293 0.976561 0.93935 0.84969 0.665436 0.41407 0.199471 -1.60798e-16 -0.199471 -0.41407 -0.665436 -0.84969 -0.93935 -0.976561 -0.991293 -0.996942 -0.999004 -0.999704 -0.999921 -0.999982 -0.999996 -0.999999 -1 -1 -1 -1 -1 -1 -1 
1 1 1 1 1 1 1 0.999999 0.999997 0.999984 0.99993 0.999734 0.999098 0.997215 0.992031 0.978447 0.943929 0.859688 0.681392 0.425799 0.203679 -1.66609e-16 -0.203679 -0.425799 -0.681392 -0.859688 -0.943929 -0.978447 -0.992031 -0.997215 -0.999098 -0.999734 -0.99993 -0.999984 -0.999997 -0.999999 -1 -1 -1 -1 -1 -1 -1 
1 1 1 1 1 1 1 1 0.999997 0.999985 0.999937 0.999761 0.999183 0.997465 0.99271 0.980191 0.948199 0.869203 0.697275 0.438384 0.208113 -1.72681e-16 -0.208113 -0.438384 -0.697275 -0.869203 -0.948199 -0.980191 -0.99271 -0.997465 -0.999183 -0.999761 -0.999937 -0.999985 -0.999997 -1 -1 -1 -1 -1 -1 -1 -1 
1 1 1 1 1 1 1 1 0.999997 0.999987 0.999944 0.999785 0.999261 0.997694 0.993333 0.981802 0.952176 0.878233 0.713011 0.451844 0.212796 -1.79099e-16 -0.212796 -0.451844 -0.713011 -0.878233 -0.952176 -0.981802 -0.993333 -0.997694 -0.999261 -0.999785 -0.999944 -0.999987 -0.999997 -1 -1 -1 -1 -1 -1 -1 -1 
1 1 1 1 1 1 1 1 0.999998 0.999989 0.99995 0.999806 0.999332 0.997902 0.993905 0.983289 0.955876 0.886779 0.728526 0.466193 0.217752 -1.85518e-16 -0.217752 -0.466193 -0.728526 -0.886779 -0.955876 -0.983289 -0.993905 -0.997902 -0.999332 -0.999806 -0.99995 -0.999989 -0.999998 -1 -1 -1 -1 -1 -1 -1 -1 
1 1 1 1 1 1 1 1 0.999998 0.99999 0.999955 0.999826 0.999396 0.998093 0.994431 0.98466 0.959314 0.894848 0.743755 0.481431 0.223007 -1.9263e-16 -0.223007 -0.481431 -0.743755 -0.894848 -0.959314 -0.98466 -0.994431 -0.998093 -0.999396 -0.999826 -0.999955 -0.99999 -0.999998 -1 -1 -1 -1 -1 -1 -1 -1 
1 1 1 1 1 1 1 1 0.999998 0.999991 0.99996 0.999844 0.999454 0.998266 0.994912 0.985925 0.962505 0.90245 0.758635 0.497554 0.228588 -2.00003e-16 -0.228588 -0.497554 -0.758635 -0.90245 -0.962505 -0.985925 -0.994912 -0.998266 -0.999454 -0.999844 -0.99996 -0.999991 -0.999998 -1 -1 -1 -1 -1 -1 -1 -1 
1 1 1 1 1 1 1 1 0.999998 0.999992 0.999964 0.999859 0.999506 0.998425 0.995354 0.98709 0.965465 0.909594 0.773112 0.514398 0.23467 -2.07722e-16 -0.23467 -0.514398 -0.773112 -0.909594 -0.965465 -0.98709 -0.995354 -0.998425 -0.999506 -0.999859 -0.999964 -0.999992 -0.999998 -1 -1 -1 -1 -1 -1 -1 -1 
1 1 1 1 1 1 1 1 0.999999 0.999993 0.999968 0.999874 0.999554 0.998569 0.995759 0.988164 0.968207 0.916296 0.787136 0.531828 0.241394 -2.15875e-16 -0.241394 -0.531828 -0.787136 -0.916296 -0.968207 -0.988164 -0.995759 -0.998569 -0.999554 -0.999874 -0.999968 -0.999993 -0.999999 -1 -1 -1 -1 -1 -1 -1 -1 
1 1 1 1 1 1 1 1 0.999999 0.999994 0.999971 0.999887 0.999597 0.998701 0.99613 0.989152 0.970746 0.922571 0.800667 0.549764 0.248834 -2.24896e-16 -0.248834 -0.549764 -0.800667 -0.922571 -0.970746 -0.989152 -0.99613 -0.998701 -0.999597 -0.999887 -0.999971 -0.999994 -0.999999 -1 -1 -1 -1 -1 -1 -1 -1 
1 1 1 1 1 1 1 1 0.999999 0.999994 0.999975 0.999898 0.999636 0.99882 0.996469 0.990061 0.973094 0.928436 0.813671 0.568121 0.257062 -2.34437e-16 -0.257062 -0.568121 -0.813671 -0.928436 -0.973094 -0.990061 -0.996469 -0.99882 -0.999636 -0.999898 -0.999975 -0.999994 -0.999999 -1 -1 -1 -1 -1 -1 -1 -1 
1 1 1 1 1 1 1 1 0.999999 0.999995 0.999977 0.999909 0.999672 0.99893 0.99678 0.990897 0.975265 0.933908 0.826124 0.586803 0.266152 -2.44498e-16 -0.266152 -0.586803 -0.826124 -0.933908 -0.975265 -0.990897 -0.99678 -0.99893 -0.999672 -0.999909 -0.999977 -0.999995 -0.999999 -1 -1 -1 -1 -1 -1 -1 -1 
1 1 1 1 1 1 1 1 0.999999 0.999996 0.99998 0.999918 0.999704 0.999029 0.997065 0.991666 0.97727 0.939006 0.838006 0.605709 0.276178 -2.55254e-16 -0.276178 -0.605709 -0.838006 -0.939006 -0.97727 -0.991666 -0.997065 -0.999029 -0.999704 -0.999918 -0.99998 -0.999996 -0.999999 -1 -1 -1 -1 -1 -1 -1 -1 
1 1 1 1 1 1 1 1 0.999999 0.999996 0.999982 0.999927 0.999733 0.99912 0.997325 0.992372 0.979121 0.94375 0.849307 0.624734 0.287208 -2.6705e-16 -0.287208 -0.624734 -0.849307 -0.94375 -0.979121 -0.992372 -0.997325 -0.99912 -0.999733 -0.999927 -0.999982 -0.999996 -0.999999 -1 -1 -1 -1 -1 -1 -1 -1 
1 1 1 1 1 1 1 1 0.999999 0.999997 0.999984 0.999934 0.999759 0.999202 0.997563 0.993021 0.980828 0.948158 0.860019 0.643771 0.299307 -2.7954e-16 -0.299307 -0.643771 -0.860019 -0.948158 -0.980828 -0.993021 -0.997563 -0.999202 -0.999759 -0.999934 -0.999984 -0.999997 -0.999999 -1 -1 -1 -1 -1 -1 -1 -1 
1 1 1 1 1 1 1 1 0.999999 0.999997 0.999986 0.999941 0.999783 0.999277 0.99778 0.993616 0.982402 0.952248 0.870145 0.662714 0.312533 -2.9255e-16 -0.312533 -0.662714 -0.870145 -0.952248 -0.982402 -0.993616 -0.99778 -0.999277 -0.999783 -0.999941 -0.999986 -0.999997 -0.999999 -1 -1 -1 -1 -1 -1 -1 -1 
1 1 1 1 1 1 1 1 1 0.999997 0.999987 0.999947 0.999804 0.999345 0.997979 0.994163 0.983853 0.95604 0.87969 0.68146 0.326936 -3.06948e-16 -0.326936 -0.68146 -0.87969 -0.95604 -0.983853 -0.994163 -0.997979 -0.999345 -0.999804 -0.999947 -0.999987 -0.999997 -1 -1 -1 -1 -1 -1 -1 -1 -1 
1 1 1 1 1 1 1 1 1 0.999998 0.999989 0.999953 0.999824 0.999406 0.998161 0.994665 0.985189 0.959552 0.888663 0.699911 0.342556 -3.22734e-16 -0.342556 -0.699911 -0.888663 -0.959552 -0.985189 -0.994665 -0.998161 -0.999406 -0.999824 -0.999953 -0.999989 -0.999998 -1 -1 -1 -1 -1 -1 -1 -1 -1 
1 1 1 1 1 1 1 1 1 0.999998 0.99999 0.999958 0.999841 0.999463 0.998326 0.995124 0.986419 0.962801 0.897079 0.717976 0.359423 -3.39908e-16 -0.359423 -0.717976 -0.897079 -0.962801 -0.986419 -0.995124 -0.998326 -0.999463 -0.999841 -0.999958 -0.99999 -0.999998 -1 -1 -1 -1 -1 -1 -1 -1 -1 
1 1 1 1 1 1 1 1 1 0.999998 0.999991 0.999962 0.999857 0.999514 0.998478 0.995546 0.987551 0.965804 0.904955 0.735574 0.377546 -3.72521e-16 -0.377546 -0.735574 -0.904955 -0.965804 -0.987551 -0.995546 -0.998478 -0.999514 -0.999857 -0.999962 -0.999991 -0.999998 -1 -1 -1 -1 -1 -1 -1 -1 -1 
1 1 1 1 1 1 1 1 1 0.999998 0.999992 0.999966 0.999871 0.99956 0.998616 0.995932 0.988592 0.968578 0.912309 0.752632 0.396758 -4.09644e-16 -0.396758 -0.752632 -0.912309 -0.968578 -0.988592 -0.995932 -0.998616 -0.99956 -0.999871 -0.999966 -0.999992 -0.999998 -1 -1 -1 -1 -1 -1 -1 -1 -1 
1 1 1 1 1 1 1 1 1 0.999999 0.999993 0.99997 0.999884 0.999602 0.998742 0.996286 0.989549 0.971139 0.919164 0.769087 0.416996 -4.50584e-16 -0.416996 -0.769087 -0.919164 -0.971139 -0.989549 -0.996286 -0.998742 -0.999602 -0.999884 -0.99997 -0.999993 -0.999999 -1 -1 -1 -1 -1 -1 -1 -1 -1 
1 1 1 1 1 1 1 1 1 0.999999 0.999994 0.999973 0.999896 0.99964 0.998856 0.996611 0.990428 0.9735 0.925542 0.78489 0.438179 -4.95339e-16 -0.438179 -0.78489 -0.925542 -0.9735 -0.990428 -0.996611 -0.998856 -0.99964 -0.999896 -0.999973 -0.999994 -0.999999 -1 -1 -1 -1 -1 -1 -1 -1 -1 
1 1 1 1 1 1 1 1 1 0.999999 0.999994 0.999976 0.999906 0.999675 0.998961 0.996907 0.991236 0.975677 0.931466 0.800001 0.460202 -5.45299e-16 -0.460202 -0.800001 -0.931466 -0.975677 -0.991236 -0.996907 -0.998961 -0.999675 -0.999906 -0.999976 -0.999994 -0.999999 -1 -1 -1 -1 -1 -1 -1 -1 -1 
1 1 1 1 1 1 1 1 1 0.999999 0.999995 0.999978 0.999916 0.999706 0.999056 0.997179 0.991978 0.977683 0.93696 0.81439 0.482946 -5.97341e-16 -0.482946 -0.81439 -0.93696 -0.977683 -0.991978 -0.997179 -0.999056 -0.999706 -0.999916 -0.999978 -0.999995 -0.999999 -1 -1 -1 -1 -1 -1 -1 -1 -1 
1 1 1 1 1 1 1 1 1 0.999999 0.999996 0.999981 0.999924 0.999734 0.999143 0.997427 0.99266 0.979529 0.94205 0.82804 0.506273 -6.53546e-16 -0.506273 -0.82804 -0.94205 -0.979529 -0.99266 -0.997427 -0.999143 -0.999734 -0.999924 -0.999981 -0.999996 -0.999999 -1 -1 -1 -1 -1 -1 -1 -1 -1 
1 1 1 1 1 1 1 1 1 0.999999 0.999996 0.999983 0.999932 0.99976 0.999222 0.997655 0.993285 0.981229 0.946757 0.84094 0.530033 -7.18772e-16 -0.530033 -0.84094 -0.946757 -0.981229 -0.993285 -0.997655 -0.999222 -0.99976 -0.999932 -0.999983 -0.999996 -0.999999 -1 -1 -1 -1 -1 -1 -1 -1 -1 
1 1 1 1 1 1 1 1 1 0.999999 0.999996 0.999985 0.999939 0.999783 0.999294 0.997863 0.993859 0.982792 0.951108 0.853091 0.554067 -7.83997e-16 -0.554067 -0.853091 -0.951108 -0.982792 -0.993859 -0.997863 -0.999294 -0.999783 -0.999939 -0.999985 -0.999996 -0.999999 -1 -1 -1 -1 -1 -1 -1 -1 -1 
1 1 1 1 1 1 1 1 1 0.999999 0.999997 0.999986 0.999945 0.999804 0.99936 0.998053 0.994385 0.984229 0.955123 0.864499 0.578211 -8.56162e-16 -0.578211 -0.864499 -0.955123 -0.984229 -0.994385 -0.998053 -0.99936 -0.999804 -0.999945 -0.999986 -0.999997 -0.999999 -1 -1 -1 -1 -1 -1 -1 -1 -1 
1 1 1 1 1 1 1 1 1 0.999999 0.999997 0.999988 0.999951 0.999823 0.999419 0.998226 0.994867 0.98555 0.958827 0.87518 0.6023 -9.35265e-16 -0.6023 -0.87518 -0.958827 -0.98555 -0.994867 -0.998226 -0.999419 -0.999823 -0.999951 -0.999988 -0.999997 -0.999999 -1 -1 -1 -1 -1 -1 -1 -1 -1 
1 1 1 1 1 1 1 1 1 1 0.999998 0.999989 0.999956 0.999841 0.999474 0.998385 0.995309 0.986764 0.962239 0.885151 0.626173 -1.00882e-15 -0.626173 -0.885151 -0.962239 -0.986764 -0.995309 -0.998385 -0.999474 -0.999841 -0.999956 -0.999989 -0.999998 -1 -1 -1 -1 -1 -1 -1 -1 -1 -1 
1 1 1 1 1 1 1 1 1 1 0.999998 0.99999 0.99996 0.999856 0.999523 0.998529 0.995714 0.987878 0.965381 0.894436 0.649676 -1.08376e-15 -0.649676 -0.894436 -0.965381 -0.987878 -0.995714 -0.998529 -0.999523 -0.999856 -0.99996 -0.99999 -0.999998 -1 -1 -1 -1 -1 -1 -1 -1 -1 -1 
1 1 1 1 1 1 1 1 1 1 0.999998 0.999991 0.999965 0.99987 0.999568 0.998662 0.996086 0.988902 0.968271 0.903064 0.672665 -1.15315e-15 -0.672665 -0.903064 -0.968271 -0.988902 -0.996086 -0.998662 -0.999568 -0.99987 -0.999965 -0.999991 -0.999998 -1 -1 -1 -1 -1 -1 -1 -1 -1 -1 
1 1 1 1 1 1 1 1 1 1 0.999998 0.999992 0.999968 0.999883 0.999608 0.998782 0.996425 0.989841 0.970929 0.911063 0.695011 -1.22531e-15 -0.695011 -0.911063 -0.970929 -0.989841 -0.996425 -0.998782 -0.999608 -0.999883 -0.999968 -0.999992 -0.999998 -1 -1 -1 -1 -1 -1 -1 -1 -1 -1 
1 1 1 1 1 1 1 1 1 1 0.999998 0.999993 0.999971 0.999895 0.999645 0.998892 0.996737 0.990703 0.973371 0.918465 0.716603 -1.29748e-15 -0.716603 -0.918465 -0.973371 -0.990703 -0.996737 -0.998892 -0.999645 -0.999895 -0.999971 -0.999993 -0.999998 -1 -1 -1 -1 -1 -1 -1 -1 -1 -1 
1 1 1 1 1 1 1 1 1 1 0.999999 0.999994 0.999974 0.999905 0.999679 0.998993 0.997021 0.991494 0.975615 0.925302 0.737346 -1.37242e-15 -0.737346 -0.925302 -0.975615 -0.991494 -0.997021 -0.998993 -0.999679 -0.999905 -0.999974 -0.999994 -0.999999 -1 -1 -1 -1 -1 -1 -1 -1 -1 -1 
1 1 1 1 1 1 1 1 1 1 0.999999 0.999994 0.999977 0.999915 0.999709 0.999084 0.997282 0.992219 0.977674 0.931609 0.757163 -1.43903e-15 -0.757163 -0.931609 -0.977674 -0.992219 -0.997282 -0.999084 -0.999709 -0.999915 -0.999977 -0.999994 -0.999999 -1 -1 -1 -1 -1 -1 -1 -1 -1 -1 
1 1 1 1 1 1 1 1 1 1 0.999999 0.999995 0.999979 0.999923 0.999737 0.999168 0.997521 0.992883 0.979564 0.937418 0.775997 -1.51119e-15 -0.775997 -0.937418 -0.979564 -0.992883 -0.997521 -0.999168 -0.999737 -0.999923 -0.999979 -0.999995 -0.999999 -1 -1 -1 -1 -1 -1 -1 -1 -1 -1 
1 1 1 1 1 1 1 1 1 1 0.999999 0.999996 0.999982 0.999931 0.999762 0.999244 0.997739 0.993493 0.981298 0.94276 0.79381 -1.57226e-15 -0.79381 -0.94276 -0.981298 -0.993493 -0.997739 -0.999244 -0.999762 -0.999931 -0.999982 -0.999996 -0.999999 -1 -1 -1 -1 -1 -1 -1 -1 -1 -1 
1 1 1 1 1 1 1 1 1 1 0.999999 0.999996 0.999984 0.999938 0.999785 0.999313 0.997938 0.994051 0.982888 0.947669 0.81058 -1.62222e-15 -0.81058 -0.947669 -0.982888 -0.994051 -0.997938 -0.999313 -0.999785 -0.999938 -0.999984 -0.999996 -0.999999 -1 -1 -1 -1 -1 -1 -1 -1 -1 -1 
1 1 1 1 1 1 1 1 1 1 0.999999 0.999997 0.999985 0.999944 0.999805 0.999376 0.99812 0.994563 0.984345 0.952175 0.8263 -1.67218e-15 -0.8263 -0.952175 -0.984345 -0.994563 -0.99812 -0.999376 -0.999805 -0.999944 -0.999985 -0.999997 -0.999999 -1 -1 -1 -1 -1 -1 -1 -1 -1 -1 
1 1 1 1 1 1 1 1 1 1 0.999999 0.999997 0.999987 0.99995 0.999824 0.999434 0.998287 0.995031 0.985681 0.956307 0.840977 -1.70548e-15 -0.840977 -0.956307 -0.985681 -0.995031 -0.998287 -0.999434 -0.999824 -0.99995 -0.999987 -0.999997 -0.999999 -1 -1 -1 -1 -1 -1 -1 -1 -1 -1 
1 1 1 1 1 1 1 1 1 1 0.999999 0.999997 0.999988 0.999955 0.999841 0.999486 0.998439 0.99546 0.986905 0.960093 0.854631 -1.72769e-15 -0.854631 -0.960093 -0.986905 -0.99546 -0.998439 -0.999486 -0.999841 -0.999955 -0.999988 -0.999997 -0.999999 -1 -1 -1 -1 -1 -1 -1 -1 -1 -1 
1 1 1 1 1 1 1 1 1 1 0.999999 0.999998 0.999989 0.999959 0.999856 0.999533 0.998578 0.995853 0.988026 0.96356 0.867289 -1.76099e-15 -0.867289 -0.96356 -0.988026 -0.995853 -0.998578 -0.999533 -0.999856 -0.999959 -0.999989 -0.999998 -0.999999 -1 -1 -1 -1 -1 -1 -1 -1 -1 -1 
1 1 1 1 1 1 1 1 1 1 1 0.999998 0.999991 0.999963 0.99987 0.999577 0.998705 0.996213 0.989053 0.966733 0.87899 -1.7721e-15 -0.87899 -0.966733 -0.989053 -0.996213 -0.998705 -0.999577 -0.99987 -0.999963 -0.999991 -0.999998 -1 -1 -1 -1 -1 -1 -1 -1 -1 -1 -1 
1 1 1 1 1 1 1 1 1 1 1 0.999998 0.999992 0.999967 0.999883 0.999616 0.998821 0.996542 0.989993 0.969635 0.889775 -1.78875e-15 -0.889775 -0.969635 -0.989993 -0.996542 -0.998821 -0.999616 -0.999883 -0.999967 -0.999992 -0.999998 -1 -1 -1 -1 -1 -1 -1 -1 -1 -1 -1 
1 1 1 1 1 1 1 1 1 1 1 0.999998 0.999992 0.99997 0.999894 0.999652 0.998927 0.996843 0.990854 0.972288 0.899691 -1.79985e-15 -0.899691 -0.972288 -0.990854 -0.996843 -0.998927 -0.999652 -0.999894 -0.99997 -0.999992 -0.999998 -1 -1 -1 -1 -1 -1 -1 -1 -1 -1 -1 
1 1 1 1 1 1 1 1 1 1 1 0.999998 0.999993 0.999973 0.999905 0.999684 0.999023 0.997119 0.991641 0.974712 0.908787 -1.81095e-15 -0.908787 -0.974712 -0.991641 -0.997119 -0.999023 -0.999684 -0.999905 -0.999973 -0.999993 -0.999998 -1 -1 -1 -1 -1 -1 -1 -1 -1 -1 -1 
1 1 1 1 1 1 1 1 1 1 1 0.999999 0.999994 0.999976 0.999914 0.999714 0.999112 0.997371 0.992362 0.976927 0.917116 -1.82761e-15 -0.917116 -0.976927 -0.992362 -0.997371 -0.999112 -0.999714 -0.999914 -0.999976 -0.999994 -0.999999 -1 -1 -1 -1 -1 -1 -1 -1 -1 -1 -1 
1 1 1 1 1 1 1 1 1 1 1 0.999999 0.999995 0.999979 0.999922 0.999741 0.999192 0.997601 0.993022 0.978949 0.924727 -1.82761e-15 -0.924727 -0.978949 -0.993022 -0.997601 -0.999192 -0.999741 -0.999922 -0.999979 -0.999995 -0.999999 -1 -1 -1 -1 -1 -1 -1 -1 -1 -1 -1 
1 1 1 1 1 1 1 1 1 1 1 0.999999 0.999995 0.999981 0.99993 0.999765 0.999265 0.997812 0.993626 0.980796 0.931672 -1.82206e-15 -0.931672 -0.980796 -0.993626 -0.997812 -0.999265 -0.999765 -0.99993 -0.999981 -0.999995 -0.999999 -1 -1 -1 -1 -1 -1 -1 -1 -1 -1 -1 
1 1 1 1 1 1 1 1 1 1 1 0.999999 0.999996 0.999983 0.999937 0.999788 0.999332 0.998005 0.994178 0.982482 0.938 -1.8165e-15 -0.938 -0.982482 -0.994178 -0.998005 -0.999332 -0.999788 -0.999937 -0.999983 -0.999996 -0.999999 -1 -1 -1 -1 -1 -1 -1 -1 -1 -1 -1 
1 1 1 1 1 1 1 1 1 1 1 0.999999 0.999996 0.999985 0.999943 0.999808 0.999393 0.998181 0.994683 0.984021 0.94376 -1.82761e-15 -0.94376 -0.984021 -0.994683 -0.998181 -0.999393 -0.999808 -0.999943 -0.999985 -0.999996 -0.999999 -1 -1 -1 -1 -1 -1 -1 -1 -1 -1 -1 
1 1 1 1 1 1 1 1 1 1 1 0.999999 0.999997 0.999986 0.999949 0.999826 0.999448 0.998341 0.995145 0.985425 0.948997 -1.81095e-15 -0.948997 -0.985425 -0.995145 -0.998341 -0.999448 -0.999826 -0.999949 -0.999986 -0.999997 -0.999999 -1 -1 -1 -1 -1 -1 -1 -1 -1 -1 -1 
1 1 1 1 1 1 1 1 1 1 1 0.999999 0.999997 0.999988 0.999954 0.999842 0.999499 0.998488 0.995567 0.986706 0.953755 -1.78875e-15 -0.953755 -0.986706 -0.995567 -0.998488 -0.999499 -0.999842 -0.999954 -0.999988 -0.999997 -0.999999 -1 -1 -1 -1 -1 -1 -1 -1 -1 -1 -1 
1 1 1 1 1 1 1 1 1 1 1 0.999999 0.999997 0.999989 0.999958 0.999857 0.999545 0.998622 0.995953 0.987875 0.958074 -1.77765e-15 -0.958074 -0.987875 -0.995953 -0.998622 -0.999545 -0.999857 -0.999958 -0.999989 -0.999997 -0.999999 -1 -1 -1 -1 -1 -1 -1 -1 -1 -1 -1 
1 1 1 1 1 1 1 1 1 1 1 0.999999 0.999998 0.99999 0.999963 0.999871 0.999586 0.998745 0.996306 0.988942 0.961992 -1.7832e-15 -0.961992 -0.988942 -0.996306 -0.998745 -0.999586 -0.999871 -0.999963 -0.99999 -0.999998 -0.999999 -1 -1 -1 -1 -1 -1 -1 -1 -1 -1 -1 
1 1 1 1 1 1 1 1 1 1 1 1 0.999998 0.999991 0.999966 0.999883 0.999625 0.998857 0.996629 0.989915 0.965544 -1.76099e-15 -0.965544 -0.989915 -0.996629 -0.998857 -0.999625 -0.999883 -0.999966 -0.999991 -0.999998 -1 -1 -1 -1 -1 -1 -1 -1 -1 -1 -1 -1 
1 1 1 1 1 1 1 1 1 1 1 1 0.999998 0.999992 0.99997 0.999895 0.999659 0.998959 0.996924 0.990803 0.968764 -1.75544e-15 -0.968764 -0.990803 -0.996924 -0.998959 -0.999659 -0.999895 -0.99997 -0.999992 -0.999998 -1 -1 -1 -1 -1 -1 -1 -1 -1 -1 -1 -1 
1 1 1 1 1 1 1 1 1 1 1 1 0.999998 0.999993 0.999973 0.999905 0.999691 0.999052 0.997193 0.991612 0.971682 -1.75544e-15 -0.971682 -0.991612 -0.997193 -0.999052 -0.999691 -0.999905 -0.999973 -0.999993 -0.999998 -1 -1 -1 -1 -1 -1 -1 -1 -1 -1 -1 -1 
1 1 1 1 1 1 1 1 1 1 1 1 0.999998 0.999994 0.999975 0.999914 0.999719 0.999137 0.99744 0.992351 0.974326 -1.75544e-15 -0.974326 -0.992351 -0.99744 -0.999137 -0.999719 -0.999914 -0.999975 -0.999994 -0.999998 -1 -1 -1 -1 -1 -1 -1 -1 -1 -1 -1 -1 
1 1 1 1 1 1 1 1 1 1 1 1 0.999999 0.999994 0.999978 0.999922 0.999746 0.999215 0.997665 0.993025 0.97672 -1.74434e-15 -0.97672 -0.993025 -0.997665 -0.999215 -0.999746 -0.999922 -0.999978 -0.999994 -0.999999 -1 -1 -1 -1 -1 -1 -1 -1 -1 -1 -1 -1 
1 1 1 1 1 1 1 1 1 1 1 1 0.999999 0.999995 0.99998 0.99993 0.999769 0.999285 0.99787 0.993639 0.978889 -1.73324e-15 -0.978889 -0.993639 -0.99787 -0.999285 -0.999769 -0.99993 -0.99998 -0.999995 -0.999999 -1 -1 -1 -1 -1 -1 -1 -1 -1 -1 -1 -1 
1 1 1 1 1 1 1 1 1 1 1 1 0.999999 0.999995 0.999982 0.999937 0.999791 0.99935 0.998058 0.9942 0.980853 -1.71658e-15 -0.980853 -0.9942 -0.998058 -0.99935 -0.999791 -0.999937 -0.999982 -0.999995 -0.999999 -1 -1 -1 -1 -1 -1 -1 -1 -1 -1 -1 -1 
1 1 1 1 1 1 1 1 1 1 1 1 0.999999 0.999996 0.999984 0.999943 0.99981 0.999409 0.998229 0.994711 0.982632 -1.70548e-15 -0.982632 -0.994711 -0.998229 -0.999409 -0.99981 -0.999943 -0.999984 -0.999996 -0.999999 -1 -1 -1 -1 -1 -1 -1 -1 -1 -1 -1 -1 
1 1 1 1 1 1 1 1 1 1 1 1 0.999999 0.999996 0.999986 0.999948 0.999828 0.999462 0.998386 0.995178 0.984243 -1.69438e-15 -0.984243 -0.995178 -0.998386 -0.999462 -0.999828 -0.999948 -0.999986 -0.999996 -0.999999 -1 -1 -1 -1 -1 -1 -1 -1 -1 -1 -1 -1 
1 1 1 1 1 1 1 1 1 1 1 1 0.999999 0.999997 0.999987 0.999953 0.999844 0.999511 0.998529 0.995604 0.985702 -1.67773e-15 -0.985702 -0.995604 -0.998529 -0.999511 -0.999844 -0.999953 -0.999987 -0.999997 -0.999999 -1 -1 -1 -1 -1 -1 -1 -1 -1 -1 -1 -1 
1 1 1 1 1 1 1 1 1 1 1 1 0.999999 0.999997 0.999988 0.999958 0.999859 0.999556 0.998659 0.995992 0.987024 -1.66107e-15 -0.987024 -0.995992 -0.998659 -0.999556 -0.999859 -0.999958 -0.999988 -0.999997 -0.999999 -1 -1 -1 -1 -1 -1 -1 -1 -1 -1 -1 -1 
1 1 1 1 1 1 1 1 1 1 1 1 0.999999 0.999997 0.99999 0.999962 0.999872 0.999596 0.998779 0.996346 0.988222 -1.66662e-15 -0.988222 -0.996346 -0.998779 -0.999596 -0.999872 -0.999962 -0.99999 -0.999997 -0.999999 -1 -1 -1 -1 -1 -1 -1 -1 -1 -1 -1 -1 
1 1 1 1 1 1 1 1 1 1 1 1 0.999999 0.999998 0.999991 0.999966 0.999884 0.999633 0.998887 0.996669 0.989308 -1.66107e-15 -0.989308 -0.996669 -0.998887 -0.999633 -0.999884 -0.999966 -0.999991 -0.999998 -0.999999 -1 -1 -1 -1 -1 -1 -1 -1 -1 -1 -1 -1 
1 1 1 1 1 1 1 1 1 1 1 1 1 0.999998 0.999992 0.999969 0.999895 0.999667 0.998987 0.996963 0.990292 -1.64442e-15 -0.990292 -0.996963 -0.998987 -0.999667 -0.999895 -0.999969 -0.999992 -0.999998 -1 -1 -1 -1 -1 -1 -1 -1 -1 -1 -1 -1 -1 
1 1 1 1 1 1 1 1 1 1 1 1 1 0.999998 0.999992 0.999972 0.999905 0.999697 0.999077 0.997232 0.991184 -1.63332e-15 -0.991184 -0.997232 -0.999077 -0.999697 -0.999905 -0.999972 -0.999992 -0.999998 -1 -1 -1 -1 -1 -1 -1 -1 -1 -1 -1 -1 -1 
1 1 1 1 1 1 1 1 1 1 1 1 1 0.999998 0.999993 0.999975 0.999914 0.999725 0.99916 0.997477 0.991992 -1.60556e-15 -0.991992 -0.997477 -0.99916 -0.999725 -0.999914 -0.999975 -0.999993 -0.999998 -1 -1 -1 -1 -1 -1 -1 -1 -1 -1 -1 -1 -1 
1 1 1 1 1 1 1 1 1 1 1 1 1 0.999999 0.999994 0.999977 0.999923 0.999751 0.999235 0.997701 0.992726 -1.61666e-15 -0.992726 -0.997701 -0.999235 -0.999751 -0.999923 -0.999977 -0.999994 -0.999999 -1 -1 -1 -1 -1 -1 -1 -1 -1 -1 -1 -1 -1 
1 1 1 1 1 1 1 1 1 1 1 1 1 0.999999 0.999995 0.99998 0.99993 0.999774 0.999304 0.997905 0.993391 -1.58891e-15 -0.993391 -0.997905 -0.999304 -0.999774 -0.99993 -0.99998 -0.999995 -0.999999 -1 -1 -1 -1 -1 -1 -1 -1 -1 -1 -1 -1 -1 
1 1 1 1 1 1 1 1 1 1 1 1 1 0.999999 0.999995 0.999982 0.999937 0.999795 0.999366 0.998091 0.993995 -1.57781e-15 -0.993995 -0.998091 -0.999366 -0.999795 -0.999937 -0.999982 -0.999995 -0.999999 -1 -1 -1 -1 -1 -1 -1 -1 -1 -1 -1 -1 -1 
1 1 1 1 1 1 1 1 1 1 1 1 1 0.999999 0.999996 0.999984 0.999943 0.999814 0.999423 0.99826 0.994542 -1.5556e-15 -0.994542 -0.99826 -0.999423 -0.999814 -0.999943 -0.999984 -0.999996 -0.999999 -1 -1 -1 -1 -1 -1 -1 -1 -1 -1 -1 -1 -1 
1 1 1 1 1 1 1 1 1 1 1 1 1 0.999999 0.999996 0.999985 0.999948 0.999831 0.999475 0.998415 0.995039 -1.5556e-15 -0.995039 -0.998415 -0.999475 -0.999831 -0.999948 -0.999985 -0.999996 -0.999999 -1 -1 -1 -1 -1 -1 -1 -1 -1 -1 -1 -1 -1 
1 1 1 1 1 1 1 1 1 1 1 1 1 0.999999 0.999996 0.999987 0.999953 0.999847 0.999523 0.998556 0.995491 -1.5556e-15 -0.995491 -0.998556 -0.999523 -0.999847 -0.999953 -0.999987 -0.999996 -0.999999 -1 -1 -1 -1 -1 -1 -1 -1 -1 -1 -1 -1 -1 
1 1 1 1 1 1 1 1 1 1 1 1 1 0.999999 0.999997 0.999988 0.999958 0.999861 0.999566 0.998685 0.995901 -1.5334e-15 -0.995901 -0.998685 -0.999566 -0.999861 -0.999958 -0.999988 -0.999997 -0.999999 -1 -1 -1 -1 -1 -1 -1 -1 -1 -1 -1 -1 -1 
1 1 1 1 1 1 1 1 1 1 1 1 1 0.999999 0.999997 0.999989 0.999962 0.999874 0.999606 0.998802 0.996273 -1.51119e-15 -0.996273 -0.998802 -0.999606 -0.999874 -0.999962 -0.999989 -0.999997 -0.999999 -1 -1 -1 -1 -1 -1 -1 -1 -1 -1 -1 -1 -1 
1 1 1 1 1 1 1 1 1 1 1 1 1 0.999999 0.999997 0.99999 0.999966 0.999886 0.999641 0.998909 0.996611 -1.51119e-15 -0.996611 -0.998909 -0.999641 -0.999886 -0.999966 -0.99999 -0.999997 -0.999999 -1 -1 -1 -1 -1 -1 -1 -1 -1 -1 -1 -1 -1 
1 1 1 1 1 1 1 1 1 1 1 1 1 0.999999 0.999998 0.999991 0.999969 0.999897 0.999674 0.999007 0.996918 -1.49454e-15 -0.996918 -0.999007 -0.999674 -0.999897 -0.999969 -0.999991 -0.999998 -0.999999 -1 -1 -1 -1 -1 -1 -1 -1 -1 -1 -1 -1 -1 
1 1 1 1 1 1 1 1 1 1 1 1 1 1 0.999998 0.999992 0.999972 0.999906 0.999704 0.999096 0.997197 -1.47234e-15 -0.997197 -0.999096 -0.999704 -0.999906 -0.999972 -0.999992 -0.999998 -1 -1 -1 -1 -1 -1 -1 -1 -1 -1 -1 -1 -1 -1 
1 1 1 1 1 1 1 1 1 1 1 1 1 1 0.999998 0.999993 0.999975 0.999915 0.999731 0.999177 0.997451 -1.46678e-15 -0.997451 -0.999177 -0.999731 -0.999915 -0.999975 -0.999993 -0.999998 -1 -1 -1 -1 -1 -1 -1 -1 -1 -1 -1 -1 -1 -1 
1 1 1 1 1 1 1 1 1 1 1 1 1 1 0.999998 0.999994 0.999977 0.999923 0.999756 0.99925 0.997682 -1.45568e-15 -0.997682 -0.99925 -0.999756 -0.999923 -0.999977 -0.999994 -0.999998 -1 -1 -1 -1 -1 -1 -1 -1 -1 -1 -1 -1 -1 -1 
1 1 1 1 1 1 1 1 1 1 1 1 1 1 0.999999 0.999994 0.999979 0.99993 0.999778 0.999318 0.997891 -1.43348e-15 -0.997891 -0.999318 -0.999778 -0.99993 -0.999979 -0.999994 -0.999999 -1 -1 -1 -1 -1 -1 -1 -1 -1 -1 -1 -1 -1 -1 
1 1 1 1 1 1 1 1 1 1 1 1 1 1 0.999999 0.999995 0.999981 0.999937 0.999798 0.999379 0.998082 -1.41127e-15 -0.998082 -0.999379 -0.999798 -0.999937 -0.999981 -0.999995 -0.999999 -1 -1 -1 -1 -1 -1 -1 -1 -1 -1 -1 -1 -1 -1 
1 1 1 1 1 1 1 1 1 1 1 1 1 1 0.999999 0.999995 0.999983 0.999943 0.999817 0.999435 0.998255 -1.40572e-15 -0.998255 -0.999435 -0.999817 -0.999943 -0.999983 -0.999995 -0.999999 -1 -1 -1 -1 -1 -1 -1 -1 -1 -1 -1 -1 -1 -1 
1 1 1 1 1 1 1 1 1 1 1 1 1 1 0.999999 0.999996 0.999985 0.999948 0.999834 0.999486 0.998413 -1.38907e-15 -0.998413 -0.999486 -0.999834 -0.999948 -0.999985 -0.999996 -0.999999 -1 -1 -1 -1 -1 -1 -1 -1 -1 -1 -1 -1 -1 -1 
1 1 1 1 1 1 1 1 1 1 1 1 1 1 0.999999 0.999996 0.999986 0.999953 0.999849 0.999532 0.998556 -1.38352e-15 -0.998556 -0.999532 -0.999849 -0.999953 -0.999986 -0.999996 -0.999999 -1 -1 -1 -1 -1 -1 -1 -1 -1 -1 -1 -1 -1 -1 
1 1 1 1 1 1 1 1 1 1 1 1 1 1 0.999999 0.999997 0.999988 0.999958 0.999863 0.999575 0.998687 -1.36131e-15 -0.998687 -0.999575 -0.999863 -0.999958 -0.999988 -0.999997 -0.999999 -1 -1 -1 -1 -1 -1 -1 -1 -1 -1 -1 -1 -1 -1 
1 1 1 1 1 1 1 1 1 1 1 1 1 1 0.999999 0.999997 0.999989 0.999962 0.999876 0.999613 0.998805 -1.35021e-15 -0.998805 -0.999613 -0.999876 -0.999962 -0.999989 -0.999997 -0.999999 -1 -1 -1 -1 -1 -1 -1 -1 -1 -1 -1 -1 -1 -1 
1 1 1 1 1 1 1 1 1 1 1 1 1 1 0.999999 0.999997 0.99999 0.999966 0.999887 0.999648 0.998913 -1.32801e-15 -0.998913 -0.999648 -0.999887 -0.999966 -0.99999 -0.999997 -0.999999 -1 -1 -1 -1 -1 -1 -1 -1 -1 -1 -1 -1 -1 -1 
1 1 1 1 1 1 1 1 1 1 1 1 1 1 0.999999 0.999998 0.999991 0.999969 0.999898 0.99968 0.999011 -1.3058e-15 -0.999011 -0.99968 -0.999898 -0.999969 -0.999991 -0.999998 -0.999999 -1 -1 -1 -1 -1 -1 -1 -1 -1 -1 -1 -1 -1 -1 
1 1 1 1 1 1 1 1 1 1 1 1 1 1 0.999999 0.999998 0.999992 0.999972 0.999907 0.999709 0.999101 -1.2947e-15 -0.999101 -0.999709 -0.999907 -0.999972 -0.999992 -0.999998 -0.999999 -1 -1 -1 -1 -1 -1 -1 -1 -1 -1 -1 -1 -1 -1 
1 1 1 1 1 1 1 1 1 1 1 1 1 1 1 0.999998 0.999993 0.999975 0.999916 0.999736 0.999182 -1.2836e-15 -0.999182 -0.999736 -0.999916 -0.999975 -0.999993 -0.999998 -1 -1 -1 -1 -1 -1 -1 -1 -1 -1 -1 -1 -1 -1 -1 
1 1 1 1 1 1 1 1 1 1 1 1 1 1 1 0.999998 0.999994 0.999977 0.999924 0.99976 0.999256 -1.2836e-15 -0.999256 -0.99976 -0.999924 -0.999977 -0.999994 -0.999998 -1 -1 -1 -1 -1 -1 -1 -1 -1 -1 -1 -1 -1 -1 -1 
1 1 1 1 1 1 1 1 1 1 1 1 1 1 1 0.999998 0.999994 0.999979 0.999931 0.999782 0.999323 -1.26139e-15 -0.999323 -0.999782 -0.999931 -0.999979 -0.999994 -0.999998 -1 -1 -1 -1 -1 -1 -1 -1 -1 -1 -1 -1 -1 -1 -1 
1 1 1 1 1 1 1 1 1 1 1 1 1 1 1 0.999999 0.999995 0.999981 0.999938 0.999802 0.999385 -1.23919e-15 -0.999385 -0.999802 -0.999938 -0.999981 -0.999995 -0.999999 -1 -1 -1 -1 -1 -1 -1 -1 -1 -1 -1 -1 -1 -1 -1 
1 1 1 1 1 1 1 1 1 1 1 1 1 1 1 0.999999 0.999995 0.999983 0.999944 0.99982 0.999441 -1.21698e-15 -0.999441 -0.99982 -0.999944 -0.999983 -0.999995 -0.999999 -1 -1 -1 -1 -1 -1 -1 -1 -1 -1 -1 -1 -1 -1 -1 
1 1 1 1 1 1 1 1 1 1 1 1 1 1 1 0.999999 0.999996 0.999985 0.999949 0.999837 0.999491 -1.19478e-15 -0.999491 -0.999837 -0.999949 -0.999985 -0.999996 -0.999999 -1 -1 -1 -1 -1 -1 -1 -1 -1 -1 -1 -1 -1 -1 -1 
1 1 1 1 1 1 1 1 1 1 1 1 1 1 1 0.999999 0.999996 0.999986 0.999954 0.999852 0.999537 -1.19478e-15 -0.999537 -0.999852 -0.999954 -0.999986 -0.999996 -0.999999 -1 -1 -1 -1 -1 -1 -1 -1 -1 -1 -1 -1 -1 -1 -1 
1 1 1 1 1 1 1 1 1 1 1 1 1 1 1 0.999999 0.999997 0.999988 0.999958 0.999865 0.999579 -1.19478e-15 -0.999579 -0.999865 -0.999958 -0.999988 -0.999997 -0.999999 -1 -1 -1 -1 -1 -1 -1 -1 -1 -1 -1 -1 -1 -1 -1 
1 1 1 1 1 1 1 1 1 1 1 1 1 1 1 0.999999 0.999997 0.999989 0.999962 0.999878 0.999618 -1.19478e-15 -0.999618 -0.999878 -0.999962 -0.999989 -0.999997 -0.999999 -1 -1 -1 -1 -1 -1 -1 -1 -1 -1 -1 -1 -1 -1 -1 
1 1 1 1 1 1 1 1 1 1 1 1 1 1 1 0.999999 0.999997 0.99999 0.999966 0.999889 0.999652 -1.19478e-15 -0.999652 -0.999889 -0.999966 -0.99999 -0.999997 -0.999999 -1 -1 -1 -1 -1 -1 -1 -1 -1 -1 -1 -1 -1 -1 -1 
1 1 1 1 1 1 1 1 1 1 1 1 1 1 1 0.999999 0.999998 0.999991 0.999969 0.999899 0.999684 -1.19478e-15 -0.999684 -0.999899 -0.999969 -0.999991 -0.999998 -0.999999 -1 -1 -1 -1 -1 -1 -1 -1 -1 -1 -1 -1 -1 -1 -1 
1 1 1 1 1 1 1 1 1 1 1 1 1 1 1 0.999999 0.999998 0.999992 0.999972 0.999909 0.999713 -1.19478e-15 -0.999713 -0.999909 -0.999972 -0.999992 -0.999998 -0.999999 -1 -1 -1 -1 -1 -1 -1 -1 -1 -1 -1 -1 -1 -1 -1 
1 1 1 1 1 1 1 1 1 1 1 1 1 1 1 0.999999 0.999998 0.999993 0.999975 0.999917 0.999739 -1.19478e-15 -0.999739 -0.999917 -0.999975 -0.999993 -0.999998 -0.999999 -1 -1 -1 -1 -1 -1 -1 -1 -1 -1 -1 -1 -1 -1 -1 
1 1 1 1 1 1 1 1 1 1 1 1 1 1 1 1 0.999998 0.999993 0.999977 0.999925 0.999763 -1.19478e-15 -0.999763 -0.999925 -0.999977 -0.999993 -0.999998 -1 -1 -1 -1 -1 -1 -1 -1 -1 -1 -1 -1 -1 -1 -1 -1 
1 1 1 1 1 1 1 1 1 1 1 1 1 1 1 1 0.999998 0.999994 0.999979 0.999932 0.999785 -1.19478e-15 -0.999785 -0.999932 -0.999979 -0.999994 -0.999998 -1 -1 -1 -1 -1 -1 -1 -1 -1 -1 -1 -1 -1 -1 -1 -1 
1 1 1 1 1 1 1 1 1 1 1 1 1 1 1 1 0.999999 0.999995 0.999981 0.999938 0.999804 -1.19478e-15 -0.999804 -0.999938 -0.999981 -0.999995 -0.999999 -1 -1 -1 -1 -1 -1 -1 -1 -1 -1 -1 -1 -1 -1 -1 -1 
1 1 1 1 1 1 1 1 1 1 1 1 1 1 1 1 0.999999 0.999995 0.999983 0.999944 0.999822 -1.19478e-15 -0.999822 -0.999944 -0.999983 -0.999995 -0.999999 -1 -1 -1 -1 -1 -1 -1 -1 -1 -1 -1 -1 -1 -1 -1 -1 
1 1 1 1 1 1 1 1 1 1 1 1 1 1 1 1 0.999999 0.999996 0.999985 0.999949 0.999839 -1.19478e-15 -0.999839 -0.999949 -0.999985 -0.999996 -0.999999 -1 -1 -1 -1 -1 -1 -1 -1 -1 -1 -1 -1 -1 -1 -1 -1 
1 1 1 1 1 1 1 1 1 1 1 1 1 1 1 1 0.999999 0.999996 0.999986 0.999954 0.999853 -1.19478e-15 -0.999853 -0.999954 -0.999986 -0.999996 -0.999999 -1 -1 -1 -1 -1 -1 -1 -1 -1 -1 -1 -1 -1 -1 -1 -1 
1 1 1 1 1 1 1 1 1 1 1 1 1 1 1 1 0.999999 0.999996 0.999988 0.999958 0.999867 -1.19478e-15 -0.999867 -0.999958 -0.999988 -0.999996 -0.999999 -1 -1 -1 -1 -1 -1 -1 -1 -1 -1 -1 -1 -1 -1 -1 -1 
1 1 1 1 1 1 1 1 1 1 1 1 1 1 1 1 0.999999 0.999997 0.999989 0.999962 0.999879 -1.20033e-15 -0.999879 -0.999962 -0.999989 -0.999997 -0.999999 -1 -1 -1 -1 -1 -1 -1 -1 -1 -1 -1 -1 -1 -1 -1 -1 
1 1 1 1 1 1 1 1 1 1 1 1 1 1 1 1 0.999999 0.999997 0.99999 0.999966 0.99989 -1.20033e-15 -0.99989 -0.999966 -0.99999 -0.999997 -0.999999 -1 -1 -1 -1 -1 -1 -1 -1 -1 -1 -1 -1 -1 -1 -1 -1 
1 1 1 1 1 1 1 1 1 1 1 1 1 1 1 1 0.999999 0.999997 0.999991 0.999969 0.9999 -1.20033e-15 -0.9999 -0.999969 -0.999991 -0.999997 -0.999999 -1 -1 -1 -1 -1 -1 -1 -1 -1 -1 -1 -1 -1 -1 -1 -1 
1 1 1 1 1 1 1 1 1 1 1 1 1 1 1 1 0.999999 0.999998 0.999992 0.999972 0.99991 -1.20033e-15 -0.99991 -0.999972 -0.999992 -0.999998 -0.999999 -1 -1 -1 -1 -1 -1 -1 -1 -1 -1 -1 -1 -1 -1 -1 -1 
1 1 1 1 1 1 1 1 1 1 1 1 1 1 1 1 0.999999 0.999998 0.999993 0.999975 0.999918 -1.20033e-15 -0.999918 -0.999975 -0.999993 -0.999998 -0.999999 -1 -1 -1 -1 -1 -1 -1 -1 -1 -1 -1 -1 -1 -1 -1 -1 
1 1 1 1 1 1 1 1 1 1 1 1 1 1 1 1 1 0.999998 0.999993 0.999977 0.999926 -1.20033e-15 -0.999926 -0.999977 -0.999993 -0.999998 -1 -1 -1 -1 -1 -1 -1 -1 -1 -1 -1 -1 -1 -1 -1 -1 -1 
1 1 1 1 1 1 1 1 1 1 1 1 1 1 1 1 1 0.999998 0.999994 0.999979 0.999933 -1.20033e-15 -0.999933 -0.999979 -0.999994 -0.999998 -1 -1 -1 -1 -1 -1 -1 -1 -1 -1 -1 -1 -1 -1 -1 -1 -1 
1 1 1 1 1 1 1 1 1 1 1 1 1 1 1 1 1 0.999998 0.999995 0.999981 0.999939 -1.20033e-15 -0.999939 -0.999981 -0.999995 -0.999998 -1 -1 -1 -1 -1 -1 -1 -1 -1 -1 -1 -1 -1 -1 -1 -1 -1 
1 1 1 1 1 1 1 1 1 1 1 1 1 1 1 1 1 0.999999 0.999995 0.999983 0.999945 -1.19478e-15 -0.999945 -0.999983 -0.999995 -0.999999 -1 -1 -1 -1 -1 -1 -1 -1 -1 -1 -1 -1 -1 -1 -1 -1 -1 
1 1 1 1 1 1 1 1 1 1 1 1 1 1 1 1 1 0.999999 0.999996 0.999985 0.99995 -1.19478e-15 -0.99995 -0.999985 -0.999996 -0.999999 -1 -1 -1 -1 -1 -1 -1 -1 -1 -1 -1 -1 -1 -1 -1 -1 -1 
1 1 1 1 1 1 1 1 1 1 1 1 1 1 1 1 1 0.999999 0.999996 0.999986 0.999954 -1.19478e-15 -0.999954 -0.999986 -0.999996 -0.999999 -1 -1 -1 -1 -1 -1 -1 -1 -1 -1 -1 -1 -1 -1 -1 -1 -1 
1 1 1 1 1 1 1 1 1 1 1 1 1 1 1 1 1 0.999999 0.999996 0.999987 0.999959 -1.18923e-15 -0.999959 -0.999987 -0.999996 -0.999999 -1 -1 -1 -1 -1 -1 -1 -1 -1 -1 -1 -1 -1 -1 -1 -1 -1 
1 1 1 1 1 1 1 1 1 1 1 1 1 1 1 1 1 0.999999 0.999997 0.999989 0.999963 -1.18923e-15 -0.999963 -0.999989 -0.999997 -0.999999 -1 -1 -1 -1 -1 -1 -1 -1 -1 -1 -1 -1 -1 -1 -1 -1 -1 
1 1 1 1 1 1 1 1 1 1 1 1 1 1 1 1 1 0.999999 0.999997 0.99999 0.999966 -1.18923e-15 -0.999966 -0.99999 -0.999997 -0.999999 -1 -1 -1 -1 -1 -1 -1 -1 -1 -1 -1 -1 -1 -1 -1 -1 -1 
1 1 1 1 1 1 1 1 1 1 1 1 1 1 1 1 1 0.999999 0.999997 0.999991 0.999969 -1.18923e-15 -0.999969 -0.999991 -0.999997 -0.999999 -1 -1 -1 -1 -1 -1 -1 -1 -1 -1 -1 -1 -1 -1 -1 -1 -1 
1 1 1 1 1 1 1 1 1 1 1 1 1 1 1 1 1 0.999999 0.999998 0.999992 0.999972 -1.18923e-15 -0.999972 -0.999992 -0.999998 -0.999999 -1 -1 -1 -1 -1 -1 -1 -1 -1 -1 -1 -1 -1 -1 -1 -1 -1 
1 1 1 1 1 1 1 1 1 1 1 1 1 1 1 1 1 0.999999 0.999998 0.999992 0.999975 -1.18368e-15 -0.999975 -0.999992 -0.999998 -0.999999 -1 -1 -1 -1 -1 -1 -1 -1 -1 -1 -1 -1 -1 -1 -1 -1 -1 
1 1 1 1 1 1 1 1 1 1 1 1 1 1 1 1 1 0.999999 0.999998 0.999993 0.999977 -1.19478e-15 -0.999977 -0.999993 -0.999998 -0.999999 -1 -1 -1 -1 -1 -1 -1 -1 -1 -1 -1 -1 -1 -1 -1 -1 -1 
1 1 1 1 1 1 1 1 1 1 1 1 1 1 1 1 1 1 0.999998 0.999994 0.999979 -1.21698e-15 -0.999979 -0.999994 -0.999998 -1 -1 -1 -1 -1 -1 -1 -1 -1 -1 -1 -1 -1 -1 -1 -1 -1 -1 
1 1 1 1 1 1 1 1 1 1 1 1 1 1 1 1 1 1 0.999998 0.999994 0.999981 -1.21143e-15 -0.999981 -0.999994 -0.999998 -1 -1 -1 -1 -1 -1 -1 -1 -1 -1 -1 -1 -1 -1 -1 -1 -1 -1 
1 1 1 1 1 1 1 1 1 1 1 1 1 1 1 1 1 1 0.999999 0.999995 0.999983 -1.20588e-15 -0.999983 -0.999995 -0.999999 -1 -1 -1 -1 -1 -1 -1 -1 -1 -1 -1 -1 -1 -1 -1 -1 -1 -1 
1 1 1 1 1 1 1 1 1 1 1 1 1 1 1 1 1 1 0.999999 0.999995 0.999985 -1.20588e-15 -0.999985 -0.999995 -0.999999 -1 -1 -1 -1 -1 -1 -1 -1 -1 -1 -1 -1 -1 -1 -1 -1 -1 -1 
1 1 1 1 1 1 1 1 1 1 1 1 1 1 1 1 1 1 0.999999 0.999996 0.999986 -1.20588e-15 -0.999986 -0.999996 -0.999999 -1 -1 -1 -1 -1 -1 -1 -1 -1 -1 -1 -1 -1 -1 -1 -1 -1 -1 
1 1 1 1 1 1 1 1 1 1 1 1 1 1 1 1 1 1 0.999999 0.999996 0.999987 -1.20033e-15 -0.999987 -0.999996 -0.999999 -1 -1 -1 -1 -1 -1 -1 -1 -1 -1 -1 -1 -1 -1 -1 -1 -1 -1 
1 1 1 1 1 1 1 1 1 1 1 1 1 1 1 1 1 1 0.999999 0.999997 0.999989 -1.20588e-15 -0.999989 -0.999997 -0.999999 -1 -1 -1 -1 -1 -1 -1 -1 -1 -1 -1 -1 -1 -1 -1 -1 -1 -1 
1 1 1 1 1 1 1 1 1 1 1 1 1 1 1 1 1 1 0.999999 0.999997 0.99999 -1.20588e-15 -0.99999 -0.999997 -0.999999 -1 -1 -1 -1 -1 -1 -1 -1 -1 -1 -1 -1 -1 -1 -1 -1 -1 -1 
1 1 1 1 1 1 1 1 1 1 1 1 1 1 1 1 1 1 0.999999 0.999997 0.999991 -1.20588e-15 -0.999991 -0.999997 -0.999999 -1 -1 -1 -1 -1 -1 -1 -1 -1 -1 -1 -1 -1 -1 -1 -1 -1 -1 
1 1 1 1 1 1 1 1 1 1 1 1 1 1 1 1 1 1 0.999999 0.999998 0.999992 -1.20588e-15 -0.999992 -0.999998 -0.999999 -1 -1 -1 -1 -1 -1 -1 -1 -1 -1 -1 -1 -1 -1 -1 -1 -1 -1 
1 1 1 1 1 1 1 1 1 1 1 1 1 1 1 1 1 1 0.999999 0.999998 0.999992 -1.20588e-15 -0.999992 -0.999998 -0.999999 -1 -1 -1 -1 -1 -1 -1 -1 -1 -1 -1 -1 -1 -1 -1 -1 -1 -1 
1 1 1 1 1 1 1 1 1 1 1 1 1 1 1 1 1 1 0.999999 0.999998 0.999993 -1.20588e-15 -0.999993 -0.999998 -0.999999 -1 -1 -1 -1 -1 -1 -1 -1 -1 -1 -1 -1 -1 -1 -1 -1 -1 -1 
1 1 1 1 1 1 1 1 1 1 1 1 1 1 1 1 1 1 1 0.999998 0.999994 -1.20588e-15 -0.999994 -0.999998 -1 -1 -1 -1 -1 -1 -1 -1 -1 -1 -1 -1 -1 -1 -1 -1 -1 -1 -1 
1 1 1 1 1 1 1 1 1 1 1 1 1 1 1 1 1 1 1 0.999998 0.999994 -1.20588e-15 -0.999994 -0.999998 -1 -1 -1 -1 -1 -1 -1 -1 -1 -1 -1 -1 -1 -1 -1 -1 -1 -1 -1 
1 1 1 1 1 1 1 1 1 1 1 1 1 1 1 1 1 1 1 0.999999 0.999995 -1.20588e-15 -0.999995 -0.999999 -1 -1 -1 -1 -1 -1 -1 -1 -1 -1 -1 -1 -1 -1 -1 -1 -1 -1 -1 
1 1 1 1 1 1 1 1 1 1 1 1 1 1 1 1 1 1 1 0.999999 0.999995 -1.20588e-15 -0.999995 -0.999999 -1 -1 -1 -1 -1 -1 -1 -1 -1 -1 -1 -1 -1 -1 -1 -1 -1 -1 -1 
1 1 1 1 1 1 1 1 1 1 1 1 1 1 1 1 1 1 1 0.999999 0.999996 -1.20033e-15 -0.999996 -0.999999 -1 -1 -1 -1 -1 -1 -1 -1 -1 -1 -1 -1 -1 -1 -1 -1 -1 -1 -1 
1 1 1 1 1 1 1 1 1 1 1 1 1 1 1 1 1 1 1 0.999999 0.999996 -1.20033e-15 -0.999996 -0.999999 -1 -1 -1 -1 -1 -1 -1 -1 -1 -1 -1 -1 -1 -1 -1 -1 -1 -1 -1 
1 1 1 1 1 1 1 1 1 1 1 1 1 1 1 1 1 1 1 0.999999 0.999997 -1.20033e-15 -0.999997 -0.999999 -1 -1 -1 -1 -1 -1 -1 -1 -1 -1 -1 -1 -1 -1 -1 -1 -1 -1 -1 
1 1 1 1 1 1 1 1 1 1 1 1 1 1 1 1 1 1 1 0.999999 0.999997 -1.20033e-15 -0.999997 -0.999999 -1 -1 -1 -1 -1 -1 -1 -1 -1 -1 -1 -1 -1 -1 -1 -1 -1 -1 -1 
1 1 1 1 1 1 1 1 1 1 1 1 1 1 1 1 1 1 1 0.999999 0.999997 -1.20033e-15 -0.999997 -0.999999 -1 -1 -1 -1 -1 -1 -1 -1 -1 -1 -1 -1 -1 -1 -1 -1 -1 -1 -1 
1 1 1 1 1 1 1 1 1 1 1 1 1 1 1 1 1 1 1 0.999999 0.999998 -1.20033e-15 -0.999998 -0.999999 -1 -1 -1 -1 -1 -1 -1 -1 -1 -1 -1 -1 -1 -1 -1 -1 -1 -1 -1 
1 1 1 1 1 1 1 1 1 1 1 1 1 1 1 1 1 1 1 0.999999 0.999998 -1.20033e-15 -0.999998 -0.999999 -1 -1 -1 -1 -1 -1 -1 -1 -1 -1 -1 -1 -1 -1 -1 -1 -1 -1 -1 
1 1 1 1 1 1 1 1 1 1 1 1 1 1 1 1 1 1 1 0.999999 0.999998 -1.20033e-15 -0.999998 -0.999999 -1 -1 -1 -1 -1 -1 -1 -1 -1 -1 -1 -1 -1 -1 -1 -1 -1 -1 -1 
1 1 1 1 1 1 1 1 1 1 1 1 1 1 1 1 1 1 1 0.999999 0.999998 -1.20588e-15 -0.999998 -0.999999 -1 -1 -1 -1 -1 -1 -1 -1 -1 -1 -1 -1 -1 -1 -1 -1 -1 -1 -1 
1 1 1 1 1 1 1 1 1 1 1 1 1 1 1 1 1 1 1 1 0.999998 -1.21698e-15 -0.999998 -1 -1 -1 -1 -1 -1 -1 -1 -1 -1 -1 -1 -1 -1 -1 -1 -1 -1 -1 -1 
1 1 1 1 1 1 1 1 1 1 1 1 1 1 1 1 1 1 1 1 0.999999 -1.22254e-15 -0.999999 -1 -1 -1 -1 -1 -1 -1 -1 -1 -1 -1 -1 -1 -1 -1 -1 -1 -1 -1 -1 
1 1 1 1 1 1 1 1 1 1 1 1 1 1 1 1 1 1 1 1 0.999999 -1.21698e-15 -0.999999 -1 -1 -1 -1 -1 -1 -1 -1 -1 -1 -1 -1 -1 -1 -1 -1 -1 -1 -1 -1 
1 1 1 1 1 1 1 1 1 1 1 1 1 1 1 1 1 1 1 1 0.999999 -1.23919e-15 -0.999999 -1 -1 -1 -1 -1 -1 -1 -1 -1 -1 -1 -1 -1 -1 -1 -1 -1 -1 -1 -1 
1 1 1 1 1 1 1 1 1 1 1 1 1 1 1 1 1 1 1 1 0.999999 -1.26139e-15 -0.999999 -1 -1 -1 -1 -1 -1 -1 -1 -1 -1 -1 -1 -1 -1 -1 -1 -1 -1 -1 -1 
1 1 1 1 1 1 1 1 1 1 1 1 1 1 1 1 1 1 1 1 0.999999 -1.28915e-15 -0.999999 -1 -1 -1 -1 -1 -1 -1 -1 -1 -1 -1 -1 -1 -1 -1 -1 -1 -1 -1 -1 
1 1 1 1 1 1 1 1 1 1 1 1 1 1 1 1 1 1 1 1 0.999999 -1.2836e-15 -0.999999 -1 -1 -1 -1 -1 -1 -1 -1 -1 -1 -1 -1 -1 -1 -1 -1 -1 -1 -1 -1 
1 1 1 1 1 1 1 1 1 1 1 1 1 1 1 1 1 1 1 1 0.999999 -1.27805e-15 -0.999999 -1 -1 -1 -1 -1 -1 -1 -1 -1 -1 -1 -1 -1 -1 -1 -1 -1 -1 -1 -1 
1 1 1 1 1 1 1 1 1 1 1 1 1 1 1 1 1 1 1 1 0.999999 -1.27805e-15 -0.999999 -1 -1 -1 -1 -1 -1 -1 -1 -1 -1 -1 -1 -1 -1 -1 -1 -1 -1 -1 -1 
1 1 1 1 1 1 1 1 1 1 1 1 1 1 1 1 1 1 1 1 0.999999 -1.27805e-15 -0.999999 -1 -1 -1 -1 -1 -1 -1 -1 -1 -1 -1 -1 -1 -1 -1 -1 -1 -1 -1 -1 
1 1 1 1 1 1 1 1 1 1 1 1 1 1 1 1 1 1 1 1 0.999999 -1.2836e-15 -0.999999 -1 -1 -1 -1 -1 -1 -1 -1 -1 -1 -1 -1 -1 -1 -1 -1 -1 -1 -1 -1 
1 1 1 1 1 1 1 1 1 1 1 1 1 1 1 1 1 1 1 1 0.999999 -1.2836e-15 -0.999999 -1 -1 -1 -1 -1 -1 -1 -1 -1 -1 -1 -1 -1 -1 -1 -1 -1 -1 -1 -1 
1 1 1 1 1 1 1 1 1 1 1 1 1 1 1 1 1 1 1 1 1 -1.27805e-15 -1 -1 -1 -1 -1 -1 -1 -1 -1 -1 -1 -1 -1 -1 -1 -1 -1 -1 -1 -1 -1 
1 1 1 1 1 1 1 1 1 1 1 1 1 1 1 1 1 1 1 1 1 -1.27805e-15 -1 -1 -1 -1 -1 -1 -1 -1 -1 -1 -1 -1 -1 -1 -1 -1 -1 -1 -1 -1 -1 
1 1 1 1 1 1 1 1 1 1 1 1 1 1 1 1 1 1 1 1 1 -1.27805e-15 -1 -1 -1 -1 -1 -1 -1 -1 -1 -1 -1 -1 -1 -1 -1 -1 -1 -1 -1 -1 -1 
1 1 1 1 1 1 1 1 1 1 1 1 1 1 1 1 1 1 1 1 1 -1.2725e-15 -1 -1 -1 -1 -1 -1 -1 -1 -1 -1 -1 -1 -1 -1 -1 -1 -1 -1 -1 -1 -1 
1 1 1 1 1 1 1 1 1 1 1 1 1 1 1 1 1 1 1 1 1 -1.2725e-15 -1 -1 -1 -1 -1 -1 -1 -1 -1 -1 -1 -1 -1 -1 -1 -1 -1 -1 -1 -1 -1 
1 1 1 1 1 1 1 1 1 1 1 1 1 1 1 1 1 1 1 1 1 -1.27805e-15 -1 -1 -1 -1 -1 -1 -1 -1 -1 -1 -1 -1 -1 -1 -1 -1 -1 -1 -1 -1 -1 
1 1 1 1 1 1 1 1 1 1 1 1 1 1 1 1 1 1 1 1 1 -1.2836e-15 -1 -1 -1 -1 -1 -1 -1 -1 -1 -1 -1 -1 -1 -1 -1 -1 -1 -1 -1 -1 -1 
1 1 1 1 1 1 1 1 1 1 1 1 1 1 1 1 1 1 1 1 1 -1.2836e-15 -1 -1 -1 -1 -1 -1 -1 -1 -1 -1 -1 -1 -1 -1 -1 -1 -1 -1 -1 -1 -1 
1 1 1 1 1 1 1 1 1 1 1 1 1 1 1 1 1 1 1 1 1 -1.2836e-15 -1 -1 -1 -1 -1 -1 -1 -1 -1 -1 -1 -1 -1 -1 -1 -1 -1 -1 -1 -1 -1 
1 1 1 1 1 1 1 1 1 1 1 1 1 1 1 1 1 1 1 1 1 -1.2725e-15 -1 -1 -1 -1 -1 -1 -1 -1 -1 -1 -1 -1 -1 -1 -1 -1 -1 -1 -1 -1 -1 
1 1 1 1 1 1 1 1 1 1 1 1 1 1 1 1 1 1 1 1 1 -1.27805e-15 -1 -1 -1 -1 -1 -1 -1 -1 -1 -1 -1 -1 -1 -1 -1 -1 -1 -1 -1 -1 -1 
1 1 1 1 1 1 1 1 1 1 1 1 1 1 1 1 1 1 1 1 1 -1.27805e-15 -1 -1 -1 -1 -1 -1 -1 -1 -1 -1 -1 -1 -1 -1 -1 -1 -1 -1 -1 -1 -1 
1 1 1 1 1 1 1 1 1 1 1 1 1 1 1 1 1 1 1 1 1 -1.27805e-15 -1 -1 -1 -1 -1 -1 -1 -1 -1 -1 -1 -1 -1 -1 -1 -1 -1 -1 -1 -1 -1 
1 1 1 1 1 1 1 1 1 1 1 1 1 1 1 1 1 1 1 1 1 -1.27805e-15 -1 -1 -1 -1 -1 -1 -1 -1 -1 -1 -1 -1 -1 -1 -1 -1 -1 -1 -1 -1 -1 
1 1 1 1 1 1 1 1 1 1 1 1 1 1 1 1 1 1 1 1 1 -1.27805e-15 -1 -1 -1 -1 -1 -1 -1 -1 -1 -1 -1 -1 -1 -1 -1 -1 -1 -1 -1 -1 -1 
