0 0 0 0 0 0 0 0 0 0 0 0 0 0 0 0 0 0 0 0 0 0.5 1 1 1 1 1 1 1 1 1 1 1 1 1 1 1 1 1 1 1 1 1 
0 -3.47243e-24 5.58098e-23 -9.00492e-22 1.45292e-20 -2.34426e-19 3.7824e-18 -6.10282e-17 9.84675e-16 -1.58875e-14 2.56341e-13 -4.136e-12 6.67335e-11 -1.07673e-09 1.73728e-08 -2.80305e-07 4.52266e-06 -7.29721e-05 0.00117739 -0.0189969 0.00530529 0.5 0.994695 1.019 0.998823 1.00007 0.999995 1 1 1 1 1 1 1 1 1 1 1 1 1 1 1 1 
3.47243e-24 5.64144e-22 -9.17165e-21 1.38637e-19 -2.08676e-18 3.12475e-17 -4.65092e-16 6.87364e-15 -1.00731e-13 1.46114e-12 -2.09267e-11 2.94916e-10 -4.06894e-09 5.45271e-08 -7.00295e-07 8.4031e-06 -8.88569e-05 0.000679672 0.0012007 -0.0329344 0.00457503 0.5 0.995425 1.03293 0.998799 0.99932 1.00009 0.999992 1 1 1 1 1 1 1 1 1 1 1 1 1 1 1 
-5.64144e-22 -3.71782e-20 6.14631e-19 -8.57533e-18 1.18373e-16 -1.61242e-15 2.16198e-14 -2.84413e-13 3.65468e-12 -4.55892e-11 5.47079e-10 -6.22718e-09 6.565e-08 -6.12299e-07 4.52228e-06 -1.64514e-05 -0.000163575 0.00177324 0.00101761 -0.0435563 0.000250505 0.5 0.999749 1.04356 0.998982 0.998227 1.00016 1.00002 0.999995 1 1 1 1 1 1 1 1 1 1 1 1 1 1 
3.71782e-20 1.26579e-18 -2.14807e-17 2.70621e-16 -3.33752e-15 4.00605e-14 -4.6507e-13 5.176e-12 -5.45075e-11 5.31933e-10 -4.63638e-09 3.33759e-08 -1.55282e-07 -2.62812e-07 1.29629e-05 -7.91235e-05 -0.00020283 0.0029833 0.00103538 -0.05184 -0.00613348 0.5 1.00613 1.05184 0.998965 0.997017 1.0002 1.00008 0.999987 1 1 1 1 1 1 1 1 1 1 1 1 1 1 
-1.26579e-18 -2.32473e-17 4.12889e-16 -4.52965e-15 4.76733e-14 -4.74738e-13 4.39139e-12 -3.65735e-11 2.57754e-10 -1.29692e-09 8.91597e-10 6.912e-08 -7.71501e-07 2.47492e-06 2.15624e-05 -0.000172907 -0.000222224 0.00420237 0.00139759 -0.0583573 -0.0135815 0.5 1.01358 1.05836 0.998602 0.995798 1.00022 1.00017 0.999978 0.999998 1 1 1 1 1 1 1 1 1 1 1 1 1 
2.32473e-17 2.11419e-16 -4.13727e-15 3.66481e-14 -2.94933e-13 2.03997e-12 -1.06027e-11 1.86227e-11 3.94878e-10 -5.61385e-09 3.50107e-08 3.38264e-10 -1.68479e-06 8.21501e-06 2.8939e-05 -0.000289405 -0.000243199 0.0053754 0.00212034 -0.0634649 -0.0214307 0.5 1.02143 1.06346 0.99788 0.994625 1.00024 1.00029 0.999971 0.999992 1 1 1 1 1 1 1 1 1 1 1 1 1 
-2.11419e-16 -5.81406e-16 1.64501e-14 -8.62718e-14 2.00221e-13 2.41607e-12 -4.04437e-11 3.16064e-10 -9.87934e-10 -7.8243e-09 1.05399e-07 -2.70314e-07 -2.74567e-06 1.70224e-05 3.52299e-05 -0.000421128 -0.000283631 0.00647141 0.00316041 -0.0674053 -0.0292332 0.5 1.02923 1.06741 0.99684 0.993529 1.00028 1.00042 0.999965 0.999983 1 1 1 1 1 1 1 1 1 1 1 1 1 
5.81406e-16 -2.52098e-15 1.59048e-14 -2.98063e-13 2.61656e-12 -1.23988e-11 -1.46995e-11 7.6938e-10 -5.26699e-09 -2.8186e-10 2.09721e-07 -8.12793e-07 -3.84825e-06 2.86561e-05 4.14746e-05 -0.000561854 -0.000355389 0.00747129 0.00444993 -0.0703605 -0.036686 0.5 1.03669 1.07036 0.99555 0.992529 1.00036 1.00056 0.999959 0.999971 1 1 1 1 1 1 1 1 1 1 1 1 1 
2.52098e-15 4.46789e-15 -1.23109e-13 1.74491e-13 4.57646e-12 -5.04746e-11 1.86512e-10 9.82048e-10 -1.33208e-08 2.54587e-08 3.40687e-07 -1.66597e-06 -4.9637e-06 4.27279e-05 4.90667e-05 -0.000706397 -0.000464521 0.00836275 0.00591421 -0.0724795 -0.0435889 0.5 1.04359 1.07248 0.994086 0.991637 1.00046 1.00071 0.999951 0.999957 1 1 1 1 1 1 1 1 1 1 1 1 1 
-4.46789e-15 3.65255e-14 -4.0121e-13 2.46051e-12 -1.34535e-12 -1.01795e-10 6.93576e-10 3.04229e-10 -2.54184e-08 7.70019e-08 4.91253e-07 -2.84238e-06 -6.13652e-06 5.87843e-05 5.93788e-05 -0.000850331 -0.000612287 0.00913838 0.00748105 -0.0738923 -0.0498172 0.5 1.04982 1.07389 0.992519 0.990862 1.00061 1.00085 0.999941 0.999941 1.00001 1 1 1 1 1 1 1 1 1 1 1 1 
-3.65255e-14 8.64092e-14 -4.7476e-13 7.15154e-12 -2.67748e-11 -1.31857e-10 1.61409e-09 -2.05171e-09 -4.13979e-08 1.60273e-07 6.58068e-07 -4.33456e-06 -7.46432e-06 7.63432e-05 7.35447e-05 -0.000989828 -0.000796349 0.00979472 0.00908541 -0.0747161 -0.0553036 0.5 1.0553 1.07472 0.990915 0.990205 1.0008 1.00099 0.999926 0.999924 1.00001 1 0.999999 1 1 1 1 1 1 1 1 1 1 
-8.64092e-14 7.64988e-14 4.58449e-13 1.33598e-11 -8.5268e-11 -8.2694e-11 3.01803e-09 -6.89607e-09 -6.0959e-08 2.79253e-07 8.42965e-07 -6.1202e-06 -9.0735e-06 9.49094e-05 9.23533e-05 -0.00112158 -0.00101185 0.0103319 0.0106716 -0.0750584 -0.060024 0.5 1.06002 1.07506 0.989328 0.989668 1.00101 1.00112 0.999908 0.999905 1.00001 1.00001 0.999999 1 1 1 1 1 1 1 1 1 1 
-7.64988e-14 -1.85917e-13 3.60372e-12 1.81027e-11 -1.8996e-10 1.21178e-10 4.94118e-09 -1.49742e-08 -8.39396e-08 4.36019e-07 1.05293e-06 -8.16557e-06 -1.1097e-05 0.000113983 0.000116216 -0.00124278 -0.00125234 0.010753 0.0121942 -0.0750172 -0.0639875 0.5 1.06399 1.07502 0.987806 0.989247 1.00125 1.00124 0.999884 0.999886 1.00001 1.00001 0.999999 1 1 1 1 1 1 1 1 1 1 
1.85917e-13 -1.03258e-12 1.03819e-11 1.61389e-11 -3.5204e-10 5.64826e-10 7.40049e-09 -2.691e-08 -1.10512e-07 6.30885e-07 1.29909e-06 -1.04278e-05 -1.36566e-05 0.000133069 0.00014518 -0.00135116 -0.00151051 0.0110641 0.0136176 -0.0746809 -0.0672279 0.5 1.06723 1.07468 0.986382 0.988936 1.00151 1.00135 0.999855 0.999867 1.00001 1.00001 0.999999 0.999999 1 1 1 1 1 1 1 1 1 
1.03258e-12 -2.92881e-12 2.21931e-11 1.95373e-13 -5.80374e-10 1.33511e-09 1.04141e-08 -4.31742e-08 -1.41283e-07 8.62556e-07 1.59526e-06 -1.28566e-05 -1.68499e-05 0.000151685 0.000178966 -0.00144501 -0.00177877 0.0112732 0.014916 -0.0741283 -0.0697968 0.5 1.0698 1.07413 0.985084 0.988727 1.00178 1.00145 0.999821 0.999848 1.00002 1.00001 0.999998 0.999999 1 1 1 1 1 1 1 1 1 
2.92881e-12 -6.44131e-12 4.02126e-11 -3.85558e-11 -8.82142e-10 2.51407e-09 1.402e-08 -6.40678e-08 -1.77298e-07 1.12825e-06 1.95625e-06 -1.53954e-05 -2.07425e-05 0.000169378 0.000217026 -0.00152318 -0.00204975 0.0113902 0.016072 -0.0734282 -0.0717572 0.5 1.07176 1.07343 0.983928 0.98861 1.00205 1.00152 0.999783 0.999831 1.00002 1.00002 0.999998 0.999999 1 1 1 1 1 1 1 1 1 
6.44131e-12 -1.21901e-11 6.52738e-11 -1.09906e-10 -1.26415e-09 4.17372e-09 1.82906e-08 -8.97129e-08 -2.1998e-07 1.42382e-06 2.39634e-06 -1.79834e-05 -2.53633e-05 0.000185736 0.0002586 -0.00158507 -0.00231656 0.0114263 0.0170762 -0.0726393 -0.0731797 0.5 1.07318 1.07264 0.982924 0.988574 1.00232 1.00159 0.999741 0.999814 1.00003 1.00002 0.999998 0.999999 1 1 1 1 1 1 1 1 1 
1.21901e-11 -2.07986e-11 9.78554e-11 -2.24002e-10 -1.73442e-09 6.37204e-09 2.33396e-08 -1.20049e-07 -2.71021e-07 1.74383e-06 2.9279e-06 -2.0557e-05 -3.07037e-05 0.000200397 0.000302782 -0.00163062 -0.00257311 0.0113932 0.0179254 -0.0718105 -0.0741373 0.5 1.07414 1.07181 0.982075 0.988607 1.00257 1.00163 0.999697 0.9998 1.00003 1.00002 0.999997 0.999998 1 1 1 1 1 1 1 1 1 
2.07986e-11 -3.28537e-11 1.38163e-10 -3.90769e-10 -2.30367e-09 9.14989e-09 2.93237e-08 -1.54828e-07 -3.32233e-07 2.08174e-06 3.56023e-06 -2.30522e-05 -3.67191e-05 0.000213067 0.000348575 -0.00166027 -0.00281422 0.0113029 0.018622 -0.0709815 -0.0747033 0.5 1.0747 1.07098 0.981378 0.988697 1.00281 1.00166 0.999651 0.999787 1.00004 1.00002 0.999996 0.999998 1 1 1 1 1 1 1 1 1 
3.28537e-11 -4.88862e-11 1.86279e-10 -6.19383e-10 -2.98651e-09 1.25284e-08 3.64375e-08 -1.93617e-07 -4.05406e-07 2.43004e-06 4.29885e-06 -2.54066e-05 -4.33326e-05 0.000223521 0.000394954 -0.00167487 -0.00303572 0.0111675 0.0191727 -0.0701835 -0.074948 0.5 1.07495 1.07018 0.980827 0.988832 1.00304 1.00167 0.999605 0.999776 1.00004 1.00003 0.999996 0.999998 1 1 1 1 1 1 1 1 1 
4.88862e-11 -6.93735e-11 2.42341e-10 -9.17784e-10 -3.8021e-09 1.65071e-08 4.49032e-08 -2.35803e-07 -4.92153e-07 2.78051e-06 5.1449e-06 -2.75616e-05 -5.04399e-05 0.00023161 0.000440907 -0.00167565 -0.00323451 0.0109984 0.0195878 -0.0694398 -0.0749373 0.5 1.07494 1.06944 0.980412 0.989002 1.00323 1.00168 0.999559 0.999768 1.00005 1.00003 0.999995 0.999997 1 1 1 1 1 1 1 1 1 
6.93735e-11 -9.47638e-11 3.06717e-10 -1.29222e-09 -4.77425e-09 2.10619e-08 5.49575e-08 -2.806e-07 -5.93773e-07 3.12444e-06 6.095e-06 -2.94649e-05 -5.79155e-05 0.000237263 0.000485484 -0.00166412 -0.00340849 0.0108063 0.0198797 -0.0687668 -0.0747316 0.5 1.07473 1.06877 0.98012 0.989194 1.00341 1.00166 0.999515 0.999763 1.00006 1.00003 0.999994 0.999997 1 1 1 1 1 1 1 1 1 
9.47638e-11 -1.25519e-10 3.80154e-10 -1.74685e-09 -5.93095e-09 2.61444e-08 6.68354e-08 -3.27066e-07 -7.11142e-07 3.45295e-06 7.14127e-06 -3.10715e-05 -6.56187e-05 0.000240486 0.000527823 -0.00164198 -0.00355654 0.0106009 0.0200626 -0.0681749 -0.0743845 0.5 1.07438 1.06817 0.979937 0.989399 1.00356 1.00164 0.999472 0.99976 1.00007 1.00003 0.999993 0.999997 1 1 1 1 1 1 1 1 1 
1.25519e-10 -1.62163e-10 4.63872e-10 -2.28333e-09 -7.30336e-09 3.16813e-08 8.07537e-08 -3.7413e-07 -8.44616e-07 3.75733e-06 8.27169e-06 -3.23463e-05 -7.34009e-05 0.000241355 0.000567184 -0.00161108 -0.00367843 0.0103908 0.0201515 -0.0676697 -0.0739428 0.5 1.07394 1.06767 0.979848 0.989609 1.00368 1.00161 0.999433 0.999759 1.00007 1.00003 0.999992 0.999996 1 1 1 1 1 1 1 1 1 
1.62163e-10 -2.05338e-10 5.59592e-10 -2.90048e-09 -8.92441e-09 3.75746e-08 9.6894e-08 -4.20621e-07 -9.93982e-07 4.0293e-06 9.47055e-06 -3.32642e-05 -8.11117e-05 0.00024001 0.000602961 -0.00157331 -0.00377471 0.0101834 0.0201618 -0.0672522 -0.0734461 0.5 1.07345 1.06725 0.979838 0.989817 1.00377 1.00157 0.999397 0.99976 1.00008 1.00003 0.999991 0.999996 1 1 1 1 1 1 1 1 1 
2.05338e-10 -2.55849e-10 6.69506e-10 -3.59404e-09 -1.0827e-08 4.37032e-08 1.15388e-07 -4.65301e-07 -1.15842e-06 4.26137e-06 1.07191e-05 -3.38112e-05 -8.86049e-05 0.000236647 0.000634694 -0.00153055 -0.00384659 0.00998491 0.0201084 -0.0669203 -0.0729276 0.5 1.07293 1.06692 0.979892 0.990015 1.00385 1.00153 0.999365 0.999763 1.00009 1.00003 0.999989 0.999996 1 1 1 1 1 1 1 1 1 
2.55849e-10 -3.14694e-10 7.96188e-10 -4.35649e-09 -1.3042e-08 4.99254e-08 1.36302e-07 -5.06914e-07 -1.33652e-06 4.44709e-06 1.19965e-05 -3.39845e-05 -9.57442e-05 0.000231504 0.00066207 -0.0014846 -0.00389581 0.00980007 0.0200056 -0.0666693 -0.0724135 0.5 1.07241 1.06667 0.979994 0.9902 1.0039 1.00148 0.999338 0.999768 1.0001 1.00003 0.999988 0.999996 1 1 1 1 1 1 1 1 1 
3.14694e-10 -3.83081e-10 9.42446e-10 -5.17695e-09 -1.55963e-08 5.60819e-08 1.59632e-07 -5.44223e-07 -1.5263e-06 4.58131e-06 1.32803e-05 -3.37922e-05 -0.000102407 0.000224854 0.000684926 -0.00143716 -0.00392455 0.00963257 0.0198667 -0.0664924 -0.0719245 0.5 1.07192 1.06649 0.980133 0.990367 1.00392 1.00144 0.999315 0.999775 1.0001 1.00003 0.999987 0.999995 1 1 1 1 1 1 1 1 1 
3.83081e-10 -4.62418e-10 1.11114e-09 -6.0413e-09 -1.85105e-08 6.20007e-08 1.85289e-07 -5.7606e-07 -1.72528e-06 4.6603e-06 1.45478e-05 -3.32524e-05 -0.00010849 0.000216992 0.000703232 -0.00138973 -0.00393525 0.00948491 0.0197036 -0.0663818 -0.0714754 0.5 1.07148 1.06638 0.980296 0.990515 1.00394 1.00139 0.999297 0.999783 1.00011 1.00003 0.999985 0.999995 1 1 1 1 1 1 1 1 1 
4.62418e-10 -5.54279e-10 1.30498e-09 -6.93234e-09 -2.17972e-08 6.75021e-08 2.13104e-07 -6.01367e-07 -1.93055e-06 4.68195e-06 1.57764e-05 -3.23924e-05 -0.000113907 0.00020822 0.000717087 -0.00134366 -0.00393053 0.00935855 0.019527 -0.0663284 -0.0710766 0.5 1.07108 1.06633 0.980473 0.990641 1.00393 1.00134 0.999283 0.999792 1.00011 1.00003 0.999984 0.999995 1 1 1 1 1 1 1 1 1 
5.54279e-10 -6.60358e-10 1.52631e-09 -7.83016e-09 -2.54596e-08 7.24046e-08 2.42823e-07 -6.19237e-07 -2.1389e-06 4.64578e-06 1.69447e-05 -3.12474e-05 -0.000118598 0.000198844 0.0007267 -0.00130006 -0.00391307 0.00925402 0.0193458 -0.0663234 -0.0707341 0.5 1.07073 1.06632 0.980654 0.990746 1.00391 1.0013 0.999273 0.999801 1.00012 1.00003 0.999983 0.999995 1 1 1 1 1 1 1 1 1 
6.60358e-10 -7.82385e-10 1.77689e-09 -8.71262e-09 -2.949e-08 7.65313e-08 2.74113e-07 -6.28949e-07 -2.3469e-06 4.55293e-06 1.80332e-05 -2.98587e-05 -0.000122523 0.000189157 0.000732369 -0.00125985 -0.00388555 0.00917106 0.0191677 -0.0663575 -0.0704507 0.5 1.07045 1.06636 0.980832 0.990829 1.00389 1.00126 0.999268 0.999811 1.00012 1.00003 0.999982 0.999995 1 1 1 1 1 1 1 1 1 
7.82385e-10 -9.22048e-10 2.05772e-09 -9.55598e-09 -3.38689e-08 7.9716e-08 3.06573e-07 -6.29994e-07 -2.55102e-06 4.4061e-06 1.90249e-05 -2.8272e-05 -0.000125665 0.000179434 0.000734471 -0.00122371 -0.00385052 0.00910877 0.0189986 -0.0664221 -0.0702262 0.5 1.07023 1.06642 0.981001 0.990891 1.00385 1.00122 0.999266 0.999821 1.00013 1.00003 0.999981 0.999996 1 1 1 1 1 1 1 1 1 
9.22048e-10 -1.08089e-09 2.36889e-09 -1.03356e-08 -3.8565e-08 8.18096e-08 3.39741e-07 -6.22097e-07 -2.74779e-06 4.20945e-06 1.99056e-05 -2.65362e-05 -0.000128028 0.000169926 0.000733432 -0.00119212 -0.00381037 0.00906568 0.0188432 -0.0665089 -0.070058 0.5 1.07006 1.06651 0.981157 0.990934 1.00381 1.00119 0.999267 0.99983 1.00013 1.00003 0.99998 0.999996 1 1 1 1 1 1 1 1 1 
1.08089e-09 -1.26019e-09 2.70944e-09 -1.10268e-08 -4.35352e-08 8.2686e-08 3.73111e-07 -6.05225e-07 -2.93387e-06 3.96839e-06 2.06644e-05 -2.47009e-05 -0.000129638 0.000160853 0.000729718 -0.00116534 -0.00376727 0.00903998 0.0187046 -0.0666104 -0.0699421 0.5 1.06994 1.06661 0.981295 0.99096 1.00377 1.00117 0.99927 0.999839 1.00013 1.00002 0.999979 0.999996 1 1 1 1 1 1 1 1 1 
1.26019e-09 -1.4609e-09 3.07729e-09 -1.16054e-08 -4.87253e-08 8.22468e-08 4.06148e-07 -5.79592e-07 -3.1062e-06 3.68936e-06 2.1294e-05 -2.28156e-05 -0.000130534 0.000152399 0.000723809 -0.00114347 -0.00372315 0.00902954 0.018585 -0.0667202 -0.069873 0.5 1.06987 1.06672 0.981415 0.99097 1.00372 1.00114 0.999276 0.999848 1.00013 1.00002 0.999979 0.999996 1 1 1 1 1 1 1 1 1 
1.4609e-09 -1.68351e-09 3.46928e-09 -1.20492e-08 -5.40711e-08 8.04256e-08 4.38305e-07 -5.45649e-07 -3.26207e-06 3.37964e-06 2.17905e-05 -2.09275e-05 -0.000130775 0.000144713 0.000716189 -0.00112645 -0.00367965 0.0090321 0.0184853 -0.0668325 -0.0698448 0.5 1.06984 1.06683 0.981515 0.990968 1.00368 1.00113 0.999284 0.999855 1.00013 1.00002 0.999978 0.999997 1 1 1 1 1 1 1 1 1 
1.68351e-09 -1.92799e-09 3.88113e-09 -1.2338e-08 -5.95003e-08 7.7191e-08 4.69039e-07 -5.0407e-07 -3.39918e-06 3.04706e-06 2.21537e-05 -1.90805e-05 -0.000130427 0.000137907 0.000707326 -0.00111406 -0.00363813 0.00904535 0.0184057 -0.0669427 -0.0698507 0.5 1.06985 1.06694 0.981594 0.990955 1.00364 1.00111 0.999293 0.999862 1.00013 1.00002 0.999978 0.999997 1 1 1 1 1 1 1 1 1 
1.92799e-09 -2.19371e-09 4.30757e-09 -1.24549e-08 -6.49341e-08 7.25482e-08 4.97834e-07 -4.55726e-07 -3.51578e-06 2.69971e-06 2.23865e-05 -1.73143e-05 -0.000129569 0.000132055 0.000697663 -0.00110599 -0.00359968 0.00906699 0.0183454 -0.0670469 -0.0698843 0.5 1.06988 1.06705 0.981655 0.990933 1.0036 1.00111 0.999302 0.999868 1.00013 1.00002 0.999978 0.999997 1 1 1 1 1 1 1 1 1 
2.19371e-09 -2.47943e-09 4.74247e-09 -1.23868e-08 -7.02897e-08 6.65396e-08 5.2421e-07 -4.01658e-07 -3.61061e-06 2.34574e-06 2.24951e-05 -1.56631e-05 -0.000128284 0.000127195 0.000687608 -0.00110183 -0.00356509 0.00909482 0.0183034 -0.0671424 -0.0699392 0.5 1.06994 1.06714 0.981697 0.990905 1.00357 1.0011 0.999312 0.999873 1.00013 1.00002 0.999978 0.999998 1 1 0.999999 1 1 1 1 1 1 
2.47943e-09 -2.78324e-09 5.17903e-09 -1.2125e-08 -7.54825e-08 5.92438e-08 5.47743e-07 -3.43038e-07 -3.68301e-06 1.99306e-06 2.24881e-05 -1.41554e-05 -0.000126656 0.000123335 0.000677523 -0.00110111 -0.00353492 0.00912681 0.0182779 -0.0672271 -0.0700093 0.5 1.07001 1.06723 0.981722 0.990873 1.00353 1.0011 0.999322 0.999877 1.00013 1.00001 0.999978 0.999998 1 1 0.999999 1 1 1 1 1 1 
2.78324e-09 -3.10262e-09 5.60995e-09 -1.16652e-08 -8.04292e-08 5.07735e-08 5.68076e-07 -2.81137e-07 -3.73286e-06 1.64915e-06 2.23766e-05 -1.28133e-05 -0.000124772 0.000120451 0.000667725 -0.00110332 -0.00350946 0.00916113 0.0182669 -0.0672998 -0.0700891 0.5 1.07009 1.0673 0.981733 0.990839 1.00351 1.0011 0.999332 0.99988 1.00012 1.00001 0.999978 0.999998 1 1 0.999999 1 1 1 1 1 1 
3.10262e-09 -3.43441e-09 6.0277e-09 -1.10085e-08 -8.50495e-08 4.12723e-08 5.84928e-07 -2.17276e-07 -3.7606e-06 1.32082e-06 2.21733e-05 -1.16527e-05 -0.000122716 0.000118495 0.000658473 -0.00110795 -0.00348883 0.00919615 0.0182683 -0.0673598 -0.0701738 0.5 1.07017 1.06736 0.981732 0.990804 1.00349 1.00111 0.999342 0.999882 1.00012 1.00001 0.999978 0.999999 1 1 0.999999 1 1 1 1 1 1 
3.43441e-09 -3.77495e-09 6.42475e-09 -1.01604e-08 -8.92692e-08 3.09101e-08 5.98105e-07 -1.52792e-07 -3.76717e-06 1.01411e-06 2.18923e-05 -1.0683e-05 -0.000120565 0.000117399 0.000649978 -0.00111447 -0.00347295 0.00923051 0.01828 -0.0674072 -0.0702592 0.5 1.07026 1.06741 0.98172 0.990769 1.00347 1.00111 0.99935 0.999883 1.00012 1.00001 0.999978 0.999999 1 1 0.999999 1 1 1 1 1 1 
3.77495e-09 -4.12011e-09 6.79383e-09 -9.13182e-09 -9.30221e-08 1.98783e-08 6.07501e-07 -8.89955e-08 -3.75399e-06 7.34091e-07 2.15484e-05 -9.90771e-06 -0.000118393 0.000117078 0.000642394 -0.00112236 -0.00346159 0.00926311 0.0182996 -0.0674425 -0.070342 0.5 1.07034 1.06744 0.9817 0.990737 1.00346 1.00112 0.999358 0.999883 1.00012 1.00001 0.999978 0.999999 1 1 0.999999 1 1 1 1 1 1 
4.12011e-09 -4.46538e-09 7.12814e-09 -7.93788e-09 -9.6252e-08 8.38386e-09 6.13101e-07 -2.71326e-08 -3.72285e-06 4.84833e-07 2.11569e-05 -9.32473e-06 -0.000116263 0.000117434 0.000635828 -0.00113117 -0.00345442 0.00929307 0.0183251 -0.0674663 -0.0704194 0.5 1.07042 1.06747 0.981675 0.990707 1.00345 1.00113 0.999364 0.999883 1.00012 1.00001 0.999979 1 1 1 0.999999 1 1 1 1 1 1 
4.46538e-09 -4.80606e-09 7.42162e-09 -6.598e-09 -9.89144e-08 -3.35707e-09 6.14978e-07 3.16472e-08 -3.67589e-06 2.69327e-07 2.07326e-05 -8.92699e-06 -0.000114231 0.000118363 0.000630338 -0.00114045 -0.003451 0.00931976 0.0183545 -0.0674799 -0.0704894 0.5 1.07049 1.06748 0.981646 0.99068 1.00345 1.00114 0.99937 0.999882 1.00011 1.00001 0.999979 1 1 1 0.999999 1 1 1 1 1 1 
4.80606e-09 -5.13733e-09 7.6691e-09 -5.13516e-09 -1.00978e-07 -1.51251e-08 6.13289e-07 8.63206e-08 -3.61549e-06 8.94841e-08 2.02901e-05 -8.70311e-06 -0.000112343 0.000119757 0.00062594 -0.00114982 -0.00345084 0.00934278 0.018386 -0.0674845 -0.0705506 0.5 1.07055 1.06748 0.981614 0.990657 1.00345 1.00115 0.999374 0.99988 1.00011 1.00001 0.99998 1 1 1 0.999999 1 1 1 1 1 1 
5.13733e-09 -5.45439e-09 7.86652e-09 -3.57525e-09 -1.02424e-07 -2.67043e-08 6.0827e-07 1.36014e-07 -3.5442e-06 -5.38474e-08 1.98429e-05 -8.63816e-06 -0.000110635 0.000121508 0.000622615 -0.00115896 -0.00345343 0.0093619 0.0184182 -0.0674815 -0.0706023 0.5 1.0706 1.06748 0.981582 0.990638 1.00345 1.00116 0.999377 0.999878 1.00011 1.00001 0.99998 1 1 1 0.999999 1 1 1 1 1 1 
5.45439e-09 -5.75264e-09 8.01099e-09 -1.94629e-09 -1.03248e-07 -3.78876e-08 6.00224e-07 1.80019e-07 -3.46465e-06 -1.60822e-07 1.94033e-05 -8.71448e-06 -0.000109133 0.000123512 0.00062031 -0.00116759 -0.00345823 0.00937709 0.0184498 -0.0674724 -0.0706442 0.5 1.07064 1.06747 0.98155 0.990623 1.00346 1.00117 0.99938 0.999876 1.00011 1.00001 0.999981 1 1 1 0.999999 1 1 1 1 1 1 
5.75264e-09 -6.02776e-09 8.10093e-09 -2.77673e-10 -1.03461e-07 -4.8483e-08 5.8951e-07 2.17808e-07 -3.37949e-06 -2.32517e-07 1.89821e-05 -8.91244e-06 -0.000107855 0.000125672 0.000618949 -0.0011755 -0.00346472 0.00938844 0.0184796 -0.0674584 -0.0706763 0.5 1.07068 1.06746 0.98152 0.990612 1.00346 1.00118 0.999381 0.999874 1.00011 1.00001 0.999981 1 1 1 0.999999 1 1 1 1 1 1 
6.02776e-09 -6.27587e-09 8.13607e-09 1.40073e-09 -1.03085e-07 -5.83178e-08 5.76534e-07 2.49035e-07 -3.29128e-06 -2.70828e-07 1.85885e-05 -9.21123e-06 -0.000106809 0.000127898 0.000618435 -0.00118254 -0.0034724 0.00939618 0.0185069 -0.067441 -0.0706992 0.5 1.0707 1.06744 0.981493 0.990604 1.00347 1.00118 0.999382 0.999872 1.00011 1.00001 0.999981 1 1 1 0.999999 1 1 1 1 1 1 
6.27587e-09 -6.49365e-09 8.11745e-09 3.05937e-09 -1.02155e-07 -6.72433e-08 5.61732e-07 2.73535e-07 -3.20248e-06 -2.78346e-07 1.82301e-05 -9.58961e-06 -0.000105995 0.00013011 0.00061866 -0.00118861 -0.00348081 0.00940063 0.018531 -0.0674214 -0.0707135 0.5 1.07071 1.06742 0.981469 0.990599 1.00348 1.00119 0.999381 0.99987 1.00011 1.00001 0.999982 1 1 1 0.999999 1 1 1 1 1 1 
6.49365e-09 -6.67837e-09 8.0474e-09 4.66982e-09 -1.00717e-07 -7.51371e-08 5.45559e-07 2.91322e-07 -3.11533e-06 -2.58229e-07 1.79124e-05 -1.00266e-05 -0.000105406 0.000132242 0.000619505 -0.00119363 -0.00348954 0.00940216 0.0185517 -0.0674008 -0.0707203 0.5 1.07072 1.0674 0.981448 0.990598 1.00349 1.00119 0.99938 0.999868 1.00011 1.00001 0.999982 1 1 1 0.999999 1 1 1 1 1 1 
6.67837e-09 -6.82804e-09 7.9294e-09 6.20552e-09 -9.8828e-08 -8.19062e-08 5.28476e-07 3.02572e-07 -3.03185e-06 -2.14058e-07 1.76394e-05 -1.05019e-05 -0.000105029 0.000134236 0.000620852 -0.00119762 -0.00349823 0.00940119 0.0185687 -0.06738 -0.0707205 0.5 1.07072 1.06738 0.981431 0.990599 1.0035 1.0012 0.999379 0.999866 1.00011 1.00001 0.999982 1 1 1 0.999999 1 1 1 1 1 1 
6.82804e-09 -6.9414e-09 7.76799e-09 7.64243e-09 -9.65506e-08 -8.7488e-08 5.10936e-07 3.07611e-07 -2.95377e-06 -1.49701e-07 1.74134e-05 -1.09968e-05 -0.000104848 0.000136049 0.000622579 -0.00120058 -0.00350658 0.00939817 0.0185821 -0.0673598 -0.0707153 0.5 1.07072 1.06736 0.981418 0.990602 1.00351 1.0012 0.999377 0.999864 1.0001 1.00001 0.999983 1 1 1 0.999999 1 1 1 1 1 1 
6.9414e-09 -7.01798e-09 7.56859e-09 8.95958e-09 -9.39541e-08 -9.185e-08 4.93373e-07 3.06892e-07 -2.88255e-06 -6.91769e-08 1.7235e-05 -1.1494e-05 -0.000104841 0.000137649 0.000624573 -0.00120258 -0.00351436 0.00939352 0.0185919 -0.067341 -0.0707057 0.5 1.07071 1.06734 0.981408 0.990606 1.00351 1.0012 0.999375 0.999862 1.0001 1.00001 0.999983 1 1 1 1 1 1 1 1 1 1 
7.01798e-09 -7.05808e-09 7.33736e-09 1.01395e-08 -9.11115e-08 -9.49901e-08 4.7619e-07 3.0098e-07 -2.81929e-06 2.3474e-08 1.71034e-05 -1.19786e-05 -0.000104984 0.000139015 0.000626729 -0.00120369 -0.00352136 0.0093877 0.0185983 -0.0673239 -0.070693 0.5 1.07069 1.06732 0.981402 0.990612 1.00352 1.0012 0.999373 0.999861 1.0001 1.00001 0.999983 1 1 1 1 1 1 1 1 1 1 
7.05808e-09 -7.06277e-09 7.08095e-09 1.11687e-08 -8.80973e-08 -9.69344e-08 4.59754e-07 2.90522e-07 -2.76481e-06 1.24306e-07 1.70166e-05 -1.24376e-05 -0.000105253 0.000140136 0.000628949 -0.00120402 -0.00352749 0.00938108 0.0186018 -0.067309 -0.070678 0.5 1.07068 1.06731 0.981398 0.990619 1.00353 1.0012 0.999371 0.99986 1.00011 1.00001 0.999983 1 1 1 1 1 1 1 1 1 1 
7.06277e-09 -7.03383e-09 6.80633e-09 1.20374e-08 -8.49856e-08 -9.77352e-08 4.44384e-07 2.76226e-07 -2.71959e-06 2.29573e-07 1.69716e-05 -1.28607e-05 -0.000105621 0.000141011 0.00063115 -0.00120366 -0.00353264 0.00937405 0.0186026 -0.0672964 -0.0706619 0.5 1.07066 1.0673 0.981397 0.990626 1.00353 1.0012 0.999369 0.999859 1.00011 1.00001 0.999983 1 1 1 1 1 1 1 1 1 1 
7.03383e-09 -6.97368e-09 6.5206e-09 1.27402e-08 -8.18485e-08 -9.74683e-08 4.30348e-07 2.58836e-07 -2.68383e-06 3.35812e-07 1.69644e-05 -1.32397e-05 -0.000106063 0.000141647 0.00063326 -0.00120275 -0.0035368 0.00936691 0.0186011 -0.0672862 -0.0706452 0.5 1.07065 1.06729 0.981399 0.990633 1.00354 1.0012 0.999367 0.999858 1.00011 1.00001 0.999983 1 1 1 1 1 1 1 1 1 1 
6.97368e-09 -6.88532e-09 6.23073e-09 1.32757e-08 -7.87539e-08 -9.62291e-08 4.17862e-07 2.39109e-07 -2.65745e-06 4.39917e-07 1.69904e-05 -1.3569e-05 -0.000106555 0.000142058 0.000635223 -0.00120139 -0.00353998 0.00935995 0.0185979 -0.0672784 -0.0706289 0.5 1.07063 1.06728 0.981402 0.99064 1.00354 1.0012 0.999365 0.999858 1.00011 1.00001 0.999983 1 1 1 1 1 1 1 1 1 1 
6.88532e-09 -6.77223e-09 5.94346e-09 1.36462e-08 -7.57644e-08 -9.41294e-08 4.07083e-07 2.17794e-07 -2.64011e-06 5.39191e-07 1.70446e-05 -1.38451e-05 -0.000107075 0.000142262 0.000636993 -0.0011997 -0.00354221 0.00935339 0.0185932 -0.0672729 -0.0706134 0.5 1.07061 1.06727 0.981407 0.990647 1.00354 1.0012 0.999363 0.999858 1.00011 1.00001 0.999983 0.999999 1 1 1 1 1 1 1 1 1 
6.77223e-09 -6.63824e-09 5.66505e-09 1.38577e-08 -7.29356e-08 -9.12931e-08 3.98112e-07 1.9561e-07 -2.63126e-06 6.3138e-07 1.71219e-05 -1.40666e-05 -0.000107601 0.000142283 0.00063854 -0.00119779 -0.00354356 0.00934739 0.0185875 -0.0672694 -0.0705991 0.5 1.0706 1.06727 0.981412 0.990653 1.00354 1.0012 0.999361 0.999858 1.00011 1.00001 0.999983 0.999999 1 1 1 1 1 1 1 1 1 
6.63824e-09 -6.48745e-09 5.40119e-09 1.39195e-08 -7.03156e-08 -8.78521e-08 3.90996e-07 1.73231e-07 -2.6302e-06 7.1469e-07 1.7217e-05 -1.4234e-05 -0.000108117 0.000142146 0.000639845 -0.00119576 -0.00354414 0.0093421 0.0185812 -0.0672679 -0.0705865 0.5 1.07059 1.06727 0.981419 0.990658 1.00354 1.0012 0.99936 0.999858 1.00011 1.00001 0.999983 0.999999 1 1 1 1 1 1 1 1 1 
6.48745e-09 -6.32411e-09 5.15684e-09 1.38435e-08 -6.79439e-08 -8.39425e-08 3.85729e-07 1.51269e-07 -2.63605e-06 7.87793e-07 1.73246e-05 -1.43494e-05 -0.000108607 0.000141879 0.000640899 -0.0011937 -0.00354402 0.00933758 0.0185746 -0.067268 -0.0705757 0.5 1.07058 1.06727 0.981425 0.990662 1.00354 1.00119 0.999359 0.999858 1.00011 1.00001 0.999983 0.999999 1 1 1 1 1 1 1 1 1 
6.32411e-09 -6.15248e-09 4.93615e-09 1.3644e-08 -6.58511e-08 -7.97005e-08 3.82261e-07 1.30265e-07 -2.64785e-06 8.49809e-07 1.744e-05 -1.44161e-05 -0.000109059 0.00014151 0.000641704 -0.00119168 -0.00354334 0.00933387 0.018568 -0.0672695 -0.0705668 0.5 1.07057 1.06727 0.981432 0.990666 1.00354 1.00119 0.999358 0.999858 1.00011 1.00001 0.999983 0.999999 1 1 1 1 1 1 1 1 1 
6.15248e-09 -5.97677e-09 4.74242e-09 1.3337e-08 -6.40587e-08 -7.5259e-08 3.80497e-07 1.1068e-07 -2.66458e-06 9.00289e-07 1.75586e-05 -1.44387e-05 -0.000109464 0.000141064 0.00064227 -0.00118977 -0.0035422 0.00933099 0.0185617 -0.0672721 -0.0705598 0.5 1.07056 1.06727 0.981438 0.990669 1.00354 1.00119 0.999358 0.999859 1.00011 1.00001 0.999982 0.999999 1 1 1 1 1 1 1 1 1 
5.97677e-09 -5.801e-09 4.57802e-09 1.294e-08 -6.25794e-08 -7.07443e-08 3.80308e-07 9.28882e-08 -2.68518e-06 9.39173e-07 1.76764e-05 -1.44225e-05 -0.000109815 0.000140569 0.000642612 -0.00118802 -0.00354071 0.0093289 0.0185557 -0.0672755 -0.0705548 0.5 1.07055 1.06728 0.981444 0.990671 1.00354 1.00119 0.999357 0.999859 1.00011 1.00001 0.999982 0.999999 1 1 1 1 1 1 1 1 1 
5.801e-09 -5.6289e-09 4.44444e-09 1.2471e-08 -6.1417e-08 -6.62731e-08 3.81536e-07 7.71764e-08 -2.70861e-06 9.66754e-07 1.77899e-05 -1.43732e-05 -0.000110108 0.000140048 0.000642753 -0.00118647 -0.00353898 0.00932756 0.0185504 -0.0672795 -0.0705515 0.5 1.07055 1.06728 0.98145 0.990672 1.00354 1.00119 0.999357 0.99986 1.00011 1.00001 0.999982 0.999999 1 1 1 1 1 1 1 1 1 
5.6289e-09 -5.4639e-09 4.34225e-09 1.19482e-08 -6.05675e-08 -6.19507e-08 3.84e-07 6.37442e-08 -2.73386e-06 9.83623e-07 1.78961e-05 -1.42968e-05 -0.000110343 0.000139522 0.000642717 -0.00118513 -0.00353711 0.0093269 0.0185457 -0.0672838 -0.0705498 0.5 1.07055 1.06728 0.981454 0.990673 1.00354 1.00119 0.999357 0.99986 1.00011 1.00001 0.999982 0.999999 1 1 1 1 1 1 1 1 1 
5.4639e-09 -5.30898e-09 4.27119e-09 1.13895e-08 -6.00196e-08 -5.78685e-08 3.87507e-07 5.27067e-08 -2.75998e-06 9.90621e-07 1.79928e-05 -1.41996e-05 -0.000110519 0.00013901 0.000642532 -0.00118403 -0.00353518 0.00932683 0.0185418 -0.0672882 -0.0705495 0.5 1.07055 1.06729 0.981458 0.990673 1.00354 1.00118 0.999357 0.999861 1.00011 1.00001 0.999982 0.999999 1 1 1 1 1 1 1 1 1 
5.30898e-09 -5.16668e-09 4.23025e-09 1.08121e-08 -5.97554e-08 -5.41035e-08 3.91851e-07 4.41001e-08 -2.78612e-06 9.88781e-07 1.80781e-05 -1.40875e-05 -0.000110639 0.000138526 0.000642227 -0.00118317 -0.00353329 0.00932727 0.0185386 -0.0672925 -0.0705504 0.5 1.07055 1.06729 0.981461 0.990673 1.00353 1.00118 0.999358 0.999861 1.00011 1.00001 0.999982 0.999999 1 1 1 1 1 1 1 1 1 
5.16668e-09 -5.03904e-09 4.21769e-09 1.02321e-08 -5.97518e-08 -5.07171e-08 3.96829e-07 3.78885e-08 -2.8115e-06 9.79279e-07 1.81509e-05 -1.3966e-05 -0.000110707 0.000138082 0.000641829 -0.00118253 -0.00353147 0.00932812 0.0185362 -0.0672966 -0.0705522 0.5 1.07055 1.0673 0.981464 0.990672 1.00353 1.00118 0.999358 0.999862 1.00011 1.00001 0.999982 0.999999 1 1 1 1 1 1 1 1 1 
5.03904e-09 -4.92761e-09 4.23122e-09 9.66426e-09 -5.99814e-08 -4.77546e-08 4.02238e-07 3.39725e-08 -2.83547e-06 9.63376e-07 1.82105e-05 -1.38405e-05 -0.000110728 0.000137689 0.000641367 -0.00118212 -0.0035298 0.00932928 0.0185346 -0.0673004 -0.0705548 0.5 1.07055 1.0673 0.981465 0.990671 1.00353 1.00118 0.999359 0.999862 1.00011 1.00001 0.999982 0.999999 1 1 1 1 1 1 1 1 1 
4.92761e-09 -4.83339e-09 4.26806e-09 9.12137e-09 -6.04135e-08 -4.52462e-08 4.07887e-07 3.21986e-08 -2.8575e-06 9.42372e-07 1.8257e-05 -1.37154e-05 -0.000110709 0.000137351 0.000640865 -0.0011819 -0.00352831 0.00933066 0.0185336 -0.0673037 -0.070558 0.5 1.07056 1.0673 0.981466 0.990669 1.00353 1.00118 0.999359 0.999863 1.00011 1.00001 0.999982 0.999999 1 1 1 1 1 1 1 1 1 
4.83339e-09 -4.75693e-09 4.32505e-09 8.61452e-09 -6.10151e-08 -4.32071e-08 4.13596e-07 3.23697e-08 -2.87717e-06 9.17564e-07 1.82905e-05 -1.35949e-05 -0.000110654 0.000137073 0.000640347 -0.00118187 -0.00352702 0.00933218 0.0185332 -0.0673066 -0.0705614 0.5 1.07056 1.06731 0.981467 0.990668 1.00353 1.00118 0.99936 0.999863 1.00011 1.00001 0.999982 0.999999 1 1 1 1 1 1 1 1 1 
4.75693e-09 -4.69826e-09 4.3988e-09 8.15271e-09 -6.17525e-08 -4.16383e-08 4.19206e-07 3.42548e-08 -2.89419e-06 8.90203e-07 1.83116e-05 -1.34821e-05 -0.000110573 0.000136855 0.000639834 -0.00118198 -0.00352595 0.00933377 0.0185334 -0.067309 -0.070565 0.5 1.07056 1.06731 0.981467 0.990666 1.00353 1.00118 0.99936 0.999863 1.00011 1.00001 0.999982 0.999999 1 1 1 1 1 1 1 1 1 
4.69826e-09 -4.65702e-09 4.48578e-09 7.7429e-09 -6.25916e-08 -4.05288e-08 4.24574e-07 3.76001e-08 -2.90836e-06 8.61461e-07 1.83215e-05 -1.33797e-05 -0.000110469 0.000136695 0.000639341 -0.00118222 -0.0035251 0.00933535 0.018534 -0.0673109 -0.0705686 0.5 1.07057 1.06731 0.981466 0.990665 1.00353 1.00118 0.999361 0.999863 1.00011 1.00001 0.999982 0.999999 1 1 1 1 1 1 1 1 1 
4.65702e-09 -4.63241e-09 4.58244e-09 7.38998e-09 -6.34996e-08 -3.9856e-08 4.29581e-07 4.21384e-08 -2.91963e-06 8.32408e-07 1.83213e-05 -1.32896e-05 -0.000110352 0.000136592 0.000638884 -0.00118256 -0.00352448 0.00933687 0.0185349 -0.0673122 -0.070572 0.5 1.07057 1.06731 0.981465 0.990663 1.00352 1.00118 0.999361 0.999863 1.00011 1.00001 0.999982 0.999999 1 1 1 1 1 1 1 1 1 
4.63241e-09 -4.62334e-09 4.68531e-09 7.09682e-09 -6.44448e-08 -3.95884e-08 4.34132e-07 4.75984e-08 -2.928e-06 8.03988e-07 1.83122e-05 -1.3213e-05 -0.000110225 0.000136539 0.000638473 -0.00118297 -0.00352406 0.00933828 0.0185361 -0.0673131 -0.0705752 0.5 1.07058 1.06731 0.981464 0.990662 1.00352 1.00118 0.999362 0.999863 1.00011 1.00001 0.999982 0.999999 1 1 1 1 1 1 1 1 1 
4.62334e-09 -4.62839e-09 4.79107e-09 6.86445e-09 -6.53982e-08 -3.96867e-08 4.38153e-07 5.37133e-08 -2.93358e-06 7.77007e-07 1.82959e-05 -1.31506e-05 -0.000110096 0.000136532 0.000638115 -0.00118342 -0.00352383 0.00933956 0.0185375 -0.0673135 -0.070578 0.5 1.07058 1.06731 0.981463 0.99066 1.00352 1.00118 0.999362 0.999863 1.00011 1.00001 0.999982 0.999999 1 1 1 1 1 1 1 1 1 
4.62839e-09 -4.64595e-09 4.89665e-09 6.69213e-09 -6.63337e-08 -4.01062e-08 4.41594e-07 6.02281e-08 -2.93655e-06 7.52124e-07 1.82739e-05 -1.31024e-05 -0.000109968 0.000136563 0.000637815 -0.0011839 -0.00352377 0.00934066 0.0185389 -0.0673136 -0.0705805 0.5 1.07058 1.06731 0.981461 0.990659 1.00352 1.00118 0.999362 0.999863 1.00011 1.00001 0.999982 0.999999 1 1 1 1 1 1 1 1 1 
4.64595e-09 -4.67424e-09 4.99929e-09 6.57762e-09 -6.72284e-08 -4.07981e-08 4.44428e-07 6.69056e-08 -2.93714e-06 7.29849e-07 1.82475e-05 -1.30682e-05 -0.000109845 0.000136628 0.000637575 -0.00118438 -0.00352386 0.00934159 0.0185404 -0.0673134 -0.0705826 0.5 1.07058 1.06731 0.98146 0.990658 1.00352 1.00118 0.999362 0.999863 1.00011 1.00001 0.999982 0.999999 1 1 1 1 1 1 1 1 1 
4.67424e-09 -4.7114e-09 5.09658e-09 6.51736e-09 -6.8063e-08 -4.17119e-08 4.46646e-07 7.35315e-08 -2.93563e-06 7.10545e-07 1.82182e-05 -1.3047e-05 -0.000109732 0.000136718 0.000637394 -0.00118485 -0.00352407 0.00934233 0.0185419 -0.0673129 -0.0705842 0.5 1.07058 1.06731 0.981458 0.990658 1.00352 1.00118 0.999363 0.999863 1.00011 1.00001 0.999982 0.999999 1 1 1 1 1 1 1 1 1 
4.7114e-09 -4.75551e-09 5.18649e-09 6.50671e-09 -6.8822e-08 -4.27962e-08 4.4826e-07 7.99184e-08 -2.93233e-06 6.94436e-07 1.81874e-05 -1.30378e-05 -0.00010963 0.000136826 0.00063727 -0.00118528 -0.00352438 0.00934288 0.0185433 -0.0673121 -0.0705854 0.5 1.07059 1.06731 0.981457 0.990657 1.00352 1.00119 0.999363 0.999863 1.00011 1.00001 0.999982 0.999999 1 1 1 1 1 1 1 1 1 
4.75551e-09 -4.80467e-09 5.26741e-09 6.54017e-09 -6.94938e-08 -4.4001e-08 4.49295e-07 8.59078e-08 -2.92757e-06 6.81618e-07 1.81563e-05 -1.30392e-05 -0.000109541 0.000136947 0.000637199 -0.00118568 -0.00352475 0.00934326 0.0185445 -0.0673113 -0.0705862 0.5 1.07059 1.06731 0.981455 0.990657 1.00352 1.00119 0.999363 0.999863 1.00011 1.00001 0.999982 0.999999 1 1 1 1 1 1 1 1 1 
4.80467e-09 -4.85704e-09 5.33813e-09 6.61167e-09 -7.00702e-08 -4.52785e-08 4.49792e-07 9.13719e-08 -2.92166e-06 6.72068e-07 1.8126e-05 -1.30497e-05 -0.000109467 0.000137074 0.000637175 -0.00118603 -0.00352517 0.00934348 0.0185456 -0.0673103 -0.0705867 0.5 1.07059 1.06731 0.981454 0.990657 1.00353 1.00119 0.999363 0.999863 1.00011 1.00001 0.999982 0.999999 1 1 1 1 1 1 1 1 1 
4.85704e-09 -4.91092e-09 5.39786e-09 6.71475e-09 -7.05468e-08 -4.65844e-08 4.49801e-07 9.62137e-08 -2.91495e-06 6.65666e-07 1.80972e-05 -1.30677e-05 -0.000109408 0.000137203 0.000637193 -0.00118633 -0.00352562 0.00934355 0.0185466 -0.0673093 -0.0705868 0.5 1.07059 1.06731 0.981453 0.990656 1.00353 1.00119 0.999363 0.999863 1.00011 1.00001 0.999982 0.999999 1 1 1 1 1 1 1 1 1 
4.91092e-09 -4.9647e-09 5.44619e-09 6.84281e-09 -7.09224e-08 -4.78787e-08 4.49382e-07 1.00366e-07 -2.90773e-06 6.62204e-07 1.80708e-05 -1.30915e-05 -0.000109364 0.000137327 0.000637245 -0.00118657 -0.00352607 0.00934349 0.0185474 -0.0673083 -0.0705867 0.5 1.07059 1.06731 0.981453 0.990657 1.00353 1.00119 0.999363 0.999863 1.00011 1.00001 0.999982 0.999999 1 1 1 1 1 1 1 1 1 
4.9647e-09 -5.01699e-09 5.48306e-09 6.9893e-09 -7.11987e-08 -4.91262e-08 4.48599e-07 1.03791e-07 -2.90029e-06 6.6141e-07 1.80473e-05 -1.31196e-05 -0.000109333 0.000137445 0.000637325 -0.00118675 -0.0035265 0.00934333 0.018548 -0.0673074 -0.0705863 0.5 1.07059 1.06731 0.981452 0.990657 1.00353 1.00119 0.999363 0.999863 1.00011 1.00001 0.999982 0.999999 1 1 1 1 1 1 1 1 1 
5.01699e-09 -5.06655e-09 5.50875e-09 7.14793e-09 -7.13801e-08 -5.02975e-08 4.47519e-07 1.06477e-07 -2.8929e-06 6.62962e-07 1.80271e-05 -1.31504e-05 -0.000109316 0.000137552 0.000637426 -0.00118688 -0.00352691 0.00934309 0.0185484 -0.0673065 -0.0705857 0.5 1.07059 1.06731 0.981452 0.990657 1.00353 1.00119 0.999363 0.999862 1.00011 1.00001 0.999982 0.999999 1 1 1 1 1 1 1 1 1 
5.06655e-09 -5.11239e-09 5.52383e-09 7.31277e-09 -7.1473e-08 -5.13684e-08 4.4621e-07 1.08434e-07 -2.88576e-06 6.66503e-07 1.80104e-05 -1.31824e-05 -0.000109311 0.000137646 0.000637541 -0.00118696 -0.00352729 0.00934278 0.0185487 -0.0673057 -0.070585 0.5 1.07059 1.06731 0.981451 0.990657 1.00353 1.00119 0.999362 0.999862 1.00011 1.00001 0.999982 0.999999 1 1 1 1 1 1 1 1 1 
5.11239e-09 -5.15369e-09 5.52907e-09 7.4784e-09 -7.14857e-08 -5.23208e-08 4.44738e-07 1.09696e-07 -2.87908e-06 6.71661e-07 1.79973e-05 -1.32145e-05 -0.000109317 0.000137727 0.000637664 -0.00118699 -0.00352762 0.00934243 0.0185488 -0.067305 -0.0705842 0.5 1.07058 1.0673 0.981451 0.990658 1.00353 1.00119 0.999362 0.999862 1.00011 1.00001 0.999982 0.999999 1 1 1 1 1 1 1 1 1 
5.15369e-09 -5.18988e-09 5.52548e-09 7.64003e-09 -7.14276e-08 -5.3142e-08 4.43167e-07 1.10312e-07 -2.873e-06 6.78057e-07 1.79876e-05 -1.32456e-05 -0.000109331 0.000137793 0.00063779 -0.00118699 -0.0035279 0.00934206 0.0185488 -0.0673044 -0.0705834 0.5 1.07058 1.0673 0.981451 0.990658 1.00353 1.00119 0.999362 0.999862 1.00011 1.00001 0.999982 0.999999 1 1 1 1 1 1 1 1 1 
5.18988e-09 -5.22056e-09 5.51417e-09 7.79353e-09 -7.13092e-08 -5.38245e-08 4.41556e-07 1.10344e-07 -2.86763e-06 6.85325e-07 1.79814e-05 -1.32747e-05 -0.000109352 0.000137844 0.000637913 -0.00118695 -0.00352812 0.00934169 0.0185487 -0.0673039 -0.0705826 0.5 1.07058 1.0673 0.981451 0.990658 1.00353 1.00119 0.999362 0.999862 1.00011 1.00001 0.999982 0.999999 1 1 1 1 1 1 1 1 1 
5.22056e-09 -5.24555e-09 5.49636e-09 7.93551e-09 -7.11413e-08 -5.43659e-08 4.39956e-07 1.09865e-07 -2.86304e-06 6.93117e-07 1.79783e-05 -1.33011e-05 -0.000109378 0.00013788 0.000638031 -0.00118688 -0.0035283 0.00934132 0.0185485 -0.0673036 -0.0705818 0.5 1.07058 1.0673 0.981452 0.990659 1.00353 1.00119 0.999362 0.999862 1.00011 1.00001 0.999982 0.999999 1 1 1 1 1 1 1 1 1 
5.24555e-09 -5.26484e-09 5.47332e-09 8.06331e-09 -7.0935e-08 -5.47681e-08 4.38414e-07 1.08954e-07 -2.8593e-06 7.01113e-07 1.7978e-05 -1.33244e-05 -0.000109408 0.000137903 0.000638138 -0.00118679 -0.00352842 0.00934097 0.0185482 -0.0673034 -0.070581 0.5 1.07058 1.0673 0.981452 0.990659 1.00353 1.00119 0.999362 0.999862 1.00011 1.00001 0.999982 0.999999 1 1 1 1 1 1 1 1 1 
5.26484e-09 -5.27858e-09 5.44633e-09 8.17498e-09 -7.0701e-08 -5.50368e-08 4.36968e-07 1.07693e-07 -2.85639e-06 7.09029e-07 1.79801e-05 -1.33441e-05 -0.00010944 0.000137913 0.000638235 -0.00118668 -0.00352849 0.00934066 0.0185479 -0.0673032 -0.0705803 0.5 1.07058 1.0673 0.981452 0.990659 1.00353 1.00119 0.999362 0.999862 1.00011 1.00001 0.999982 0.999999 1 1 1 1 1 1 1 1 1 
5.27858e-09 -5.28706e-09 5.41663e-09 8.26929e-09 -7.04495e-08 -5.5181e-08 4.35649e-07 1.06166e-07 -2.8543e-06 7.16619e-07 1.79843e-05 -1.33601e-05 -0.000109473 0.000137912 0.000638317 -0.00118657 -0.00352852 0.00934038 0.0185476 -0.0673032 -0.0705797 0.5 1.07058 1.0673 0.981452 0.99066 1.00353 1.00119 0.999362 0.999862 1.00011 1.00001 0.999982 0.999999 1 1 1 1 1 1 1 1 1 
5.28706e-09 -5.29067e-09 5.38538e-09 8.34566e-09 -7.01902e-08 -5.52122e-08 4.34481e-07 1.04453e-07 -2.853e-06 7.23681e-07 1.79901e-05 -1.33724e-05 -0.000109505 0.000137902 0.000638385 -0.00118645 -0.00352852 0.00934014 0.0185472 -0.0673032 -0.0705792 0.5 1.07058 1.0673 0.981453 0.99066 1.00353 1.00119 0.999362 0.999862 1.00011 1.00001 0.999982 0.999999 1 1 1 1 1 1 1 1 1 
5.29067e-09 -5.2899e-09 5.35368e-09 8.4041e-09 -6.99316e-08 -5.51437e-08 4.33479e-07 1.0263e-07 -2.85243e-06 7.30057e-07 1.79971e-05 -1.3381e-05 -0.000109535 0.000137884 0.000638439 -0.00118634 -0.00352848 0.00933995 0.0185469 -0.0673033 -0.0705788 0.5 1.07058 1.0673 0.981453 0.99066 1.00353 1.00119 0.999362 0.999862 1.00011 1.00001 0.999982 0.999999 1 1 1 1 1 1 1 1 1 
5.2899e-09 -5.28533e-09 5.3225e-09 8.44515e-09 -6.96812e-08 -5.49903e-08 4.32652e-07 1.00767e-07 -2.85249e-06 7.3563e-07 1.80049e-05 -1.33862e-05 -0.000109564 0.00013786 0.000638478 -0.00118623 -0.00352842 0.0093398 0.0185465 -0.0673035 -0.0705785 0.5 1.07058 1.0673 0.981453 0.99066 1.00353 1.00119 0.999362 0.999862 1.00011 1.00001 0.999982 0.999999 1 1 1 1 1 1 1 1 1 
5.28533e-09 -5.27753e-09 5.29267e-09 8.4698e-09 -6.94454e-08 -5.47674e-08 4.32003e-07 9.89272e-08 -2.85313e-06 7.40325e-07 1.80131e-05 -1.33882e-05 -0.000109589 0.000137832 0.000638503 -0.00118612 -0.00352833 0.00933969 0.0185462 -0.0673037 -0.0705783 0.5 1.07058 1.0673 0.981454 0.99066 1.00353 1.00119 0.999361 0.999862 1.00011 1.00001 0.999982 0.999999 1 1 1 1 1 1 1 1 1 
5.27753e-09 -5.26714e-09 5.26491e-09 8.47938e-09 -6.92292e-08 -5.44905e-08 4.31528e-07 9.71638e-08 -2.85422e-06 7.44107e-07 1.80215e-05 -1.33875e-05 -0.000109611 0.000137801 0.000638516 -0.00118603 -0.00352823 0.00933962 0.018546 -0.0673039 -0.0705782 0.5 1.07058 1.0673 0.981454 0.99066 1.00353 1.00119 0.999361 0.999862 1.00011 1.00001 0.999982 0.999999 1 1 1 1 1 1 1 1 1 
5.26714e-09 -5.25477e-09 5.23978e-09 8.47552e-09 -6.90366e-08 -5.41748e-08 4.3122e-07 9.55215e-08 -2.8557e-06 7.46972e-07 1.80297e-05 -1.33844e-05 -0.000109628 0.000137769 0.000638517 -0.00118595 -0.00352813 0.0093396 0.0185457 -0.0673042 -0.0705781 0.5 1.07058 1.0673 0.981454 0.99066 1.00353 1.00119 0.999361 0.999862 1.00011 1.00001 0.999982 0.999999 1 1 1 1 1 1 1 1 1 
5.25477e-09 -5.24102e-09 5.21768e-09 8.46006e-09 -6.88702e-08 -5.38348e-08 4.31066e-07 9.40356e-08 -2.85744e-06 7.48949e-07 1.80375e-05 -1.33794e-05 -0.000109643 0.000137737 0.000638509 -0.00118589 -0.00352802 0.0093396 0.0185455 -0.0673044 -0.0705782 0.5 1.07058 1.0673 0.981454 0.99066 1.00353 1.00119 0.999361 0.999862 1.00011 1.00001 0.999982 0.999999 1 1 1 1 1 1 1 1 1 
5.24102e-09 -5.22647e-09 5.19889e-09 8.43492e-09 -6.87317e-08 -5.34838e-08 4.31052e-07 9.27318e-08 -2.85938e-06 7.50092e-07 1.80446e-05 -1.33729e-05 -0.000109653 0.000137706 0.000638493 -0.00118583 -0.00352791 0.00933963 0.0185454 -0.0673046 -0.0705783 0.5 1.07058 1.0673 0.981455 0.99066 1.00353 1.00119 0.999362 0.999862 1.00011 1.00001 0.999982 0.999999 1 1 1 1 1 1 1 1 1 
5.22647e-09 -5.21164e-09 5.18357e-09 8.4021e-09 -6.86217e-08 -5.31339e-08 4.31159e-07 9.16271e-08 -2.86141e-06 7.50473e-07 1.80509e-05 -1.33653e-05 -0.00010966 0.000137677 0.000638471 -0.0011858 -0.00352781 0.00933968 0.0185452 -0.0673048 -0.0705784 0.5 1.07058 1.0673 0.981455 0.99066 1.00353 1.00119 0.999362 0.999862 1.00011 1.00001 0.999982 0.999999 1 1 1 1 1 1 1 1 1 
5.21164e-09 -5.19699e-09 5.17173e-09 8.36358e-09 -6.85397e-08 -5.27955e-08 4.31368e-07 9.07299e-08 -2.86347e-06 7.50181e-07 1.80564e-05 -1.33571e-05 -0.000109663 0.000137652 0.000638444 -0.00118577 -0.00352771 0.00933975 0.0185452 -0.067305 -0.0705785 0.5 1.07058 1.06731 0.981455 0.99066 1.00353 1.00119 0.999362 0.999862 1.00011 1.00001 0.999982 0.999999 1 1 1 1 1 1 1 1 1 
5.19699e-09 -5.18293e-09 5.16329e-09 8.32124e-09 -6.84846e-08 -5.24774e-08 4.3166e-07 9.00413e-08 -2.86548e-06 7.49315e-07 1.80609e-05 -1.33486e-05 -0.000109663 0.000137629 0.000638414 -0.00118576 -0.00352763 0.00933983 0.0185451 -0.0673052 -0.0705787 0.5 1.07058 1.06731 0.981455 0.99066 1.00353 1.00119 0.999362 0.999862 1.00011 1.00001 0.999982 0.999999 1 1 1 1 1 1 1 1 1 
5.18293e-09 -5.16981e-09 5.15808e-09 8.27686e-09 -6.84545e-08 -5.21866e-08 4.32016e-07 8.95554e-08 -2.86738e-06 7.47979e-07 1.80644e-05 -1.33401e-05 -0.000109661 0.00013761 0.000638383 -0.00118575 -0.00352755 0.00933992 0.0185451 -0.0673054 -0.0705789 0.5 1.07058 1.06731 0.981455 0.99066 1.00353 1.00119 0.999362 0.999862 1.00011 1.00001 0.999982 0.999999 1 1 1 1 1 1 1 1 1 
5.16981e-09 -5.15787e-09 5.15585e-09 8.23204e-09 -6.84472e-08 -5.19284e-08 4.32415e-07 8.92611e-08 -2.86914e-06 7.4628e-07 1.8067e-05 -1.33319e-05 -0.000109657 0.000137595 0.000638351 -0.00118576 -0.00352749 0.00934001 0.0185451 -0.0673055 -0.0705791 0.5 1.07058 1.06731 0.981455 0.99066 1.00353 1.00119 0.999362 0.999862 1.00011 1.00001 0.999982 0.999999 1 1 1 1 1 1 1 1 1 
5.15787e-09 -5.14734e-09 5.15629e-09 8.1882e-09 -6.84598e-08 -5.17065e-08 4.32839e-07 8.91423e-08 -2.8707e-06 7.44321e-07 1.80686e-05 -1.33243e-05 -0.000109651 0.000137584 0.000638321 -0.00118577 -0.00352744 0.00934011 0.0185452 -0.0673056 -0.0705793 0.5 1.07058 1.06731 0.981455 0.99066 1.00353 1.00119 0.999362 0.999862 1.00011 1.00001 0.999982 0.999999 1 1 1 1 1 1 1 1 1 
5.14734e-09 -5.13833e-09 5.15905e-09 8.14656e-09 -6.84894e-08 -5.1523e-08 4.33273e-07 8.91798e-08 -2.87206e-06 7.42201e-07 1.80694e-05 -1.33174e-05 -0.000109644 0.000137576 0.000638293 -0.00118579 -0.00352741 0.00934019 0.0185452 -0.0673056 -0.0705795 0.5 1.07058 1.06731 0.981455 0.99066 1.00353 1.00119 0.999362 0.999862 1.00011 1.00001 0.999982 0.999999 1 1 1 1 1 1 1 1 1 
5.13833e-09 -5.13093e-09 5.16375e-09 8.10809e-09 -6.85329e-08 -5.13783e-08 4.33702e-07 8.93519e-08 -2.87318e-06 7.40011e-07 1.80695e-05 -1.33115e-05 -0.000109636 0.000137572 0.000638267 -0.00118582 -0.00352739 0.00934027 0.0185453 -0.0673057 -0.0705797 0.5 1.07058 1.06731 0.981455 0.99066 1.00353 1.00119 0.999362 0.999862 1.00011 1.00001 0.999982 0.999999 1 1 1 1 1 1 1 1 1 
5.13093e-09 -5.12515e-09 5.17001e-09 8.07357e-09 -6.8587e-08 -5.12719e-08 4.34112e-07 8.96353e-08 -2.87407e-06 7.37832e-07 1.80689e-05 -1.33064e-05 -0.000109627 0.000137571 0.000638245 -0.00118585 -0.00352737 0.00934034 0.0185454 -0.0673057 -0.0705798 0.5 1.07058 1.06731 0.981455 0.99066 1.00353 1.00119 0.999362 0.999862 1.00011 1.00001 0.999982 0.999999 1 1 1 1 1 1 1 1 1 
5.12515e-09 -5.12095e-09 5.17744e-09 8.04353e-09 -6.86488e-08 -5.12021e-08 4.34493e-07 9.00065e-08 -2.87473e-06 7.35735e-07 1.80677e-05 -1.33024e-05 -0.000109618 0.000137572 0.000638226 -0.00118588 -0.00352737 0.00934041 0.0185455 -0.0673057 -0.07058 0.5 1.07058 1.06731 0.981455 0.99066 1.00353 1.00119 0.999362 0.999862 1.00011 1.00001 0.999982 0.999999 1 1 1 1 1 1 1 1 1 
5.12095e-09 -5.11825e-09 5.18565e-09 8.01831e-09 -6.87153e-08 -5.11661e-08 4.34838e-07 9.0442e-08 -2.87516e-06 7.33776e-07 1.80661e-05 -1.32994e-05 -0.00010961 0.000137576 0.000638211 -0.0011859 -0.00352738 0.00934046 0.0185456 -0.0673057 -0.0705801 0.5 1.07058 1.06731 0.981454 0.99066 1.00353 1.00119 0.999362 0.999862 1.00011 1.00001 0.999982 0.999999 1 1 1 1 1 1 1 1 1 
5.11825e-09 -5.11695e-09 5.19431e-09 7.99806e-09 -6.87838e-08 -5.11606e-08 4.35141e-07 9.09196e-08 -2.87539e-06 7.32003e-07 1.80641e-05 -1.32973e-05 -0.000109602 0.000137581 0.000638199 -0.00118593 -0.00352739 0.0093405 0.0185456 -0.0673056 -0.0705801 0.5 1.07058 1.06731 0.981454 0.99066 1.00353 1.00119 0.999362 0.999862 1.00011 1.00001 0.999982 0.999999 1 1 1 1 1 1 1 1 1 
5.11695e-09 -5.11689e-09 5.20309e-09 7.98276e-09 -6.8852e-08 -5.11817e-08 4.35397e-07 9.14184e-08 -2.87543e-06 7.30448e-07 1.8062e-05 -1.32962e-05 -0.000109595 0.000137588 0.000638191 -0.00118596 -0.00352741 0.00934053 0.0185457 -0.0673056 -0.0705802 0.5 1.07058 1.06731 0.981454 0.990659 1.00353 1.00119 0.999362 0.999862 1.00011 1.00001 0.999982 0.999999 1 1 1 1 1 1 1 1 1 
5.11689e-09 -5.11792e-09 5.2117e-09 7.97222e-09 -6.89177e-08 -5.12253e-08 4.35604e-07 9.19199e-08 -2.87531e-06 7.29133e-07 1.80597e-05 -1.32959e-05 -0.000109589 0.000137596 0.000638187 -0.00118598 -0.00352743 0.00934055 0.0185458 -0.0673055 -0.0705802 0.5 1.07058 1.06731 0.981454 0.990659 1.00353 1.00119 0.999362 0.999862 1.00011 1.00001 0.999982 0.999999 1 1 1 1 1 1 1 1 1 
5.11792e-09 -5.11987e-09 5.2199e-09 7.96614e-09 -6.89793e-08 -5.1287e-08 4.35764e-07 9.24076e-08 -2.87505e-06 7.2807e-07 1.80575e-05 -1.32962e-05 -0.000109584 0.000137604 0.000638185 -0.00118601 -0.00352746 0.00934056 0.0185459 -0.0673055 -0.0705802 0.5 1.07058 1.06731 0.981454 0.990659 1.00353 1.00119 0.999362 0.999862 1.00011 1.00001 0.999982 0.999999 1 1 1 1 1 1 1 1 1 
5.11987e-09 -5.12256e-09 5.2275e-09 7.96413e-09 -6.90354e-08 -5.13624e-08 4.35876e-07 9.28679e-08 -2.87468e-06 7.2726e-07 1.80552e-05 -1.32972e-05 -0.000109579 0.000137612 0.000638186 -0.00118602 -0.00352749 0.00934056 0.0185459 -0.0673054 -0.0705802 0.5 1.07058 1.06731 0.981454 0.990659 1.00353 1.00119 0.999362 0.999862 1.00011 1.00001 0.999982 0.999999 1 1 1 1 1 1 1 1 1 
5.12256e-09 -5.1258e-09 5.23433e-09 7.96571e-09 -6.9085e-08 -5.14474e-08 4.35943e-07 9.32896e-08 -2.87423e-06 7.26696e-07 1.80531e-05 -1.32987e-05 -0.000109576 0.000137621 0.00063819 -0.00118604 -0.00352751 0.00934056 0.018546 -0.0673054 -0.0705802 0.5 1.07058 1.06731 0.981454 0.990659 1.00353 1.00119 0.999362 0.999862 1.00011 1.00001 0.999982 0.999999 1 1 1 1 1 1 1 1 1 
5.1258e-09 -5.12943e-09 5.24029e-09 7.97035e-09 -6.91274e-08 -5.1538e-08 4.35971e-07 9.36645e-08 -2.87372e-06 7.26363e-07 1.80512e-05 -1.33006e-05 -0.000109574 0.000137628 0.000638195 -0.00118605 -0.00352754 0.00934054 0.018546 -0.0673053 -0.0705802 0.5 1.07058 1.06731 0.981454 0.990659 1.00353 1.00119 0.999362 0.999862 1.00011 1.00001 0.999982 0.999999 1 1 1 1 1 1 1 1 1 
5.12943e-09 -5.13328e-09 5.2453e-09 7.97751e-09 -6.91621e-08 -5.16306e-08 4.35962e-07 9.39868e-08 -2.87317e-06 7.26241e-07 1.80495e-05 -1.33027e-05 -0.000109572 0.000137635 0.000638201 -0.00118606 -0.00352757 0.00934053 0.018546 -0.0673052 -0.0705802 0.5 1.07058 1.06731 0.981454 0.990659 1.00353 1.00119 0.999362 0.999862 1.00011 1.00001 0.999982 0.999999 1 1 1 1 1 1 1 1 1 
5.13328e-09 -5.13721e-09 5.24934e-09 7.98662e-09 -6.91893e-08 -5.17221e-08 4.35922e-07 9.42531e-08 -2.87262e-06 7.26307e-07 1.8048e-05 -1.3305e-05 -0.000109572 0.000137642 0.000638209 -0.00118606 -0.00352759 0.00934051 0.018546 -0.0673052 -0.0705801 0.5 1.07058 1.06731 0.981454 0.990659 1.00353 1.00119 0.999362 0.999862 1.00011 1.00001 0.999982 0.999999 1 1 1 1 1 1 1 1 1 
5.13721e-09 -5.14109e-09 5.2524e-09 7.99714e-09 -6.92089e-08 -5.18096e-08 4.35857e-07 9.44625e-08 -2.87207e-06 7.26532e-07 1.80469e-05 -1.33073e-05 -0.000109572 0.000137647 0.000638217 -0.00118606 -0.00352761 0.00934049 0.018546 -0.0673052 -0.0705801 0.5 1.07058 1.06731 0.981454 0.99066 1.00353 1.00119 0.999362 0.999862 1.00011 1.00001 0.999982 0.999999 1 1 1 1 1 1 1 1 1 
5.14109e-09 -5.14479e-09 5.25451e-09 8.00856e-09 -6.92214e-08 -5.1891e-08 4.35772e-07 9.46157e-08 -2.87154e-06 7.26887e-07 1.80459e-05 -1.33096e-05 -0.000109573 0.000137652 0.000638225 -0.00118606 -0.00352762 0.00934046 0.018546 -0.0673051 -0.07058 0.5 1.07058 1.06731 0.981454 0.99066 1.00353 1.00119 0.999362 0.999862 1.00011 1.00001 0.999982 0.999999 1 1 1 1 1 1 1 1 1 
5.14479e-09 -5.14824e-09 5.25574e-09 8.02038e-09 -6.92274e-08 -5.19645e-08 4.35672e-07 9.47155e-08 -2.87106e-06 7.27344e-07 1.80453e-05 -1.33118e-05 -0.000109574 0.000137655 0.000638233 -0.00118606 -0.00352764 0.00934044 0.018546 -0.0673051 -0.07058 0.5 1.07058 1.06731 0.981454 0.99066 1.00353 1.00119 0.999362 0.999862 1.00011 1.00001 0.999982 0.999999 1 1 1 1 1 1 1 1 1 
5.14824e-09 -5.15135e-09 5.25616e-09 8.03219e-09 -6.92275e-08 -5.20288e-08 4.35563e-07 9.47657e-08 -2.87062e-06 7.27874e-07 1.80448e-05 -1.33138e-05 -0.000109576 0.000137657 0.00063824 -0.00118605 -0.00352765 0.00934042 0.018546 -0.0673051 -0.0705799 0.5 1.07058 1.06731 0.981454 0.99066 1.00353 1.00119 0.999362 0.999862 1.00011 1.00001 0.999982 0.999999 1 1 1 1 1 1 1 1 1 
5.15135e-09 -5.15408e-09 5.25587e-09 8.0436e-09 -6.92226e-08 -5.20831e-08 4.35449e-07 9.47714e-08 -2.87024e-06 7.28449e-07 1.80446e-05 -1.33156e-05 -0.000109578 0.000137659 0.000638247 -0.00118605 -0.00352765 0.0093404 0.018546 -0.0673051 -0.0705799 0.5 1.07058 1.06731 0.981454 0.99066 1.00353 1.00119 0.999362 0.999862 1.00011 1.00001 0.999982 0.999999 1 1 1 1 1 1 1 1 1 
5.15408e-09 -5.15638e-09 5.25496e-09 8.05432e-09 -6.92134e-08 -5.2127e-08 4.35335e-07 9.47384e-08 -2.86993e-06 7.29044e-07 1.80447e-05 -1.33171e-05 -0.00010958 0.00013766 0.000638254 -0.00118604 -0.00352766 0.00934038 0.018546 -0.0673051 -0.0705798 0.5 1.07058 1.06731 0.981454 0.99066 1.00353 1.00119 0.999362 0.999862 1.00011 1.00001 0.999982 0.999999 1 1 1 1 1 1 1 1 1 
5.15638e-09 -5.15826e-09 5.25356e-09 8.0641e-09 -6.92009e-08 -5.21605e-08 4.35224e-07 9.46729e-08 -2.86967e-06 7.29637e-07 1.80449e-05 -1.33184e-05 -0.000109583 0.00013766 0.000638259 -0.00118603 -0.00352766 0.00934036 0.0185459 -0.0673051 -0.0705798 0.5 1.07058 1.06731 0.981454 0.99066 1.00353 1.00119 0.999362 0.999862 1.00011 1.00001 0.999982 0.999999 1 1 1 1 1 1 1 1 1 
5.15826e-09 -5.15969e-09 5.25176e-09 8.07275e-09 -6.91858e-08 -5.2184e-08 4.35119e-07 9.45816e-08 -2.86948e-06 7.30208e-07 1.80452e-05 -1.33194e-05 -0.000109585 0.000137659 0.000638263 -0.00118603 -0.00352766 0.00934035 0.0185459 -0.0673051 -0.0705798 0.5 1.07058 1.06731 0.981454 0.99066 1.00353 1.00119 0.999362 0.999862 1.00011 1.00001 0.999982 0.999999 1 1 1 1 1 1 1 1 1 
5.15969e-09 -5.1607e-09 5.24968e-09 8.08014e-09 -6.9169e-08 -5.21981e-08 4.35023e-07 9.44707e-08 -2.86935e-06 7.30741e-07 1.80456e-05 -1.33201e-05 -0.000109587 0.000137658 0.000638266 -0.00118602 -0.00352765 0.00934034 0.0185459 -0.0673051 -0.0705798 0.5 1.07058 1.06731 0.981454 0.99066 1.00353 1.00119 0.999362 0.999862 1.00011 1.00001 0.999982 0.999999 1 1 1 1 1 1 1 1 1 
5.1607e-09 -5.16132e-09 5.24742e-09 8.08621e-09 -6.91513e-08 -5.22035e-08 4.34939e-07 9.43467e-08 -2.86928e-06 7.31224e-07 1.80462e-05 -1.33206e-05 -0.000109589 0.000137656 0.000638269 -0.00118601 -0.00352765 0.00934033 0.0185459 -0.0673051 -0.0705797 0.5 1.07058 1.06731 0.981454 0.99066 1.00353 1.00119 0.999362 0.999862 1.00011 1.00001 0.999982 0.999999 1 1 1 1 1 1 1 1 1 
5.16132e-09 -5.16157e-09 5.24507e-09 8.09095e-09 -6.91334e-08 -5.22014e-08 4.34866e-07 9.42152e-08 -2.86926e-06 7.31647e-07 1.80468e-05 -1.33209e-05 -0.000109591 0.000137654 0.00063827 -0.001186 -0.00352764 0.00934032 0.0185459 -0.0673051 -0.0705797 0.5 1.07058 1.06731 0.981454 0.99066 1.00353 1.00119 0.999362 0.999862 1.00011 1.00001 0.999982 0.999999 1 1 1 1 1 1 1 1 1 
5.16157e-09 -5.1615e-09 5.24273e-09 8.09438e-09 -6.91158e-08 -5.21926e-08 4.34806e-07 9.40816e-08 -2.86929e-06 7.32004e-07 1.80474e-05 -1.33209e-05 -0.000109593 0.000137652 0.000638271 -0.001186 -0.00352764 0.00934032 0.0185458 -0.0673051 -0.0705797 0.5 1.07058 1.06731 0.981454 0.99066 1.00353 1.00119 0.999362 0.999862 1.00011 1.00001 0.999982 0.999999 1 1 1 1 1 1 1 1 1 
5.1615e-09 -5.16115e-09 5.24046e-09 8.09656e-09 -6.90991e-08 -5.21786e-08 4.34759e-07 9.39505e-08 -2.86935e-06 7.32293e-07 1.8048e-05 -1.33207e-05 -0.000109594 0.000137649 0.000638271 -0.00118599 -0.00352763 0.00934032 0.0185458 -0.0673051 -0.0705797 0.5 1.07058 1.06731 0.981454 0.99066 1.00353 1.00119 0.999362 0.999862 1.00011 1.00001 0.999982 0.999999 1 1 1 1 1 1 1 1 1 
5.16115e-09 -5.16057e-09 5.23833e-09 8.09761e-09 -6.90837e-08 -5.21603e-08 4.34725e-07 9.38258e-08 -2.86945e-06 7.32513e-07 1.80486e-05 -1.33204e-05 -0.000109595 0.000137647 0.00063827 -0.00118599 -0.00352762 0.00934032 0.0185458 -0.0673052 -0.0705797 0.5 1.07058 1.06731 0.981454 0.99066 1.00353 1.00119 0.999362 0.999862 1.00011 1.00001 0.999982 0.999999 1 1 1 1 1 1 1 1 1 
5.16057e-09 -5.15981e-09 5.23639e-09 8.09763e-09 -6.907e-08 -5.21391e-08 4.34703e-07 9.37108e-08 -2.86957e-06 7.32666e-07 1.80492e-05 -1.332e-05 -0.000109596 0.000137645 0.000638269 -0.00118599 -0.00352762 0.00934032 0.0185458 -0.0673052 -0.0705797 0.5 1.07058 1.06731 0.981454 0.99066 1.00353 1.00119 0.999362 0.999862 1.00011 1.00001 0.999982 0.999999 1 1 1 1 1 1 1 1 1 
