1 1 0.9875 0.975 0.9625 0.95 0.9375 0.925 0.9125 0.9 0.8875 0.875 0.8625 0.85 0.8375 0.825 0.8125 0.8 0.7875 0.775 0.7625 0.75 0.7375 0.725 0.7125 0.7 0.6875 0.675 0.6625 0.65 0.6375 0.625 0.6125 0.6 0.5875 0.575 0.5625 0.55 0.5375 0.525 0.5125 0.5 0.5 
1 1 0.998645 0.982313 0.969719 0.957125 0.944531 0.931938 0.919344 0.90675 0.894156 0.881563 0.868969 0.856375 0.843781 0.831188 0.818594 0.806 0.793406 0.780813 0.768219 0.755625 0.743031 0.730438 0.717844 0.70525 0.692656 0.680063 0.667469 0.654875 0.642281 0.629688 0.617094 0.6045 0.591906 0.579313 0.566719 0.554125 0.541531 0.528938 0.516344 0.501887 0.5 
1 1 0.999863 0.995312 0.977046 0.964357 0.951668 0.938979 0.926291 0.913602 0.900913 0.888224 0.875535 0.862846 0.850157 0.837468 0.824779 0.81209 0.799401 0.786713 0.774024 0.761335 0.748646 0.735957 0.723268 0.710579 0.69789 0.685201 0.672512 0.659823 0.647134 0.634446 0.621757 0.609068 0.596379 0.58369 0.571001 0.558312 0.545623 0.532934 0.520245 0.504931 0.498113 
1 1 0.999986 0.999353 0.990204 0.971699 0.958914 0.946128 0.933343 0.920557 0.907772 0.894986 0.882201 0.869415 0.85663 0.843844 0.831059 0.818273 0.805488 0.792702 0.779917 0.767131 0.754345 0.74156 0.728774 0.715989 0.703203 0.690418 0.677632 0.664847 0.652061 0.639276 0.62649 0.613705 0.600919 0.588134 0.575348 0.562563 0.549777 0.536992 0.524206 0.509159 0.495069 
1 1 0.999999 0.999919 0.998186 0.983594 0.96627 0.953386 0.940503 0.927619 0.914735 0.901852 0.888968 0.876085 0.863201 0.850317 0.837434 0.82455 0.811667 0.798783 0.785899 0.773016 0.760132 0.747249 0.734365 0.721482 0.708598 0.695714 0.682831 0.669947 0.657064 0.64418 0.631296 0.618413 0.605529 0.592646 0.579762 0.566878 0.553995 0.541111 0.528228 0.514107 0.490841 
1 1 1 0.99999 0.999719 0.99604 0.975836 0.960756 0.947773 0.93479 0.921807 0.908823 0.89584 0.882857 0.869874 0.856891 0.843907 0.830924 0.817941 0.804958 0.791975 0.778991 0.766008 0.753025 0.740042 0.727059 0.714075 0.701092 0.688109 0.675126 0.662143 0.64916 0.636176 0.623193 0.61021 0.597227 0.584244 0.57126 0.558277 0.545294 0.532311 0.518656 0.485893 
1 1 1 0.999999 0.99996 0.99926 0.991088 0.968849 0.955156 0.942072 0.928987 0.915903 0.902819 0.889734 0.87665 0.863566 0.850481 0.837397 0.824313 0.811228 0.798144 0.78506 0.771975 0.758891 0.745807 0.732722 0.719638 0.706554 0.693469 0.680385 0.667301 0.654216 0.641132 0.628048 0.614963 0.601879 0.588795 0.57571 0.562626 0.549542 0.536457 0.523011 0.481344 
1 1 1 1 0.999995 0.999878 0.998182 0.983466 0.96283 0.949467 0.93628 0.923093 0.909906 0.896719 0.883532 0.870345 0.857158 0.843971 0.830784 0.817597 0.80441 0.791223 0.778036 0.764849 0.751662 0.738475 0.725288 0.712101 0.698914 0.685727 0.672539 0.659352 0.646165 0.632978 0.619791 0.606604 0.593417 0.58023 0.567043 0.553856 0.540669 0.527288 0.476989 
1 1 1 1 0.999999 0.999981 0.999671 0.996033 0.9744 0.95703 0.943688 0.930397 0.917106 0.903814 0.890523 0.877232 0.86394 0.850649 0.837357 0.824066 0.810775 0.797483 0.784192 0.7709 0.757609 0.744318 0.731026 0.717735 0.704444 0.691152 0.677861 0.664569 0.651278 0.637987 0.624695 0.611404 0.598112 0.584821 0.57153 0.558238 0.544947 0.531553 0.472712 
1 1 1 1 1 0.999997 0.999945 0.999205 0.991156 0.965857 0.951229 0.937817 0.924419 0.911022 0.897625 0.884227 0.87083 0.857433 0.844035 0.830638 0.81724 0.803843 0.790446 0.777048 0.763651 0.750253 0.736856 0.723459 0.710061 0.696664 0.683267 0.669869 0.656472 0.643074 0.629677 0.61628 0.602882 0.589485 0.576088 0.56269 0.549293 0.535841 0.468447 
1 1 1 1 1 1 0.999991 0.999855 0.998128 0.982545 0.959233 0.94536 0.93185 0.918345 0.90484 0.891335 0.87783 0.864325 0.85082 0.837315 0.82381 0.810305 0.7968 0.783295 0.769789 0.756284 0.742779 0.729274 0.715769 0.702264 0.688759 0.675254 0.661749 0.648244 0.634739 0.621234 0.607728 0.594223 0.580718 0.567213 0.553708 0.540175 0.464159 
1 1 1 1 1 1 0.999999 0.999975 0.999639 0.995863 0.972216 0.953126 0.939402 0.925787 0.912172 0.898558 0.884943 0.871329 0.857714 0.8441 0.830485 0.816871 0.803256 0.789642 0.776027 0.762413 0.748798 0.735184 0.721569 0.707955 0.69434 0.680726 0.667111 0.653496 0.639882 0.626267 0.612653 0.599038 0.585424 0.571809 0.558195 0.544566 0.459825 
1 1 1 1 1 1 1 0.999996 0.999934 0.99915 0.990591 0.962522 0.947107 0.933349 0.919623 0.905898 0.892172 0.878446 0.864721 0.850995 0.837269 0.823543 0.809818 0.796092 0.782366 0.76864 0.754915 0.741189 0.727463 0.713738 0.700012 0.686286 0.67256 0.658835 0.645109 0.631383 0.617658 0.603932 0.590206 0.57648 0.562755 0.549021 0.455434 
1 1 1 1 1 1 1 0.999999 0.999989 0.999837 0.998003 0.980864 0.9554 0.941045 0.927197 0.913358 0.899519 0.885681 0.871842 0.858003 0.844164 0.830326 0.816487 0.802648 0.788809 0.774971 0.761132 0.747293 0.733454 0.719616 0.705777 0.691938 0.678099 0.66426 0.650422 0.636583 0.622744 0.608905 0.595067 0.581228 0.567389 0.553547 0.450979 
1 1 1 1 1 1 1 1 0.999998 0.99997 0.999606 0.995511 0.969269 0.949008 0.934898 0.920942 0.906988 0.893035 0.879081 0.865127 0.851174 0.83722 0.823266 0.809313 0.795359 0.781405 0.767452 0.753498 0.739544 0.725591 0.711637 0.697683 0.68373 0.669776 0.655822 0.641869 0.627915 0.613961 0.600008 0.586054 0.5721 0.558145 0.446453 
1 1 1 1 1 1 1 1 1 0.999995 0.999925 0.999074 0.989376 0.95881 0.94277 0.928653 0.914582 0.900511 0.886441 0.87237 0.8583 0.844229 0.830159 0.816088 0.802018 0.787947 0.773877 0.759806 0.745736 0.731665 0.717595 0.703524 0.689454 0.675384 0.661313 0.647243 0.633172 0.619102 0.605031 0.590961 0.57689 0.562819 0.441855 
1 1 1 1 1 1 1 1 1 0.999999 0.999986 0.999819 0.997778 0.978397 0.951304 0.936506 0.922303 0.908114 0.893924 0.879735 0.865546 0.851357 0.837167 0.822978 0.808789 0.7946 0.78041 0.766221 0.752032 0.737842 0.723653 0.709464 0.695275 0.681085 0.666896 0.652707 0.638517 0.624328 0.610139 0.59595 0.58176 0.567571 0.437181 
1 1 1 1 1 1 1 1 1 1 0.999998 0.999966 0.999561 0.994936 0.965535 0.944656 0.930159 0.915845 0.901535 0.887225 0.872915 0.858605 0.844295 0.829985 0.815674 0.801364 0.787054 0.772744 0.758434 0.744124 0.729814 0.715504 0.701194 0.686884 0.672574 0.658264 0.643954 0.629643 0.615333 0.601023 0.586713 0.572403 0.432429 
1 1 1 1 1 1 1 1 1 1 1 0.999994 0.999916 0.998961 0.987463 0.954698 0.938199 0.92371 0.909276 0.894843 0.88041 0.865977 0.851544 0.837111 0.822678 0.808245 0.793812 0.779379 0.764946 0.750513 0.73608 0.721647 0.707214 0.692781 0.678348 0.663915 0.649483 0.63505 0.620617 0.606184 0.591751 0.577318 0.427597 
1 1 1 1 1 1 1 1 1 1 1 0.999999 0.999984 0.999796 0.997426 0.975097 0.946926 0.931725 0.91715 0.902592 0.888034 0.873476 0.858918 0.84436 0.829802 0.815244 0.800686 0.786128 0.77157 0.757012 0.742455 0.727897 0.713339 0.698781 0.684223 0.669665 0.655107 0.640549 0.625991 0.611433 0.596875 0.582317 0.422682 
1 1 1 1 1 1 1 1 1 1 1 1 0.999997 0.999961 0.999498 0.994096 0.960976 0.940049 0.925166 0.910476 0.895791 0.881105 0.86642 0.851735 0.83705 0.822365 0.80768 0.792995 0.77831 0.763625 0.74894 0.734255 0.719569 0.704884 0.690199 0.675514 0.660829 0.646144 0.631459 0.616774 0.602089 0.587404 0.417683 
1 1 1 1 1 1 1 1 1 1 1 1 0.999999 0.999993 0.999904 0.998797 0.984793 0.950165 0.933374 0.918499 0.903683 0.888869 0.874054 0.85924 0.844426 0.829611 0.814797 0.799982 0.785168 0.770353 0.755539 0.740724 0.72591 0.711095 0.696281 0.681466 0.666652 0.651837 0.637023 0.622208 0.607394 0.592579 0.412596 
1 1 1 1 1 1 1 1 1 1 1 1 1 0.999999 0.999982 0.999765 0.996918 0.970908 0.942246 0.926681 0.911716 0.89677 0.881824 0.866878 0.851931 0.836985 0.822039 0.807093 0.792147 0.777201 0.762254 0.747308 0.732362 0.717416 0.70247 0.687524 0.672577 0.657631 0.642685 0.627739 0.612793 0.597847 0.407421 
1 1 1 1 1 1 1 1 1 1 1 1 1 1 0.999997 0.999955 0.99941 0.992937 0.955552 0.93517 0.919898 0.904812 0.889732 0.874651 0.859571 0.844491 0.829411 0.814331 0.79925 0.78417 0.76909 0.75401 0.73893 0.723849 0.708769 0.693689 0.678609 0.663529 0.648448 0.633368 0.618288 0.603208 0.402153 
1 1 1 1 1 1 1 1 1 1 1 1 1 1 0.999999 0.999991 0.999888 0.998567 0.981293 0.945186 0.928276 0.913 0.897782 0.882565 0.867349 0.852132 0.836915 0.821699 0.806482 0.791265 0.776049 0.760832 0.745616 0.730399 0.715182 0.699966 0.684749 0.669532 0.654316 0.639099 0.623882 0.608666 0.396792 
1 1 1 1 1 1 1 1 1 1 1 1 1 1 1 0.999998 0.999979 0.999723 0.996221 0.965764 0.937243 0.921353 0.905979 0.890623 0.875268 0.859912 0.844556 0.829201 0.813845 0.79849 0.783134 0.767779 0.752423 0.737067 0.721712 0.706356 0.691001 0.675645 0.66029 0.644934 0.629578 0.614223 0.391334 
1 1 1 1 1 1 1 1 1 1 1 1 1 1 1 1 0.999996 0.999947 0.999287 0.990847 0.949772 0.929995 0.914331 0.898829 0.883332 0.867835 0.852338 0.836841 0.821344 0.805846 0.790349 0.774852 0.759355 0.743858 0.728361 0.712864 0.697367 0.68187 0.666373 0.650876 0.635379 0.619882 0.385777 
1 1 1 1 1 1 1 1 1 1 1 1 1 1 1 1 0.999999 0.99999 0.999866 0.998192 0.976788 0.939894 0.922881 0.907188 0.891545 0.875904 0.860263 0.844622 0.828981 0.813339 0.797698 0.782057 0.766416 0.750775 0.735134 0.719493 0.703851 0.68821 0.672569 0.656928 0.641287 0.625646 0.380118 
1 1 1 1 1 1 1 1 1 1 1 1 1 1 1 1 1 0.999998 0.999975 0.99966 0.995206 0.959646 0.931939 0.915716 0.899913 0.884124 0.868336 0.852548 0.83676 0.820972 0.805184 0.789397 0.773609 0.757821 0.742033 0.726245 0.710457 0.694669 0.678881 0.663093 0.647305 0.631517 0.374354 
1 1 1 1 1 1 1 1 1 1 1 1 1 1 1 1 1 1 0.999995 0.999936 0.999105 0.987091 0.944259 0.924515 0.908442 0.892499 0.876562 0.860624 0.844687 0.828749 0.812812 0.796874 0.780937 0.764999 0.749062 0.733124 0.717187 0.701249 0.685312 0.669374 0.653437 0.637499 0.368483 
1 1 1 1 1 1 1 1 1 1 1 1 1 1 1 1 1 1 0.999999 0.999988 0.999835 0.997547 0.971093 0.934459 0.917167 0.901035 0.884944 0.868854 0.852764 0.836674 0.820584 0.804494 0.788404 0.772315 0.756225 0.740135 0.724045 0.707955 0.691865 0.675775 0.659685 0.643596 0.362501 
1 1 1 1 1 1 1 1 1 1 1 1 1 1 1 1 1 1 1 0.999998 0.999969 0.999556 0.993687 0.952573 0.926367 0.909746 0.893487 0.877242 0.860997 0.844751 0.828506 0.812261 0.796016 0.77977 0.763525 0.74728 0.731035 0.71479 0.698544 0.682299 0.666054 0.649809 0.356404 
1 1 1 1 1 1 1 1 1 1 1 1 1 1 1 1 1 1 1 1 0.999994 0.999919 0.99882 0.982269 0.9383 0.91872 0.9022 0.885793 0.869389 0.852985 0.836582 0.820178 0.803775 0.787371 0.770967 0.754564 0.73816 0.721757 0.705353 0.68895 0.672546 0.656143 0.350191 
1 1 1 1 1 1 1 1 1 1 1 1 1 1 1 1 1 1 1 1 0.999999 0.999985 0.999786 0.996633 0.964259 0.928678 0.911112 0.894512 0.877946 0.86138 0.844815 0.82825 0.811685 0.79512 0.778555 0.76199 0.745425 0.72886 0.712295 0.69573 0.679165 0.6626 0.343857 
1 1 1 1 1 1 1 1 1 1 1 1 1 1 1 1 1 1 1 1 1 0.999997 0.999961 0.999404 0.991648 0.944468 0.920454 0.903412 0.886672 0.869942 0.853212 0.836482 0.819753 0.803023 0.786293 0.769564 0.752834 0.736105 0.719375 0.702645 0.685916 0.669186 0.3374 
1 1 1 1 1 1 1 1 1 1 1 1 1 1 1 1 1 1 1 1 1 0.999999 0.999993 0.999894 0.998416 0.97633 0.931812 0.912569 0.895575 0.878674 0.861776 0.844879 0.827981 0.811084 0.794186 0.777289 0.760391 0.743493 0.726596 0.709698 0.692801 0.675903 0.330814 
1 1 1 1 1 1 1 1 1 1 1 1 1 1 1 1 1 1 1 1 1 1 0.999999 0.999981 0.999715 0.995405 0.956215 0.922496 0.904682 0.887583 0.870514 0.853445 0.836376 0.819307 0.802238 0.785169 0.7681 0.751031 0.733962 0.716894 0.699825 0.682756 0.324097 
1 1 1 1 1 1 1 1 1 1 1 1 1 1 1 1 1 1 1 1 1 1 1 0.999997 0.999949 0.999191 0.987462 0.936819 0.914159 0.896682 0.879429 0.862185 0.844941 0.827698 0.810454 0.79321 0.775967 0.758723 0.741479 0.724235 0.706992 0.689748 0.317244 
1 1 1 1 1 1 1 1 1 1 1 1 1 1 1 1 1 1 1 1 1 1 1 0.999999 0.999991 0.999859 0.997689 0.96892 0.925182 0.906025 0.88853 0.871106 0.853683 0.836261 0.818839 0.801417 0.783995 0.766573 0.749151 0.731729 0.714306 0.696884 0.310252 
1 1 1 1 1 1 1 1 1 1 1 1 1 1 1 1 1 1 1 1 1 1 1 1 0.999998 0.999975 0.999599 0.993545 0.947024 0.915992 0.897839 0.880212 0.862607 0.845003 0.827399 0.809794 0.79219 0.774586 0.756982 0.739378 0.721773 0.704169 0.303116 
1 1 1 1 1 1 1 1 1 1 1 1 1 1 1 1 1 1 1 1 1 1 1 1 1 0.999996 0.99993 0.998854 0.98105 0.929555 0.907477 0.889516 0.871719 0.853928 0.836138 0.818348 0.800558 0.782768 0.764977 0.747187 0.729397 0.711607 0.295831 
1 1 1 1 1 1 1 1 1 1 1 1 1 1 1 1 1 1 1 1 1 1 1 1 1 0.999999 0.999988 0.999802 0.996518 0.959975 0.91839 0.899058 0.881025 0.863043 0.845063 0.827083 0.809103 0.791123 0.773143 0.755163 0.737183 0.719203 0.288393 
1 1 1 1 1 1 1 1 1 1 1 1 1 1 1 1 1 1 1 1 1 1 1 1 1 1 0.999998 0.999966 0.99941 0.990867 0.936698 0.90914 0.890545 0.872354 0.85418 0.836006 0.817832 0.799658 0.781484 0.76331 0.745136 0.726961 0.280797 
1 1 1 1 1 1 1 1 1 1 1 1 1 1 1 1 1 1 1 1 1 1 1 1 1 1 1 0.999994 0.9999 0.998336 0.973176 0.921759 0.900373 0.881871 0.863494 0.845122 0.82675 0.808377 0.790005 0.771633 0.753261 0.734889 0.273039 
1 1 1 1 1 1 1 1 1 1 1 1 1 1 1 1 1 1 1 1 1 1 1 1 1 1 1 0.999999 0.999983 0.999714 0.994886 0.949569 0.911156 0.891628 0.873014 0.854438 0.835863 0.817288 0.798714 0.780139 0.761564 0.742989 0.265111 
1 1 1 1 1 1 1 1 1 1 1 1 1 1 1 1 1 1 1 1 1 1 1 1 1 1 1 1 0.999997 0.999951 0.999134 0.985397 0.927076 0.901834 0.882755 0.863961 0.845179 0.826397 0.807615 0.788833 0.770052 0.75127 0.257011 
1 1 1 1 1 1 1 1 1 1 1 1 1 1 1 1 1 1 1 1 1 1 1 1 1 1 1 1 0.999999 0.999992 0.999855 0.997377 0.963464 0.913845 0.892785 0.8737 0.854703 0.83571 0.816716 0.797723 0.778729 0.759736 0.24873 
1 1 1 1 1 1 1 1 1 1 1 1 1 1 1 1 1 1 1 1 1 1 1 1 1 1 1 1 1 0.999999 0.999976 0.999562 0.992388 0.937815 0.903543 0.883682 0.864444 0.845234 0.826024 0.806814 0.787604 0.768394 0.240264 
1 1 1 1 1 1 1 1 1 1 1 1 1 1 1 1 1 1 1 1 1 1 1 1 1 1 1 1 1 1 0.999996 0.999927 0.998683 0.976838 0.918275 0.894049 0.874415 0.854976 0.835544 0.816113 0.796682 0.777251 0.231606 
1 1 1 1 1 1 1 1 1 1 1 1 1 1 1 1 1 1 1 1 1 1 1 1 1 1 1 1 1 1 0.999999 0.999988 0.999781 0.995778 0.951834 0.905828 0.884666 0.864946 0.845286 0.825628 0.80597 0.786312 0.222749 
1 1 1 1 1 1 1 1 1 1 1 1 1 1 1 1 1 1 1 1 1 1 1 1 1 1 1 1 1 1 1 0.999998 0.999964 0.999307 0.988718 0.924781 0.89552 0.875165 0.855256 0.835366 0.815476 0.795587 0.213688 
1 1 1 1 1 1 1 1 1 1 1 1 1 1 1 1 1 1 1 1 1 1 1 1 1 1 1 1 1 1 1 1 0.999994 0.999887 0.997969 0.966406 0.908883 0.885737 0.865468 0.845335 0.825208 0.805081 0.204413 
1 1 1 1 1 1 1 1 1 1 1 1 1 1 1 1 1 1 1 1 1 1 1 1 1 1 1 1 1 1 1 1 0.999999 0.999982 0.999661 0.993509 0.938439 0.897283 0.875958 0.855545 0.835173 0.814803 0.194919 
1 1 1 1 1 1 1 1 1 1 1 1 1 1 1 1 1 1 1 1 1 1 1 1 1 1 1 1 1 1 1 1 1 0.999997 0.999944 0.998922 0.979985 0.914195 0.886929 0.866013 0.845381 0.824762 0.185197 
1 1 1 1 1 1 1 1 1 1 1 1 1 1 1 1 1 1 1 1 1 1 1 1 1 1 1 1 1 1 1 1 1 0.999999 0.999991 0.999825 0.996462 0.953462 0.899772 0.876808 0.855843 0.834966 0.175238 
1 1 1 1 1 1 1 1 1 1 1 1 1 1 1 1 1 1 1 1 1 1 1 1 1 1 1 1 1 1 1 1 1 1 0.999998 0.999972 0.999431 0.989772 0.923621 0.88837 0.866587 0.845425 0.165034 
1 1 1 1 1 1 1 1 1 1 1 1 1 1 1 1 1 1 1 1 1 1 1 1 1 1 1 1 1 1 1 1 1 1 1 0.999995 0.999909 0.998236 0.968406 0.903628 0.877754 0.856159 0.154575 
1 1 1 1 1 1 1 1 1 1 1 1 1 1 1 1 1 1 1 1 1 1 1 1 1 1 1 1 1 1 1 1 1 1 1 0.999999 0.999985 0.999714 0.994104 0.938373 0.890269 0.867252 0.143841 
1 1 1 1 1 1 1 1 1 1 1 1 1 1 1 1 1 1 1 1 1 1 1 1 1 1 1 1 1 1 1 1 1 1 1 1 0.999998 0.999954 0.999049 0.98238 0.909397 0.879229 0.132748 
1 1 1 1 1 1 1 1 1 1 1 1 1 1 1 1 1 1 1 1 1 1 1 1 1 1 1 1 1 1 1 1 1 1 1 1 1 0.999993 0.99985 0.996909 0.954088 0.895144 0.120771 
1 1 1 1 1 1 1 1 1 1 1 1 1 1 1 1 1 1 1 1 1 1 1 1 1 1 1 1 1 1 1 1 1 1 1 1 1 0.999999 0.999976 0.999507 0.990391 0.931293 0.104856 
1 1 1 1 1 1 1 1 1 1 1 1 1 1 1 1 1 1 1 1 1 1 1 1 1 1 1 1 1 1 1 1 1 1 1 1 1 1 0.999996 0.999922 0.998394 0.978911 0.0687066 
1 1 1 1 1 1 1 1 1 1 1 1 1 1 1 1 1 1 1 1 1 1 1 1 1 1 1 1 1 1 1 1 1 1 1 1 1 1 0.999999 0.999988 0.999746 0.995704 0.0210893 
1 1 1 1 1 1 1 1 1 1 1 1 1 1 1 1 1 1 1 1 1 1 1 1 1 1 1 1 1 1 1 1 1 1 1 1 1 1 1 0.999998 0.99996 0.999257 0.0042958 
1 1 1 1 1 1 1 1 1 1 1 1 1 1 1 1 1 1 1 1 1 1 1 1 1 1 1 1 1 1 1 1 1 1 1 1 1 1 1 1 0.999994 0.999878 0.000742932 
1 1 1 1 1 1 1 1 1 1 1 1 1 1 1 1 1 1 1 1 1 1 1 1 1 1 1 1 1 1 1 1 1 1 1 1 1 1 1 1 0.999999 0.99998 0.000122061 
1 1 1 1 1 1 1 1 1 1 1 1 1 1 1 1 1 1 1 1 1 1 1 1 1 1 1 1 1 1 1 1 1 1 1 1 1 1 1 1 1 0.999997 1.96931e-05 
1 1 1 1 1 1 1 1 1 1 1 1 1 1 1 1 1 1 1 1 1 1 1 1 1 1 1 1 1 1 1 1 1 1 1 1 1 1 1 1 1 0.999999 3.15514e-06 
1 1 1 1 1 1 1 1 1 1 1 1 1 1 1 1 1 1 1 1 1 1 1 1 1 1 1 1 1 1 1 1 1 1 1 1 1 1 1 1 1 1 5.04736e-07 
1 1 1 1 1 1 1 1 1 1 1 1 1 1 1 1 1 1 1 1 1 1 1 1 1 1 1 1 1 1 1 1 1 1 1 1 1 1 1 1 1 1 8.08978e-08 
1 1 1 1 1 1 1 1 1 1 1 1 1 1 1 1 1 1 1 1 1 1 1 1 1 1 1 1 1 1 1 1 1 1 1 1 1 1 1 1 1 1 1.30218e-08 
