0 0 0 0 0 0 0 0 0 0 0 0 0 0 0 0 0 0 0 0 0 0.5 1 1 1 1 1 1 1 1 1 1 1 1 1 1 1 1 1 1 1 1 1 
0 -8.9155e-19 7.1682e-18 -5.85322e-17 4.77834e-16 -3.90087e-15 3.18453e-14 -2.59973e-13 2.12233e-12 -1.73259e-11 1.41443e-10 -1.15469e-09 9.42644e-09 -7.6954e-08 6.28225e-07 -5.1286e-06 4.18681e-05 -0.000341796 0.0027903 -0.022779 -0.0148439 0.5 1.01484 1.02278 0.99721 1.00034 0.999958 1.00001 0.999999 1 1 1 1 1 1 1 1 1 1 1 1 1 1 
8.9155e-19 4.22334e-17 -3.52088e-16 2.68358e-15 -2.03844e-14 1.53971e-13 -1.15541e-12 8.60331e-12 -6.34663e-11 4.62863e-10 -3.32759e-09 2.3483e-08 -1.61646e-07 1.07421e-06 -6.76608e-06 3.88804e-05 -0.000183904 0.000411061 0.00557368 -0.0358553 -0.0353409 0.5 1.03534 1.03586 0.994426 0.999589 1.00018 0.999961 1.00001 0.999999 1 1 1 1 1 1 1 1 1 1 1 1 1 
-4.22334e-17 -7.6242e-16 6.73581e-15 -4.6961e-14 3.24296e-13 -2.20463e-12 1.47067e-11 -9.58374e-11 6.06217e-10 -3.68699e-09 2.12355e-08 -1.12742e-07 5.21392e-07 -1.78182e-06 7.32997e-07 5.46354e-05 -0.000514786 0.00127779 0.00889806 -0.0423168 -0.0560539 0.5 1.05605 1.04232 0.991102 0.998722 1.00051 0.999945 0.999999 1 0.999999 1 1 1 1 1 1 1 1 1 1 1 1 
7.6242e-16 6.26752e-15 -6.17083e-14 3.79263e-13 -2.27523e-12 1.31275e-11 -7.19447e-11 3.66777e-10 -1.67187e-09 6.1947e-09 -1.2413e-08 -6.23741e-08 9.44776e-07 -6.40987e-06 2.23959e-05 5.25993e-05 -0.000915353 0.00187107 0.0124522 -0.0441313 -0.0741346 0.5 1.07413 1.04413 0.987548 0.998129 1.00092 0.999947 0.999978 1.00001 0.999999 1 1 1 1 1 1 1 1 1 1 1 1 
-6.26752e-15 -1.93448e-14 2.54899e-13 -1.25274e-12 5.64284e-12 -2.15356e-11 5.55123e-11 5.71236e-11 -2.03913e-09 1.67955e-08 -8.93101e-08 2.6492e-07 5.42023e-07 -1.18259e-05 5.45951e-05 5.72433e-05 -0.00135281 0.00206537 0.0157882 -0.042883 -0.0882809 0.5 1.08828 1.04288 0.984212 0.997935 1.00135 0.999943 0.999945 1.00001 0.999999 1 1 1 1 1 1 1 1 1 1 1 1 
1.93448e-14 -1.91801e-14 -2.16912e-13 7.15549e-14 4.91757e-12 -4.6516e-11 2.84021e-10 -1.22379e-09 2.61852e-09 1.24442e-08 -1.69024e-07 8.57801e-07 -7.42057e-07 -1.84942e-05 9.29923e-05 8.70911e-05 -0.00178262 0.00187241 0.0185648 -0.0399136 -0.098209 0.5 1.09821 1.03991 0.981435 0.998128 1.00178 0.999913 0.999907 1.00002 1 0.999999 1 1 1 1 1 1 1 1 1 1 1 
1.91801e-14 1.29171e-13 -9.36875e-13 4.45561e-12 -1.52626e-11 1.28158e-11 2.9696e-10 -2.69741e-09 1.24675e-08 -1.61442e-08 -2.27424e-07 1.71297e-06 -2.65519e-06 -2.73415e-05 0.000132475 0.000150119 -0.00215922 0.00137854 0.0206049 -0.0362937 -0.104291 0.5 1.10429 1.03629 0.979395 0.998621 1.00216 0.99985 0.999868 1.00003 1 0.999998 1 1 1 1 1 1 1 1 1 1 1 
-1.29171e-13 2.47999e-13 -2.81015e-13 6.47049e-12 -4.4195e-11 1.76702e-10 -1.71626e-10 -3.37788e-09 2.66567e-08 -7.33577e-08 -2.66138e-07 2.8469e-06 -4.75822e-06 -3.89922e-05 0.000167662 0.000244289 -0.00244742 0.000703138 0.0218797 -0.0327884 -0.107263 0.5 1.10726 1.03279 0.97812 0.999297 1.00245 0.999756 0.999832 1.00004 1 0.999997 1 1 1 1 1 1 1 1 1 1 1 
-2.47999e-13 -1.0242e-13 2.59448e-12 -1.20141e-13 -5.86906e-11 4.16742e-10 -1.28339e-09 -2.49901e-09 4.49404e-08 -1.6055e-07 -3.09396e-07 4.26643e-06 -6.52312e-06 -5.33929e-05 0.00019384 0.000360187 -0.00262872 -3.19925e-05 0.022469 -0.0298632 -0.107991 0.5 1.10799 1.02986 0.977531 1.00003 1.00263 0.99964 0.999806 1.00005 1.00001 0.999996 1 1 1 1 1 1 1 1 1 1 1 
1.0242e-13 -1.26427e-12 6.9551e-12 -1.94392e-11 -3.3503e-11 6.87044e-10 -3.14599e-09 3.30605e-10 6.8348e-08 -2.76004e-07 -3.95937e-07 5.93733e-06 -7.43974e-06 -6.9762e-05 0.000207835 0.000484461 -0.00270224 -0.000723589 0.0225176 -0.0277281 -0.107309 0.5 1.10731 1.02773 0.977482 1.00072 1.0027 0.999516 0.999792 1.00007 1.00001 0.999994 1 1 1 1 1 1 1 1 1 1 1 
1.26427e-12 -3.15764e-12 1.08371e-11 -5.34125e-11 5.3682e-11 9.5292e-10 -5.87051e-09 5.05857e-09 9.90589e-08 -4.13851e-07 -5.68351e-07 7.76893e-06 -7.12045e-06 -8.67687e-05 0.000208506 0.000603192 -0.00268185 -0.00129866 0.0221962 -0.026403 -0.105917 0.5 1.10592 1.0264 0.977804 1.0013 1.00268 0.999397 0.999791 1.00009 1.00001 0.999992 1 1 1 1 1 1 1 1 1 1 1 
3.15764e-12 -5.18215e-12 1.1857e-11 -1.03185e-10 2.21148e-10 1.21083e-09 -9.59197e-09 1.11366e-08 1.39738e-07 -5.63263e-07 -8.61725e-07 9.61891e-06 -5.37867e-06 -0.000102835 0.00019677 0.000704613 -0.0025912 -0.00171796 0.0216714 -0.0257846 -0.104337 0.5 1.10434 1.02578 0.978329 1.00172 1.00259 0.999295 0.999803 1.0001 1.00001 0.99999 1 1 1 1 1 1 1 1 1 1 1 
5.18215e-12 -6.33639e-12 7.95406e-12 -1.70787e-10 4.8276e-10 1.49994e-09 -1.44447e-08 1.75066e-08 1.92596e-07 -7.08832e-07 -1.29387e-06 1.1315e-05 -2.26329e-06 -0.000116463 0.000175228 0.000780818 -0.0024582 -0.00197311 0.0210854 -0.025706 -0.102914 0.5 1.10291 1.02571 0.978915 1.00197 1.00246 0.999219 0.999825 1.00012 1 0.999989 1 1 1 1 1 1 1 1 1 1 1 
6.33639e-12 -5.46081e-12 -2.11751e-12 -2.60382e-10 8.46214e-10 1.90525e-09 -2.05038e-08 2.26718e-08 2.58436e-07 -8.32345e-07 -1.85932e-06 1.26862e-05 1.95592e-06 -0.000126512 0.000147546 0.000828416 -0.00231005 -0.00207977 0.0205435 -0.0259829 -0.10183 0.5 1.10183 1.02598 0.979456 1.00208 1.00231 0.999172 0.999852 1.00013 0.999998 0.999987 1 1 1 1 1 1 1 1 1 1 1 
5.46081e-12 -1.51445e-12 -1.85147e-11 -3.78771e-10 1.30948e-09 2.55076e-09 -2.77138e-08 2.48775e-08 3.3596e-07 -9.15652e-07 -2.52833e-06 1.35943e-05 6.84437e-06 -0.000132373 0.000117736 0.000848278 -0.00216954 -0.00206898 0.0201115 -0.0264447 -0.101145 0.5 1.10114 1.02644 0.979888 1.00207 1.00217 0.999152 0.999882 1.00013 0.999993 0.999986 1 1 1 1 1 1 1 1 1 1 1 
1.51445e-12 6.16611e-12 -4.01606e-11 -5.34996e-10 1.85627e-09 3.58201e-09 -3.58293e-08 2.23914e-08 4.21513e-07 -9.43931e-07 -3.25107e-06 1.39591e-05 1.18845e-05 -0.00013402 8.9501e-05 0.000844612 -0.00205282 -0.00197868 0.0198185 -0.0269539 -0.100831 0.5 1.10083 1.02695 0.980182 1.00198 1.00205 0.999155 0.99991 1.00013 0.999988 0.999986 1 1 1 1 1 1 1 1 1 1 1 
-6.16611e-12 1.76473e-11 -6.46802e-11 -7.38982e-10 2.45228e-09 5.13921e-09 -4.43894e-08 1.38323e-08 5.09348e-07 -9.08577e-07 -3.96563e-06 1.3771e-05 1.65645e-05 -0.000131956 6.57433e-05 0.000823717 -0.00196882 -0.00184648 0.0196636 -0.0274137 -0.100811 0.5 1.10081 1.02741 0.980336 1.00185 1.00197 0.999176 0.999934 1.00013 0.999983 0.999986 1 1 0.999999 1 1 1 1 1 1 1 1 
-1.76473e-11 3.22312e-11 -8.84385e-11 -9.99358e-10 3.04387e-09 7.32523e-09 -5.27396e-08 -1.52128e-09 5.92384e-07 -8.09046e-07 -4.60838e-06 1.30907e-05 2.04565e-05 -0.000127072 4.82822e-05 0.000792669 -0.00191972 -0.00170458 0.0196262 -0.027768 -0.100988 0.5 1.10099 1.02777 0.980374 1.0017 1.00192 0.999207 0.999952 1.00013 0.99998 0.999987 1 1 0.999999 1 1 1 1 1 1 1 1 
-3.22312e-11 4.83611e-11 -1.06746e-10 -1.32079e-09 3.56075e-09 1.01747e-08 -6.01022e-08 -2.35153e-08 6.63269e-07 -6.5325e-07 -5.12407e-06 1.20365e-05 2.32723e-05 -0.000120471 3.77928e-05 0.000758181 -0.0019024 -0.00157684 0.0196744 -0.0279959 -0.101266 0.5 1.10127 1.028 0.980326 1.00158 1.0019 0.999242 0.999962 1.00012 0.999977 0.999988 1.00001 1 0.999999 1 1 1 1 1 1 1 1 
-4.83611e-11 6.36299e-11 -1.14294e-10 -1.70136e-09 3.9231e-09 1.36317e-08 -6.56843e-08 -5.10499e-08 7.15565e-07 -4.56452e-07 -5.47411e-06 1.07627e-05 2.48886e-05 -0.000113279 3.39284e-05 0.000725767 -0.00191022 -0.00147785 0.0197736 -0.0281031 -0.101567 0.5 1.10157 1.0281 0.980226 1.00148 1.00191 0.999274 0.999966 1.00011 0.999975 0.999989 1.00001 1 0.999999 1 1 1 1 1 1 1 1 
-6.36299e-11 7.49253e-11 -1.05827e-10 -2.13068e-09 4.05227e-09 1.7541e-08 -6.88038e-08 -8.21756e-08 7.4478e-07 -2.38935e-07 -5.64151e-06 9.43447e-06 2.53444e-05 -0.000106487 3.55705e-05 0.00069927 -0.00193487 -0.00141362 0.0198924 -0.0281119 -0.101834 0.5 1.10183 1.02811 0.980108 1.00141 1.00193 0.999301 0.999964 1.00011 0.999975 0.999991 1.00001 1 0.999999 1 1 1 1 1 1 1 1 
-7.49253e-11 7.87278e-11 -7.70029e-11 -2.58922e-09 3.88358e-09 2.1658e-08 -6.90074e-08 -1.14343e-07 7.49083e-07 -2.29157e-08 -5.63199e-06 8.20413e-06 2.48127e-05 -0.000100841 4.11409e-05 0.000680741 -0.001968 -0.00138326 0.0200062 -0.0280528 -0.102034 0.5 1.10203 1.02805 0.979994 1.00138 1.00197 0.999319 0.999959 1.0001 0.999975 0.999992 1.00001 1 0.999999 1 1 1 1 1 1 1 1 
-7.87278e-11 7.15513e-11 -2.5282e-11 -3.04933e-09 3.37868e-09 2.56745e-08 -6.61571e-08 -1.44757e-07 7.29564e-07 1.70681e-07 -5.47133e-06 7.19147e-06 2.35572e-05 -9.67891e-05 4.89152e-05 0.0006706 -0.00200238 -0.00138112 0.020099 -0.0279569 -0.102158 0.5 1.10216 1.02796 0.979901 1.00138 1.002 0.999329 0.999951 1.0001 0.999976 0.999993 1.00001 1 0.999999 1 1 1 1 1 1 1 1 
-7.15513e-11 5.04777e-11 4.93154e-11 -3.47785e-09 2.53495e-09 2.92589e-08 -6.04685e-08 -1.7078e-07 6.90016e-07 3.25044e-07 -5.20005e-06 6.4721e-06 2.18823e-05 -9.44754e-05 5.72896e-05 0.000667989 -0.00203264 -0.00139906 0.0201628 -0.0278512 -0.102209 0.5 1.10221 1.02785 0.979837 1.0014 1.00203 0.999332 0.999943 1.00009 0.999978 0.999994 1.00001 1 0.999999 1 1 1 1 1 1 1 1 
-5.04777e-11 1.37032e-11 1.43781e-10 -3.8402e-09 1.38984e-09 3.21022e-08 -5.24921e-08 -1.90295e-07 6.36316e-07 4.29438e-07 -4.8664e-06 6.07362e-06 2.00859e-05 -9.37869e-05 6.49723e-05 0.000671221 -0.00205551 -0.00142836 0.0201966 -0.0277555 -0.102202 0.5 1.1022 1.02776 0.979803 1.00143 1.00206 0.999329 0.999935 1.00009 0.99998 0.999994 1 1 0.999999 1 1 1 1 1 1 1 1 
-1.37032e-11 -3.90038e-11 2.52145e-10 -4.10499e-09 1.90982e-11 3.39627e-08 -4.30423e-08 -2.01989e-07 5.75514e-07 4.80092e-07 -4.51905e-06 5.97942e-06 1.84205e-05 -9.44215e-05 7.10866e-05 0.000678234 -0.00206972 -0.0014612 0.0202042 -0.0276818 -0.102158 0.5 1.10216 1.02768 0.979796 1.00146 1.00207 0.999322 0.999929 1.00009 0.999982 0.999994 1 1 0.999999 1 1 1 1 1 1 1 1 
3.90038e-11 -1.0603e-10 3.66014e-10 -4.24871e-09 -1.47116e-09 3.4701e-08 -3.30864e-08 -2.05495e-07 5.14828e-07 4.79971e-07 -4.20065e-06 6.13816e-06 1.70689e-05 -9.59705e-05 7.51926e-05 0.000686981 -0.00207564 -0.00149151 0.0201924 -0.027635 -0.102094 0.5 1.10209 1.02764 0.979808 1.00149 1.00208 0.999313 0.999925 1.0001 0.999983 0.999994 1 1 0.999999 1 1 1 1 1 1 1 1 
1.0603e-10 -1.83901e-10 4.7555e-10 -4.2594e-09 -2.95738e-09 3.43007e-08 -2.36133e-08 -2.01392e-07 4.60683e-07 4.37609e-07 -3.94324e-06 6.47657e-06 1.61336e-05 -9.79988e-05 7.72411e-05 0.000695718 -0.00207475 -0.00151541 0.0201689 -0.0276142 -0.102028 0.5 1.10203 1.02761 0.979831 1.00152 1.00207 0.999304 0.999923 1.0001 0.999984 0.999994 1 1 1 1 1 1 1 1 1 1 1 
1.83901e-10 -2.67556e-10 5.70764e-10 -4.13874e-09 -4.31438e-09 3.28692e-08 -1.5504e-08 -1.91065e-07 4.17971e-07 3.65288e-07 -3.76568e-06 6.91314e-06 1.56398e-05 -0.00010011 7.74838e-05 0.000703173 -0.00206911 -0.00153112 0.0201408 -0.0276148 -0.10197 0.5 1.10197 1.02761 0.979859 1.00153 1.00207 0.999297 0.999923 1.0001 0.999984 0.999993 1 1 1 1 1 1 1 1 1 1 1 
2.67556e-10 -3.50881e-10 6.42889e-10 -3.90223e-09 -5.43136e-09 3.0622e-08 -9.42447e-09 -1.76463e-07 3.89594e-07 2.76938e-07 -3.67344e-06 7.3705e-06 1.55483e-05 -0.000101993 7.63624e-05 0.000708607 -0.00206093 -0.00153862 0.020114 -0.02763 -0.101928 0.5 1.10193 1.02763 0.979886 1.00154 1.00206 0.999291 0.999924 1.0001 0.999984 0.999993 1 1 1 1 1 1 1 1 1 1 1 
3.50881e-10 -4.27431e-10 6.85617e-10 -3.57728e-09 -6.22582e-09 2.7851e-08 -5.75572e-09 -1.59796e-07 3.76341e-07 1.8609e-07 -3.66021e-06 7.78489e-06 1.57751e-05 -0.000103444 7.43982e-05 0.000711777 -0.00205215 -0.00153916 0.0200922 -0.0276532 -0.101903 0.5 1.1019 1.02765 0.979908 1.00154 1.00205 0.999288 0.999926 1.0001 0.999984 0.999992 1 1 1 1 1 1 1 1 1 1 1 
4.27431e-10 -4.91235e-10 6.95973e-10 -3.19973e-09 -6.65302e-09 2.48843e-08 -4.56848e-09 -1.43229e-07 3.77072e-07 1.04198e-07 -3.71086e-06 8.11193e-06 1.62123e-05 -0.000104369 7.20969e-05 0.000712836 -0.00204427 -0.00153467 0.0200774 -0.0276781 -0.101894 0.5 1.10189 1.02768 0.979923 1.00153 1.00204 0.999287 0.999928 1.0001 0.999984 0.999992 1 1 1 1 1 1 1 1 1 1 1 
4.91235e-10 -5.37555e-10 6.74702e-10 -2.80917e-09 -6.70985e-09 2.20436e-08 -5.6433e-09 -1.28617e-07 3.89141e-07 3.95048e-08 -3.80512e-06 8.32856e-06 1.67491e-05 -0.000104773 6.98811e-05 0.000712207 -0.00203823 -0.0015273 0.0200698 -0.0277004 -0.101898 0.5 1.1019 1.0277 0.97993 1.00153 1.00204 0.999288 0.99993 1.0001 0.999983 0.999992 1 1 1 1 1 1 1 1 1 1 1 
5.37555e-10 -5.63477e-10 6.26097e-10 -2.44398e-09 -6.43289e-09 1.96045e-08 -8.52804e-09 -1.17307e-07 4.08967e-07 -3.47496e-09 -3.92126e-06 8.4316e-06 1.72872e-05 -0.000104732 6.80499e-05 0.000710448 -0.00203443 -0.00151903 0.0200685 -0.0277173 -0.10191 0.5 1.10191 1.02772 0.979931 1.00152 1.00203 0.99929 0.999932 1.0001 0.999983 0.999992 1 1 1 1 1 1 1 1 1 1 1 
5.63477e-10 -5.6825e-10 5.57333e-10 -2.13674e-09 -5.89119e-09 1.77675e-08 -1.26207e-08 -1.1004e-07 4.3264e-07 -2.38664e-08 -4.03927e-06 8.43393e-06 1.77516e-05 -0.000104366 6.67683e-05 0.000708131 -0.00203281 -0.00151138 0.0200719 -0.0277277 -0.101926 0.5 1.10193 1.02773 0.979928 1.00151 1.00203 0.999292 0.999933 1.0001 0.999982 0.999992 1 1 1 1 1 1 1 1 1 1 1 
5.6825e-10 -5.53322e-10 4.77405e-10 -1.91077e-09 -5.17527e-09 1.6641e-08 -1.72632e-08 -1.06949e-07 4.56483e-07 -2.3871e-08 -4.14321e-06 8.35911e-06 1.80957e-05 -0.000103812 6.60776e-05 0.000705756 -0.00203301 -0.00150537 0.0200781 -0.0277319 -0.101942 0.5 1.10194 1.02773 0.979922 1.00151 1.00203 0.999294 0.999934 1.0001 0.999982 0.999992 1 1 1 1 1 1 1 1 1 1 1 
5.53322e-10 -5.22087e-10 3.95883e-10 -1.77805e-09 -4.38425e-09 1.62386e-08 -2.18307e-08 -1.0763e-07 4.77488e-07 -7.88502e-09 -4.22249e-06 8.23583e-06 1.83013e-05 -0.000103198 6.5922e-05 0.000703696 -0.0020345 -0.00150146 0.0200853 -0.027731 -0.101956 0.5 1.10196 1.02773 0.979915 1.0015 1.00203 0.999296 0.999934 1.0001 0.999982 0.999992 1 1 1 1 1 1 1 1 1 1 1 
5.22087e-10 -4.79376e-10 3.21658e-10 -1.7389e-09 -3.61305e-09 1.64887e-08 -2.58051e-08 -1.11285e-07 4.93586e-07 1.85168e-08 -4.27215e-06 8.09272e-06 1.8374e-05 -0.000102628 6.61817e-05 0.000702174 -0.00203667 -0.00149965 0.020092 -0.0277267 -0.101966 0.5 1.10197 1.02773 0.979908 1.0015 1.00204 0.999298 0.999934 1.0001 0.999982 0.999992 1 1 1 1 1 1 1 1 1 1 1 
4.79376e-10 -4.30793e-10 2.61878e-10 -1.78318e-09 -2.94152e-09 1.72547e-08 -2.88244e-08 -1.16889e-07 5.03745e-07 4.95629e-08 -4.29238e-06 7.95441e-06 1.83369e-05 -0.000102173 6.67075e-05 0.000701272 -0.00203902 -0.00149964 0.0200975 -0.0277207 -0.101971 0.5 1.10197 1.02772 0.979903 1.0015 1.00204 0.999299 0.999933 1.0001 0.999982 0.999992 1 1 0.999999 1 1 1 1 1 1 1 1 
4.30793e-10 -3.81996e-10 2.21215e-10 -1.8927e-09 -2.4267e-09 1.83606e-08 -3.07038e-08 -1.23361e-07 5.07911e-07 8.01008e-08 -4.28732e-06 7.83901e-06 1.82228e-05 -0.000101871 6.73503e-05 0.000700958 -0.00204113 -0.00150091 0.020101 -0.0277143 -0.101972 0.5 1.10197 1.02771 0.979899 1.0015 1.00204 0.999299 0.999933 1.0001 0.999982 0.999992 1 1 0.999999 1 1 1 1 1 1 1 1 
3.81996e-10 -3.38028e-10 2.01539e-10 -2.04448e-09 -2.099e-09 1.96188e-08 -3.14306e-08 -1.29713e-07 5.06821e-07 1.06164e-07 -4.26361e-06 7.7571e-06 1.80677e-05 -0.000101725 6.79831e-05 0.000701119 -0.00204274 -0.0015029 0.0201028 -0.0277088 -0.101971 0.5 1.10197 1.02771 0.979897 1.0015 1.00204 0.999299 0.999932 1.0001 0.999982 0.999992 1 1 0.999999 1 1 1 1 1 1 1 1 
3.38028e-10 -3.02782e-10 2.01996e-10 -2.21413e-09 -1.96231e-09 2.08546e-08 -3.11371e-08 -1.35165e-07 5.01754e-07 1.25261e-07 -4.22895e-06 7.71199e-06 1.79042e-05 -0.000101716 6.85141e-05 0.000701601 -0.00204374 -0.00150511 0.0201029 -0.0277047 -0.101967 0.5 1.10197 1.0277 0.979897 1.00151 1.00204 0.999298 0.999931 1.0001 0.999982 0.999992 1 1 0.999999 1 1 1 1 1 1 1 1 
3.02782e-10 -2.78673e-10 2.1945e-10 -2.37906e-09 -1.99749e-09 2.19264e-08 -3.00583e-08 -1.39205e-07 4.94245e-07 1.36396e-07 -4.19076e-06 7.701e-06 1.77581e-05 -0.00010181 6.88911e-05 0.000702243 -0.00204416 -0.00150712 0.0201019 -0.0277023 -0.101963 0.5 1.10196 1.0277 0.979898 1.00151 1.00204 0.999298 0.999931 1.0001 0.999982 0.999992 1 1 1 1 1 1 1 1 1 1 1 
2.78673e-10 -2.66524e-10 2.49174e-10 -2.52099e-09 -2.16829e-09 2.27376e-08 -2.84838e-08 -1.41608e-07 4.85832e-07 1.39885e-07 -4.15521e-06 7.71724e-06 1.76461e-05 -0.000101966 6.90985e-05 0.000702905 -0.00204408 -0.00150868 0.0201001 -0.0277014 -0.101959 0.5 1.10196 1.0277 0.9799 1.00151 1.00204 0.999297 0.999931 1.0001 0.999982 0.999992 1 1 1 1 1 1 1 1 1 1 1 
2.66524e-10 -2.65682e-10 2.85665e-10 -2.62748e-09 -2.42864e-09 2.32411e-08 -2.67105e-08 -1.42407e-07 4.7784e-07 1.37021e-07 -4.12664e-06 7.75164e-06 1.75759e-05 -0.000102145 6.91504e-05 0.000703479 -0.00204365 -0.00150967 0.0200982 -0.0277018 -0.101956 0.5 1.10196 1.0277 0.979902 1.00151 1.00204 0.999297 0.999931 1.0001 0.999982 0.999992 1 1 1 1 1 1 1 1 1 1 1 
2.65682e-10 -2.74291e-10 3.23454e-10 -2.69259e-09 -2.73e-09 2.34369e-08 -2.50025e-08 -1.4184e-07 4.71252e-07 1.2968e-07 -4.10741e-06 7.79473e-06 1.75469e-05 -0.000102314 6.90803e-05 0.000703903 -0.00204304 -0.0015101 0.0200964 -0.0277031 -0.101953 0.5 1.10195 1.0277 0.979904 1.00151 1.00204 0.999296 0.999931 1.0001 0.999982 0.999992 1 1 1 1 1 1 1 1 1 1 1 
2.74291e-10 -2.89696e-10 3.57796e-10 -2.71649e-09 -3.02785e-09 2.3363e-08 -2.35632e-08 -1.40275e-07 4.66645e-07 1.19929e-07 -4.09796e-06 7.83815e-06 1.7553e-05 -0.000102451 6.89314e-05 0.000704151 -0.00204239 -0.00151006 0.020095 -0.0277048 -0.101952 0.5 1.10195 1.0277 0.979905 1.00151 1.00204 0.999296 0.999931 1.0001 0.999982 0.999992 1 1 1 1 1 1 1 1 1 1 1 
2.89696e-10 -3.08882e-10 3.85165e-10 -2.70441e-09 -3.28657e-09 2.30839e-08 -2.25202e-08 -1.38136e-07 4.64199e-07 1.09694e-07 -4.09726e-06 7.87552e-06 1.75842e-05 -0.000102543 6.8747e-05 0.000704235 -0.00204181 -0.00150968 0.0200941 -0.0277064 -0.101952 0.5 1.10195 1.02771 0.979906 1.00151 1.00204 0.999296 0.999931 1.0001 0.999982 0.999992 1 1 1 1 1 1 1 1 1 1 1 
3.08882e-10 -3.28905e-10 4.03508e-10 -2.66505e-09 -3.48233e-09 2.26774e-08 -2.19236e-08 -1.35832e-07 4.63757e-07 1.00524e-07 -4.10328e-06 7.90294e-06 1.76295e-05 -0.000102589 6.85645e-05 0.000704184 -0.00204138 -0.00150911 0.0200937 -0.0277079 -0.101952 0.5 1.10195 1.02771 0.979906 1.00151 1.00204 0.999296 0.999931 1.0001 0.999982 0.999992 1 1 1 1 1 1 1 1 1 1 1 
3.28905e-10 -3.47237e-10 4.12263e-10 -2.60884e-09 -3.60387e-09 2.22216e-08 -2.17549e-08 -1.33709e-07 4.64922e-07 9.34565e-08 -4.11351e-06 7.91892e-06 1.76786e-05 -0.000102594 6.84111e-05 0.000704044 -0.00204111 -0.0015085 0.0200938 -0.0277089 -0.101953 0.5 1.10195 1.02771 0.979906 1.00151 1.00204 0.999296 0.999932 1.0001 0.999982 0.999992 1 1 1 1 1 1 1 1 1 1 1 
3.47237e-10 -3.62015e-10 4.1218e-10 -2.5463e-09 -3.65157e-09 2.17851e-08 -2.19433e-08 -1.3201e-07 4.67164e-07 8.899e-08 -4.12545e-06 7.924e-06 1.77232e-05 -0.000102568 6.83022e-05 0.00070386 -0.00204101 -0.00150796 0.0200941 -0.0277095 -0.101955 0.5 1.10195 1.02771 0.979906 1.00151 1.00204 0.999296 0.999932 1.0001 0.999982 0.999992 1 1 1 1 1 1 1 1 1 1 1 
3.62015e-10 -3.72152e-10 4.0499e-10 -2.48666e-09 -3.63513e-09 2.14197e-08 -2.23858e-08 -1.30869e-07 4.69924e-07 8.71382e-08 -4.13696e-06 7.92018e-06 1.7758e-05 -0.000102522 6.82426e-05 0.000703672 -0.00204105 -0.00150754 0.0200946 -0.0277096 -0.101956 0.5 1.10196 1.02771 0.979905 1.00151 1.00204 0.999296 0.999932 1.0001 0.999982 0.999992 1 1 1 1 1 1 1 1 1 1 1 
3.72152e-10 -3.77343e-10 3.93003e-10 -2.4369e-09 -3.57045e-09 2.11571e-08 -2.29681e-08 -1.30316e-07 4.72699e-07 8.75399e-08 -4.14647e-06 7.91026e-06 1.77802e-05 -0.00010247 6.82283e-05 0.000703509 -0.00204117 -0.00150729 0.0200951 -0.0277095 -0.101957 0.5 1.10196 1.02771 0.979905 1.00151 1.00204 0.999296 0.999932 1.0001 0.999982 0.999992 1 1 1 1 1 1 1 1 1 1 1 
3.77343e-10 -3.77952e-10 3.78703e-10 -2.4013e-09 -3.47632e-09 2.10088e-08 -2.35818e-08 -1.30292e-07 4.75098e-07 8.95985e-08 -4.1531e-06 7.89724e-06 1.77897e-05 -0.000102419 6.82495e-05 0.000703391 -0.00204135 -0.00150719 0.0200956 -0.0277091 -0.101957 0.5 1.10196 1.02771 0.979904 1.00151 1.00204 0.999297 0.999932 1.0001 0.999982 0.999992 1 1 1 1 1 1 1 1 1 1 1 
3.77952e-10 -3.74848e-10 3.64387e-10 -2.3814e-09 -3.37138e-09 2.0969e-08 -2.41381e-08 -1.3068e-07 4.76874e-07 9.26222e-08 -4.15659e-06 7.88383e-06 1.77885e-05 -0.000102379 6.82934e-05 0.000703323 -0.00204154 -0.00150722 0.020096 -0.0277086 -0.101957 0.5 1.10196 1.02771 0.979904 1.00151 1.00204 0.999297 0.999932 1.0001 0.999982 0.999992 1 1 1 1 1 1 1 1 1 1 1 
3.74848e-10 -3.69194e-10 3.51897e-10 -2.37637e-09 -3.27167e-09 2.10186e-08 -2.45753e-08 -1.31332e-07 4.77923e-07 9.59455e-08 -4.15721e-06 7.8721e-06 1.77794e-05 -0.000102351 6.83474e-05 0.000703303 -0.0020417 -0.00150733 0.0200962 -0.0277082 -0.101957 0.5 1.10196 1.02771 0.979904 1.00151 1.00204 0.999297 0.999932 1.0001 0.999982 0.999992 1 1 1 1 1 1 1 1 1 1 1 
3.69194e-10 -3.62243e-10 3.42467e-10 -2.38361e-09 -3.18909e-09 2.1131e-08 -2.48618e-08 -1.32098e-07 4.78268e-07 9.90188e-08 -4.15558e-06 7.86338e-06 1.77659e-05 -0.000102338 6.84006e-05 0.00070332 -0.00204182 -0.0015075 0.0200963 -0.0277078 -0.101957 0.5 1.10196 1.02771 0.979904 1.00151 1.00204 0.999297 0.999932 1.0001 0.999982 0.999992 1 1 1 1 1 1 1 1 1 1 1 
3.62243e-10 -3.55156e-10 3.36678e-10 -2.39946e-09 -3.13067e-09 2.1277e-08 -2.49931e-08 -1.32845e-07 4.78028e-07 1.0146e-07 -4.15248e-06 7.85819e-06 1.77511e-05 -0.000102336 6.84451e-05 0.000703362 -0.00204189 -0.00150767 0.0200963 -0.0277075 -0.101957 0.5 1.10196 1.02771 0.979904 1.00151 1.00204 0.999297 0.999932 1.0001 0.999982 0.999992 1 1 1 1 1 1 1 1 1 1 1 
3.55156e-10 -3.48871e-10 3.34511e-10 -2.4199e-09 -3.09869e-09 2.14294e-08 -2.49871e-08 -1.33475e-07 4.77374e-07 1.03069e-07 -4.14875e-06 7.85643e-06 1.77375e-05 -0.000102344 6.84763e-05 0.000703416 -0.00204191 -0.00150782 0.0200962 -0.0277074 -0.101957 0.5 1.10196 1.02771 0.979904 1.00151 1.00204 0.999297 0.999932 1.0001 0.999982 0.999992 1 1 1 1 1 1 1 1 1 1 1 
3.48871e-10 -3.44024e-10 3.35471e-10 -2.44119e-09 -3.0914e-09 2.15663e-08 -2.48764e-08 -1.33928e-07 4.76497e-07 1.03815e-07 -4.14508e-06 7.85747e-06 1.7727e-05 -0.000102358 6.84929e-05 0.000703471 -0.0020419 -0.00150793 0.020096 -0.0277074 -0.101956 0.5 1.10196 1.02771 0.979904 1.00151 1.00204 0.999297 0.999932 1.0001 0.999982 0.999992 1 1 1 1 1 1 1 1 1 1 1 
3.44024e-10 -3.4093e-10 3.38752e-10 -2.46027e-09 -3.10412e-09 2.16728e-08 -2.47004e-08 -1.34181e-07 4.75575e-07 1.038e-07 -4.142e-06 7.86047e-06 1.77203e-05 -0.000102374 6.84964e-05 0.000703517 -0.00204186 -0.001508 0.0200959 -0.0277074 -0.101956 0.5 1.10196 1.02771 0.979904 1.00151 1.00204 0.999296 0.999932 1.0001 0.999982 0.999992 1 1 1 1 1 1 1 1 1 1 1 
3.4093e-10 -3.39605e-10 3.4341e-10 -2.4751e-09 -3.13053e-09 2.17415e-08 -2.44985e-08 -1.34247e-07 4.74751e-07 1.03209e-07 -4.13981e-06 7.86448e-06 1.77174e-05 -0.000102389 6.84895e-05 0.00070355 -0.0020418 -0.00150802 0.0200957 -0.0277075 -0.101956 0.5 1.10196 1.02771 0.979904 1.00151 1.00204 0.999296 0.999932 1.0001 0.999982 0.999992 1 1 1 1 1 1 1 1 1 1 1 
3.39605e-10 -3.3983e-10 3.48518e-10 -2.48464e-09 -3.1639e-09 2.17719e-08 -2.43046e-08 -1.3416e-07 4.74117e-07 1.0227e-07 -4.13863e-06 7.86864e-06 1.77178e-05 -0.000102401 6.84761e-05 0.000703568 -0.00204175 -0.00150801 0.0200956 -0.0277077 -0.101956 0.5 1.10196 1.02771 0.979904 1.00151 1.00204 0.999296 0.999932 1.0001 0.999982 0.999992 1 1 1 1 1 1 1 1 1 1 1 
3.3983e-10 -3.41227e-10 3.53292e-10 -2.48881e-09 -3.19809e-09 2.17687e-08 -2.41436e-08 -1.3397e-07 4.7372e-07 1.01204e-07 -4.13837e-06 7.87229e-06 1.77206e-05 -0.000102409 6.846e-05 0.000703573 -0.00204171 -0.00150797 0.0200956 -0.0277078 -0.101956 0.5 1.10196 1.02771 0.979904 1.00151 1.00204 0.999296 0.999932 1.0001 0.999982 0.999992 1 1 1 1 1 1 1 1 1 1 1 
3.41227e-10 -3.43346e-10 3.57164e-10 -2.48828e-09 -3.22823e-09 2.17403e-08 -2.40301e-08 -1.33726e-07 4.73559e-07 1.00197e-07 -4.13885e-06 7.87501e-06 1.77247e-05 -0.000102413 6.84444e-05 0.000703567 -0.00204167 -0.00150792 0.0200956 -0.0277079 -0.101956 0.5 1.10196 1.02771 0.979904 1.00151 1.00204 0.999296 0.999932 1.0001 0.999982 0.999992 1 1 1 1 1 1 1 1 1 1 1 
3.43346e-10 -3.45741e-10 3.59813e-10 -2.48422e-09 -3.25117e-09 2.16965e-08 -2.39686e-08 -1.33477e-07 4.73601e-07 9.9381e-08 -4.1398e-06 7.87663e-06 1.77293e-05 -0.000102413 6.84315e-05 0.000703554 -0.00204165 -0.00150787 0.0200956 -0.027708 -0.101956 0.5 1.10196 1.02771 0.979904 1.00151 1.00204 0.999296 0.999932 1.0001 0.999982 0.999992 1 1 1 1 1 1 1 1 1 1 1 
3.45741e-10 -3.48027e-10 3.61156e-10 -2.478e-09 -3.26543e-09 2.1647e-08 -2.39554e-08 -1.33259e-07 4.7379e-07 9.88296e-08 -4.14098e-06 7.87718e-06 1.77334e-05 -0.00010241 6.84226e-05 0.000703538 -0.00204165 -0.00150783 0.0200956 -0.027708 -0.101956 0.5 1.10196 1.02771 0.979904 1.00151 1.00204 0.999296 0.999932 1.0001 0.999982 0.999992 1 1 1 1 1 1 1 1 1 1 1 
3.48027e-10 -3.49921e-10 3.61308e-10 -2.47099e-09 -3.27111e-09 2.16001e-08 -2.39808e-08 -1.33096e-07 4.74063e-07 9.85584e-08 -4.14215e-06 7.87685e-06 1.77366e-05 -0.000102406 6.84181e-05 0.000703522 -0.00204165 -0.0015078 0.0200957 -0.027708 -0.101956 0.5 1.10196 1.02771 0.979904 1.00151 1.00204 0.999296 0.999932 1.0001 0.999982 0.999992 1 1 1 1 1 1 1 1 1 1 1 
3.49921e-10 -3.51257e-10 3.60522e-10 -2.46434e-09 -3.26946e-09 2.15616e-08 -2.4032e-08 -1.32997e-07 4.74362e-07 9.85384e-08 -4.14314e-06 7.87591e-06 1.77386e-05 -0.000102401 6.84174e-05 0.000703509 -0.00204167 -0.00150778 0.0200957 -0.027708 -0.101956 0.5 1.10196 1.02771 0.979904 1.00151 1.00204 0.999296 0.999932 1.0001 0.999982 0.999992 1 1 1 1 1 1 1 1 1 1 1 
3.51257e-10 -3.51984e-10 3.59121e-10 -2.45888e-09 -3.26245e-09 2.15349e-08 -2.40955e-08 -1.32961e-07 4.74636e-07 9.87109e-08 -4.14384e-06 7.87466e-06 1.77394e-05 -0.000102397 6.84197e-05 0.000703499 -0.00204168 -0.00150778 0.0200957 -0.0277079 -0.101956 0.5 1.10196 1.02771 0.979904 1.00151 1.00204 0.999297 0.999932 1.0001 0.999982 0.999992 1 1 1 1 1 1 1 1 1 1 1 
3.51984e-10 -3.52144e-10 3.5744e-10 -2.4551e-09 -3.25233e-09 2.1521e-08 -2.41595e-08 -1.32978e-07 4.74851e-07 9.90033e-08 -4.14423e-06 7.87336e-06 1.77392e-05 -0.000102393 6.84239e-05 0.000703495 -0.0020417 -0.00150778 0.0200958 -0.0277079 -0.101956 0.5 1.10196 1.02771 0.979904 1.00151 1.00204 0.999297 0.999932 1.0001 0.999982 0.999992 1 1 1 1 1 1 1 1 1 1 1 
3.52144e-10 -3.51847e-10 3.55778e-10 -2.45312e-09 -3.24126e-09 2.15186e-08 -2.42149e-08 -1.33033e-07 4.74992e-07 9.93431e-08 -4.14432e-06 7.87222e-06 1.77383e-05 -0.000102391 6.84288e-05 0.000703494 -0.00204171 -0.0015078 0.0200958 -0.0277079 -0.101956 0.5 1.10196 1.02771 0.979904 1.00151 1.00204 0.999297 0.999932 1.0001 0.999982 0.999992 1 1 1 1 1 1 1 1 1 1 1 
3.51847e-10 -3.51243e-10 3.5436e-10 -2.45279e-09 -3.23103e-09 2.15254e-08 -2.42557e-08 -1.33108e-07 4.75055e-07 9.96688e-08 -4.14417e-06 7.87138e-06 1.7737e-05 -0.00010239 6.84334e-05 0.000703496 -0.00204172 -0.00150781 0.0200958 -0.0277078 -0.101956 0.5 1.10196 1.02771 0.979904 1.00151 1.00204 0.999297 0.999932 1.0001 0.999982 0.999992 1 1 1 1 1 1 1 1 1 1 1 
3.51243e-10 -3.50486e-10 3.53326e-10 -2.45376e-09 -3.22286e-09 2.15381e-08 -2.42798e-08 -1.33189e-07 4.75051e-07 9.99358e-08 -4.14387e-06 7.87088e-06 1.77356e-05 -0.00010239 6.84372e-05 0.0007035 -0.00204172 -0.00150783 0.0200958 -0.0277078 -0.101956 0.5 1.10196 1.02771 0.979904 1.00151 1.00204 0.999297 0.999932 1.0001 0.999982 0.999992 1 1 1 1 1 1 1 1 1 1 1 
3.50486e-10 -3.49718e-10 3.52729e-10 -2.45559e-09 -3.21741e-09 2.15536e-08 -2.42878e-08 -1.33261e-07 4.74996e-07 1.00119e-07 -4.1435e-06 7.87071e-06 1.77343e-05 -0.000102391 6.84397e-05 0.000703505 -0.00204173 -0.00150784 0.0200958 -0.0277078 -0.101956 0.5 1.10196 1.02771 0.979904 1.00151 1.00204 0.999296 0.999932 1.0001 0.999982 0.999992 1 1 1 1 1 1 1 1 1 1 1 
3.49718e-10 -3.49047e-10 3.52551e-10 -2.45781e-09 -3.21478e-09 2.1569e-08 -2.42825e-08 -1.33317e-07 4.74911e-07 1.00213e-07 -4.14313e-06 7.87083e-06 1.77334e-05 -0.000102392 6.84409e-05 0.000703509 -0.00204172 -0.00150785 0.0200957 -0.0277078 -0.101956 0.5 1.10196 1.02771 0.979904 1.00151 1.00204 0.999296 0.999932 1.0001 0.999982 0.999992 1 1 1 1 1 1 1 1 1 1 1 
3.49047e-10 -3.48545e-10 3.52717e-10 -2.46001e-09 -3.21468e-09 2.1582e-08 -2.42678e-08 -1.33353e-07 4.74816e-07 1.00224e-07 -4.14281e-06 7.87113e-06 1.77328e-05 -0.000102393 6.8441e-05 0.000703513 -0.00204172 -0.00150785 0.0200957 -0.0277078 -0.101956 0.5 1.10196 1.02771 0.979904 1.00151 1.00204 0.999296 0.999932 1.0001 0.999982 0.999992 1 1 1 1 1 1 1 1 1 1 1 
