1 1 0.95 0.9 0.85 0.8 0.75 0.7 0.65 0.6 0.55 0.5 0.45 0.4 0.35 0.3 0.25 0.2 0.15 0.1 0.05 0 -0.05 -0.1 -0.15 -0.2 -0.25 -0.3 -0.35 -0.4 -0.45 -0.5 -0.55 -0.6 -0.65 -0.7 -0.75 -0.8 -0.85 -0.9 -0.95 -1 -1 
1 1 0.97925 0.92775 0.87625 0.82475 0.77325 0.72175 0.67025 0.61875 0.56725 0.51575 0.46425 0.41275 0.36125 0.30975 0.25825 0.20675 0.15525 0.10375 0.05225 -3.25261e-18 -0.05225 -0.10375 -0.15525 -0.20675 -0.25825 -0.30975 -0.36125 -0.41275 -0.46425 -0.51575 -0.56725 -0.61875 -0.67025 -0.72175 -0.77325 -0.82475 -0.87625 -0.92775 -0.97925 -1 -1 
1 1 0.991571 0.957213 0.904122 0.85103 0.797939 0.744848 0.691756 0.638665 0.585574 0.532482 0.479391 0.4263 0.373208 0.320117 0.267026 0.213934 0.160843 0.107752 0.0546602 -6.76542e-18 -0.0546602 -0.107752 -0.160843 -0.213934 -0.267026 -0.320117 -0.373208 -0.4263 -0.479391 -0.532482 -0.585574 -0.638665 -0.691756 -0.744848 -0.797939 -0.85103 -0.904122 -0.957213 -0.991571 -1 -1 
1 1 0.996607 0.9773 0.933768 0.878985 0.824203 0.76942 0.714638 0.659855 0.605073 0.55029 0.495508 0.440725 0.385942 0.33116 0.276377 0.221595 0.166812 0.11203 0.057247 -1.04083e-17 -0.057247 -0.11203 -0.166812 -0.221595 -0.276377 -0.33116 -0.385942 -0.440725 -0.495508 -0.55029 -0.605073 -0.659855 -0.714638 -0.76942 -0.824203 -0.878985 -0.933768 -0.9773 -0.996607 -1 -1 
1 1 0.998639 0.988733 0.958726 0.908778 0.852194 0.795611 0.739028 0.682445 0.625861 0.569278 0.512695 0.456112 0.399528 0.342945 0.286362 0.229779 0.173196 0.116612 0.060029 -1.45717e-17 -0.060029 -0.116612 -0.173196 -0.229779 -0.286362 -0.342945 -0.399528 -0.456112 -0.512695 -0.569278 -0.625861 -0.682445 -0.739028 -0.795611 -0.852194 -0.908778 -0.958726 -0.988733 -0.998639 -1 -1 
1 1 0.999455 0.994639 0.976257 0.936761 0.882087 0.823583 0.765078 0.706574 0.64807 0.589566 0.531061 0.472557 0.414053 0.355549 0.297044 0.23854 0.180036 0.121532 0.0630275 -1.89952e-17 -0.0630275 -0.121532 -0.180036 -0.23854 -0.297044 -0.355549 -0.414053 -0.472557 -0.531061 -0.589566 -0.64807 -0.706574 -0.765078 -0.823583 -0.882087 -0.936761 -0.976257 -0.994639 -0.999455 -1 -1 
1 1 0.999782 0.99752 0.987126 0.959428 0.91192 0.853519 0.792961 0.732404 0.671846 0.611288 0.55073 0.490172 0.429614 0.369056 0.308498 0.24794 0.187383 0.126825 0.0662668 -2.3679e-17 -0.0662668 -0.126825 -0.187383 -0.24794 -0.308498 -0.369056 -0.429614 -0.490172 -0.55073 -0.611288 -0.671846 -0.732404 -0.792961 -0.853519 -0.91192 -0.959428 -0.987126 -0.99752 -0.999782 -1 -1 
1 1 0.999913 0.998875 0.993315 0.975603 0.938591 0.88445 0.822874 0.760115 0.697357 0.634599 0.571841 0.509082 0.446324 0.383566 0.320808 0.258049 0.195291 0.132533 0.0697747 -2.86229e-17 -0.0697747 -0.132533 -0.195291 -0.258049 -0.320808 -0.383566 -0.446324 -0.509082 -0.571841 -0.634599 -0.697357 -0.760115 -0.822874 -0.88445 -0.938591 -0.975603 -0.993315 -0.998875 -0.999913 -1 -1 
1 1 0.999965 0.999497 0.996638 0.986065 0.959845 0.914061 0.854413 0.789919 0.724798 0.659676 0.594555 0.529433 0.464312 0.399191 0.334069 0.268948 0.203826 0.138705 0.0735837 -3.43475e-17 -0.0735837 -0.138705 -0.203826 -0.268948 -0.334069 -0.399191 -0.464312 -0.529433 -0.594555 -0.659676 -0.724798 -0.789919 -0.854413 -0.914061 -0.959845 -0.986065 -0.996638 -0.999497 -0.999965 -1 -1 
1 1 0.999986 0.999778 0.99835 0.992354 0.975152 0.9398 0.886059 0.821734 0.75439 0.686724 0.619058 0.551392 0.483726 0.41606 0.348395 0.280729 0.213063 0.145397 0.077731 -4.11129e-17 -0.077731 -0.145397 -0.213063 -0.280729 -0.348395 -0.41606 -0.483726 -0.551392 -0.619058 -0.686724 -0.75439 -0.821734 -0.886059 -0.9398 -0.975152 -0.992354 -0.99835 -0.999778 -0.999986 -1 -1 
1 1 0.999994 0.999903 0.999206 0.995935 0.985305 0.960109 0.915496 0.85469 0.786233 0.715978 0.645565 0.575152 0.504739 0.434326 0.363913 0.2935 0.223087 0.152674 0.0822605 -4.89192e-17 -0.0822605 -0.152674 -0.223087 -0.2935 -0.363913 -0.434326 -0.504739 -0.575152 -0.645565 -0.715978 -0.786233 -0.85469 -0.915496 -0.960109 -0.985305 -0.995935 -0.999206 -0.999903 -0.999994 -1 -1 
1 1 0.999998 0.999958 0.999624 0.997893 0.991623 0.974814 0.940599 0.886981 0.819933 0.747639 0.674326 0.600938 0.52755 0.454163 0.380775 0.307387 0.233999 0.160611 0.0872232 -5.80265e-17 -0.0872232 -0.160611 -0.233999 -0.307387 -0.380775 -0.454163 -0.52755 -0.600938 -0.674326 -0.747639 -0.819933 -0.886981 -0.940599 -0.974814 -0.991623 -0.997893 -0.999624 -0.999958 -0.999998 -1 -1 
1 1 0.999999 0.999982 0.999824 0.99893 0.995365 0.98473 0.96026 0.916378 0.854266 0.781637 0.705601 0.629015 0.552396 0.475776 0.399157 0.322538 0.245918 0.169299 0.0926796 -6.7394e-17 -0.0926796 -0.169299 -0.245918 -0.322538 -0.399157 -0.475776 -0.552396 -0.629015 -0.705601 -0.781637 -0.854266 -0.916378 -0.96026 -0.98473 -0.995365 -0.99893 -0.999824 -0.999982 -0.999999 -1 -1 
1 1 1 0.999992 0.999919 0.999466 0.997498 0.991048 0.974538 0.941083 0.88726 0.817281 0.739526 0.659679 0.579551 0.49941 0.419268 0.339126 0.258985 0.178843 0.0987014 -7.83228e-17 -0.0987014 -0.178843 -0.258985 -0.339126 -0.419268 -0.49941 -0.579551 -0.659679 -0.739526 -0.817281 -0.88726 -0.941083 -0.974538 -0.991048 -0.997498 -0.999466 -0.999919 -0.999992 -1 -1 -1 
1 1 1 0.999997 0.999963 0.999738 0.998677 0.994896 0.984274 0.960309 0.916782 0.853066 0.775841 0.693196 0.60934 0.525351 0.441355 0.35736 0.273365 0.18937 0.105374 -9.08128e-17 -0.105374 -0.18937 -0.273365 -0.35736 -0.441355 -0.525351 -0.60934 -0.693196 -0.775841 -0.853066 -0.916782 -0.960309 -0.984274 -0.994896 -0.998677 -0.999738 -0.999963 -0.999997 -1 -1 -1 
1 1 1 0.999999 0.999983 0.999873 0.999313 0.997157 0.990581 0.974289 0.941293 0.886896 0.813578 0.729618 0.642108 0.553941 0.465715 0.377487 0.289258 0.20103 0.112801 -1.03823e-16 -0.112801 -0.20103 -0.289258 -0.377487 -0.465715 -0.553941 -0.642108 -0.729618 -0.813578 -0.886896 -0.941293 -0.974289 -0.990581 -0.997157 -0.999313 -0.999873 -0.999983 -0.999999 -1 -1 -1 
1 1 1 0.999999 0.999992 0.999939 0.999649 0.998449 0.994503 0.983892 0.960255 0.916731 0.850981 0.768488 0.67812 0.585577 0.492703 0.399805 0.306906 0.214007 0.121108 -1.18915e-16 -0.121108 -0.214007 -0.306906 -0.399805 -0.492703 -0.585577 -0.67812 -0.768488 -0.850981 -0.916731 -0.960255 -0.983892 -0.994503 -0.998449 -0.999649 -0.999939 -0.999992 -0.999999 -1 -1 -1 
1 1 1 1 0.999997 0.999971 0.999823 0.999168 0.996862 0.99019 0.974042 0.941239 0.885849 0.808567 0.717338 0.620661 0.522746 0.424679 0.326602 0.228525 0.130448 -1.36089e-16 -0.130448 -0.228525 -0.326602 -0.424679 -0.522746 -0.620661 -0.717338 -0.808567 -0.885849 -0.941239 -0.974042 -0.99019 -0.996862 -0.999168 -0.999823 -0.999971 -0.999997 -1 -1 -1 -1 
1 1 1 1 0.999998 0.999986 0.999912 0.999561 0.998243 0.994167 0.983557 0.960087 0.91621 0.847851 0.7591 0.659467 0.556333 0.452552 0.348707 0.244858 0.14101 -1.55865e-16 -0.14101 -0.244858 -0.348707 -0.452552 -0.556333 -0.659467 -0.7591 -0.847851 -0.91621 -0.960087 -0.983557 -0.994167 -0.998243 -0.999561 -0.999912 -0.999986 -0.999998 -1 -1 -1 -1 
1 1 1 1 0.999999 0.999994 0.999957 0.999771 0.999033 0.996603 0.989852 0.973772 0.940908 0.884028 0.801886 0.701868 0.59395 0.483963 0.373669 0.26335 0.153031 -1.76682e-16 -0.153031 -0.26335 -0.373669 -0.483963 -0.59395 -0.701868 -0.801886 -0.884028 -0.940908 -0.973772 -0.989852 -0.996603 -0.999033 -0.999771 -0.999957 -0.999994 -0.999999 -1 -1 -1 -1 
1 1 1 1 1 0.999997 0.999979 0.999882 0.999476 0.998058 0.993875 0.983245 0.959785 0.915168 0.843431 0.746988 0.635903 0.51953 0.402046 0.284433 0.166812 -2.01662e-16 -0.166812 -0.284433 -0.402046 -0.51953 -0.635903 -0.746988 -0.843431 -0.915168 -0.959785 -0.983245 -0.993875 -0.998058 -0.999476 -0.999882 -0.999979 -0.999997 -1 -1 -1 -1 -1 
1 1 1 1 1 0.999999 0.99999 0.99994 0.99972 0.998907 0.996375 0.98955 0.97346 0.940265 0.881278 0.793004 0.681988 0.559868 0.434527 0.308655 0.182734 -2.29764e-16 -0.182734 -0.308655 -0.434527 -0.559868 -0.681988 -0.793004 -0.881278 -0.940265 -0.97346 -0.98955 -0.996375 -0.998907 -0.99972 -0.99994 -0.99999 -0.999999 -1 -1 -1 -1 -1 
1 1 1 1 1 0.999999 0.999995 0.99997 0.999852 0.999394 0.997891 0.993616 0.982936 0.959323 0.913512 0.837343 0.731112 0.605365 0.471919 0.336719 0.201297 -2.60989e-16 -0.201297 -0.336719 -0.471919 -0.605365 -0.731112 -0.837343 -0.913512 -0.959323 -0.982936 -0.993616 -0.997891 -0.999394 -0.999852 -0.99997 -0.999995 -0.999999 -1 -1 -1 -1 -1 
1 1 1 1 1 1 0.999998 0.999985 0.999923 0.999669 0.998792 0.99617 0.989269 0.973081 0.939251 0.877351 0.781098 0.655783 0.515047 0.369517 0.223155 -2.98459e-16 -0.223155 -0.369517 -0.515047 -0.655783 -0.781098 -0.877351 -0.939251 -0.973081 -0.989269 -0.99617 -0.998792 -0.999669 -0.999923 -0.999985 -0.999998 -1 -1 -1 -1 -1 -1 
1 1 1 1 1 1 0.999999 0.999993 0.99996 0.999821 0.999318 0.997739 0.993379 0.982611 0.958659 0.911085 0.828987 0.709801 0.56448 0.408136 0.249178 -3.42174e-16 -0.249178 -0.408136 -0.56448 -0.709801 -0.828987 -0.911085 -0.958659 -0.982611 -0.993379 -0.997739 -0.999318 -0.999821 -0.99996 -0.999993 -0.999999 -1 -1 -1 -1 -1 -1 
1 1 1 1 1 1 0.999999 0.999996 0.99998 0.999905 0.99962 0.998685 0.995983 0.988994 0.972608 0.937771 0.871844 0.764822 0.620034 0.453755 0.280524 -4.00461e-16 -0.280524 -0.453755 -0.620034 -0.764822 -0.871844 -0.937771 -0.972608 -0.988994 -0.995983 -0.998685 -0.99962 -0.999905 -0.99998 -0.999996 -0.999999 -1 -1 -1 -1 -1 -1 
1 1 1 1 1 1 1 0.999998 0.99999 0.99995 0.99979 0.999245 0.9976 0.993156 0.982251 0.957737 0.907635 0.81737 0.680187 0.50732 0.318684 -4.62911e-16 -0.318684 -0.50732 -0.680187 -0.81737 -0.907635 -0.957737 -0.982251 -0.993156 -0.9976 -0.999245 -0.99979 -0.99995 -0.99999 -0.999998 -1 -1 -1 -1 -1 -1 -1 
1 1 1 1 1 1 1 0.999999 0.999995 0.999974 0.999886 0.999572 0.998585 0.99581 0.988714 0.972004 0.935672 0.864082 0.741819 0.568904 0.365428 -5.46178e-16 -0.365428 -0.568904 -0.741819 -0.864082 -0.935672 -0.972004 -0.988714 -0.99581 -0.998585 -0.999572 -0.999886 -0.999974 -0.999995 -0.999999 -1 -1 -1 -1 -1 -1 -1 
1 1 1 1 1 1 1 1 0.999997 0.999986 0.999939 0.99976 0.999177 0.997471 0.992939 0.981833 0.956465 0.902736 0.800722 0.636897 0.422462 -6.71078e-16 -0.422462 -0.636897 -0.800722 -0.902736 -0.956465 -0.981833 -0.992939 -0.997471 -0.999177 -0.99976 -0.999939 -0.999986 -0.999997 -1 -1 -1 -1 -1 -1 -1 -1 
1 1 1 1 1 1 1 1 0.999999 0.999993 0.999967 0.999867 0.999527 0.998493 0.995645 0.988412 0.971216 0.932704 0.852854 0.707552 0.490611 -8.20958e-16 -0.490611 -0.707552 -0.852854 -0.932704 -0.971216 -0.988412 -0.995645 -0.998493 -0.999527 -0.999867 -0.999967 -0.999993 -0.999999 -1 -1 -1 -1 -1 -1 -1 -1 
1 1 1 1 1 1 1 1 0.999999 0.999996 0.999983 0.999927 0.999731 0.999113 0.997349 0.992717 0.981326 0.954701 0.895627 0.775571 0.56859 -1.03745e-15 -0.56859 -0.775571 -0.895627 -0.954701 -0.981326 -0.992717 -0.997349 -0.999113 -0.999731 -0.999927 -0.999983 -0.999996 -0.999999 -1 -1 -1 -1 -1 -1 -1 -1 
1 1 1 1 1 1 1 1 1 0.999998 0.999991 0.99996 0.999849 0.999483 0.998405 0.995482 0.988072 0.970165 0.928419 0.835762 0.652055 -1.3039e-15 -0.652055 -0.835762 -0.928419 -0.970165 -0.988072 -0.995482 -0.998405 -0.999483 -0.999849 -0.99996 -0.999991 -0.999998 -1 -1 -1 -1 -1 -1 -1 -1 -1 
1 1 1 1 1 1 1 1 1 0.999999 0.999995 0.999979 0.999916 0.999703 0.999051 0.997231 0.992482 0.980685 0.952196 0.884801 0.734052 -1.62032e-15 -0.734052 -0.884801 -0.952196 -0.980685 -0.992482 -0.997231 -0.999051 -0.999703 -0.999916 -0.999979 -0.999995 -0.999999 -1 -1 -1 -1 -1 -1 -1 -1 -1 
1 1 1 1 1 1 1 1 1 1 0.999998 0.999989 0.999954 0.99983 0.999442 0.998321 0.995316 0.987668 0.968716 0.921943 0.807264 -1.92008e-15 -0.807264 -0.921943 -0.968716 -0.987668 -0.995316 -0.998321 -0.999442 -0.99983 -0.999954 -0.999989 -0.999998 -1 -1 -1 -1 -1 -1 -1 -1 -1 -1 
1 1 1 1 1 1 1 1 1 1 0.999999 0.999994 0.999975 0.999904 0.999675 0.998993 0.997113 0.992218 0.979839 0.948472 0.866755 -2.18653e-15 -0.866755 -0.948472 -0.979839 -0.992218 -0.997113 -0.998993 -0.999675 -0.999904 -0.999975 -0.999994 -0.999999 -1 -1 -1 -1 -1 -1 -1 -1 -1 -1 
1 1 1 1 1 1 1 1 1 1 0.999999 0.999997 0.999986 0.999946 0.999813 0.999402 0.998239 0.99514 0.987163 0.966618 0.911256 -2.31976e-15 -0.911256 -0.966618 -0.987163 -0.99514 -0.998239 -0.999402 -0.999813 -0.999946 -0.999986 -0.999997 -0.999999 -1 -1 -1 -1 -1 -1 -1 -1 -1 -1 
1 1 1 1 1 1 1 1 1 1 1 0.999998 0.999993 0.99997 0.999893 0.999648 0.998936 0.996993 0.991906 0.97866 0.942445 -2.38637e-15 -0.942445 -0.97866 -0.991906 -0.996993 -0.998936 -0.999648 -0.999893 -0.99997 -0.999993 -0.999998 -1 -1 -1 -1 -1 -1 -1 -1 -1 -1 -1 
1 1 1 1 1 1 1 1 1 1 1 0.999999 0.999996 0.999984 0.999939 0.999795 0.999363 0.998156 0.994941 0.986491 0.963317 -2.45299e-15 -0.963317 -0.986491 -0.994941 -0.998156 -0.999363 -0.999795 -0.999939 -0.999984 -0.999996 -0.999999 -1 -1 -1 -1 -1 -1 -1 -1 -1 -1 -1 
1 1 1 1 1 1 1 1 1 1 1 1 0.999998 0.999991 0.999966 0.999882 0.999622 0.998879 0.996864 0.991514 0.976872 -2.5196e-15 -0.976872 -0.991514 -0.996864 -0.998879 -0.999622 -0.999882 -0.999966 -0.999991 -0.999998 -1 -1 -1 -1 -1 -1 -1 -1 -1 -1 -1 -1 
1 1 1 1 1 1 1 1 1 1 1 1 0.999999 0.999995 0.999981 0.999932 0.999778 0.999325 0.998071 0.994705 0.985518 -2.5196e-15 -0.985518 -0.994705 -0.998071 -0.999325 -0.999778 -0.999932 -0.999981 -0.999995 -0.999999 -1 -1 -1 -1 -1 -1 -1 -1 -1 -1 -1 -1 
1 1 1 1 1 1 1 1 1 1 1 1 0.999999 0.999997 0.99999 0.999962 0.99987 0.999596 0.998822 0.996717 0.990976 -2.5196e-15 -0.990976 -0.996717 -0.998822 -0.999596 -0.99987 -0.999962 -0.99999 -0.999997 -0.999999 -1 -1 -1 -1 -1 -1 -1 -1 -1 -1 -1 -1 
1 1 1 1 1 1 1 1 1 1 1 1 1 0.999999 0.999994 0.999978 0.999925 0.999761 0.999286 0.997977 0.994399 -2.45299e-15 -0.994399 -0.997977 -0.999286 -0.999761 -0.999925 -0.999978 -0.999994 -0.999999 -1 -1 -1 -1 -1 -1 -1 -1 -1 -1 -1 -1 -1 
1 1 1 1 1 1 1 1 1 1 1 1 1 0.999999 0.999997 0.999988 0.999957 0.999859 0.999571 0.998762 0.996538 -2.38637e-15 -0.996538 -0.998762 -0.999571 -0.999859 -0.999957 -0.999988 -0.999997 -0.999999 -1 -1 -1 -1 -1 -1 -1 -1 -1 -1 -1 -1 -1 
1 1 1 1 1 1 1 1 1 1 1 1 1 1 0.999998 0.999993 0.999976 0.999918 0.999744 0.999247 0.997869 -2.38637e-15 -0.997869 -0.999247 -0.999744 -0.999918 -0.999976 -0.999993 -0.999998 -1 -1 -1 -1 -1 -1 -1 -1 -1 -1 -1 -1 -1 -1 
1 1 1 1 1 1 1 1 1 1 1 1 1 1 0.999999 0.999996 0.999986 0.999953 0.999848 0.999545 0.998694 -2.38637e-15 -0.998694 -0.999545 -0.999848 -0.999953 -0.999986 -0.999996 -0.999999 -1 -1 -1 -1 -1 -1 -1 -1 -1 -1 -1 -1 -1 -1 
1 1 1 1 1 1 1 1 1 1 1 1 1 1 1 0.999998 0.999992 0.999973 0.999911 0.999727 0.999204 -2.38637e-15 -0.999204 -0.999727 -0.999911 -0.999973 -0.999992 -0.999998 -1 -1 -1 -1 -1 -1 -1 -1 -1 -1 -1 -1 -1 -1 -1 
1 1 1 1 1 1 1 1 1 1 1 1 1 1 1 0.999999 0.999996 0.999984 0.999948 0.999837 0.999518 -2.38637e-15 -0.999518 -0.999837 -0.999948 -0.999984 -0.999996 -0.999999 -1 -1 -1 -1 -1 -1 -1 -1 -1 -1 -1 -1 -1 -1 -1 
1 1 1 1 1 1 1 1 1 1 1 1 1 1 1 0.999999 0.999998 0.999991 0.99997 0.999904 0.999709 -2.38637e-15 -0.999709 -0.999904 -0.99997 -0.999991 -0.999998 -0.999999 -1 -1 -1 -1 -1 -1 -1 -1 -1 -1 -1 -1 -1 -1 -1 
1 1 1 1 1 1 1 1 1 1 1 1 1 1 1 1 0.999999 0.999995 0.999983 0.999943 0.999826 -2.38637e-15 -0.999826 -0.999943 -0.999983 -0.999995 -0.999999 -1 -1 -1 -1 -1 -1 -1 -1 -1 -1 -1 -1 -1 -1 -1 -1 
1 1 1 1 1 1 1 1 1 1 1 1 1 1 1 1 0.999999 0.999997 0.99999 0.999967 0.999896 -2.38637e-15 -0.999896 -0.999967 -0.99999 -0.999997 -0.999999 -1 -1 -1 -1 -1 -1 -1 -1 -1 -1 -1 -1 -1 -1 -1 -1 
1 1 1 1 1 1 1 1 1 1 1 1 1 1 1 1 1 0.999998 0.999994 0.999981 0.999939 -2.38637e-15 -0.999939 -0.999981 -0.999994 -0.999998 -1 -1 -1 -1 -1 -1 -1 -1 -1 -1 -1 -1 -1 -1 -1 -1 -1 
1 1 1 1 1 1 1 1 1 1 1 1 1 1 1 1 1 0.999999 0.999997 0.999989 0.999964 -2.38637e-15 -0.999964 -0.999989 -0.999997 -0.999999 -1 -1 -1 -1 -1 -1 -1 -1 -1 -1 -1 -1 -1 -1 -1 -1 -1 
1 1 1 1 1 1 1 1 1 1 1 1 1 1 1 1 1 1 0.999998 0.999994 0.999979 -2.38637e-15 -0.999979 -0.999994 -0.999998 -1 -1 -1 -1 -1 -1 -1 -1 -1 -1 -1 -1 -1 -1 -1 -1 -1 -1 
1 1 1 1 1 1 1 1 1 1 1 1 1 1 1 1 1 1 0.999999 0.999996 0.999988 -2.38637e-15 -0.999988 -0.999996 -0.999999 -1 -1 -1 -1 -1 -1 -1 -1 -1 -1 -1 -1 -1 -1 -1 -1 -1 -1 
1 1 1 1 1 1 1 1 1 1 1 1 1 1 1 1 1 1 0.999999 0.999998 0.999993 -2.38637e-15 -0.999993 -0.999998 -0.999999 -1 -1 -1 -1 -1 -1 -1 -1 -1 -1 -1 -1 -1 -1 -1 -1 -1 -1 
1 1 1 1 1 1 1 1 1 1 1 1 1 1 1 1 1 1 1 0.999999 0.999996 -2.38637e-15 -0.999996 -0.999999 -1 -1 -1 -1 -1 -1 -1 -1 -1 -1 -1 -1 -1 -1 -1 -1 -1 -1 -1 
1 1 1 1 1 1 1 1 1 1 1 1 1 1 1 1 1 1 1 0.999999 0.999998 -2.38637e-15 -0.999998 -0.999999 -1 -1 -1 -1 -1 -1 -1 -1 -1 -1 -1 -1 -1 -1 -1 -1 -1 -1 -1 
1 1 1 1 1 1 1 1 1 1 1 1 1 1 1 1 1 1 1 1 0.999999 -2.38637e-15 -0.999999 -1 -1 -1 -1 -1 -1 -1 -1 -1 -1 -1 -1 -1 -1 -1 -1 -1 -1 -1 -1 
1 1 1 1 1 1 1 1 1 1 1 1 1 1 1 1 1 1 1 1 0.999999 -2.38637e-15 -0.999999 -1 -1 -1 -1 -1 -1 -1 -1 -1 -1 -1 -1 -1 -1 -1 -1 -1 -1 -1 -1 
1 1 1 1 1 1 1 1 1 1 1 1 1 1 1 1 1 1 1 1 1 -2.38637e-15 -1 -1 -1 -1 -1 -1 -1 -1 -1 -1 -1 -1 -1 -1 -1 -1 -1 -1 -1 -1 -1 
1 1 1 1 1 1 1 1 1 1 1 1 1 1 1 1 1 1 1 1 1 -2.38637e-15 -1 -1 -1 -1 -1 -1 -1 -1 -1 -1 -1 -1 -1 -1 -1 -1 -1 -1 -1 -1 -1 
1 1 1 1 1 1 1 1 1 1 1 1 1 1 1 1 1 1 1 1 1 -2.38637e-15 -1 -1 -1 -1 -1 -1 -1 -1 -1 -1 -1 -1 -1 -1 -1 -1 -1 -1 -1 -1 -1 
1 1 1 1 1 1 1 1 1 1 1 1 1 1 1 1 1 1 1 1 1 -2.38637e-15 -1 -1 -1 -1 -1 -1 -1 -1 -1 -1 -1 -1 -1 -1 -1 -1 -1 -1 -1 -1 -1 
