No, norma, norm_delta_time, elapsed_norm_time
0, 44.9576, 0.00185797, 0
1, 6.90993e-310, 0.00185797, 0.00185797
2, 6.90993e-310, 0.00185797, 0.00371594
3, 6.90993e-310, 0.00185797, 0.00557391
4, 6.90993e-310, 0.00185797, 0.00743188
5, 6.90993e-310, 0.00185797, 0.00928984
6, 6.90993e-310, 0.00185797, 0.0111478
7, 6.90993e-310, 0.00185797, 0.0130058
8, 6.90993e-310, 0.00185797, 0.0148638
9, 6.90993e-310, 0.00185797, 0.0167217
10, 6.90993e-310, 0.00185797, 0.0185797
11, 6.90993e-310, 0.00185797, 0.0204377
12, 6.90993e-310, 0.00185797, 0.0222956
13, 6.90993e-310, 0.00185797, 0.0241536
14, 6.90993e-310, 0.00185797, 0.0260116
15, 6.90993e-310, 0.00185797, 0.0278695
16, 6.90993e-310, 0.00185797, 0.0297275
17, 6.90993e-310, 0.00185797, 0.0315855
18, 6.90993e-310, 0.00185797, 0.0334434
19, 6.90993e-310, 0.00185797, 0.0353014
20, 6.90993e-310, 0.00185797, 0.0371594
21, 6.90993e-310, 0.00185797, 0.0390173
22, 6.90993e-310, 0.00185797, 0.0408753
23, 6.90993e-310, 0.00185797, 0.0427333
24, 6.90993e-310, 0.00185797, 0.0445913
25, 6.90993e-310, 0.00185797, 0.0464492
26, 6.90993e-310, 0.00185797, 0.0483072
27, 6.90993e-310, 0.00185797, 0.0501652
28, 6.90993e-310, 0.00185797, 0.0520231
29, 6.90993e-310, 0.00185797, 0.0538811
30, 6.90993e-310, 0.00185797, 0.0557391
31, 6.90993e-310, 0.00185797, 0.057597
32, 6.90993e-310, 0.00185797, 0.059455
33, 6.90993e-310, 0.00185797, 0.061313
34, 6.90993e-310, 0.00185797, 0.0631709
35, 6.90993e-310, 0.00185797, 0.0650289
36, 6.90993e-310, 0.00185797, 0.0668869
37, 6.90993e-310, 0.00185797, 0.0687449
38, 6.90993e-310, 0.00185797, 0.0706028
39, 6.90993e-310, 0.00185797, 0.0724608
40, 6.90993e-310, 0.00185797, 0.0743188
41, 6.90993e-310, 0.00185797, 0.0761767
42, 6.90993e-310, 0.00185797, 0.0780347
43, 6.90993e-310, 0.00185797, 0.0798927
44, 6.90993e-310, 0.00185797, 0.0817506
45, 6.90993e-310, 0.00185797, 0.0836086
46, 6.90993e-310, 0.00185797, 0.0854666
47, 6.90993e-310, 0.00185797, 0.0873245
48, 6.90993e-310, 0.00185797, 0.0891825
49, 6.90993e-310, 0.00185797, 0.0910405
50, 6.90993e-310, 0.00185797, 0.0928984
51, 6.90993e-310, 0.00185797, 0.0947564
52, 6.90993e-310, 0.00185797, 0.0966144
53, 6.90993e-310, 0.00185797, 0.0984724
54, 6.90993e-310, 0.00185797, 0.10033
55, 6.90993e-310, 0.00185797, 0.102188
56, 6.90993e-310, 0.00185797, 0.104046
57, 6.90993e-310, 0.00185797, 0.105904
58, 6.90993e-310, 0.00185797, 0.107762
59, 6.90993e-310, 0.00185797, 0.10962
60, 6.90993e-310, 0.00185797, 0.111478
61, 6.90993e-310, 0.00185797, 0.113336
62, 6.90993e-310, 0.00185797, 0.115194
63, 6.90993e-310, 0.00185797, 0.117052
64, 6.90993e-310, 0.00185797, 0.11891
65, 6.90993e-310, 0.00185797, 0.120768
66, 6.90993e-310, 0.00185797, 0.122626
67, 6.90993e-310, 0.00185797, 0.124484
68, 6.90993e-310, 0.00185797, 0.126342
69, 6.90993e-310, 0.00185797, 0.1282
70, 6.90993e-310, 0.00185797, 0.130058
71, 6.90993e-310, 0.00185797, 0.131916
72, 6.90993e-310, 0.00185797, 0.133774
73, 6.90993e-310, 0.00185797, 0.135632
74, 6.90993e-310, 0.00185797, 0.13749
75, 6.90993e-310, 0.00185797, 0.139348
76, 6.90993e-310, 0.00185797, 0.141206
77, 6.90993e-310, 0.00185797, 0.143064
78, 6.90993e-310, 0.00185797, 0.144922
79, 6.90993e-310, 0.00185797, 0.14678
80, 6.90993e-310, 0.00185797, 0.148638
81, 6.90993e-310, 0.00185797, 0.150495
82, 6.90993e-310, 0.00185797, 0.152353
83, 6.90993e-310, 0.00185797, 0.154211
84, 6.90993e-310, 0.00185797, 0.156069
85, 6.90993e-310, 0.00185797, 0.157927
86, 6.90993e-310, 0.00185797, 0.159785
87, 6.90993e-310, 0.00185797, 0.161643
88, 6.90993e-310, 0.00185797, 0.163501
89, 6.90993e-310, 0.00185797, 0.165359
90, 6.90993e-310, 0.00185797, 0.167217
91, 6.90993e-310, 0.00185797, 0.169075
92, 6.90993e-310, 0.00185797, 0.170933
93, 6.90993e-310, 0.00185797, 0.172791
94, 6.90993e-310, 0.00185797, 0.174649
95, 6.90993e-310, 0.00185797, 0.176507
96, 6.90993e-310, 0.00185797, 0.178365
97, 6.90993e-310, 0.00185797, 0.180223
98, 6.90993e-310, 0.00185797, 0.182081
99, 6.90993e-310, 0.00185797, 0.183939
100, 6.90993e-310, 0.00185797, 0.185797
101, 6.90993e-310, 0.00185797, 0.187655
102, 6.90993e-310, 0.00185797, 0.189513
103, 6.90993e-310, 0.00185797, 0.191371
104, 6.90993e-310, 0.00185797, 0.193229
105, 6.90993e-310, 0.00185797, 0.195087
106, 6.90993e-310, 0.00185797, 0.196945
107, 6.90993e-310, 0.00185797, 0.198803
108, 6.90993e-310, 0.00185797, 0.200661
109, 6.90993e-310, 0.00185797, 0.202519
110, 6.90993e-310, 0.00185797, 0.204377
111, 6.90993e-310, 0.00185797, 0.206235
112, 6.90993e-310, 0.00185797, 0.208093
113, 6.90993e-310, 0.00185797, 0.20995
114, 6.90993e-310, 0.00185797, 0.211808
115, 6.90993e-310, 0.00185797, 0.213666
116, 6.90993e-310, 0.00185797, 0.215524
117, 6.90993e-310, 0.00185797, 0.217382
118, 6.90993e-310, 0.00185797, 0.21924
119, 6.90993e-310, 0.00185797, 0.221098
120, 6.90993e-310, 0.00185797, 0.222956
121, 6.90993e-310, 0.00185797, 0.224814
122, 6.90993e-310, 0.00185797, 0.226672
123, 6.90993e-310, 0.00185797, 0.22853
124, 6.90993e-310, 0.00185797, 0.230388
125, 6.90993e-310, 0.00185797, 0.232246
126, 6.90993e-310, 0.00185797, 0.234104
127, 6.90993e-310, 0.00185797, 0.235962
128, 6.90993e-310, 0.00185797, 0.23782
129, 6.90993e-310, 0.00185797, 0.239678
130, 6.90993e-310, 0.00185797, 0.241536
131, 6.90993e-310, 0.00185797, 0.243394
132, 6.90993e-310, 0.00185797, 0.245252
133, 6.90993e-310, 0.00185797, 0.24711
134, 6.90993e-310, 0.00185797, 0.248968
135, 6.90993e-310, 0.00185797, 0.250826
136, 6.90993e-310, 0.00185797, 0.252684
137, 6.90993e-310, 0.00185797, 0.254542
138, 6.90993e-310, 0.00185797, 0.2564
139, 6.90993e-310, 0.00185797, 0.258258
140, 6.90993e-310, 0.00185797, 0.260116
141, 6.90993e-310, 0.00185797, 0.261974
142, 6.90993e-310, 0.00185797, 0.263832
143, 6.90993e-310, 0.00185797, 0.26569
144, 6.90993e-310, 0.00185797, 0.267548
145, 6.90993e-310, 0.00185797, 0.269406
146, 6.90993e-310, 0.00185797, 0.271263
147, 6.90993e-310, 0.00185797, 0.273121
148, 6.90993e-310, 0.00185797, 0.274979
149, 6.90993e-310, 0.00185797, 0.276837
150, 6.90993e-310, 0.00185797, 0.278695
151, 6.90993e-310, 0.00185797, 0.280553
152, 6.90993e-310, 0.00185797, 0.282411
153, 6.90993e-310, 0.00185797, 0.284269
154, 6.90993e-310, 0.00185797, 0.286127
155, 6.90993e-310, 0.00185797, 0.287985
156, 6.90993e-310, 0.00185797, 0.289843
157, 6.90993e-310, 0.00185797, 0.291701
158, 6.90993e-310, 0.00185797, 0.293559
159, 6.90993e-310, 0.00185797, 0.295417
160, 6.90993e-310, 0.00185797, 0.297275
161, 6.90993e-310, 0.00185797, 0.299133
162, 6.90993e-310, 0.00185797, 0.300991
163, 6.90993e-310, 0.00185797, 0.302849
164, 6.90993e-310, 0.00185797, 0.304707
165, 6.90993e-310, 0.00185797, 0.306565
166, 6.90993e-310, 0.00185797, 0.308423
167, 6.90993e-310, 0.00185797, 0.310281
168, 6.90993e-310, 0.00185797, 0.312139
169, 6.90993e-310, 0.00185797, 0.313997
170, 6.90993e-310, 0.00185797, 0.315855
171, 6.90993e-310, 0.00185797, 0.317713
172, 6.90993e-310, 0.00185797, 0.319571
173, 6.90993e-310, 0.00185797, 0.321429
174, 6.90993e-310, 0.00185797, 0.323287
175, 6.90993e-310, 0.00185797, 0.325145
176, 6.90993e-310, 0.00185797, 0.327003
177, 6.90993e-310, 0.00185797, 0.328861
178, 6.90993e-310, 0.00185797, 0.330718
179, 6.90993e-310, 0.00185797, 0.332576
180, 6.90993e-310, 0.00185797, 0.334434
181, 6.90993e-310, 0.00185797, 0.336292
182, 6.90993e-310, 0.00185797, 0.33815
183, 6.90993e-310, 0.00185797, 0.340008
184, 6.90993e-310, 0.00185797, 0.341866
185, 6.90993e-310, 0.00185797, 0.343724
186, 6.90993e-310, 0.00185797, 0.345582
187, 6.90993e-310, 0.00185797, 0.34744
188, 6.90993e-310, 0.00185797, 0.349298
189, 6.90993e-310, 0.00185797, 0.351156
190, 6.90993e-310, 0.00185797, 0.353014
191, 6.90993e-310, 0.00185797, 0.354872
192, 6.90993e-310, 0.00185797, 0.35673
193, 6.90993e-310, 0.00185797, 0.358588
194, 6.90993e-310, 0.00185797, 0.360446
195, 6.90993e-310, 0.00185797, 0.362304
196, 6.90993e-310, 0.00185797, 0.364162
197, 6.90993e-310, 0.00185797, 0.36602
198, 6.90993e-310, 0.00185797, 0.367878
199, 6.90993e-310, 0.00185797, 0.369736
200, 6.90993e-310, 0.00185797, 0.371594
201, 6.90993e-310, 0.00185797, 0.373452
202, 6.90993e-310, 0.00185797, 0.37531
203, 6.90993e-310, 0.00185797, 0.377168
204, 6.90993e-310, 0.00185797, 0.379026
205, 6.90993e-310, 0.00185797, 0.380884
206, 6.90993e-310, 0.00185797, 0.382742
207, 6.90993e-310, 0.00185797, 0.3846
208, 6.90993e-310, 0.00185797, 0.386458
209, 6.90993e-310, 0.00185797, 0.388316
210, 6.90993e-310, 0.00185797, 0.390173
211, 6.90993e-310, 0.00185797, 0.392031
212, 6.90993e-310, 0.00185797, 0.393889
213, 6.90993e-310, 0.00185797, 0.395747
214, 6.90993e-310, 0.00185797, 0.397605
215, 6.90993e-310, 0.00185797, 0.399463
216, 6.90993e-310, 0.00185797, 0.401321
217, 6.90993e-310, 0.00185797, 0.403179
218, 6.90993e-310, 0.00185797, 0.405037
219, 6.90993e-310, 0.00185797, 0.406895
220, 6.90993e-310, 0.00185797, 0.408753
221, 6.90993e-310, 0.00185797, 0.410611
222, 6.90993e-310, 0.00185797, 0.412469
223, 6.90993e-310, 0.00185797, 0.414327
224, 6.90993e-310, 0.00185797, 0.416185
225, 6.90993e-310, 0.00185797, 0.418043
226, 6.90993e-310, 0.00185797, 0.419901
227, 6.90993e-310, 0.00185797, 0.421759
228, 6.90993e-310, 0.00185797, 0.423617
229, 6.90993e-310, 0.00185797, 0.425475
230, 6.90993e-310, 0.00185797, 0.427333
231, 6.90993e-310, 0.00185797, 0.429191
232, 6.90993e-310, 0.00185797, 0.431049
233, 6.90993e-310, 0.00185797, 0.432907
234, 6.90993e-310, 0.00185797, 0.434765
235, 6.90993e-310, 0.00185797, 0.436623
236, 6.90993e-310, 0.00185797, 0.438481
237, 6.90993e-310, 0.00185797, 0.440339
238, 6.90993e-310, 0.00185797, 0.442197
239, 6.90993e-310, 0.00185797, 0.444055
240, 6.90993e-310, 0.00185797, 0.445913
241, 6.90993e-310, 0.00185797, 0.447771
242, 6.90993e-310, 0.00185797, 0.449628
243, 6.90993e-310, 0.00185797, 0.451486
244, 6.90993e-310, 0.00185797, 0.453344
245, 6.90993e-310, 0.00185797, 0.455202
246, 6.90993e-310, 0.00185797, 0.45706
247, 6.90993e-310, 0.00185797, 0.458918
248, 6.90993e-310, 0.00185797, 0.460776
249, 6.90993e-310, 0.00185797, 0.462634
250, 6.90993e-310, 0.00185797, 0.464492
251, 6.90993e-310, 0.00185797, 0.46635
252, 6.90993e-310, 0.00185797, 0.468208
253, 6.90993e-310, 0.00185797, 0.470066
254, 6.90993e-310, 0.00185797, 0.471924
255, 6.90993e-310, 0.00185797, 0.473782
256, 6.90993e-310, 0.00185797, 0.47564
257, 6.90993e-310, 0.00185797, 0.477498
258, 6.90993e-310, 0.00185797, 0.479356
259, 6.90993e-310, 0.00185797, 0.481214
260, 6.90993e-310, 0.00185797, 0.483072
261, 6.90993e-310, 0.00185797, 0.48493
262, 6.90993e-310, 0.00185797, 0.486788
263, 6.90993e-310, 0.00185797, 0.488646
264, 6.90993e-310, 0.00185797, 0.490504
265, 6.90993e-310, 0.00185797, 0.492362
266, 6.90993e-310, 0.00185797, 0.49422
267, 6.90993e-310, 0.00185797, 0.496078
268, 6.90993e-310, 0.00185797, 0.497936
269, 6.90993e-310, 0.00185797, 0.499794
270, 6.90993e-310, 0.00185797, 0.501652
271, 6.90993e-310, 0.00185797, 0.50351
272, 6.90993e-310, 0.00185797, 0.505368
273, 6.90993e-310, 0.00185797, 0.507226
274, 6.90993e-310, 0.00185797, 0.509083
275, 6.90993e-310, 0.00185797, 0.510941
276, 6.90993e-310, 0.00185797, 0.512799
277, 6.90993e-310, 0.00185797, 0.514657
278, 6.90993e-310, 0.00185797, 0.516515
279, 6.90993e-310, 0.00185797, 0.518373
280, 6.90993e-310, 0.00185797, 0.520231
281, 6.90993e-310, 0.00185797, 0.522089
282, 6.90993e-310, 0.00185797, 0.523947
283, 6.90993e-310, 0.00185797, 0.525805
284, 6.90993e-310, 0.00185797, 0.527663
285, 6.90993e-310, 0.00185797, 0.529521
286, 6.90993e-310, 0.00185797, 0.531379
287, 6.90993e-310, 0.00185797, 0.533237
288, 6.90993e-310, 0.00185797, 0.535095
289, 6.90993e-310, 0.00185797, 0.536953
290, 6.90993e-310, 0.00185797, 0.538811
291, 6.90993e-310, 0.00185797, 0.540669
292, 6.90993e-310, 0.00185797, 0.542527
293, 6.90993e-310, 0.00185797, 0.544385
294, 6.90993e-310, 0.00185797, 0.546243
295, 6.90993e-310, 0.00185797, 0.548101
296, 6.90993e-310, 0.00185797, 0.549959
297, 6.90993e-310, 0.00185797, 0.551817
298, 6.90993e-310, 0.00185797, 0.553675
299, 6.90993e-310, 0.00185797, 0.555533
300, 6.90993e-310, 0.00185797, 0.557391
301, 6.90993e-310, 0.00185797, 0.559249
302, 6.90993e-310, 0.00185797, 0.561107
303, 6.90993e-310, 0.00185797, 0.562965
304, 6.90993e-310, 0.00185797, 0.564823
305, 6.90993e-310, 0.00185797, 0.566681
306, 6.90993e-310, 0.00185797, 0.568539
307, 6.90993e-310, 0.00185797, 0.570396
308, 6.90993e-310, 0.00185797, 0.572254
309, 6.90993e-310, 0.00185797, 0.574112
310, 6.90993e-310, 0.00185797, 0.57597
311, 6.90993e-310, 0.00185797, 0.577828
312, 6.90993e-310, 0.00185797, 0.579686
313, 6.90993e-310, 0.00185797, 0.581544
314, 6.90993e-310, 0.00185797, 0.583402
315, 6.90993e-310, 0.00185797, 0.58526
316, 6.90993e-310, 0.00185797, 0.587118
317, 6.90993e-310, 0.00185797, 0.588976
318, 6.90993e-310, 0.00185797, 0.590834
319, 6.90993e-310, 0.00185797, 0.592692
320, 6.90993e-310, 0.00185797, 0.59455
321, 6.90993e-310, 0.00185797, 0.596408
322, 6.90993e-310, 0.00185797, 0.598266
323, 6.90993e-310, 0.00185797, 0.600124
324, 6.90993e-310, 0.00185797, 0.601982
325, 6.90993e-310, 0.00185797, 0.60384
326, 6.90993e-310, 0.00185797, 0.605698
327, 6.90993e-310, 0.00185797, 0.607556
328, 6.90993e-310, 0.00185797, 0.609414
329, 6.90993e-310, 0.00185797, 0.611272
330, 6.90993e-310, 0.00185797, 0.61313
331, 6.90993e-310, 0.00185797, 0.614988
332, 6.90993e-310, 0.00185797, 0.616846
333, 6.90993e-310, 0.00185797, 0.618704
334, 6.90993e-310, 0.00185797, 0.620562
335, 6.90993e-310, 0.00185797, 0.62242
336, 6.90993e-310, 0.00185797, 0.624278
337, 6.90993e-310, 0.00185797, 0.626136
338, 6.90993e-310, 0.00185797, 0.627994
339, 6.90993e-310, 0.00185797, 0.629851
340, 6.90993e-310, 0.00185797, 0.631709
341, 6.90993e-310, 0.00185797, 0.633567
342, 6.90993e-310, 0.00185797, 0.635425
343, 6.90993e-310, 0.00185797, 0.637283
344, 6.90993e-310, 0.00185797, 0.639141
345, 6.90993e-310, 0.00185797, 0.640999
346, 6.90993e-310, 0.00185797, 0.642857
347, 6.90993e-310, 0.00185797, 0.644715
348, 6.90993e-310, 0.00185797, 0.646573
349, 6.90993e-310, 0.00185797, 0.648431
350, 6.90993e-310, 0.00185797, 0.650289
351, 6.90993e-310, 0.00185797, 0.652147
352, 6.90993e-310, 0.00185797, 0.654005
353, 6.90993e-310, 0.00185797, 0.655863
354, 6.90993e-310, 0.00185797, 0.657721
355, 6.90993e-310, 0.00185797, 0.659579
356, 6.90993e-310, 0.00185797, 0.661437
357, 6.90993e-310, 0.00185797, 0.663295
358, 6.90993e-310, 0.00185797, 0.665153
359, 6.90993e-310, 0.00185797, 0.667011
360, 6.90993e-310, 0.00185797, 0.668869
361, 6.90993e-310, 0.00185797, 0.670727
362, 6.90993e-310, 0.00185797, 0.672585
363, 6.90993e-310, 0.00185797, 0.674443
364, 6.90993e-310, 0.00185797, 0.676301
365, 6.90993e-310, 0.00185797, 0.678159
366, 6.90993e-310, 0.00185797, 0.680017
367, 6.90993e-310, 0.00185797, 0.681875
368, 6.90993e-310, 0.00185797, 0.683733
369, 6.90993e-310, 0.00185797, 0.685591
370, 6.90993e-310, 0.00185797, 0.687449
371, 6.90993e-310, 0.00185797, 0.689306
372, 6.90993e-310, 0.00185797, 0.691164
373, 6.90993e-310, 0.00185797, 0.693022
374, 6.90993e-310, 0.00185797, 0.69488
375, 6.90993e-310, 0.00185797, 0.696738
376, 6.90993e-310, 0.00185797, 0.698596
377, 6.90993e-310, 0.00185797, 0.700454
378, 6.90993e-310, 0.00185797, 0.702312
379, 6.90993e-310, 0.00185797, 0.70417
380, 6.90993e-310, 0.00185797, 0.706028
381, 6.90993e-310, 0.00185797, 0.707886
382, 6.90993e-310, 0.00185797, 0.709744
383, 6.90993e-310, 0.00185797, 0.711602
384, 6.90993e-310, 0.00185797, 0.71346
385, 6.90993e-310, 0.00185797, 0.715318
386, 6.90993e-310, 0.00185797, 0.717176
387, 6.90993e-310, 0.00185797, 0.719034
388, 6.90993e-310, 0.00185797, 0.720892
389, 6.90993e-310, 0.00185797, 0.72275
390, 6.90993e-310, 0.00185797, 0.724608
391, 6.90993e-310, 0.00185797, 0.726466
392, 6.90993e-310, 0.00185797, 0.728324
393, 6.90993e-310, 0.00185797, 0.730182
394, 6.90993e-310, 0.00185797, 0.73204
395, 6.90993e-310, 0.00185797, 0.733898
396, 6.90993e-310, 0.00185797, 0.735756
397, 6.90993e-310, 0.00185797, 0.737614
398, 6.90993e-310, 0.00185797, 0.739472
399, 6.90993e-310, 0.00185797, 0.74133
400, 6.90993e-310, 0.00185797, 0.743188
401, 6.90993e-310, 0.00185797, 0.745046
402, 6.90993e-310, 0.00185797, 0.746904
403, 6.90993e-310, 0.00185797, 0.748761
404, 6.90993e-310, 0.00185797, 0.750619
405, 6.90993e-310, 0.00185797, 0.752477
406, 6.90993e-310, 0.00185797, 0.754335
407, 6.90993e-310, 0.00185797, 0.756193
408, 6.90993e-310, 0.00185797, 0.758051
409, 6.90993e-310, 0.00185797, 0.759909
410, 6.90993e-310, 0.00185797, 0.761767
411, 6.90993e-310, 0.00185797, 0.763625
412, 6.90993e-310, 0.00185797, 0.765483
413, 6.90993e-310, 0.00185797, 0.767341
414, 6.90993e-310, 0.00185797, 0.769199
415, 6.90993e-310, 0.00185797, 0.771057
416, 6.90993e-310, 0.00185797, 0.772915
417, 6.90993e-310, 0.00185797, 0.774773
418, 6.90993e-310, 0.00185797, 0.776631
419, 6.90993e-310, 0.00185797, 0.778489
420, 6.90993e-310, 0.00185797, 0.780347
421, 6.90993e-310, 0.00185797, 0.782205
422, 6.90993e-310, 0.00185797, 0.784063
423, 6.90993e-310, 0.00185797, 0.785921
424, 6.90993e-310, 0.00185797, 0.787779
425, 6.90993e-310, 0.00185797, 0.789637
426, 6.90993e-310, 0.00185797, 0.791495
427, 6.90993e-310, 0.00185797, 0.793353
428, 6.90993e-310, 0.00185797, 0.795211
429, 6.90993e-310, 0.00185797, 0.797069
430, 6.90993e-310, 0.00185797, 0.798927
431, 6.90993e-310, 0.00185797, 0.800785
432, 6.90993e-310, 0.00185797, 0.802643
433, 6.90993e-310, 0.00185797, 0.804501
434, 6.90993e-310, 0.00185797, 0.806359
435, 6.90993e-310, 0.00185797, 0.808217
436, 6.90993e-310, 0.00185797, 0.810074
437, 6.90993e-310, 0.00185797, 0.811932
438, 6.90993e-310, 0.00185797, 0.81379
439, 6.90993e-310, 0.00185797, 0.815648
440, 6.90993e-310, 0.00185797, 0.817506
441, 6.90993e-310, 0.00185797, 0.819364
442, 6.90993e-310, 0.00185797, 0.821222
443, 6.90993e-310, 0.00185797, 0.82308
444, 6.90993e-310, 0.00185797, 0.824938
445, 6.90993e-310, 0.00185797, 0.826796
446, 6.90993e-310, 0.00185797, 0.828654
447, 6.90993e-310, 0.00185797, 0.830512
448, 6.90993e-310, 0.00185797, 0.83237
449, 6.90993e-310, 0.00185797, 0.834228
450, 6.90993e-310, 0.00185797, 0.836086
451, 6.90993e-310, 0.00185797, 0.837944
452, 6.90993e-310, 0.00185797, 0.839802
453, 6.90993e-310, 0.00185797, 0.84166
454, 6.90993e-310, 0.00185797, 0.843518
455, 6.90993e-310, 0.00185797, 0.845376
456, 6.90993e-310, 0.00185797, 0.847234
457, 6.90993e-310, 0.00185797, 0.849092
458, 6.90993e-310, 0.00185797, 0.85095
459, 6.90993e-310, 0.00185797, 0.852808
460, 6.90993e-310, 0.00185797, 0.854666
461, 6.90993e-310, 0.00185797, 0.856524
462, 6.90993e-310, 0.00185797, 0.858382
463, 6.90993e-310, 0.00185797, 0.86024
464, 6.90993e-310, 0.00185797, 0.862098
465, 6.90993e-310, 0.00185797, 0.863956
466, 6.90993e-310, 0.00185797, 0.865814
467, 6.90993e-310, 0.00185797, 0.867672
468, 6.90993e-310, 0.00185797, 0.869529
469, 6.90993e-310, 0.00185797, 0.871387
470, 6.90993e-310, 0.00185797, 0.873245
471, 6.90993e-310, 0.00185797, 0.875103
472, 6.90993e-310, 0.00185797, 0.876961
473, 6.90993e-310, 0.00185797, 0.878819
474, 6.90993e-310, 0.00185797, 0.880677
475, 6.90993e-310, 0.00185797, 0.882535
476, 6.90993e-310, 0.00185797, 0.884393
477, 6.90993e-310, 0.00185797, 0.886251
478, 6.90993e-310, 0.00185797, 0.888109
479, 6.90993e-310, 0.00185797, 0.889967
480, 6.90993e-310, 0.00185797, 0.891825
481, 6.90993e-310, 0.00185797, 0.893683
482, 6.90993e-310, 0.00185797, 0.895541
483, 6.90993e-310, 0.00185797, 0.897399
484, 6.90993e-310, 0.00185797, 0.899257
485, 6.90993e-310, 0.00185797, 0.901115
486, 6.90993e-310, 0.00185797, 0.902973
487, 6.90993e-310, 0.00185797, 0.904831
488, 6.90993e-310, 0.00185797, 0.906689
489, 6.90993e-310, 0.00185797, 0.908547
490, 6.90993e-310, 0.00185797, 0.910405
491, 6.90993e-310, 0.00185797, 0.912263
492, 6.90993e-310, 0.00185797, 0.914121
493, 6.90993e-310, 0.00185797, 0.915979
494, 6.90993e-310, 0.00185797, 0.917837
495, 6.90993e-310, 0.00185797, 0.919695
496, 6.90993e-310, 0.00185797, 0.921553
497, 6.90993e-310, 0.00185797, 0.923411
498, 6.90993e-310, 0.00185797, 0.925269
499, 6.90993e-310, 0.00185797, 0.927127
500, 6.90993e-310, 0.00185797, 0.928984
501, 6.90993e-310, 0.00185797, 0.930842
502, 6.90993e-310, 0.00185797, 0.9327
503, 6.90993e-310, 0.00185797, 0.934558
504, 6.90993e-310, 0.00185797, 0.936416
505, 6.90993e-310, 0.00185797, 0.938274
506, 6.90993e-310, 0.00185797, 0.940132
507, 6.90993e-310, 0.00185797, 0.94199
508, 6.90993e-310, 0.00185797, 0.943848
509, 6.90993e-310, 0.00185797, 0.945706
510, 6.90993e-310, 0.00185797, 0.947564
511, 6.90993e-310, 0.00185797, 0.949422
512, 6.90993e-310, 0.00185797, 0.95128
513, 6.90993e-310, 0.00185797, 0.953138
514, 6.90993e-310, 0.00185797, 0.954996
515, 6.90993e-310, 0.00185797, 0.956854
516, 6.90993e-310, 0.00185797, 0.958712
517, 6.90993e-310, 0.00185797, 0.96057
518, 6.90993e-310, 0.00185797, 0.962428
519, 6.90993e-310, 0.00185797, 0.964286
520, 6.90993e-310, 0.00185797, 0.966144
521, 6.90993e-310, 0.00185797, 0.968002
522, 6.90993e-310, 0.00185797, 0.96986
523, 6.90993e-310, 0.00185797, 0.971718
524, 6.90993e-310, 0.00185797, 0.973576
525, 6.90993e-310, 0.00185797, 0.975434
526, 6.90993e-310, 0.00185797, 0.977292
527, 6.90993e-310, 0.00185797, 0.97915
528, 6.90993e-310, 0.00185797, 0.981008
529, 6.90993e-310, 0.00185797, 0.982866
530, 6.90993e-310, 0.00185797, 0.984724
531, 6.90993e-310, 0.00185797, 0.986582
532, 6.90993e-310, 0.00185797, 0.988439
533, 6.90993e-310, 0.00185797, 0.990297
534, 6.90993e-310, 0.00185797, 0.992155
535, 6.90993e-310, 0.00185797, 0.994013
536, 6.90993e-310, 0.00185797, 0.995871
537, 6.90993e-310, 0.00185797, 0.997729
538, 6.90993e-310, 0.00185797, 0.999587
539, 6.90993e-310, 0.00185797, 1.00145
540, 6.90993e-310, 0.00185797, 1.0033
541, 6.90993e-310, 0.00185797, 1.00516
542, 6.90993e-310, 0.00185797, 1.00702
543, 6.90993e-310, 0.00185797, 1.00888
544, 6.90993e-310, 0.00185797, 1.01074
545, 6.90993e-310, 0.00185797, 1.01259
546, 6.90993e-310, 0.00185797, 1.01445
547, 6.90993e-310, 0.00185797, 1.01631
548, 6.90993e-310, 0.00185797, 1.01817
549, 6.90993e-310, 0.00185797, 1.02002
550, 6.90993e-310, 0.00185797, 1.02188
551, 6.90993e-310, 0.00185797, 1.02374
552, 6.90993e-310, 0.00185797, 1.0256
553, 6.90993e-310, 0.00185797, 1.02746
554, 6.90993e-310, 0.00185797, 1.02931
555, 6.90993e-310, 0.00185797, 1.03117
556, 6.90993e-310, 0.00185797, 1.03303
557, 6.90993e-310, 0.00185797, 1.03489
558, 6.90993e-310, 0.00185797, 1.03675
559, 6.90993e-310, 0.00185797, 1.0386
560, 6.90993e-310, 0.00185797, 1.04046
561, 6.90993e-310, 0.00185797, 1.04232
562, 6.90993e-310, 0.00185797, 1.04418
563, 6.90993e-310, 0.00185797, 1.04604
564, 6.90993e-310, 0.00185797, 1.04789
565, 6.90993e-310, 0.00185797, 1.04975
566, 6.90993e-310, 0.00185797, 1.05161
567, 6.90993e-310, 0.00185797, 1.05347
568, 6.90993e-310, 0.00185797, 1.05533
569, 6.90993e-310, 0.00185797, 1.05718
570, 6.90993e-310, 0.00185797, 1.05904
571, 6.90993e-310, 0.00185797, 1.0609
572, 6.90993e-310, 0.00185797, 1.06276
573, 6.90993e-310, 0.00185797, 1.06462
574, 6.90993e-310, 0.00185797, 1.06647
575, 6.90993e-310, 0.00185797, 1.06833
576, 6.90993e-310, 0.00185797, 1.07019
577, 6.90993e-310, 0.00185797, 1.07205
578, 6.90993e-310, 0.00185797, 1.07391
579, 6.90993e-310, 0.00185797, 1.07576
580, 6.90993e-310, 0.00185797, 1.07762
581, 6.90993e-310, 0.00185797, 1.07948
582, 6.90993e-310, 0.00185797, 1.08134
583, 6.90993e-310, 0.00185797, 1.0832
584, 6.90993e-310, 0.00185797, 1.08505
585, 6.90993e-310, 0.00185797, 1.08691
586, 6.90993e-310, 0.00185797, 1.08877
587, 6.90993e-310, 0.00185797, 1.09063
588, 6.90993e-310, 0.00185797, 1.09249
589, 6.90993e-310, 0.00185797, 1.09434
590, 6.90993e-310, 0.00185797, 1.0962
591, 6.90993e-310, 0.00185797, 1.09806
592, 6.90993e-310, 0.00185797, 1.09992
593, 6.90993e-310, 0.00185797, 1.10178
594, 6.90993e-310, 0.00185797, 1.10363
595, 6.90993e-310, 0.00185797, 1.10549
596, 6.90993e-310, 0.00185797, 1.10735
597, 6.90993e-310, 0.00185797, 1.10921
598, 6.90993e-310, 0.00185797, 1.11107
599, 6.90993e-310, 0.00185797, 1.11292
600, 6.90993e-310, 0.00185797, 1.11478
601, 6.90993e-310, 0.00185797, 1.11664
602, 6.90993e-310, 0.00185797, 1.1185
603, 6.90993e-310, 0.00185797, 1.12036
604, 6.90993e-310, 0.00185797, 1.12221
605, 6.90993e-310, 0.00185797, 1.12407
606, 6.90993e-310, 0.00185797, 1.12593
607, 6.90993e-310, 0.00185797, 1.12779
608, 6.90993e-310, 0.00185797, 1.12965
609, 6.90993e-310, 0.00185797, 1.1315
610, 6.90993e-310, 0.00185797, 1.13336
611, 6.90993e-310, 0.00185797, 1.13522
612, 6.90993e-310, 0.00185797, 1.13708
613, 6.90993e-310, 0.00185797, 1.13893
614, 6.90993e-310, 0.00185797, 1.14079
615, 6.90993e-310, 0.00185797, 1.14265
616, 6.90993e-310, 0.00185797, 1.14451
617, 6.90993e-310, 0.00185797, 1.14637
618, 6.90993e-310, 0.00185797, 1.14822
619, 6.90993e-310, 0.00185797, 1.15008
620, 6.90993e-310, 0.00185797, 1.15194
621, 6.90993e-310, 0.00185797, 1.1538
622, 6.90993e-310, 0.00185797, 1.15566
623, 6.90993e-310, 0.00185797, 1.15751
624, 6.90993e-310, 0.00185797, 1.15937
625, 6.90993e-310, 0.00185797, 1.16123
626, 6.90993e-310, 0.00185797, 1.16309
627, 6.90993e-310, 0.00185797, 1.16495
628, 6.90993e-310, 0.00185797, 1.1668
629, 6.90993e-310, 0.00185797, 1.16866
630, 6.90993e-310, 0.00185797, 1.17052
631, 6.90993e-310, 0.00185797, 1.17238
632, 6.90993e-310, 0.00185797, 1.17424
633, 6.90993e-310, 0.00185797, 1.17609
634, 6.90993e-310, 0.00185797, 1.17795
635, 6.90993e-310, 0.00185797, 1.17981
636, 6.90993e-310, 0.00185797, 1.18167
637, 6.90993e-310, 0.00185797, 1.18353
638, 6.90993e-310, 0.00185797, 1.18538
639, 6.90993e-310, 0.00185797, 1.18724
640, 6.90993e-310, 0.00185797, 1.1891
641, 6.90993e-310, 0.00185797, 1.19096
642, 6.90993e-310, 0.00185797, 1.19282
643, 6.90993e-310, 0.00185797, 1.19467
644, 6.90993e-310, 0.00185797, 1.19653
645, 6.90993e-310, 0.00185797, 1.19839
646, 6.90993e-310, 0.00185797, 1.20025
647, 6.90993e-310, 0.00185797, 1.20211
648, 6.90993e-310, 0.00185797, 1.20396
649, 6.90993e-310, 0.00185797, 1.20582
650, 6.90993e-310, 0.00185797, 1.20768
651, 6.90993e-310, 0.00185797, 1.20954
652, 6.90993e-310, 0.00185797, 1.2114
653, 6.90993e-310, 0.00185797, 1.21325
654, 6.90993e-310, 0.00185797, 1.21511
655, 6.90993e-310, 0.00185797, 1.21697
656, 6.90993e-310, 0.00185797, 1.21883
657, 6.90993e-310, 0.00185797, 1.22069
658, 6.90993e-310, 0.00185797, 1.22254
659, 6.90993e-310, 0.00185797, 1.2244
660, 6.90993e-310, 0.00185797, 1.22626
661, 6.90993e-310, 0.00185797, 1.22812
662, 6.90993e-310, 0.00185797, 1.22998
663, 6.90993e-310, 0.00185797, 1.23183
664, 6.90993e-310, 0.00185797, 1.23369
665, 6.90993e-310, 0.00185797, 1.23555
666, 6.90993e-310, 0.00185797, 1.23741
667, 6.90993e-310, 0.00185797, 1.23927
668, 6.90993e-310, 0.00185797, 1.24112
669, 6.90993e-310, 0.00185797, 1.24298
670, 6.90993e-310, 0.00185797, 1.24484
671, 6.90993e-310, 0.00185797, 1.2467
672, 6.90993e-310, 0.00185797, 1.24856
673, 6.90993e-310, 0.00185797, 1.25041
674, 6.90993e-310, 0.00185797, 1.25227
675, 6.90993e-310, 0.00185797, 1.25413
676, 6.90993e-310, 0.00185797, 1.25599
677, 6.90993e-310, 0.00185797, 1.25784
678, 6.90993e-310, 0.00185797, 1.2597
679, 6.90993e-310, 0.00185797, 1.26156
680, 6.90993e-310, 0.00185797, 1.26342
681, 6.90993e-310, 0.00185797, 1.26528
682, 6.90993e-310, 0.00185797, 1.26713
683, 6.90993e-310, 0.00185797, 1.26899
684, 6.90993e-310, 0.00185797, 1.27085
685, 6.90993e-310, 0.00185797, 1.27271
686, 6.90993e-310, 0.00185797, 1.27457
687, 6.90993e-310, 0.00185797, 1.27642
688, 6.90993e-310, 0.00185797, 1.27828
689, 6.90993e-310, 0.00185797, 1.28014
690, 6.90993e-310, 0.00185797, 1.282
691, 6.90993e-310, 0.00185797, 1.28386
692, 6.90993e-310, 0.00185797, 1.28571
693, 6.90993e-310, 0.00185797, 1.28757
694, 6.90993e-310, 0.00185797, 1.28943
695, 6.90993e-310, 0.00185797, 1.29129
696, 6.90993e-310, 0.00185797, 1.29315
697, 6.90993e-310, 0.00185797, 1.295
698, 6.90993e-310, 0.00185797, 1.29686
699, 6.90993e-310, 0.00185797, 1.29872
700, 6.90993e-310, 0.00185797, 1.30058
701, 6.90993e-310, 0.00185797, 1.30244
702, 6.90993e-310, 0.00185797, 1.30429
703, 6.90993e-310, 0.00185797, 1.30615
704, 6.90993e-310, 0.00185797, 1.30801
705, 6.90993e-310, 0.00185797, 1.30987
706, 6.90993e-310, 0.00185797, 1.31173
707, 6.90993e-310, 0.00185797, 1.31358
708, 6.90993e-310, 0.00185797, 1.31544
709, 6.90993e-310, 0.00185797, 1.3173
710, 6.90993e-310, 0.00185797, 1.31916
711, 6.90993e-310, 0.00185797, 1.32102
712, 6.90993e-310, 0.00185797, 1.32287
713, 6.90993e-310, 0.00185797, 1.32473
714, 6.90993e-310, 0.00185797, 1.32659
715, 6.90993e-310, 0.00185797, 1.32845
716, 6.90993e-310, 0.00185797, 1.33031
717, 6.90993e-310, 0.00185797, 1.33216
718, 6.90993e-310, 0.00185797, 1.33402
719, 6.90993e-310, 0.00185797, 1.33588
720, 6.90993e-310, 0.00185797, 1.33774
721, 6.90993e-310, 0.00185797, 1.3396
722, 6.90993e-310, 0.00185797, 1.34145
723, 6.90993e-310, 0.00185797, 1.34331
724, 6.90993e-310, 0.00185797, 1.34517
725, 6.90993e-310, 0.00185797, 1.34703
726, 6.90993e-310, 0.00185797, 1.34889
727, 6.90993e-310, 0.00185797, 1.35074
728, 6.90993e-310, 0.00185797, 1.3526
729, 6.90993e-310, 0.00185797, 1.35446
730, 6.90993e-310, 0.00185797, 1.35632
731, 6.90993e-310, 0.00185797, 1.35818
732, 6.90993e-310, 0.00185797, 1.36003
733, 6.90993e-310, 0.00185797, 1.36189
734, 6.90993e-310, 0.00185797, 1.36375
735, 6.90993e-310, 0.00185797, 1.36561
736, 6.90993e-310, 0.00185797, 1.36747
737, 6.90993e-310, 0.00185797, 1.36932
738, 6.90993e-310, 0.00185797, 1.37118
739, 6.90993e-310, 0.00185797, 1.37304
740, 6.90993e-310, 0.00185797, 1.3749
741, 6.90993e-310, 0.00185797, 1.37676
742, 6.90993e-310, 0.00185797, 1.37861
743, 6.90993e-310, 0.00185797, 1.38047
744, 6.90993e-310, 0.00185797, 1.38233
745, 6.90993e-310, 0.00185797, 1.38419
746, 6.90993e-310, 0.00185797, 1.38604
747, 6.90993e-310, 0.00185797, 1.3879
748, 6.90993e-310, 0.00185797, 1.38976
749, 6.90993e-310, 0.00185797, 1.39162
750, 6.90993e-310, 0.00185797, 1.39348
751, 6.90993e-310, 0.00185797, 1.39533
752, 6.90993e-310, 0.00185797, 1.39719
753, 6.90993e-310, 0.00185797, 1.39905
754, 6.90993e-310, 0.00185797, 1.40091
755, 6.90993e-310, 0.00185797, 1.40277
756, 6.90993e-310, 0.00185797, 1.40462
757, 6.90993e-310, 0.00185797, 1.40648
758, 6.90993e-310, 0.00185797, 1.40834
759, 6.90993e-310, 0.00185797, 1.4102
760, 6.90993e-310, 0.00185797, 1.41206
761, 6.90993e-310, 0.00185797, 1.41391
762, 6.90993e-310, 0.00185797, 1.41577
763, 6.90993e-310, 0.00185797, 1.41763
764, 6.90993e-310, 0.00185797, 1.41949
765, 6.90993e-310, 0.00185797, 1.42135
766, 6.90993e-310, 0.00185797, 1.4232
767, 6.90993e-310, 0.00185797, 1.42506
768, 6.90993e-310, 0.00185797, 1.42692
769, 6.90993e-310, 0.00185797, 1.42878
770, 6.90993e-310, 0.00185797, 1.43064
771, 6.90993e-310, 0.00185797, 1.43249
772, 6.90993e-310, 0.00185797, 1.43435
773, 6.90993e-310, 0.00185797, 1.43621
774, 6.90993e-310, 0.00185797, 1.43807
775, 6.90993e-310, 0.00185797, 1.43993
776, 6.90993e-310, 0.00185797, 1.44178
777, 6.90993e-310, 0.00185797, 1.44364
778, 6.90993e-310, 0.00185797, 1.4455
779, 6.90993e-310, 0.00185797, 1.44736
780, 6.90993e-310, 0.00185797, 1.44922
781, 6.90993e-310, 0.00185797, 1.45107
782, 6.90993e-310, 0.00185797, 1.45293
783, 6.90993e-310, 0.00185797, 1.45479
784, 6.90993e-310, 0.00185797, 1.45665
785, 6.90993e-310, 0.00185797, 1.45851
786, 6.90993e-310, 0.00185797, 1.46036
787, 6.90993e-310, 0.00185797, 1.46222
788, 6.90993e-310, 0.00185797, 1.46408
789, 6.90993e-310, 0.00185797, 1.46594
790, 6.90993e-310, 0.00185797, 1.4678
791, 6.90993e-310, 0.00185797, 1.46965
792, 6.90993e-310, 0.00185797, 1.47151
793, 6.90993e-310, 0.00185797, 1.47337
794, 6.90993e-310, 0.00185797, 1.47523
795, 6.90993e-310, 0.00185797, 1.47709
796, 6.90993e-310, 0.00185797, 1.47894
797, 6.90993e-310, 0.00185797, 1.4808
798, 6.90993e-310, 0.00185797, 1.48266
799, 6.90993e-310, 0.00185797, 1.48452
800, 6.90993e-310, 0.00185797, 1.48638
801, 6.90993e-310, 0.00185797, 1.48823
802, 6.90993e-310, 0.00185797, 1.49009
803, 6.90993e-310, 0.00185797, 1.49195
804, 6.90993e-310, 0.00185797, 1.49381
805, 6.90993e-310, 0.00185797, 1.49567
806, 6.90993e-310, 0.00185797, 1.49752
807, 6.90993e-310, 0.00185797, 1.49938
808, 6.90993e-310, 0.00185797, 1.50124
