1 1 0.95 0.9 0.85 0.8 0.75 0.7 0.65 0.6 0.55 0.5 0.45 0.4 0.35 0.3 0.25 0.2 0.15 0.1 0.05 0 -0.05 -0.1 -0.15 -0.2 -0.25 -0.3 -0.35 -0.4 -0.45 -0.5 -0.55 -0.6 -0.65 -0.7 -0.75 -0.8 -0.85 -0.9 -0.95 -1 -1 
1 1 0.986094 0.9225 0.87125 0.82 0.76875 0.7175 0.66625 0.615 0.56375 0.5125 0.46125 0.41 0.35875 0.3075 0.25625 0.205 0.15375 0.1025 0.05125 -1.38236e-18 -0.05125 -0.1025 -0.15375 -0.205 -0.25625 -0.3075 -0.35875 -0.41 -0.46125 -0.5125 -0.56375 -0.615 -0.66625 -0.7175 -0.76875 -0.82 -0.87125 -0.9225 -0.986094 -1 -1 
1 1 0.994427 0.965505 0.891141 0.841012 0.788449 0.735886 0.683323 0.630759 0.578196 0.525633 0.47307 0.420506 0.367943 0.31538 0.262816 0.210253 0.15769 0.105127 0.0525633 -2.71051e-18 -0.0525633 -0.105127 -0.15769 -0.210253 -0.262816 -0.31538 -0.367943 -0.420506 -0.47307 -0.525633 -0.578196 -0.630759 -0.683323 -0.735886 -0.788449 -0.841013 -0.891141 -0.965505 -0.994427 -1 -1 
1 1 0.99772 0.983855 0.936025 0.858031 0.809679 0.755226 0.701281 0.647337 0.593392 0.539447 0.485503 0.431558 0.377613 0.323668 0.269724 0.215779 0.161834 0.107889 0.0539447 -3.98444e-18 -0.0539447 -0.107889 -0.161834 -0.215779 -0.269724 -0.323668 -0.377613 -0.431558 -0.485503 -0.539447 -0.593392 -0.647337 -0.701281 -0.755226 -0.809679 -0.858031 -0.936025 -0.983855 -0.99772 -1 -1 
1 1 0.999041 0.992362 0.967024 0.89783 0.824733 0.77705 0.720105 0.664797 0.609397 0.553997 0.498598 0.443198 0.387798 0.332398 0.276999 0.221599 0.166199 0.110799 0.0553997 -5.3397e-18 -0.0553997 -0.110799 -0.166199 -0.221599 -0.276999 -0.332398 -0.387798 -0.443198 -0.498598 -0.553997 -0.609397 -0.664797 -0.720105 -0.77705 -0.824733 -0.89783 -0.967024 -0.992362 -0.999041 -1 -1 
1 1 0.999588 0.996436 0.982559 0.941359 0.854516 0.791612 0.742482 0.682902 0.626292 0.569343 0.512409 0.455475 0.39854 0.341606 0.284672 0.227737 0.170803 0.113869 0.0569343 -6.55942e-18 -0.0569343 -0.113869 -0.170803 -0.227737 -0.284672 -0.341606 -0.39854 -0.455475 -0.512409 -0.569343 -0.626292 -0.682902 -0.742482 -0.791612 -0.854516 -0.941359 -0.982559 -0.996436 -0.999588 -1 -1 
1 1 0.99982 0.998321 0.991143 0.966564 0.903262 0.812142 0.758286 0.705263 0.643546 0.585606 0.526994 0.468441 0.409886 0.35133 0.292775 0.23422 0.175665 0.11711 0.0585551 -7.83336e-18 -0.0585551 -0.11711 -0.175665 -0.23422 -0.292775 -0.35133 -0.409886 -0.468441 -0.526994 -0.585606 -0.643546 -0.705263 -0.758286 -0.812142 -0.903262 -0.966564 -0.991143 -0.998321 -0.99982 -1 -1 
1 1 0.999921 0.999209 0.99552 0.981628 0.942038 0.853852 0.773649 0.723707 0.66496 0.60201 0.542532 0.482148 0.421886 0.361617 0.301347 0.241078 0.180808 0.120539 0.0602694 -9.02598e-18 -0.0602694 -0.120539 -0.180808 -0.241078 -0.301347 -0.361617 -0.421886 -0.482148 -0.542532 -0.60201 -0.66496 -0.723707 -0.773649 -0.853852 -0.942038 -0.981628 -0.99552 -0.999209 -0.999921 -1 -1 
1 1 0.999965 0.999627 0.997749 0.990165 0.965865 0.90479 0.80162 0.737571 0.686117 0.621632 0.558184 0.496822 0.434584 0.372515 0.310428 0.248342 0.186257 0.124171 0.0620856 -1.0327e-17 -0.0620856 -0.124171 -0.186257 -0.248342 -0.310428 -0.372515 -0.434584 -0.496822 -0.558184 -0.621632 -0.686117 -0.737571 -0.80162 -0.90479 -0.965865 -0.990165 -0.997749 -0.999627 -0.999965 -1 -1 
1 1 0.999984 0.999823 0.998875 0.994782 0.980695 0.941272 0.851696 0.75551 0.701591 0.644027 0.575736 0.511794 0.44821 0.384059 0.320066 0.256052 0.192039 0.128026 0.0640129 -1.17365e-17 -0.0640129 -0.128026 -0.192039 -0.256052 -0.320066 -0.384059 -0.44821 -0.511794 -0.575736 -0.644027 -0.701591 -0.75551 -0.851696 -0.941272 -0.980695 -0.994782 -0.998875 -0.999823 -0.999984 -1 -1 
1 1 0.999993 0.999916 0.99944 0.997264 0.989291 0.964818 0.903586 0.790709 0.715411 0.663069 0.597145 0.527586 0.462417 0.396437 0.330293 0.264249 0.198185 0.132124 0.0660618 -1.35796e-17 -0.0660618 -0.132124 -0.198185 -0.264249 -0.330293 -0.396437 -0.462417 -0.527586 -0.597145 -0.663069 -0.715411 -0.790709 -0.903586 -0.964818 -0.989291 -0.997264 -0.99944 -0.999916 -0.999993 -1 -1 
1 1 0.999997 0.99996 0.999722 0.998576 0.994135 0.979664 0.939567 0.847013 0.736152 0.677083 0.619183 0.546442 0.47696 0.409603 0.341231 0.272967 0.204733 0.136488 0.0682438 -1.58565e-17 -0.0682438 -0.136488 -0.204733 -0.272967 -0.341231 -0.409603 -0.47696 -0.546442 -0.619183 -0.677083 -0.736152 -0.847013 -0.939567 -0.979664 -0.994135 -0.998576 -0.999722 -0.99996 -0.999997 -1 -1 
1 1 0.999999 0.999981 0.999862 0.999263 0.996828 0.988444 0.963366 0.900299 0.77767 0.691326 0.636703 0.568701 0.49312 0.423165 0.352993 0.282276 0.211716 0.141145 0.0705724 -1.82959e-17 -0.0705724 -0.141145 -0.211716 -0.282276 -0.352993 -0.423165 -0.49312 -0.568701 -0.636703 -0.691326 -0.77767 -0.900299 -0.963366 -0.988444 -0.996828 -0.999263 -0.999862 -0.999981 -0.999999 -1 -1 
1 1 0.999999 0.999991 0.999932 0.99962 0.998298 0.993524 0.978488 0.936936 0.839343 0.714527 0.650047 0.59021 0.512789 0.43735 0.365399 0.2923 0.219176 0.146126 0.0730627 -2.1169e-17 -0.0730627 -0.146126 -0.219176 -0.2923 -0.365399 -0.43735 -0.512789 -0.59021 -0.650047 -0.714527 -0.839343 -0.936936 -0.978488 -0.993524 -0.998298 -0.99962 -0.999932 -0.999991 -0.999999 -1 -1 
1 1 1 0.999996 0.999966 0.999805 0.999094 0.996415 0.987565 0.961445 0.895034 0.761237 0.664699 0.606906 0.535351 0.453606 0.378203 0.303079 0.227191 0.15146 0.0757322 -2.39338e-17 -0.0757322 -0.15146 -0.227191 -0.303079 -0.378203 -0.453606 -0.535351 -0.606906 -0.664699 -0.761237 -0.895034 -0.961445 -0.987565 -0.996415 -0.999094 -0.999805 -0.999966 -0.999996 -1 -1 -1 
1 1 1 0.999998 0.999983 0.9999 0.99952 0.998033 0.992911 0.977103 0.93326 0.828134 0.689644 0.619964 0.55659 0.473463 0.391832 0.314439 0.235862 0.157188 0.0785996 -2.69695e-17 -0.0785996 -0.157188 -0.235862 -0.314439 -0.391832 -0.473463 -0.55659 -0.619964 -0.689644 -0.828134 -0.93326 -0.977103 -0.992911 -0.998033 -0.99952 -0.9999 -0.999983 -0.999998 -1 -1 -1 
1 1 1 0.999999 0.999992 0.999949 0.999747 0.998929 0.996007 0.986602 0.958948 0.887541 0.740271 0.634828 0.57305 0.496005 0.407655 0.326243 0.245211 0.163376 0.0816856 -3.06016e-17 -0.0816856 -0.163376 -0.245211 -0.326243 -0.407655 -0.496005 -0.57305 -0.634828 -0.740271 -0.887541 -0.958948 -0.986602 -0.996007 -0.998929 -0.999747 -0.999949 -0.999992 -0.999999 -1 -1 -1 
1 1 1 1 0.999996 0.999974 0.999867 0.99942 0.99777 0.992264 0.97543 0.928304 0.812546 0.660559 0.586047 0.517286 0.427003 0.338916 0.255119 0.170102 0.0850176 -3.45047e-17 -0.0850176 -0.170102 -0.255119 -0.338916 -0.427003 -0.517286 -0.586047 -0.660559 -0.812546 -0.928304 -0.97543 -0.992264 -0.99777 -0.99942 -0.999867 -0.999974 -0.999996 -1 -1 -1 -1 
1 1 1 1 0.999998 0.999987 0.999931 0.999688 0.998764 0.995583 0.985498 0.95571 0.877245 0.71358 0.600867 0.534014 0.449144 0.353628 0.265498 0.177398 0.0886366 -3.90584e-17 -0.0886366 -0.177398 -0.265498 -0.353628 -0.449144 -0.534014 -0.600867 -0.71358 -0.877245 -0.95571 -0.985498 -0.995583 -0.998764 -0.999688 -0.999931 -0.999987 -0.999998 -1 -1 -1 -1 
1 1 1 1 0.999999 0.999993 0.999964 0.999833 0.99932 0.9975 0.991546 0.973358 0.921685 0.791305 0.626336 0.547148 0.470611 0.371629 0.276653 0.185211 0.0925924 -4.38289e-17 -0.0925924 -0.185211 -0.276653 -0.371629 -0.470611 -0.547148 -0.626336 -0.791305 -0.921685 -0.973358 -0.991546 -0.9975 -0.99932 -0.999833 -0.999964 -0.999993 -0.999999 -1 -1 -1 -1 
1 1 1 1 1 0.999997 0.999981 0.999911 0.999628 0.998595 0.995125 0.984185 0.951479 0.86315 0.679833 0.561694 0.488023 0.392675 0.28947 0.193479 0.0969215 -4.95751e-17 -0.0969215 -0.193479 -0.28947 -0.392675 -0.488023 -0.561694 -0.679833 -0.86315 -0.951479 -0.984185 -0.995125 -0.998595 -0.999628 -0.999911 -0.999981 -0.999997 -1 -1 -1 -1 -1 
1 1 1 1 1 0.999998 0.99999 0.999953 0.999797 0.999216 0.997211 0.990718 0.970727 0.912792 0.76257 0.585924 0.501542 0.414055 0.305091 0.202349 0.101621 -5.59719e-17 -0.101621 -0.202349 -0.305091 -0.414055 -0.501542 -0.585924 -0.76257 -0.912792 -0.970727 -0.990718 -0.997211 -0.999216 -0.999797 -0.999953 -0.99999 -0.999998 -1 -1 -1 -1 -1 
1 1 1 1 1 0.999999 0.999995 0.999975 0.99989 0.999565 0.998415 0.994607 0.982568 0.945873 0.843599 0.637531 0.515664 0.432338 0.323852 0.212363 0.106664 -6.36698e-17 -0.106664 -0.212363 -0.323852 -0.432338 -0.515664 -0.637531 -0.843599 -0.945873 -0.982568 -0.994607 -0.998415 -0.999565 -0.99989 -0.999975 -0.999995 -0.999999 -1 -1 -1 -1 -1 
1 1 1 1 1 1 0.999997 0.999987 0.999941 0.99976 0.999105 0.99689 0.989723 0.967298 0.900635 0.723813 0.537889 0.446549 0.344109 0.224399 0.112078 -7.29939e-17 -0.112078 -0.224399 -0.344109 -0.446549 -0.537889 -0.723813 -0.900635 -0.967298 -0.989723 -0.99689 -0.999105 -0.99976 -0.999941 -0.999987 -0.999997 -1 -1 -1 -1 -1 -1 
1 1 1 1 1 1 0.999999 0.999993 0.999968 0.999868 0.999498 0.998218 0.993999 0.980508 0.938287 0.815842 0.584963 0.460208 0.362809 0.239157 0.118075 -8.27517e-17 -0.118075 -0.239157 -0.362809 -0.460208 -0.584963 -0.815842 -0.938287 -0.980508 -0.993999 -0.998218 -0.999498 -0.999868 -0.999968 -0.999993 -0.999999 -1 -1 -1 -1 -1 -1 
1 1 1 1 1 1 0.999999 0.999996 0.999983 0.999928 0.999719 0.998985 0.99652 0.988484 0.962689 0.883508 0.671696 0.479904 0.377868 0.256173 0.12511 -9.29432e-17 -0.12511 -0.256173 -0.377868 -0.479904 -0.671696 -0.883508 -0.962689 -0.988484 -0.99652 -0.998985 -0.999719 -0.999928 -0.999983 -0.999996 -0.999999 -1 -1 -1 -1 -1 -1 
1 1 1 1 1 1 1 0.999998 0.999991 0.999961 0.999844 0.999425 0.997994 0.993254 0.977787 0.927716 0.775362 0.520005 0.391108 0.273455 0.133775 -1.04219e-16 -0.133775 -0.273455 -0.391108 -0.520005 -0.775362 -0.927716 -0.977787 -0.993254 -0.997994 -0.999425 -0.999844 -0.999961 -0.999991 -0.999998 -1 -1 -1 -1 -1 -1 -1 
1 1 1 1 1 1 1 0.999999 0.999995 0.999979 0.999914 0.999676 0.99885 0.996075 0.986877 0.956275 0.858261 0.601905 0.407919 0.288567 0.144359 -1.15928e-16 -0.144359 -0.288567 -0.407919 -0.601905 -0.858261 -0.956275 -0.986877 -0.996075 -0.99885 -0.999676 -0.999914 -0.999979 -0.999995 -0.999999 -1 -1 -1 -1 -1 -1 -1 
1 1 1 1 1 1 1 0.999999 0.999997 0.999988 0.999952 0.999818 0.999344 0.997728 0.992304 0.974036 0.912343 0.715042 0.439357 0.301163 0.156272 -1.28071e-16 -0.156272 -0.301163 -0.439357 -0.715042 -0.912343 -0.974036 -0.992304 -0.997728 -0.999344 -0.999818 -0.999952 -0.999988 -0.999997 -0.999999 -1 -1 -1 -1 -1 -1 -1 
1 1 1 1 1 1 1 1 0.999999 0.999994 0.999974 0.999898 0.999627 0.998691 0.995516 0.984699 0.94696 0.818579 0.508927 0.314737 0.16798 -1.42383e-16 -0.16798 -0.314737 -0.508927 -0.818579 -0.94696 -0.984699 -0.995516 -0.998691 -0.999627 -0.999898 -0.999974 -0.999994 -0.999999 -1 -1 -1 -1 -1 -1 -1 -1 
1 1 1 1 1 1 1 1 0.999999 0.999997 0.999986 0.999943 0.999789 0.999249 0.997399 0.991035 0.968585 0.888509 0.624229 0.336632 0.177957 -1.60164e-16 -0.177957 -0.336632 -0.624229 -0.888509 -0.968585 -0.991035 -0.997399 -0.999249 -0.999789 -0.999943 -0.999986 -0.999997 -0.999999 -1 -1 -1 -1 -1 -1 -1 -1 
1 1 1 1 1 1 1 1 1 0.999998 0.999992 0.999969 0.999881 0.999571 0.998497 0.994778 0.981574 0.932617 0.751189 0.385731 0.187055 -1.78378e-16 -0.187055 -0.385731 -0.751189 -0.932617 -0.981574 -0.994778 -0.998497 -0.999571 -0.999881 -0.999969 -0.999992 -0.999998 -1 -1 -1 -1 -1 -1 -1 -1 -1 
1 1 1 1 1 1 1 1 1 0.999999 0.999996 0.999983 0.999933 0.999756 0.999135 0.996971 0.989242 0.960123 0.847692 0.487467 0.198623 -1.94858e-16 -0.198623 -0.487467 -0.847692 -0.960123 -0.989242 -0.996971 -0.999135 -0.999756 -0.999933 -0.999983 -0.999996 -0.999999 -1 -1 -1 -1 -1 -1 -1 -1 -1 
1 1 1 1 1 1 1 1 1 0.999999 0.999998 0.99999 0.999963 0.999862 0.999504 0.998249 0.993747 0.976747 0.908423 0.629533 0.22189 -2.08736e-16 -0.22189 -0.629533 -0.908423 -0.976747 -0.993747 -0.998249 -0.999504 -0.999862 -0.999963 -0.99999 -0.999998 -0.999999 -1 -1 -1 -1 -1 -1 -1 -1 -1 
1 1 1 1 1 1 1 1 1 1 0.999999 0.999995 0.999979 0.999922 0.999717 0.998991 0.99638 0.98651 0.945792 0.76634 0.283638 -2.2218e-16 -0.283638 -0.76634 -0.945792 -0.98651 -0.99638 -0.998991 -0.999717 -0.999922 -0.999979 -0.999995 -0.999999 -1 -1 -1 -1 -1 -1 -1 -1 -1 -1 
1 1 1 1 1 1 1 1 1 1 0.999999 0.999997 0.999988 0.999956 0.999839 0.99942 0.997911 0.992195 0.968484 0.860616 0.407532 -2.51887e-16 -0.407532 -0.860616 -0.968484 -0.992195 -0.997911 -0.99942 -0.999839 -0.999956 -0.999988 -0.999997 -0.999999 -1 -1 -1 -1 -1 -1 -1 -1 -1 -1 
1 1 1 1 1 1 1 1 1 1 1 0.999998 0.999994 0.999975 0.999908 0.999668 0.998797 0.995498 0.981862 0.91785 0.574082 -3.73318e-16 -0.574082 -0.91785 -0.981862 -0.995498 -0.998797 -0.999668 -0.999908 -0.999975 -0.999994 -0.999998 -1 -1 -1 -1 -1 -1 -1 -1 -1 -1 -1 
1 1 1 1 1 1 1 1 1 1 1 0.999999 0.999996 0.999986 0.999948 0.99981 0.999309 0.99741 0.98959 0.952143 0.734801 -6.50874e-16 -0.734801 -0.952143 -0.98959 -0.99741 -0.999309 -0.99981 -0.999948 -0.999986 -0.999996 -0.999999 -1 -1 -1 -1 -1 -1 -1 -1 -1 -1 -1 
1 1 1 1 1 1 1 1 1 1 1 1 0.999998 0.999992 0.999971 0.999892 0.999604 0.998513 0.994032 0.972521 0.844334 -8.45163e-16 -0.844334 -0.972521 -0.994032 -0.998513 -0.999604 -0.999892 -0.999971 -0.999992 -0.999998 -1 -1 -1 -1 -1 -1 -1 -1 -1 -1 -1 -1 
1 1 1 1 1 1 1 1 1 1 1 1 0.999999 0.999996 0.999984 0.999939 0.999773 0.999147 0.996583 0.984356 0.908794 -9.83941e-16 -0.908794 -0.984356 -0.996583 -0.999147 -0.999773 -0.999939 -0.999984 -0.999996 -0.999999 -1 -1 -1 -1 -1 -1 -1 -1 -1 -1 -1 -1 
1 1 1 1 1 1 1 1 1 1 1 1 0.999999 0.999998 0.999991 0.999965 0.999871 0.999512 0.998047 0.991103 0.946434 -1.15047e-15 -0.946434 -0.991103 -0.998047 -0.999512 -0.999871 -0.999965 -0.999991 -0.999998 -0.999999 -1 -1 -1 -1 -1 -1 -1 -1 -1 -1 -1 -1 
1 1 1 1 1 1 1 1 1 1 1 1 1 0.999999 0.999995 0.99998 0.999926 0.999721 0.998885 0.994931 0.968543 -1.23374e-15 -0.968543 -0.994931 -0.998885 -0.999721 -0.999926 -0.99998 -0.999995 -0.999999 -1 -1 -1 -1 -1 -1 -1 -1 -1 -1 -1 -1 -1 
1 1 1 1 1 1 1 1 1 1 1 1 1 0.999999 0.999997 0.999989 0.999958 0.999841 0.999363 0.997105 0.981555 -1.28925e-15 -0.981555 -0.997105 -0.999363 -0.999841 -0.999958 -0.999989 -0.999997 -0.999999 -1 -1 -1 -1 -1 -1 -1 -1 -1 -1 -1 -1 -1 
1 1 1 1 1 1 1 1 1 1 1 1 1 1 0.999998 0.999994 0.999976 0.999909 0.999637 0.998344 0.989208 -1.34476e-15 -0.989208 -0.998344 -0.999637 -0.999909 -0.999976 -0.999994 -0.999998 -1 -1 -1 -1 -1 -1 -1 -1 -1 -1 -1 -1 -1 -1 
1 1 1 1 1 1 1 1 1 1 1 1 1 1 0.999999 0.999997 0.999987 0.999948 0.999793 0.999052 0.9937 -1.40027e-15 -0.9937 -0.999052 -0.999793 -0.999948 -0.999987 -0.999997 -0.999999 -1 -1 -1 -1 -1 -1 -1 -1 -1 -1 -1 -1 -1 -1 
1 1 1 1 1 1 1 1 1 1 1 1 1 1 1 0.999998 0.999992 0.999971 0.999882 0.999457 0.99633 -1.48354e-15 -0.99633 -0.999457 -0.999882 -0.999971 -0.999992 -0.999998 -1 -1 -1 -1 -1 -1 -1 -1 -1 -1 -1 -1 -1 -1 -1 
1 1 1 1 1 1 1 1 1 1 1 1 1 1 1 0.999999 0.999996 0.999983 0.999933 0.999689 0.997867 -1.59456e-15 -0.997867 -0.999689 -0.999933 -0.999983 -0.999996 -0.999999 -1 -1 -1 -1 -1 -1 -1 -1 -1 -1 -1 -1 -1 -1 -1 
1 1 1 1 1 1 1 1 1 1 1 1 1 1 1 0.999999 0.999998 0.999991 0.999962 0.999822 0.998762 -1.62232e-15 -0.998762 -0.999822 -0.999962 -0.999991 -0.999998 -0.999999 -1 -1 -1 -1 -1 -1 -1 -1 -1 -1 -1 -1 -1 -1 -1 
1 1 1 1 1 1 1 1 1 1 1 1 1 1 1 1 0.999999 0.999995 0.999978 0.999898 0.999283 -1.62232e-15 -0.999283 -0.999898 -0.999978 -0.999995 -0.999999 -1 -1 -1 -1 -1 -1 -1 -1 -1 -1 -1 -1 -1 -1 -1 -1 
1 1 1 1 1 1 1 1 1 1 1 1 1 1 1 1 0.999999 0.999997 0.999988 0.999942 0.999585 -1.62232e-15 -0.999585 -0.999942 -0.999988 -0.999997 -0.999999 -1 -1 -1 -1 -1 -1 -1 -1 -1 -1 -1 -1 -1 -1 -1 -1 
1 1 1 1 1 1 1 1 1 1 1 1 1 1 1 1 1 0.999998 0.999993 0.999967 0.999761 -1.62232e-15 -0.999761 -0.999967 -0.999993 -0.999998 -1 -1 -1 -1 -1 -1 -1 -1 -1 -1 -1 -1 -1 -1 -1 -1 -1 
1 1 1 1 1 1 1 1 1 1 1 1 1 1 1 1 1 0.999999 0.999996 0.999981 0.999862 -1.62232e-15 -0.999862 -0.999981 -0.999996 -0.999999 -1 -1 -1 -1 -1 -1 -1 -1 -1 -1 -1 -1 -1 -1 -1 -1 -1 
1 1 1 1 1 1 1 1 1 1 1 1 1 1 1 1 1 0.999999 0.999998 0.999989 0.999921 -1.62232e-15 -0.999921 -0.999989 -0.999998 -0.999999 -1 -1 -1 -1 -1 -1 -1 -1 -1 -1 -1 -1 -1 -1 -1 -1 -1 
1 1 1 1 1 1 1 1 1 1 1 1 1 1 1 1 1 1 0.999999 0.999994 0.999954 -1.62232e-15 -0.999954 -0.999994 -0.999999 -1 -1 -1 -1 -1 -1 -1 -1 -1 -1 -1 -1 -1 -1 -1 -1 -1 -1 
1 1 1 1 1 1 1 1 1 1 1 1 1 1 1 1 1 1 0.999999 0.999996 0.999974 -1.62232e-15 -0.999974 -0.999996 -0.999999 -1 -1 -1 -1 -1 -1 -1 -1 -1 -1 -1 -1 -1 -1 -1 -1 -1 -1 
1 1 1 1 1 1 1 1 1 1 1 1 1 1 1 1 1 1 1 0.999998 0.999985 -1.62232e-15 -0.999985 -0.999998 -1 -1 -1 -1 -1 -1 -1 -1 -1 -1 -1 -1 -1 -1 -1 -1 -1 -1 -1 
1 1 1 1 1 1 1 1 1 1 1 1 1 1 1 1 1 1 1 0.999999 0.999991 -1.62232e-15 -0.999991 -0.999999 -1 -1 -1 -1 -1 -1 -1 -1 -1 -1 -1 -1 -1 -1 -1 -1 -1 -1 -1 
1 1 1 1 1 1 1 1 1 1 1 1 1 1 1 1 1 1 1 0.999999 0.999995 -1.62232e-15 -0.999995 -0.999999 -1 -1 -1 -1 -1 -1 -1 -1 -1 -1 -1 -1 -1 -1 -1 -1 -1 -1 -1 
1 1 1 1 1 1 1 1 1 1 1 1 1 1 1 1 1 1 1 1 0.999997 -1.62232e-15 -0.999997 -1 -1 -1 -1 -1 -1 -1 -1 -1 -1 -1 -1 -1 -1 -1 -1 -1 -1 -1 -1 
1 1 1 1 1 1 1 1 1 1 1 1 1 1 1 1 1 1 1 1 0.999998 -1.62232e-15 -0.999998 -1 -1 -1 -1 -1 -1 -1 -1 -1 -1 -1 -1 -1 -1 -1 -1 -1 -1 -1 -1 
1 1 1 1 1 1 1 1 1 1 1 1 1 1 1 1 1 1 1 1 0.999999 -1.62232e-15 -0.999999 -1 -1 -1 -1 -1 -1 -1 -1 -1 -1 -1 -1 -1 -1 -1 -1 -1 -1 -1 -1 
1 1 1 1 1 1 1 1 1 1 1 1 1 1 1 1 1 1 1 1 0.999999 -1.62232e-15 -0.999999 -1 -1 -1 -1 -1 -1 -1 -1 -1 -1 -1 -1 -1 -1 -1 -1 -1 -1 -1 -1 
1 1 1 1 1 1 1 1 1 1 1 1 1 1 1 1 1 1 1 1 1 -1.62232e-15 -1 -1 -1 -1 -1 -1 -1 -1 -1 -1 -1 -1 -1 -1 -1 -1 -1 -1 -1 -1 -1 
1 1 1 1 1 1 1 1 1 1 1 1 1 1 1 1 1 1 1 1 1 -1.62232e-15 -1 -1 -1 -1 -1 -1 -1 -1 -1 -1 -1 -1 -1 -1 -1 -1 -1 -1 -1 -1 -1 
1 1 1 1 1 1 1 1 1 1 1 1 1 1 1 1 1 1 1 1 1 -1.62232e-15 -1 -1 -1 -1 -1 -1 -1 -1 -1 -1 -1 -1 -1 -1 -1 -1 -1 -1 -1 -1 -1 
1 1 1 1 1 1 1 1 1 1 1 1 1 1 1 1 1 1 1 1 1 -1.62232e-15 -1 -1 -1 -1 -1 -1 -1 -1 -1 -1 -1 -1 -1 -1 -1 -1 -1 -1 -1 -1 -1 
