1 1 0.9875 0.975 0.9625 0.95 0.9375 0.925 0.9125 0.9 0.8875 0.875 0.8625 0.85 0.8375 0.825 0.8125 0.8 0.7875 0.775 0.7625 0.75 0.7375 0.725 0.7125 0.7 0.6875 0.675 0.6625 0.65 0.6375 0.625 0.6125 0.6 0.5875 0.575 0.5625 0.55 0.5375 0.525 0.5125 0.5 0.5 
1 1 1.00979 0.989625 0.976938 0.96425 0.951563 0.938875 0.926188 0.9135 0.900813 0.888125 0.875438 0.86275 0.850063 0.837375 0.824688 0.812 0.799313 0.786625 0.773938 0.76125 0.748563 0.735875 0.723188 0.7105 0.697813 0.685125 0.672438 0.65975 0.647063 0.634375 0.621688 0.609 0.596313 0.583625 0.570938 0.55825 0.545563 0.532875 0.520188 0.503773 0.5 
1 1 0.998099 1.02538 0.987307 0.978788 0.96591 0.953031 0.940152 0.927273 0.914394 0.901516 0.888637 0.875758 0.862879 0.85 0.837122 0.824243 0.811364 0.798485 0.785606 0.772728 0.759849 0.74697 0.734091 0.721212 0.708334 0.695455 0.682576 0.669697 0.656819 0.64394 0.631061 0.618182 0.605303 0.592425 0.579546 0.566667 0.553788 0.540909 0.529166 0.513211 0.496227 
1 1 1.00032 0.993079 1.04194 0.98614 0.980468 0.967395 0.954322 0.941249 0.928176 0.915103 0.90203 0.888958 0.875885 0.862812 0.849739 0.836666 0.823593 0.81052 0.797447 0.784374 0.771301 0.758228 0.745156 0.732083 0.71901 0.705937 0.692864 0.679791 0.666718 0.653645 0.640572 0.627499 0.614427 0.601354 0.588281 0.575208 0.562135 0.549062 0.53737 0.525872 0.486789 
1 1 0.999951 1.00139 0.984681 1.05773 0.986855 0.98293 0.96869 0.955421 0.942151 0.928881 0.915611 0.902342 0.889072 0.875802 0.862532 0.849263 0.835993 0.822723 0.809454 0.796184 0.782914 0.769644 0.756375 0.743105 0.729835 0.716565 0.703296 0.690026 0.676756 0.663487 0.650217 0.636947 0.623677 0.610408 0.597138 0.583868 0.570598 0.557329 0.544174 0.536202 0.474128 
1 1 1.00001 0.999756 1.00351 0.973098 1.07345 0.987298 0.987881 0.969275 0.956334 0.942865 0.929395 0.915926 0.902456 0.888987 0.875517 0.862048 0.848578 0.835109 0.821639 0.80817 0.7947 0.781231 0.767761 0.754292 0.740822 0.727353 0.713883 0.700414 0.686944 0.673475 0.660005 0.646536 0.633066 0.619597 0.606127 0.592658 0.579188 0.565719 0.552259 0.541866 0.463798 
1 1 0.999999 1.00004 0.999307 1.0067 0.958656 1.08653 0.987237 0.999661 0.967405 0.957062 0.94339 0.929718 0.916045 0.902373 0.888701 0.875028 0.861356 0.847684 0.834011 0.820339 0.806667 0.792994 0.779322 0.76565 0.751977 0.738305 0.724633 0.71096 0.697288 0.683616 0.669943 0.656271 0.642599 0.628927 0.615254 0.601582 0.58791 0.574237 0.560566 0.550328 0.458134 
1 1 1 0.999995 1.00011 0.998511 1.01079 0.942112 1.10094 0.986029 1.01344 0.964262 0.957635 0.943756 0.929878 0.915999 0.90212 0.888241 0.874363 0.860484 0.846605 0.832726 0.818847 0.804969 0.79109 0.777211 0.763332 0.749454 0.735575 0.721696 0.707817 0.693939 0.68006 0.666181 0.652302 0.638423 0.624545 0.610666 0.596787 0.582908 0.56903 0.558567 0.449672 
1 1 1 1 0.999985 1.00025 0.997343 1.01521 0.924094 1.11673 0.983572 1.0242 0.964529 0.958357 0.943944 0.929856 0.915767 0.901678 0.88759 0.873501 0.859412 0.845323 0.831235 0.817146 0.803057 0.788968 0.77488 0.760791 0.746702 0.732614 0.718525 0.704436 0.690347 0.676259 0.66217 0.648081 0.633993 0.619904 0.605815 0.591726 0.577638 0.567029 0.441433 
1 1 1 1 1 0.999965 1.00047 0.99589 1.01903 0.905505 1.13383 0.980372 1.03467 0.964692 0.959621 0.94377 0.929631 0.915329 0.901027 0.886725 0.872423 0.858121 0.843819 0.829517 0.815215 0.800913 0.786611 0.772309 0.758007 0.743705 0.729403 0.715101 0.700799 0.686497 0.672195 0.657893 0.643591 0.629289 0.614987 0.600685 0.586383 0.575611 0.432971 
1 1 1 1 1 1 0.999935 1.00073 0.994357 1.02113 0.887427 1.15206 0.976771 1.04389 0.964758 0.962483 0.942773 0.929184 0.914666 0.900147 0.885629 0.87111 0.856592 0.842073 0.827555 0.813036 0.798518 0.783999 0.769481 0.754962 0.740444 0.725925 0.711407 0.696888 0.68237 0.667851 0.653333 0.638814 0.624296 0.609777 0.595259 0.584324 0.424389 
1 1 1 1 1 1 1.00001 0.999902 1.00098 0.993027 1.02032 0.870973 1.17112 0.973256 1.04982 0.964761 0.969679 0.939804 0.928498 0.91376 0.899022 0.884283 0.869545 0.854807 0.840069 0.825331 0.810593 0.795855 0.781117 0.766379 0.751641 0.736903 0.722165 0.707427 0.692689 0.677951 0.663213 0.648475 0.633736 0.618998 0.60426 0.593161 0.415676 
1 1 1 1 1 1 1 1.00001 0.999875 1.00115 0.992168 1.01569 0.857098 1.19063 0.970462 1.05256 0.964805 0.979853 0.935481 0.927559 0.912598 0.897637 0.882677 0.867716 0.852756 0.837795 0.822834 0.807874 0.792913 0.777952 0.762992 0.748031 0.733071 0.71811 0.703149 0.688189 0.673228 0.658267 0.643307 0.628346 0.613386 0.602118 0.406839 
1 1 1 1 1 1 1 0.999999 1.00001 0.999864 1.00119 0.991889 1.00677 0.846452 1.21024 0.968864 1.05402 0.965106 0.985746 0.934524 0.926359 0.911172 0.895986 0.8808 0.865614 0.850428 0.835241 0.820055 0.804869 0.789683 0.774497 0.75931 0.744124 0.728938 0.713752 0.698565 0.683379 0.668193 0.653007 0.637821 0.622634 0.611197 0.397882 
1 1 1 1 1 1 1 1 1 1.00001 0.999875 1.00108 0.992025 0.993745 0.839305 1.22963 0.968619 1.05411 0.965784 0.990821 0.933304 0.924893 0.909478 0.894063 0.878648 0.863233 0.847818 0.832403 0.816988 0.801574 0.786159 0.770744 0.755329 0.739914 0.724499 0.709084 0.693669 0.678255 0.66284 0.647425 0.63201 0.620401 0.388803 
1 1 1 1 1 1 1 1 1 1 1.00001 0.999903 1.00083 0.992079 0.977443 0.835581 1.24859 0.969731 1.05284 0.966917 0.994933 0.93182 0.923159 0.907513 0.891866 0.876219 0.860572 0.844925 0.829279 0.813632 0.797985 0.782338 0.766692 0.751045 0.735398 0.719751 0.704105 0.688458 0.672811 0.657164 0.641518 0.629734 0.379599 
1 1 1 1 1 1 1 1 1 1 1 1 0.999939 1.00741 0.997989 0.94553 0.834948 1.26699 0.972064 1.05031 0.968521 0.997976 0.930071 0.92116 0.905278 0.889396 0.873513 0.857631 0.841749 0.825867 0.809985 0.794103 0.778221 0.762339 0.746457 0.730575 0.714693 0.698811 0.682929 0.667047 0.651165 0.639203 0.370266 
1 1 1 1 1 1 1 1 1 1 1 1 0.999998 1.00031 1.0158 1.03063 0.882511 0.836936 1.28479 0.975372 1.04671 0.970546 0.999884 0.928058 0.918895 0.902774 0.886653 0.870532 0.854411 0.83829 0.822169 0.806048 0.789927 0.773806 0.757685 0.741564 0.725443 0.709322 0.693202 0.677081 0.66096 0.648818 0.360797 
1 1 1 1 1 1 1 1 1 1 1 1 1 0.99973 0.994127 1.02383 1.05144 0.836936 0.841033 1.30196 0.979344 1.0423 0.972887 1.00063 0.925783 0.916367 0.900004 0.88364 0.867276 0.850912 0.834549 0.818185 0.801821 0.785458 0.769094 0.75273 0.736367 0.720003 0.703639 0.687275 0.670912 0.658588 0.351182 
1 1 1 1 1 1 1 1 1 1 1 1 1 1.00023 0.999026 0.98209 1.03915 1.02361 0.834681 0.849939 1.31852 0.983646 1.03735 0.975398 1.00022 0.923247 0.913578 0.896967 0.880357 0.863746 0.847136 0.830525 0.813915 0.797304 0.780694 0.764083 0.747473 0.730862 0.714252 0.697641 0.681031 0.668521 0.341412 
1 1 1 1 1 1 1 1 1 1 1 1 1 1.00002 1.00121 0.996266 0.986668 1.05257 0.980069 0.826334 0.868047 1.33446 0.98796 1.03214 0.977905 0.998706 0.920452 0.910527 0.893665 0.876804 0.859942 0.84308 0.826219 0.809357 0.792496 0.775634 0.758772 0.741911 0.725049 0.708188 0.691326 0.678627 0.331479 
1 1 1 1 1 1 1 1 1 1 1 1 1 0.999984 1.00016 1.005 0.990936 0.992146 1.10786 0.889662 0.802926 0.905918 1.34978 0.992013 1.02692 0.98022 0.996147 0.917398 0.907216 0.890098 0.872981 0.855864 0.838746 0.821629 0.804512 0.787395 0.770277 0.75316 0.736043 0.718926 0.701808 0.688917 0.321373 
1 1 1 1 1 1 1 1 1 1 1 1 1 0.999998 0.999848 1.00084 1.00341 0.990012 1.00091 1.14867 0.802926 0.74002 0.992385 1.36444 0.995593 1.02189 0.982154 0.99264 0.914086 0.903644 0.886266 0.868888 0.85151 0.834133 0.816755 0.799377 0.781999 0.764622 0.747244 0.729866 0.712488 0.699401 0.311083 
1 1 1 1 1 1 1 1 1 1 1 1 1 1 0.999978 0.999094 1.00202 1.00176 0.981724 1.01864 1.14232 0.74002 0.622553 1.15642 1.37838 0.998559 1.01717 0.983534 0.988298 0.910516 0.899811 0.882168 0.864524 0.846881 0.829238 0.811594 0.793951 0.776308 0.758664 0.741021 0.723378 0.71009 0.300599 
1 1 1 1 1 1 1 1 1 1 1 1 1 1 1.00002 0.999844 0.999471 1.00221 0.998794 0.953161 1.05932 1.13933 0.622553 0.498102 1.37838 1.39155 1.00084 1.01283 0.984209 0.983242 0.906688 0.895718 0.877804 0.859889 0.841975 0.82406 0.806146 0.788232 0.770317 0.752403 0.734489 0.720997 0.28991 
1 1 1 1 1 1 1 1 1 1 1 1 1 1 1 1.00014 0.999642 0.999846 1.00468 0.988629 0.917501 1.11318 1.07527 0.498102 0.650429 1.39155 1.40387 1.00242 1.00967 0.984062 0.976776 0.902602 0.891364 0.873173 0.854982 0.836791 0.8186 0.800409 0.782218 0.764026 0.745835 0.732135 0.279003 
1 1 1 1 1 1 1 1 1 1 1 1 1 1 0.999998 1.00003 1.00007 0.999496 1.00071 1.01576 0.961991 0.943352 1.14496 0.851988 0.48105 0.824643 1.40387 1.41528 1.00344 1.01199 0.982836 0.964737 0.898259 0.88675 0.868276 0.849803 0.831329 0.812855 0.794381 0.775907 0.757433 0.743519 0.267865 
1 1 1 1 1 1 1 1 1 1 1 1 1 1 1 0.999983 1.00005 0.999984 0.998648 1.00393 1.02213 0.943352 0.96647 1.21941 0.571281 0.396392 1.08106 1.41528 1.42574 1.00468 1.01955 0.98229 0.944806 0.893659 0.881877 0.863114 0.84435 0.825587 0.806824 0.78806 0.769297 0.755166 0.256481 
1 1 1 1 1 1 1 1 1 1 1 1 1 1 1 0.999997 0.999994 1.0001 0.999715 0.995004 1.01109 1.00851 0.928859 1.00576 1.13092 0.396392 0.304243 1.40277 1.42574 1.43534 1.00688 1.02902 0.979919 0.921974 0.888804 0.876744 0.857685 0.838625 0.819565 0.800506 0.781446 0.767092 0.244834 
1 1 1 1 1 1 1 1 1 1 1 1 1 1 1 1 0.999995 1.00001 1.00036 0.99861 0.9976 1.01285 0.991198 0.889313 1.07339 0.892337 0.304243 0.591744 1.41426 1.43534 1.4443 1.01018 1.04454 0.966638 0.90083 0.883692 0.871352 0.851988 0.832625 0.813262 0.793898 0.779315 0.232908 
1 1 1 1 1 1 1 1 1 1 1 1 1 1 1 1 1 0.999984 1.00008 1.00079 0.997714 1.00011 1.02687 0.951267 0.923301 1.1608 0.475965 0.309043 0.879546 1.42463 1.4443 1.45283 1.01521 1.06238 0.933936 0.889953 0.881058 0.865695 0.84602 0.826345 0.80667 0.791853 0.220685 
1 1 1 1 1 1 1 1 1 1 1 1 1 1 1 1 1 0.999997 0.999919 1.00029 1.00025 0.996148 1.00646 1.03468 0.923301 0.956383 0.993007 0.309043 0.358668 1.12347 1.43409 1.45283 1.46126 1.02191 1.07296 0.896459 0.886624 0.878206 0.859769 0.839774 0.81978 0.804721 0.208147 
1 1 1 1 1 1 1 1 1 1 1 1 1 1 1 1 1 1 0.99998 0.999985 1.00031 0.999478 0.989417 1.01959 1.01284 0.916331 0.978212 0.674708 0.329434 0.347466 1.41187 1.44274 1.46126 1.46987 1.02905 1.04639 0.890194 0.886777 0.873902 0.853563 0.83324 0.817935 0.195279 
1 1 1 1 1 1 1 1 1 1 1 1 1 1 1 1 1 1 0.999998 0.999978 1.00005 1.00084 0.996906 0.994846 1.024 0.986774 0.930356 0.962416 0.388031 0.337236 0.616735 1.42446 1.44728 1.46987 1.47871 1.0317 1.01615 0.889246 0.887899 0.867736 0.847059 0.831505 0.182065 
1 1 1 1 1 1 1 1 1 1 1 1 1 1 1 1 1 1 1 0.999993 0.999934 1.00025 1.00168 0.994922 1.00012 1.03941 0.951977 0.937794 0.717716 0.337236 0.336962 0.900473 1.43383 1.44601 1.47871 1.49996 1.02887 0.975602 0.888869 0.888367 0.861273 0.845433 0.168495 
1 1 1 1 1 1 1 1 1 1 1 1 1 1 1 1 1 1 1 1.00001 0.999974 0.999741 1.0008 1.00032 0.991803 1.01152 1.03235 0.948354 0.947653 0.403113 0.336962 0.386811 1.15651 1.43186 1.43514 1.4941 1.54812 1.0087 0.920817 0.888723 0.889139 0.857599 0.154567 
1 1 1 1 1 1 1 1 1 1 1 1 1 1 1 1 1 1 1 1 1.00003 0.999895 0.999978 1.00106 0.998012 0.988006 1.02406 1.01335 0.948168 0.706645 0.336962 0.356918 0.435814 1.42821 1.43148 1.39634 1.51891 1.60895 0.943324 0.888723 0.888853 0.899532 0.142401 
1 1 1 1 1 1 1 1 1 1 1 1 1 1 1 1 1 1 1 0.999998 1.00001 0.999993 0.999854 1.00031 1.00254 0.993153 0.997007 1.02954 1.0323 0.895858 0.396157 0.346293 0.389986 0.762848 1.43148 1.4334 1.31484 1.57474 1.61415 0.888723 0.888681 0.892496 0.100468 
1 1 1 1 1 1 1 1 1 1 1 1 1 1 1 1 1 1 1 0.999999 1 1.00002 0.999944 0.99963 1.00123 1.00012 0.991295 1.00577 1.0323 1.0776 0.56595 0.346293 0.364651 0.385302 1.11521 1.4334 1.43596 1.24887 1.61415 1.56366 0.888681 0.88997 0.107504 
1 1 1 1 1 1 1 1 1 1 1 1 1 1 1 1 1 1 1 1 0.999998 1.00001 1.00006 0.999807 1.00004 1.00176 0.997006 0.985042 1.00462 1.05965 0.953017 0.346293 0.356961 0.37631 0.412732 1.43068 1.43596 1.43558 1.22541 1.68106 1.44621 0.889118 0.11003 
1 1 1 1 1 1 1 1 1 1 1 1 1 1 1 1 1 1 1 1 0.999999 0.999994 1.00003 0.999985 0.999708 1.0007 1.00378 0.990128 0.976543 1.03327 1.0981 0.559176 0.351785 0.368734 0.396281 0.766727 1.43596 1.43635 1.42463 1.20838 1.93111 1.32362 0.110882 
1 1 1 1 1 1 1 1 1 1 1 1 1 1 1 1 1 1 1 1 1 0.999997 1.00001 1.00004 0.999853 0.999467 1.00247 1.00277 0.980659 0.976711 1.07631 0.895376 0.351785 0.361725 0.385929 0.445672 1.17181 1.43635 1.44539 1.37496 1.22613 2.32295 -0.32362 
1 1 1 1 1 1 1 1 1 1 1 1 1 1 1 1 1 1 1 1 1 0.999999 0.999997 1.00003 1.00004 0.999571 1.00077 1.00277 0.993982 0.976711 1.02349 1.06275 0.451661 0.35801 0.378161 0.42314 0.704905 1.42963 1.44539 1.47501 1.27737 1.31749 -1.32295 
1 1 1 1 1 1 1 1 1 1 1 1 1 1 1 1 1 1 1 1 1 1 0.999997 0.99999 1.00004 0.999956 0.998978 1.00195 1.00807 0.983603 0.965729 1.04914 0.858956 0.35801 0.365762 0.398537 0.398038 0.97582 1.42788 1.45732 1.49864 1.27515 -0.317493 
1 1 1 1 1 1 1 1 1 1 1 1 1 1 1 1 1 1 1 1 1 1 1 0.999993 1 1.0001 0.999691 0.997179 1.00554 1.01269 0.970102 0.981854 1.12056 0.485762 0.361221 0.390802 0.398197 0.398875 1.21797 1.43304 1.47402 1.73155 -0.275145 
1 1 1 1 1 1 1 1 1 1 1 1 1 1 1 1 1 1 1 1 1 1 1 1 0.999991 1.00003 1.00025 0.998637 0.996819 1.01061 0.999363 0.965862 1.02756 0.875649 0.361221 0.381072 0.39801 0.398687 0.561691 1.39176 1.43158 1.48794 -0.731546 
1 1 1 1 1 1 1 1 1 1 1 1 1 1 1 1 1 1 1 1 1 1 1 1 0.999997 0.999964 1.00011 1.00067 0.99755 0.999446 1.01749 0.983399 0.977964 1.0902 0.519825 0.37204 0.395561 0.398469 0.414229 0.777128 1.39872 1.45444 -0.48794 
1 1 1 1 1 1 1 1 1 1 1 1 1 1 1 1 1 1 1 1 1 1 1 1 1.00001 0.999987 0.999867 1.00033 1.00012 0.996319 1.00404 1.01593 0.977964 0.994443 0.953032 0.37204 0.387161 0.39751 0.404416 0.365139 1.01432 1.45444 -0.454443 
1 1 1 1 1 1 1 1 1 1 1 1 1 1 1 1 1 1 1 1 1 1 1 0.999999 1 1.00002 0.999951 0.999948 1.00047 0.999278 0.992728 1.01096 1.0092 0.981034 1.01816 0.657773 0.379986 0.39489 0.40384 0.377608 0.32979 1.32131 -0.454443 
1 1 1 1 1 1 1 1 1 1 1 1 1 1 1 1 1 1 1 1 1 1 1 1 0.999997 1.00001 1.00001 0.999948 0.999996 1.00144 0.997573 0.994372 1.01244 1.00487 0.984456 1.02494 0.417992 0.386948 0.403291 0.394857 0.337211 0.57791 -0.321305 
1 1 1 1 1 1 1 1 1 1 1 1 1 1 1 1 1 1 1 1 1 1 1 1 1 0.999991 1.00001 1.00002 0.999884 0.999804 1.00435 0.995849 0.991214 1.02268 0.999352 0.977319 0.945302 0.386948 0.395731 0.402655 0.358057 0.448964 0.42209 
1 1 1 1 1 1 1 1 1 1 1 1 1 1 1 1 1 1 1 1 1 1 1 1 1 1 0.999977 1.00002 1.00013 0.999816 0.999004 1.01079 0.991659 0.985502 1.04063 1.00748 0.998122 0.788457 0.389648 0.401462 0.377962 0.377508 0.551036 
1 1 1 1 1 1 1 1 1 1 1 1 1 1 1 1 1 1 1 1 1 1 1 1 1 1 1.00001 0.999925 1.00005 1.00054 0.999576 0.997133 1.02076 0.985502 0.976229 1.05744 1.00884 1.15209 0.502171 0.396073 0.388721 0.377508 0.622492 
1 1 1 1 1 1 1 1 1 1 1 1 1 1 1 1 1 1 1 1 1 1 1 1 1 0.999999 1 1.00001 0.999795 1.00015 1.00159 0.998669 0.99593 1.03182 0.976229 0.971427 1.06114 0.990881 1.11172 0.399078 0.390974 0.379729 0.622492 
1 1 1 1 1 1 1 1 1 1 1 1 1 1 1 1 1 1 1 1 1 1 1 1 1 1 0.999996 1 1.00003 0.999384 1.00042 1.00339 0.997306 0.992543 1.04152 0.971427 0.962726 1.06869 0.974594 0.983613 0.39333 0.382051 0.620271 
1 1 1 1 1 1 1 1 1 1 1 1 1 1 1 1 1 1 1 1 1 1 1 1 1 1 1 0.999987 1.00001 1.0001 0.998094 1.00121 1.00755 0.99446 0.985588 1.06009 0.962726 0.947837 1.08254 0.973697 0.854565 0.382051 0.617949 
1 1 1 1 1 1 1 1 1 1 1 1 1 1 1 1 1 1 1 1 1 1 1 1 1 1 1 1 0.999962 1.00002 1.00032 0.994296 1.00395 1.01617 0.988136 0.975618 1.08765 0.947837 0.930953 1.16007 1.01794 0.600924 0.617949 
1 1 1 1 1 1 1 1 1 1 1 1 1 1 1 1 1 1 1 1 1 1 1 1 1 1 1 1 1 0.999898 1.00007 1.00051 0.987609 1.00977 1.02991 0.975618 0.968096 1.11144 0.930953 0.912281 1.31726 0.915281 0.399076 
1 1 1 1 1 1 1 1 1 1 1 1 1 1 1 1 1 1 1 1 1 1 1 1 1 1 1 1 1 0.999994 0.999755 1.00027 0.999293 0.97936 1.02144 1.03187 0.968096 0.975663 1.11453 0.912281 0.905989 1.58562 0.084719 
1 1 1 1 1 1 1 1 1 1 1 1 1 1 1 1 1 1 1 1 1 1 1 1 1 1 1 1 1 1 0.999931 0.99988 1.00077 0.993546 0.981478 1.03187 1.01636 0.964488 1.01031 1.07173 0.905989 0.944846 -0.585622 
1 1 1 1 1 1 1 1 1 1 1 1 1 1 1 1 1 1 1 1 1 1 1 1 1 1 1 1 1 0.999999 1.00005 0.999896 0.999774 1.0083 0.988129 0.975069 1.05167 1.0045 0.924381 1.0354 1.0895 0.904583 0.0551542 
1 1 1 1 1 1 1 1 1 1 1 1 1 1 1 1 1 1 1 1 1 1 1 1 1 1 1 1 1 1 0.999994 1.00016 0.999822 0.998871 1.02123 0.978267 0.966172 1.10135 0.96605 0.852278 1.0895 1.27305 0.095417 
1 1 1 1 1 1 1 1 1 1 1 1 1 1 1 1 1 1 1 1 1 1 1 1 1 1 1 1 1 1 0.999998 1 1.00045 0.999452 0.999942 1.02984 0.966172 0.969627 1.15733 0.890335 0.74396 1.19711 -0.273055 
1 1 1 1 1 1 1 1 1 1 1 1 1 1 1 1 1 1 1 1 1 1 1 1 1 1 1 1 1 1 1 0.999994 1.00001 1.00045 0.99896 0.999914 1.02987 0.96291 0.960595 1.27456 0.753648 0.75625 -0.197106 
1 1 1 1 1 1 1 1 1 1 1 1 1 1 1 1 1 1 1 1 1 1 1 1 1 1 1 1 1 1 1 1 0.999982 1.00004 1.00037 0.998119 1.00214 1.02782 0.960595 0.944206 1.251 0.7544 0.24375 
1 1 1 1 1 1 1 1 1 1 1 1 1 1 1 1 1 1 1 1 1 1 1 1 1 1 1 1 1 1 1 1 1 0.999925 1.00012 1.00027 0.994404 1.0067 1.03968 0.944206 0.92799 1.3851 0.2456 
1 1 1 1 1 1 1 1 1 1 1 1 1 1 1 1 1 1 1 1 1 1 1 1 1 1 1 1 1 1 1 1 1 0.99999 0.999868 1.00022 0.999475 0.985251 1.02124 1.0394 0.92799 0.927081 -0.3851 
1 1 1 1 1 1 1 1 1 1 1 1 1 1 1 1 1 1 1 1 1 1 1 1 1 1 1 1 1 1 1 1 1 1.00001 0.999996 0.999813 1.0012 1.00069 0.958157 1.03919 1.05549 0.928053 0.072919 
1 1 1 1 1 1 1 1 1 1 1 1 1 1 1 1 1 1 1 1 1 1 1 1 1 1 1 1 1 1 1 1 1 0.999998 1.00004 0.999999 0.999623 1.00185 1.00493 0.927773 1.05549 1.19698 0.0719466 
1 1 1 1 1 1 1 1 1 1 1 1 1 1 1 1 1 1 1 1 1 1 1 1 1 1 1 1 1 1 1 1 1 1 0.999998 1.00008 0.999961 0.998066 1.00338 1.00252 0.851155 1.1146 -0.196982 
1 1 1 1 1 1 1 1 1 1 1 1 1 1 1 1 1 1 1 1 1 1 1 1 1 1 1 1 1 1 1 1 1 1 0.999999 0.999991 1.00021 0.999977 0.997654 1.00437 1.00128 0.835827 -0.114598 
1 1 1 1 1 1 1 1 1 1 1 1 1 1 1 1 1 1 1 1 1 1 1 1 1 1 1 1 1 1 1 1 1 1 1.00001 0.999996 0.999948 1.00054 1.00014 0.996338 1.00868 1.16257 0.164173 
1 1 1 1 1 1 1 1 1 1 1 1 1 1 1 1 1 1 1 1 1 1 1 1 1 1 1 1 1 1 1 1 1 1 0.999999 1.00002 0.999988 0.999928 1.00097 0.999844 0.982975 1.00306 -0.162574 
1 1 1 1 1 1 1 1 1 1 1 1 1 1 1 1 1 1 1 1 1 1 1 1 1 1 1 1 1 1 1 1 1 1 1 0.999996 1.00005 0.999967 0.999723 1.00254 1.00164 0.979199 -0.00306174 
1 1 1 1 1 1 1 1 1 1 1 1 1 1 1 1 1 1 1 1 1 1 1 1 1 1 1 1 1 1 1 1 1 1 1 1 0.999985 1.00018 0.99991 0.999164 1.00381 1.03071 0.0208013 
1 1 1 1 1 1 1 1 1 1 1 1 1 1 1 1 1 1 1 1 1 1 1 1 1 1 1 1 1 1 1 1 1 1 1 1 1 0.999953 1.00053 0.999723 0.992954 1.00429 -0.030706 
1 1 1 1 1 1 1 1 1 1 1 1 1 1 1 1 1 1 1 1 1 1 1 1 1 1 1 1 1 1 1 1 1 1 1 0.999999 1 1.00001 0.999841 1.00165 1.00005 0.990763 -0.00428971 
1 1 1 1 1 1 1 1 1 1 1 1 1 1 1 1 1 1 1 1 1 1 1 1 1 1 1 1 1 1 1 1 1 1 1 1 0.999995 1 1.00005 0.999481 1.00388 1.01089 0.00923693 
1 1 1 1 1 1 1 1 1 1 1 1 1 1 1 1 1 1 1 1 1 1 1 1 1 1 1 1 1 1 1 1 1 1 1 1 1 0.999986 1 1.00015 0.994465 1.00669 -0.0108924 
1 1 1 1 1 1 1 1 1 1 1 1 1 1 1 1 1 1 1 1 1 1 1 1 1 1 1 1 1 1 1 1 1 1 1 1 1 1 0.999966 0.999989 1.00123 0.992109 -0.00669465 
1 1 1 1 1 1 1 1 1 1 1 1 1 1 1 1 1 1 1 1 1 1 1 1 1 1 1 1 1 1 1 1 1 1 1 1 1 0.999999 1.00001 0.999932 0.999771 1.01379 0.00789134 
1 1 1 1 1 1 1 1 1 1 1 1 1 1 1 1 1 1 1 1 1 1 1 1 1 1 1 1 1 1 1 1 1 1 1 1 1 1 0.999996 1.00012 0.999868 0.997084 -0.0137921 
1 1 1 1 1 1 1 1 1 1 1 1 1 1 1 1 1 1 1 1 1 1 1 1 1 1 1 1 1 1 1 1 1 1 1 1 1 1 1 0.999971 1.00047 1.00344 0.00291639 
1 1 1 1 1 1 1 1 1 1 1 1 1 1 1 1 1 1 1 1 1 1 1 1 1 1 1 1 1 1 1 1 1 1 1 1 1 0.999999 1 1.00001 0.999271 1.00049 -0.00344275 
1 1 1 1 1 1 1 1 1 1 1 1 1 1 1 1 1 1 1 1 1 1 1 1 1 1 1 1 1 1 1 1 1 1 1 1 1 1 0.999998 1 1.00015 0.999029 -0.000487203 
1 1 1 1 1 1 1 1 1 1 1 1 1 1 1 1 1 1 1 1 1 1 1 1 1 1 1 1 1 1 1 1 1 1 1 1 1 1 1 0.999996 0.999971 1.00172 0.000970992 
1 1 1 1 1 1 1 1 1 1 1 1 1 1 1 1 1 1 1 1 1 1 1 1 1 1 1 1 1 1 1 1 1 1 1 1 1 1 1 1.00001 0.999996 0.999623 -0.00172396 
1 1 1 1 1 1 1 1 1 1 1 1 1 1 1 1 1 1 1 1 1 1 1 1 1 1 1 1 1 1 1 1 1 1 1 1 1 1 1 0.999999 1.00002 1.00051 0.000377442 
1 1 1 1 1 1 1 1 1 1 1 1 1 1 1 1 1 1 1 1 1 1 1 1 1 1 1 1 1 1 1 1 1 1 1 1 1 1 1 1 0.999966 0.999952 -0.000505328 
1 1 1 1 1 1 1 1 1 1 1 1 1 1 1 1 1 1 1 1 1 1 1 1 1 1 1 1 1 1 1 1 1 1 1 1 1 1 1 1 1.00002 0.999969 4.7548e-05 
1 1 1 1 1 1 1 1 1 1 1 1 1 1 1 1 1 1 1 1 1 1 1 1 1 1 1 1 1 1 1 1 1 1 1 1 1 1 1 1 0.999995 1.0001 3.08429e-05 
1 1 1 1 1 1 1 1 1 1 1 1 1 1 1 1 1 1 1 1 1 1 1 1 1 1 1 1 1 1 1 1 1 1 1 1 1 1 1 1 1 0.999974 -0.000100355 
1 1 1 1 1 1 1 1 1 1 1 1 1 1 1 1 1 1 1 1 1 1 1 1 1 1 1 1 1 1 1 1 1 1 1 1 1 1 1 1 1 1.00004 2.57553e-05 
1 1 1 1 1 1 1 1 1 1 1 1 1 1 1 1 1 1 1 1 1 1 1 1 1 1 1 1 1 1 1 1 1 1 1 1 1 1 1 1 0.999999 0.999993 -3.77e-05 
1 1 1 1 1 1 1 1 1 1 1 1 1 1 1 1 1 1 1 1 1 1 1 1 1 1 1 1 1 1 1 1 1 1 1 1 1 1 1 1 1 1.00001 6.52156e-06 
1 1 1 1 1 1 1 1 1 1 1 1 1 1 1 1 1 1 1 1 1 1 1 1 1 1 1 1 1 1 1 1 1 1 1 1 1 1 1 1 0.999998 1 -5.3477e-06 
1 1 1 1 1 1 1 1 1 1 1 1 1 1 1 1 1 1 1 1 1 1 1 1 1 1 1 1 1 1 1 1 1 1 1 1 1 1 1 1 1 0.999997 -2.71936e-06 
1 1 1 1 1 1 1 1 1 1 1 1 1 1 1 1 1 1 1 1 1 1 1 1 1 1 1 1 1 1 1 1 1 1 1 1 1 1 1 1 1 1.00001 3.21832e-06 
1 1 1 1 1 1 1 1 1 1 1 1 1 1 1 1 1 1 1 1 1 1 1 1 1 1 1 1 1 1 1 1 1 1 1 1 1 1 1 1 1 0.999999 -5.58191e-06 
1 1 1 1 1 1 1 1 1 1 1 1 1 1 1 1 1 1 1 1 1 1 1 1 1 1 1 1 1 1 1 1 1 1 1 1 1 1 1 1 1 1 1.22468e-06 
1 1 1 1 1 1 1 1 1 1 1 1 1 1 1 1 1 1 1 1 1 1 1 1 1 1 1 1 1 1 1 1 1 1 1 1 1 1 1 1 1 1 -1.75816e-06 
1 1 1 1 1 1 1 1 1 1 1 1 1 1 1 1 1 1 1 1 1 1 1 1 1 1 1 1 1 1 1 1 1 1 1 1 1 1 1 1 1 1 3.56022e-07 
1 1 1 1 1 1 1 1 1 1 1 1 1 1 1 1 1 1 1 1 1 1 1 1 1 1 1 1 1 1 1 1 1 1 1 1 1 1 1 1 1 1 -5.00202e-07 
1 1 1 1 1 1 1 1 1 1 1 1 1 1 1 1 1 1 1 1 1 1 1 1 1 1 1 1 1 1 1 1 1 1 1 1 1 1 1 1 1 1 1.00219e-07 
1 1 1 1 1 1 1 1 1 1 1 1 1 1 1 1 1 1 1 1 1 1 1 1 1 1 1 1 1 1 1 1 1 1 1 1 1 1 1 1 1 1 -1.40378e-07 
1 1 1 1 1 1 1 1 1 1 1 1 1 1 1 1 1 1 1 1 1 1 1 1 1 1 1 1 1 1 1 1 1 1 1 1 1 1 1 1 1 1 2.8083e-08 
