0 0 0 0 0 0 0 0 0 0 0 0 0 0 0 0 0 0 0 0 0 0.5 1 1 1 1 1 1 1 1 1 1 1 1 1 1 1 1 1 1 1 1 1 
0 0 0 0 0 0 0 0 0 0 0 0 0 0 0 0 0 0 0 -0.0409091 0.104752 0.5 0.895248 1.04091 1 1 1 1 1 1 1 1 1 1 1 1 1 1 1 1 1 1 1 
0 0 0 0 0 0 0 0 0 0 0 0 0 0 0 0 0 0.00334711 -0.0210534 -0.0198072 0.130456 0.5 0.869544 1.01981 1.02105 0.996653 1 1 1 1 1 1 1 1 1 1 1 1 1 1 1 1 1 
0 0 0 0 0 0 0 0 0 0 0 0 0 0 0 -0.000273854 0.00273841 -0.00366569 -0.0220142 -0.0131475 0.149055 0.5 0.850945 1.01315 1.02201 1.00367 0.997262 1.00027 1 1 1 1 1 1 1 1 1 1 1 1 1 1 1 
0 0 0 0 0 0 0 0 0 0 0 0 0 2.24063e-05 -0.000307654 0.00104755 0.00144867 -0.00559977 -0.0246601 -0.00549964 0.159338 0.5 0.840662 1.0055 1.02466 1.0056 0.998551 0.998952 1.00031 0.999978 1 1 1 1 1 1 1 1 1 1 1 1 1 
0 0 0 0 0 0 0 0 0 0 0 -1.83324e-06 3.20036e-05 -0.000172394 0.000112074 0.00110813 0.00120563 -0.00814299 -0.0248485 -0.000756932 0.166622 0.5 0.833378 1.00076 1.02485 1.00814 0.998794 0.998892 0.999888 1.00017 0.999968 1 1 1 1 1 1 1 1 1 1 1 1 
0 0 0 0 0 0 0 0 0 1.49992e-07 -3.17755e-06 2.32783e-05 -5.22757e-05 -9.83624e-05 0.00020491 0.00142934 0.000408137 -0.00949371 -0.0251193 0.0030495 0.171543 0.5 0.828457 0.99695 1.02512 1.00949 0.999592 0.998571 0.999795 1.0001 1.00005 0.999977 1 1 1 1 1 1 1 1 1 1 1 
0 0 0 0 0 0 0 -1.22721e-08 3.05723e-07 -2.82569e-06 1.04228e-05 -1.76764e-06 -5.39148e-05 -0.000106833 0.000426053 0.00143943 -9.67904e-05 -0.0106386 -0.0250282 0.00577757 0.175116 0.5 0.824884 0.994222 1.02503 1.01064 1.0001 0.998561 0.999574 1.00011 1.00005 1 0.99999 1 1 1 1 1 1 1 1 1 1 
0 0 0 0 0 1.00408e-09 -2.87561e-08 3.20504e-07 -1.62189e-06 2.54655e-06 6.04101e-06 -4.03111e-06 -8.50968e-05 -4.42588e-05 0.000537381 0.0014737 -0.000601345 -0.0114069 -0.0249472 0.00786328 0.177703 0.5 0.822297 0.992137 1.02495 1.01141 1.0006 0.998526 0.999463 1.00004 1.00009 1 0.999994 0.999997 1 1 1 1 1 1 1 1 1 
0 0 0 -8.2152e-11 2.65898e-09 -3.46717e-08 2.21668e-07 -6.12437e-07 -1.03988e-07 2.32341e-06 8.67086e-06 -2.1047e-05 -8.61199e-05 -6.11868e-06 0.000649612 0.00144153 -0.000983376 -0.0120057 -0.0248286 0.00941933 0.179623 0.5 0.820377 0.990581 1.02483 1.01201 1.00098 0.998558 0.99935 1.00001 1.00009 1.00002 0.999991 0.999998 1 1 1 1 1 1 1 1 1 
0 0 -2.44439e-10 3.6209e-09 -2.78945e-08 1.07729e-07 -1.21716e-07 -3.267e-07 -2.81292e-07 5.0483e-06 4.35334e-06 -2.88228e-05 -9.09666e-05 4.20079e-05 0.00072255 0.00141149 -0.00130574 -0.0124468 -0.0247315 0.0106008 0.181052 0.5 0.818948 0.989399 1.02473 1.01245 1.00131 0.998589 0.999277 0.999958 1.00009 1.00003 0.999996 0.999995 1 1 1 1 1 1 1 1 1 
0 -2.35444e-19 3.40952e-09 -1.62375e-08 3.53986e-08 1.25877e-08 -7.17024e-08 -6.50525e-07 9.55126e-07 5.17135e-06 2.12452e-06 -3.84284e-05 -8.71399e-05 7.98184e-05 0.000782774 0.00137143 -0.00155977 -0.012789 -0.0246486 0.0114921 0.182126 0.5 0.817874 0.988508 1.02465 1.01279 1.00156 0.998629 0.999217 0.99992 1.00009 1.00004 0.999998 0.999995 0.999999 1 1 1 1 1 1 1 1 
2.35444e-19 -8.57741e-18 -7.40447e-09 5.81357e-09 1.43456e-08 4.95598e-08 -2.93254e-07 -3.68759e-07 1.43678e-06 5.81942e-06 -1.74312e-06 -4.43345e-05 -8.33597e-05 0.000114822 0.000826275 0.00133538 -0.00176549 -0.0130521 -0.0245868 0.0121669 0.182934 0.5 0.817066 0.987833 1.02459 1.01305 1.00177 0.998665 0.999174 0.999885 1.00008 1.00004 1 0.999994 0.999999 1 1 1 1 1 1 1 1 
8.57741e-18 -9.31279e-18 -1.02125e-09 -6.87668e-10 4.59247e-08 -3.73446e-08 -3.02693e-07 -2.75659e-07 2.21489e-06 5.53684e-06 -4.80377e-06 -4.95109e-05 -7.75968e-05 0.000143582 0.00086057 0.00130186 -0.00192902 -0.0132586 -0.0245421 0.0126758 0.183544 0.5 0.816456 0.987324 1.02454 1.01326 1.00193 0.998698 0.999139 0.999856 1.00008 1.00005 1 0.999994 0.999998 1 1 1 1 1 1 1 1 
9.31279e-18 -3.19885e-18 -4.22392e-09 1.64366e-08 2.77401e-08 -6.26844e-08 -3.76055e-07 8.13635e-09 2.66539e-06 5.26181e-06 -7.92392e-06 -5.3031e-05 -7.20309e-05 0.00016818 0.000886724 0.00127339 -0.00205987 -0.0134212 -0.0245127 0.0130585 0.184004 0.5 0.815996 0.986941 1.02451 1.01342 1.00206 0.998727 0.999113 0.999832 1.00007 1.00005 1.00001 0.999995 0.999997 1 1 1 1 1 1 1 1 
3.19885e-18 -6.31906e-18 2.11124e-09 1.72857e-08 2.72491e-08 -1.23389e-07 -3.60736e-07 2.27394e-07 3.09582e-06 4.70529e-06 -1.05474e-05 -5.57683e-05 -6.64475e-05 0.000188521 0.000907426 0.00124938 -0.00216392 -0.0135503 -0.0244952 0.0133447 0.18435 0.5 0.81565 0.986655 1.0245 1.01355 1.00216 0.998751 0.999093 0.999811 1.00007 1.00006 1.00001 0.999995 0.999997 1 1 1 1 1 1 1 1 
6.31906e-18 -1.21916e-18 3.92669e-09 2.48609e-08 7.83825e-09 -1.56187e-07 -3.49347e-07 4.78708e-07 3.36912e-06 4.13657e-06 -1.28926e-05 -5.7705e-05 -6.1373e-05 0.000205507 0.000923802 0.00122985 -0.0022467 -0.0136533 -0.0244872 0.0135573 0.18461 0.5 0.81539 0.986443 1.02449 1.01365 1.00225 0.99877 0.999076 0.999794 1.00006 1.00006 1.00001 0.999996 0.999997 1 1 1 1 1 1 1 1 
1.21916e-18 6.36372e-18 8.42313e-09 2.48028e-08 -6.10083e-09 -1.91548e-07 -3.05558e-07 6.92438e-07 3.57908e-06 3.51924e-06 -1.48728e-05 -5.9153e-05 -5.67903e-05 0.000219552 0.00093702 0.00121418 -0.00231232 -0.0137359 -0.0244862 0.0137135 0.184803 0.5 0.815197 0.986286 1.02449 1.01374 1.00231 0.998786 0.999063 0.99978 1.00006 1.00006 1.00001 0.999996 0.999996 0.999999 1 1 1 1 1 1 1 
-6.36372e-18 1.75851e-17 1.06073e-08 2.51876e-08 -2.4833e-08 -2.12728e-07 -2.58646e-07 8.92197e-07 3.70952e-06 2.93055e-06 -1.65694e-05 -6.02049e-05 -5.279e-05 0.000231192 0.000947778 0.0012019 -0.00236424 -0.0138022 -0.0244902 0.013827 0.184947 0.5 0.815053 0.986173 1.02449 1.0138 1.00236 0.998798 0.999052 0.999769 1.00005 1.00006 1.00002 0.999997 0.999996 0.999999 1 1 1 1 1 1 1 
-1.75851e-17 2.96279e-17 1.27822e-08 2.21889e-08 -4.0901e-08 -2.2927e-07 -2.02766e-07 1.0626e-06 3.79452e-06 2.37175e-06 -1.79977e-05 -6.09934e-05 -4.93352e-05 0.000240809 0.000956649 0.00119244 -0.00240517 -0.0138556 -0.0244976 0.013908 0.185051 0.5 0.814949 0.986092 1.0245 1.01386 1.00241 0.998808 0.999043 0.999759 1.00005 1.00006 1.00002 0.999998 0.999996 0.999999 1 1 1 1 1 1 1 
-2.96279e-17 3.87007e-17 1.36295e-08 1.85177e-08 -5.68451e-08 -2.38195e-07 -1.47278e-07 1.21118e-06 3.84031e-06 1.86311e-06 -1.92046e-05 -6.15868e-05 -4.63996e-05 0.000248757 0.000964029 0.00118533 -0.00243731 -0.0138986 -0.0245073 0.0139645 0.185127 0.5 0.814873 0.986035 1.02451 1.0139 1.00244 0.998815 0.999036 0.999751 1.00005 1.00006 1.00002 0.999998 0.999996 0.999999 1 1 1 1 1 1 1 
-3.87007e-17 4.405e-17 1.39328e-08 1.35222e-08 -7.07078e-08 -2.43e-07 -9.22071e-08 1.33681e-06 3.86176e-06 1.40515e-06 -2.02193e-05 -6.20467e-05 -4.39288e-05 0.000255317 0.000970223 0.00118012 -0.00246241 -0.0139333 -0.0245181 0.0140027 0.185181 0.5 0.814819 0.985997 1.02452 1.01393 1.00246 0.99882 0.99903 0.999745 1.00004 1.00006 1.00002 0.999999 0.999996 0.999999 1 1 1 1 1 1 1 
-4.405e-17 4.4864e-17 1.35038e-08 8.17995e-09 -8.31795e-08 -2.43921e-07 -4.05195e-08 1.44351e-06 3.86569e-06 1.00026e-06 -2.10739e-05 -6.24114e-05 -4.18711e-05 0.00026073 0.000975456 0.00117644 -0.00248191 -0.0139612 -0.0245295 0.0140272 0.185218 0.5 0.814782 0.985973 1.02453 1.01396 1.00248 0.998824 0.999025 0.999739 1.00004 1.00006 1.00002 0.999999 0.999996 0.999999 1 1 1 1 1 1 1 
-4.4864e-17 4.22047e-17 1.26745e-08 2.54439e-09 -9.3908e-08 -2.42524e-07 7.39554e-09 1.5332e-06 3.85918e-06 6.45486e-07 -2.17932e-05 -6.27097e-05 -4.01719e-05 0.000265191 0.000979903 0.00117396 -0.00249695 -0.0139837 -0.0245409 0.0140418 0.185242 0.5 0.814758 0.985958 1.02454 1.01398 1.0025 0.998826 0.99902 0.999735 1.00004 1.00006 1.00002 0.999999 0.999996 0.999998 1 1 1 1 1 1 1 
-4.22047e-17 3.7071e-17 1.15119e-08 -3.00169e-09 -1.03196e-07 -2.39433e-07 5.07854e-08 1.6087e-06 3.8464e-06 3.37699e-07 -2.23994e-05 -6.29608e-05 -3.87811e-05 0.000268864 0.000983695 0.00117242 -0.00250844 -0.0140017 -0.0245519 0.0140491 0.185258 0.5 0.814742 0.985951 1.02455 1.014 1.00251 0.998828 0.999016 0.999731 1.00004 1.00006 1.00002 1 0.999996 0.999998 1 1 1 1 1 1 1 
-3.7071e-17 3.07463e-17 1.01819e-08 -8.34825e-09 -1.11108e-07 -2.35423e-07 8.96591e-08 1.6721e-06 3.8307e-06 7.24705e-08 -2.29106e-05 -6.31782e-05 -3.76522e-05 0.000271884 0.00098694 0.0011716 -0.00251713 -0.0140161 -0.0245623 0.0140513 0.185267 0.5 0.814733 0.985949 1.02456 1.01402 1.00252 0.998828 0.999013 0.999728 1.00004 1.00006 1.00002 1 0.999996 0.999998 1 1 1 1 1 1 1 
-3.07463e-17 2.41783e-17 8.76513e-09 -1.33512e-08 -1.17852e-07 -2.30931e-07 1.24065e-07 1.72542e-06 3.81413e-06 -1.54609e-07 -2.33424e-05 -6.33706e-05 -3.67442e-05 0.000274363 0.000989721 0.00117132 -0.00252362 -0.0140276 -0.024572 0.01405 0.185271 0.5 0.814729 0.98595 1.02457 1.01403 1.00252 0.998829 0.99901 0.999726 1.00004 1.00006 1.00002 1 0.999996 0.999998 1 1 1 1 1 1 1 
-2.41783e-17 1.80711e-17 7.3447e-09 -1.79593e-08 -1.23569e-07 -2.26329e-07 1.54281e-07 1.77031e-06 3.7981e-06 -3.48008e-07 -2.37075e-05 -6.3544e-05 -3.60207e-05 0.000276393 0.000992107 0.00117143 -0.00252837 -0.0140367 -0.0245808 0.0140464 0.185271 0.5 0.814729 0.985954 1.02458 1.01404 1.00253 0.998829 0.999008 0.999724 1.00004 1.00006 1.00002 1 0.999996 0.999998 1 1 1 1 1 1 1 
-1.80711e-17 1.28138e-17 5.9686e-09 -2.21362e-08 -1.28417e-07 -2.21842e-07 1.80625e-07 1.8082e-06 3.78344e-06 -5.11913e-07 -2.40164e-05 -6.37022e-05 -3.54504e-05 0.000278051 0.000994153 0.00117182 -0.00253178 -0.0140438 -0.0245887 0.0140413 0.18527 0.5 0.81473 0.985959 1.02459 1.01404 1.00253 0.998828 0.999006 0.999722 1.00004 1.00006 1.00002 1 0.999996 0.999998 1 1 1 1 1 1 1 
-1.28138e-17 8.57336e-18 4.67303e-09 -2.58811e-08 -1.32526e-07 -2.17625e-07 2.03466e-07 1.84025e-06 3.77059e-06 -6.50206e-07 -2.4278e-05 -6.38477e-05 -3.50063e-05 0.000279402 0.000995908 0.00117239 -0.00253415 -0.0140495 -0.0245957 0.0140354 0.185267 0.5 0.814733 0.985965 1.0246 1.01405 1.00253 0.998828 0.999004 0.999721 1.00004 1.00006 1.00002 1 0.999996 0.999998 1 1 1 1 1 1 1 
-8.57336e-18 5.35094e-18 3.47736e-09 -2.9206e-08 -1.36012e-07 -2.13764e-07 2.23174e-07 1.86744e-06 3.75973e-06 -7.66391e-07 -2.44996e-05 -6.3982e-05 -3.46655e-05 0.000280499 0.000997411 0.00117309 -0.00253572 -0.0140538 -0.0246019 0.0140293 0.185263 0.5 0.814737 0.985971 1.0246 1.01405 1.00254 0.998827 0.999003 0.99972 1.00003 1.00006 1.00002 1 0.999996 0.999998 1 1 1 1 1 1 1 
-5.35094e-18 3.05169e-18 2.39185e-09 -3.21361e-08 -1.38974e-07 -2.10303e-07 2.40112e-07 1.89057e-06 3.75087e-06 -8.636e-07 -2.46875e-05 -6.41063e-05 -3.44085e-05 0.000281387 0.000998695 0.00117385 -0.00253669 -0.0140572 -0.0246073 0.0140231 0.185258 0.5 0.814742 0.985977 1.02461 1.01406 1.00254 0.998826 0.999001 0.999719 1.00003 1.00006 1.00002 1 0.999996 0.999998 1 1 1 1 1 1 1 
-3.05169e-18 1.53247e-18 1.41872e-09 -3.4702e-08 -1.41498e-07 -2.07253e-07 2.54618e-07 1.91031e-06 3.74391e-06 -9.44595e-07 -2.48468e-05 -6.42211e-05 -3.42191e-05 0.000282101 0.000999791 0.00117463 -0.00253721 -0.0140597 -0.024612 0.0140171 0.185254 0.5 0.814746 0.985983 1.02461 1.01406 1.00254 0.998825 0.999 0.999718 1.00003 1.00006 1.00002 1 0.999996 0.999998 1 1 1 1 1 1 1 
-1.53247e-18 6.37008e-19 5.55407e-10 -3.69378e-08 -1.43652e-07 -2.04603e-07 2.67004e-07 1.9272e-06 3.73866e-06 -1.0118e-06 -2.49818e-05 -6.4327e-05 -3.40837e-05 0.000282673 0.00100072 0.00117541 -0.00253739 -0.0140616 -0.024616 0.0140115 0.185249 0.5 0.814751 0.985988 1.02462 1.01406 1.00254 0.998825 0.998999 0.999717 1.00003 1.00006 1.00002 1 0.999996 0.999998 1 1 1 1 1 1 1 
-6.37008e-19 2.16573e-19 -2.04071e-10 -3.8878e-08 -1.45498e-07 -2.0233e-07 2.77551e-07 1.94169e-06 3.73494e-06 -1.06731e-06 -2.50962e-05 -6.44244e-05 -3.39909e-05 0.000283128 0.00100151 0.00117617 -0.00253734 -0.014063 -0.0246195 0.0140064 0.185245 0.5 0.814755 0.985994 1.02462 1.01406 1.00254 0.998824 0.998998 0.999717 1.00003 1.00006 1.00003 1 0.999996 0.999998 1 1 1 1 1 1 1 
-2.16573e-19 1.41047e-19 -8.67537e-10 -4.0556e-08 -1.47084e-07 -2.00404e-07 2.8651e-07 1.95414e-06 3.73253e-06 -1.11295e-06 -2.51929e-05 -6.45136e-05 -3.39316e-05 0.000283487 0.00100218 0.00117688 -0.00253713 -0.014064 -0.0246224 0.0140018 0.185241 0.5 0.814759 0.985998 1.02462 1.01406 1.00254 0.998823 0.998998 0.999717 1.00003 1.00006 1.00003 1 0.999996 0.999998 1 1 1 1 1 1 1 
-1.41047e-19 3.03082e-19 -1.44378e-09 -4.20035e-08 -1.48451e-07 -1.98791e-07 2.94102e-07 1.96488e-06 3.73121e-06 -1.15028e-06 -2.52748e-05 -6.45949e-05 -3.38981e-05 0.000283769 0.00100275 0.00117754 -0.00253681 -0.0140647 -0.0246248 0.0139976 0.185237 0.5 0.814763 0.986002 1.02462 1.01406 1.00254 0.998822 0.998997 0.999716 1.00003 1.00006 1.00003 1 0.999996 0.999998 1 1 1 1 1 1 1 
-3.03082e-19 6.18134e-19 -1.94185e-09 -4.32496e-08 -1.49634e-07 -1.97455e-07 3.00521e-07 1.97414e-06 3.73079e-06 -1.18066e-06 -2.53439e-05 -6.46688e-05 -3.38841e-05 0.000283987 0.00100322 0.00117815 -0.00253642 -0.0140652 -0.0246268 0.013994 0.185234 0.5 0.814766 0.986006 1.02463 1.01407 1.00254 0.998822 0.998997 0.999716 1.00003 1.00006 1.00003 1 0.999996 0.999998 1 1 1 1 1 1 1 
-6.18134e-19 1.02223e-18 -2.3706e-09 -4.43204e-08 -1.50661e-07 -1.96361e-07 3.05937e-07 1.98215e-06 3.7311e-06 -1.20522e-06 -2.54021e-05 -6.47355e-05 -3.38848e-05 0.000284154 0.00100361 0.0011787 -0.002536 -0.0140654 -0.0246285 0.0139908 0.185231 0.5 0.814769 0.986009 1.02463 1.01407 1.00254 0.998821 0.998996 0.999716 1.00003 1.00006 1.00003 1 0.999996 0.999998 1 1 1 1 1 1 1 
-1.02223e-18 1.46878e-18 -2.73841e-09 -4.52396e-08 -1.51554e-07 -1.95477e-07 3.10495e-07 1.98908e-06 3.73196e-06 -1.22494e-06 -2.54511e-05 -6.47956e-05 -3.38961e-05 0.00028428 0.00100394 0.0011792 -0.00253556 -0.0140656 -0.0246298 0.013988 0.185228 0.5 0.814772 0.986012 1.02463 1.01407 1.00254 0.998821 0.998996 0.999716 1.00003 1.00006 1.00003 1 0.999996 0.999998 1 1 1 1 1 1 1 
-1.46878e-18 1.92518e-18 -3.05304e-09 -4.60279e-08 -1.52335e-07 -1.94774e-07 3.14323e-07 1.99507e-06 3.73325e-06 -1.24066e-06 -2.54923e-05 -6.48495e-05 -3.39147e-05 0.000284373 0.00100421 0.00117964 -0.00253513 -0.0140656 -0.0246309 0.0139857 0.185226 0.5 0.814774 0.986014 1.02463 1.01407 1.00254 0.99882 0.998996 0.999716 1.00003 1.00006 1.00003 1 0.999996 0.999998 1 1 1 1 1 1 1 
-1.92518e-18 2.36967e-18 -3.3215e-09 -4.67035e-08 -1.53019e-07 -1.94223e-07 3.1753e-07 2.00027e-06 3.73485e-06 -1.25307e-06 -2.55267e-05 -6.48975e-05 -3.39383e-05 0.00028444 0.00100444 0.00118002 -0.00253472 -0.0140655 -0.0246318 0.0139837 0.185224 0.5 0.814776 0.986016 1.02463 1.01407 1.00253 0.99882 0.998996 0.999716 1.00003 1.00006 1.00003 1 0.999996 0.999998 1 1 1 1 1 1 1 
-2.36967e-18 2.78862e-18 -3.55011e-09 -4.72823e-08 -1.5362e-07 -1.93801e-07 3.2021e-07 2.00477e-06 3.73665e-06 -1.26276e-06 -2.55555e-05 -6.49401e-05 -3.39648e-05 0.000284486 0.00100462 0.00118036 -0.00253434 -0.0140654 -0.0246325 0.013982 0.185222 0.5 0.814778 0.986018 1.02463 1.01407 1.00253 0.99882 0.998995 0.999716 1.00003 1.00006 1.00003 1 0.999996 0.999998 1 1 1 1 1 1 1 
-2.78862e-18 3.17431e-18 -3.74441e-09 -4.77781e-08 -1.54149e-07 -1.93486e-07 3.22442e-07 2.00867e-06 3.73857e-06 -1.27023e-06 -2.55794e-05 -6.49778e-05 -3.39928e-05 0.000284516 0.00100477 0.00118066 -0.00253398 -0.0140653 -0.024633 0.0139806 0.185221 0.5 0.814779 0.986019 1.02463 1.01407 1.00253 0.998819 0.998995 0.999715 1.00003 1.00006 1.00003 1 0.999996 0.999998 1 1 1 1 1 1 1 
-3.17431e-18 3.52317e-18 -3.90931e-09 -4.82027e-08 -1.54616e-07 -1.9326e-07 3.24295e-07 2.01204e-06 3.74055e-06 -1.27589e-06 -2.55993e-05 -6.5011e-05 -3.4021e-05 0.000284534 0.00100489 0.00118091 -0.00253366 -0.0140651 -0.0246335 0.0139795 0.18522 0.5 0.81478 0.986021 1.02463 1.01407 1.00253 0.998819 0.998995 0.999715 1.00003 1.00007 1.00003 1 0.999996 0.999998 1 1 1 1 1 1 1 
-3.52317e-18 3.83446e-18 -4.04907e-09 -4.85664e-08 -1.55028e-07 -1.93106e-07 3.25829e-07 2.01495e-06 3.74254e-06 -1.2801e-06 -2.56157e-05 -6.504e-05 -3.40488e-05 0.000284543 0.00100498 0.00118113 -0.00253336 -0.014065 -0.0246338 0.0139786 0.185219 0.5 0.814781 0.986021 1.02463 1.01406 1.00253 0.998819 0.998995 0.999715 1.00003 1.00007 1.00003 1 0.999996 0.999998 1 1 1 1 1 1 1 
-3.83446e-18 4.10926e-18 -4.16738e-09 -4.8878e-08 -1.55394e-07 -1.93011e-07 3.27093e-07 2.01747e-06 3.74448e-06 -1.28314e-06 -2.56292e-05 -6.50654e-05 -3.40755e-05 0.000284544 0.00100506 0.00118131 -0.0025331 -0.0140648 -0.024634 0.0139778 0.185218 0.5 0.814782 0.986022 1.02463 1.01406 1.00253 0.998819 0.998995 0.999715 1.00003 1.00007 1.00003 1 0.999996 0.999998 1 1 1 1 1 1 1 
-4.10926e-18 4.34979e-18 -4.26743e-09 -4.9145e-08 -1.55718e-07 -1.92963e-07 3.2813e-07 2.01964e-06 3.74637e-06 -1.28525e-06 -2.56402e-05 -6.50874e-05 -3.41007e-05 0.00028454 0.00100512 0.00118147 -0.00253287 -0.0140647 -0.0246342 0.0139772 0.185218 0.5 0.814782 0.986023 1.02463 1.01406 1.00253 0.998819 0.998995 0.999715 1.00003 1.00007 1.00003 1 0.999996 0.999998 1 1 1 1 1 1 1 
-4.34979e-18 4.55886e-18 -4.35195e-09 -4.93738e-08 -1.56005e-07 -1.92953e-07 3.28976e-07 2.02151e-06 3.74816e-06 -1.28663e-06 -2.56492e-05 -6.51064e-05 -3.41241e-05 0.000284533 0.00100516 0.0011816 -0.00253267 -0.0140645 -0.0246343 0.0139767 0.185217 0.5 0.814783 0.986023 1.02463 1.01406 1.00253 0.998818 0.998995 0.999715 1.00003 1.00007 1.00003 1 0.999996 0.999998 1 1 1 1 1 1 1 
-4.55886e-18 4.73954e-18 -4.4233e-09 -4.95699e-08 -1.5626e-07 -1.92971e-07 3.29663e-07 2.02311e-06 3.74984e-06 -1.28745e-06 -2.56564e-05 -6.51228e-05 -3.41457e-05 0.000284524 0.0010052 0.00118171 -0.0025325 -0.0140644 -0.0246344 0.0139763 0.185217 0.5 0.814783 0.986024 1.02463 1.01406 1.00253 0.998818 0.998995 0.999715 1.00003 1.00007 1.00003 1 0.999996 0.999998 1 1 1 1 1 1 1 
-4.73954e-18 4.89495e-18 -4.48346e-09 -4.9738e-08 -1.56487e-07 -1.93011e-07 3.30217e-07 2.02449e-06 3.75141e-06 -1.28782e-06 -2.56622e-05 -6.51368e-05 -3.41653e-05 0.000284512 0.00100522 0.0011818 -0.00253235 -0.0140642 -0.0246344 0.013976 0.185216 0.5 0.814784 0.986024 1.02463 1.01406 1.00253 0.998818 0.998995 0.999715 1.00003 1.00007 1.00003 1 0.999996 0.999998 1 1 1 1 1 1 1 
-4.89495e-18 5.02808e-18 -4.53417e-09 -4.98822e-08 -1.56688e-07 -1.93067e-07 3.30659e-07 2.02566e-06 3.75286e-06 -1.28787e-06 -2.56668e-05 -6.51488e-05 -3.4183e-05 0.0002845 0.00100524 0.00118187 -0.00253222 -0.0140641 -0.0246344 0.0139758 0.185216 0.5 0.814784 0.986024 1.02463 1.01406 1.00253 0.998818 0.998995 0.999715 1.00003 1.00007 1.00003 1 0.999996 0.999998 1 1 1 1 1 1 1 
-5.02808e-18 5.14173e-18 -4.57685e-09 -5.00058e-08 -1.56867e-07 -1.93134e-07 3.31009e-07 2.02666e-06 3.75418e-06 -1.28768e-06 -2.56705e-05 -6.51589e-05 -3.41989e-05 0.000284488 0.00100525 0.00118193 -0.00253211 -0.014064 -0.0246344 0.0139757 0.185216 0.5 0.814784 0.986024 1.02463 1.01406 1.00253 0.998818 0.998995 0.999716 1.00003 1.00007 1.00003 1 0.999996 0.999998 1 1 1 1 1 1 1 
-5.14173e-18 5.23847e-18 -4.61277e-09 -5.01118e-08 -1.57026e-07 -1.93209e-07 3.31283e-07 2.02751e-06 3.75539e-06 -1.28731e-06 -2.56733e-05 -6.51675e-05 -3.42129e-05 0.000284476 0.00100526 0.00118198 -0.00253202 -0.0140639 -0.0246344 0.0139756 0.185216 0.5 0.814784 0.986024 1.02463 1.01406 1.00253 0.998818 0.998995 0.999716 1.00003 1.00007 1.00003 1 0.999996 0.999998 1 1 1 1 1 1 1 
-5.23847e-18 5.32059e-18 -4.64295e-09 -5.02027e-08 -1.57167e-07 -1.93289e-07 3.31494e-07 2.02823e-06 3.75647e-06 -1.28683e-06 -2.56755e-05 -6.51747e-05 -3.42253e-05 0.000284465 0.00100526 0.00118202 -0.00253194 -0.0140638 -0.0246344 0.0139755 0.185216 0.5 0.814784 0.986024 1.02463 1.01406 1.00253 0.998818 0.998995 0.999716 1.00003 1.00007 1.00003 1 0.999996 0.999998 1 1 1 1 1 1 1 
-5.32059e-18 5.39014e-18 -4.6683e-09 -5.02806e-08 -1.57292e-07 -1.9337e-07 3.31653e-07 2.02883e-06 3.75745e-06 -1.28628e-06 -2.56771e-05 -6.51807e-05 -3.42362e-05 0.000284454 0.00100527 0.00118205 -0.00253188 -0.0140638 -0.0246343 0.0139755 0.185216 0.5 0.814784 0.986025 1.02463 1.01406 1.00253 0.998818 0.998995 0.999716 1.00003 1.00007 1.00003 1 0.999996 0.999998 1 1 1 1 1 1 1 
-5.39014e-18 5.4489e-18 -4.68956e-09 -5.03474e-08 -1.57403e-07 -1.93452e-07 3.31771e-07 2.02934e-06 3.75832e-06 -1.28568e-06 -2.56783e-05 -6.51857e-05 -3.42457e-05 0.000284444 0.00100526 0.00118207 -0.00253183 -0.0140637 -0.0246343 0.0139754 0.185215 0.5 0.814785 0.986025 1.02463 1.01406 1.00253 0.998818 0.998995 0.999716 1.00003 1.00007 1.00003 1 0.999996 0.999998 1 1 1 1 1 1 1 
