1 1 0.95 0.9 0.85 0.8 0.75 0.7 0.65 0.6 0.55 0.5 0.45 0.4 0.35 0.3 0.25 0.2 0.15 0.1 0.05 0 -0.05 -0.1 -0.15 -0.2 -0.25 -0.3 -0.35 -0.4 -0.45 -0.5 -0.55 -0.6 -0.65 -0.7 -0.75 -0.8 -0.85 -0.9 -0.95 -1 -1 
1 1 1.00775 0.936 0.884 0.832 0.78 0.728 0.676 0.624 0.572 0.52 0.468 0.416 0.364 0.312 0.26 0.208 0.156 0.104 0.052 -1.60462e-18 -0.052 -0.104 -0.156 -0.208 -0.26 -0.312 -0.364 -0.416 -0.468 -0.52 -0.572 -0.624 -0.676 -0.728 -0.78 -0.832 -0.884 -0.936 -1.00775 -1 -1 
1 1 0.998836 1.0156 0.91804 0.866345 0.812198 0.758052 0.703905 0.649759 0.595612 0.541466 0.487319 0.433173 0.379026 0.324879 0.270733 0.216586 0.16244 0.108293 0.0541466 -3.23993e-18 -0.0541466 -0.108293 -0.16244 -0.216586 -0.270733 -0.324879 -0.379026 -0.433173 -0.487319 -0.541466 -0.595612 -0.649759 -0.703905 -0.758052 -0.812198 -0.866345 -0.91804 -1.0156 -0.998836 -1 -1 
1 1 1.00018 0.996464 1.0197 0.898487 0.847265 0.790384 0.733928 0.677472 0.621016 0.56456 0.508104 0.451648 0.395192 0.338736 0.28228 0.225824 0.169368 0.112912 0.056456 -4.90531e-18 -0.056456 -0.112912 -0.169368 -0.225824 -0.28228 -0.338736 -0.395192 -0.451648 -0.508104 -0.56456 -0.621016 -0.677472 -0.733928 -0.790384 -0.847265 -0.898487 -1.0197 -0.996464 -1.00018 -1 -1 
1 1 0.999972 1.00063 0.992856 1.01839 0.878509 0.826596 0.766373 0.707479 0.648522 0.589566 0.530609 0.471653 0.412696 0.35374 0.294783 0.235826 0.17687 0.117913 0.0589566 -6.73411e-18 -0.0589566 -0.117913 -0.17687 -0.235826 -0.294783 -0.35374 -0.412696 -0.471653 -0.530609 -0.589566 -0.648522 -0.707479 -0.766373 -0.826596 -0.878509 -1.01839 -0.992856 -1.00063 -0.999972 -1 -1 
1 1 1 0.999868 1.0011 0.988172 1.01205 0.857863 0.803926 0.74003 0.678566 0.616871 0.555184 0.493497 0.43181 0.370122 0.308435 0.246748 0.185061 0.123374 0.0616871 -8.60785e-18 -0.0616871 -0.123374 -0.185061 -0.246748 -0.308435 -0.370122 -0.43181 -0.493497 -0.555184 -0.616871 -0.678566 -0.74003 -0.803926 -0.857863 -1.01205 -0.988172 -1.0011 -0.999868 -1 -1 -1 
1 1 0.999999 1.00002 0.999641 1.00056 0.983463 1.00132 0.835895 0.778832 0.711237 0.646984 0.582255 0.517561 0.452865 0.38817 0.323475 0.25878 0.194085 0.12939 0.0646951 -1.07076e-17 -0.0646951 -0.12939 -0.194085 -0.25878 -0.323475 -0.38817 -0.452865 -0.517561 -0.582255 -0.646984 -0.711237 -0.778832 -0.835895 -1.00132 -0.983463 -1.00056 -0.999641 -1.00002 -0.999999 -1 -1 
1 1 1 0.999995 1.00003 0.999403 0.99751 0.980691 0.986055 0.811947 0.751006 0.679824 0.612421 0.544308 0.476273 0.408234 0.340195 0.272156 0.204117 0.136078 0.068039 -1.29598e-17 -0.068039 -0.136078 -0.204117 -0.272156 -0.340195 -0.408234 -0.476273 -0.544308 -0.612421 -0.679824 -0.751006 -0.811947 -0.986055 -0.980691 -0.99751 -0.999403 -1.00003 -0.999995 -1 -1 -1 
1 1 1 1 0.999986 1.00022 0.999549 0.991868 0.981086 0.962479 0.785019 0.719716 0.645063 0.574042 0.502187 0.430455 0.358712 0.286969 0.215227 0.143485 0.0717424 -1.57352e-17 -0.0717424 -0.143485 -0.215227 -0.286969 -0.358712 -0.430455 -0.502187 -0.574042 -0.645063 -0.719716 -0.785019 -0.962479 -0.981086 -0.991868 -0.999549 -1.00022 -0.999986 -1 -1 -1 -1 
1 1 1 1 1 0.999973 1.00043 1.00115 0.991125 0.979741 0.925332 0.754413 0.684564 0.606318 0.531128 0.455141 0.379296 0.303436 0.227577 0.151718 0.075859 -1.89437e-17 -0.075859 -0.151718 -0.227577 -0.303436 -0.379296 -0.455141 -0.531128 -0.606318 -0.684564 -0.754413 -0.925332 -0.979741 -0.991125 -1.00115 -1.00043 -0.999973 -1 -1 -1 -1 -1 
1 1 1 1 0.999999 1.00001 0.99984 1.00053 1.00356 0.989658 0.985255 0.87017 0.719601 0.645075 0.562784 0.482844 0.402273 0.321831 0.241372 0.160915 0.0804574 -2.24959e-17 -0.0804574 -0.160915 -0.241372 -0.321831 -0.402273 -0.482844 -0.562784 -0.645075 -0.719601 -0.87017 -0.985255 -0.989658 -1.00356 -1.00053 -0.99984 -1.00001 -0.999999 -1 -1 -1 -1 
1 1 1 1 1 0.999997 1.00003 0.999611 1.00055 1.00368 0.988435 0.996306 0.797062 0.680198 0.60048 0.513431 0.428157 0.34246 0.256854 0.171235 0.0856177 -2.7163e-17 -0.0856177 -0.171235 -0.256854 -0.34246 -0.428157 -0.513431 -0.60048 -0.680198 -0.797062 -0.996306 -0.988435 -1.00368 -1.00055 -0.999611 -1.00003 -0.999997 -1 -1 -1 -1 -1 
1 1 1 1 1 1 0.999991 1.00003 0.999277 1.00068 1.00031 0.988263 0.984392 0.731049 0.636384 0.549771 0.457128 0.365879 0.274375 0.182922 0.0914605 -3.35579e-17 -0.0914605 -0.182922 -0.274375 -0.365879 -0.457128 -0.549771 -0.636384 -0.731049 -0.984392 -0.988263 -1.00031 -1.00068 -0.999277 -1.00003 -0.999991 -1 -1 -1 -1 -1 -1 
1 1 1 1 1 1 1 0.99998 1 0.999551 1.00065 0.99952 0.98716 0.935268 0.678237 0.58754 0.491517 0.392473 0.294461 0.196294 0.0981483 -4.13589e-17 -0.0981483 -0.196294 -0.294461 -0.392473 -0.491517 -0.58754 -0.678237 -0.935268 -0.98716 -0.99952 -1.00065 -0.999551 -1 -0.99998 -1 -1 -1 -1 -1 -1 -1 
1 1 1 1 1 1 0.999999 0.999999 0.999976 1.00001 0.999674 1.00092 1.00218 0.991497 0.850365 0.62606 0.530117 0.423755 0.317472 0.211706 0.105849 -5.1067e-17 -0.105849 -0.211706 -0.317472 -0.423755 -0.530117 -0.62606 -0.850365 -0.991497 -1.00218 -1.00092 -0.999674 -1.00001 -0.999976 -0.999999 -0.999999 -1 -1 -1 -1 -1 -1 
1 1 1 1 1 1 1 0.999999 0.999996 0.999968 1.00005 0.999333 1.00123 1.00495 1.00281 0.732637 0.567073 0.460824 0.344373 0.229556 0.114796 -6.21451e-17 -0.114796 -0.229556 -0.344373 -0.460824 -0.567073 -0.732637 -1.00281 -1.00495 -1.00123 -0.999333 -1.00005 -0.999968 -0.999996 -0.999999 -1 -1 -1 -1 -1 -1 -1 
1 1 1 1 1 1 1 1 0.999999 0.999996 0.999949 1.00009 0.998656 1.00316 1.00511 0.971258 0.626233 0.497042 0.377098 0.250444 0.125282 -7.50915e-17 -0.125282 -0.250444 -0.377098 -0.497042 -0.626233 -0.971258 -1.00511 -1.00316 -0.998656 -1.00009 -0.999949 -0.999996 -0.999999 -1 -1 -1 -1 -1 -1 -1 -1 
1 1 1 1 1 1 1 1 1 1 0.999996 0.999917 1.0002 0.998284 1.00376 1.0127 0.867887 0.541432 0.412756 0.276078 0.137709 -9.16603e-17 -0.137709 -0.276078 -0.412756 -0.541432 -0.867887 -1.0127 -1.00376 -0.998284 -1.0002 -0.999917 -0.999996 -1 -1 -1 -1 -1 -1 -1 -1 -1 -1 
1 1 1 1 1 1 1 1 1 1 1 0.999998 0.999863 1.00032 0.996442 1.00478 1.03568 0.697112 0.450286 0.306533 0.152823 -1.11873e-16 -0.152823 -0.306533 -0.450286 -0.697112 -1.03568 -1.00478 -0.996442 -1.00032 -0.999863 -0.999998 -1 -1 -1 -1 -1 -1 -1 -1 -1 -1 -1 
1 1 1 1 1 1 1 1 1 1 1 1 1 0.999779 1.00024 0.993842 1.00395 1.00244 0.518892 0.33724 0.171428 -1.38338e-16 -0.171428 -0.33724 -0.518892 -1.00244 -1.00395 -0.993842 -1.00024 -0.999779 -1 -1 -1 -1 -1 -1 -1 -1 -1 -1 -1 -1 -1 
1 1 1 1 1 1 1 1 1 1 1 1 1 0.999994 0.999665 0.999763 0.995745 1.00375 0.851876 0.378971 0.193449 -1.73241e-16 -0.193449 -0.378971 -0.851876 -1.00375 -0.995745 -0.999763 -0.999665 -0.999994 -1 -1 -1 -1 -1 -1 -1 -1 -1 -1 -1 -1 -1 
1 1 1 1 1 1 1 1 1 1 1 1 1 1 0.9999 0.999672 0.999612 0.993707 1.02566 0.581294 0.217979 -2.35458e-16 -0.217979 -0.581294 -1.02566 -0.993707 -0.999612 -0.999672 -0.9999 -1 -1 -1 -1 -1 -1 -1 -1 -1 -1 -1 -1 -1 -1 
1 1 1 1 1 1 1 1 1 1 1 1 1 1 1.00002 0.99983 0.999655 1.00008 0.986807 0.946121 0.272164 -2.76726e-16 -0.272164 -0.946121 -0.986807 -1.00008 -0.999655 -0.99983 -1.00002 -1 -1 -1 -1 -1 -1 -1 -1 -1 -1 -1 -1 -1 -1 
1 1 1 1 1 1 1 1 1 1 1 1 0.999999 1 0.999999 1.00007 0.999756 0.999541 1.00377 0.987405 0.609455 -3.53048e-16 -0.609455 -0.987405 -1.00377 -0.999541 -0.999756 -1.00007 -0.999999 -1 -0.999999 -1 -1 -1 -1 -1 -1 -1 -1 -1 -1 -1 -1 
1 1 1 1 1 1 1 1 1 1 1 1 1 1 1 0.999992 1.00012 0.999696 0.999136 1.00824 0.93121 -7.96271e-15 -0.93121 -1.00824 -0.999136 -0.999696 -1.00012 -0.999992 -1 -1 -1 -1 -1 -1 -1 -1 -1 -1 -1 -1 -1 -1 -1 
1 1 1 1 1 1 1 1 1 1 1 1 1 1 0.999999 1 0.999982 1.00025 0.999599 0.997609 1.02358 -1.02531e-14 -1.02358 -0.997609 -0.999599 -1.00025 -0.999982 -1 -0.999999 -1 -1 -1 -1 -1 -1 -1 -1 -1 -1 -1 -1 -1 -1 
1 1 1 1 1 1 1 1 1 1 1 1 1 1 1 0.999999 1.00001 0.999981 1.00047 0.999566 0.992176 5.71297e-15 -0.992176 -0.999566 -1.00047 -0.999981 -1.00001 -0.999999 -1 -1 -1 -1 -1 -1 -1 -1 -1 -1 -1 -1 -1 -1 -1 
1 1 1 1 1 1 1 1 1 1 1 1 1 1 1 1 0.999998 1.00002 0.999999 1.00076 1.00061 2.91653e-15 -1.00061 -1.00076 -0.999999 -1.00002 -0.999998 -1 -1 -1 -1 -1 -1 -1 -1 -1 -1 -1 -1 -1 -1 -1 -1 
1 1 1 1 1 1 1 1 1 1 1 1 1 1 1 1 1 1 1.00002 1.00019 1.00074 -2.40849e-15 -1.00074 -1.00019 -1.00002 -1 -1 -1 -1 -1 -1 -1 -1 -1 -1 -1 -1 -1 -1 -1 -1 -1 -1 
1 1 1 1 1 1 1 1 1 1 1 1 1 1 1 1 1 1 0.999996 0.999979 1.00016 -1.69848e-15 -1.00016 -0.999979 -0.999996 -1 -1 -1 -1 -1 -1 -1 -1 -1 -1 -1 -1 -1 -1 -1 -1 -1 -1 
1 1 1 1 1 1 1 1 1 1 1 1 1 1 1 1 1 1 1 0.999997 0.999935 -7.02667e-15 -0.999935 -0.999997 -1 -1 -1 -1 -1 -1 -1 -1 -1 -1 -1 -1 -1 -1 -1 -1 -1 -1 -1 
1 1 1 1 1 1 1 1 1 1 1 1 1 1 1 1 1 1 1 1 1.00001 7.00461e-16 -1.00001 -1 -1 -1 -1 -1 -1 -1 -1 -1 -1 -1 -1 -1 -1 -1 -1 -1 -1 -1 -1 
1 1 1 1 1 1 1 1 1 1 1 1 1 1 1 1 1 1 1 1 1.00001 -5.69438e-15 -1.00001 -1 -1 -1 -1 -1 -1 -1 -1 -1 -1 -1 -1 -1 -1 -1 -1 -1 -1 -1 -1 
1 1 1 1 1 1 1 1 1 1 1 1 1 1 1 1 1 1 1 1 0.999999 -6.93782e-15 -0.999999 -1 -1 -1 -1 -1 -1 -1 -1 -1 -1 -1 -1 -1 -1 -1 -1 -1 -1 -1 -1 
1 1 1 1 1 1 1 1 1 1 1 1 1 1 1 1 1 1 1 1 1 9.66965e-16 -1 -1 -1 -1 -1 -1 -1 -1 -1 -1 -1 -1 -1 -1 -1 -1 -1 -1 -1 -1 -1 
1 1 1 1 1 1 1 1 1 1 1 1 1 1 1 1 1 1 1 1 1 -2.58575e-15 -1 -1 -1 -1 -1 -1 -1 -1 -1 -1 -1 -1 -1 -1 -1 -1 -1 -1 -1 -1 -1 
1 1 1 1 1 1 1 1 1 1 1 1 1 1 1 1 1 1 1 1 1 -1.16466e-15 -1 -1 -1 -1 -1 -1 -1 -1 -1 -1 -1 -1 -1 -1 -1 -1 -1 -1 -1 -1 -1 
1 1 1 1 1 1 1 1 1 1 1 1 1 1 1 1 1 1 1 1 1 -2.23048e-15 -1 -1 -1 -1 -1 -1 -1 -1 -1 -1 -1 -1 -1 -1 -1 -1 -1 -1 -1 -1 -1 
1 1 1 1 1 1 1 1 1 1 1 1 1 1 1 1 1 1 1 1 1 -1.3423e-15 -1 -1 -1 -1 -1 -1 -1 -1 -1 -1 -1 -1 -1 -1 -1 -1 -1 -1 -1 -1 -1 
