0 0 0 0 0 0 0 0 0 0 0 0 0 0 0 0 0 0 0 0 0 0.5 1 1 1 1 1 1 1 1 1 1 1 1 1 1 1 1 1 1 1 1 1 
0 -7.41777e-19 5.96401e-18 -4.86993e-17 3.97562e-16 -3.24556e-15 2.64955e-14 -2.163e-13 1.7658e-12 -1.44153e-11 1.17681e-10 -9.60709e-10 7.84288e-09 -6.40264e-08 5.22689e-07 -4.26704e-06 3.48346e-05 -0.000284377 0.00232155 -0.0189523 0.00411737 0.5 0.995883 1.01895 0.997678 1.00028 0.999965 1 0.999999 1 1 1 1 1 1 1 1 1 1 1 1 1 1 
7.41777e-19 3.25939e-17 -2.67271e-16 2.03934e-15 -1.55052e-14 1.17244e-13 -8.80924e-13 6.56939e-12 -4.85511e-11 3.5489e-10 -2.5587e-09 1.8125e-08 -1.25407e-07 8.39612e-07 -5.35086e-06 3.14086e-05 -0.000156224 0.000457045 0.00295479 -0.0323995 0.00273797 0.5 0.997262 1.0324 0.997045 0.999543 1.00016 0.999969 1.00001 0.999999 1 1 1 1 1 1 1 1 1 1 1 1 1 
-3.25939e-17 -5.63371e-16 4.75853e-15 -3.33146e-14 2.31019e-13 -1.5784e-12 1.05939e-11 -6.95667e-11 4.44414e-10 -2.73906e-09 1.6077e-08 -8.78979e-08 4.28568e-07 -1.66912e-06 3.01461e-06 2.67182e-05 -0.000348765 0.00155992 0.00308216 -0.0423761 -0.00177458 0.5 1.00177 1.04238 0.996918 0.99844 1.00035 0.999973 0.999997 1 1 1 1 1 1 1 1 1 1 1 1 1 1 
5.63371e-16 4.71581e-15 -4.1873e-14 2.6047e-13 -1.58415e-12 9.30328e-12 -5.22162e-11 2.75505e-10 -1.32709e-09 5.4846e-09 -1.60836e-08 -3.50062e-09 5.04065e-07 -4.41823e-06 2.17687e-05 -2.56134e-05 -0.000491499 0.00274337 0.00321695 -0.0500039 -0.00798662 0.5 1.00799 1.05 0.996783 0.997257 1.00049 1.00003 0.999978 1 0.999999 1 1 1 1 1 1 1 1 1 1 1 1 
-4.71581e-15 -1.79339e-14 1.77316e-13 -9.06306e-13 4.32431e-12 -1.82799e-11 6.1363e-11 -9.3491e-11 -7.88077e-10 9.7811e-09 -6.53003e-08 2.85729e-07 -4.6785e-07 -4.69199e-06 4.43017e-05 -0.000113702 -0.000591186 0.00389185 0.0035552 -0.0559312 -0.0150013 0.5 1.015 1.05593 0.996445 0.996108 1.00059 1.00011 0.999956 1 1 1 1 1 1 1 1 1 1 1 1 1 1 
1.79339e-14 1.21752e-14 -2.2386e-13 4.94471e-13 1.09209e-12 -2.30159e-11 1.79936e-10 -9.86533e-10 3.71512e-09 -4.44825e-09 -6.52632e-08 6.10947e-07 -2.43131e-06 -1.3813e-06 6.64253e-05 -0.000224085 -0.000668436 0.00495969 0.00414442 -0.0605562 -0.0222448 0.5 1.02224 1.06056 0.995856 0.99504 1.00067 1.00022 0.999934 1 1 0.999999 1 1 1 1 1 1 1 1 1 1 1 
-1.21752e-14 7.46914e-14 -5.15011e-13 3.1077e-12 -1.44526e-11 4.48674e-11 -3.47558e-12 -1.14241e-09 9.08019e-09 -3.7976e-08 2.89189e-08 7.84875e-07 -5.0688e-06 5.49436e-06 8.65363e-05 -0.000346209 -0.000742342 0.00593009 0.00496515 -0.0641429 -0.029346 0.5 1.02935 1.06414 0.995035 0.99407 1.00074 1.00035 0.999913 0.999995 1.00001 0.999999 1 1 1 1 1 1 1 1 1 1 1 
-7.46914e-14 6.1594e-15 4.75117e-13 1.19019e-12 -2.13153e-11 1.41616e-10 -5.59243e-10 5.64539e-10 1.01467e-08 -8.03292e-08 2.29409e-07 6.78449e-07 -8.0534e-06 1.53734e-05 0.000104687 -0.000472691 -0.000826357 0.00679796 0.00597077 -0.0668811 -0.036067 0.5 1.03607 1.06688 0.994029 0.993202 1.00083 1.00047 0.999895 0.999985 1.00001 0.999999 1 1 1 1 1 1 1 1 1 1 1 
-6.1594e-15 -2.7979e-13 2.29282e-12 -7.89561e-12 5.43614e-12 1.56007e-10 -1.23716e-09 4.42398e-09 2.40165e-09 -1.1672e-07 5.24929e-07 2.33166e-07 -1.1155e-05 2.75301e-05 0.00012172 -0.000598544 -0.00092822 0.00756304 0.00710679 -0.0689176 -0.0422606 0.5 1.04226 1.06892 0.992893 0.992437 1.00093 1.0006 0.999878 0.999972 1.00001 1 0.999999 1 1 1 1 1 1 1 1 1 1 
2.7979e-13 -5.79303e-13 2.69241e-12 -1.95304e-11 7.29981e-11 -2.23684e-11 -1.5896e-09 9.8499e-09 -1.67456e-08 -1.33519e-07 8.93839e-07 -5.54062e-07 -1.42569e-05 4.12614e-05 0.000138696 -0.000720373 -0.00105108 0.00822733 0.00832018 -0.070373 -0.0478436 0.5 1.04784 1.07037 0.99168 0.991773 1.00105 1.00072 0.999861 0.999959 1.00001 1 0.999999 1 1 1 1 1 1 1 1 1 1 
5.79303e-13 -4.01461e-13 -8.41263e-13 -2.32712e-11 1.62787e-10 -4.50381e-10 -1.14219e-09 1.56966e-08 -4.7907e-08 -1.20986e-07 1.31397e-06 -1.65152e-06 -1.73337e-05 5.59554e-05 0.000156582 -0.000835808 -0.00119479 0.00879421 0.00956358 -0.0713497 -0.0527787 0.5 1.05278 1.07135 0.990436 0.991206 1.00119 1.00084 0.999843 0.999944 1.00002 1 0.999999 1 1 1 1 1 1 1 1 1 1 
4.01461e-13 8.06247e-13 -9.30226e-12 -7.30674e-12 2.35403e-10 -1.11309e-09 4.8224e-10 2.06404e-08 -9.02744e-08 -7.38732e-08 1.76793e-06 -3.00969e-06 -2.04181e-05 7.11024e-05 0.000176106 -0.000943149 -0.001357 0.00926814 0.010797 -0.0719366 -0.0570616 0.5 1.05706 1.07194 0.989203 0.990732 1.00136 1.00094 0.999824 0.999929 1.00002 1 0.999998 1 1 1 1 1 1 1 1 1 1 
-8.06247e-13 3.33726e-12 -2.11689e-11 3.71663e-11 2.41789e-10 -1.93352e-09 3.51057e-09 2.34743e-08 -1.42312e-07 9.1326e-09 2.24485e-06 -4.57252e-06 -2.3572e-05 8.62829e-05 0.000197718 -0.00104117 -0.00153405 0.00965458 0.0119883 -0.0722115 -0.0607115 0.5 1.06071 1.07221 0.988012 0.990345 1.00153 1.00104 0.999802 0.999914 1.00002 1 0.999998 1 1 1 1 1 1 1 1 1 1 
-3.33726e-12 6.95534e-12 -3.24808e-11 1.13365e-10 1.34334e-10 -2.79647e-09 8.02261e-09 2.32758e-08 -2.02327e-07 1.26399e-07 2.74001e-06 -6.2839e-06 -2.68641e-05 0.000101151 0.0002216 -0.001129 -0.00172159 0.00995984 0.0131126 -0.0722422 -0.0637644 0.5 1.06376 1.07224 0.986887 0.99004 1.00172 1.00113 0.999778 0.999899 1.00003 1.00001 0.999997 1 1 1 1 1 1 1 1 1 1 
-6.95534e-12 1.07659e-11 -3.77048e-11 2.18412e-10 -1.25462e-10 -3.57421e-09 1.39857e-08 1.9465e-08 -2.68846e-07 2.74329e-07 3.25336e-06 -8.09078e-06 -3.03554e-05 0.000115418 0.000247705 -0.00120609 -0.00191506 0.0101909 0.0141519 -0.0720873 -0.0662669 0.5 1.06627 1.07209 0.985848 0.989809 1.00192 1.00121 0.999752 0.999885 1.00003 1.00001 0.999997 1 1 1 1 1 1 1 1 1 1 
-1.07659e-11 1.32504e-11 -3.09147e-11 3.44358e-10 -5.6352e-10 -4.14741e-09 2.12991e-08 1.17922e-08 -3.40787e-07 4.48155e-07 3.78784e-06 -9.94438e-06 -3.40907e-05 0.000128848 0.000275805 -0.00127219 -0.00211003 0.0103554 0.0150943 -0.0717973 -0.0682723 0.5 1.06827 1.0718 0.984906 0.989645 1.00211 1.00127 0.999724 0.999871 1.00003 1.00001 0.999996 1 1 1 1 1 1 1 1 1 1 
-1.32504e-11 1.24311e-11 -6.87581e-12 4.79952e-10 -1.19319e-09 -4.41868e-09 2.98339e-08 2.88101e-10 -4.17499e-07 6.42514e-07 4.34779e-06 -1.18005e-05 -3.80948e-05 0.000141244 0.000305536 -0.00132727 -0.00230239 0.0104611 0.015933 -0.0714145 -0.069837 0.5 1.06984 1.07141 0.984067 0.989539 1.0023 1.00133 0.999694 0.999859 1.00004 1.00001 0.999996 0.999999 1 1 1 1 1 1 1 1 1 
-1.24311e-11 6.10812e-12 3.8207e-11 6.12537e-10 -2.01741e-09 -4.31924e-09 3.94634e-08 -1.47979e-08 -4.98713e-07 8.51825e-07 4.93765e-06 -1.36194e-05 -4.23719e-05 0.000152452 0.000336445 -0.00137158 -0.00248852 0.010516 0.0166655 -0.0709743 -0.0710181 0.5 1.07102 1.07097 0.983335 0.989484 1.00249 1.00137 0.999664 0.999848 1.00004 1.00001 0.999995 0.999999 1 1 1 1 1 1 1 1 1 
-6.10812e-12 -7.89113e-12 1.0635e-10 7.29657e-10 -3.03181e-09 -3.81036e-09 5.00813e-08 -3.30568e-08 -5.84435e-07 1.07052e-06 5.56104e-06 -1.53657e-05 -4.69065e-05 0.000162355 0.000368026 -0.00140556 -0.00266536 0.0105279 0.0172929 -0.0705053 -0.0718712 0.5 1.07187 1.07051 0.982707 0.989472 1.00267 1.00141 0.999632 0.999838 1.00005 1.00002 0.999994 0.999999 1 1 1 1 1 1 1 1 1 
7.89113e-12 -3.14972e-11 1.97814e-10 8.20227e-10 -4.2279e-09 -2.88138e-09 6.1609e-08 -5.39706e-08 -6.74838e-07 1.29322e-06 6.22008e-06 -1.70082e-05 -5.16665e-05 0.000170872 0.000399759 -0.00142982 -0.00283046 0.0105043 0.017819 -0.0700305 -0.072449 0.5 1.07245 1.07003 0.982181 0.989496 1.00283 1.00143 0.9996 0.999829 1.00005 1.00002 0.999994 0.999999 1 1 1 1 1 1 1 1 1 
3.14972e-11 -6.62456e-11 3.11386e-10 8.75256e-10 -5.59563e-09 -1.54604e-09 7.39966e-08 -7.69518e-08 -7.70151e-07 1.51477e-06 6.91512e-06 -1.85203e-05 -5.66061e-05 0.000177961 0.000431131 -0.00144514 -0.00298197 0.0104526 0.0182498 -0.0695677 -0.0728005 0.5 1.0728 1.06957 0.98175 0.989547 1.00298 1.00145 0.999569 0.999822 1.00006 1.00002 0.999993 0.999998 1 1 1 1 1 1 1 1 1 
6.62456e-11 -1.13196e-10 4.44798e-10 8.88187e-10 -7.12534e-09 1.61887e-10 8.72173e-08 -1.01374e-07 -8.70567e-07 1.73036e-06 7.64458e-06 -1.98797e-05 -6.16691e-05 0.000183612 0.000461662 -0.00145241 -0.00311862 0.0103794 0.0185927 -0.0691298 -0.0729701 0.5 1.07297 1.06913 0.981407 0.989621 1.00312 1.00145 0.999538 0.999816 1.00006 1.00002 0.999992 0.999998 1 1 1 1 1 1 1 1 1 
1.13196e-10 -1.72917e-10 5.95181e-10 8.54981e-10 -8.80887e-09 2.1929e-09 1.0126e-07 -1.26593e-07 -9.76172e-07 1.93556e-06 8.40499e-06 -2.10686e-05 -6.67928e-05 0.000187848 0.000490919 -0.00145259 -0.0032397 0.0102906 0.0188563 -0.0687264 -0.0729975 0.5 1.073 1.06873 0.981144 0.989709 1.00324 1.00145 0.999509 0.999812 1.00007 1.00002 0.999992 0.999998 1 1 1 1 1 1 1 1 1 
1.72917e-10 -2.45526e-10 7.59484e-10 7.74021e-10 -1.06399e-08 4.48558e-09 1.1612e-07 -1.51969e-07 -1.08689e-06 2.12637e-06 9.1912e-06 -2.20741e-05 -7.19112e-05 0.000190724 0.000518531 -0.00144668 -0.00334495 0.0101917 0.0190496 -0.0683635 -0.0729174 0.5 1.07292 1.06836 0.98095 0.989808 1.00334 1.00145 0.999481 0.999809 1.00007 1.00002 0.999991 0.999998 1 1 1 1 1 1 1 1 1 
2.45526e-10 -3.30765e-10 9.34802e-10 6.45923e-10 -1.26141e-08 6.97004e-09 1.31792e-07 -1.76876e-07 -1.20246e-06 2.29929e-06 9.99662e-06 -2.28879e-05 -7.69576e-05 0.000192316 0.000544191 -0.00143571 -0.00343455 0.0100874 0.0191819 -0.0680443 -0.0727598 0.5 1.07276 1.06804 0.980818 0.989913 1.00343 1.00144 0.999456 0.999808 1.00008 1.00002 0.99999 0.999998 1 1 1 1 1 1 1 1 1 
3.30765e-10 -4.28091e-10 1.1186e-09 4.73297e-10 -1.47282e-08 9.57074e-09 1.4826e-07 -2.00715e-07 -1.32242e-06 2.45132e-06 1.08135e-05 -2.35064e-05 -8.18679e-05 0.000192726 0.000567662 -0.00142068 -0.00350906 0.00998168 0.0192621 -0.0677701 -0.07255 0.5 1.07255 1.06777 0.980738 0.990018 1.00351 1.00142 0.999432 0.999807 1.00008 1.00002 0.999989 0.999998 1 1 1 1 1 1 1 1 1 
4.28091e-10 -5.3678e-10 1.30884e-09 2.605e-10 -1.69798e-08 1.2209e-08 1.65494e-07 -2.22929e-07 -1.4461e-06 2.58004e-06 1.16334e-05 -2.39304e-05 -8.65823e-05 0.00019207 0.00058878 -0.00140256 -0.00356928 0.00987781 0.0192992 -0.0675403 -0.0723089 0.5 1.07231 1.06754 0.980701 0.990122 1.00357 1.0014 0.999411 0.999808 1.00009 1.00002 0.999988 0.999997 1 1 1 1 1 1 1 1 1 
5.3678e-10 -6.5601e-10 1.50403e-09 1.33743e-11 -1.93662e-08 1.48051e-08 1.83445e-07 -2.43009e-07 -1.57266e-06 2.68365e-06 1.24474e-05 -2.4165e-05 -9.10476e-05 0.000190478 0.000607448 -0.00138225 -0.00361626 0.00977844 0.0193014 -0.0673529 -0.0720536 0.5 1.07205 1.06735 0.980699 0.990222 1.00362 1.00138 0.999393 0.99981 1.00009 1.00002 0.999988 0.999997 1 1 1 1 1 1 1 1 1 
6.5601e-10 -7.84937e-10 1.70314e-09 -2.61004e-10 -2.18839e-08 1.72805e-08 2.02039e-07 -2.60502e-07 -1.7011e-06 2.76094e-06 1.32464e-05 -2.42191e-05 -9.5218e-05 0.000188089 0.000623631 -0.00136058 -0.00365122 0.00968561 0.0192762 -0.067205 -0.0717972 0.5 1.0718 1.0672 0.980724 0.990314 1.00365 1.00136 0.999376 0.999812 1.0001 1.00002 0.999987 0.999997 1 1 1 1 1 1 1 1 1 
7.84937e-10 -9.2275e-10 1.90559e-09 -5.5458e-10 -2.45276e-08 1.95592e-08 2.21183e-07 -2.75025e-07 -1.83029e-06 2.81132e-06 1.40216e-05 -2.41049e-05 -9.90561e-05 0.000185043 0.000637354 -0.00133829 -0.00367547 0.00960079 0.0192303 -0.067093 -0.0715502 0.5 1.07155 1.06709 0.98077 0.990399 1.00368 1.00134 0.999363 0.999815 1.0001 1.00002 0.999986 0.999997 1 1 1 1 1 1 1 1 1 
9.2275e-10 -1.06871e-09 2.11108e-09 -8.58576e-10 -2.729e-08 2.157e-08 2.40759e-07 -2.86267e-07 -1.95904e-06 2.83484e-06 1.47648e-05 -2.38374e-05 -0.000102534 0.000181482 0.000648693 -0.00131604 -0.00369035 0.00952492 0.01917 -0.0670131 -0.0713198 0.5 1.07132 1.06701 0.98083 0.990475 1.00369 1.00132 0.999351 0.999819 1.0001 1.00002 0.999985 0.999997 1 1 1 1 1 1 1 1 1 
1.06871e-09 -1.22214e-09 2.31948e-09 -1.16375e-09 -3.01608e-08 2.32474e-08 2.6063e-07 -2.93993e-07 -2.08608e-06 2.83208e-06 1.54684e-05 -2.34339e-05 -0.000105632 0.000177544 0.000657765 -0.00129436 -0.00369725 0.00945855 0.0191003 -0.0669609 -0.0711111 0.5 1.07111 1.06696 0.9809 0.990541 1.0037 1.00129 0.999342 0.999822 1.00011 1.00002 0.999985 0.999997 1 1 1 1 1 1 1 1 1 
1.22214e-09 -1.38245e-09 2.53074e-09 -1.46063e-09 -3.31273e-08 2.45336e-08 2.80642e-07 -2.98054e-07 -2.21016e-06 2.8042e-06 1.61257e-05 -2.29134e-05 -0.000108342 0.00017336 0.000664722 -0.00127372 -0.0036975 0.00940181 0.0190256 -0.0669324 -0.0709272 0.5 1.07093 1.06693 0.980974 0.990598 1.0037 1.00127 0.999335 0.999827 1.00011 1.00002 0.999984 0.999997 1 1 1 1 1 1 1 1 1 
1.38245e-09 -1.54912e-09 2.74474e-09 -1.73983e-09 -3.61736e-08 2.53795e-08 3.00625e-07 -2.9838e-07 -2.33003e-06 2.75283e-06 1.67314e-05 -2.22956e-05 -0.00011066 0.000169049 0.000669744 -0.00125446 -0.00369238 0.00935456 0.0189496 -0.0669233 -0.0707696 0.5 1.07077 1.06692 0.98105 0.990645 1.00369 1.00125 0.99933 0.999831 1.00011 1.00002 0.999983 0.999997 1 1 1 1 1 1 1 1 1 
1.54912e-09 -1.72166e-09 2.96125e-09 -1.99222e-09 -3.92811e-08 2.57456e-08 3.20404e-07 -2.94986e-07 -2.44454e-06 2.68e-06 1.7281e-05 -2.16011e-05 -0.000112594 0.000164721 0.00067303 -0.00123685 -0.00368308 0.00931637 0.0188751 -0.0669299 -0.0706385 0.5 1.07064 1.06693 0.981125 0.990684 1.00368 1.00124 0.999327 0.999835 1.00011 1.00002 0.999983 0.999997 1 1 1 1 1 1 1 1 1 
1.72166e-09 -1.89958e-09 3.17983e-09 -2.20923e-09 -4.24284e-08 2.56031e-08 3.39795e-07 -2.87966e-07 -2.55263e-06 2.58812e-06 1.77715e-05 -2.085e-05 -0.000114158 0.000160473 0.000674787 -0.00122107 -0.00367068 0.00928665 0.0188045 -0.0669487 -0.0705328 0.5 1.07053 1.06695 0.981195 0.990713 1.00367 1.00122 0.999325 0.99984 1.00011 1.00002 0.999982 0.999997 1 1 1 1 1 1 1 1 1 
1.89958e-09 -2.08238e-09 3.39983e-09 -2.38302e-09 -4.55923e-08 2.49341e-08 3.58619e-07 -2.77486e-07 -2.65335e-06 2.47983e-06 1.8201e-05 -2.00621e-05 -0.000115369 0.000156387 0.000675232 -0.00120723 -0.00365617 0.00926465 0.0187393 -0.0669762 -0.0704512 0.5 1.07045 1.06698 0.981261 0.990735 1.00366 1.00121 0.999325 0.999844 1.00012 1.00002 0.999982 0.999998 1 1 1 1 1 1 1 1 1 
2.08238e-09 -2.2695e-09 3.62032e-09 -2.50671e-09 -4.87476e-08 2.37324e-08 3.767e-07 -2.63784e-07 -2.74591e-06 2.35798e-06 1.85691e-05 -1.9256e-05 -0.000116254 0.000152531 0.000674576 -0.00119535 -0.00364039 0.00924956 0.0186807 -0.0670099 -0.0703914 0.5 1.07039 1.06701 0.981319 0.99075 1.00364 1.0012 0.999325 0.999847 1.00012 1.00002 0.999981 0.999998 1 1 1 1 1 1 1 1 1 
2.2695e-09 -2.46032e-09 3.84017e-09 -2.57456e-09 -5.18681e-08 2.20028e-08 3.93872e-07 -2.47153e-07 -2.82968e-06 2.22551e-06 1.88762e-05 -1.84488e-05 -0.000116839 0.000148958 0.000673026 -0.00118541 -0.00362408 0.00924047 0.0186294 -0.0670471 -0.070351 0.5 1.07035 1.06705 0.981371 0.99076 1.00362 1.00119 0.999327 0.999851 1.00012 1.00002 0.999981 0.999998 1 1 1 1 1 1 1 1 1 
2.46032e-09 -2.65412e-09 4.058e-09 -2.58202e-09 -5.49272e-08 1.97614e-08 4.09985e-07 -2.27941e-07 -2.90421e-06 2.08539e-06 1.9124e-05 -1.76563e-05 -0.000117157 0.000145709 0.000670778 -0.00117735 -0.00360785 0.00923651 0.0185855 -0.0670859 -0.0703274 0.5 1.07033 1.06709 0.981414 0.990763 1.00361 1.00118 0.999329 0.999854 1.00012 1.00002 0.999981 0.999998 1 1 1 1 1 1 1 1 1 
2.65412e-09 -2.85008e-09 4.27229e-09 -2.52595e-09 -5.78982e-08 1.70345e-08 4.24905e-07 -2.0653e-07 -2.96921e-06 1.94055e-06 1.9315e-05 -1.68919e-05 -0.00011724 0.00014281 0.000668014 -0.00117105 -0.00359218 0.00923679 0.0185492 -0.0671245 -0.0703178 0.5 1.07032 1.06712 0.981451 0.990763 1.00359 1.00117 0.999332 0.999857 1.00012 1.00002 0.999981 0.999998 1 1 1 1 1 1 1 1 1 
2.85008e-09 -3.04728e-09 4.48138e-09 -2.40455e-09 -6.07553e-08 1.3858e-08 4.3852e-07 -1.83336e-07 -3.02459e-06 1.79378e-06 1.94528e-05 -1.61673e-05 -0.000117122 0.000140276 0.000664899 -0.00116637 -0.00357746 0.00924046 0.01852 -0.0671617 -0.0703198 0.5 1.07032 1.06716 0.98148 0.99076 1.00358 1.00117 0.999335 0.99986 1.00012 1.00002 0.999981 0.999998 1 1 1 1 1 1 1 1 1 
3.04728e-09 -3.2447e-09 4.68353e-09 -2.21749e-09 -6.34741e-08 1.02765e-08 4.5074e-07 -1.58788e-07 -3.07042e-06 1.64771e-06 1.95414e-05 -1.54919e-05 -0.000116836 0.000138111 0.000661581 -0.00116316 -0.00356397 0.00924675 0.0184976 -0.0671964 -0.0703308 0.5 1.07033 1.0672 0.981502 0.990753 1.00356 1.00116 0.999338 0.999862 1.00012 1.00002 0.99998 0.999998 1 1 1 1 1 1 1 1 1 
3.2447e-09 -3.44123e-09 4.877e-09 -1.9658e-09 -6.60322e-08 6.34167e-09 4.61501e-07 -1.33324e-07 -3.10691e-06 1.50477e-06 1.95855e-05 -1.48732e-05 -0.000116416 0.000136309 0.000658187 -0.00116124 -0.00355189 0.00925493 0.0184814 -0.067228 -0.0703487 0.5 1.07035 1.06723 0.981519 0.990745 1.00355 1.00116 0.999342 0.999864 1.00012 1.00001 0.99998 0.999998 1 1 1 1 1 1 1 1 1 
3.44123e-09 -3.63571e-09 5.0601e-09 -1.65187e-09 -6.84094e-08 2.11091e-09 4.70764e-07 -1.07376e-07 -3.13444e-06 1.36708e-06 1.959e-05 -1.43163e-05 -0.000115892 0.000134856 0.000654827 -0.00116044 -0.00354135 0.00926437 0.0184707 -0.0672559 -0.0703712 0.5 1.07037 1.06726 0.981529 0.990736 1.00354 1.00116 0.999345 0.999865 1.00012 1.00001 0.99998 0.999999 1 1 1 1 1 1 1 1 1 
3.63571e-09 -3.82689e-09 5.23123e-09 -1.27932e-09 -7.05887e-08 -2.35397e-09 4.78515e-07 -8.13639e-08 -3.15352e-06 1.23651e-06 1.95601e-05 -1.38246e-05 -0.000115293 0.000133733 0.000651589 -0.00116057 -0.00353237 0.00927452 0.0184647 -0.06728 -0.0703967 0.5 1.0704 1.06728 0.981535 0.990725 1.00353 1.00116 0.999348 0.999866 1.00012 1.00001 0.99998 0.999999 1 1 1 1 1 1 1 1 1 
3.82689e-09 -4.01352e-09 5.38894e-09 -8.52914e-10 -7.25562e-08 -6.98845e-09 4.84766e-07 -5.56827e-08 -3.16475e-06 1.11461e-06 1.95013e-05 -1.33994e-05 -0.000114646 0.000132913 0.000648543 -0.00116146 -0.00352496 0.0092849 0.0184627 -0.0673002 -0.0704237 0.5 1.07042 1.0673 0.981537 0.990715 1.00352 1.00116 0.999351 0.999867 1.00011 1.00001 0.99998 0.999999 1 1 1 1 1 1 1 1 1 
4.01352e-09 -4.19436e-09 5.53199e-09 -3.7837e-10 -7.43012e-08 -1.17268e-08 4.89552e-07 -3.06978e-08 -3.16882e-06 1.0026e-06 1.94187e-05 -1.30407e-05 -0.000113976 0.000132368 0.000645744 -0.00116294 -0.00351904 0.00929514 0.018464 -0.0673165 -0.0704508 0.5 1.07045 1.06732 0.981536 0.990705 1.00352 1.00116 0.999354 0.999868 1.00011 1.00001 0.999981 0.999999 1 1 1 1 1 1 1 1 1 
4.19436e-09 -4.36819e-09 5.65937e-09 1.37762e-10 -7.58171e-08 -1.65037e-08 4.92931e-07 -6.73736e-09 -3.16651e-06 9.01389e-07 1.93175e-05 -1.27468e-05 -0.000113302 0.000132067 0.000643228 -0.00116486 -0.00351452 0.00930491 0.0184679 -0.0673292 -0.0704771 0.5 1.07048 1.06733 0.981532 0.990695 1.00351 1.00116 0.999357 0.999868 1.00011 1.00001 0.999981 0.999999 1 1 1 1 1 1 1 1 1 
4.36819e-09 -4.53386e-09 5.77032e-09 6.88303e-10 -7.71005e-08 -2.12555e-08 4.94979e-07 1.59122e-08 -3.15863e-06 8.11584e-07 1.92026e-05 -1.25147e-05 -0.000112643 0.000131975 0.000641018 -0.00116709 -0.00351129 0.009314 0.0184737 -0.0673385 -0.0705019 0.5 1.0705 1.06734 0.981526 0.990686 1.00351 1.00117 0.999359 0.999868 1.00011 1.00001 0.999981 0.999999 1 1 1 1 1 1 1 1 1 
4.53386e-09 -4.69028e-09 5.86435e-09 1.26562e-09 -7.81518e-08 -2.59217e-08 4.95791e-07 3.70102e-08 -3.146e-06 7.33488e-07 1.90785e-05 -1.23406e-05 -0.000112014 0.000132061 0.000639125 -0.0011695 -0.0035092 0.00932223 0.0184809 -0.0673448 -0.0705245 0.5 1.07052 1.06734 0.981519 0.990678 1.00351 1.00117 0.999361 0.999868 1.00011 1.00001 0.999981 0.999999 1 1 1 1 1 1 1 1 1 
4.69028e-09 -4.8365e-09 5.94126e-09 1.86184e-09 -7.8975e-08 -3.04461e-08 4.95473e-07 5.63631e-08 -3.12946e-06 6.67137e-07 1.89494e-05 -1.22197e-05 -0.000111426 0.000132291 0.000637548 -0.00117197 -0.00350811 0.00932949 0.0184889 -0.0673485 -0.0705446 0.5 1.07054 1.06735 0.981511 0.990671 1.00351 1.00117 0.999362 0.999868 1.00011 1.00001 0.999981 0.999999 1 1 1 1 1 1 1 1 1 
4.8365e-09 -4.97169e-09 6.00113e-09 2.46898e-09 -7.9577e-08 -3.47777e-08 4.94145e-07 7.38259e-08 -3.10985e-06 6.1232e-07 1.8819e-05 -1.21467e-05 -0.000110887 0.000132635 0.000636277 -0.00117444 -0.00350786 0.00933573 0.0184973 -0.06735 -0.0705619 0.5 1.07056 1.06735 0.981503 0.990664 1.00351 1.00117 0.999364 0.999867 1.00011 1.00001 0.999981 0.999999 1 1 1 1 1 1 1 1 1 
4.97169e-09 -5.09517e-09 6.04433e-09 3.07919e-09 -7.99681e-08 -3.88715e-08 4.91935e-07 8.93014e-08 -3.08795e-06 5.68614e-07 1.86906e-05 -1.2116e-05 -0.000110405 0.000133063 0.000635295 -0.00117681 -0.0035083 0.00934094 0.0185058 -0.0673496 -0.0705765 0.5 1.07058 1.06735 0.981494 0.990659 1.00351 1.00118 0.999365 0.999867 1.00011 1.00001 0.999981 0.999999 1 1 1 1 1 1 1 1 1 
5.09517e-09 -5.20641e-09 6.07145e-09 3.68487e-09 -8.01609e-08 -4.26894e-08 4.88974e-07 1.02738e-07 -3.06452e-06 5.35408e-07 1.85669e-05 -1.21217e-05 -0.000109982 0.00013355 0.000634581 -0.00117904 -0.0035093 0.00934515 0.018514 -0.0673477 -0.0705883 0.5 1.07059 1.06735 0.981486 0.990655 1.00351 1.00118 0.999365 0.999866 1.00011 1.00001 0.999981 0.999999 1 1 1 1 1 1 1 1 1 
5.20641e-09 -5.30508e-09 6.08335e-09 4.27886e-09 -8.01705e-08 -4.62001e-08 4.85395e-07 1.14128e-07 -3.04025e-06 5.11947e-07 1.84501e-05 -1.21579e-05 -0.000109621 0.00013407 0.000634108 -0.00118108 -0.0035107 0.00934839 0.0185218 -0.0673447 -0.0705975 0.5 1.0706 1.06734 0.981478 0.990652 1.00351 1.00118 0.999366 0.999866 1.00011 1.00001 0.999982 0.999999 1 1 1 1 1 1 1 1 1 
5.30508e-09 -5.39099e-09 6.08108e-09 4.85452e-09 -8.00137e-08 -4.93797e-08 4.81332e-07 1.23504e-07 -3.01577e-06 4.97358e-07 1.83421e-05 -1.22188e-05 -0.00010932 0.000134604 0.000633847 -0.0011829 -0.0035124 0.00935076 0.0185288 -0.067341 -0.0706043 0.5 1.0706 1.06734 0.981471 0.990649 1.00351 1.00118 0.999366 0.999865 1.00011 1.00001 0.999982 1 1 1 1 1 1 1 1 1 1 
5.39099e-09 -5.46416e-09 6.06587e-09 5.40587e-09 -7.97089e-08 -5.22118e-08 4.76912e-07 1.30932e-07 -2.99164e-06 4.90686e-07 1.82441e-05 -1.22989e-05 -0.000109079 0.000135134 0.000633769 -0.00118449 -0.00351428 0.00935233 0.0185351 -0.0673367 -0.0706089 0.5 1.07061 1.06734 0.981465 0.990648 1.00351 1.00118 0.999366 0.999865 1.00011 1.00001 0.999982 1 1 1 1 1 1 1 1 1 1 
5.46416e-09 -5.52475e-09 6.03909e-09 5.92769e-09 -7.92752e-08 -5.46869e-08 4.72259e-07 1.36511e-07 -2.96833e-06 4.90927e-07 1.8157e-05 -1.23931e-05 -0.000108893 0.000135646 0.000633843 -0.00118584 -0.00351624 0.0093532 0.0185406 -0.0673321 -0.0706116 0.5 1.07061 1.06733 0.981459 0.990647 1.00352 1.00119 0.999366 0.999864 1.00011 1.00001 0.999982 1 1 1 1 1 1 1 1 1 1 
5.52475e-09 -5.5731e-09 6.00222e-09 6.41554e-09 -7.87326e-08 -5.68026e-08 4.67488e-07 1.40366e-07 -2.94626e-06 4.97053e-07 1.80813e-05 -1.24965e-05 -0.000108759 0.000136127 0.00063404 -0.00118694 -0.00351822 0.00935349 0.0185452 -0.0673275 -0.0706126 0.5 1.07061 1.06733 0.981455 0.990647 1.00352 1.00119 0.999366 0.999864 1.00011 1.00001 0.999982 1 1 1 1 1 1 1 1 1 1 
5.5731e-09 -5.60968e-09 5.95679e-09 6.86585e-09 -7.81009e-08 -5.85627e-08 4.62704e-07 1.42641e-07 -2.92574e-06 5.08045e-07 1.80171e-05 -1.2605e-05 -0.000108672 0.000136569 0.000634333 -0.00118781 -0.00352013 0.00935327 0.0185489 -0.067323 -0.0706123 0.5 1.07061 1.06732 0.981451 0.990647 1.00352 1.00119 0.999366 0.999863 1.00011 1.00001 0.999982 0.999999 1 1 1 1 1 1 1 1 1 
5.60968e-09 -5.63513e-09 5.9044e-09 7.27589e-09 -7.73998e-08 -5.99769e-08 4.58001e-07 1.43497e-07 -2.90703e-06 5.22907e-07 1.79643e-05 -1.27149e-05 -0.000108627 0.000136965 0.000634694 -0.00118847 -0.00352194 0.00935267 0.0185519 -0.0673187 -0.0706108 0.5 1.07061 1.06732 0.981448 0.990647 1.00352 1.00119 0.999365 0.999863 1.00011 1.00001 0.999982 0.999999 1 1 1 1 1 1 1 1 1 
5.63513e-09 -5.65017e-09 5.8466e-09 7.6438e-09 -7.66485e-08 -6.10602e-08 4.53462e-07 1.43105e-07 -2.89029e-06 5.40695e-07 1.79225e-05 -1.28229e-05 -0.000108617 0.000137313 0.000635102 -0.00118893 -0.00352359 0.00935177 0.018554 -0.0673148 -0.0706086 0.5 1.07061 1.06731 0.981446 0.990648 1.00352 1.00119 0.999365 0.999863 1.00011 1.00001 0.999982 0.999999 1 1 1 1 1 1 1 1 1 
5.65017e-09 -5.65565e-09 5.78495e-09 7.96855e-09 -7.58651e-08 -6.18319e-08 4.49156e-07 1.41641e-07 -2.87564e-06 5.60527e-07 1.78909e-05 -1.29265e-05 -0.000108636 0.000137609 0.000635535 -0.00118921 -0.00352508 0.00935065 0.0185555 -0.0673113 -0.0706058 0.5 1.07061 1.06731 0.981444 0.990649 1.00353 1.00119 0.999364 0.999862 1.00011 1.00001 0.999982 0.999999 1 1 1 1 1 1 1 1 1 
5.65565e-09 -5.65246e-09 5.72091e-09 8.2499e-09 -7.50666e-08 -6.23151e-08 4.45142e-07 1.39283e-07 -2.86311e-06 5.81598e-07 1.78688e-05 -1.30235e-05 -0.000108681 0.000137855 0.000635976 -0.00118934 -0.00352637 0.0093494 0.0185564 -0.0673082 -0.0706026 0.5 1.0706 1.06731 0.981444 0.990651 1.00353 1.00119 0.999364 0.999862 1.00011 1.00001 0.999982 0.999999 1 1 1 1 1 1 1 1 1 
5.65246e-09 -5.64159e-09 5.65587e-09 8.48835e-09 -7.42685e-08 -6.25359e-08 4.41465e-07 1.36206e-07 -2.8527e-06 6.0319e-07 1.78553e-05 -1.31123e-05 -0.000108744 0.000138051 0.000636409 -0.00118934 -0.00352746 0.00934808 0.0185567 -0.0673056 -0.0705992 0.5 1.0706 1.06731 0.981443 0.990652 1.00353 1.00119 0.999364 0.999862 1.00011 1.00001 0.999982 0.999999 1 1 1 1 1 1 1 1 1 
5.64159e-09 -5.62404e-09 5.59112e-09 8.68509e-09 -7.34848e-08 -6.25222e-08 4.38156e-07 1.32578e-07 -2.84435e-06 6.24675e-07 1.78493e-05 -1.3192e-05 -0.000108821 0.000138201 0.000636822 -0.00118923 -0.00352836 0.00934674 0.0185566 -0.0673035 -0.0705958 0.5 1.0706 1.0673 0.981443 0.990653 1.00353 1.00119 0.999363 0.999862 1.00011 1.00001 0.999982 0.999999 1 1 1 1 1 1 1 1 1 
5.62404e-09 -5.60084e-09 5.52781e-09 8.84187e-09 -7.27276e-08 -6.23035e-08 4.35239e-07 1.28559e-07 -2.83796e-06 6.45519e-07 1.78498e-05 -1.32616e-05 -0.000108907 0.000138307 0.000637207 -0.00118903 -0.00352907 0.00934544 0.0185562 -0.0673019 -0.0705925 0.5 1.07059 1.0673 0.981444 0.990655 1.00353 1.00119 0.999363 0.999862 1.00011 1.00001 0.999982 0.999999 1 1 1 1 1 1 1 1 1 
5.60084e-09 -5.57299e-09 5.46694e-09 8.96096e-09 -7.20075e-08 -6.191e-08 4.32722e-07 1.24295e-07 -2.8334e-06 6.65286e-07 1.78558e-05 -1.33211e-05 -0.000108999 0.000138375 0.000637556 -0.00118878 -0.0035296 0.00934421 0.0185555 -0.0673007 -0.0705894 0.5 1.07059 1.0673 0.981445 0.990656 1.00353 1.00119 0.999362 0.999862 1.00011 1.00001 0.999982 0.999999 1 1 1 1 1 1 1 1 1 
5.57299e-09 -5.54151e-09 5.40939e-09 9.04506e-09 -7.1333e-08 -6.13717e-08 4.30607e-07 1.1992e-07 -2.83049e-06 6.8363e-07 1.78661e-05 -1.33703e-05 -0.000109093 0.000138409 0.000637865 -0.00118848 -0.00352996 0.00934308 0.0185545 -0.0672998 -0.0705865 0.5 1.07059 1.0673 0.981445 0.990657 1.00353 1.00119 0.999362 0.999862 1.00011 1.00001 0.999982 0.999999 1 1 1 1 1 1 1 1 1 
5.54151e-09 -5.50735e-09 5.35586e-09 9.0972e-09 -7.07109e-08 -6.07179e-08 4.28886e-07 1.15552e-07 -2.82908e-06 7.00291e-07 1.78799e-05 -1.34096e-05 -0.000109185 0.000138413 0.000638131 -0.00118815 -0.00353018 0.00934206 0.0185535 -0.0672993 -0.0705839 0.5 1.07058 1.0673 0.981446 0.990658 1.00353 1.00119 0.999362 0.999862 1.00011 1.00001 0.999982 0.999999 1 1 1 1 1 1 1 1 1 
5.50735e-09 -5.47142e-09 5.30692e-09 9.12062e-09 -7.01462e-08 -5.99769e-08 4.27544e-07 1.11293e-07 -2.82898e-06 7.15095e-07 1.78961e-05 -1.34396e-05 -0.000109273 0.000138393 0.000638354 -0.00118782 -0.00353028 0.00934118 0.0185524 -0.0672991 -0.0705817 0.5 1.07058 1.0673 0.981448 0.990659 1.00353 1.00119 0.999362 0.999862 1.00011 1.00001 0.999982 0.999999 1 1 1 1 1 1 1 1 1 
5.47142e-09 -5.43456e-09 5.26296e-09 9.11875e-09 -6.96423e-08 -5.91754e-08 4.26558e-07 1.07229e-07 -2.82998e-06 7.2794e-07 1.7914e-05 -1.34609e-05 -0.000109356 0.000138353 0.000638534 -0.00118748 -0.00353027 0.00934043 0.0185513 -0.0672992 -0.0705798 0.5 1.07058 1.0673 0.981449 0.99066 1.00353 1.00119 0.999361 0.999862 1.00011 1.00001 0.999982 0.999999 1 1 1 1 1 1 1 1 1 
5.43456e-09 -5.39754e-09 5.22426e-09 9.09506e-09 -6.92008e-08 -5.83378e-08 4.25902e-07 1.0343e-07 -2.8319e-06 7.3879e-07 1.79327e-05 -1.34743e-05 -0.000109431 0.000138299 0.000638674 -0.00118716 -0.00353017 0.00933982 0.0185502 -0.0672994 -0.0705783 0.5 1.07058 1.0673 0.98145 0.99066 1.00353 1.00119 0.999361 0.999862 1.00011 1.00001 0.999982 0.999999 1 1 1 1 1 1 1 1 1 
5.39754e-09 -5.36106e-09 5.19095e-09 9.05304e-09 -6.88223e-08 -5.74864e-08 4.25545e-07 9.99495e-08 -2.83454e-06 7.4767e-07 1.79517e-05 -1.34808e-05 -0.000109498 0.000138233 0.000638775 -0.00118686 -0.00353001 0.00933933 0.0185491 -0.0672998 -0.0705771 0.5 1.07058 1.0673 0.981451 0.990661 1.00353 1.00119 0.999361 0.999862 1.00011 1.00001 0.999982 0.999999 1 1 1 1 1 1 1 1 1 
5.36106e-09 -5.32572e-09 5.16302e-09 8.99609e-09 -6.85055e-08 -5.66409e-08 4.25454e-07 9.68263e-08 -2.83774e-06 7.5465e-07 1.79702e-05 -1.34814e-05 -0.000109556 0.000138161 0.000638842 -0.00118658 -0.00352979 0.00933898 0.0185482 -0.0673003 -0.0705762 0.5 1.07058 1.0673 0.981452 0.990661 1.00353 1.00119 0.999361 0.999862 1.00011 1.00001 0.999982 0.999999 1 1 1 1 1 1 1 1 1 
5.32572e-09 -5.29203e-09 5.14038e-09 8.92748e-09 -6.82486e-08 -5.58186e-08 4.25594e-07 9.40853e-08 -2.84131e-06 7.59841e-07 1.7988e-05 -1.3477e-05 -0.000109606 0.000138086 0.000638878 -0.00118633 -0.00352954 0.00933873 0.0185473 -0.0673009 -0.0705757 0.5 1.07058 1.0673 0.981453 0.990661 1.00353 1.00119 0.999361 0.999862 1.00011 1.00001 0.999982 0.999999 1 1 1 1 1 1 1 1 1 
5.29203e-09 -5.26041e-09 5.12282e-09 8.85031e-09 -6.80484e-08 -5.50339e-08 4.2593e-07 9.17385e-08 -2.84512e-06 7.63385e-07 1.80045e-05 -1.34686e-05 -0.000109646 0.000138009 0.000638888 -0.00118612 -0.00352928 0.00933858 0.0185466 -0.0673015 -0.0705753 0.5 1.07058 1.0673 0.981453 0.990661 1.00353 1.00119 0.999361 0.999862 1.00011 1.00001 0.999982 0.999999 1 1 1 1 1 1 1 1 1 
5.26041e-09 -5.2312e-09 5.11005e-09 8.76742e-09 -6.79012e-08 -5.42984e-08 4.26426e-07 8.97866e-08 -2.84902e-06 7.65446e-07 1.80196e-05 -1.34571e-05 -0.000109678 0.000137935 0.000638877 -0.00118594 -0.003529 0.00933852 0.0185459 -0.0673021 -0.0705752 0.5 1.07058 1.0673 0.981454 0.990661 1.00353 1.00119 0.999361 0.999862 1.00011 1.00001 0.999982 0.999999 1 1 1 1 1 1 1 1 1 
5.2312e-09 -5.20464e-09 5.10172e-09 8.68144e-09 -6.78025e-08 -5.36213e-08 4.27048e-07 8.82207e-08 -2.8529e-06 7.66204e-07 1.80331e-05 -1.34434e-05 -0.000109702 0.000137865 0.000638847 -0.0011858 -0.00352873 0.00933853 0.0185454 -0.0673028 -0.0705753 0.5 1.07058 1.0673 0.981455 0.990661 1.00353 1.00119 0.999361 0.999862 1.00011 1.00001 0.999982 0.999999 1 1 1 1 1 1 1 1 1 
5.20464e-09 -5.18091e-09 5.09743e-09 8.59467e-09 -6.77475e-08 -5.30094e-08 4.27764e-07 8.70235e-08 -2.85666e-06 7.65845e-07 1.80447e-05 -1.34282e-05 -0.000109718 0.0001378 0.000638804 -0.00118569 -0.00352847 0.0093386 0.018545 -0.0673033 -0.0705755 0.5 1.07058 1.0673 0.981455 0.990661 1.00353 1.00119 0.999361 0.999862 1.00011 1.00001 0.999982 0.999999 1 1 1 1 1 1 1 1 1 
5.18091e-09 -5.16009e-09 5.09675e-09 8.50915e-09 -6.7731e-08 -5.24669e-08 4.28543e-07 8.61709e-08 -2.86021e-06 7.64556e-07 1.80546e-05 -1.34122e-05 -0.000109727 0.000137741 0.000638751 -0.0011856 -0.00352823 0.00933872 0.0185447 -0.0673039 -0.0705758 0.5 1.07058 1.0673 0.981455 0.990661 1.00353 1.00119 0.999361 0.999862 1.00011 1.00001 0.999982 0.999999 1 1 1 1 1 1 1 1 1 
5.16009e-09 -5.14221e-09 5.09919e-09 8.42659e-09 -6.77479e-08 -5.1996e-08 4.29358e-07 8.56338e-08 -2.8635e-06 7.62523e-07 1.80627e-05 -1.33961e-05 -0.000109731 0.000137689 0.000638691 -0.00118555 -0.00352801 0.00933887 0.0185445 -0.0673044 -0.0705762 0.5 1.07058 1.0673 0.981456 0.990661 1.00353 1.00119 0.999361 0.999862 1.00011 1.00001 0.999982 0.999999 1 1 1 1 1 1 1 1 1 
5.14221e-09 -5.12722e-09 5.1043e-09 8.34843e-09 -6.77928e-08 -5.1597e-08 4.30185e-07 8.53793e-08 -2.86647e-06 7.59922e-07 1.8069e-05 -1.33803e-05 -0.00010973 0.000137645 0.000638628 -0.00118552 -0.00352782 0.00933905 0.0185443 -0.0673048 -0.0705767 0.5 1.07058 1.0673 0.981456 0.990661 1.00353 1.00119 0.999361 0.999862 1.00011 1.00001 0.999982 0.999999 1 1 1 1 1 1 1 1 1 
5.12722e-09 -5.11503e-09 5.11159e-09 8.27579e-09 -6.78607e-08 -5.12685e-08 4.31001e-07 8.53722e-08 -2.86909e-06 7.56917e-07 1.80737e-05 -1.33653e-05 -0.000109725 0.000137609 0.000638564 -0.00118551 -0.00352765 0.00933924 0.0185443 -0.0673052 -0.0705771 0.5 1.07058 1.06731 0.981456 0.990661 1.00353 1.00119 0.999361 0.999862 1.00011 1.00001 0.999982 0.999999 1 1 1 1 1 1 1 1 1 
5.11503e-09 -5.1055e-09 5.12061e-09 8.20952e-09 -6.79464e-08 -5.10079e-08 4.31789e-07 8.5576e-08 -2.87135e-06 7.53657e-07 1.80769e-05 -1.33513e-05 -0.000109716 0.00013758 0.000638502 -0.00118552 -0.00352751 0.00933943 0.0185443 -0.0673055 -0.0705776 0.5 1.07058 1.06731 0.981456 0.990661 1.00353 1.00119 0.999361 0.999862 1.00011 1.00001 0.999982 0.999999 1 1 1 1 1 1 1 1 1 
5.1055e-09 -5.09846e-09 5.13092e-09 8.1502e-09 -6.80455e-08 -5.08111e-08 4.32535e-07 8.59542e-08 -2.87323e-06 7.50277e-07 1.80787e-05 -1.33386e-05 -0.000109705 0.000137557 0.000638442 -0.00118554 -0.0035274 0.00933962 0.0185444 -0.0673057 -0.0705781 0.5 1.07058 1.06731 0.981456 0.99066 1.00353 1.00119 0.999362 0.999862 1.00011 1.00001 0.999982 0.999999 1 1 1 1 1 1 1 1 1 
5.09846e-09 -5.09371e-09 5.14211e-09 8.09818e-09 -6.81536e-08 -5.06732e-08 4.33226e-07 8.64711e-08 -2.87475e-06 7.46891e-07 1.80794e-05 -1.33275e-05 -0.000109693 0.000137542 0.000638387 -0.00118557 -0.00352732 0.00933979 0.0185445 -0.0673059 -0.0705785 0.5 1.07058 1.06731 0.981456 0.99066 1.00353 1.00119 0.999362 0.999862 1.00011 1.00001 0.999982 0.999999 1 1 1 1 1 1 1 1 1 
5.09371e-09 -5.091e-09 5.15381e-09 8.0536e-09 -6.82668e-08 -5.05888e-08 4.33853e-07 8.70928e-08 -2.87593e-06 7.43599e-07 1.80791e-05 -1.33178e-05 -0.000109679 0.000137532 0.000638338 -0.00118561 -0.00352726 0.00933996 0.0185446 -0.067306 -0.0705789 0.5 1.07058 1.06731 0.981455 0.99066 1.00353 1.00119 0.999362 0.999862 1.00011 1.00001 0.999982 0.999999 1 1 1 1 1 1 1 1 1 
5.091e-09 -5.09012e-09 5.16567e-09 8.01638e-09 -6.83816e-08 -5.05519e-08 4.3441e-07 8.77876e-08 -2.87677e-06 7.40478e-07 1.80779e-05 -1.33098e-05 -0.000109666 0.000137527 0.000638294 -0.00118566 -0.00352722 0.00934011 0.0185447 -0.0673061 -0.0705793 0.5 1.07058 1.06731 0.981455 0.99066 1.00353 1.00119 0.999362 0.999862 1.00011 1.00001 0.999982 0.999999 1 1 1 1 1 1 1 1 1 
5.09012e-09 -5.0908e-09 5.17739e-09 7.9863e-09 -6.84952e-08 -5.05561e-08 4.34895e-07 8.85264e-08 -2.87731e-06 7.37593e-07 1.80761e-05 -1.33033e-05 -0.000109652 0.000137527 0.000638257 -0.00118571 -0.0035272 0.00934024 0.0185449 -0.0673061 -0.0705796 0.5 1.07058 1.06731 0.981455 0.99066 1.00353 1.00119 0.999362 0.999862 1.00011 1.00001 0.999982 0.999999 1 1 1 1 1 1 1 1 1 
5.0908e-09 -5.09281e-09 5.18874e-09 7.96301e-09 -6.86049e-08 -5.05951e-08 4.35306e-07 8.92836e-08 -2.87758e-06 7.34987e-07 1.80738e-05 -1.32983e-05 -0.000109639 0.00013753 0.000638226 -0.00118576 -0.0035272 0.00934036 0.0185451 -0.0673061 -0.0705799 0.5 1.07058 1.06731 0.981455 0.99066 1.00353 1.00119 0.999362 0.999862 1.00011 1.00001 0.999982 0.999999 1 1 1 1 1 1 1 1 1 
5.09281e-09 -5.0959e-09 5.19949e-09 7.94603e-09 -6.87087e-08 -5.06627e-08 4.35644e-07 9.00366e-08 -2.87762e-06 7.32693e-07 1.80711e-05 -1.32947e-05 -0.000109626 0.000137536 0.000638201 -0.00118581 -0.00352721 0.00934045 0.0185452 -0.067306 -0.0705801 0.5 1.07058 1.06731 0.981455 0.99066 1.00353 1.00119 0.999362 0.999862 1.00011 1.00001 0.999982 0.999999 1 1 1 1 1 1 1 1 1 
5.0959e-09 -5.09985e-09 5.20948e-09 7.93482e-09 -6.88051e-08 -5.07529e-08 4.35912e-07 9.07665e-08 -2.87746e-06 7.30727e-07 1.80683e-05 -1.32924e-05 -0.000109615 0.000137545 0.000638182 -0.00118585 -0.00352723 0.00934052 0.0185454 -0.067306 -0.0705803 0.5 1.07058 1.06731 0.981455 0.990659 1.00353 1.00119 0.999362 0.999862 1.00011 1.00001 0.999982 0.999999 1 1 1 1 1 1 1 1 1 
5.09985e-09 -5.10443e-09 5.21858e-09 7.92876e-09 -6.88927e-08 -5.086e-08 4.36113e-07 9.14576e-08 -2.87713e-06 7.29093e-07 1.80653e-05 -1.32912e-05 -0.000109605 0.000137555 0.000638169 -0.0011859 -0.00352726 0.00934058 0.0185455 -0.0673059 -0.0705804 0.5 1.07058 1.06731 0.981454 0.990659 1.00353 1.00119 0.999362 0.999862 1.00011 1.00001 0.999982 0.999999 1 1 1 1 1 1 1 1 1 
5.10443e-09 -5.10944e-09 5.22671e-09 7.92723e-09 -6.89707e-08 -5.09787e-08 4.36253e-07 9.20977e-08 -2.87667e-06 7.27787e-07 1.80624e-05 -1.32909e-05 -0.000109596 0.000137566 0.000638161 -0.00118594 -0.0035273 0.00934062 0.0185456 -0.0673058 -0.0705805 0.5 1.07058 1.06731 0.981454 0.990659 1.00353 1.00119 0.999362 0.999862 1.00011 1.00001 0.999982 0.999999 1 1 1 1 1 1 1 1 1 
5.10944e-09 -5.1147e-09 5.23381e-09 7.92955e-09 -6.90389e-08 -5.11043e-08 4.36337e-07 9.26777e-08 -2.87612e-06 7.26793e-07 1.80596e-05 -1.32915e-05 -0.000109588 0.000137577 0.000638157 -0.00118597 -0.00352734 0.00934064 0.0185457 -0.0673057 -0.0705805 0.5 1.07058 1.06731 0.981454 0.990659 1.00353 1.00119 0.999362 0.999862 1.00011 1.00001 0.999982 0.999999 1 1 1 1 1 1 1 1 1 
5.1147e-09 -5.12005e-09 5.23986e-09 7.93508e-09 -6.90968e-08 -5.12326e-08 4.36372e-07 9.31915e-08 -2.87549e-06 7.26092e-07 1.80569e-05 -1.32927e-05 -0.000109582 0.000137589 0.000638157 -0.001186 -0.00352738 0.00934065 0.0185458 -0.0673056 -0.0705805 0.5 1.07058 1.06731 0.981454 0.990659 1.00353 1.00119 0.999362 0.999862 1.00011 1.00001 0.999982 0.999999 1 1 1 1 1 1 1 1 1 
5.12005e-09 -5.12534e-09 5.24488e-09 7.94319e-09 -6.91448e-08 -5.13599e-08 4.36365e-07 9.36357e-08 -2.87483e-06 7.25657e-07 1.80545e-05 -1.32945e-05 -0.000109578 0.0001376 0.00063816 -0.00118602 -0.00352742 0.00934065 0.0185459 -0.0673056 -0.0705805 0.5 1.07058 1.06731 0.981454 0.990659 1.00353 1.00119 0.999362 0.999862 1.00011 1.00001 0.999982 0.999999 1 1 1 1 1 1 1 1 1 
5.12534e-09 -5.13047e-09 5.24888e-09 7.95326e-09 -6.91831e-08 -5.14832e-08 4.36322e-07 9.40091e-08 -2.87416e-06 7.25458e-07 1.80523e-05 -1.32966e-05 -0.000109574 0.00013761 0.000638166 -0.00118604 -0.00352746 0.00934064 0.018546 -0.0673055 -0.0705805 0.5 1.07058 1.06731 0.981454 0.990659 1.00353 1.00119 0.999362 0.999862 1.00011 1.00001 0.999982 0.999999 1 1 1 1 1 1 1 1 1 
5.13047e-09 -5.13532e-09 5.25193e-09 7.96474e-09 -6.92123e-08 -5.15998e-08 4.36249e-07 9.43128e-08 -2.87349e-06 7.25464e-07 1.80504e-05 -1.32989e-05 -0.000109572 0.00013762 0.000638173 -0.00118606 -0.0035275 0.00934062 0.018546 -0.0673054 -0.0705804 0.5 1.07058 1.06731 0.981454 0.990659 1.00353 1.00119 0.999362 0.999862 1.00011 1.00001 0.999982 0.999999 1 1 1 1 1 1 1 1 1 
5.13532e-09 -5.13984e-09 5.25409e-09 7.97712e-09 -6.92331e-08 -5.1708e-08 4.36154e-07 9.45494e-08 -2.87284e-06 7.25642e-07 1.80488e-05 -1.33014e-05 -0.000109571 0.000137628 0.000638182 -0.00118607 -0.00352753 0.0093406 0.0185461 -0.0673053 -0.0705804 0.5 1.07058 1.06731 0.981454 0.990659 1.00353 1.00119 0.999362 0.999862 1.00011 1.00001 0.999982 0.999999 1 1 1 1 1 1 1 1 1 
5.13984e-09 -5.14394e-09 5.25545e-09 7.98993e-09 -6.92463e-08 -5.18061e-08 4.36043e-07 9.47229e-08 -2.87223e-06 7.2596e-07 1.80475e-05 -1.33039e-05 -0.00010957 0.000137636 0.000638191 -0.00118607 -0.00352756 0.00934057 0.0185461 -0.0673052 -0.0705803 0.5 1.07058 1.06731 0.981454 0.990659 1.00353 1.00119 0.999362 0.999862 1.00011 1.00001 0.999982 0.999999 1 1 1 1 1 1 1 1 1 
5.14394e-09 -5.14761e-09 5.25608e-09 8.00279e-09 -6.92526e-08 -5.18934e-08 4.3592e-07 9.48386e-08 -2.87167e-06 7.26387e-07 1.80465e-05 -1.33064e-05 -0.000109571 0.000137642 0.000638201 -0.00118608 -0.00352759 0.00934054 0.0185461 -0.0673052 -0.0705802 0.5 1.07058 1.06731 0.981454 0.990659 1.00353 1.00119 0.999362 0.999862 1.00011 1.00001 0.999982 0.999999 1 1 1 1 1 1 1 1 1 
5.14761e-09 -5.15082e-09 5.25608e-09 8.01536e-09 -6.92532e-08 -5.19691e-08 4.35791e-07 9.49022e-08 -2.87117e-06 7.26891e-07 1.80458e-05 -1.33087e-05 -0.000109572 0.000137647 0.00063821 -0.00118608 -0.00352761 0.00934052 0.0185461 -0.0673051 -0.0705801 0.5 1.07058 1.06731 0.981454 0.990659 1.00353 1.00119 0.999362 0.999862 1.00011 1.00001 0.999982 0.999999 1 1 1 1 1 1 1 1 1 
5.15082e-09 -5.15355e-09 5.25555e-09 8.02735e-09 -6.92487e-08 -5.20331e-08 4.35661e-07 9.49203e-08 -2.87073e-06 7.27448e-07 1.80453e-05 -1.33109e-05 -0.000109573 0.000137651 0.00063822 -0.00118607 -0.00352763 0.00934049 0.0185461 -0.0673051 -0.0705801 0.5 1.07058 1.06731 0.981454 0.99066 1.00353 1.00119 0.999362 0.999862 1.00011 1.00001 0.999982 0.999999 1 1 1 1 1 1 1 1 1 
5.15355e-09 -5.15582e-09 5.25458e-09 8.03854e-09 -6.92403e-08 -5.20857e-08 4.35532e-07 9.48994e-08 -2.87036e-06 7.28031e-07 1.8045e-05 -1.33128e-05 -0.000109575 0.000137654 0.000638229 -0.00118607 -0.00352764 0.00934046 0.0185461 -0.0673051 -0.07058 0.5 1.07058 1.06731 0.981454 0.99066 1.00353 1.00119 0.999362 0.999862 1.00011 1.00001 0.999982 0.999999 1 1 1 1 1 1 1 1 1 
5.15582e-09 -5.15764e-09 5.25326e-09 8.04877e-09 -6.92286e-08 -5.21272e-08 4.35409e-07 9.48462e-08 -2.87005e-06 7.2862e-07 1.80449e-05 -1.33145e-05 -0.000109577 0.000137656 0.000638237 -0.00118606 -0.00352765 0.00934043 0.018546 -0.0673051 -0.07058 0.5 1.07058 1.06731 0.981454 0.99066 1.00353 1.00119 0.999362 0.999862 1.00011 1.00001 0.999982 0.999999 1 1 1 1 1 1 1 1 1 
5.15764e-09 -5.15903e-09 5.25169e-09 8.05792e-09 -6.92145e-08 -5.21583e-08 4.35293e-07 9.47673e-08 -2.8698e-06 7.29196e-07 1.8045e-05 -1.3316e-05 -0.000109579 0.000137658 0.000638244 -0.00118605 -0.00352766 0.00934041 0.018546 -0.0673051 -0.0705799 0.5 1.07058 1.06731 0.981454 0.99066 1.00353 1.00119 0.999362 0.999862 1.00011 1.00001 0.999982 0.999999 1 1 1 1 1 1 1 1 1 
5.15903e-09 -5.16003e-09 5.24993e-09 8.06592e-09 -6.91989e-08 -5.21799e-08 4.35186e-07 9.46688e-08 -2.86961e-06 7.29745e-07 1.80452e-05 -1.33172e-05 -0.000109581 0.000137658 0.00063825 -0.00118605 -0.00352766 0.00934039 0.018546 -0.0673051 -0.0705799 0.5 1.07058 1.06731 0.981454 0.99066 1.00353 1.00119 0.999362 0.999862 1.00011 1.00001 0.999982 0.999999 1 1 1 1 1 1 1 1 1 
5.16003e-09 -5.16067e-09 5.24807e-09 8.07275e-09 -6.91823e-08 -5.21928e-08 4.35091e-07 9.45566e-08 -2.86949e-06 7.30255e-07 1.80456e-05 -1.33181e-05 -0.000109583 0.000137658 0.000638255 -0.00118604 -0.00352766 0.00934037 0.018546 -0.0673051 -0.0705798 0.5 1.07058 1.06731 0.981454 0.99066 1.00353 1.00119 0.999362 0.999862 1.00011 1.00001 0.999982 0.999999 1 1 1 1 1 1 1 1 1 
5.16067e-09 -5.16099e-09 5.24616e-09 8.0784e-09 -6.91653e-08 -5.21981e-08 4.35007e-07 9.44359e-08 -2.86941e-06 7.30717e-07 1.8046e-05 -1.33188e-05 -0.000109585 0.000137657 0.000638259 -0.00118603 -0.00352766 0.00934036 0.0185459 -0.0673051 -0.0705798 0.5 1.07058 1.06731 0.981454 0.99066 1.00353 1.00119 0.999362 0.999862 1.00011 1.00001 0.999982 0.999999 1 1 1 1 1 1 1 1 1 
5.16099e-09 -5.16104e-09 5.24427e-09 8.08291e-09 -6.91485e-08 -5.21969e-08 4.34935e-07 9.43114e-08 -2.86938e-06 7.31126e-07 1.80465e-05 -1.33193e-05 -0.000109587 0.000137656 0.000638263 -0.00118602 -0.00352766 0.00934034 0.0185459 -0.0673051 -0.0705798 0.5 1.07058 1.06731 0.981454 0.99066 1.00353 1.00119 0.999362 0.999862 1.00011 1.00001 0.999982 0.999999 1 1 1 1 1 1 1 1 1 
5.16104e-09 -5.16085e-09 5.24244e-09 8.08635e-09 -6.91322e-08 -5.21903e-08 4.34875e-07 9.4187e-08 -2.86938e-06 7.31477e-07 1.8047e-05 -1.33196e-05 -0.000109589 0.000137655 0.000638265 -0.00118602 -0.00352765 0.00934034 0.0185459 -0.0673051 -0.0705797 0.5 1.07058 1.06731 0.981454 0.99066 1.00353 1.00119 0.999362 0.999862 1.00011 1.00001 0.999982 0.999999 1 1 1 1 1 1 1 1 1 
5.16085e-09 -5.16047e-09 5.24071e-09 8.0888e-09 -6.91169e-08 -5.21793e-08 4.34828e-07 9.40664e-08 -2.86942e-06 7.3177e-07 1.80475e-05 -1.33197e-05 -0.00010959 0.000137653 0.000638266 -0.00118601 -0.00352765 0.00934033 0.0185459 -0.0673051 -0.0705797 0.5 1.07058 1.06731 0.981454 0.99066 1.00353 1.00119 0.999362 0.999862 1.00011 1.00001 0.999982 0.999999 1 1 1 1 1 1 1 1 1 
5.16047e-09 -5.15994e-09 5.2391e-09 8.09034e-09 -6.91028e-08 -5.21648e-08 4.34791e-07 9.39521e-08 -2.86948e-06 7.32006e-07 1.8048e-05 -1.33197e-05 -0.000109591 0.000137651 0.000638267 -0.00118601 -0.00352764 0.00934033 0.0185459 -0.0673051 -0.0705797 0.5 1.07058 1.06731 0.981454 0.99066 1.00353 1.00119 0.999362 0.999862 1.00011 1.00001 0.999982 0.999999 1 1 1 1 1 1 1 1 1 
5.15994e-09 -5.1593e-09 5.23765e-09 8.09108e-09 -6.909e-08 -5.2148e-08 4.34765e-07 9.38464e-08 -2.86957e-06 7.32186e-07 1.80484e-05 -1.33195e-05 -0.000109592 0.000137649 0.000638268 -0.001186 -0.00352764 0.00934032 0.0185458 -0.0673051 -0.0705797 0.5 1.07058 1.06731 0.981454 0.99066 1.00353 1.00119 0.999362 0.999862 1.00011 1.00001 0.999982 0.999999 1 1 1 1 1 1 1 1 1 
5.1593e-09 -5.15857e-09 5.23637e-09 8.09114e-09 -6.90787e-08 -5.21295e-08 4.34748e-07 9.37508e-08 -2.86967e-06 7.32314e-07 1.80489e-05 -1.33192e-05 -0.000109593 0.000137648 0.000638267 -0.001186 -0.00352763 0.00934032 0.0185458 -0.0673051 -0.0705797 0.5 1.07058 1.06731 0.981454 0.99066 1.00353 1.00119 0.999362 0.999862 1.00011 1.00001 0.999982 0.999999 1 1 1 1 1 1 1 1 1 
5.15857e-09 -5.1578e-09 5.23525e-09 8.09061e-09 -6.9069e-08 -5.21102e-08 4.3474e-07 9.36665e-08 -2.86978e-06 7.32395e-07 1.80493e-05 -1.33189e-05 -0.000109594 0.000137646 0.000638266 -0.00118599 -0.00352762 0.00934032 0.0185458 -0.0673052 -0.0705797 0.5 1.07058 1.06731 0.981454 0.99066 1.00353 1.00119 0.999362 0.999862 1.00011 1.00001 0.999982 0.999999 1 1 1 1 1 1 1 1 1 
