1 1 0.95 0.9 0.85 0.8 0.75 0.7 0.65 0.6 0.55 0.5 0.45 0.4 0.35 0.3 0.25 0.2 0.15 0.1 0.05 0 -0.05 -0.1 -0.15 -0.2 -0.25 -0.3 -0.35 -0.4 -0.45 -0.5 -0.55 -0.6 -0.65 -0.7 -0.75 -0.8 -0.85 -0.9 -0.95 -1 -1 
1 1 0.964438 0.909 0.8585 0.808 0.7575 0.707 0.6565 0.606 0.5555 0.505 0.4545 0.404 0.3535 0.303 0.2525 0.202 0.1515 0.101 0.0505 -5.52943e-19 -0.0505 -0.101 -0.1515 -0.202 -0.2525 -0.303 -0.3535 -0.404 -0.4545 -0.505 -0.5555 -0.606 -0.6565 -0.707 -0.7575 -0.808 -0.8585 -0.909 -0.964438 -1 -1 
1 1 0.976693 0.919079 0.866735 0.816161 0.765151 0.714141 0.663131 0.612121 0.561111 0.510101 0.45909 0.40808 0.35707 0.30606 0.25505 0.20404 0.15303 0.10202 0.0510101 -1.11673e-18 -0.0510101 -0.10202 -0.15303 -0.20404 -0.25505 -0.30606 -0.35707 -0.40808 -0.45909 -0.510101 -0.561111 -0.612121 -0.663131 -0.714141 -0.765151 -0.816161 -0.866735 -0.919079 -0.976693 -1 -1 
1 1 0.985799 0.930715 0.875339 0.824302 0.772957 0.721426 0.669896 0.618365 0.566835 0.515305 0.463774 0.412244 0.360713 0.309183 0.257652 0.206122 0.154591 0.103061 0.0515305 -1.68051e-18 -0.0515305 -0.103061 -0.154591 -0.206122 -0.257652 -0.309183 -0.360713 -0.412244 -0.463774 -0.515305 -0.566835 -0.618365 -0.669896 -0.721426 -0.772957 -0.824302 -0.875339 -0.930715 -0.985799 -1 -1 
1 1 0.991399 0.943569 0.885033 0.832372 0.780908 0.728861 0.6768 0.624738 0.572677 0.520615 0.468554 0.416492 0.364431 0.312369 0.260308 0.208246 0.156185 0.104123 0.0520615 -2.2443e-18 -0.0520615 -0.104123 -0.156185 -0.208246 -0.260308 -0.312369 -0.364431 -0.416492 -0.468554 -0.520615 -0.572677 -0.624738 -0.6768 -0.728861 -0.780908 -0.832372 -0.885033 -0.943569 -0.991399 -1 -1 
1 1 0.99481 0.956564 0.895395 0.840635 0.788893 0.736449 0.683847 0.631243 0.57864 0.526036 0.473433 0.420829 0.368225 0.315622 0.263018 0.210414 0.157811 0.105207 0.0526036 -2.84061e-18 -0.0526036 -0.105207 -0.157811 -0.210414 -0.263018 -0.315622 -0.368225 -0.420829 -0.473433 -0.526036 -0.57864 -0.631243 -0.683847 -0.736449 -0.788893 -0.840635 -0.895395 -0.956564 -0.99481 -1 -1 
1 1 0.996875 0.968754 0.906349 0.849286 0.796865 0.744185 0.691041 0.637884 0.584727 0.53157 0.478413 0.425256 0.372099 0.318942 0.265785 0.212628 0.159471 0.106314 0.053157 -3.44776e-18 -0.053157 -0.106314 -0.159471 -0.212628 -0.265785 -0.318942 -0.372099 -0.425256 -0.478413 -0.53157 -0.584727 -0.637884 -0.691041 -0.744185 -0.796865 -0.849286 -0.906349 -0.968754 -0.996875 -1 -1 
1 1 0.998121 0.979029 0.91824 0.85851 0.804858 0.752059 0.698387 0.644666 0.590944 0.537222 0.4835 0.429777 0.376055 0.322333 0.268611 0.214889 0.161167 0.107444 0.0537222 -4.03323e-18 -0.0537222 -0.107444 -0.161167 -0.214889 -0.268611 -0.322333 -0.376055 -0.429777 -0.4835 -0.537222 -0.590944 -0.644666 -0.698387 -0.752059 -0.804858 -0.85851 -0.91824 -0.979029 -0.998121 -1 -1 
1 1 0.998871 0.986131 0.931561 0.868672 0.81299 0.759998 0.705887 0.651593 0.597293 0.542994 0.488695 0.434395 0.380096 0.325796 0.271497 0.217198 0.162898 0.108599 0.0542994 -4.62954e-18 -0.0542994 -0.108599 -0.162898 -0.217198 -0.271497 -0.325796 -0.380096 -0.434395 -0.488695 -0.542994 -0.597293 -0.651593 -0.705887 -0.759998 -0.81299 -0.868672 -0.931561 -0.986131 -0.998871 -1 -1 
1 1 0.999322 0.990931 0.945289 0.879598 0.821439 0.767923 0.713539 0.658668 0.60378 0.548891 0.494002 0.439113 0.384224 0.329334 0.274445 0.219556 0.164667 0.109778 0.0548891 -5.2367e-18 -0.0548891 -0.109778 -0.164667 -0.219556 -0.274445 -0.329334 -0.384224 -0.439113 -0.494002 -0.548891 -0.60378 -0.658668 -0.713539 -0.767923 -0.821439 -0.879598 -0.945289 -0.990931 -0.999322 -1 -1 
1 1 0.999593 0.994122 0.958572 0.891154 0.830355 0.775838 0.721333 0.665898 0.610408 0.554916 0.499425 0.443933 0.388441 0.33295 0.277458 0.221967 0.166475 0.110983 0.0554916 -5.86553e-18 -0.0554916 -0.110983 -0.166475 -0.221967 -0.277458 -0.33295 -0.388441 -0.443933 -0.499425 -0.554916 -0.610408 -0.665898 -0.721333 -0.775838 -0.830355 -0.891154 -0.958572 -0.994122 -0.999593 -1 -1 
1 1 0.999756 0.996216 0.970778 0.90317 0.839883 0.783794 0.72926 0.673284 0.617182 0.561075 0.504968 0.44886 0.392753 0.336645 0.280538 0.22443 0.168323 0.112215 0.0561075 -6.451e-18 -0.0561075 -0.112215 -0.168323 -0.22443 -0.280538 -0.336645 -0.392753 -0.44886 -0.504968 -0.561075 -0.617182 -0.673284 -0.72926 -0.783794 -0.839883 -0.90317 -0.970778 -0.996216 -0.999756 -1 -1 
1 1 0.999853 0.997578 0.979952 0.916957 0.850138 0.792003 0.737198 0.68083 0.624108 0.567371 0.510634 0.453897 0.39716 0.340423 0.283686 0.226948 0.170211 0.113474 0.0567371 -7.04731e-18 -0.0567371 -0.113474 -0.170211 -0.226948 -0.283686 -0.340423 -0.39716 -0.453897 -0.510634 -0.567371 -0.624108 -0.68083 -0.737198 -0.792003 -0.850138 -0.916957 -0.979952 -0.997578 -0.999853 -1 -1 
1 1 0.999912 0.998457 0.986407 0.931499 0.861499 0.800501 0.745135 0.688528 0.631189 0.573809 0.516428 0.459047 0.401667 0.344286 0.286905 0.229524 0.172143 0.114762 0.0573809 -7.64363e-18 -0.0573809 -0.114762 -0.172143 -0.229524 -0.286905 -0.344286 -0.401667 -0.459047 -0.516428 -0.573809 -0.631189 -0.688528 -0.745135 -0.800501 -0.861499 -0.931499 -0.986407 -0.998457 -0.999912 -1 -1 
1 1 0.999947 0.99902 0.990871 0.946065 0.87356 0.809521 0.75304 0.696372 0.63843 0.580394 0.522355 0.464316 0.406276 0.348237 0.290197 0.232158 0.174118 0.116079 0.0580394 -8.26162e-18 -0.0580394 -0.116079 -0.174118 -0.232158 -0.290197 -0.348237 -0.406276 -0.464316 -0.522355 -0.580394 -0.63843 -0.696372 -0.75304 -0.809521 -0.87356 -0.946065 -0.990871 -0.99902 -0.999947 -1 -1 
1 1 0.999968 0.99938 0.993916 0.959863 0.886227 0.819178 0.760971 0.704349 0.645834 0.587131 0.528418 0.469705 0.410992 0.352279 0.293566 0.234853 0.176139 0.117426 0.0587132 -8.89046e-18 -0.0587132 -0.117426 -0.176139 -0.234853 -0.293566 -0.352279 -0.410992 -0.469705 -0.528418 -0.587131 -0.645834 -0.704349 -0.760971 -0.819178 -0.886227 -0.959863 -0.993916 -0.99938 -0.999968 -1 -1 
1 1 0.999981 0.999609 0.995971 0.971854 0.89979 0.829603 0.769133 0.712338 0.653403 0.594025 0.534623 0.475221 0.415818 0.356416 0.297013 0.23761 0.178208 0.118805 0.0594026 -9.53014e-18 -0.0594026 -0.118805 -0.178208 -0.23761 -0.297013 -0.356416 -0.415818 -0.475221 -0.534623 -0.594025 -0.653403 -0.712338 -0.769133 -0.829603 -0.89979 -0.971854 -0.995971 -0.999609 -0.999981 -1 -1 
1 1 0.999989 0.999754 0.997346 0.980506 0.915003 0.841086 0.777661 0.720303 0.661133 0.601081 0.540975 0.480867 0.420758 0.36065 0.300542 0.240433 0.180325 0.120217 0.0601083 -1.01807e-17 -0.0601083 -0.120217 -0.180325 -0.240433 -0.300542 -0.36065 -0.420758 -0.480867 -0.540975 -0.601081 -0.661133 -0.720303 -0.777661 -0.841086 -0.915003 -0.980506 -0.997346 -0.999754 -0.999989 -1 -1 
1 1 0.999993 0.999845 0.99826 0.986631 0.930772 0.85352 0.786679 0.728238 0.669012 0.608303 0.547478 0.486648 0.425817 0.364986 0.304155 0.243324 0.182493 0.121662 0.0608309 -1.0842e-17 -0.0608309 -0.121662 -0.182493 -0.243324 -0.304155 -0.364986 -0.425817 -0.486648 -0.547478 -0.608303 -0.669012 -0.728238 -0.786679 -0.85352 -0.930772 -0.986631 -0.99826 -0.999845 -0.999993 -1 -1 
1 1 0.999996 0.999903 0.998863 0.990904 0.946243 0.866707 0.796344 0.73617 0.677032 0.615696 0.554139 0.492568 0.430997 0.369426 0.307855 0.246284 0.184713 0.123142 0.061571 -1.15468e-17 -0.061571 -0.123142 -0.184713 -0.246284 -0.307855 -0.369426 -0.430997 -0.492568 -0.554139 -0.615696 -0.677032 -0.73617 -0.796344 -0.866707 -0.946243 -0.990904 -0.998863 -0.999903 -0.999996 -1 -1 
1 1 0.999998 0.999939 0.99926 0.993851 0.960691 0.880494 0.80679 0.744252 0.685108 0.623261 0.560962 0.498634 0.436305 0.373975 0.311646 0.249317 0.186988 0.124658 0.0623292 -1.22732e-17 -0.0623292 -0.124658 -0.186988 -0.249317 -0.311646 -0.373975 -0.436305 -0.498634 -0.560962 -0.623261 -0.685108 -0.744252 -0.80679 -0.880494 -0.960691 -0.993851 -0.99926 -0.999939 -0.999998 -1 -1 
1 1 0.999999 0.999962 0.99952 0.995866 0.972361 0.895899 0.818136 0.752698 0.693147 0.630998 0.567953 0.50485 0.441743 0.378637 0.315531 0.252425 0.189319 0.126212 0.0631062 -1.29996e-17 -0.0631062 -0.126212 -0.189319 -0.252425 -0.315531 -0.378637 -0.441743 -0.50485 -0.567953 -0.630998 -0.693147 -0.752698 -0.818136 -0.895899 -0.972361 -0.995866 -0.99952 -0.999962 -0.999999 -1 -1 
1 1 0.999999 0.999976 0.99969 0.997233 0.980777 0.912484 0.83086 0.761585 0.70115 0.638895 0.575117 0.511221 0.447319 0.383416 0.319513 0.255611 0.191708 0.127805 0.0639027 -1.37368e-17 -0.0639027 -0.127805 -0.191708 -0.255611 -0.319513 -0.383416 -0.447319 -0.511221 -0.575117 -0.638895 -0.70115 -0.761585 -0.83086 -0.912484 -0.980777 -0.997233 -0.99969 -0.999976 -0.999999 -1 -1 
1 1 0.999999 0.999985 0.9998 0.998156 0.986743 0.929494 0.844424 0.771157 0.709102 0.646942 0.582459 0.517754 0.453036 0.388316 0.323597 0.258878 0.194158 0.129439 0.0647194 -1.43874e-17 -0.0647194 -0.129439 -0.194158 -0.258878 -0.323597 -0.388316 -0.453036 -0.517754 -0.582459 -0.646942 -0.709102 -0.771157 -0.844424 -0.929494 -0.986743 -0.998156 -0.9998 -0.999985 -0.999999 -1 -1 
1 1 1 0.999991 0.999871 0.998775 0.99092 0.945952 0.858791 0.781507 0.717083 0.655128 0.589983 0.524455 0.4589 0.393343 0.327786 0.262228 0.196671 0.131114 0.0655571 -1.50596e-17 -0.0655571 -0.131114 -0.196671 -0.262228 -0.327786 -0.393343 -0.4589 -0.524455 -0.589983 -0.655128 -0.717083 -0.781507 -0.858791 -0.945952 -0.99092 -0.998775 -0.999871 -0.999991 -1 -1 -1 
1 1 1 0.999994 0.999917 0.999189 0.993814 0.961166 0.873762 0.792779 0.725363 0.663275 0.597691 0.53133 0.464917 0.3985 0.332083 0.265667 0.19925 0.132833 0.0664167 -1.56667e-17 -0.0664167 -0.132833 -0.19925 -0.265667 -0.332083 -0.3985 -0.464917 -0.53133 -0.597691 -0.663275 -0.725363 -0.792779 -0.873762 -0.961166 -0.993814 -0.999189 -0.999917 -0.999994 -1 -1 -1 
1 1 1 0.999996 0.999947 0.999465 0.995805 0.972653 0.891076 0.805085 0.734118 0.671363 0.605575 0.538385 0.471092 0.403793 0.336495 0.269196 0.201897 0.134598 0.0672989 -1.62739e-17 -0.0672989 -0.134598 -0.201897 -0.269196 -0.336495 -0.403793 -0.471092 -0.538385 -0.605575 -0.671363 -0.734118 -0.805085 -0.891076 -0.972653 -0.995805 -0.999465 -0.999947 -0.999996 -1 -1 -1 
1 1 1 0.999998 0.999966 0.999648 0.997167 0.980933 0.909307 0.818931 0.743387 0.679408 0.613623 0.545625 0.477432 0.409228 0.341024 0.272819 0.204614 0.136409 0.0682047 -1.6881e-17 -0.0682047 -0.136409 -0.204614 -0.272819 -0.341024 -0.409228 -0.477432 -0.545625 -0.613623 -0.679408 -0.743387 -0.818931 -0.909307 -0.980933 -0.997167 -0.999648 -0.999966 -0.999998 -1 -1 -1 
1 1 1 0.999999 0.999978 0.999769 0.998092 0.986809 0.927701 0.833734 0.753466 0.687399 0.621825 0.553055 0.483944 0.414811 0.345676 0.27654 0.207405 0.13827 0.0691351 -1.75099e-17 -0.0691351 -0.13827 -0.207405 -0.27654 -0.345676 -0.414811 -0.483944 -0.553055 -0.621825 -0.687399 -0.753466 -0.833734 -0.927701 -0.986809 -0.998092 -0.999769 -0.999978 -0.999999 -1 -1 -1 
1 1 1 0.999999 0.999986 0.999848 0.99872 0.990928 0.9453 0.849403 0.764479 0.695464 0.630136 0.560679 0.490635 0.420546 0.350455 0.280364 0.210273 0.140182 0.070091 -1.81387e-17 -0.070091 -0.140182 -0.210273 -0.280364 -0.350455 -0.420546 -0.490635 -0.560679 -0.630136 -0.695464 -0.764479 -0.849403 -0.9453 -0.990928 -0.99872 -0.999848 -0.999986 -0.999999 -1 -1 -1 
1 1 1 0.999999 0.999991 0.999901 0.999143 0.993791 0.961015 0.866111 0.776581 0.703908 0.638371 0.568499 0.49751 0.426441 0.355368 0.284294 0.213221 0.142147 0.0710736 -1.87675e-17 -0.0710736 -0.142147 -0.213221 -0.284294 -0.355368 -0.426441 -0.49751 -0.568499 -0.638371 -0.703908 -0.776581 -0.866111 -0.961015 -0.993791 -0.999143 -0.999901 -0.999991 -0.999999 -1 -1 -1 
1 1 1 1 0.999994 0.999935 0.999428 0.995767 0.972553 0.885253 0.790046 0.712899 0.646523 0.576503 0.504577 0.432503 0.360419 0.288336 0.216252 0.144168 0.0720839 -1.93964e-17 -0.0720839 -0.144168 -0.216252 -0.288336 -0.360419 -0.432503 -0.504577 -0.576503 -0.646523 -0.712899 -0.790046 -0.885253 -0.972553 -0.995767 -0.999428 -0.999935 -0.999994 -1 -1 -1 -1 
1 1 1 1 0.999996 0.999958 0.999619 0.997124 0.980856 0.905212 0.805089 0.722549 0.6546 0.584679 0.511842 0.438738 0.365615 0.292492 0.219369 0.146246 0.0731231 -2.00469e-17 -0.0731231 -0.146246 -0.219369 -0.292492 -0.365615 -0.438738 -0.511842 -0.584679 -0.6546 -0.722549 -0.805089 -0.905212 -0.980856 -0.997124 -0.999619 -0.999958 -0.999996 -1 -1 -1 -1 
1 1 1 1 0.999998 0.999973 0.999747 0.998051 0.986742 0.925127 0.821211 0.733142 0.662618 0.593016 0.519311 0.445153 0.370962 0.29677 0.222577 0.148385 0.0741925 -2.08058e-17 -0.0741925 -0.148385 -0.222577 -0.29677 -0.370962 -0.445153 -0.519311 -0.593016 -0.662618 -0.733142 -0.821211 -0.925127 -0.986742 -0.998051 -0.999747 -0.999973 -0.999998 -1 -1 -1 -1 
1 1 1 1 0.999999 0.999982 0.999832 0.998683 0.990868 0.944031 0.838278 0.74483 0.670748 0.601441 0.526988 0.451757 0.376467 0.301174 0.22588 0.150587 0.0752934 -2.16298e-17 -0.0752934 -0.150587 -0.22588 -0.301174 -0.376467 -0.451757 -0.526988 -0.601441 -0.670748 -0.74483 -0.838278 -0.944031 -0.990868 -0.998683 -0.999832 -0.999982 -0.999999 -1 -1 -1 -1 
1 1 1 1 0.999999 0.999989 0.999889 0.999112 0.993736 0.960175 0.857089 0.75778 0.679324 0.609766 0.534874 0.458556 0.382136 0.305709 0.229282 0.152854 0.0764272 -2.25622e-17 -0.0764272 -0.152854 -0.229282 -0.305709 -0.382136 -0.458556 -0.534874 -0.609766 -0.679324 -0.75778 -0.857089 -0.960175 -0.993736 -0.999112 -0.999889 -0.999989 -0.999999 -1 -1 -1 -1 
1 1 1 1 0.999999 0.999993 0.999927 0.999403 0.995718 0.971999 0.878059 0.772527 0.688496 0.617983 0.542956 0.46556 0.387977 0.310382 0.232786 0.155191 0.0775954 -2.35163e-17 -0.0775954 -0.155191 -0.232786 -0.310382 -0.387977 -0.46556 -0.542956 -0.617983 -0.688496 -0.772527 -0.878059 -0.971999 -0.995718 -0.999403 -0.999927 -0.999993 -0.999999 -1 -1 -1 -1 
1 1 1 1 1 0.999995 0.999952 0.999599 0.997081 0.980488 0.899872 0.788832 0.698508 0.626083 0.551223 0.472774 0.393997 0.315199 0.236399 0.157599 0.0787997 -2.44488e-17 -0.0787997 -0.157599 -0.236399 -0.315199 -0.393997 -0.472774 -0.551223 -0.626083 -0.698508 -0.788832 -0.899872 -0.980488 -0.997081 -0.999599 -0.999952 -0.999995 -1 -1 -1 -1 -1 
1 1 1 1 1 0.999997 0.999968 0.999731 0.998014 0.986494 0.921489 0.80635 0.709597 0.634118 0.55966 0.480206 0.400206 0.320166 0.240125 0.160083 0.0800415 -2.54245e-17 -0.0800415 -0.160083 -0.240125 -0.320166 -0.400206 -0.480206 -0.55966 -0.634118 -0.709597 -0.80635 -0.921489 -0.986494 -0.998014 -0.999731 -0.999968 -0.999997 -1 -1 -1 -1 -1 
1 1 1 1 1 0.999998 0.999979 0.99982 0.998652 0.990698 0.94191 0.824919 0.721943 0.642272 0.568194 0.487861 0.40661 0.325291 0.243969 0.162646 0.0813229 -2.64871e-17 -0.0813229 -0.162646 -0.243969 -0.325291 -0.40661 -0.487861 -0.568194 -0.642272 -0.721943 -0.824919 -0.94191 -0.990698 -0.998652 -0.99982 -0.999979 -0.999998 -1 -1 -1 -1 -1 
1 1 1 1 1 0.999999 0.999986 0.99988 0.999087 0.993617 0.958722 0.845945 0.735732 0.65093 0.576605 0.495741 0.41322 0.330582 0.247937 0.165291 0.0826455 -2.76363e-17 -0.0826455 -0.165291 -0.247937 -0.330582 -0.41322 -0.495741 -0.576605 -0.65093 -0.735732 -0.845945 -0.958722 -0.993617 -0.999087 -0.99988 -0.999986 -0.999999 -1 -1 -1 -1 -1 
1 1 1 1 1 0.999999 0.999991 0.99992 0.999383 0.995633 0.97102 0.868951 0.751747 0.660224 0.584888 0.503834 0.420044 0.336046 0.252035 0.168023 0.0840116 -2.88289e-17 -0.0840116 -0.168023 -0.252035 -0.336046 -0.420044 -0.503834 -0.584888 -0.660224 -0.751747 -0.868951 -0.97102 -0.995633 -0.999383 -0.99992 -0.999991 -0.999999 -1 -1 -1 -1 -1 
1 1 1 1 1 0.999999 0.999994 0.999947 0.999583 0.997019 0.979834 0.892853 0.769369 0.670513 0.593011 0.512128 0.427091 0.341692 0.25627 0.170846 0.0854232 -3.013e-17 -0.0854232 -0.170846 -0.25627 -0.341692 -0.427091 -0.512128 -0.593011 -0.670513 -0.769369 -0.892853 -0.979834 -0.997019 -0.999583 -0.999947 -0.999994 -0.999999 -1 -1 -1 -1 -1 
1 1 1 1 1 1 0.999996 0.999965 0.999719 0.997969 0.986059 0.916448 0.788369 0.682012 0.601053 0.520608 0.434369 0.347528 0.260648 0.173765 0.0868826 -3.1431e-17 -0.0868826 -0.173765 -0.260648 -0.347528 -0.434369 -0.520608 -0.601053 -0.682012 -0.788369 -0.916448 -0.986059 -0.997969 -0.999719 -0.999965 -0.999996 -1 -1 -1 -1 -1 -1 
1 1 1 1 1 1 0.999998 0.999977 0.999811 0.998619 0.990407 0.938684 0.808564 0.694934 0.609172 0.529232 0.441884 0.353566 0.265177 0.176785 0.0883923 -3.28188e-17 -0.0883923 -0.176785 -0.265177 -0.353566 -0.441884 -0.529232 -0.609172 -0.694934 -0.808564 -0.938684 -0.990407 -0.998619 -0.999811 -0.999977 -0.999998 -1 -1 -1 -1 -1 -1 
1 1 1 1 1 1 0.999998 0.999985 0.999873 0.999062 0.993422 0.956485 0.831954 0.709494 0.617823 0.537724 0.449643 0.359813 0.269865 0.17991 0.089955 -3.42066e-17 -0.089955 -0.17991 -0.269865 -0.359813 -0.449643 -0.537724 -0.617823 -0.709494 -0.831954 -0.956485 -0.993422 -0.999062 -0.999873 -0.999985 -0.999998 -1 -1 -1 -1 -1 -1 
1 1 1 1 1 1 0.999999 0.99999 0.999915 0.999364 0.995501 0.9695 0.857269 0.726712 0.627131 0.546069 0.457635 0.366281 0.27472 0.183147 0.0915734 -3.57245e-17 -0.0915734 -0.183147 -0.27472 -0.366281 -0.457635 -0.546069 -0.627131 -0.726712 -0.857269 -0.9695 -0.995501 -0.999364 -0.999915 -0.99999 -0.999999 -1 -1 -1 -1 -1 -1 
1 1 1 1 1 1 0.999999 0.999993 0.999943 0.999569 0.996929 0.978816 0.883563 0.745687 0.637548 0.554215 0.465849 0.37298 0.279751 0.186501 0.0932505 -3.73724e-17 -0.0932505 -0.186501 -0.279751 -0.37298 -0.465849 -0.554215 -0.637548 -0.745687 -0.883563 -0.978816 -0.996929 -0.999569 -0.999943 -0.999993 -0.999999 -1 -1 -1 -1 -1 -1 
1 1 1 1 1 1 1 0.999996 0.999962 0.999709 0.997907 0.985382 0.909496 0.76625 0.649302 0.562247 0.474272 0.379919 0.284967 0.189979 0.0949896 -3.90638e-17 -0.0949896 -0.189979 -0.284967 -0.379919 -0.474272 -0.562247 -0.649302 -0.76625 -0.909496 -0.985382 -0.997907 -0.999709 -0.999962 -0.999996 -1 -1 -1 -1 -1 -1 -1 
1 1 1 1 1 1 1 0.999997 0.999975 0.999803 0.998576 0.989959 0.933938 0.788202 0.662645 0.570295 0.48289 0.387109 0.29038 0.193588 0.0967942 -4.0972e-17 -0.0967942 -0.193588 -0.29038 -0.387109 -0.48289 -0.570295 -0.662645 -0.788202 -0.933938 -0.989959 -0.998576 -0.999803 -0.999975 -0.999997 -1 -1 -1 -1 -1 -1 -1 
1 1 1 1 1 1 1 0.999998 0.999983 0.999867 0.999032 0.993126 0.953168 0.814106 0.677831 0.578809 0.491438 0.394556 0.295999 0.197336 0.098668 -4.27935e-17 -0.098668 -0.197336 -0.295999 -0.394556 -0.491438 -0.578809 -0.677831 -0.814106 -0.953168 -0.993126 -0.999032 -0.999867 -0.999983 -0.999998 -1 -1 -1 -1 -1 -1 -1 
1 1 1 1 1 1 1 0.999999 0.999989 0.99991 0.999342 0.995305 0.967233 0.842062 0.696098 0.587966 0.499829 0.402259 0.301836 0.20123 0.100615 -4.4745e-17 -0.100615 -0.20123 -0.301836 -0.402259 -0.499829 -0.587966 -0.696098 -0.842062 -0.967233 -0.995305 -0.999342 -0.99991 -0.999989 -0.999999 -1 -1 -1 -1 -1 -1 -1 
1 1 1 1 1 1 1 0.999999 0.999992 0.99994 0.999554 0.996799 0.977292 0.871116 0.716419 0.598288 0.507989 0.41021 0.307903 0.205279 0.10264 -4.70002e-17 -0.10264 -0.205279 -0.307903 -0.41021 -0.507989 -0.598288 -0.716419 -0.871116 -0.977292 -0.996799 -0.999554 -0.99994 -0.999992 -0.999999 -1 -1 -1 -1 -1 -1 -1 
1 1 1 1 1 1 1 0.999999 0.999995 0.99996 0.999698 0.99782 0.984369 0.899844 0.738584 0.610053 0.515988 0.418395 0.314211 0.209493 0.104747 -4.92119e-17 -0.104747 -0.209493 -0.314211 -0.418395 -0.515988 -0.610053 -0.738584 -0.899844 -0.984369 -0.99782 -0.999698 -0.99996 -0.999995 -0.999999 -1 -1 -1 -1 -1 -1 -1 
1 1 1 1 1 1 1 1 0.999997 0.999973 0.999795 0.998517 0.989291 0.927001 0.762405 0.623555 0.52395 0.426804 0.320772 0.213881 0.106941 -5.15972e-17 -0.106941 -0.213881 -0.320772 -0.426804 -0.52395 -0.623555 -0.762405 -0.927001 -0.989291 -0.998517 -0.999795 -0.999973 -0.999997 -1 -1 -1 -1 -1 -1 -1 -1 
1 1 1 1 1 1 1 1 0.999998 0.999982 0.999861 0.998992 0.992687 0.948282 0.790923 0.639104 0.532175 0.435313 0.327598 0.218454 0.109228 -5.4286e-17 -0.109228 -0.218454 -0.327598 -0.435313 -0.532175 -0.639104 -0.790923 -0.948282 -0.992687 -0.998992 -0.999861 -0.999982 -0.999998 -1 -1 -1 -1 -1 -1 -1 -1 
1 1 1 1 1 1 1 1 0.999999 0.999988 0.999906 0.999315 0.995017 0.963877 0.821893 0.658114 0.540977 0.443679 0.334694 0.223224 0.111615 -5.69748e-17 -0.111615 -0.223224 -0.334694 -0.443679 -0.540977 -0.658114 -0.821893 -0.963877 -0.995017 -0.999315 -0.999906 -0.999988 -0.999999 -1 -1 -1 -1 -1 -1 -1 -1 
1 1 1 1 1 1 1 1 0.999999 0.999992 0.999937 0.999535 0.99661 0.97503 0.854133 0.679671 0.550909 0.451804 0.342059 0.228203 0.114106 -6.00106e-17 -0.114106 -0.228203 -0.342059 -0.451804 -0.550909 -0.679671 -0.854133 -0.97503 -0.99661 -0.999535 -0.999937 -0.999992 -0.999999 -1 -1 -1 -1 -1 -1 -1 -1 
1 1 1 1 1 1 1 1 0.999999 0.999995 0.999957 0.999685 0.997696 0.982864 0.886225 0.703387 0.562336 0.45972 0.349685 0.233403 0.11671 -6.29163e-17 -0.11671 -0.233403 -0.349685 -0.45972 -0.562336 -0.703387 -0.886225 -0.982864 -0.997696 -0.999685 -0.999957 -0.999995 -0.999999 -1 -1 -1 -1 -1 -1 -1 -1 
1 1 1 1 1 1 1 1 1 0.999996 0.999971 0.999786 0.998435 0.988298 0.916762 0.729108 0.575599 0.467529 0.357563 0.238839 0.119434 -6.63423e-17 -0.119434 -0.238839 -0.357563 -0.467529 -0.575599 -0.729108 -0.916762 -0.988298 -0.998435 -0.999786 -0.999971 -0.999996 -1 -1 -1 -1 -1 -1 -1 -1 -1 
1 1 1 1 1 1 1 1 1 0.999998 0.999981 0.999855 0.998938 0.992036 0.941002 0.76019 0.591072 0.475394 0.36569 0.244522 0.122286 -6.99853e-17 -0.122286 -0.244522 -0.36569 -0.475394 -0.591072 -0.76019 -0.941002 -0.992036 -0.998938 -0.999855 -0.999981 -0.999998 -1 -1 -1 -1 -1 -1 -1 -1 -1 
1 1 1 1 1 1 1 1 1 0.999998 0.999987 0.999902 0.999279 0.994592 0.958846 0.794533 0.610278 0.483615 0.373816 0.250467 0.125276 -7.35848e-17 -0.125276 -0.250467 -0.373816 -0.483615 -0.610278 -0.794533 -0.958846 -0.994592 -0.999279 -0.999902 -0.999987 -0.999998 -1 -1 -1 -1 -1 -1 -1 -1 -1 
1 1 1 1 1 1 1 1 1 0.999999 0.999991 0.999934 0.999511 0.996332 0.971626 0.830408 0.632767 0.492799 0.381737 0.256681 0.128413 -7.77481e-17 -0.128413 -0.256681 -0.381737 -0.492799 -0.632767 -0.830408 -0.971626 -0.996332 -0.999511 -0.999934 -0.999991 -0.999999 -1 -1 -1 -1 -1 -1 -1 -1 -1 
1 1 1 1 1 1 1 1 1 0.999999 0.999994 0.999955 0.999669 0.997515 0.980595 0.866551 0.65778 0.503432 0.389425 0.263163 0.131708 -8.19115e-17 -0.131708 -0.263163 -0.389425 -0.503432 -0.65778 -0.866551 -0.980595 -0.997515 -0.999669 -0.999955 -0.999994 -0.999999 -1 -1 -1 -1 -1 -1 -1 -1 -1 
1 1 1 1 1 1 1 1 1 1 0.999996 0.99997 0.999775 0.998317 0.986803 0.901329 0.685245 0.515886 0.396948 0.269912 0.135173 -8.65085e-17 -0.135173 -0.269912 -0.396948 -0.515886 -0.685245 -0.901329 -0.986803 -0.998317 -0.999775 -0.99997 -0.999996 -1 -1 -1 -1 -1 -1 -1 -1 -1 -1 
1 1 1 1 1 1 1 1 1 1 0.999997 0.99998 0.999848 0.99886 0.991056 0.929886 0.71849 0.530609 0.404424 0.276927 0.138818 -9.13657e-17 -0.138818 -0.276927 -0.404424 -0.530609 -0.71849 -0.929886 -0.991056 -0.99886 -0.999848 -0.99998 -0.999997 -1 -1 -1 -1 -1 -1 -1 -1 -1 -1 
1 1 1 1 1 1 1 1 1 1 0.999998 0.999986 0.999897 0.999229 0.993953 0.951098 0.756405 0.549092 0.411886 0.284212 0.142658 -9.63097e-17 -0.142658 -0.284212 -0.411886 -0.549092 -0.756405 -0.951098 -0.993953 -0.999229 -0.999897 -0.999986 -0.999998 -1 -1 -1 -1 -1 -1 -1 -1 -1 -1 
1 1 1 1 1 1 1 1 1 1 0.999999 0.999991 0.99993 0.999478 0.995917 0.966355 0.796288 0.571859 0.419943 0.29144 0.146704 -1.01601e-16 -0.146704 -0.29144 -0.419943 -0.571859 -0.796288 -0.966355 -0.995917 -0.999478 -0.99993 -0.999991 -0.999999 -1 -1 -1 -1 -1 -1 -1 -1 -1 -1 
1 1 1 1 1 1 1 1 1 1 0.999999 0.999994 0.999953 0.999647 0.997245 0.977074 0.83725 0.597527 0.429238 0.298474 0.150966 -1.07759e-16 -0.150966 -0.298474 -0.429238 -0.597527 -0.83725 -0.977074 -0.997245 -0.999647 -0.999953 -0.999994 -0.999999 -1 -1 -1 -1 -1 -1 -1 -1 -1 -1 
1 1 1 1 1 1 1 1 1 1 0.999999 0.999996 0.999968 0.999761 0.998142 0.984479 0.877352 0.626176 0.440145 0.305333 0.155446 -1.14264e-16 -0.155446 -0.305333 -0.440145 -0.626176 -0.877352 -0.984479 -0.998142 -0.999761 -0.999968 -0.999996 -0.999999 -1 -1 -1 -1 -1 -1 -1 -1 -1 -1 
1 1 1 1 1 1 1 1 1 1 1 0.999997 0.999978 0.999838 0.998747 0.989537 0.912276 0.660441 0.453154 0.312075 0.16015 -1.21029e-16 -0.16015 -0.312075 -0.453154 -0.660441 -0.912276 -0.989537 -0.998747 -0.999838 -0.999978 -0.999997 -1 -1 -1 -1 -1 -1 -1 -1 -1 -1 -1 
1 1 1 1 1 1 1 1 1 1 1 0.999998 0.999985 0.999891 0.999155 0.992964 0.938655 0.701595 0.46951 0.318716 0.165083 -1.28055e-16 -0.165083 -0.318716 -0.46951 -0.701595 -0.938655 -0.992964 -0.999155 -0.999891 -0.999985 -0.999998 -1 -1 -1 -1 -1 -1 -1 -1 -1 -1 -1 
1 1 1 1 1 1 1 1 1 1 1 0.999999 0.99999 0.999926 0.99943 0.995276 0.95782 0.745805 0.491013 0.325358 0.170253 -1.36035e-16 -0.170253 -0.325358 -0.491013 -0.745805 -0.95782 -0.995276 -0.99943 -0.999926 -0.99999 -0.999999 -1 -1 -1 -1 -1 -1 -1 -1 -1 -1 -1 
1 1 1 1 1 1 1 1 1 1 1 0.999999 0.999993 0.99995 0.999615 0.996831 0.971346 0.792269 0.516034 0.332698 0.175411 -1.44535e-16 -0.175411 -0.332698 -0.516034 -0.792269 -0.971346 -0.996831 -0.999615 -0.99995 -0.999993 -0.999999 -1 -1 -1 -1 -1 -1 -1 -1 -1 -1 -1 
1 1 1 1 1 1 1 1 1 1 1 0.999999 0.999996 0.999966 0.999741 0.997874 0.980693 0.838943 0.544543 0.34117 0.180451 -1.53469e-16 -0.180451 -0.34117 -0.544543 -0.838943 -0.980693 -0.997874 -0.999741 -0.999966 -0.999996 -0.999999 -1 -1 -1 -1 -1 -1 -1 -1 -1 -1 -1 
1 1 1 1 1 1 1 1 1 1 1 1 0.999997 0.999977 0.999825 0.998574 0.987061 0.883171 0.577363 0.351223 0.185372 -1.62836e-16 -0.185372 -0.351223 -0.577363 -0.883171 -0.987061 -0.998574 -0.999825 -0.999977 -0.999997 -1 -1 -1 -1 -1 -1 -1 -1 -1 -1 -1 -1 
1 1 1 1 1 1 1 1 1 1 1 1 0.999998 0.999985 0.999882 0.999043 0.991357 0.917612 0.620074 0.363568 0.190185 -1.72724e-16 -0.190185 -0.363568 -0.620074 -0.917612 -0.991357 -0.999043 -0.999882 -0.999985 -0.999998 -1 -1 -1 -1 -1 -1 -1 -1 -1 -1 -1 -1 
1 1 1 1 1 1 1 1 1 1 1 1 0.999999 0.99999 0.99992 0.999358 0.994237 0.943162 0.669073 0.380243 0.194818 -1.82786e-16 -0.194818 -0.380243 -0.669073 -0.943162 -0.994237 -0.999358 -0.99992 -0.99999 -0.999999 -1 -1 -1 -1 -1 -1 -1 -1 -1 -1 -1 -1 
1 1 1 1 1 1 1 1 1 1 1 1 0.999999 0.999993 0.999946 0.999569 0.996161 0.961415 0.721128 0.402208 0.199431 -1.93367e-16 -0.199431 -0.402208 -0.721128 -0.961415 -0.996161 -0.999569 -0.999946 -0.999993 -0.999999 -1 -1 -1 -1 -1 -1 -1 -1 -1 -1 -1 -1 
1 1 1 1 1 1 1 1 1 1 1 1 0.999999 0.999995 0.999964 0.99971 0.997444 0.9741 0.775452 0.427863 0.204362 -2.06204e-16 -0.204362 -0.427863 -0.775452 -0.9741 -0.997444 -0.99971 -0.999964 -0.999995 -0.999999 -1 -1 -1 -1 -1 -1 -1 -1 -1 -1 -1 -1 
1 1 1 1 1 1 1 1 1 1 1 1 1 0.999997 0.999975 0.999805 0.998297 0.982744 0.829647 0.457607 0.20996 -2.1748e-16 -0.20996 -0.457607 -0.829647 -0.982744 -0.998297 -0.999805 -0.999975 -0.999997 -1 -1 -1 -1 -1 -1 -1 -1 -1 -1 -1 -1 -1 
1 1 1 1 1 1 1 1 1 1 1 1 1 0.999998 0.999983 0.999869 0.998865 0.988557 0.87742 0.496003 0.216594 -2.27888e-16 -0.216594 -0.496003 -0.87742 -0.988557 -0.998865 -0.999869 -0.999983 -0.999998 -1 -1 -1 -1 -1 -1 -1 -1 -1 -1 -1 -1 -1 
1 1 1 1 1 1 1 1 1 1 1 1 1 0.999999 0.999989 0.999912 0.999244 0.992433 0.914398 0.545402 0.225323 -2.35521e-16 -0.225323 -0.545402 -0.914398 -0.992433 -0.999244 -0.999912 -0.999989 -0.999999 -1 -1 -1 -1 -1 -1 -1 -1 -1 -1 -1 -1 -1 
1 1 1 1 1 1 1 1 1 1 1 1 1 0.999999 0.999992 0.999941 0.999495 0.995003 0.941593 0.602327 0.237922 -2.42113e-16 -0.237922 -0.602327 -0.941593 -0.995003 -0.999495 -0.999941 -0.999992 -0.999999 -1 -1 -1 -1 -1 -1 -1 -1 -1 -1 -1 -1 -1 
1 1 1 1 1 1 1 1 1 1 1 1 1 0.999999 0.999995 0.99996 0.999663 0.996702 0.960817 0.663563 0.255262 -2.48185e-16 -0.255262 -0.663563 -0.960817 -0.996702 -0.999663 -0.99996 -0.999995 -0.999999 -1 -1 -1 -1 -1 -1 -1 -1 -1 -1 -1 -1 -1 
1 1 1 1 1 1 1 1 1 1 1 1 1 1 0.999997 0.999973 0.999775 0.997823 0.974019 0.728007 0.276107 -2.54777e-16 -0.276107 -0.728007 -0.974019 -0.997823 -0.999775 -0.999973 -0.999997 -1 -1 -1 -1 -1 -1 -1 -1 -1 -1 -1 -1 -1 -1 
1 1 1 1 1 1 1 1 1 1 1 1 1 1 0.999998 0.999982 0.999849 0.998562 0.982904 0.793092 0.301061 -2.6293e-16 -0.301061 -0.793092 -0.982904 -0.998562 -0.999849 -0.999982 -0.999998 -1 -1 -1 -1 -1 -1 -1 -1 -1 -1 -1 -1 -1 -1 
1 1 1 1 1 1 1 1 1 1 1 1 1 1 0.999998 0.999988 0.999899 0.99905 0.988804 0.850254 0.337153 -2.74206e-16 -0.337153 -0.850254 -0.988804 -0.99905 -0.999899 -0.999988 -0.999998 -1 -1 -1 -1 -1 -1 -1 -1 -1 -1 -1 -1 -1 -1 
1 1 1 1 1 1 1 1 1 1 1 1 1 1 0.999999 0.999992 0.999933 0.999372 0.992687 0.895359 0.387155 -3.02829e-16 -0.387155 -0.895359 -0.992687 -0.999372 -0.999933 -0.999992 -0.999999 -1 -1 -1 -1 -1 -1 -1 -1 -1 -1 -1 -1 -1 -1 
1 1 1 1 1 1 1 1 1 1 1 1 1 1 0.999999 0.999994 0.999955 0.999584 0.995229 0.928894 0.449071 -3.7083e-16 -0.449071 -0.928894 -0.995229 -0.999584 -0.999955 -0.999994 -0.999999 -1 -1 -1 -1 -1 -1 -1 -1 -1 -1 -1 -1 -1 -1 
1 1 1 1 1 1 1 1 1 1 1 1 1 1 1 0.999996 0.99997 0.999724 0.996889 0.952676 0.519096 -5.05444e-16 -0.519096 -0.952676 -0.996889 -0.999724 -0.99997 -0.999996 -1 -1 -1 -1 -1 -1 -1 -1 -1 -1 -1 -1 -1 -1 -1 
1 1 1 1 1 1 1 1 1 1 1 1 1 1 1 0.999997 0.99998 0.999817 0.99797 0.96896 0.59489 -6.0814e-16 -0.59489 -0.96896 -0.99797 -0.999817 -0.99998 -0.999997 -1 -1 -1 -1 -1 -1 -1 -1 -1 -1 -1 -1 -1 -1 -1 
1 1 1 1 1 1 1 1 1 1 1 1 1 1 1 0.999998 0.999986 0.999879 0.998675 0.979835 0.674393 -7.3304e-16 -0.674393 -0.979835 -0.998675 -0.999879 -0.999986 -0.999998 -1 -1 -1 -1 -1 -1 -1 -1 -1 -1 -1 -1 -1 -1 -1 
1 1 1 1 1 1 1 1 1 1 1 1 1 1 1 0.999999 0.999991 0.999919 0.999134 0.986979 0.753132 -1.1577e-15 -0.753132 -0.986979 -0.999134 -0.999919 -0.999991 -0.999999 -1 -1 -1 -1 -1 -1 -1 -1 -1 -1 -1 -1 -1 -1 -1 
1 1 1 1 1 1 1 1 1 1 1 1 1 1 1 0.999999 0.999994 0.999946 0.999434 0.991621 0.821195 -1.75722e-15 -0.821195 -0.991621 -0.999434 -0.999946 -0.999994 -0.999999 -1 -1 -1 -1 -1 -1 -1 -1 -1 -1 -1 -1 -1 -1 -1 
1 1 1 1 1 1 1 1 1 1 1 1 1 1 1 0.999999 0.999996 0.999964 0.999629 0.994618 0.875633 -2.45666e-15 -0.875633 -0.994618 -0.999629 -0.999964 -0.999996 -0.999999 -1 -1 -1 -1 -1 -1 -1 -1 -1 -1 -1 -1 -1 -1 -1 
1 1 1 1 1 1 1 1 1 1 1 1 1 1 1 1 0.999997 0.999976 0.999757 0.996544 0.916313 -3.11169e-15 -0.916313 -0.996544 -0.999757 -0.999976 -0.999997 -1 -1 -1 -1 -1 -1 -1 -1 -1 -1 -1 -1 -1 -1 -1 -1 
1 1 1 1 1 1 1 1 1 1 1 1 1 1 1 1 0.999998 0.999984 0.99984 0.997781 0.945081 -3.6224e-15 -0.945081 -0.997781 -0.99984 -0.999984 -0.999998 -1 -1 -1 -1 -1 -1 -1 -1 -1 -1 -1 -1 -1 -1 -1 -1 
1 1 1 1 1 1 1 1 1 1 1 1 1 1 1 1 0.999999 0.999989 0.999895 0.998574 0.964593 -3.99987e-15 -0.964593 -0.998574 -0.999895 -0.999989 -0.999999 -1 -1 -1 -1 -1 -1 -1 -1 -1 -1 -1 -1 -1 -1 -1 -1 
1 1 1 1 1 1 1 1 1 1 1 1 1 1 1 1 0.999999 0.999993 0.999931 0.999083 0.97744 -4.26632e-15 -0.97744 -0.999083 -0.999931 -0.999993 -0.999999 -1 -1 -1 -1 -1 -1 -1 -1 -1 -1 -1 -1 -1 -1 -1 -1 
1 1 1 1 1 1 1 1 1 1 1 1 1 1 1 1 0.999999 0.999995 0.999954 0.999409 0.985733 -4.44396e-15 -0.985733 -0.999409 -0.999954 -0.999995 -0.999999 -1 -1 -1 -1 -1 -1 -1 -1 -1 -1 -1 -1 -1 -1 -1 -1 
1 1 1 1 1 1 1 1 1 1 1 1 1 1 1 1 1 0.999997 0.99997 0.999619 0.991016 -4.59939e-15 -0.991016 -0.999619 -0.99997 -0.999997 -1 -1 -1 -1 -1 -1 -1 -1 -1 -1 -1 -1 -1 -1 -1 -1 -1 
1 1 1 1 1 1 1 1 1 1 1 1 1 1 1 1 1 0.999998 0.99998 0.999754 0.994356 -4.73262e-15 -0.994356 -0.999754 -0.99998 -0.999998 -1 -1 -1 -1 -1 -1 -1 -1 -1 -1 -1 -1 -1 -1 -1 -1 -1 
1 1 1 1 1 1 1 1 1 1 1 1 1 1 1 1 1 0.999999 0.999987 0.999841 0.996458 -4.82144e-15 -0.996458 -0.999841 -0.999987 -0.999999 -1 -1 -1 -1 -1 -1 -1 -1 -1 -1 -1 -1 -1 -1 -1 -1 -1 
1 1 1 1 1 1 1 1 1 1 1 1 1 1 1 1 1 0.999999 0.999991 0.999897 0.997777 -4.85474e-15 -0.997777 -0.999897 -0.999991 -0.999999 -1 -1 -1 -1 -1 -1 -1 -1 -1 -1 -1 -1 -1 -1 -1 -1 -1 
1 1 1 1 1 1 1 1 1 1 1 1 1 1 1 1 1 0.999999 0.999994 0.999933 0.998604 -4.89915e-15 -0.998604 -0.999933 -0.999994 -0.999999 -1 -1 -1 -1 -1 -1 -1 -1 -1 -1 -1 -1 -1 -1 -1 -1 -1 
1 1 1 1 1 1 1 1 1 1 1 1 1 1 1 1 1 1 0.999996 0.999957 0.999123 -4.93246e-15 -0.999123 -0.999957 -0.999996 -1 -1 -1 -1 -1 -1 -1 -1 -1 -1 -1 -1 -1 -1 -1 -1 -1 -1 
1 1 1 1 1 1 1 1 1 1 1 1 1 1 1 1 1 1 0.999997 0.999972 0.999448 -4.92136e-15 -0.999448 -0.999972 -0.999997 -1 -1 -1 -1 -1 -1 -1 -1 -1 -1 -1 -1 -1 -1 -1 -1 -1 -1 
1 1 1 1 1 1 1 1 1 1 1 1 1 1 1 1 1 1 0.999998 0.999982 0.999652 -4.89915e-15 -0.999652 -0.999982 -0.999998 -1 -1 -1 -1 -1 -1 -1 -1 -1 -1 -1 -1 -1 -1 -1 -1 -1 -1 
1 1 1 1 1 1 1 1 1 1 1 1 1 1 1 1 1 1 0.999999 0.999988 0.999781 -4.89915e-15 -0.999781 -0.999988 -0.999999 -1 -1 -1 -1 -1 -1 -1 -1 -1 -1 -1 -1 -1 -1 -1 -1 -1 -1 
1 1 1 1 1 1 1 1 1 1 1 1 1 1 1 1 1 1 0.999999 0.999992 0.999861 -4.89915e-15 -0.999861 -0.999992 -0.999999 -1 -1 -1 -1 -1 -1 -1 -1 -1 -1 -1 -1 -1 -1 -1 -1 -1 -1 
1 1 1 1 1 1 1 1 1 1 1 1 1 1 1 1 1 1 1 0.999995 0.999912 -4.89915e-15 -0.999912 -0.999995 -1 -1 -1 -1 -1 -1 -1 -1 -1 -1 -1 -1 -1 -1 -1 -1 -1 -1 -1 
1 1 1 1 1 1 1 1 1 1 1 1 1 1 1 1 1 1 1 0.999997 0.999944 -4.89915e-15 -0.999944 -0.999997 -1 -1 -1 -1 -1 -1 -1 -1 -1 -1 -1 -1 -1 -1 -1 -1 -1 -1 -1 
1 1 1 1 1 1 1 1 1 1 1 1 1 1 1 1 1 1 1 0.999998 0.999965 -4.89915e-15 -0.999965 -0.999998 -1 -1 -1 -1 -1 -1 -1 -1 -1 -1 -1 -1 -1 -1 -1 -1 -1 -1 -1 
1 1 1 1 1 1 1 1 1 1 1 1 1 1 1 1 1 1 1 0.999999 0.999978 -4.89915e-15 -0.999978 -0.999999 -1 -1 -1 -1 -1 -1 -1 -1 -1 -1 -1 -1 -1 -1 -1 -1 -1 -1 -1 
1 1 1 1 1 1 1 1 1 1 1 1 1 1 1 1 1 1 1 0.999999 0.999986 -4.89915e-15 -0.999986 -0.999999 -1 -1 -1 -1 -1 -1 -1 -1 -1 -1 -1 -1 -1 -1 -1 -1 -1 -1 -1 
1 1 1 1 1 1 1 1 1 1 1 1 1 1 1 1 1 1 1 0.999999 0.999991 -4.89915e-15 -0.999991 -0.999999 -1 -1 -1 -1 -1 -1 -1 -1 -1 -1 -1 -1 -1 -1 -1 -1 -1 -1 -1 
1 1 1 1 1 1 1 1 1 1 1 1 1 1 1 1 1 1 1 1 0.999994 -4.89915e-15 -0.999994 -1 -1 -1 -1 -1 -1 -1 -1 -1 -1 -1 -1 -1 -1 -1 -1 -1 -1 -1 -1 
1 1 1 1 1 1 1 1 1 1 1 1 1 1 1 1 1 1 1 1 0.999996 -4.89915e-15 -0.999996 -1 -1 -1 -1 -1 -1 -1 -1 -1 -1 -1 -1 -1 -1 -1 -1 -1 -1 -1 -1 
1 1 1 1 1 1 1 1 1 1 1 1 1 1 1 1 1 1 1 1 0.999998 -4.89915e-15 -0.999998 -1 -1 -1 -1 -1 -1 -1 -1 -1 -1 -1 -1 -1 -1 -1 -1 -1 -1 -1 -1 
1 1 1 1 1 1 1 1 1 1 1 1 1 1 1 1 1 1 1 1 0.999998 -4.89915e-15 -0.999998 -1 -1 -1 -1 -1 -1 -1 -1 -1 -1 -1 -1 -1 -1 -1 -1 -1 -1 -1 -1 
1 1 1 1 1 1 1 1 1 1 1 1 1 1 1 1 1 1 1 1 0.999999 -4.89915e-15 -0.999999 -1 -1 -1 -1 -1 -1 -1 -1 -1 -1 -1 -1 -1 -1 -1 -1 -1 -1 -1 -1 
1 1 1 1 1 1 1 1 1 1 1 1 1 1 1 1 1 1 1 1 0.999999 -4.89915e-15 -0.999999 -1 -1 -1 -1 -1 -1 -1 -1 -1 -1 -1 -1 -1 -1 -1 -1 -1 -1 -1 -1 
1 1 1 1 1 1 1 1 1 1 1 1 1 1 1 1 1 1 1 1 1 -4.89915e-15 -1 -1 -1 -1 -1 -1 -1 -1 -1 -1 -1 -1 -1 -1 -1 -1 -1 -1 -1 -1 -1 
1 1 1 1 1 1 1 1 1 1 1 1 1 1 1 1 1 1 1 1 1 -4.89915e-15 -1 -1 -1 -1 -1 -1 -1 -1 -1 -1 -1 -1 -1 -1 -1 -1 -1 -1 -1 -1 -1 
1 1 1 1 1 1 1 1 1 1 1 1 1 1 1 1 1 1 1 1 1 -4.89915e-15 -1 -1 -1 -1 -1 -1 -1 -1 -1 -1 -1 -1 -1 -1 -1 -1 -1 -1 -1 -1 -1 
1 1 1 1 1 1 1 1 1 1 1 1 1 1 1 1 1 1 1 1 1 -4.89915e-15 -1 -1 -1 -1 -1 -1 -1 -1 -1 -1 -1 -1 -1 -1 -1 -1 -1 -1 -1 -1 -1 
1 1 1 1 1 1 1 1 1 1 1 1 1 1 1 1 1 1 1 1 1 -4.89915e-15 -1 -1 -1 -1 -1 -1 -1 -1 -1 -1 -1 -1 -1 -1 -1 -1 -1 -1 -1 -1 -1 
1 1 1 1 1 1 1 1 1 1 1 1 1 1 1 1 1 1 1 1 1 -4.89915e-15 -1 -1 -1 -1 -1 -1 -1 -1 -1 -1 -1 -1 -1 -1 -1 -1 -1 -1 -1 -1 -1 
