1 1 0.9875 0.975 0.9625 0.95 0.9375 0.925 0.9125 0.9 0.8875 0.875 0.8625 0.85 0.8375 0.825 0.8125 0.8 0.7875 0.775 0.7625 0.75 0.7375 0.725 0.7125 0.7 0.6875 0.675 0.6625 0.65 0.6375 0.625 0.6125 0.6 0.5875 0.575 0.5625 0.55 0.5375 0.525 0.5125 0.5 0.5 
1 1 1.00793 0.988406 0.975734 0.963063 0.950391 0.937719 0.925047 0.912375 0.899703 0.887031 0.874359 0.861688 0.849016 0.836344 0.823672 0.811 0.798328 0.785656 0.772984 0.760313 0.747641 0.734969 0.722297 0.709625 0.696953 0.684281 0.671609 0.658938 0.646266 0.633594 0.620922 0.60825 0.595578 0.582906 0.570234 0.557563 0.544891 0.532219 0.519547 0.503459 0.5 
1 1 0.999241 1.02016 0.985562 0.976381 0.963534 0.950687 0.93784 0.924993 0.912145 0.899298 0.886451 0.873604 0.860757 0.84791 0.835063 0.822216 0.809369 0.796521 0.783674 0.770827 0.75798 0.745133 0.732286 0.719439 0.706592 0.693744 0.680897 0.66805 0.655203 0.642356 0.629509 0.616662 0.603815 0.590967 0.57812 0.565273 0.552426 0.539579 0.527687 0.511689 0.496541 
1 1 1.00006 0.997386 1.03268 0.983122 0.976881 0.963856 0.950831 0.937806 0.924781 0.911756 0.898731 0.885706 0.872681 0.859656 0.846631 0.833605 0.82058 0.807555 0.79453 0.781505 0.76848 0.755455 0.74243 0.729405 0.71638 0.703355 0.69033 0.677304 0.664279 0.651254 0.638229 0.625204 0.612179 0.599154 0.586129 0.573104 0.560079 0.547054 0.535331 0.522512 0.488311 
1 1 0.999996 1.00023 0.99452 1.04284 0.983354 0.977511 0.964023 0.950817 0.937612 0.924406 0.9112 0.897994 0.884788 0.871583 0.858377 0.845171 0.831965 0.818759 0.805554 0.792348 0.779142 0.765936 0.75273 0.739525 0.726319 0.713113 0.699907 0.686701 0.673496 0.66029 0.647084 0.633878 0.620673 0.607467 0.594261 0.581055 0.567849 0.554644 0.54195 0.533149 0.477488 
1 1 1 0.999983 1.00053 0.990919 1.05297 0.983518 0.978661 0.96392 0.950672 0.937282 0.923893 0.910503 0.897113 0.883723 0.870334 0.856944 0.843554 0.830164 0.816775 0.803385 0.789995 0.776605 0.763216 0.749826 0.736436 0.723046 0.709657 0.696267 0.682877 0.669487 0.656098 0.642708 0.629318 0.615928 0.602539 0.589149 0.575759 0.562369 0.549058 0.53944 0.466851 
1 1 1 1 0.999959 1.00091 0.986725 1.06237 0.983614 0.981317 0.963153 0.950393 0.936816 0.923239 0.909662 0.896085 0.882508 0.868931 0.855354 0.841777 0.8282 0.814623 0.801046 0.787468 0.773891 0.760314 0.746737 0.73316 0.719583 0.706006 0.692429 0.678852 0.665275 0.651698 0.638121 0.624544 0.610967 0.59739 0.583813 0.570236 0.556671 0.546486 0.46056 
1 1 1 1 1 0.999925 1.00132 0.982123 1.06937 0.983648 0.988122 0.960675 0.949986 0.936218 0.92245 0.908682 0.894914 0.881146 0.867378 0.85361 0.839842 0.826074 0.812307 0.798539 0.784771 0.771003 0.757235 0.743467 0.729699 0.715931 0.702163 0.688395 0.674628 0.66086 0.647092 0.633324 0.619556 0.605788 0.59202 0.578252 0.564486 0.554126 0.453514 
1 1 1 1 1 1 0.999884 1.00171 0.977313 1.07416 0.983585 0.99869 0.956688 0.949477 0.935514 0.921551 0.907588 0.893625 0.879662 0.865699 0.851736 0.837774 0.823811 0.809848 0.795885 0.781922 0.767959 0.753996 0.740033 0.72607 0.712108 0.698145 0.684182 0.670219 0.656256 0.642293 0.62833 0.614367 0.600404 0.586441 0.572479 0.561964 0.445874 
1 1 1 1 1 1 1.00001 0.999838 1.00204 0.972431 1.07902 0.983359 1.00578 0.95624 0.94889 0.934728 0.920565 0.906403 0.89224 0.878078 0.863915 0.849753 0.83559 0.821428 0.807265 0.793102 0.77894 0.764777 0.750615 0.736452 0.72229 0.708127 0.693965 0.679802 0.66564 0.651477 0.637314 0.623152 0.608989 0.594827 0.580664 0.569998 0.438036 
1 1 1 1 1 1 1 1.00001 0.999793 1.00223 0.967563 1.08392 0.983047 1.01292 0.955715 0.948223 0.933856 0.919489 0.905122 0.890755 0.876388 0.862021 0.847654 0.833287 0.81892 0.804553 0.790186 0.775819 0.761452 0.747085 0.732718 0.718351 0.703984 0.689617 0.67525 0.660883 0.646516 0.632149 0.617782 0.603415 0.589048 0.578228 0.430002 
1 1 1 1 1 1 1 0.999999 1.00001 0.999755 1.00221 0.962797 1.08885 0.982665 1.0201 0.95511 0.947472 0.932896 0.918319 0.903743 0.889166 0.87459 0.860013 0.845437 0.83086 0.816284 0.801707 0.787131 0.772554 0.757978 0.743401 0.728825 0.714248 0.699672 0.685095 0.670519 0.655942 0.641366 0.626789 0.612213 0.597636 0.586658 0.421772 
1 1 1 1 1 1 1 1 0.999999 1.00002 0.999727 1.00192 0.958218 1.09377 0.982229 1.02729 0.954421 0.946633 0.931842 0.917051 0.90226 0.887469 0.872678 0.857886 0.843095 0.828304 0.813513 0.798722 0.783931 0.76914 0.754348 0.739557 0.724766 0.709975 0.695184 0.680393 0.665602 0.65081 0.636019 0.621228 0.606437 0.595297 0.413342 
1 1 1 1 1 1 1 1 1 0.999999 1.00002 0.999713 1.00129 0.953902 1.09867 0.981757 1.03448 0.953647 0.945704 0.930692 0.915681 0.90067 0.885659 0.870648 0.855637 0.840625 0.825614 0.810603 0.795592 0.780581 0.76557 0.750558 0.735547 0.720536 0.705525 0.690514 0.675503 0.660491 0.64548 0.630469 0.615458 0.604153 0.404703 
1 1 1 1 1 1 1 1 1 1 0.999999 1.00002 0.99971 1.00028 0.949917 1.10352 0.981265 1.04165 0.952782 0.94468 0.929443 0.914207 0.89897 0.883733 0.868496 0.853259 0.838023 0.822786 0.807549 0.792312 0.777076 0.761839 0.746602 0.731365 0.716129 0.700892 0.685655 0.670418 0.655181 0.639945 0.624708 0.613233 0.395847 
1 1 1 1 1 1 1 1 1 1 1 0.999999 1.00002 0.999712 0.998873 0.946316 1.10829 0.980768 1.04878 0.951825 0.94356 0.928092 0.912624 0.897155 0.881687 0.866219 0.850751 0.835283 0.819814 0.804346 0.788878 0.77341 0.757942 0.742473 0.727005 0.711537 0.696069 0.680601 0.665132 0.649664 0.634196 0.622547 0.386767 
1 1 1 1 1 1 1 1 1 1 1 1 0.999999 1.00032 1.00023 0.996218 0.943138 1.11298 0.98028 1.05586 0.950773 0.94234 0.926635 0.910929 0.895223 0.879518 0.863812 0.848106 0.832401 0.816695 0.800989 0.785284 0.769578 0.753872 0.738167 0.722461 0.706755 0.69105 0.675344 0.659638 0.643932 0.632104 0.377453 
1 1 1 1 1 1 1 1 1 1 1 1 1 1 1.0004 1.00404 0.990063 0.940409 1.11754 0.979811 1.06286 0.949624 0.941018 0.925069 0.909119 0.89317 0.87722 0.861271 0.845322 0.829372 0.813423 0.797473 0.781524 0.765574 0.749625 0.733675 0.717726 0.701776 0.685827 0.669877 0.653928 0.641916 0.367896 
1 1 1 1 1 1 1 1 1 1 1 1 1 0.999997 0.99962 1.00084 1.01731 0.974059 0.938137 1.12198 0.979371 1.06979 0.948374 0.939592 0.923392 0.907192 0.890992 0.874792 0.858592 0.842392 0.826193 0.809993 0.793793 0.777593 0.761393 0.745193 0.728993 0.712794 0.696594 0.680394 0.664194 0.651994 0.358084 
1 1 1 1 1 1 1 1 1 1 1 1 1 1 0.999987 0.998444 1.00222 1.0367 0.951387 0.936321 1.12627 0.978963 1.07662 0.947021 0.938057 0.9216 0.905143 0.888686 0.872229 0.855772 0.839315 0.822857 0.8064 0.789943 0.773486 0.757029 0.740572 0.724115 0.707657 0.6912 0.674743 0.662349 0.348006 
1 1 1 1 1 1 1 1 1 1 1 1 1 1 1.00002 0.999934 0.994829 1.00607 1.0481 0.936321 0.934946 1.13041 0.97859 1.08334 0.945563 0.936413 0.919692 0.90297 0.886248 0.869527 0.852805 0.836083 0.819362 0.80264 0.785918 0.769197 0.752475 0.735753 0.719032 0.70231 0.685588 0.672995 0.337651 
1 1 1 1 1 1 1 1 1 1 1 1 1 1 1 1.0001 0.999702 0.98406 1.01716 1.0455 0.934946 0.933989 1.13437 0.978251 1.08995 0.943998 0.934657 0.917663 0.900669 0.883676 0.866682 0.849688 0.832694 0.815701 0.798707 0.781713 0.764719 0.747726 0.730732 0.713738 0.696744 0.683946 0.327005 
1 1 1 1 1 1 1 1 1 1 1 1 1 1 0.999999 1 1.00047 0.998721 0.968587 1.03361 1.04197 0.933989 0.933419 1.13817 0.977942 1.09644 0.942323 0.932785 0.915511 0.898238 0.880964 0.86369 0.846416 0.829142 0.811869 0.794595 0.777321 0.760047 0.742773 0.7255 0.708226 0.695216 0.316054 
1 1 1 1 1 1 1 1 1 1 1 1 1 1 1 0.999994 1.00002 1.0021 0.995549 0.962317 1.04197 1.03761 0.933419 0.933202 1.14179 0.977657 1.1028 0.940535 0.930795 0.913233 0.895671 0.878109 0.860547 0.842984 0.825422 0.80786 0.790298 0.772736 0.755174 0.737611 0.720049 0.706823 0.304784 
1 1 1 1 1 1 1 1 1 1 1 1 1 1 1 1 0.999966 1.00013 1.00811 0.987399 0.965068 1.04633 1.02818 0.933202 0.933301 1.14522 0.977386 1.10903 0.938633 0.928685 0.910825 0.892966 0.875107 0.857247 0.839388 0.821529 0.803669 0.78581 0.767951 0.750091 0.732232 0.718782 0.293177 
1 1 1 1 1 1 1 1 1 1 1 1 1 1 1 1 0.999998 0.999818 1.00057 1.01777 0.975478 0.967832 1.06402 1.00491 0.933124 0.933766 1.14848 0.977121 1.11513 0.936612 0.92645 0.908284 0.890118 0.871953 0.853787 0.835621 0.817456 0.79929 0.781124 0.762959 0.744793 0.731112 0.281218 
1 1 1 1 1 1 1 1 1 1 1 1 1 1 1 1 1 0.999988 0.999132 1.00186 1.02297 0.967832 0.970425 1.09741 0.965821 0.932617 0.934948 1.15155 0.976849 1.12108 0.93447 0.924087 0.905605 0.887124 0.868642 0.85016 0.831678 0.813197 0.794715 0.776233 0.757751 0.743832 0.268888 
1 1 1 1 1 1 1 1 1 1 1 1 1 1 1 1 1 1.00002 0.999936 0.99664 1.00517 1.02026 0.965618 0.974402 1.1256 0.932617 0.930784 0.93778 1.15444 0.97656 1.12689 0.932203 0.921593 0.902785 0.883977 0.865169 0.846361 0.827553 0.808745 0.789937 0.771129 0.756964 0.256168 
1 1 1 1 1 1 1 1 1 1 1 1 1 1 1 1 1 1 1.00009 0.9997 0.98978 1.01295 1.01731 0.95809 0.982522 1.12348 0.930784 0.925277 0.944754 1.15716 0.97624 1.13256 0.929809 0.918964 0.899819 0.880674 0.861529 0.842384 0.823239 0.804094 0.784949 0.77053 0.243036 
1 1 1 1 1 1 1 1 1 1 1 1 1 1 1 1 1 0.999999 1.00001 1.00043 0.998793 0.986684 1.01731 1.0137 0.936884 1.00549 1.12379 0.925277 0.90977 0.962629 1.15969 0.975877 1.13809 0.927283 0.916195 0.896702 0.877208 0.857715 0.838221 0.818728 0.799234 0.784553 0.22947 
1 1 1 1 1 1 1 1 1 1 1 1 1 1 1 1 1 1 0.999992 1.00004 1.0019 0.996533 0.988202 1.02065 1.00447 0.884218 1.06239 1.13168 0.90977 0.8661 1.01093 1.16205 0.975459 1.14347 0.92462 0.913282 0.893428 0.873574 0.85372 0.833866 0.814012 0.79906 0.215447 
1 1 1 1 1 1 1 1 1 1 1 1 1 1 1 1 1 1 0.999999 0.999953 1.00017 1.00553 0.992107 0.989799 1.03524 0.97645 0.826282 1.13168 1.16089 0.8661 0.807254 1.08164 1.16423 0.974973 1.1487 0.921817 0.910219 0.889992 0.869765 0.849538 0.82931 0.814077 0.20094 
1 1 1 1 1 1 1 1 1 1 1 1 1 1 1 1 1 1 1 0.999996 0.999756 1.00067 1.00694 0.989799 0.991768 1.08494 0.901561 0.817559 1.16089 1.19491 0.807254 0.749163 1.16423 1.16623 0.974407 1.15378 0.918868 0.907001 0.886387 0.865773 0.84516 0.829635 0.185923 
1 1 1 1 1 1 1 1 1 1 1 1 1 1 1 1 1 1 1 1 0.999973 0.998989 1.00198 1.00555 0.988172 0.997679 1.1357 0.817559 0.81135 1.19491 1.20612 0.749163 0.796526 1.16623 1.16342 0.978071 1.15295 0.915557 0.903207 0.882202 0.861198 0.845378 0.170365 
1 1 1 1 1 1 1 1 1 1 1 1 1 1 1 1 1 1 1 1 1.00003 0.999857 0.997618 1.00392 1.00397 0.980378 1.01012 1.10554 0.81135 0.831727 1.20612 1.1566 0.727712 0.870762 1.1694 1.15608 0.983009 1.14972 0.911808 0.899103 0.877695 0.861573 0.154622 
1 1 1 1 1 1 1 1 1 1 1 1 1 1 1 1 1 1 1 0.999999 1 1.00017 0.999499 0.998115 1.00397 1.00173 0.955322 1.04128 1.06851 0.800814 0.873852 1.26107 1.04511 0.643556 1.0145 1.18416 1.13787 0.987586 1.14596 0.907827 0.894831 0.878394 0.138427 
1 1 1 1 1 1 1 1 1 1 1 1 1 1 1 1 1 1 1 1 0.999996 1.00003 1.00068 0.998732 0.998858 1.00565 0.992973 0.94138 1.06851 1.01906 0.762507 0.958523 1.42778 0.773847 0.583569 1.18416 1.22976 1.08189 0.99859 1.13135 0.901217 0.897197 0.121606 
1 1 1 1 1 1 1 1 1 1 1 1 1 1 1 1 1 1 1 1 0.999999 0.999978 1.0002 1.00023 0.998663 1.0005 1.01237 0.970187 0.970081 1.0967 0.900693 0.66902 1.15597 1.42794 0.583569 0.732786 1.22976 1.27308 1.00583 1.02242 1.08419 0.899969 0.102803 
1 1 1 1 1 1 1 1 1 1 1 1 1 1 1 1 1 1 1 1 1 0.999993 1.00001 1.00023 0.999869 0.997667 1.00459 1.00248 0.970081 0.995904 1.12669 0.733887 0.574029 1.39692 1.23777 0.564322 0.905134 1.27308 1.24042 0.996285 1.04725 1.1554 0.100031 
1 1 1 1 1 1 1 1 1 1 1 1 1 1 1 1 1 1 1 1 1 0.999999 0.999984 1.00007 1.00044 0.999115 0.999132 1.00581 0.993579 0.955402 1.0379 1.10396 0.574029 0.758348 1.54801 0.897001 0.5635 1.10198 1.30423 1.17979 0.963195 1.10465 -0.155397 
1 1 1 1 1 1 1 1 1 1 1 1 1 1 1 1 1 1 1 1 1 1 0.999994 0.999948 1.00024 1.00005 0.999108 1.00107 1.01085 0.973256 0.948447 1.08472 0.889965 0.559698 1.01233 1.63236 0.566726 0.61043 1.30423 1.37624 1.04148 1.00072 -0.104653 
1 1 1 1 1 1 1 1 1 1 1 1 1 1 1 1 1 1 1 1 1 1 1 0.999975 1.00004 1.0003 0.999623 0.998425 1.00554 1.0106 0.952301 0.991366 1.10939 0.631169 0.528713 1.32372 1.35631 0.574474 0.810235 1.37624 1.34223 1.02765 -0.000724256 
1 1 1 1 1 1 1 1 1 1 1 1 1 1 1 1 1 1 1 1 1 1 1 0.999997 0.999934 1.00015 1.00064 0.998903 0.996978 1.00938 0.998031 0.929457 1.04187 1.01131 0.528713 0.700274 1.35631 1.17775 0.504876 1.05656 1.4152 1.5084 -0.0276517 
1 1 1 1 1 1 1 1 1 1 1 1 1 1 1 1 1 1 1 1 1 1 1 1 0.999977 0.999836 1.00044 1.00087 0.997678 1.00031 1.01456 0.969436 0.961068 1.05638 0.777508 0.52505 0.962705 1.48447 0.775969 0.502189 1.23289 1.5084 -0.508402 
1 1 1 1 1 1 1 1 1 1 1 1 1 1 1 1 1 1 1 1 1 1 1 1 1.00001 0.999921 0.99978 1.00077 1.00001 0.996471 1.00601 1.00797 0.961068 0.986268 1.03596 0.572982 0.517322 1.22687 1.48751 0.502189 0.495227 1.5084 -0.508402 
1 1 1 1 1 1 1 1 1 1 1 1 1 1 1 1 1 1 1 1 1 1 1 0.999999 1.00001 1.00004 0.999831 1.00005 1.00113 0.998484 0.997608 1.00797 0.99474 0.950281 1.01741 0.866719 0.517322 0.517645 1.48751 1.21957 0.495227 0.768205 -0.508402 
1 1 1 1 1 1 1 1 1 1 1 1 1 1 1 1 1 1 1 1 1 1 1 1 0.999996 1.00002 0.999986 0.999727 1.00049 1.00108 0.997608 1.00029 1.0142 0.972588 0.968571 1.05989 0.607934 0.517398 0.768581 1.70287 0.739383 0.640684 0.231795 
1 1 1 1 1 1 1 1 1 1 1 1 1 1 1 1 1 1 1 1 1 1 1 1 0.999998 1 1.00003 0.999873 0.99975 1.00095 0.999852 0.996825 1.00688 1.00181 0.968571 1.00006 0.8843 0.517398 0.519166 1.10217 1.54338 0.678386 0.359316 
1 1 1 1 1 1 1 1 1 1 1 1 1 1 1 1 1 1 1 1 1 1 1 1 1 0.999996 1.00002 1.00004 0.999782 1.00009 1.00141 0.998199 0.9997 1.00905 0.988299 0.97797 1.03022 0.632485 0.517857 0.506712 1.38668 1.49039 0.321614 
1 1 1 1 1 1 1 1 1 1 1 1 1 1 1 1 1 1 1 1 1 1 1 1 1 0.999998 0.999992 1.00003 0.999972 0.999634 1.00067 1.00057 0.997485 1.00323 1.01109 0.97797 0.991498 0.925192 0.522072 0.506712 0.661723 1.49039 -0.490385 
1 1 1 1 1 1 1 1 1 1 1 1 1 1 1 1 1 1 1 1 1 1 1 1 1 1 0.999995 1 1.00006 0.99984 0.999904 1.00072 0.999687 0.996072 1.00816 1.00228 0.981666 1.01575 0.69955 0.506712 0.51031 0.916839 -0.490385 
1 1 1 1 1 1 1 1 1 1 1 1 1 1 1 1 1 1 1 1 1 1 1 1 1 1 1 0.999987 1.00001 1.00008 0.999765 0.999907 1.00191 0.998865 0.995041 1.01505 0.997446 0.978887 1.09947 0.526429 0.506333 0.604683 0.0831613 
1 1 1 1 1 1 1 1 1 1 1 1 1 1 1 1 1 1 1 1 1 1 1 1 1 1 1 1 0.999969 1.00002 1.00008 0.999623 1.00005 1.00383 0.996946 0.99493 1.02438 0.988018 0.974102 1.00289 0.506333 0.550022 0.395317 
1 1 1 1 1 1 1 1 1 1 1 1 1 1 1 1 1 1 1 1 1 1 1 1 1 1 0.999999 1 1 0.999935 1.00005 1.00011 0.999138 1.00021 1.00649 0.99493 0.992451 1.04197 0.974102 0.972333 0.908697 0.525243 0.449978 
1 1 1 1 1 1 1 1 1 1 1 1 1 1 1 1 1 1 1 1 1 1 1 1 1 1 1 0.999997 1 1.00001 0.999868 1.00011 1.00016 0.997943 1.00098 1.00975 0.992451 0.988793 1.04814 0.974147 1.02897 0.78322 0.474757 
1 1 1 1 1 1 1 1 1 1 1 1 1 1 1 1 1 1 1 1 1 1 1 1 1 1 1 1 0.999994 1.00001 1.00001 0.999796 1.00016 1.00027 0.994605 1.00368 1.01442 0.988793 0.984707 1.05267 0.971345 1.18723 0.21678 
1 1 1 1 1 1 1 1 1 1 1 1 1 1 1 1 1 1 1 1 1 1 1 1 1 1 1 1 1 0.999989 1.00001 0.999999 0.999723 1.00027 0.999842 0.990272 1.00939 1.01631 0.984707 0.988523 1.0476 0.971347 -0.187226 
1 1 1 1 1 1 1 1 1 1 1 1 1 1 1 1 1 1 1 1 1 1 1 1 1 1 1 1 1 1 0.999988 1.00002 1 0.999695 1.00074 0.99982 0.981953 1.01631 1.01791 0.9806 0.988417 1.12689 0.0286532 
1 1 1 1 1 1 1 1 1 1 1 1 1 1 1 1 1 1 1 1 1 1 1 1 1 1 1 1 1 1 0.999999 0.999989 1.00005 0.999968 0.99972 1.00162 0.998333 0.981216 1.01791 1.017 0.973334 0.9915 -0.12689 
1 1 1 1 1 1 1 1 1 1 1 1 1 1 1 1 1 1 1 1 1 1 1 1 1 1 1 1 1 1 1 0.999998 0.999985 1.00014 0.999902 0.999565 1.00544 0.995978 0.978274 1.01901 1.01928 0.972214 0.00850033 
1 1 1 1 1 1 1 1 1 1 1 1 1 1 1 1 1 1 1 1 1 1 1 1 1 1 1 1 1 1 1 1.00001 0.999993 0.999972 1.00034 0.999747 0.999085 1.01566 0.987662 0.974812 1.01928 1.07098 0.0277861 
1 1 1 1 1 1 1 1 1 1 1 1 1 1 1 1 1 1 1 1 1 1 1 1 1 1 1 1 1 1 1 0.999999 1.00002 0.999983 0.999962 1.0007 0.999424 0.99851 1.02942 0.974812 0.946337 1.04289 -0.070979 
1 1 1 1 1 1 1 1 1 1 1 1 1 1 1 1 1 1 1 1 1 1 1 1 1 1 1 1 1 1 1 1 0.999998 1.00004 0.999964 0.999921 1.00144 0.998803 0.996362 1.06022 0.947506 0.941598 -0.042888 
1 1 1 1 1 1 1 1 1 1 1 1 1 1 1 1 1 1 1 1 1 1 1 1 1 1 1 1 1 1 1 1 0.999999 0.999997 1.00009 0.999926 0.999864 1.0029 0.997524 0.992091 1.07069 0.947352 0.0584016 
1 1 1 1 1 1 1 1 1 1 1 1 1 1 1 1 1 1 1 1 1 1 1 1 1 1 1 1 1 1 1 1 1 0.999998 0.999994 1.00015 0.999864 0.999776 1.00583 0.994864 0.987405 1.18743 0.0526485 
1 1 1 1 1 1 1 1 1 1 1 1 1 1 1 1 1 1 1 1 1 1 1 1 1 1 1 1 1 1 1 1 1 1 0.999996 1.00001 1.00021 0.999776 1.00021 1.01007 0.989214 0.985935 -0.187431 
1 1 1 1 1 1 1 1 1 1 1 1 1 1 1 1 1 1 1 1 1 1 1 1 1 1 1 1 1 1 1 1 1 1 1 0.999984 0.999998 1.00025 0.999269 0.999742 1.01544 0.98945 0.0140654 
1 1 1 1 1 1 1 1 1 1 1 1 1 1 1 1 1 1 1 1 1 1 1 1 1 1 1 1 1 1 1 1 1 1 1 1.00001 0.999969 0.999991 1.00033 0.998718 0.998817 1.04517 0.0105505 
1 1 1 1 1 1 1 1 1 1 1 1 1 1 1 1 1 1 1 1 1 1 1 1 1 1 1 1 1 1 1 1 1 1 1 0.999999 1.00001 0.999943 0.999997 1.00042 0.99861 0.995416 -0.0451666 
1 1 1 1 1 1 1 1 1 1 1 1 1 1 1 1 1 1 1 1 1 1 1 1 1 1 1 1 1 1 1 1 1 1 1 1 0.999998 1.00001 0.999878 1.00002 1.00235 1.00066 0.00458421 
1 1 1 1 1 1 1 1 1 1 1 1 1 1 1 1 1 1 1 1 1 1 1 1 1 1 1 1 1 1 1 1 1 1 1 1 0.999999 0.999997 1.00003 0.999715 0.999934 1.00438 -0.0006556 
1 1 1 1 1 1 1 1 1 1 1 1 1 1 1 1 1 1 1 1 1 1 1 1 1 1 1 1 1 1 1 1 1 1 1 1 1 0.999998 0.999994 1.00006 0.999455 0.999741 -0.00437532 
1 1 1 1 1 1 1 1 1 1 1 1 1 1 1 1 1 1 1 1 1 1 1 1 1 1 1 1 1 1 1 1 1 1 1 1 1 1.00001 0.999996 0.999988 1.00012 0.999426 0.000258885 
1 1 1 1 1 1 1 1 1 1 1 1 1 1 1 1 1 1 1 1 1 1 1 1 1 1 1 1 1 1 1 1 1 1 1 1 1 0.999999 1.00001 0.999992 0.999975 1.00095 0.000573956 
1 1 1 1 1 1 1 1 1 1 1 1 1 1 1 1 1 1 1 1 1 1 1 1 1 1 1 1 1 1 1 1 1 1 1 1 1 1 0.999998 1.00002 0.999984 0.999878 -0.000946023 
1 1 1 1 1 1 1 1 1 1 1 1 1 1 1 1 1 1 1 1 1 1 1 1 1 1 1 1 1 1 1 1 1 1 1 1 1 1 0.999999 0.999995 1.00007 1.00007 0.000121886 
1 1 1 1 1 1 1 1 1 1 1 1 1 1 1 1 1 1 1 1 1 1 1 1 1 1 1 1 1 1 1 1 1 1 1 1 1 1 1 0.999997 0.999988 1.00007 -6.75866e-05 
1 1 1 1 1 1 1 1 1 1 1 1 1 1 1 1 1 1 1 1 1 1 1 1 1 1 1 1 1 1 1 1 1 1 1 1 1 1 0.999999 1.00001 0.999993 0.99998 -7.19093e-05 
1 1 1 1 1 1 1 1 1 1 1 1 1 1 1 1 1 1 1 1 1 1 1 1 1 1 1 1 1 1 1 1 1 1 1 1 1 1 1 0.999998 1.00002 1 2.03446e-05 
1 1 1 1 1 1 1 1 1 1 1 1 1 1 1 1 1 1 1 1 1 1 1 1 1 1 1 1 1 1 1 1 1 1 1 1 1 1 1 1 0.999996 1.00004 -2.79737e-07 
1 1 1 1 1 1 1 1 1 1 1 1 1 1 1 1 1 1 1 1 1 1 1 1 1 1 1 1 1 1 1 1 1 1 1 1 1 1 1 1 1 0.999991 -4.40395e-05 
1 1 1 1 1 1 1 1 1 1 1 1 1 1 1 1 1 1 1 1 1 1 1 1 1 1 1 1 1 1 1 1 1 1 1 1 1 1 1 1 1 1.00001 8.68284e-06 
1 1 1 1 1 1 1 1 1 1 1 1 1 1 1 1 1 1 1 1 1 1 1 1 1 1 1 1 1 1 1 1 1 1 1 1 1 1 1 1 1 0.999999 -1.2002e-05 
1 1 1 1 1 1 1 1 1 1 1 1 1 1 1 1 1 1 1 1 1 1 1 1 1 1 1 1 1 1 1 1 1 1 1 1 1 1 1 1 1 1 1.13329e-06 
1 1 1 1 1 1 1 1 1 1 1 1 1 1 1 1 1 1 1 1 1 1 1 1 1 1 1 1 1 1 1 1 1 1 1 1 1 1 1 1 1 1 -6.54712e-07 
1 1 1 1 1 1 1 1 1 1 1 1 1 1 1 1 1 1 1 1 1 1 1 1 1 1 1 1 1 1 1 1 1 1 1 1 1 1 1 1 1 1 -4.56275e-07 
1 1 1 1 1 1 1 1 1 1 1 1 1 1 1 1 1 1 1 1 1 1 1 1 1 1 1 1 1 1 1 1 1 1 1 1 1 1 1 1 1 1 3.00975e-07 
1 1 1 1 1 1 1 1 1 1 1 1 1 1 1 1 1 1 1 1 1 1 1 1 1 1 1 1 1 1 1 1 1 1 1 1 1 1 1 1 1 1 -4.13944e-07 
1 1 1 1 1 1 1 1 1 1 1 1 1 1 1 1 1 1 1 1 1 1 1 1 1 1 1 1 1 1 1 1 1 1 1 1 1 1 1 1 1 1 4.16081e-08 
1 1 1 1 1 1 1 1 1 1 1 1 1 1 1 1 1 1 1 1 1 1 1 1 1 1 1 1 1 1 1 1 1 1 1 1 1 1 1 1 1 1 -4.12493e-08 
