0 0 0 0 0 0 0 0 0 0 0 0 0 0 0 0 0 0 0 0 0 0.5 1 1 1 1 1 1 1 1 1 1 1 1 1 1 1 1 1 1 1 1 1 
0 0 0 0 0 0 0 0 0 0 0 0 0 0 0 0 0 0 0 -0.05 0.115 0.5 0.885 1.05 1 1 1 1 1 1 1 1 1 1 1 1 1 1 1 1 1 1 1 
0 0 0 0 0 0 0 0 0 0 0 0 0 0 0 0 0 0.005 -0.0305669 -0.0183101 0.135905 0.5 0.864095 1.01831 1.03057 0.995 1 1 1 1 1 1 1 1 1 1 1 1 1 1 1 1 1 
0 0 0 0 0 0 0 0 0 0 0 0 0 0 0 -0.0005 0.00494585 -0.00833701 -0.0266632 -0.0149681 0.158489 0.5 0.841511 1.01497 1.02666 1.00834 0.995054 1.0005 1 1 1 1 1 1 1 1 1 1 1 1 1 1 1 
0 0 0 0 0 0 0 0 0 0 0 0 0 5e-05 -0.000684868 0.00257326 0.000642962 -0.00857365 -0.032733 -0.00324754 0.168589 0.5 0.831411 1.00325 1.03273 1.00857 0.999357 0.997427 1.00068 0.99995 1 1 1 1 1 1 1 1 1 1 1 1 1 
0 0 0 0 0 0 0 0 0 0 0 -5e-06 8.74815e-05 -0.000503926 0.000747364 0.00150001 0.00138695 -0.01411 -0.0310391 0.00140031 0.177833 0.5 0.822167 0.9986 1.03104 1.01411 0.998613 0.9985 0.999253 1.0005 0.999913 1.00001 1 1 1 1 1 1 1 1 1 1 1 
0 0 0 0 0 0 0 0 0 5e-07 -1.06482e-05 8.22505e-05 -0.000244389 3.47839e-05 0.000408034 0.00269621 -0.00117606 -0.0151037 -0.0322553 0.00721611 0.183455 0.5 0.816545 0.992784 1.03226 1.0151 1.00118 0.997304 0.999592 0.999965 1.00024 0.999918 1.00001 1 1 1 1 1 1 1 1 1 1 
0 0 0 0 0 0 0 -5e-08 1.25482e-06 -1.21335e-05 5.29808e-05 -7.85001e-05 -5.75023e-05 -0.000216841 0.00127303 0.00199367 -0.00158473 -0.0176033 -0.031375 0.0106021 0.188259 0.5 0.811741 0.989398 1.03137 1.0176 1.00158 0.998006 0.998727 1.00022 1.00006 1.00008 0.999947 1.00001 0.999999 1 1 1 1 1 1 1 1 
0 0 0 0 0 5e-09 -1.44482e-07 1.67638e-06 -9.58532e-06 2.52051e-05 -1.49921e-05 2.39351e-06 -0.000261772 0.000199104 0.00116991 0.00229064 -0.00305894 -0.0184777 -0.0314542 0.0139153 0.191621 0.5 0.808379 0.986085 1.03145 1.01848 1.00306 0.997709 0.99883 0.999801 1.00026 0.999998 1.00001 0.999975 1.00001 0.999998 1 1 1 1 1 1 1 
0 0 0 -5e-10 1.63482e-08 -2.21161e-07 1.55795e-06 -5.76609e-06 9.19588e-06 -3.35787e-06 3.45052e-05 -0.000125758 -0.000112397 0.000151531 0.00159258 0.00184995 -0.00364963 -0.0197569 -0.0309366 0.0161932 0.194411 0.5 0.805589 0.983807 1.03094 1.01976 1.00365 0.99815 0.998407 0.999848 1.00011 1.00013 0.999965 1 0.999991 1.00001 0.999998 1 1 1 1 1 1 
0 0 -1.83482e-09 2.81885e-08 -2.35553e-07 1.11504e-06 -2.78153e-06 2.9499e-06 -4.82675e-06 2.89956e-05 -2.86256e-05 -7.68472e-05 -0.000190238 0.000412157 0.00157807 0.00182506 -0.00455204 -0.0204078 -0.0307793 0.0182144 0.196504 0.5 0.803496 0.981786 1.03078 1.02041 1.00455 0.998175 0.998422 0.999588 1.00019 1.00008 1.00003 0.999971 1 0.999997 1 0.999999 1 1 1 1 1 
0 -1.29836e-17 3.44637e-08 -1.93928e-07 6.49729e-07 -1.15169e-06 1.34556e-06 -5.1953e-06 1.39144e-05 2.59076e-06 -4.83941e-06 -0.000147998 -8.84492e-05 0.000445362 0.00177401 0.00153203 -0.00507257 -0.0211423 -0.0304629 0.0197171 0.19822 0.5 0.80178 0.980283 1.03046 1.02114 1.00507 0.998468 0.998226 0.999555 1.00009 1.00015 1 0.999997 0.999986 1.00001 0.999999 1 0.999999 1 1 1 1 
1.29836e-17 -1.06157e-15 -1.35651e-07 3.2293e-07 -4.81718e-07 1.01035e-06 -3.52403e-06 4.21621e-06 2.93371e-06 2.00543e-05 -4.76651e-05 -0.000121242 -9.98769e-05 0.000605235 0.00178307 0.00141614 -0.00566003 -0.0216109 -0.0303024 0.02099 0.199553 0.5 0.800447 0.97901 1.0303 1.02161 1.00566 0.998584 0.998217 0.999395 1.0001 1.00012 1.00005 0.99998 0.999997 0.999996 1 0.999999 1 1 1 1 1 
1.06157e-15 -6.55241e-15 1.50214e-07 -2.53354e-07 7.52267e-07 -1.70369e-06 7.99877e-07 -1.33937e-06 1.5146e-05 8.50255e-07 -4.01416e-05 -0.000153823 -3.06429e-05 0.000659057 0.00187307 0.00121094 -0.00606724 -0.0220742 -0.0301135 0.0219715 0.200638 0.5 0.799362 0.978029 1.03011 1.02207 1.00607 0.998789 0.998127 0.999341 1.00003 1.00015 1.00004 0.999999 0.999985 1 0.999999 1 0.999999 1 1 1 1 
6.55241e-15 -1.05899e-14 -1.46526e-07 4.51385e-07 -6.37097e-07 3.11972e-07 -2.58468e-06 5.67887e-06 7.9035e-06 7.26909e-06 -6.6212e-05 -0.000138312 -1.4935e-05 0.000760437 0.00188455 0.00108675 -0.00646725 -0.022413 -0.0300019 0.0227812 0.201496 0.5 0.798504 0.977219 1.03 1.02241 1.00647 0.998913 0.998115 0.99924 1.00001 1.00014 1.00007 0.999993 0.999992 0.999994 1 1 1 1 1 1 1 
1.05899e-14 -1.48003e-14 2.14959e-07 -2.11378e-07 4.08768e-07 -1.75759e-06 8.01243e-07 2.66546e-06 1.41726e-05 -5.77134e-06 -6.61084e-05 -0.000150114 3.40699e-05 0.000812274 0.00192648 0.000939029 -0.00677285 -0.0227268 -0.0298982 0.0234141 0.202189 0.5 0.797811 0.976586 1.0299 1.02273 1.00677 0.999061 0.998074 0.999188 0.999966 1.00015 1.00007 1.00001 0.999986 0.999997 0.999999 1 1 1 1 1 1 
1.48003e-14 -1.7045e-14 -8.24362e-08 3.66487e-07 -7.34156e-07 -2.59753e-07 -9.8669e-07 7.07821e-06 9.53853e-06 -5.27538e-06 -8.14532e-05 -0.000139779 5.77598e-05 0.000879709 0.00193563 0.00083243 -0.00705331 -0.0229757 -0.0298371 0.0239259 0.20274 0.5 0.79726 0.976074 1.02984 1.02298 1.00705 0.999168 0.998064 0.99912 0.999942 1.00014 1.00008 1.00001 0.99999 0.999993 1 1 1 1 1 1 1 
1.7045e-14 -1.42621e-14 2.03523e-07 -1.8666e-07 -3.45568e-08 -1.49167e-06 1.35127e-06 5.66016e-06 1.20049e-05 -1.41492e-05 -8.38702e-05 -0.000141651 9.38593e-05 0.000923186 0.00195614 0.000725148 -0.00727903 -0.0231995 -0.0297906 0.0243254 0.203182 0.5 0.796818 0.975675 1.02979 1.0232 1.00728 0.999275 0.998044 0.999077 0.999906 1.00014 1.00008 1.00001 0.999988 0.999994 0.999999 1 1 1 1 1 1 
1.42621e-14 -1.39411e-14 -3.05036e-08 1.73321e-07 -7.99059e-07 -4.78809e-07 6.44864e-07 8.16755e-06 8.8908e-06 -1.61979e-05 -9.29182e-05 -0.000133821 0.000117487 0.000970169 0.00196306 0.000641321 -0.00747919 -0.0233856 -0.0297691 0.0246417 0.203531 0.5 0.796469 0.975358 1.02977 1.02339 1.00748 0.999359 0.998037 0.99903 0.999883 1.00013 1.00009 1.00002 0.999991 0.999992 0.999999 1 1 1 1 1 1 
1.39411e-14 -9.3309e-15 1.43133e-07 -2.20653e-07 -3.87573e-07 -1.06904e-06 2.18149e-06 7.55176e-06 9.30374e-06 -2.24235e-05 -9.57121e-05 -0.000131475 0.000144826 0.00100485 0.00197428 0.000563664 -0.00764478 -0.023551 -0.0297604 0.024885 0.203808 0.5 0.796192 0.975115 1.02976 1.02355 1.00764 0.999436 0.998026 0.998995 0.999855 1.00013 1.0001 1.00002 0.999991 0.999992 0.999998 1 1 1 1 1 1 
9.3309e-15 -8.2449e-15 -2.08773e-08 -3.91779e-08 -8.33691e-07 -3.96088e-07 2.05856e-06 8.86542e-06 7.03824e-06 -2.5247e-05 -0.000101163 -0.000125123 0.000165542 0.00103889 0.00197995 0.000500808 -0.007789 -0.0236924 -0.0297666 0.0250719 0.204024 0.5 0.795976 0.974928 1.02977 1.02369 1.00779 0.999499 0.99802 0.998961 0.999834 1.00013 1.0001 1.00003 0.999993 0.999991 0.999998 1 1 1 1 1 1 
8.2449e-15 -5.25576e-15 6.35225e-08 -2.9735e-07 -6.04083e-07 -5.9271e-07 3.06045e-06 8.58821e-06 6.48315e-06 -2.97758e-05 -0.000103593 -0.000121354 0.000186578 0.00106612 0.00198735 0.000445219 -0.00791002 -0.0238175 -0.0297817 0.0252109 0.204191 0.5 0.795809 0.974789 1.02978 1.02382 1.00791 0.999555 0.998013 0.998934 0.999813 1.00012 1.0001 1.00003 0.999994 0.999991 0.999997 1 1 1 1 1 1 
5.25576e-15 -4.13918e-15 -4.58271e-08 -2.25588e-07 -8.34356e-07 -1.3195e-07 3.196e-06 9.21113e-06 4.71714e-06 -3.25778e-05 -0.000106991 -0.000116106 0.000203742 0.00109155 0.00199255 0.000399652 -0.00801433 -0.0239263 -0.0298055 0.0253124 0.204318 0.5 0.795682 0.974688 1.02981 1.02393 1.00801 0.9996 0.998007 0.998908 0.999796 1.00012 1.00011 1.00003 0.999995 0.999991 0.999997 1 1 1 1 1 1 
4.13918e-15 -2.54719e-15 -1.59651e-08 -3.87189e-07 -7.02342e-07 -1.20752e-07 3.85845e-06 9.05015e-06 3.78638e-06 -3.59771e-05 -0.000108912 -0.000112196 0.000220052 0.00111288 0.00199851 0.000360557 -0.00810241 -0.0240224 -0.0298348 0.0253827 0.204413 0.5 0.795587 0.974617 1.02983 1.02402 1.0081 0.999639 0.998001 0.998887 0.99978 1.00011 1.00011 1.00004 0.999996 0.999991 0.999996 1 1 1 1 1 1 
2.54719e-15 -1.27335e-15 -8.78343e-08 -3.70252e-07 -8.01944e-07 2.1161e-07 4.07738e-06 9.29322e-06 2.35061e-06 -3.84595e-05 -0.000111126 -0.000107894 0.000233871 0.00113234 0.00200366 0.000328528 -0.00817779 -0.0241067 -0.0298687 0.0254284 0.204482 0.5 0.795518 0.974572 1.02987 1.02411 1.00818 0.999671 0.997996 0.998868 0.999766 1.00011 1.00011 1.00004 0.999998 0.999991 0.999996 1 1 1 1 1 1 
1.27335e-15 -3.3997e-17 -8.54733e-08 -4.68217e-07 -7.16443e-07 3.16912e-07 4.52593e-06 9.15982e-06 1.34062e-06 -4.10728e-05 -0.000112603 -0.000104385 0.000246551 0.00114912 0.00200917 0.000301715 -0.00824153 -0.0241813 -0.0299054 0.0254542 0.204529 0.5 0.795471 0.974546 1.02991 1.02418 1.00824 0.999698 0.997991 0.998851 0.999753 1.0001 1.00011 1.00004 0.999999 0.999991 0.999995 1 1 1 1 1 1 
3.3997e-17 1.51813e-15 -1.32737e-07 -4.72649e-07 -7.42386e-07 5.69542e-07 4.74738e-06 9.20364e-06 1.51522e-07 -4.31653e-05 -0.000114125 -0.000100922 0.000257499 0.00116428 0.0020144 0.000279974 -0.00829574 -0.024247 -0.029944 0.0254643 0.204559 0.5 0.795441 0.974536 1.02994 1.02425 1.0083 0.99972 0.997986 0.998836 0.999743 1.0001 1.00011 1.00004 1 0.999991 0.999995 0.999999 1 1 1 1 1 
-1.51813e-15 2.90193e-15 -1.41368e-07 -5.29807e-07 -6.77145e-07 7.07378e-07 5.05932e-06 9.07172e-06 -8.02057e-07 -4.52096e-05 -0.000115266 -9.79935e-05 0.000267355 0.00117758 0.00201979 0.000262234 -0.00834148 -0.0243051 -0.0299834 0.025462 0.204575 0.5 0.795425 0.974538 1.02998 1.02431 1.00834 0.999738 0.99798 0.998822 0.999733 1.0001 1.00012 1.00005 1 0.999991 0.999995 0.999999 1 1 1 1 1 
-2.90193e-15 4.61935e-15 -1.72482e-07 -5.38601e-07 -6.63916e-07 9.07374e-07 5.25291e-06 9.01805e-06 -1.79105e-06 -4.69339e-05 -0.000116376 -9.52693e-05 0.00027594 0.00118954 0.00202507 0.000248146 -0.00838012 -0.0243563 -0.0300231 0.0254502 0.204581 0.5 0.795419 0.97455 1.03002 1.02436 1.00838 0.999752 0.997975 0.99881 0.999724 1.0001 1.00012 1.00005 1 0.999991 0.999995 0.999999 1 1 1 1 1 
-4.61935e-15 6.12825e-15 -1.83545e-07 -5.69726e-07 -6.07262e-07 1.04768e-06 5.47579e-06 8.88616e-06 -2.6348e-06 -4.8554e-05 -0.000117282 -9.29384e-05 0.000283583 0.00120015 0.0020304 0.000237031 -0.00841254 -0.0244016 -0.0300623 0.0254312 0.204578 0.5 0.795422 0.974569 1.03006 1.0244 1.00841 0.999763 0.99797 0.9988 0.999716 1.00009 1.00012 1.00005 1 0.999991 0.999995 0.999999 1 1 1 1 1 
-6.12825e-15 7.79205e-15 -2.03873e-07 -5.7581e-07 -5.74658e-07 1.21037e-06 5.63498e-06 8.79126e-06 -3.45503e-06 -4.99617e-05 -0.00011814 -9.08472e-05 0.000290264 0.00120967 0.00203564 0.00022853 -0.00843971 -0.0244416 -0.0301007 0.0254069 0.204569 0.5 0.795431 0.974593 1.0301 1.02444 1.00844 0.999771 0.997964 0.99879 0.99971 1.00009 1.00012 1.00005 1 0.999991 0.999994 0.999999 1 1 1 1 1 
-7.79205e-15 9.2296e-15 -2.13633e-07 -5.90339e-07 -5.22284e-07 1.34021e-06 5.79867e-06 8.6651e-06 -4.17543e-06 -5.12584e-05 -0.000118884 -8.90601e-05 0.000296168 0.00121817 0.00204084 0.000222181 -0.0084623 -0.0244768 -0.0301378 0.0253788 0.204555 0.5 0.795445 0.974621 1.03014 1.02448 1.00846 0.999778 0.997959 0.998782 0.999704 1.00009 1.00012 1.00005 1 0.999991 0.999994 0.999999 1 1 1 1 1 
-9.2296e-15 1.06571e-14 -2.26634e-07 -5.91782e-07 -4.8137e-07 1.47485e-06 5.9266e-06 8.55945e-06 -4.85175e-06 -5.24047e-05 -0.000119584 -8.74985e-05 0.000301331 0.0012258 0.00204594 0.000217677 -0.00848102 -0.0245079 -0.0301734 0.0253481 0.204537 0.5 0.795463 0.974652 1.03017 1.02451 1.00848 0.999782 0.997954 0.998774 0.999699 1.00009 1.00012 1.00005 1 0.999991 0.999994 0.999999 1 1 1 1 1 
-1.06571e-14 1.186e-14 -2.33902e-07 -5.95823e-07 -4.32209e-07 1.58986e-06 6.05033e-06 8.44488e-06 -5.45347e-06 -5.34505e-05 -0.000120216 -8.61758e-05 0.000305868 0.00123263 0.00205093 0.00021469 -0.00849639 -0.0245352 -0.0302073 0.0253159 0.204517 0.5 0.795483 0.974684 1.03021 1.02454 1.0085 0.999785 0.997949 0.998767 0.999694 1.00009 1.00012 1.00005 1.00001 0.999992 0.999994 0.999998 1 1 1 1 1 
-1.186e-14 1.29607e-14 -2.41889e-07 -5.92973e-07 -3.89065e-07 1.70251e-06 6.15304e-06 8.34439e-06 -6.00726e-06 -5.43846e-05 -0.000120812 -8.50467e-05 0.000309829 0.00123877 0.00205577 0.000212977 -0.00850892 -0.0245592 -0.0302395 0.025283 0.204495 0.5 0.795505 0.974717 1.03024 1.02456 1.00851 0.999787 0.997944 0.998761 0.99969 1.00009 1.00012 1.00005 1.00001 0.999992 0.999994 0.999998 1 1 1 1 1 
-1.29607e-14 1.38582e-14 -2.4666e-07 -5.90559e-07 -3.43226e-07 1.80231e-06 6.24947e-06 8.2453e-06 -6.50233e-06 -5.52332e-05 -0.000121363 -8.41054e-05 0.000313293 0.00124428 0.00206047 0.000212301 -0.00851902 -0.0245802 -0.0302697 0.02525 0.204472 0.5 0.795528 0.97475 1.03027 1.02458 1.00852 0.999788 0.99794 0.998756 0.999687 1.00008 1.00012 1.00006 1.00001 0.999992 0.999994 0.999998 1 1 1 1 1 
-1.38582e-14 1.46247e-14 -2.51233e-07 -5.84544e-07 -3.01135e-07 1.89726e-06 6.33295e-06 8.1576e-06 -6.95243e-06 -5.59959e-05 -0.000121886 -8.33222e-05 0.000316307 0.00124922 0.00206499 0.000212476 -0.00852705 -0.0245986 -0.030298 0.0252174 0.204448 0.5 0.795552 0.974783 1.0303 1.0246 1.00853 0.999788 0.997935 0.998751 0.999684 1.00008 1.00012 1.00006 1.00001 0.999992 0.999994 0.999998 1 1 1 1 1 
-1.46247e-14 1.52231e-14 -2.5395e-07 -5.78372e-07 -2.58985e-07 1.98308e-06 6.41051e-06 8.07569e-06 -7.35505e-06 -5.66876e-05 -0.000122377 -8.26849e-05 0.000318929 0.00125365 0.00206933 0.000213331 -0.00853332 -0.0246147 -0.0303243 0.0251856 0.204425 0.5 0.795575 0.974814 1.03032 1.02461 1.00853 0.999787 0.997931 0.998746 0.999681 1.00008 1.00012 1.00006 1.00001 0.999992 0.999994 0.999998 1 1 1 1 1 
-1.52231e-14 1.56993e-14 -2.5624e-07 -5.70405e-07 -2.19651e-07 2.06357e-06 6.47973e-06 8.00372e-06 -7.71805e-06 -5.73115e-05 -0.000122844 -8.21725e-05 0.0003212 0.00125763 0.00207347 0.000214727 -0.00853812 -0.0246287 -0.0303488 0.025155 0.204402 0.5 0.795598 0.974845 1.03035 1.02463 1.00854 0.999785 0.997927 0.998742 0.999679 1.00008 1.00012 1.00006 1.00001 0.999992 0.999994 0.999998 1 1 1 1 1 
-1.56993e-14 1.60472e-14 -2.57445e-07 -5.62283e-07 -1.8147e-07 2.13713e-06 6.54406e-06 7.93903e-06 -8.0422e-06 -5.78771e-05 -0.000123286 -8.17718e-05 0.000323163 0.00126119 0.00207741 0.000216541 -0.00854166 -0.0246409 -0.0303714 0.0251257 0.204379 0.5 0.795621 0.974874 1.03037 1.02464 1.00854 0.999783 0.997923 0.998739 0.999677 1.00008 1.00012 1.00006 1.00001 0.999992 0.999993 0.999998 1 1 1 1 1 
-1.60472e-14 1.62978e-14 -2.58255e-07 -5.53386e-07 -1.45696e-07 2.20565e-06 6.60278e-06 7.88311e-06 -8.33255e-06 -5.83883e-05 -0.000123706 -8.14669e-05 0.000324854 0.00126438 0.00208115 0.000218671 -0.00854416 -0.0246514 -0.0303922 0.0250979 0.204358 0.5 0.795642 0.974902 1.03039 1.02465 1.00854 0.999781 0.997919 0.998736 0.999675 1.00008 1.00012 1.00006 1.00001 0.999992 0.999993 0.999998 1 1 1 1 1 
-1.62978e-14 1.64576e-14 -2.58436e-07 -5.4451e-07 -1.11586e-07 2.26868e-06 6.65763e-06 7.8345e-06 -8.59099e-06 -5.88514e-05 -0.000124105 -8.12459e-05 0.000326305 0.00126724 0.00208468 0.000221029 -0.0085458 -0.0246604 -0.0304112 0.0250716 0.204337 0.5 0.795663 0.974928 1.03041 1.02466 1.00855 0.999779 0.997915 0.998733 0.999674 1.00008 1.00012 1.00006 1.00001 0.999992 0.999993 0.999998 1 1 1 1 1 
-1.64576e-14 1.65481e-14 -2.58333e-07 -5.35445e-07 -7.96574e-08 2.32723e-06 6.70851e-06 7.79353e-06 -8.82114e-06 -5.92704e-05 -0.000124485 -8.10964e-05 0.000327544 0.0012698 0.002088 0.000223545 -0.00854671 -0.0246682 -0.0304287 0.025047 0.204318 0.5 0.795682 0.974953 1.03043 1.02467 1.00855 0.999776 0.997912 0.99873 0.999672 1.00008 1.00012 1.00006 1.00001 0.999992 0.999993 0.999998 1 1 1 1 1 
-1.65481e-14 1.6579e-14 -2.57879e-07 -5.26583e-07 -4.95529e-08 2.38127e-06 6.75634e-06 7.75924e-06 -9.02511e-06 -5.96498e-05 -0.000124846 -8.10083e-05 0.000328597 0.00127208 0.00209111 0.000226156 -0.00854704 -0.0246749 -0.0304446 0.025024 0.204299 0.5 0.795701 0.974976 1.03044 1.02467 1.00855 0.999774 0.997909 0.998728 0.999671 1.00008 1.00012 1.00006 1.00001 0.999992 0.999993 0.999998 1 1 1 1 1 
-1.6579e-14 1.65653e-14 -2.57254e-07 -5.17867e-07 -2.14552e-08 2.43142e-06 6.80123e-06 7.73144e-06 -9.20566e-06 -5.99929e-05 -0.000125188 -8.0972e-05 0.000329487 0.00127411 0.00209402 0.000228813 -0.00854688 -0.0246805 -0.030459 0.0250026 0.204282 0.5 0.795718 0.974997 1.03046 1.02468 1.00855 0.999771 0.997906 0.998726 0.999671 1.00008 1.00013 1.00006 1.00001 0.999992 0.999993 0.999998 1 1 1 1 1 
-1.65653e-14 1.65159e-14 -2.56452e-07 -5.09489e-07 4.83442e-09 2.47781e-06 6.84367e-06 7.7094e-06 -9.36482e-06 -6.03033e-05 -0.000125512 -8.09793e-05 0.000330235 0.00127592 0.00209674 0.000231474 -0.00854634 -0.0246853 -0.030472 0.0249829 0.204266 0.5 0.795734 0.975017 1.03047 1.02469 1.00855 0.999769 0.997903 0.998724 0.99967 1.00008 1.00013 1.00006 1.00001 0.999992 0.999993 0.999998 1 1 1 1 1 
-1.65159e-14 1.6441e-14 -2.55569e-07 -5.01439e-07 2.92851e-08 2.52083e-06 6.88379e-06 7.69273e-06 -9.50478e-06 -6.05838e-05 -0.000125819 -8.10226e-05 0.000330858 0.00127752 0.00209926 0.000234107 -0.0085455 -0.0246893 -0.0304838 0.0249647 0.204251 0.5 0.795749 0.975035 1.03048 1.02469 1.00855 0.999766 0.997901 0.998722 0.999669 1.00008 1.00013 1.00006 1.00001 0.999992 0.999993 0.999997 1 1 1 1 1 
-1.6441e-14 1.63476e-14 -2.54618e-07 -4.93809e-07 5.20313e-08 2.56068e-06 6.92187e-06 7.68083e-06 -9.62735e-06 -6.08372e-05 -0.000126109 -8.10955e-05 0.000331372 0.00127895 0.0021016 0.000236684 -0.00854443 -0.0246927 -0.0304944 0.024948 0.204237 0.5 0.795763 0.975052 1.03049 1.02469 1.00854 0.999763 0.997898 0.998721 0.999669 1.00008 1.00013 1.00006 1.00001 0.999992 0.999993 0.999997 1 1 1 1 1 
-1.63476e-14 1.62423e-14 -2.5365e-07 -4.86594e-07 7.311e-08 2.59762e-06 6.95804e-06 7.67324e-06 -9.73429e-06 -6.10657e-05 -0.000126382 -8.11922e-05 0.000331792 0.00128021 0.00210376 0.000239186 -0.00854318 -0.0246954 -0.0305039 0.0249328 0.204224 0.5 0.795776 0.975067 1.0305 1.0247 1.00854 0.999761 0.997896 0.99872 0.999668 1.00008 1.00013 1.00006 1.00001 0.999992 0.999993 0.999997 1 1 1 1 1 
-1.62423e-14 1.61299e-14 -2.52679e-07 -4.79833e-07 9.26288e-08 2.63185e-06 6.99244e-06 7.66944e-06 -9.82717e-06 -6.12716e-05 -0.000126639 -8.13076e-05 0.000332129 0.00128132 0.00210576 0.000241595 -0.00854181 -0.0246977 -0.0305124 0.0249189 0.204212 0.5 0.795788 0.975081 1.03051 1.0247 1.00854 0.999758 0.997894 0.998719 0.999668 1.00008 1.00013 1.00006 1.00001 0.999992 0.999993 0.999997 1 1 1 1 1 
-1.61299e-14 1.60148e-14 -2.51732e-07 -4.73518e-07 1.10653e-07 2.66357e-06 7.02518e-06 7.66902e-06 -9.90745e-06 -6.1457e-05 -0.000126881 -8.14374e-05 0.000332397 0.0012823 0.00210759 0.0002439 -0.00854035 -0.0246995 -0.0305199 0.0249063 0.204202 0.5 0.795798 0.975094 1.03052 1.0247 1.00854 0.999756 0.997892 0.998718 0.999668 1.00008 1.00013 1.00006 1.00001 0.999992 0.999993 0.999997 1 1 1 1 1 
-1.60148e-14 1.58998e-14 -2.50819e-07 -4.67656e-07 1.27277e-07 2.69296e-06 7.05635e-06 7.67151e-06 -9.97644e-06 -6.16236e-05 -0.000127107 -8.15778e-05 0.000332603 0.00128316 0.00210927 0.000246092 -0.00853884 -0.0247009 -0.0305266 0.0248949 0.204192 0.5 0.795808 0.975105 1.03053 1.0247 1.00854 0.999754 0.997891 0.998717 0.999667 1.00008 1.00013 1.00006 1.00001 0.999992 0.999993 0.999997 1 1 1 1 1 
-1.58998e-14 1.57875e-14 -2.49954e-07 -4.62234e-07 1.42577e-07 2.72018e-06 7.08602e-06 7.67654e-06 -1.00353e-05 -6.1773e-05 -0.000127319 -8.17255e-05 0.000332758 0.00128392 0.0021108 0.000248167 -0.0085373 -0.024702 -0.0305325 0.0248846 0.204183 0.5 0.795817 0.975115 1.03053 1.0247 1.00854 0.999752 0.997889 0.998716 0.999667 1.00008 1.00013 1.00006 1.00001 0.999992 0.999993 0.999997 1 1 1 1 1 
-1.57875e-14 1.56796e-14 -2.49142e-07 -4.57244e-07 1.56638e-07 2.74537e-06 7.11425e-06 7.68372e-06 -1.00852e-05 -6.19069e-05 -0.000127517 -8.18777e-05 0.000332868 0.00128457 0.0021122 0.00025012 -0.00853577 -0.0247028 -0.0305378 0.0248753 0.204175 0.5 0.795825 0.975125 1.03054 1.0247 1.00854 0.99975 0.997888 0.998715 0.999667 1.00008 1.00013 1.00006 1.00001 0.999992 0.999993 0.999997 1 1 1 1 1 
-1.56796e-14 1.55775e-14 -2.4839e-07 -4.52666e-07 1.69537e-07 2.76869e-06 7.14109e-06 7.69272e-06 -1.01272e-05 -6.20265e-05 -0.0001277 -8.20321e-05 0.000332941 0.00128514 0.00211348 0.000251951 -0.00853426 -0.0247034 -0.0305424 0.024867 0.204168 0.5 0.795832 0.975133 1.03054 1.0247 1.00853 0.999748 0.997887 0.998715 0.999667 1.00008 1.00013 1.00006 1.00001 0.999992 0.999993 0.999997 1 1 1 1 1 
-1.55775e-14 1.54819e-14 -2.47698e-07 -4.48483e-07 1.81353e-07 2.79026e-06 7.1666e-06 7.70322e-06 -1.0162e-05 -6.21332e-05 -0.000127871 -8.21867e-05 0.000332982 0.00128564 0.00211463 0.000253661 -0.00853278 -0.0247037 -0.0305464 0.0248596 0.204162 0.5 0.795838 0.97514 1.03055 1.0247 1.00853 0.999746 0.997885 0.998714 0.999667 1.00008 1.00013 1.00006 1.00001 0.999992 0.999993 0.999997 1 1 1 1 1 
-1.54819e-14 1.53933e-14 -2.47068e-07 -4.44674e-07 1.92157e-07 2.8102e-06 7.19082e-06 7.71495e-06 -1.01905e-05 -6.2228e-05 -0.00012803 -8.23399e-05 0.000332997 0.00128606 0.00211568 0.000255252 -0.00853134 -0.024704 -0.0305498 0.0248531 0.204156 0.5 0.795844 0.975147 1.03055 1.0247 1.00853 0.999745 0.997884 0.998714 0.999667 1.00008 1.00013 1.00006 1.00001 0.999992 0.999993 0.999997 1 1 1 1 1 
-1.53933e-14 1.53121e-14 -2.46499e-07 -4.41219e-07 2.02022e-07 2.82861e-06 7.21379e-06 7.72765e-06 -1.02136e-05 -6.23122e-05 -0.000128176 -8.24902e-05 0.00033299 0.00128643 0.00211662 0.000256726 -0.00852996 -0.024704 -0.0305529 0.0248472 0.204151 0.5 0.795849 0.975153 1.03055 1.0247 1.00853 0.999743 0.997883 0.998714 0.999667 1.00008 1.00013 1.00006 1.00001 0.999992 0.999993 0.999997 1 1 1 1 1 
-1.53121e-14 1.52383e-14 -2.4599e-07 -4.38094e-07 2.11015e-07 2.84561e-06 7.23554e-06 7.74109e-06 -1.02317e-05 -6.23867e-05 -0.000128311 -8.26365e-05 0.000332965 0.00128674 0.00211747 0.000258087 -0.00852865 -0.024704 -0.0305555 0.0248421 0.204146 0.5 0.795854 0.975158 1.03056 1.0247 1.00853 0.999742 0.997883 0.998713 0.999667 1.00008 1.00013 1.00006 1.00001 0.999992 0.999993 0.999997 1 1 1 1 1 
-1.52383e-14 1.51718e-14 -2.45537e-07 -4.35277e-07 2.192e-07 2.86129e-06 7.25613e-06 7.75508e-06 -1.02457e-05 -6.24523e-05 -0.000128435 -8.2778e-05 0.000332927 0.001287 0.00211823 0.000259341 -0.00852739 -0.0247038 -0.0305577 0.0248375 0.204142 0.5 0.795858 0.975162 1.03056 1.0247 1.00853 0.999741 0.997882 0.998713 0.999667 1.00008 1.00013 1.00006 1.00001 0.999992 0.999993 0.999997 1 1 1 1 1 
-1.51718e-14 1.51124e-14 -2.45138e-07 -4.32747e-07 2.26638e-07 2.87574e-06 7.27557e-06 7.76943e-06 -1.02559e-05 -6.25099e-05 -0.000128549 -8.29141e-05 0.000332876 0.00128722 0.00211891 0.000260491 -0.00852621 -0.0247036 -0.0305596 0.0248335 0.204138 0.5 0.795862 0.975166 1.03056 1.0247 1.00853 0.99974 0.997881 0.998713 0.999667 1.00008 1.00013 1.00006 1.00001 0.999992 0.999993 0.999997 1 1 1 1 1 
-1.51124e-14 1.50596e-14 -2.4479e-07 -4.30482e-07 2.33387e-07 2.88905e-06 7.29392e-06 7.78398e-06 -1.02629e-05 -6.25604e-05 -0.000128653 -8.30441e-05 0.000332818 0.0012874 0.00211952 0.000261543 -0.00852509 -0.0247033 -0.0305612 0.0248301 0.204135 0.5 0.795865 0.97517 1.03056 1.0247 1.00853 0.999738 0.99788 0.998713 0.999667 1.00008 1.00013 1.00006 1.00001 0.999992 0.999993 0.999997 1 1 1 1 1 
-1.50596e-14 1.50133e-14 -2.44489e-07 -4.2846e-07 2.395e-07 2.90129e-06 7.3112e-06 7.79859e-06 -1.02671e-05 -6.26043e-05 -0.000128748 -8.31678e-05 0.000332752 0.00128756 0.00212006 0.000262502 -0.00852405 -0.024703 -0.0305626 0.0248271 0.204133 0.5 0.795867 0.975173 1.03056 1.0247 1.00852 0.999737 0.99788 0.998712 0.999667 1.00008 1.00013 1.00006 1.00001 0.999992 0.999993 0.999997 1 1 1 1 1 
-1.50133e-14 1.49729e-14 -2.44232e-07 -4.26663e-07 2.45028e-07 2.91254e-06 7.32747e-06 7.81316e-06 -1.02689e-05 -6.26423e-05 -0.000128835 -8.32848e-05 0.000332682 0.00128768 0.00212054 0.000263375 -0.00852308 -0.0247027 -0.0305637 0.0248245 0.20413 0.5 0.79587 0.975176 1.03056 1.0247 1.00852 0.999737 0.997879 0.998712 0.999667 1.00008 1.00013 1.00006 1.00001 0.999992 0.999993 0.999997 1 1 1 1 1 
-1.49729e-14 1.4938e-14 -2.44014e-07 -4.25071e-07 2.50018e-07 2.92286e-06 7.34274e-06 7.82757e-06 -1.02688e-05 -6.2675e-05 -0.000128914 -8.33952e-05 0.00033261 0.00128778 0.00212097 0.000264166 -0.00852217 -0.0247023 -0.0305646 0.0248222 0.204128 0.5 0.795872 0.975178 1.03056 1.0247 1.00852 0.999736 0.997879 0.998712 0.999667 1.00008 1.00013 1.00006 1.00001 0.999992 0.999993 0.999997 1 1 1 1 1 
-1.4938e-14 1.49083e-14 -2.43833e-07 -4.23666e-07 2.54516e-07 2.93233e-06 7.35707e-06 7.84174e-06 -1.02669e-05 -6.27031e-05 -0.000128985 -8.34987e-05 0.000332535 0.00128785 0.00212134 0.000264881 -0.00852134 -0.0247019 -0.0305653 0.0248203 0.204126 0.5 0.795874 0.97518 1.03057 1.0247 1.00852 0.999735 0.997879 0.998712 0.999667 1.00008 1.00013 1.00006 1.00001 0.999992 0.999993 0.999997 1 1 1 1 1 
-1.49083e-14 1.48832e-14 -2.43684e-07 -4.2243e-07 2.58562e-07 2.94101e-06 7.37049e-06 7.8556e-06 -1.02636e-05 -6.27268e-05 -0.00012905 -8.35955e-05 0.00033246 0.00128791 0.00212167 0.000265525 -0.00852056 -0.0247015 -0.0305659 0.0248187 0.204125 0.5 0.795875 0.975181 1.03057 1.0247 1.00852 0.999734 0.997878 0.998712 0.999668 1.00008 1.00013 1.00006 1.00001 0.999992 0.999993 0.999997 1 1 1 1 1 
-1.48832e-14 1.48623e-14 -2.43565e-07 -4.21349e-07 2.62195e-07 2.94895e-06 7.38304e-06 7.86908e-06 -1.02591e-05 -6.27468e-05 -0.000129108 -8.36857e-05 0.000332386 0.00128796 0.00212195 0.000266104 -0.00851985 -0.0247011 -0.0305664 0.0248173 0.204123 0.5 0.795877 0.975183 1.03057 1.0247 1.00852 0.999734 0.997878 0.998712 0.999668 1.00008 1.00013 1.00006 1.00001 0.999992 0.999993 0.999997 1 1 1 1 1 
-1.48623e-14 1.48452e-14 -2.43472e-07 -4.20407e-07 2.65452e-07 2.95621e-06 7.39475e-06 7.88214e-06 -1.02536e-05 -6.27634e-05 -0.00012916 -8.37694e-05 0.000332312 0.00128799 0.0021222 0.000266623 -0.0085192 -0.0247007 -0.0305667 0.0248162 0.204122 0.5 0.795878 0.975184 1.03057 1.0247 1.00852 0.999733 0.997878 0.998712 0.999668 1.00008 1.00013 1.00006 1.00001 0.999992 0.999993 0.999997 1 1 1 1 1 
-1.48452e-14 1.48316e-14 -2.43402e-07 -4.19591e-07 2.68364e-07 2.96283e-06 7.40568e-06 7.89474e-06 -1.02474e-05 -6.27771e-05 -0.000129206 -8.38469e-05 0.000332241 0.001288 0.00212241 0.000267086 -0.00851861 -0.0247003 -0.030567 0.0248152 0.204121 0.5 0.795879 0.975185 1.03057 1.0247 1.00852 0.999733 0.997878 0.998712 0.999668 1.00008 1.00013 1.00006 1.00001 0.999992 0.999993 0.999997 1 1 1 1 1 
-1.48316e-14 1.48211e-14 -2.43353e-07 -4.18887e-07 2.70964e-07 2.96887e-06 7.41585e-06 7.90684e-06 -1.02406e-05 -6.27881e-05 -0.000129247 -8.39183e-05 0.000332172 0.00128801 0.0021226 0.000267499 -0.00851806 -0.0247 -0.0305671 0.0248145 0.20412 0.5 0.79588 0.975186 1.03057 1.0247 1.00852 0.999733 0.997877 0.998712 0.999668 1.00008 1.00013 1.00006 1.00001 0.999992 0.999993 0.999997 1 1 1 1 1 
-1.48211e-14 1.48132e-14 -2.43322e-07 -4.18284e-07 2.7328e-07 2.97436e-06 7.4253e-06 7.91844e-06 -1.02334e-05 -6.27967e-05 -0.000129284 -8.39839e-05 0.000332106 0.00128801 0.00212276 0.000267864 -0.00851757 -0.0246996 -0.0305672 0.0248138 0.20412 0.5 0.79588 0.975186 1.03057 1.0247 1.00852 0.999732 0.997877 0.998712 0.999668 1.00008 1.00013 1.00006 1.00001 0.999992 0.999993 0.999997 1 1 1 1 1 
-1.48132e-14 1.48077e-14 -2.43306e-07 -4.17771e-07 2.75337e-07 2.97936e-06 7.43407e-06 7.92951e-06 -1.02258e-05 -6.28033e-05 -0.000129317 -8.40439e-05 0.000332042 0.00128801 0.00212289 0.000268188 -0.00851713 -0.0246993 -0.0305673 0.0248134 0.204119 0.5 0.795881 0.975187 1.03057 1.0247 1.00852 0.999732 0.997877 0.998712 0.999668 1.00008 1.00013 1.00006 1.00001 0.999992 0.999993 0.999997 1 1 1 1 1 
-1.48077e-14 1.48043e-14 -2.43303e-07 -4.17339e-07 2.7716e-07 2.9839e-06 7.44219e-06 7.94005e-06 -1.0218e-05 -6.28081e-05 -0.000129345 -8.40988e-05 0.000331982 0.001288 0.00212301 0.000268472 -0.00851672 -0.0246989 -0.0305672 0.024813 0.204119 0.5 0.795881 0.975187 1.03057 1.0247 1.00852 0.999732 0.997877 0.998712 0.999668 1.00008 1.00013 1.00006 1.00001 0.999992 0.999993 0.999997 1 1 1 1 1 
-1.48043e-14 1.48026e-14 -2.43312e-07 -4.16977e-07 2.78772e-07 2.98801e-06 7.44971e-06 7.95005e-06 -1.02101e-05 -6.28114e-05 -0.00012937 -8.41486e-05 0.000331925 0.00128798 0.0021231 0.000268722 -0.00851636 -0.0246986 -0.0305672 0.0248127 0.204119 0.5 0.795881 0.975187 1.03057 1.0247 1.00852 0.999731 0.997877 0.998712 0.999668 1.00008 1.00013 1.00006 1.00001 0.999992 0.999993 0.999997 1 1 1 1 1 
-1.48026e-14 1.48026e-14 -2.4333e-07 -4.16679e-07 2.80193e-07 2.99173e-06 7.45665e-06 7.95951e-06 -1.02022e-05 -6.28133e-05 -0.000129392 -8.41938e-05 0.000331872 0.00128796 0.00212318 0.000268941 -0.00851603 -0.0246983 -0.0305671 0.0248125 0.204118 0.5 0.795882 0.975187 1.03057 1.0247 1.00852 0.999731 0.997877 0.998712 0.999668 1.00008 1.00013 1.00006 1.00001 0.999992 0.999993 0.999997 1 1 1 1 1 
-1.48026e-14 1.48038e-14 -2.43357e-07 -4.16435e-07 2.81442e-07 2.9951e-06 7.46306e-06 7.96844e-06 -1.01944e-05 -6.28141e-05 -0.000129411 -8.42347e-05 0.000331822 0.00128794 0.00212324 0.00026913 -0.00851574 -0.024698 -0.030567 0.0248124 0.204118 0.5 0.795882 0.975188 1.03057 1.0247 1.00852 0.999731 0.997877 0.998712 0.999668 1.00008 1.00013 1.00006 1.00001 0.999992 0.999993 0.999997 1 1 1 1 1 
-1.48038e-14 1.48061e-14 -2.4339e-07 -4.16241e-07 2.82535e-07 2.99813e-06 7.46895e-06 7.97686e-06 -1.01866e-05 -6.28139e-05 -0.000129427 -8.42714e-05 0.000331775 0.00128792 0.0021233 0.000269295 -0.00851548 -0.0246978 -0.0305669 0.0248123 0.204118 0.5 0.795882 0.975188 1.03057 1.0247 1.00852 0.999731 0.997877 0.998712 0.999668 1.00008 1.00013 1.00006 1.00001 0.999992 0.999993 0.999997 1 1 1 1 1 
-1.48061e-14 1.48094e-14 -2.43428e-07 -4.16088e-07 2.8349e-07 3.00086e-06 7.47437e-06 7.98476e-06 -1.0179e-05 -6.28128e-05 -0.000129441 -8.43044e-05 0.000331732 0.0012879 0.00212334 0.000269436 -0.00851525 -0.0246975 -0.0305667 0.0248123 0.204118 0.5 0.795882 0.975188 1.03057 1.0247 1.00852 0.999731 0.997877 0.998712 0.999668 1.00008 1.00013 1.00006 1.00001 0.999992 0.999993 0.999997 1 1 1 1 1 
-1.48094e-14 1.48134e-14 -2.4347e-07 -4.15973e-07 2.8432e-07 3.00332e-06 7.47935e-06 7.99217e-06 -1.01716e-05 -6.28111e-05 -0.000129452 -8.43338e-05 0.000331692 0.00128787 0.00212337 0.000269558 -0.00851505 -0.0246973 -0.0305666 0.0248124 0.204118 0.5 0.795882 0.975188 1.03057 1.0247 1.00852 0.99973 0.997877 0.998712 0.999668 1.00008 1.00013 1.00006 1.00001 0.999992 0.999993 0.999997 1 1 1 1 1 
-1.48134e-14 1.4818e-14 -2.43515e-07 -4.1589e-07 2.85038e-07 3.00552e-06 7.4839e-06 7.9991e-06 -1.01644e-05 -6.28088e-05 -0.000129462 -8.436e-05 0.000331655 0.00128785 0.00212339 0.000269661 -0.00851487 -0.0246971 -0.0305664 0.0248124 0.204118 0.5 0.795882 0.975188 1.03057 1.0247 1.00851 0.99973 0.997877 0.998712 0.999668 1.00008 1.00013 1.00006 1.00001 0.999992 0.999993 0.999997 1 1 1 1 1 
-1.4818e-14 1.48231e-14 -2.43563e-07 -4.15834e-07 2.85656e-07 3.0075e-06 7.48807e-06 8.00557e-06 -1.01575e-05 -6.2806e-05 -0.00012947 -8.43832e-05 0.000331621 0.00128782 0.00212341 0.000269748 -0.00851471 -0.0246969 -0.0305663 0.0248125 0.204118 0.5 0.795882 0.975188 1.03057 1.0247 1.00851 0.99973 0.997877 0.998712 0.999668 1.00008 1.00013 1.00006 1.00001 0.999992 0.999993 0.999997 1 1 1 1 1 
-1.48231e-14 1.48285e-14 -2.43612e-07 -4.15801e-07 2.86186e-07 3.00926e-06 7.49188e-06 8.01159e-06 -1.01508e-05 -6.28028e-05 -0.000129476 -8.44036e-05 0.00033159 0.0012878 0.00212342 0.000269821 -0.00851457 -0.0246967 -0.0305661 0.0248126 0.204118 0.5 0.795882 0.975187 1.03057 1.0247 1.00851 0.99973 0.997877 0.998712 0.999668 1.00008 1.00013 1.00006 1.00001 0.999992 0.999993 0.999997 1 1 1 1 1 
-1.48285e-14 1.48342e-14 -2.43661e-07 -4.15789e-07 2.86637e-07 3.01083e-06 7.49535e-06 8.01719e-06 -1.01444e-05 -6.27994e-05 -0.000129481 -8.44215e-05 0.000331562 0.00128777 0.00212343 0.000269881 -0.00851445 -0.0246966 -0.030566 0.0248127 0.204118 0.5 0.795882 0.975187 1.03057 1.0247 1.00851 0.99973 0.997877 0.998712 0.999668 1.00008 1.00013 1.00006 1.00001 0.999992 0.999993 0.999997 1 1 1 1 1 
-1.48342e-14 1.484e-14 -2.43711e-07 -4.15793e-07 2.87018e-07 3.01223e-06 7.4985e-06 8.02238e-06 -1.01383e-05 -6.27957e-05 -0.000129485 -8.44372e-05 0.000331537 0.00128775 0.00212343 0.000269931 -0.00851434 -0.0246964 -0.0305658 0.0248129 0.204118 0.5 0.795882 0.975187 1.03057 1.0247 1.00851 0.99973 0.997877 0.998712 0.999668 1.00008 1.00013 1.00006 1.00001 0.999992 0.999993 0.999997 1 1 1 1 1 
-1.484e-14 1.4846e-14 -2.43761e-07 -4.15811e-07 2.87338e-07 3.01347e-06 7.50137e-06 8.02719e-06 -1.01325e-05 -6.27919e-05 -0.000129488 -8.44507e-05 0.000331514 0.00128773 0.00212343 0.000269971 -0.00851425 -0.0246963 -0.0305656 0.024813 0.204118 0.5 0.795882 0.975187 1.03057 1.0247 1.00851 0.99973 0.997877 0.998712 0.999668 1.00008 1.00013 1.00006 1.00001 0.999992 0.999992 0.999997 1 1 1 1 1 
-1.4846e-14 1.48519e-14 -2.4381e-07 -4.15841e-07 2.87602e-07 3.01457e-06 7.50397e-06 8.03163e-06 -1.0127e-05 -6.2788e-05 -0.00012949 -8.44623e-05 0.000331493 0.00128771 0.00212342 0.000270003 -0.00851418 -0.0246962 -0.0305655 0.0248132 0.204118 0.5 0.795882 0.975187 1.03057 1.0247 1.00851 0.99973 0.997877 0.998712 0.999669 1.00008 1.00013 1.00006 1.00001 0.999992 0.999992 0.999997 1 1 1 1 1 
-1.48519e-14 1.48579e-14 -2.43859e-07 -4.1588e-07 2.87819e-07 3.01553e-06 7.50633e-06 8.03573e-06 -1.01218e-05 -6.27841e-05 -0.000129491 -8.44723e-05 0.000331474 0.00128769 0.00212342 0.000270027 -0.00851411 -0.0246961 -0.0305654 0.0248133 0.204118 0.5 0.795882 0.975187 1.03057 1.0247 1.00851 0.99973 0.997877 0.998712 0.999669 1.00008 1.00013 1.00006 1.00001 0.999992 0.999992 0.999997 1 1 1 1 1 
-1.48579e-14 1.48637e-14 -2.43905e-07 -4.15926e-07 2.87994e-07 3.01638e-06 7.50845e-06 8.0395e-06 -1.01169e-05 -6.27801e-05 -0.000129492 -8.44807e-05 0.000331458 0.00128767 0.00212341 0.000270046 -0.00851405 -0.024696 -0.0305652 0.0248135 0.204118 0.5 0.795882 0.975187 1.03057 1.0247 1.00851 0.99973 0.997877 0.998712 0.999669 1.00008 1.00013 1.00006 1.00001 0.999992 0.999992 0.999997 1 1 1 1 1 
-1.48637e-14 1.48694e-14 -2.43951e-07 -4.15978e-07 2.88133e-07 3.01713e-06 7.51037e-06 8.04296e-06 -1.01123e-05 -6.27762e-05 -0.000129492 -8.44877e-05 0.000331443 0.00128765 0.0021234 0.000270059 -0.008514 -0.0246959 -0.0305651 0.0248136 0.204119 0.5 0.795881 0.975186 1.03057 1.0247 1.00851 0.99973 0.997877 0.998712 0.999669 1.00008 1.00013 1.00006 1.00001 0.999992 0.999992 0.999997 1 1 1 1 1 
-1.48694e-14 1.4875e-14 -2.43995e-07 -4.16035e-07 2.8824e-07 3.01778e-06 7.51209e-06 8.04614e-06 -1.0108e-05 -6.27723e-05 -0.000129491 -8.44935e-05 0.00033143 0.00128764 0.00212339 0.000270068 -0.00851396 -0.0246958 -0.030565 0.0248137 0.204119 0.5 0.795881 0.975186 1.03056 1.0247 1.00851 0.99973 0.997877 0.998712 0.999669 1.00008 1.00013 1.00006 1.00001 0.999992 0.999992 0.999997 1 1 1 1 1 
-1.4875e-14 1.48804e-14 -2.44037e-07 -4.16095e-07 2.88319e-07 3.01835e-06 7.51364e-06 8.04905e-06 -1.0104e-05 -6.27685e-05 -0.00012949 -8.44982e-05 0.000331419 0.00128762 0.00212338 0.000270073 -0.00851393 -0.0246957 -0.0305648 0.0248139 0.204119 0.5 0.795881 0.975186 1.03056 1.0247 1.00851 0.99973 0.997877 0.998712 0.999669 1.00008 1.00013 1.00006 1.00001 0.999992 0.999992 0.999997 1 1 1 1 1 
-1.48804e-14 1.48856e-14 -2.44077e-07 -4.16156e-07 2.88374e-07 3.01884e-06 7.51502e-06 8.0517e-06 -1.01002e-05 -6.27648e-05 -0.000129489 -8.45019e-05 0.000331409 0.00128761 0.00212337 0.000270075 -0.00851391 -0.0246957 -0.0305647 0.024814 0.204119 0.5 0.795881 0.975186 1.03056 1.0247 1.00851 0.99973 0.997877 0.998712 0.999669 1.00008 1.00013 1.00006 1.00001 0.999992 0.999992 0.999997 1 1 1 1 1 
-1.48856e-14 1.48906e-14 -2.44115e-07 -4.16219e-07 2.8841e-07 3.01926e-06 7.51626e-06 8.05413e-06 -1.00967e-05 -6.27612e-05 -0.000129487 -8.45048e-05 0.0003314 0.00128759 0.00212336 0.000270075 -0.00851388 -0.0246956 -0.0305646 0.0248141 0.204119 0.5 0.795881 0.975186 1.03056 1.0247 1.00851 0.99973 0.997877 0.998712 0.999669 1.00008 1.00013 1.00006 1.00001 0.999992 0.999992 0.999997 1 1 1 1 1 
-1.48906e-14 1.48954e-14 -2.44152e-07 -4.16282e-07 2.88428e-07 3.01962e-06 7.51736e-06 8.05633e-06 -1.00934e-05 -6.27578e-05 -0.000129485 -8.45069e-05 0.000331393 0.00128758 0.00212335 0.000270072 -0.00851387 -0.0246956 -0.0305645 0.0248143 0.204119 0.5 0.795881 0.975186 1.03056 1.0247 1.00851 0.99973 0.997877 0.998712 0.999669 1.00008 1.00013 1.00006 1.00001 0.999992 0.999992 0.999997 1 1 1 1 1 
-1.48954e-14 1.48999e-14 -2.44186e-07 -4.16345e-07 2.88432e-07 3.01993e-06 7.51834e-06 8.05833e-06 -1.00904e-05 -6.27545e-05 -0.000129483 -8.45084e-05 0.000331386 0.00128757 0.00212333 0.000270068 -0.00851385 -0.0246955 -0.0305645 0.0248144 0.204119 0.5 0.795881 0.975186 1.03056 1.0247 1.00851 0.99973 0.997877 0.998712 0.999669 1.00008 1.00013 1.00006 1.00001 0.999992 0.999992 0.999997 1 1 1 1 1 
-1.48999e-14 1.49042e-14 -2.44218e-07 -4.16407e-07 2.88423e-07 3.02019e-06 7.51921e-06 8.06014e-06 -1.00876e-05 -6.27513e-05 -0.000129481 -8.45093e-05 0.000331381 0.00128756 0.00212332 0.000270063 -0.00851384 -0.0246955 -0.0305644 0.0248145 0.204119 0.5 0.795881 0.975186 1.03056 1.0247 1.00851 0.99973 0.997877 0.998712 0.999669 1.00008 1.00013 1.00006 1.00001 0.999992 0.999992 0.999997 1 1 1 1 1 
-1.49042e-14 1.49083e-14 -2.44249e-07 -4.16468e-07 2.88405e-07 3.0204e-06 7.51998e-06 8.06178e-06 -1.0085e-05 -6.27483e-05 -0.000129479 -8.45097e-05 0.000331377 0.00128755 0.00212331 0.000270056 -0.00851384 -0.0246954 -0.0305643 0.0248146 0.204119 0.5 0.795881 0.975185 1.03056 1.0247 1.00851 0.99973 0.997877 0.998712 0.999669 1.00008 1.00013 1.00006 1.00001 0.999992 0.999992 0.999997 1 1 1 1 1 
-1.49083e-14 1.49121e-14 -2.44277e-07 -4.16527e-07 2.88378e-07 3.02058e-06 7.52065e-06 8.06326e-06 -1.00826e-05 -6.27454e-05 -0.000129477 -8.45097e-05 0.000331373 0.00128755 0.0021233 0.000270049 -0.00851383 -0.0246954 -0.0305642 0.0248147 0.204119 0.5 0.795881 0.975185 1.03056 1.0247 1.00851 0.99973 0.997877 0.998712 0.999669 1.00008 1.00013 1.00006 1.00001 0.999992 0.999992 0.999997 1 1 1 1 1 
-1.49121e-14 1.49157e-14 -2.44304e-07 -4.16585e-07 2.88344e-07 3.02073e-06 7.52125e-06 8.0646e-06 -1.00804e-05 -6.27427e-05 -0.000129475 -8.45093e-05 0.00033137 0.00128754 0.00212329 0.000270041 -0.00851383 -0.0246954 -0.0305642 0.0248148 0.20412 0.5 0.79588 0.975185 1.03056 1.0247 1.00851 0.99973 0.997877 0.998712 0.999669 1.00008 1.00013 1.00006 1.00001 0.999992 0.999992 0.999997 1 1 1 1 1 
-1.49157e-14 1.49191e-14 -2.44329e-07 -4.1664e-07 2.88306e-07 3.02085e-06 7.52177e-06 8.06579e-06 -1.00784e-05 -6.27401e-05 -0.000129472 -8.45086e-05 0.000331368 0.00128753 0.00212329 0.000270033 -0.00851383 -0.0246954 -0.0305641 0.0248149 0.20412 0.5 0.79588 0.975185 1.03056 1.0247 1.00851 0.99973 0.997877 0.998712 0.999669 1.00008 1.00013 1.00006 1.00001 0.999992 0.999992 0.999997 1 1 1 1 1 
