0 0 0 0 0 0 0 0 0 0 0 0 0 0 0 0 0 0 0 0 0 0.5 1 1 1 1 1 1 1 1 1 1 1 1 1 1 1 1 1 1 1 1 1 
0 -9.66332e-14 3.88861e-13 -1.66222e-12 7.08094e-12 -3.017e-11 1.28545e-10 -5.47688e-10 2.33353e-09 -9.94243e-09 4.23616e-08 -1.80489e-07 7.69008e-07 -3.2765e-06 1.39601e-05 -5.94798e-05 0.000253425 -0.00107976 0.00460053 -0.0196014 -0.0168862 0.5 1.01689 1.0196 0.995399 1.00108 0.999747 1.00006 0.999986 1 0.999999 1 1 1 1 1 1 1 1 1 1 1 1 
9.66332e-14 1.31582e-12 -5.58567e-12 2.20428e-11 -8.69284e-11 3.40476e-10 -1.3233e-09 5.09553e-09 -1.93984e-08 7.27998e-08 -2.68206e-07 9.63915e-07 -3.34502e-06 1.10057e-05 -3.30614e-05 8.19188e-05 -9.80568e-05 -0.000651797 0.00738236 -0.0299113 -0.0364469 0.5 1.03645 1.02991 0.992618 1.00065 1.0001 0.999918 1.00003 0.999989 1 0.999999 1 1 1 1 1 1 1 1 1 1 1 
-1.31582e-12 -6.23086e-12 2.90316e-11 -1.02328e-10 3.60069e-10 -1.23845e-09 4.14343e-09 -1.33631e-08 4.09452e-08 -1.16083e-07 2.87472e-07 -5.19535e-07 -3.65564e-08 6.52657e-06 -4.12443e-05 0.000174628 -0.00049056 -5.94377e-05 0.00984413 -0.0349303 -0.0546435 0.5 1.05464 1.03493 0.990156 1.00006 1.00049 0.999825 1.00004 0.999993 1 1 1 1 1 1 1 1 1 1 1 1 1 
6.23086e-12 1.00888e-11 -5.93411e-11 1.69829e-10 -4.6843e-10 1.15366e-09 -2.27506e-09 1.94383e-09 1.20917e-08 -9.41216e-08 4.35403e-07 -1.55024e-06 4.13099e-06 -5.23988e-06 -2.45208e-05 0.000221511 -0.000841116 0.000352917 0.0122001 -0.0367451 -0.0698809 0.5 1.06988 1.03675 0.9878 0.999647 1.00084 0.999778 1.00002 1.00001 0.999996 1 1 1 1 1 1 1 1 1 1 1 1 
-1.00888e-11 4.54205e-12 1.20699e-11 2.97862e-11 -2.87861e-10 1.40334e-09 -5.32215e-09 1.65897e-08 -4.01055e-08 5.10923e-08 1.5971e-07 -1.51988e-06 6.65792e-06 -1.73283e-05 1.16481e-06 0.000250754 -0.00114904 0.000528707 0.0143653 -0.0366574 -0.0817431 0.5 1.08174 1.03666 0.985635 0.999471 1.00115 0.999749 0.999999 1.00002 0.999993 1 1 1 1 1 1 1 1 1 1 1 1 
-4.54205e-12 -1.45175e-11 7.20824e-11 -1.84481e-10 3.94539e-10 -3.65489e-10 -2.02967e-09 1.54006e-08 -6.44114e-08 1.85337e-07 -2.69176e-07 -7.89628e-07 7.57884e-06 -2.79813e-05 2.77613e-05 0.000280316 -0.00141783 0.000499239 0.0162333 -0.0355438 -0.0904133 0.5 1.09041 1.03554 0.983767 0.999501 1.00142 0.99972 0.999972 1.00003 0.999992 1 1 1 1 1 1 1 1 1 1 1 1 
1.45175e-11 -1.8915e-11 3.24467e-11 -1.88972e-10 7.25633e-10 -2.05001e-09 3.58463e-09 2.73391e-09 -5.46023e-08 2.57099e-07 -6.81077e-07 2.48868e-07 7.54494e-06 -3.74331e-05 5.18356e-05 0.000317679 -0.00164657 0.000321149 0.0177435 -0.0339926 -0.0963581 0.5 1.09636 1.03399 0.982257 0.999679 1.00165 0.999682 0.999948 1.00004 0.999992 1 1 1 1 1 1 1 1 1 1 1 1 
1.8915e-11 -1.24114e-12 -5.19025e-11 -1.76603e-11 5.11847e-10 -2.56229e-09 8.01481e-09 -1.339e-08 -2.25449e-08 2.68468e-07 -1.02173e-06 1.36981e-06 7.13572e-06 -4.62601e-05 7.19736e-05 0.000363808 -0.00183292 5.3238e-05 0.0188857 -0.0323786 -0.100142 0.5 1.10014 1.03238 0.981114 0.999947 1.00183 0.999636 0.999928 1.00005 0.999993 0.999999 1 1 1 1 1 1 1 1 1 1 1 
1.24114e-12 2.54855e-11 -1.06289e-10 1.89287e-10 -3.43005e-11 -1.90347e-09 9.96296e-09 -2.78679e-08 1.94778e-08 2.38588e-07 -1.29688e-06 2.47449e-06 6.7321e-06 -5.48369e-05 8.76268e-05 0.00041629 -0.00197603 -0.000253403 0.0196878 -0.0309181 -0.102321 0.5 1.10232 1.03092 0.980312 1.00025 1.00198 0.999584 0.999912 1.00005 0.999993 0.999998 1 1 1 1 1 1 1 1 1 1 1 
-2.54855e-11 4.3978e-11 -1.0031e-10 3.33697e-10 -6.47633e-10 -5.10014e-10 9.58117e-09 -3.88784e-08 6.38852e-08 1.86157e-07 -1.5313e-06 3.52735e-06 6.5476e-06 -6.32564e-05 9.87008e-05 0.000471375 -0.00207765 -0.000559398 0.0202006 -0.0297153 -0.103381 0.5 1.10338 1.02972 0.979799 1.00056 1.00208 0.999529 0.999901 1.00006 0.999993 0.999996 1 1 1 1 1 1 1 1 1 1 1 
-4.3978e-11 4.39566e-11 -4.45983e-11 3.84012e-10 -1.15933e-09 1.18628e-09 7.5393e-09 -4.65436e-08 1.0733e-07 1.24635e-07 -1.74916e-06 4.51472e-06 6.67927e-06 -7.14022e-05 0.000105419 0.00052524 -0.0021421 -0.000837848 0.0204852 -0.0287995 -0.103717 0.5 1.10372 1.0288 0.979515 1.00084 1.00214 0.999475 0.999895 1.00007 0.999993 0.999995 1 1 1 1 1 1 1 1 1 1 1 
-4.39566e-11 2.44918e-11 3.36653e-11 3.49213e-10 -1.50582e-09 2.90876e-09 4.50535e-09 -5.1754e-08 1.48958e-07 6.25867e-08 -1.96728e-06 5.42594e-06 7.14713e-06 -7.90501e-05 0.000108255 0.000574697 -0.0021755 -0.00107321 0.0206027 -0.0281541 -0.10363 0.5 1.10363 1.02815 0.979397 1.00107 1.00218 0.999425 0.999892 1.00008 0.999993 0.999995 1 1 1 1 1 1 1 1 1 1 1 
-2.44918e-11 -8.95982e-12 1.09727e-10 2.51513e-10 -1.69124e-09 4.53142e-09 9.69061e-10 -5.55082e-08 1.88966e-07 5.2185e-09 -2.19422e-06 6.24792e-06 7.92109e-06 -8.59562e-05 0.000107865 0.000617521 -0.0021849 -0.00125921 0.0206083 -0.0277388 -0.103331 0.5 1.10333 1.02774 0.979392 1.00126 1.00218 0.999382 0.999892 1.00009 0.999992 0.999994 1 1 1 1 1 1 1 1 1 1 1 
8.95982e-12 -4.871e-11 1.69062e-10 1.11676e-10 -1.75033e-09 6.02666e-09 -2.76166e-09 -5.86381e-08 2.27735e-07 -4.42881e-08 -2.43164e-06 6.96615e-06 8.93999e-06 -9.19184e-05 0.000105013 0.000652516 -0.00217736 -0.00139638 0.0205475 -0.0275038 -0.102963 0.5 1.10296 1.0275 0.979453 1.0014 1.00218 0.999347 0.999895 1.00009 0.999991 0.999993 1 1 1 1 1 1 1 1 1 1 1 
4.871e-11 -8.79305e-11 2.0732e-10 -5.53698e-11 -1.72474e-09 7.41508e-09 -6.50698e-09 -6.1741e-08 2.65431e-07 -8.39728e-08 -2.67628e-06 7.56789e-06 1.0126e-05 -9.68108e-05 0.000100491 0.000679404 -0.00215932 -0.00148975 0.020455 -0.0273994 -0.10261 0.5 1.10261 1.0274 0.979545 1.00149 1.00216 0.999321 0.9999 1.0001 0.99999 0.999992 1 1 1 1 1 1 1 1 1 1 1 
8.79305e-11 -1.22124e-10 2.26941e-10 -2.39934e-10 -1.6515e-09 8.73169e-09 -1.01592e-08 -6.51974e-08 3.01895e-07 -1.12712e-07 -2.92186e-06 8.04516e-06 1.13959e-05 -0.000100594 9.50417e-05 0.000698635 -0.00213612 -0.00154676 0.0203552 -0.027382 -0.102316 0.5 1.10232 1.02738 0.979645 1.00155 1.00214 0.999301 0.999905 1.0001 0.999989 0.999992 1 1 1 1 1 1 1 1 1 1 1 
1.22124e-10 -1.493e-10 2.33446e-10 -4.3563e-10 -1.55923e-09 1.00077e-08 -1.36433e-08 -6.92139e-08 3.3669e-07 -1.30084e-07 -3.16078e-06 8.39664e-06 1.26708e-05 -0.000103312 8.93099e-05 0.000711154 -0.00211185 -0.00157571 0.0202633 -0.0274161 -0.102096 0.5 1.1021 1.02742 0.979737 1.00158 1.00211 0.999289 0.999911 1.0001 0.999987 0.999992 1 1 1 1 1 1 1 1 1 1 1 
1.493e-10 -1.69436e-10 2.32726e-10 -6.37738e-10 -1.46823e-09 1.12632e-08 -1.68953e-08 -7.38632e-08 3.69212e-07 -1.36326e-07 -3.38544e-06 8.62812e-06 1.38822e-05 -0.00010507 8.38033e-05 0.00071818 -0.00208932 -0.00158463 0.0201876 -0.027475 -0.10195 0.5 1.10195 1.02748 0.979812 1.00158 1.00209 0.999282 0.999916 1.00011 0.999986 0.999991 1 1 1 1 1 1 1 1 1 1 1 
1.69436e-10 -1.83702e-10 2.29567e-10 -8.42256e-10 -1.39216e-09 1.2506e-08 -1.98549e-08 -7.91177e-08 3.98814e-07 -1.32301e-07 -3.58922e-06 8.75176e-06 1.4977e-05 -0.000106021 7.88809e-05 0.000721018 -0.00207022 -0.00158057 0.020131 -0.0275405 -0.101865 0.5 1.10187 1.02754 0.979869 1.00158 1.00207 0.999279 0.999921 1.00011 0.999985 0.999991 1 1 1 1 1 1 1 1 1 1 1 
1.83702e-10 -1.9377e-10 2.27167e-10 -1.0455e-09 -1.33977e-09 1.37331e-08 -2.2466e-08 -8.48751e-08 4.2492e-07 -1.19413e-07 -3.76712e-06 8.78454e-06 1.59191e-05 -0.000106337 7.47573e-05 0.000720915 -0.00205527 -0.00156922 0.0200927 -0.0276011 -0.101828 0.5 1.10183 1.0276 0.979907 1.00157 1.00206 0.999279 0.999925 1.00011 0.999984 0.999991 1 1 1 1 1 1 1 1 1 1 1 
1.9377e-10 -2.01313e-10 2.27239e-10 -1.24402e-09 -1.31644e-09 1.49335e-08 -2.46818e-08 -9.09802e-08 4.47106e-07 -9.94783e-08 -3.9161e-06 8.74625e-06 1.66898e-05 -0.000106191 7.15208e-05 0.000718963 -0.00204454 -0.00155485 0.0200702 -0.027651 -0.101824 0.5 1.10182 1.02765 0.97993 1.00155 1.00204 0.999281 0.999928 1.00011 0.999983 0.999991 1 1 1 1 1 1 1 1 1 1 1 
2.01313e-10 -2.07733e-10 2.30379e-10 -1.43463e-09 -1.32506e-09 1.60913e-08 -2.64702e-08 -9.72451e-08 4.65146e-07 -7.45542e-08 -4.03509e-06 8.65745e-06 1.72858e-05 -0.000105747 6.91592e-05 0.000716052 -0.00203761 -0.0015404 0.02006 -0.0276881 -0.101839 0.5 1.10184 1.02769 0.97994 1.00154 1.00204 0.999284 0.999931 1.00011 0.999983 0.999991 1 1 1 1 1 1 1 1 1 1 1 
2.07733e-10 -2.14045e-10 2.36472e-10 -1.6145e-09 -1.36655e-09 1.71881e-08 -2.78176e-08 -1.03468e-07 4.79034e-07 -4.67555e-08 -4.12488e-06 8.5377e-06 1.77163e-05 -0.000105141 6.75887e-05 0.000712848 -0.00203383 -0.00152765 0.0200585 -0.0277127 -0.101864 0.5 1.10186 1.02771 0.979942 1.00153 1.00203 0.999287 0.999932 1.00011 0.999982 0.999991 1 1 1 1 1 1 1 1 1 1 1 
2.14045e-10 -2.20892e-10 2.45035e-10 -1.78122e-09 -1.44011e-09 1.82052e-08 -2.87314e-08 -1.09451e-07 4.88967e-07 -1.8082e-08 -4.18778e-06 8.40418e-06 1.79999e-05 -0.000104482 6.6682e-05 0.000709807 -0.00203242 -0.00151746 0.0200623 -0.0277267 -0.101891 0.5 1.10189 1.02773 0.979938 1.00152 1.00203 0.99929 0.999933 1.0001 0.999982 0.999992 1 1 1 1 1 1 1 1 1 1 1 
2.20892e-10 -2.28596e-10 2.55443e-10 -1.9328e-09 -1.54335e-09 1.91259e-08 -2.92391e-08 -1.15017e-07 4.95315e-07 9.7228e-09 -4.22719e-06 8.27081e-06 1.8161e-05 -0.000103852 6.62931e-05 0.000707201 -0.00203265 -0.00151008 0.020069 -0.0277327 -0.101916 0.5 1.10192 1.02773 0.979931 1.00151 1.00203 0.999293 0.999934 1.0001 0.999982 0.999992 1 1 1 1 1 1 1 1 1 1 1 
2.28596e-10 -2.37244e-10 2.67068e-10 -2.0678e-09 -1.67244e-09 1.99366e-08 -2.93861e-08 -1.20021e-07 4.98578e-07 3.52706e-08 -4.2472e-06 8.14787e-06 1.82261e-05 -0.000103299 6.62761e-05 0.000705157 -0.00203387 -0.00150531 0.0200764 -0.027733 -0.101937 0.5 1.10194 1.02773 0.979924 1.00151 1.00203 0.999295 0.999934 1.0001 0.999982 0.999992 1 1 1 1 1 1 1 1 1 1 1 
2.37244e-10 -2.46757e-10 2.79336e-10 -2.18527e-09 -1.82227e-09 2.06282e-08 -2.92309e-08 -1.24359e-07 4.99334e-07 5.7578e-08 -4.25214e-06 8.04205e-06 1.82215e-05 -0.000102852 6.64991e-05 0.000703695 -0.00203556 -0.00150271 0.0200834 -0.0277299 -0.101951 0.5 1.10195 1.02773 0.979917 1.0015 1.00204 0.999296 0.999934 1.0001 0.999982 0.999992 1 1 1 1 1 1 1 1 1 1 1 
2.46757e-10 -2.56952e-10 2.91748e-10 -2.28482e-09 -1.98686e-09 2.11965e-08 -2.88403e-08 -1.27972e-07 4.98187e-07 7.60719e-08 -4.24625e-06 7.95678e-06 1.81711e-05 -0.000102518 6.68519e-05 0.000702762 -0.00203734 -0.00150176 0.0200893 -0.0277251 -0.101961 0.5 1.10196 1.02773 0.979911 1.0015 1.00204 0.999297 0.999933 1.0001 0.999982 0.999992 1 1 1 1 1 1 1 1 1 1 1 
2.56952e-10 -2.67588e-10 3.03878e-10 -2.36661e-09 -2.15967e-09 2.16422e-08 -2.82837e-08 -1.30847e-07 4.95723e-07 9.05561e-08 -4.23337e-06 7.89281e-06 1.80954e-05 -0.000102292 6.725e-05 0.000702268 -0.00203898 -0.00150193 0.0200937 -0.02772 -0.101966 0.5 1.10197 1.02772 0.979906 1.0015 1.00204 0.999298 0.999933 1.0001 0.999982 0.999992 1 1 1 1 1 1 1 1 1 1 1 
2.67588e-10 -2.78393e-10 3.15368e-10 -2.43131e-09 -2.33408e-09 2.19712e-08 -2.76283e-08 -1.3301e-07 4.92473e-07 1.01151e-07 -4.21677e-06 7.84888e-06 1.80101e-05 -0.000102158 6.76339e-05 0.000702105 -0.00204032 -0.00150277 0.0200966 -0.0277153 -0.101968 0.5 1.10197 1.02772 0.979903 1.0015 1.00204 0.999298 0.999932 1.0001 0.999982 0.999992 1 1 1 1 1 1 1 1 1 1 1 
2.78393e-10 -2.89094e-10 3.25925e-10 -2.48007e-09 -2.50386e-09 2.21933e-08 -2.69347e-08 -1.34519e-07 4.88891e-07 1.08218e-07 -4.19906e-06 7.82238e-06 1.7927e-05 -0.000102098 6.79667e-05 0.000702168 -0.00204133 -0.00150393 0.0200983 -0.0277115 -0.101967 0.5 1.10197 1.02771 0.979902 1.0015 1.00204 0.999298 0.999932 1.0001 0.999982 0.999992 1 1 1 1 1 1 1 1 1 1 1 
2.89094e-10 -2.99427e-10 3.35322e-10 -2.51444e-09 -2.6635e-09 2.23217e-08 -2.62541e-08 -1.3546e-07 4.85335e-07 1.12278e-07 -4.18214e-06 7.80997e-06 1.78536e-05 -0.000102092 6.82303e-05 0.000702367 -0.002042 -0.00150512 0.020099 -0.0277087 -0.101966 0.5 1.10197 1.02771 0.979901 1.00151 1.00204 0.999298 0.999932 1.0001 0.999982 0.999992 1 1 1 1 1 1 1 1 1 1 1 
2.99427e-10 -3.09159e-10 3.43398e-10 -2.53626e-09 -2.80856e-09 2.23715e-08 -2.56259e-08 -1.3593e-07 4.82066e-07 1.13931e-07 -4.16726e-06 7.8081e-06 1.77938e-05 -0.000102122 6.84206e-05 0.000702627 -0.00204238 -0.0015062 0.0200991 -0.0277069 -0.101963 0.5 1.10196 1.02771 0.979901 1.00151 1.00204 0.999297 0.999932 1.0001 0.999982 0.999992 1 1 1 1 1 1 1 1 1 1 1 
3.09159e-10 -3.1809e-10 3.50064e-10 -2.54755e-09 -2.93584e-09 2.23593e-08 -2.50778e-08 -1.36035e-07 4.79253e-07 1.13796e-07 -4.15511e-06 7.81338e-06 1.7749e-05 -0.000102171 6.85428e-05 0.000702895 -0.00204254 -0.00150707 0.0200986 -0.0277059 -0.101961 0.5 1.10196 1.02771 0.979901 1.00151 1.00204 0.999297 0.999931 1.0001 0.999982 0.999992 1 1 1 1 1 1 1 1 1 1 1 
3.1809e-10 -3.26067e-10 3.55302e-10 -2.55041e-09 -3.04342e-09 2.23012e-08 -2.46258e-08 -1.35874e-07 4.7698e-07 1.12453e-07 -4.14592e-06 7.82286e-06 1.77187e-05 -0.000102227 6.86079e-05 0.000703137 -0.00204253 -0.00150771 0.020098 -0.0277055 -0.101959 0.5 1.10196 1.02771 0.979902 1.00151 1.00204 0.999297 0.999931 1.0001 0.999982 0.999992 1 1 1 1 1 1 1 1 1 1 1 
3.26067e-10 -3.3299e-10 3.59161e-10 -2.54689e-09 -3.13066e-09 2.22126e-08 -2.42756e-08 -1.35542e-07 4.75266e-07 1.10406e-07 -4.13956e-06 7.83415e-06 1.77009e-05 -0.000102282 6.86293e-05 0.000703334 -0.00204243 -0.00150812 0.0200973 -0.0277056 -0.101957 0.5 1.10196 1.02771 0.979903 1.00151 1.00204 0.999297 0.999931 1.0001 0.999982 0.999992 1 1 1 1 1 1 1 1 1 1 1 
3.3299e-10 -3.38806e-10 3.61746e-10 -2.53891e-09 -3.19805e-09 2.21072e-08 -2.40243e-08 -1.35118e-07 4.74079e-07 1.08067e-07 -4.1357e-06 7.84549e-06 1.7693e-05 -0.000102329 6.86204e-05 0.000703479 -0.00204228 -0.00150834 0.0200967 -0.027706 -0.101956 0.5 1.10196 1.02771 0.979903 1.00151 1.00204 0.999297 0.999931 1.0001 0.999982 0.999992 1 1 1 1 1 1 1 1 1 1 1 
3.38806e-10 -3.43518e-10 3.63211e-10 -2.52819e-09 -3.247e-09 2.19962e-08 -2.38627e-08 -1.34665e-07 4.73354e-07 1.05744e-07 -4.13388e-06 7.85569e-06 1.76925e-05 -0.000102367 6.85933e-05 0.000703574 -0.00204211 -0.00150841 0.0200962 -0.0277064 -0.101955 0.5 1.10196 1.02771 0.979904 1.00151 1.00204 0.999296 0.999931 1.0001 0.999982 0.999992 1 1 1 1 1 1 1 1 1 1 1 
3.43518e-10 -3.47172e-10 3.63739e-10 -2.51617e-09 -3.27962e-09 2.18888e-08 -2.37776e-08 -1.34232e-07 4.73004e-07 1.03648e-07 -4.13358e-06 7.8641e-06 1.76968e-05 -0.000102394 6.85577e-05 0.000703626 -0.00204196 -0.00150838 0.0200958 -0.0277069 -0.101955 0.5 1.10196 1.02771 0.979904 1.00151 1.00204 0.999296 0.999931 1.0001 0.999982 0.999992 1 1 1 1 1 1 1 1 1 1 1 
3.47172e-10 -3.49851e-10 3.63529e-10 -2.50401e-09 -3.29844e-09 2.17912e-08 -2.37534e-08 -1.3385e-07 4.72938e-07 1.019e-07 -4.13433e-06 7.87044e-06 1.77037e-05 -0.000102412 6.85208e-05 0.000703646 -0.00204183 -0.0015083 0.0200956 -0.0277073 -0.101955 0.5 1.10196 1.02771 0.979904 1.00151 1.00204 0.999296 0.999931 1.0001 0.999982 0.999992 1 1 1 1 1 1 1 1 1 1 1 
3.49851e-10 -3.51668e-10 3.62783e-10 -2.49257e-09 -3.30621e-09 2.17077e-08 -2.37742e-08 -1.33537e-07 4.7307e-07 1.00552e-07 -4.13569e-06 7.87477e-06 1.77116e-05 -0.000102421 6.84874e-05 0.000703642 -0.00204174 -0.00150819 0.0200954 -0.0277076 -0.101955 0.5 1.10196 1.02771 0.979905 1.00151 1.00204 0.999296 0.999932 1.0001 0.999982 0.999992 1 1 1 1 1 1 1 1 1 1 1 
3.51668e-10 -3.52754e-10 3.61689e-10 -2.48243e-09 -3.30564e-09 2.16402e-08 -2.3825e-08 -1.333e-07 4.73319e-07 9.96003e-08 -4.13731e-06 7.87732e-06 1.77192e-05 -0.000102424 6.84601e-05 0.000703624 -0.00204167 -0.00150807 0.0200954 -0.0277079 -0.101955 0.5 1.10196 1.02771 0.979905 1.00151 1.00204 0.999296 0.999932 1.0001 0.999982 0.999992 1 1 1 1 1 1 1 1 1 1 1 
3.52754e-10 -3.53249e-10 3.60413e-10 -2.47394e-09 -3.29927e-09 2.15891e-08 -2.38926e-08 -1.33136e-07 4.73624e-07 9.90043e-08 -4.13895e-06 7.87843e-06 1.77258e-05 -0.000102422 6.84399e-05 0.000703599 -0.00204164 -0.00150797 0.0200954 -0.027708 -0.101956 0.5 1.10196 1.02771 0.979905 1.00151 1.00204 0.999296 0.999932 1.0001 0.999982 0.999992 1 1 1 1 1 1 1 1 1 1 1 
3.53249e-10 -3.53292e-10 3.59094e-10 -2.46721e-09 -3.28933e-09 2.15534e-08 -2.39662e-08 -1.33038e-07 4.73935e-07 9.87026e-08 -4.14042e-06 7.87849e-06 1.7731e-05 -0.000102418 6.84266e-05 0.000703572 -0.00204162 -0.00150789 0.0200955 -0.0277081 -0.101956 0.5 1.10196 1.02771 0.979905 1.00151 1.00204 0.999296 0.999932 1.0001 0.999982 0.999992 1 1 1 1 1 1 1 1 1 1 1 
3.53292e-10 -3.53011e-10 3.57838e-10 -2.46222e-09 -3.27766e-09 2.15311e-08 -2.40377e-08 -1.32994e-07 4.74219e-07 9.86249e-08 -4.14163e-06 7.87785e-06 1.77347e-05 -0.000102413 6.84192e-05 0.000703548 -0.00204163 -0.00150783 0.0200955 -0.0277081 -0.101956 0.5 1.10196 1.02771 0.979904 1.00151 1.00204 0.999296 0.999932 1.0001 0.999982 0.999992 1 1 1 1 1 1 1 1 1 1 1 
3.53011e-10 -3.52523e-10 3.56719e-10 -2.45881e-09 -3.26571e-09 2.15201e-08 -2.41017e-08 -1.3299e-07 4.74457e-07 9.87022e-08 -4.14255e-06 7.87683e-06 1.77371e-05 -0.000102407 6.84165e-05 0.000703529 -0.00204164 -0.0015078 0.0200956 -0.0277081 -0.101956 0.5 1.10196 1.02771 0.979904 1.00151 1.00204 0.999296 0.999932 1.0001 0.999982 0.999992 1 1 1 1 1 1 1 1 1 1 1 
3.52523e-10 -3.51926e-10 3.55783e-10 -2.45675e-09 -3.25453e-09 2.15177e-08 -2.41547e-08 -1.33015e-07 4.74639e-07 9.88729e-08 -4.14318e-06 7.87567e-06 1.77383e-05 -0.000102402 6.8417e-05 0.000703514 -0.00204165 -0.00150778 0.0200956 -0.027708 -0.101956 0.5 1.10196 1.02771 0.979904 1.00151 1.00204 0.999296 0.999932 1.0001 0.999982 0.999992 1 1 1 1 1 1 1 1 1 1 1 
3.51926e-10 -3.51297e-10 3.55048e-10 -2.45578e-09 -3.24476e-09 2.15213e-08 -2.41956e-08 -1.33057e-07 4.74766e-07 9.90867e-08 -4.14355e-06 7.87455e-06 1.77386e-05 -0.000102398 6.84196e-05 0.000703505 -0.00204167 -0.00150777 0.0200957 -0.027708 -0.101956 0.5 1.10196 1.02771 0.979904 1.00151 1.00204 0.999296 0.999932 1.0001 0.999982 0.999992 1 1 1 1 1 1 1 1 1 1 1 
3.51297e-10 -3.50693e-10 3.54512e-10 -2.45564e-09 -3.23679e-09 2.15289e-08 -2.42245e-08 -1.33106e-07 4.74843e-07 9.93058e-08 -4.14371e-06 7.87357e-06 1.77383e-05 -0.000102395 6.84232e-05 0.0007035 -0.00204168 -0.00150778 0.0200957 -0.0277079 -0.101956 0.5 1.10196 1.02771 0.979904 1.00151 1.00204 0.999297 0.999932 1.0001 0.999982 0.999992 1 1 1 1 1 1 1 1 1 1 1 
3.50693e-10 -3.50155e-10 3.54159e-10 -2.45607e-09 -3.23069e-09 2.15385e-08 -2.42425e-08 -1.33156e-07 4.74879e-07 9.95047e-08 -4.14373e-06 7.8728e-06 1.77376e-05 -0.000102393 6.8427e-05 0.000703498 -0.0020417 -0.00150779 0.0200958 -0.0277079 -0.101956 0.5 1.10196 1.02771 0.979904 1.00151 1.00204 0.999297 0.999932 1.0001 0.999982 0.999992 1 1 1 1 1 1 1 1 1 1 1 
3.50155e-10 -3.49703e-10 3.53963e-10 -2.45684e-09 -3.22639e-09 2.15486e-08 -2.42515e-08 -1.332e-07 4.74883e-07 9.96688e-08 -4.14364e-06 7.87224e-06 1.77368e-05 -0.000102392 6.84304e-05 0.000703499 -0.00204171 -0.0015078 0.0200958 -0.0277079 -0.101956 0.5 1.10196 1.02771 0.979904 1.00151 1.00204 0.999297 0.999932 1.0001 0.999982 0.999992 1 1 1 1 1 1 1 1 1 1 1 
3.49703e-10 -3.49348e-10 3.53893e-10 -2.45778e-09 -3.22368e-09 2.15581e-08 -2.42535e-08 -1.33238e-07 4.74866e-07 9.97923e-08 -4.1435e-06 7.87188e-06 1.7736e-05 -0.000102392 6.84332e-05 0.000703501 -0.00204171 -0.00150781 0.0200958 -0.0277079 -0.101956 0.5 1.10196 1.02771 0.979904 1.00151 1.00204 0.999296 0.999932 1.0001 0.999982 0.999992 1 1 1 1 1 1 1 1 1 1 1 
3.49348e-10 -3.49088e-10 3.53914e-10 -2.45874e-09 -3.22228e-09 2.15665e-08 -2.42505e-08 -1.33266e-07 4.74836e-07 9.98755e-08 -4.14334e-06 7.8717e-06 1.77353e-05 -0.000102392 6.84353e-05 0.000703503 -0.00204172 -0.00150782 0.0200958 -0.0277078 -0.101956 0.5 1.10196 1.02771 0.979904 1.00151 1.00204 0.999296 0.999932 1.0001 0.999982 0.999992 1 1 1 1 1 1 1 1 1 1 1 
3.49088e-10 -3.48915e-10 3.53998e-10 -2.45964e-09 -3.22188e-09 2.15733e-08 -2.42445e-08 -1.33285e-07 4.74802e-07 9.99232e-08 -4.14319e-06 7.87165e-06 1.77347e-05 -0.000102393 6.84367e-05 0.000703506 -0.00204172 -0.00150783 0.0200958 -0.0277078 -0.101956 0.5 1.10196 1.02771 0.979904 1.00151 1.00204 0.999296 0.999932 1.0001 0.999982 0.999992 1 1 1 1 1 1 1 1 1 1 1 
