0 1 1 1 1 1 1 1 1 1 1 
0 0.618034 0.854102 0.944272 0.978714 0.99187 0.996896 0.998817 0.999557 0.999852 1 
0 0.447214 0.723607 0.869506 0.940637 0.973693 0.988571 0.995125 0.997987 0.99928 1 
0 0.357771 0.6261 0.796923 0.895162 0.947925 0.974921 0.988267 0.994755 0.998012 1 
0 0.304107 0.554549 0.733441 0.84885 0.917947 0.957067 0.978331 0.989659 0.99589 1 
0 0.268333 0.500891 0.679792 0.805044 0.886489 0.936476 0.965872 0.982811 0.9929 1 
0 0.242579 0.459406 0.634747 0.765042 0.855337 0.91448 0.951626 0.974526 0.989142 1 
0 0.222986 0.426377 0.596741 0.729098 0.825512 0.892101 0.936311 0.965207 0.984783 1 
0 0.207465 0.399409 0.564384 0.697002 0.797523 0.870054 0.92054 0.955253 0.980012 1 
0 0.194795 0.376922 0.536561 0.668377 0.771567 0.848803 0.904786 0.945016 0.975009 1 
0 0.184215 0.357848 0.512409 0.642818 0.74767 0.828623 0.889397 0.934781 0.96993 1 
0 0.17522 0.341445 0.491268 0.619949 0.725761 0.809664 0.874607 0.924762 0.964897 1 
0 0.167467 0.32718 0.472627 0.599435 0.705727 0.791986 0.860568 0.915111 0.960003 1 
0 0.160709 0.31466 0.456092 0.580988 0.687437 0.775596 0.847364 0.905929 0.95531 1 
0 0.154767 0.303592 0.441349 0.564364 0.670754 0.760461 0.835033 0.897274 0.950862 1 
0 0.149505 0.293749 0.428151 0.549353 0.655545 0.746529 0.82358 0.889178 0.94668 1 
0 0.14482 0.284955 0.416294 0.535778 0.641686 0.733734 0.812987 0.881647 0.942776 1 
0 0.140629 0.277066 0.405614 0.523483 0.629058 0.722004 0.803221 0.874672 0.939149 1 
0 0.136866 0.269968 0.395973 0.512337 0.617554 0.711266 0.794241 0.868236 0.935795 1 
0 0.133477 0.263566 0.387254 0.502221 0.607074 0.701447 0.786 0.862313 0.932703 1 
0 0.130419 0.257781 0.379357 0.493035 0.597528 0.692475 0.77845 0.856874 0.929859 1 
0 0.127654 0.252544 0.372196 0.484688 0.588833 0.684283 0.77154 0.851888 0.927249 1 
0 0.125151 0.247797 0.365698 0.4771 0.580913 0.676806 0.765223 0.847323 0.924857 1 
0 0.122881 0.243491 0.359796 0.470198 0.573699 0.669986 0.759452 0.843148 0.922668 1 
0 0.120821 0.239581 0.354432 0.463919 0.567128 0.663766 0.754184 0.839333 0.920667 1 
0 0.11895 0.236029 0.349556 0.458206 0.561143 0.658095 0.749376 0.835849 0.918839 1 
0 0.11725 0.2328 0.34512 0.453006 0.555691 0.652926 0.74499 0.83267 0.917169 1 
0 0.115704 0.229863 0.341085 0.448272 0.550726 0.648214 0.740991 0.829769 0.915646 1 
0 0.114299 0.227192 0.337413 0.443963 0.546203 0.643921 0.737345 0.827124 0.914257 1 
0 0.11302 0.224761 0.334071 0.440039 0.542084 0.640009 0.734022 0.824712 0.912989 1 
0 0.111856 0.222549 0.331029 0.436467 0.538332 0.636445 0.730993 0.822513 0.911834 1 
0 0.110797 0.220535 0.328259 0.433213 0.534914 0.633197 0.728233 0.820509 0.910781 1 
0 0.109833 0.218702 0.325737 0.430251 0.531801 0.630239 0.725718 0.818683 0.909821 1 
0 0.108955 0.217032 0.323441 0.427552 0.528966 0.627544 0.723427 0.817019 0.908947 1 
0 0.108156 0.215513 0.321349 0.425095 0.526383 0.625089 0.72134 0.815503 0.90815 1 
0 0.107428 0.214129 0.319445 0.422857 0.524031 0.622853 0.719438 0.814121 0.907424 1 
0 0.106765 0.212868 0.317711 0.420819 0.521888 0.620815 0.717705 0.812863 0.906762 1 
0 0.106162 0.21172 0.316131 0.418962 0.519937 0.61896 0.716127 0.811717 0.90616 1 
0 0.105612 0.210675 0.314692 0.417271 0.518159 0.61727 0.71469 0.810672 0.905611 1 
0 0.105112 0.209723 0.313382 0.415731 0.51654 0.61573 0.71338 0.809721 0.905111 1 
0 0.104656 0.208856 0.312189 0.414329 0.515065 0.614328 0.712188 0.808855 0.904655 1 
0 0.104241 0.208066 0.311102 0.413051 0.513722 0.61305 0.711101 0.808065 0.90424 1 
0 0.103863 0.207347 0.310112 0.411887 0.512499 0.611887 0.710111 0.807346 0.903862 1 
0 0.103518 0.206692 0.30921 0.410827 0.511384 0.610827 0.70921 0.806691 0.903518 1 
0 0.103204 0.206095 0.308389 0.409862 0.510369 0.609862 0.708389 0.806095 0.903204 1 
0 0.102919 0.205552 0.307641 0.408983 0.509445 0.608982 0.707641 0.805551 0.902919 1 
0 0.102658 0.205057 0.30696 0.408182 0.508603 0.608182 0.70696 0.805056 0.902658 1 
0 0.102421 0.204606 0.306339 0.407452 0.507836 0.607452 0.706339 0.804606 0.902421 1 
0 0.102206 0.204195 0.305774 0.406788 0.507137 0.606788 0.705774 0.804195 0.902205 1 
0 0.102009 0.203821 0.305259 0.406183 0.506501 0.606183 0.705259 0.803821 0.902009 1 
0 0.10183 0.20348 0.30479 0.405631 0.505921 0.605631 0.70479 0.80348 0.90183 1 
0 0.101667 0.20317 0.304363 0.405129 0.505393 0.605129 0.704363 0.80317 0.901667 1 
0 0.101518 0.202887 0.303974 0.404672 0.504912 0.604672 0.703974 0.802887 0.901518 1 
0 0.101383 0.20263 0.30362 0.404255 0.504474 0.604255 0.70362 0.80263 0.901383 1 
0 0.101259 0.202395 0.303297 0.403876 0.504075 0.603876 0.703297 0.802395 0.901259 1 
0 0.101147 0.202182 0.303003 0.40353 0.503712 0.60353 0.703003 0.802182 0.901147 1 
0 0.101045 0.201987 0.302735 0.403216 0.503381 0.603216 0.702735 0.801987 0.901045 1 
0 0.100952 0.20181 0.302491 0.402929 0.50308 0.602929 0.702491 0.80181 0.900952 1 
0 0.100867 0.201649 0.302269 0.402668 0.502805 0.602668 0.702269 0.801649 0.900867 1 
0 0.10079 0.201502 0.302067 0.40243 0.502555 0.60243 0.702067 0.801502 0.90079 1 
0 0.100719 0.201368 0.301883 0.402213 0.502327 0.602213 0.701883 0.801368 0.900719 1 
0 0.100655 0.201246 0.301715 0.402016 0.50212 0.602016 0.701715 0.801246 0.900655 1 
0 0.100597 0.201135 0.301562 0.401836 0.501931 0.601836 0.701562 0.801135 0.900597 1 
0 0.100543 0.201034 0.301423 0.401672 0.501759 0.601672 0.701423 0.801034 0.900543 1 
0 0.100495 0.200941 0.301296 0.401523 0.501602 0.601523 0.701296 0.800941 0.900495 1 
0 0.100451 0.200858 0.30118 0.401388 0.501459 0.601388 0.70118 0.800858 0.900451 1 
0 0.100411 0.200781 0.301075 0.401264 0.501329 0.601264 0.701075 0.800781 0.900411 1 
0 0.100374 0.200711 0.300979 0.401151 0.50121 0.601151 0.700979 0.800711 0.900374 1 
0 0.100341 0.200648 0.300892 0.401049 0.501102 0.601049 0.700892 0.800648 0.900341 1 
0 0.10031 0.20059 0.300812 0.400955 0.501004 0.600955 0.700812 0.80059 0.90031 1 
0 0.100283 0.200538 0.30074 0.40087 0.500915 0.60087 0.70074 0.800538 0.900283 1 
0 0.100257 0.20049 0.300674 0.400792 0.500833 0.600792 0.700674 0.80049 0.900257 1 
0 0.100234 0.200446 0.300614 0.400722 0.500759 0.600722 0.700614 0.800446 0.900234 1 
0 0.100214 0.200406 0.300559 0.400657 0.500691 0.600657 0.700559 0.800406 0.900214 1 
0 0.100195 0.20037 0.300509 0.400599 0.50063 0.600599 0.700509 0.80037 0.900195 1 
0 0.100177 0.200337 0.300464 0.400545 0.500573 0.600545 0.700464 0.800337 0.900177 1 
0 0.100161 0.200307 0.300423 0.400497 0.500522 0.600497 0.700423 0.800307 0.900161 1 
0 0.100147 0.20028 0.300385 0.400452 0.500476 0.600452 0.700385 0.80028 0.900147 1 
0 0.100134 0.200255 0.300351 0.400412 0.500433 0.600412 0.700351 0.800255 0.900134 1 
0 0.100122 0.200232 0.300319 0.400375 0.500395 0.600375 0.700319 0.800232 0.900122 1 
0 0.100111 0.200211 0.300291 0.400342 0.500359 0.600342 0.700291 0.800211 0.900111 1 
0 0.100101 0.200192 0.300265 0.400311 0.500327 0.600311 0.700265 0.800192 0.900101 1 
0 0.100092 0.200175 0.300241 0.400284 0.500298 0.600284 0.700241 0.800175 0.900092 1 
0 0.100084 0.20016 0.30022 0.400258 0.500272 0.600258 0.70022 0.80016 0.900084 1 
0 0.100076 0.200145 0.3002 0.400235 0.500247 0.600235 0.7002 0.800145 0.900076 1 
0 0.10007 0.200132 0.300182 0.400214 0.500225 0.600214 0.700182 0.800132 0.90007 1 
0 0.100063 0.200121 0.300166 0.400195 0.500205 0.600195 0.700166 0.800121 0.900063 1 
0 0.100058 0.20011 0.300151 0.400178 0.500187 0.600178 0.700151 0.80011 0.900058 1 
0 0.100053 0.2001 0.300138 0.400162 0.50017 0.600162 0.700138 0.8001 0.900053 1 
0 0.100048 0.200091 0.300125 0.400148 0.500155 0.600148 0.700125 0.800091 0.900048 1 
0 0.100044 0.200083 0.300114 0.400134 0.500141 0.600134 0.700114 0.800083 0.900044 1 
0 0.10004 0.200076 0.300104 0.400122 0.500129 0.600122 0.700104 0.800076 0.90004 1 
0 0.100036 0.200069 0.300095 0.400111 0.500117 0.600111 0.700095 0.800069 0.900036 1 
0 0.100033 0.200063 0.300086 0.400102 0.500107 0.600102 0.700086 0.800063 0.900033 1 
0 0.10003 0.200057 0.300079 0.400092 0.500097 0.600092 0.700079 0.800057 0.90003 1 
0 0.100027 0.200052 0.300072 0.400084 0.500089 0.600084 0.700072 0.800052 0.900027 1 
0 0.100025 0.200047 0.300065 0.400077 0.500081 0.600077 0.700065 0.800047 0.900025 1 
0 0.100023 0.200043 0.300059 0.40007 0.500073 0.60007 0.700059 0.800043 0.900023 1 
0 0.100021 0.200039 0.300054 0.400064 0.500067 0.600064 0.700054 0.800039 0.900021 1 
0 0.100019 0.200036 0.300049 0.400058 0.500061 0.600058 0.700049 0.800036 0.900019 1 
0 0.100017 0.200033 0.300045 0.400053 0.500056 0.600053 0.700045 0.800033 0.900017 1 
0 0.100016 0.20003 0.300041 0.400048 0.500051 0.600048 0.700041 0.80003 0.900016 1 
0 0.100014 0.200027 0.300037 0.400044 0.500046 0.600044 0.700037 0.800027 0.900014 1 
0 0.100013 0.200025 0.300034 0.40004 0.500042 0.60004 0.700034 0.800025 0.900013 1 
0 0.100012 0.200022 0.300031 0.400036 0.500038 0.600036 0.700031 0.800022 0.900012 1 
0 0.100011 0.20002 0.300028 0.400033 0.500035 0.600033 0.700028 0.80002 0.900011 1 
0 0.10001 0.200019 0.300026 0.40003 0.500032 0.60003 0.700026 0.800019 0.90001 1 
0 0.100009 0.200017 0.300023 0.400027 0.500029 0.600027 0.700023 0.800017 0.900009 1 
0 0.100008 0.200015 0.300021 0.400025 0.500026 0.600025 0.700021 0.800015 0.900008 1 
0 0.100007 0.200014 0.300019 0.400023 0.500024 0.600023 0.700019 0.800014 0.900007 1 
0 0.100007 0.200013 0.300018 0.400021 0.500022 0.600021 0.700018 0.800013 0.900007 1 
0 0.100006 0.200012 0.300016 0.400019 0.50002 0.600019 0.700016 0.800012 0.900006 1 
0 0.100006 0.200011 0.300015 0.400017 0.500018 0.600017 0.700015 0.800011 0.900006 1 
0 0.100005 0.20001 0.300013 0.400016 0.500016 0.600016 0.700013 0.80001 0.900005 1 
0 0.100005 0.200009 0.300012 0.400014 0.500015 0.600014 0.700012 0.800009 0.900005 1 
0 0.100004 0.200008 0.300011 0.400013 0.500014 0.600013 0.700011 0.800008 0.900004 1 
0 0.100004 0.200007 0.30001 0.400012 0.500012 0.600012 0.70001 0.800007 0.900004 1 
0 0.100004 0.200007 0.300009 0.400011 0.500011 0.600011 0.700009 0.800007 0.900004 1 
0 0.100003 0.200006 0.300008 0.40001 0.50001 0.60001 0.700008 0.800006 0.900003 1 
0 0.100003 0.200006 0.300008 0.400009 0.500009 0.600009 0.700008 0.800006 0.900003 1 
0 0.100003 0.200005 0.300007 0.400008 0.500009 0.600008 0.700007 0.800005 0.900003 1 
0 0.100002 0.200005 0.300006 0.400007 0.500008 0.600007 0.700006 0.800005 0.900002 1 
0 0.100002 0.200004 0.300006 0.400007 0.500007 0.600007 0.700006 0.800004 0.900002 1 
0 0.100002 0.200004 0.300005 0.400006 0.500006 0.600006 0.700005 0.800004 0.900002 1 
0 0.100002 0.200003 0.300005 0.400006 0.500006 0.600006 0.700005 0.800003 0.900002 1 
0 0.100002 0.200003 0.300004 0.400005 0.500005 0.600005 0.700004 0.800003 0.900002 1 
0 0.100002 0.200003 0.300004 0.400005 0.500005 0.600005 0.700004 0.800003 0.900002 1 
0 0.100001 0.200003 0.300004 0.400004 0.500004 0.600004 0.700004 0.800003 0.900001 1 
0 0.100001 0.200002 0.300003 0.400004 0.500004 0.600004 0.700003 0.800002 0.900001 1 
