0 0 0 0 0 0 0 0 0 0 0 0 0 0 0 0 0 0 0 0 0 0.5 1 1 1 1 1 1 1 1 1 1 1 1 1 1 1 1 1 1 1 1 1 
0 0 0 0 0 0 0 0 0 0 0 0 0 0 0 0 0 0 0 -0.0136364 0.0576446 0.5 0.942355 1.01364 1 1 1 1 1 1 1 1 1 1 1 1 1 1 1 1 1 1 1 
0 0 0 0 0 0 0 0 0 0 0 0 0 0 0 0 0 0.000371901 -0.00292835 -0.014873 0.0898525 0.5 0.910147 1.01487 1.00293 0.999628 1 1 1 1 1 1 1 1 1 1 1 1 1 1 1 1 1 
0 0 0 0 0 0 0 0 0 0 0 0 0 0 0 -1.01428e-05 0.000117684 0.000331164 -0.00557219 -0.0124876 0.109489 0.5 0.890511 1.01249 1.00557 0.999669 0.999882 1.00001 1 1 1 1 1 1 1 1 1 1 1 1 1 1 1 
0 0 0 0 0 0 0 0 0 0 0 0 0 2.7662e-07 -4.2406e-06 -3.06067e-06 0.000252471 8.39461e-06 -0.00744319 -0.00936766 0.122286 0.5 0.877714 1.00937 1.00744 0.999992 0.999748 1 1 1 1 1 1 1 1 1 1 1 1 1 1 1 1 
0 0 0 0 0 0 0 0 0 0 0 -7.5442e-09 1.43772e-07 -1.84005e-07 -9.62965e-06 2.25074e-05 0.000352133 -0.000418085 -0.00866779 -0.00643087 0.131046 0.5 0.868954 1.00643 1.00867 1.00042 0.999648 0.999977 1.00001 1 1 1 1 1 1 1 1 1 1 1 1 1 1 
0 0 0 0 0 0 0 0 0 2.05751e-10 -4.68794e-09 1.51718e-08 3.26903e-07 -1.66299e-06 -1.30532e-05 5.79196e-05 0.000407846 -0.000844745 -0.00944545 -0.00392336 0.137264 0.5 0.862736 1.00392 1.00945 1.00084 0.999592 0.999942 1.00001 1 1 1 1 1 1 1 1 1 1 1 1 1 1 
0 0 0 0 0 0 0 -5.61139e-12 1.48768e-10 -7.68647e-10 -1.00899e-08 8.6299e-08 3.84153e-07 -3.80089e-06 -1.33877e-05 9.51715e-05 0.000428141 -0.00122646 -0.00993342 -0.00186448 0.141795 0.5 0.858205 1.00186 1.00993 1.00123 0.999572 0.999905 1.00001 1 1 1 1 1 1 1 1 1 1 1 1 1 1 
0 0 0 0 0 1.53038e-13 -4.62773e-12 3.27675e-11 2.83503e-10 -3.79387e-09 -7.8721e-09 1.90983e-07 2.2878e-07 -6.09642e-06 -1.09257e-05 0.000129485 0.000424804 -0.00154985 -0.0102382 -0.00020341 0.145164 0.5 0.854836 1.0002 1.01024 1.00155 0.999575 0.999871 1.00001 1.00001 1 1 1 1 1 1 1 1 1 1 1 1 1 
0 0 0 -4.17376e-15 1.41767e-13 -1.27358e-12 -7.09626e-12 1.50421e-10 5.33475e-12 -8.17427e-09 7.50708e-09 3.00161e-07 -1.35222e-07 -8.1766e-06 -6.51595e-06 0.000158814 0.000407757 -0.00181608 -0.0104283 0.00112573 0.147707 0.5 0.852293 0.998874 1.01043 1.00182 0.999592 0.999841 1.00001 1.00001 1 1 1 1 1 1 1 1 1 1 1 1 1 
0 0 -4.3217e-15 4.66684e-14 1.46776e-13 -5.53876e-12 1.0611e-11 3.10454e-10 -9.92197e-10 -1.22487e-08 3.64315e-08 3.88406e-07 -6.5202e-07 -9.85151e-06 -1.03878e-06 0.000182774 0.00038402 -0.00203192 -0.0105468 0.00218518 0.149647 0.5 0.850353 0.997815 1.01055 1.00203 0.999616 0.999817 1 1.00001 1 1 1 1 1 1 1 1 1 1 1 1 1 
0 -9.00112e-31 -1.34776e-15 1.92534e-13 -7.53173e-13 -1.06219e-11 6.34033e-11 4.19399e-10 -2.74109e-09 -1.43866e-08 7.54553e-08 4.41355e-07 -1.25212e-06 -1.1074e-05 4.80864e-06 0.000201811 0.000358084 -0.00220548 -0.0106206 0.0030282 0.151142 0.5 0.848858 0.996972 1.01062 1.00221 0.999642 0.999798 0.999995 1.00001 1 1 1 1 1 1 1 1 1 1 1 1 1 
9.00112e-31 -1.54559e-29 4.07852e-14 3.27019e-13 -3.20222e-12 -1.1469e-11 1.5198e-10 3.78379e-10 -5.02508e-09 -1.35952e-08 1.19623e-07 4.55435e-07 -1.87463e-06 -1.18809e-05 1.05524e-05 0.000216681 0.000332604 -0.00234452 -0.0106666 0.00369855 0.152302 0.5 0.847698 0.996301 1.01067 1.00234 0.999667 0.999783 0.999989 1.00001 1 1 1 1 1 1 1 1 1 1 1 1 1 
1.54559e-29 1.38997e-27 1.45996e-13 1.92045e-13 -7.11402e-12 -2.50262e-12 2.6214e-10 1.24242e-10 -7.50687e-09 -9.63973e-09 1.64259e-07 4.34439e-07 -2.47558e-06 -1.23469e-05 1.59094e-05 0.000228182 0.000309004 -0.00245572 -0.0106953 0.00423149 0.153206 0.5 0.846794 0.995769 1.0107 1.00246 0.999691 0.999772 0.999984 1.00001 1 1 1 1 1 1 1 1 1 1 1 1 1 
-1.38997e-27 9.55917e-27 2.97258e-13 -5.02581e-13 -1.15521e-11 1.98662e-11 3.71377e-10 -3.56053e-10 -9.85325e-09 -2.87202e-09 2.05861e-07 3.85863e-07 -3.02798e-06 -1.25544e-05 2.07366e-05 0.000237034 0.000287937 -0.00254464 -0.0107133 0.00465518 0.153915 0.5 0.846085 0.995345 1.01071 1.00254 0.999712 0.999763 0.999979 1.00001 1 1 1 1 1 1 1 1 1 1 1 1 1 
-9.55917e-27 2.69739e-26 4.27776e-13 -1.93622e-12 -1.50634e-11 5.6067e-11 4.56978e-10 -1.03265e-09 -1.1812e-08 6.02867e-09 2.42306e-07 3.18175e-07 -3.51852e-06 -1.25789e-05 2.49838e-05 0.00024384 0.000269593 -0.00261579 -0.0107246 0.00499203 0.154471 0.5 0.845529 0.995008 1.01072 1.00262 0.99973 0.999756 0.999975 1.00001 1 1 1 1 1 1 1 1 1 1 1 1 1 
-2.69739e-26 3.8727e-26 4.40707e-13 -4.09685e-12 -1.61771e-11 1.03614e-10 5.01847e-10 -1.84985e-09 -1.3238e-08 1.62831e-08 2.72663e-07 2.39191e-07 -3.94343e-06 -1.24825e-05 2.86578e-05 0.00024908 0.000253899 -0.00267275 -0.0107319 0.00525984 0.15491 0.5 0.84509 0.99474 1.01073 1.00267 0.999746 0.999751 0.999971 1.00001 1 1 1 1 1 1 1 1 1 1 1 1 1 
-3.8727e-26 2.02857e-26 2.42665e-13 -6.7855e-12 -1.38109e-11 1.58179e-10 4.96977e-10 -2.74341e-09 -1.4085e-08 2.71644e-08 2.9687e-07 1.55324e-07 -4.30492e-06 -1.2313e-05 3.17968e-05 0.000253128 0.000240646 -0.00271842 -0.0107367 0.00547272 0.155256 0.5 0.844744 0.994527 1.01074 1.00272 0.999759 0.999747 0.999968 1.00001 1 1 1 1 1 1 1 1 1 1 1 1 1 
-2.02857e-26 -1.38215e-26 -2.26801e-13 -9.68054e-12 -7.46939e-12 2.14832e-10 4.41193e-10 -3.65345e-09 -1.43811e-08 3.80767e-08 3.1541e-07 7.13965e-08 -4.60849e-06 -1.21054e-05 3.44544e-05 0.000256271 0.000229567 -0.00275505 -0.01074 0.00564192 0.15553 0.5 0.84447 0.994358 1.01074 1.00276 0.99977 0.999744 0.999966 1.00001 1 1 1 1 1 1 1 1 1 1 1 1 1 
1.38215e-26 4.73334e-26 -9.80181e-13 -1.24223e-11 2.75593e-12 2.69058e-10 3.39346e-10 -4.5317e-09 -1.42005e-08 4.85806e-08 3.29047e-07 -9.24345e-09 -4.86108e-06 -1.18838e-05 3.66889e-05 0.000258727 0.000220378 -0.00278447 -0.0107425 0.00577635 0.155747 0.5 0.844253 0.994224 1.01074 1.00278 0.99978 0.999741 0.999963 1.00001 1 1 1 1 1 1 1 1 1 1 1 1 1 
-4.73334e-26 4.20568e-25 -1.98278e-12 -1.46866e-11 1.63163e-11 3.17351e-10 2.00014e-10 -5.34407e-09 -1.36393e-08 5.83845e-08 3.38639e-07 -8.4474e-08 -5.06991e-06 -1.16645e-05 3.85578e-05 0.000260657 0.000212807 -0.00280811 -0.0107443 0.0058831 0.155919 0.5 0.844081 0.994117 1.01074 1.00281 0.999787 0.999739 0.999961 1.00001 1.00001 1 1 1 1 1 1 1 1 1 1 1 1 
-4.20568e-25 1.3664e-24 -3.16474e-12 -1.62324e-11 3.23866e-11 3.57451e-10 3.33888e-11 -6.07007e-09 -1.27979e-08 6.73215e-08 3.45026e-07 -1.5312e-07 -5.24184e-06 -1.14572e-05 4.01145e-05 0.000262186 0.000206603 -0.00282712 -0.0107458 0.00596783 0.156055 0.5 0.843945 0.994032 1.01075 1.00283 0.999793 0.999738 0.99996 1.00001 1.00001 1 1 1 1 1 1 1 1 1 1 1 1 
-1.3664e-24 3.08561e-24 -4.43784e-12 -1.69203e-11 5.00392e-11 3.88285e-10 -1.50329e-10 -6.7006e-09 -1.17696e-08 7.53196e-08 3.48959e-07 -2.14694e-07 -5.38305e-06 -1.12676e-05 4.14071e-05 0.000263406 0.000201543 -0.0028424 -0.0107471 0.00603504 0.156163 0.5 0.843837 0.993965 1.01075 1.00284 0.999798 0.999737 0.999959 1.00001 1.00001 1 1 1 1 1 1 1 1 1 1 1 1 
-3.08561e-24 5.63012e-24 -5.71189e-12 -1.67096e-11 6.83802e-11 4.09765e-10 -3.41969e-10 -7.23508e-09 -1.06342e-08 8.2375e-08 3.51079e-07 -2.69185e-07 -5.4989e-06 -1.10984e-05 4.24774e-05 0.000264386 0.000197434 -0.00285469 -0.0107483 0.00608831 0.156249 0.5 0.843751 0.993912 1.01075 1.00285 0.999803 0.999736 0.999958 1.00001 1.00001 1 1 1 1 1 1 1 1 1 1 1 1 
-5.63012e-24 8.87026e-24 -6.90721e-12 -1.56408e-11 8.66369e-11 4.22517e-10 -5.33934e-10 -7.67874e-09 -9.45651e-09 8.85287e-08 3.51906e-07 -3.16888e-07 -5.59394e-06 -1.095e-05 4.33618e-05 0.000265178 0.00019411 -0.00286457 -0.0107493 0.00613049 0.156317 0.5 0.843683 0.99387 1.01075 1.00286 0.999806 0.999735 0.999957 1.00001 1.00001 1 1 1 1 1 1 1 1 1 1 1 1 
-8.87026e-24 1.25252e-23 -7.96225e-12 -1.38126e-11 1.04201e-10 4.27615e-10 -7.20368e-10 -8.04029e-09 -8.28572e-09 9.38482e-08 3.5185e-07 -3.58283e-07 -5.67195e-06 -1.08218e-05 4.40912e-05 0.000265823 0.00019143 -0.00287252 -0.0107503 0.00616386 0.15637 0.5 0.84363 0.993836 1.01075 1.00287 0.999809 0.999734 0.999956 1.00001 1.00001 1 1 1 1 1 1 1 1 1 1 1 1 
-1.25252e-23 1.62369e-23 -8.8365e-12 -1.13587e-11 1.20639e-10 4.2636e-10 -8.97087e-10 -8.3301e-09 -7.15737e-09 9.84146e-08 3.51224e-07 -3.93942e-07 -5.73607e-06 -1.07124e-05 4.46917e-05 0.000266351 0.000189278 -0.00287891 -0.0107511 0.00619023 0.156413 0.5 0.843587 0.99381 1.01075 1.00288 0.999811 0.999734 0.999955 1.00001 1.00001 1 1 1 1 1 1 1 1 1 1 1 1 
-1.62369e-23 1.96509e-23 -9.50987e-12 -8.42708e-12 1.35678e-10 4.20106e-10 -1.06137e-09 -8.55895e-09 -6.09538e-09 1.02313e-07 3.5026e-07 -4.24475e-07 -5.78886e-06 -1.06201e-05 4.51853e-05 0.000266784 0.000187555 -0.00288403 -0.0107519 0.00621105 0.156447 0.5 0.843553 0.993789 1.01075 1.00288 0.999812 0.999733 0.999955 1.00001 1.00001 1 1 1 1 1 1 1 1 1 1 1 1 
-1.96509e-23 2.24833e-23 -9.97974e-12 -5.16516e-12 1.49181e-10 4.10144e-10 -1.21171e-09 -8.73716e-09 -5.11429e-09 1.05628e-07 3.49126e-07 -4.50481e-07 -5.83239e-06 -1.05428e-05 4.55904e-05 0.000267143 0.00018618 -0.00288815 -0.0107526 0.00622746 0.156473 0.5 0.843527 0.993773 1.01075 1.00289 0.999814 0.999733 0.999954 1.00001 1.00001 1 1 1 1 1 1 1 1 1 1 1 1 
-2.24833e-23 2.45556e-23 -1.0257e-11 -1.70879e-12 1.61116e-10 3.97628e-10 -1.34751e-09 -8.87414e-09 -4.22149e-09 1.08437e-07 3.47938e-07 -4.72535e-07 -5.86837e-06 -1.04787e-05 4.59225e-05 0.000267439 0.000185087 -0.00289145 -0.0107532 0.00624039 0.156494 0.5 0.843506 0.99376 1.01075 1.00289 0.999815 0.999733 0.999954 1.00001 1.00001 1 1 1 1 1 1 1 1 1 1 1 1 
-2.45556e-23 2.58008e-23 -1.03617e-11 1.8239e-12 1.71529e-10 3.83542e-10 -1.46887e-09 -8.97814e-09 -3.41902e-09 1.10812e-07 3.46774e-07 -4.91163e-07 -5.89816e-06 -1.04258e-05 4.61942e-05 0.000267686 0.00018422 -0.00289409 -0.0107537 0.00625055 0.156511 0.5 0.843489 0.993749 1.01075 1.00289 0.999816 0.999732 0.999954 1.00001 1.00001 1 1 1 1 1 1 1 1 1 1 1 1 
-2.58008e-23 2.62486e-23 -1.03193e-11 5.33533e-12 1.80518e-10 3.68691e-10 -1.57638e-09 -9.05617e-09 -2.70517e-09 1.12817e-07 3.45682e-07 -5.06842e-07 -5.92288e-06 -1.03826e-05 4.64163e-05 0.000267891 0.000183536 -0.0028962 -0.0107542 0.00625854 0.156524 0.5 0.843476 0.993741 1.01075 1.0029 0.999816 0.999732 0.999954 1.00001 1.00001 1 1 1 1 1 1 1 1 1 1 1 1 
-2.62486e-23 2.59968e-23 -1.01575e-11 8.74888e-12 1.88209e-10 3.53702e-10 -1.67091e-09 -9.11406e-09 -2.0757e-09 1.14508e-07 3.44691e-07 -5.2e-07 -5.94342e-06 -1.03475e-05 4.65975e-05 0.000268062 0.000182997 -0.00289789 -0.0107546 0.0062648 0.156534 0.5 0.843466 0.993735 1.01075 1.0029 0.999817 0.999732 0.999953 1.00001 1.00001 1 1 1 1 1 1 1 1 1 1 1 1 
-2.59968e-23 2.51829e-23 -9.90371e-12 1.20076e-11 1.94744e-10 3.39048e-10 -1.75352e-09 -9.15655e-09 -1.5248e-09 1.15931e-07 3.43812e-07 -5.31008e-07 -5.96052e-06 -1.03191e-05 4.67451e-05 0.000268204 0.000182574 -0.00289923 -0.010755 0.0062697 0.156543 0.5 0.843457 0.99373 1.01076 1.0029 0.999817 0.999732 0.999953 1.00001 1.00001 1 1 1 1 1 1 1 1 1 1 1 1 
-2.51829e-23 2.3957e-23 -9.58337e-12 1.50719e-11 2.00266e-10 3.25066e-10 -1.82533e-09 -9.18743e-09 -1.04581e-09 1.1713e-07 3.4305e-07 -5.40194e-07 -5.97477e-06 -1.02964e-05 4.68651e-05 0.000268323 0.000182244 -0.0029003 -0.0107553 0.00627353 0.156549 0.5 0.843451 0.993726 1.01076 1.0029 0.999818 0.999732 0.999953 1.00001 1.00001 1 1 1 1 1 1 1 1 1 1 1 1 
-2.3957e-23 2.24612e-23 -9.21912e-12 1.7917e-11 2.04912e-10 3.1198e-10 -1.88748e-09 -9.20967e-09 -6.31741e-10 1.18139e-07 3.424e-07 -5.4784e-07 -5.98666e-06 -1.02783e-05 4.69626e-05 0.000268423 0.000181987 -0.00290115 -0.0107556 0.00627652 0.156554 0.5 0.843446 0.993723 1.01076 1.0029 0.999818 0.999732 0.999953 1.00001 1.00001 1 1 1 1 1 1 1 1 1 1 1 1 
-2.24612e-23 2.08215e-23 -8.83017e-12 2.05302e-11 2.08812e-10 2.99924e-10 -1.94107e-09 -9.2256e-09 -2.75616e-10 1.18988e-07 3.41854e-07 -5.54188e-07 -5.99659e-06 -1.02639e-05 4.70416e-05 0.000268506 0.000181788 -0.00290183 -0.0107558 0.00627885 0.156558 0.5 0.843442 0.993721 1.01076 1.0029 0.999818 0.999731 0.999953 1.00001 1.00001 1 1 1 1 1 1 1 1 1 1 1 1 
-2.08215e-23 1.91385e-23 -8.43222e-12 2.29084e-11 2.1208e-10 2.88961e-10 -1.98714e-09 -9.23697e-09 2.92626e-11 1.19703e-07 3.41402e-07 -5.59447e-07 -6.00489e-06 -1.02526e-05 4.71055e-05 0.000268575 0.000181635 -0.00290236 -0.010756 0.00628067 0.156561 0.5 0.843439 0.993719 1.01076 1.0029 0.999818 0.999731 0.999953 1.00001 1.00001 1 1 1 1 1 1 1 1 1 1 1 1 
-1.91385e-23 1.74877e-23 -8.0376e-12 2.50552e-11 2.14816e-10 2.79105e-10 -2.02663e-09 -9.24511e-09 2.8918e-10 1.20305e-07 3.41034e-07 -5.63793e-07 -6.01183e-06 -1.02439e-05 4.71571e-05 0.000268632 0.000181517 -0.00290278 -0.0107562 0.00628208 0.156563 0.5 0.843437 0.993718 1.01076 1.0029 0.999818 0.999731 0.999953 1.00001 1.00001 1 1 1 1 1 1 1 1 1 1 1 1 
-1.74877e-23 1.59211e-23 -7.6556e-12 2.69798e-11 2.17108e-10 2.70328e-10 -2.06041e-09 -9.25099e-09 5.09913e-10 1.20811e-07 3.40738e-07 -5.67376e-07 -6.01763e-06 -1.02371e-05 4.71986e-05 0.00026868 0.000181427 -0.00290312 -0.0107563 0.00628317 0.156565 0.5 0.843435 0.993717 1.01076 1.0029 0.999819 0.999731 0.999953 1.00001 1.00001 1 1 1 1 1 1 1 1 1 1 1 1 
-1.59211e-23 1.44714e-23 -7.29286e-12 2.86946e-11 2.19031e-10 2.62579e-10 -2.08925e-09 -9.25535e-09 6.96702e-10 1.21237e-07 3.40504e-07 -5.70324e-07 -6.02248e-06 -1.02319e-05 4.7232e-05 0.000268719 0.000181359 -0.00290338 -0.0107564 0.00628402 0.156567 0.5 0.843433 0.993716 1.01076 1.0029 0.999819 0.999731 0.999953 1.00001 1.00001 1 1 1 1 1 1 1 1 1 1 1 1 
-1.44714e-23 1.3156e-23 -6.95378e-12 3.02144e-11 2.20648e-10 2.55788e-10 -2.11382e-09 -9.25867e-09 8.54235e-10 1.21595e-07 3.40322e-07 -5.72743e-07 -6.02653e-06 -1.02279e-05 4.72588e-05 0.000268752 0.000181308 -0.00290358 -0.0107565 0.00628467 0.156568 0.5 0.843432 0.993715 1.01076 1.0029 0.999819 0.999731 0.999953 1.00001 1.00001 1 1 1 1 1 1 1 1 1 1 1 1 
-1.3156e-23 1.19807e-23 -6.64096e-12 3.15548e-11 2.22011e-10 2.49877e-10 -2.13472e-09 -9.26133e-09 9.86671e-10 1.21896e-07 3.40183e-07 -5.74723e-07 -6.02991e-06 -1.0225e-05 4.72803e-05 0.000268779 0.00018127 -0.00290374 -0.0107566 0.00628518 0.156569 0.5 0.843431 0.993715 1.01076 1.0029 0.999819 0.999731 0.999953 1.00001 1.00001 1 1 1 1 1 1 1 1 1 1 1 1 
-1.19807e-23 1.09429e-23 -6.35558e-12 3.27321e-11 2.23163e-10 2.44764e-10 -2.15249e-09 -9.26357e-09 1.09767e-09 1.2215e-07 3.40079e-07 -5.76341e-07 -6.03273e-06 -1.02228e-05 4.72974e-05 0.000268802 0.000181241 -0.00290387 -0.0107566 0.00628557 0.156569 0.5 0.843431 0.993714 1.01076 1.0029 0.999819 0.999731 0.999953 1.00001 1.00001 1 1 1 1 1 1 1 1 1 1 1 1 
-1.09429e-23 1.00353e-23 -6.09772e-12 3.37623e-11 2.2414e-10 2.40366e-10 -2.16756e-09 -9.26555e-09 1.19042e-09 1.22363e-07 3.40004e-07 -5.77658e-07 -6.03509e-06 -1.02212e-05 4.7311e-05 0.00026882 0.00018122 -0.00290396 -0.0107567 0.00628587 0.15657 0.5 0.84343 0.993714 1.01076 1.0029 0.999819 0.999731 0.999953 1.00001 1.00001 1 1 1 1 1 1 1 1 1 1 1 1 
-1.00353e-23 9.24763e-24 -5.86665e-12 3.46607e-11 2.24973e-10 2.36602e-10 -2.18033e-09 -9.26736e-09 1.26771e-09 1.22542e-07 3.39951e-07 -5.78729e-07 -6.03705e-06 -1.02201e-05 4.73217e-05 0.000268835 0.000181205 -0.00290404 -0.0107567 0.0062861 0.15657 0.5 0.84343 0.993714 1.01076 1.0029 0.999819 0.999731 0.999953 1.00001 1.00001 1 1 1 1 1 1 1 1 1 1 1 1 
-9.24763e-24 8.56789e-24 -5.66112e-12 3.54418e-11 2.25685e-10 2.33397e-10 -2.19114e-09 -9.26908e-09 1.33192e-09 1.22693e-07 3.39917e-07 -5.79596e-07 -6.03867e-06 -1.02193e-05 4.73303e-05 0.000268848 0.000181194 -0.00290409 -0.0107568 0.00628627 0.156571 0.5 0.843429 0.993714 1.01076 1.0029 0.999819 0.999731 0.999953 1.00001 1.00001 1 1 1 1 1 1 1 1 1 1 1 1 
-8.56789e-24 7.98429e-24 -5.47947e-12 3.61191e-11 2.26296e-10 2.30681e-10 -2.20029e-09 -9.27073e-09 1.38512e-09 1.22819e-07 3.39896e-07 -5.80297e-07 -6.04003e-06 -1.02188e-05 4.7337e-05 0.000268858 0.000181187 -0.00290414 -0.0107568 0.00628641 0.156571 0.5 0.843429 0.993714 1.01076 1.0029 0.999819 0.999731 0.999953 1.00001 1.00001 1 1 1 1 1 1 1 1 1 1 1 1 
-7.98429e-24 7.48507e-24 -5.31986e-12 3.67049e-11 2.26822e-10 2.28389e-10 -2.20801e-09 -9.27233e-09 1.42907e-09 1.22925e-07 3.39887e-07 -5.80862e-07 -6.04115e-06 -1.02185e-05 4.73423e-05 0.000268866 0.000181181 -0.00290417 -0.0107568 0.00628651 0.156571 0.5 0.843429 0.993713 1.01076 1.0029 0.999819 0.999731 0.999953 1.00001 1.00001 1 1 1 1 1 1 1 1 1 1 1 1 
-7.48507e-24 7.05925e-24 -5.18033e-12 3.72104e-11 2.27276e-10 2.26464e-10 -2.21452e-09 -9.27388e-09 1.46528e-09 1.23014e-07 3.39884e-07 -5.81315e-07 -6.04207e-06 -1.02184e-05 4.73464e-05 0.000268873 0.000181178 -0.0029042 -0.0107568 0.00628659 0.156571 0.5 0.843429 0.993713 1.01076 1.0029 0.999819 0.999731 0.999953 1.00001 1.00001 1 1 1 1 1 1 1 1 1 1 1 1 
-7.05925e-24 6.69652e-24 -5.05894e-12 3.76458e-11 2.2767e-10 2.24854e-10 -2.22001e-09 -9.27538e-09 1.49502e-09 1.23088e-07 3.39888e-07 -5.81678e-07 -6.04284e-06 -1.02183e-05 4.73496e-05 0.000268878 0.000181176 -0.00290422 -0.0107568 0.00628666 0.156571 0.5 0.843429 0.993713 1.01076 1.0029 0.999819 0.999731 0.999953 1.00001 1.00001 1 1 1 1 1 1 1 1 1 1 1 1 
-6.69652e-24 6.38854e-24 -4.95377e-12 3.802e-11 2.28012e-10 2.23513e-10 -2.22464e-09 -9.27682e-09 1.51938e-09 1.2315e-07 3.39896e-07 -5.81967e-07 -6.04347e-06 -1.02183e-05 4.73521e-05 0.000268883 0.000181174 -0.00290423 -0.0107568 0.0062867 0.156571 0.5 0.843429 0.993713 1.01076 1.0029 0.999819 0.999731 0.999953 1.00001 1.00001 1 1 1 1 1 1 1 1 1 1 1 1 
-6.38854e-24 6.12756e-24 -4.86301e-12 3.8341e-11 2.2831e-10 2.224e-10 -2.22852e-09 -9.2782e-09 1.53926e-09 1.23202e-07 3.39906e-07 -5.82197e-07 -6.04399e-06 -1.02184e-05 4.7354e-05 0.000268886 0.000181173 -0.00290424 -0.0107568 0.00628674 0.156571 0.5 0.843429 0.993713 1.01076 1.0029 0.999819 0.999731 0.999953 1.00001 1.00001 1 1 1 1 1 1 1 1 1 1 1 1 
-6.12756e-24 5.90655e-24 -4.78496e-12 3.8616e-11 2.28571e-10 2.21482e-10 -2.23178e-09 -9.2795e-09 1.55545e-09 1.23245e-07 3.39917e-07 -5.82379e-07 -6.04442e-06 -1.02185e-05 4.73555e-05 0.000268889 0.000181173 -0.00290425 -0.0107569 0.00628677 0.156572 0.5 0.843428 0.993713 1.01076 1.0029 0.999819 0.999731 0.999953 1.00001 1.00001 1 1 1 1 1 1 1 1 1 1 1 1 
