0 0 0 0 0 0 0 0 0 0 0 0 0 0 0 0 0 0 0 0 0 0.5 1 1 1 1 1 1 1 1 1 1 1 1 1 1 1 1 1 1 1 1 1 
0 -3.3397e-16 1.79101e-15 -9.94145e-15 5.51192e-14 -3.05614e-13 1.6945e-12 -9.39532e-12 5.20932e-11 -2.88835e-10 1.60147e-09 -8.87951e-09 4.92333e-08 -2.72978e-07 1.51355e-06 -8.39202e-06 4.65303e-05 -0.000257992 0.00143046 -0.0079313 -0.0229586 0.5 1.02296 1.00793 0.99857 1.00026 0.999953 1.00001 0.999998 1 1 1 1 1 1 1 1 1 1 1 1 1 1 
3.3397e-16 1.46319e-15 -9.29844e-15 4.65666e-14 -2.32918e-13 1.15085e-12 -5.60163e-12 2.67374e-11 -1.24288e-10 5.56275e-10 -2.34772e-09 8.93304e-09 -2.68853e-08 2.35125e-08 5.65786e-07 -6.99689e-06 6.01999e-05 -0.000452278 0.00317272 -0.0121475 -0.0446618 0.5 1.04466 1.01215 0.996827 1.00045 0.99994 1.00001 0.999999 1 1 1 1 1 1 1 1 1 1 1 1 1 1 
-1.46319e-15 3.41258e-16 4.52998e-15 -9.17642e-15 -1.82327e-14 4.2071e-13 -3.74619e-12 2.6621e-11 -1.69017e-10 9.94761e-10 -5.49629e-09 2.84895e-08 -1.3654e-07 5.80529e-07 -1.91984e-06 1.66663e-06 5.0364e-05 -0.000664745 0.00493669 -0.0133039 -0.0643141 0.5 1.06431 1.0133 0.995063 1.00066 0.99995 0.999998 1 0.999999 1 1 1 1 1 1 1 1 1 1 1 1 1 
-3.41258e-16 -3.66459e-15 2.11358e-14 -9.86667e-14 4.44964e-13 -1.84743e-12 6.69255e-12 -1.76953e-11 -2.92553e-12 5.11773e-10 -5.07083e-09 3.67822e-08 -2.266e-07 1.21468e-06 -5.42822e-06 1.6076e-05 3.07537e-05 -0.000934356 0.00650738 -0.0121022 -0.0814119 0.5 1.08141 1.0121 0.993493 1.00093 0.999969 0.999984 1.00001 0.999999 1 1 1 1 1 1 1 1 1 1 1 1 1 
3.66459e-15 -6.19297e-15 1.72826e-14 -1.17579e-13 6.96274e-13 -3.76806e-12 1.87045e-11 -8.37778e-11 3.2135e-10 -8.78602e-10 -2.73452e-10 2.78058e-08 -2.68707e-07 1.83514e-06 -9.76863e-06 3.47032e-05 1.56978e-05 -0.00126984 0.00775069 -0.00923713 -0.0957181 0.5 1.09572 1.00924 0.992249 1.00127 0.999984 0.999965 1.00001 0.999998 1 1 1 1 1 1 1 1 1 1 1 1 1 
6.19297e-15 -2.63296e-15 -1.27991e-14 -1.56677e-14 4.23303e-13 -3.70369e-12 2.47579e-11 -1.41361e-10 7.01941e-10 -2.92544e-09 8.71164e-09 -5.64938e-10 -2.51212e-07 2.42892e-06 -1.49502e-05 5.56634e-05 1.72936e-05 -0.00166023 0.00860536 -0.00534841 -0.107219 0.5 1.10722 1.00535 0.991395 1.00166 0.999983 0.999944 1.00001 0.999998 1 1 1 1 1 1 1 1 1 1 1 1 1 
2.63296e-15 8.62592e-15 -5.77037e-14 1.93073e-13 -4.48912e-13 -7.75503e-13 1.92587e-11 -1.63079e-10 1.03181e-09 -5.31458e-09 2.13611e-08 -4.85941e-08 -1.75057e-07 3.04694e-06 -2.10523e-05 7.6755e-05 4.36954e-05 -0.00208326 0.00906764 -0.000984455 -0.116075 0.5 1.11607 1.00098 0.990932 1.00208 0.999956 0.999923 1.00002 0.999997 1 1 1 1 1 1 1 1 1 1 1 1 1 
-8.62592e-15 2.49267e-14 -9.61821e-14 4.47545e-13 -1.78688e-12 5.10827e-12 -8.48035e-13 -1.28453e-10 1.22013e-09 -7.77178e-09 3.72367e-08 -1.15871e-07 -5.17296e-08 3.78477e-06 -2.81154e-05 9.56864e-05 9.84736e-05 -0.00251211 0.00917398 0.00341773 -0.122562 0.5 1.12256 0.996582 0.990826 1.00251 0.999902 0.999904 1.00003 0.999996 1 1 1 1 1 1 1 1 1 1 1 1 1 
-2.49267e-14 3.98467e-14 -1.0534e-13 6.62847e-13 -3.31938e-12 1.34376e-11 -3.64337e-11 -2.40748e-11 1.20033e-09 -1.0123e-08 5.62453e-08 -2.01798e-07 9.81202e-08 4.75835e-06 -3.6068e-05 0.000110354 0.000180844 -0.00292027 0.00898497 0.00753812 -0.127027 0.5 1.12703 0.992462 0.991015 1.00292 0.999819 0.99989 1.00004 0.999995 1 1 1 1 1 1 1 1 1 1 1 1 1 
-3.98467e-14 4.47601e-14 -6.68363e-14 7.5006e-13 -4.71088e-12 2.33531e-11 -8.69771e-11 1.58212e-10 9.30886e-10 -1.23274e-08 7.87508e-08 -3.05521e-07 2.46356e-07 6.07829e-06 -4.46954e-05 0.000119085 0.000286488 -0.00328515 0.0085723 0.0111673 -0.129843 0.5 1.12984 0.988833 0.991428 1.00329 0.999714 0.999881 1.00004 0.999994 1 1 1 1 1 1 1 1 1 1 1 1 1 
-4.47601e-14 3.07152e-14 2.98407e-14 6.28963e-13 -5.61958e-12 3.3888e-11 -1.51483e-10 4.23887e-10 3.93217e-10 -1.44914e-08 1.05548e-07 -4.25506e-07 3.59747e-07 7.82713e-06 -5.36465e-05 0.000120803 0.000408689 -0.00359008 0.00800898 0.0141923 -0.131378 0.5 1.13138 0.985808 0.991991 1.00359 0.999591 0.999879 1.00005 0.999992 1 1 1 1 1 1 1 1 1 1 1 1 1 
-3.07152e-14 -9.94857e-15 1.86862e-13 2.33329e-13 -5.734e-12 4.41655e-11 -2.29341e-10 7.78189e-10 -4.10248e-10 -1.68679e-08 1.37721e-07 -5.58986e-07 4.03123e-07 1.0043e-05 -6.24714e-05 0.000115103 0.000539536 -0.00382528 0.00736275 0.0165779 -0.131968 0.5 1.13197 0.983422 0.992637 1.00383 0.99946 0.999885 1.00006 0.99999 1 1 1 1 1 1 1 1 1 1 1 1 1 
9.94857e-15 -8.25797e-14 3.99614e-13 -4.89887e-13 -4.78941e-12 5.35433e-11 -3.21032e-10 1.22778e-09 -1.45628e-09 -1.98414e-08 1.76416e-07 -7.01501e-07 3.43009e-07 1.27114e-05 -7.06763e-05 0.000102236 0.000671009 -0.00398776 0.00669187 0.0183468 -0.131909 0.5 1.13191 0.981653 0.993308 1.00399 0.999329 0.999898 1.00007 0.999987 1 1 1 1 1 1 1 1 1 1 1 1 1 
8.25797e-14 -1.89903e-13 6.59458e-13 -1.58554e-12 -2.56941e-12 6.17132e-11 -4.28605e-10 1.78124e-09 -2.69892e-09 -2.38998e-08 2.22571e-07 -8.46713e-07 1.51326e-07 1.57651e-05 -7.77842e-05 8.30304e-05 0.00079586 -0.00408048 0.00604304 0.0195612 -0.131445 0.5 1.13145 0.980439 0.993957 1.00408 0.999204 0.999917 1.00008 0.999984 1 1 1 1 1 1 1 1 1 1 1 1 1 
1.89903e-13 -3.32361e-13 9.56923e-13 -3.09742e-12 1.09997e-12 6.87695e-11 -5.55921e-10 2.4483e-09 -4.06621e-09 -2.95919e-08 2.76661e-07 -9.86552e-07 -1.91345e-07 1.90923e-05 -8.33906e-05 5.87576e-05 0.00090821 -0.00411105 0.00545069 0.0203061 -0.130768 0.5 1.13077 0.979694 0.994549 1.00411 0.999092 0.999941 1.00008 0.999981 1 1 1 1 1 1 1 1 1 1 1 1 1 
3.32361e-13 -5.08953e-13 1.28473e-12 -5.0756e-12 6.35619e-12 7.52614e-11 -7.08626e-10 3.2378e-09 -5.45721e-09 -3.74745e-08 3.38487e-07 -1.11173e-06 -6.93361e-07 2.25488e-05 -8.72061e-05 3.0973e-05 0.00100388 -0.00409023 0.00493742 0.0206761 -0.130021 0.5 1.13002 0.979324 0.995063 1.00409 0.998996 0.999969 1.00009 0.999977 1 1 1 1 1 1 1 1 1 1 1 1 1 
5.08953e-13 -7.18389e-13 1.64029e-12 -7.5826e-12 1.33e-11 8.22357e-11 -8.93858e-10 4.15489e-09 -6.7409e-09 -4.80514e-08 4.0705e-07 -1.21254e-06 -1.35078e-06 2.59743e-05 -8.90821e-05 1.3516e-06 0.00108048 -0.00403044 0.00451517 0.0207654 -0.129302 0.5 1.1293 0.979235 0.995485 1.00403 0.99892 0.999999 1.00009 0.999974 1 1 1 1 1 1 1 1 1 1 1 1 1 
7.18389e-13 -9.60354e-13 2.02753e-12 -1.0697e-11 2.19848e-11 9.12677e-11 -1.1197e-09 5.19777e-09 -7.75873e-09 -6.17106e-08 4.80533e-07 -1.27978e-06 -2.1474e-06 2.92089e-05 -8.90175e-05 -2.84655e-05 0.0011373 -0.00394433 0.00418687 0.0206606 -0.128673 0.5 1.12867 0.979339 0.995813 1.00394 0.998863 1.00003 1.00009 0.999971 1 1 1 1 1 1 1 1 1 1 1 1 1 
9.60354e-13 -1.23675e-12 2.45804e-12 -1.45141e-11 3.23947e-11 1.04474e-10 -1.39439e-09 6.35464e-09 -8.33155e-09 -7.86678e-08 5.56388e-07 -1.30575e-06 -3.05612e-06 3.21078e-05 -8.71495e-05 -5.69996e-05 0.00117509 -0.0038438 0.0039484 0.0204363 -0.128166 0.5 1.12817 0.979564 0.996052 1.00384 0.998825 1.00006 1.00009 0.999968 1 1 0.999999 1 1 1 1 1 1 1 1 1 1 
1.23675e-12 -1.5528e-12 2.95153e-12 -1.91422e-11 4.44118e-11 1.24486e-10 -1.72537e-09 7.60134e-09 -8.27102e-09 -9.89215e-08 6.31517e-07 -1.28507e-06 -4.04125e-06 3.4554e-05 -8.37299e-05 -8.30296e-05 0.00119569 -0.00373914 0.00379057 0.0201528 -0.127791 0.5 1.12779 0.979847 0.996209 1.00374 0.998804 1.00008 1.00008 0.999965 1 1 0.999999 1 1 1 1 1 1 1 1 1 1 
1.5528e-12 -1.9179e-12 3.5357e-12 -2.46954e-11 5.77784e-11 1.54383e-10 -2.1182e-09 8.90028e-09 -7.39468e-09 -1.22227e-07 7.02525e-07 -1.21531e-06 -5.06168e-06 3.6466e-05 -7.90938e-05 -0.000105651 0.00120174 -0.00363857 0.00370104 0.019856 -0.127542 0.5 1.12754 0.980144 0.996299 1.00364 0.998798 1.00011 1.00008 0.999964 1.00001 1 0.999999 1 1 1 1 1 1 1 1 1 1 
1.9179e-12 -2.34619e-12 4.24551e-12 -3.12821e-11 7.20589e-11 1.97544e-10 -2.57554e-09 1.02008e-08 -5.54325e-09 -1.48094e-07 7.66011e-07 -1.09729e-06 -6.07432e-06 3.78022e-05 -7.36234e-05 -0.000124297 0.00119628 -0.00354811 0.00366596 0.0195782 -0.127401 0.5 1.1274 0.980422 0.996334 1.00355 0.998804 1.00012 1.00007 0.999962 1.00001 1 0.999999 1 1 1 1 1 1 1 1 1 1 
2.34619e-12 -2.85673e-12 5.12183e-12 -3.8991e-11 8.66096e-11 2.57451e-10 -3.09616e-09 1.14414e-08 -2.59785e-09 -1.75804e-07 8.18865e-07 -9.35049e-07 -7.03759e-06 3.85604e-05 -6.77123e-05 -0.000138733 0.00118247 -0.00347158 0.0036714 0.0193393 -0.127348 0.5 1.12735 0.980661 0.996329 1.00347 0.998818 1.00014 1.00007 0.999961 1.00001 1 0.999999 1 1 1 1 1 1 1 1 1 1 
2.85673e-12 -3.47334e-12 6.20936e-12 -4.78736e-11 1.00564e-10 3.37419e-10 -3.67429e-09 1.25529e-08 1.50463e-09 -2.04457e-07 8.58534e-07 -7.35509e-07 -7.91451e-06 3.87744e-05 -6.17337e-05 -0.000149018 0.00116333 -0.00341083 0.00370436 0.0191495 -0.12736 0.5 1.12736 0.980851 0.996296 1.00341 0.998837 1.00015 1.00006 0.999961 1.00001 1 0.999999 1 1 1 1 1 1 1 1 1 1 
3.47334e-12 -4.22383e-12 7.55384e-12 -5.79276e-11 1.12839e-10 4.40285e-10 -4.29931e-09 1.3464e-08 6.76042e-09 -2.33033e-07 8.83238e-07 -5.0789e-07 -8.67521e-06 3.85078e-05 -5.60149e-05 -0.000155454 0.00114154 -0.00336608 0.00375352 0.0190111 -0.127416 0.5 1.12742 0.980989 0.996246 1.00337 0.998858 1.00016 1.00006 0.999961 1.00001 1 0.999999 1 1 1 1 1 1 1 1 1 1 
4.22383e-12 -5.13882e-12 9.19858e-12 -6.90801e-11 1.22166e-10 5.68077e-10 -4.95576e-09 1.41061e-08 1.30931e-08 -2.60462e-07 8.92101e-07 -2.62918e-07 -9.29856e-06 3.78454e-05 -5.08194e-05 -0.000158524 0.00111933 -0.00333629 0.00380961 0.018921 -0.127495 0.5 1.1275 0.981079 0.99619 1.00334 0.998881 1.00016 1.00005 0.999962 1.00001 1 0.999999 1 1 1 1 1 1 1 1 1 1 
5.13882e-12 -6.24998e-12 1.11803e-11 -8.11746e-11 1.27154e-10 7.21708e-10 -5.62395e-09 1.44197e-08 2.03543e-08 -2.85705e-07 8.85207e-07 -1.19656e-08 -9.773e-06 3.68852e-05 -4.63372e-05 -0.000158823 0.00109842 -0.00331958 0.00386557 0.0188727 -0.127584 0.5 1.12758 0.981127 0.996134 1.00332 0.998902 1.00016 1.00005 0.999963 1.00001 1 0.999999 1 1 1 1 1 1 1 1 1 1 
6.24998e-12 -7.58778e-12 1.35247e-11 -9.39637e-11 1.26368e-10 9.0071e-10 -6.28093e-09 1.43596e-08 2.83311e-08 -3.0783e-07 8.63566e-07 2.33814e-07 -1.00965e-05 3.57294e-05 -4.26826e-05 -0.000156999 0.00108002 -0.00331355 0.00391648 0.0188578 -0.127671 0.5 1.12767 0.981142 0.996084 1.00331 0.99892 1.00016 1.00004 0.999964 1.00001 1 0.999999 1 1 1 1 1 1 1 1 1 1 
7.58778e-12 -9.1788e-12 1.6242e-11 -1.07107e-10 1.18434e-10 1.10307e-09 -6.90186e-09 1.38992e-08 3.67586e-08 -3.26078e-07 8.29003e-07 4.64271e-07 -1.02756e-05 3.44764e-05 -3.98983e-05 -0.000153697 0.00106484 -0.00331563 0.0039593 0.0188673 -0.127747 0.5 1.12775 0.981133 0.996041 1.00332 0.998935 1.00015 1.00004 0.999966 1.00001 1 0.999999 1 1 1 1 1 1 1 1 1 1 
9.1788e-12 -1.10428e-11 1.93227e-11 -1.2018e-10 1.02155e-10 1.32516e-09 -7.46159e-09 1.30332e-08 4.53381e-08 -3.39909e-07 7.8399e-07 6.70895e-07 -1.03244e-05 3.32151e-05 -3.79645e-05 -0.000149513 0.00105317 -0.00332331 0.00399263 0.018893 -0.12781 0.5 1.12781 0.981107 0.996007 1.00332 0.998947 1.00015 1.00004 0.999967 1.00001 0.999999 0.999999 1 1 1 1 1 1 1 1 1 1 
1.10428e-11 -1.31899e-11 2.27345e-11 -1.32689e-10 7.66209e-11 1.56183e-09 -7.93646e-09 1.17797e-08 5.37568e-08 -3.49041e-07 7.31438e-07 8.4726e-07 -1.02623e-05 3.20199e-05 -3.68116e-05 -0.000144966 0.00104495 -0.00333433 0.00401631 0.0189273 -0.127856 0.5 1.12786 0.981073 0.995984 1.00333 0.998955 1.00014 1.00004 0.999968 1.00001 0.999999 0.999999 1 1 1 1 1 1 1 1 1 1 
1.31899e-11 -1.56175e-11 2.64206e-11 -1.44092e-10 4.13148e-11 1.8066e-09 -8.30597e-09 1.01786e-08 6.171e-08 -3.5345e-07 6.74462e-07 9.89269e-07 -1.01122e-05 3.0948e-05 -3.63337e-05 -0.000140477 0.0010399 -0.0033468 0.00403108 0.0189646 -0.127888 0.5 1.12789 0.981035 0.995969 1.00335 0.99896 1.00014 1.00004 0.999969 1.00001 0.999999 0.999999 1 1 1 1 1 1 1 1 1 1 
1.56175e-11 -1.83085e-11 3.02996e-11 -1.53833e-10 -3.80781e-12 2.052e-09 -8.55429e-09 8.28955e-09 6.89207e-08 -3.53366e-07 6.16166e-07 1.09518e-06 -9.89864e-06 3.00385e-05 -3.64034e-05 -0.000136359 0.00103754 -0.00335921 0.00403823 0.0190002 -0.127905 0.5 1.12791 0.981 0.995962 1.00336 0.998962 1.00014 1.00004 0.99997 1.00001 0.999999 0.999999 1 1 1 1 1 1 1 1 1 1 
1.83085e-11 -2.12295e-11 3.42673e-11 -1.61377e-10 -5.8268e-11 2.28999e-09 -8.67147e-09 6.18826e-09 7.51575e-08 -3.4924e-07 5.59428e-07 1.16549e-06 -9.64591e-06 2.93127e-05 -3.68845e-05 -0.000132824 0.00103731 -0.00337052 0.00403938 0.0190315 -0.127911 0.5 1.12791 0.980969 0.995961 1.00337 0.998963 1.00013 1.00004 0.999971 1.00001 0.999999 0.999999 1 1 1 1 1 1 1 1 1 1 
2.12295e-11 -2.43306e-11 3.82008e-11 -1.66243e-10 -1.21051e-10 2.51246e-09 -8.65417e-09 3.96099e-09 8.02479e-08 -3.41702e-07 5.0674e-07 1.20258e-06 -9.37641e-06 2.87761e-05 -3.76433e-05 -0.000129986 0.00103865 -0.00338005 0.0040362 0.0190566 -0.127909 0.5 1.12791 0.980943 0.995964 1.00338 0.998961 1.00013 1.00004 0.999971 1.00001 0.999999 0.999999 1 1 1 1 1 1 1 1 1 1 
2.43306e-11 -2.75459e-11 4.19647e-11 -1.68041e-10 -1.90635e-10 2.71172e-09 -8.50591e-09 1.69895e-09 8.40869e-08 -3.31506e-07 4.60085e-07 1.21039e-06 -9.10955e-06 2.84206e-05 -3.85575e-05 -0.000127878 0.00104101 -0.00338747 0.00403023 0.0190752 -0.127901 0.5 1.1279 0.980925 0.99597 1.00339 0.998959 1.00013 1.00004 0.999972 1.00001 0.999999 1 1 1 1 1 1 1 1 1 1 1 
2.75459e-11 -3.07961e-11 4.54183e-11 -1.66508e-10 -2.65056e-10 2.88105e-09 -8.23683e-09 -5.07716e-10 8.66396e-08 -3.19472e-07 4.20865e-07 1.1939e-06 -8.86101e-06 2.82282e-05 -3.95227e-05 -0.000126471 0.00104391 -0.00339274 0.00402285 0.0190873 -0.12789 0.5 1.12789 0.980913 0.995977 1.00339 0.998956 1.00013 1.00004 0.999972 1.00001 0.999999 1 1 1 1 1 1 1 1 1 1 1 
3.07961e-11 -3.3991e-11 4.84245e-11 -1.61522e-10 -3.42015e-10 3.01506e-09 -7.86298e-09 -2.57551e-09 8.79393e-08 -3.06431e-07 3.8988e-07 1.1587e-06 -8.6423e-06 2.81737e-05 -4.04552e-05 -0.000125689 0.00104695 -0.003396 0.00401514 0.0190938 -0.127878 0.5 1.12788 0.980906 0.995985 1.0034 0.998953 1.00013 1.00004 0.999972 1.00001 0.999999 1 1 1 1 1 1 1 1 1 1 1 
3.3991e-11 -3.70345e-11 5.08585e-11 -1.53127e-10 -4.19003e-10 3.1101e-09 -7.40516e-09 -4.43251e-09 8.80803e-08 -2.9317e-07 3.67353e-07 1.11052e-06 -8.46077e-06 2.8228e-05 -4.12941e-05 -0.000125426 0.00104984 -0.00339754 0.0040079 0.0190957 -0.127866 0.5 1.12787 0.980904 0.995992 1.0034 0.99895 1.00013 1.00004 0.999972 1.00001 0.999999 1 1 1 1 1 1 1 1 1 1 1 
3.70345e-11 -3.98291e-11 5.26166e-11 -1.41529e-10 -4.93454e-10 3.16441e-09 -6.88749e-09 -6.02212e-09 8.72073e-08 -2.80388e-07 3.52997e-07 1.05485e-06 -8.3199e-06 2.83613e-05 -4.2e-05 -0.000125566 0.00105237 -0.0033977 0.00400167 0.0190942 -0.127855 0.5 1.12786 0.980906 0.995998 1.0034 0.998948 1.00013 1.00004 0.999972 1.00001 0.999999 1 1 1 1 1 1 1 1 1 1 1 
3.98291e-11 -4.22821e-11 5.36234e-11 -1.27093e-10 -5.62893e-10 3.17824e-09 -6.33588e-09 -7.30552e-09 8.55022e-08 -2.68665e-07 3.46096e-07 9.96626e-07 -8.21978e-06 2.85448e-05 -4.25533e-05 -0.000125987 0.00105442 -0.00339687 0.00399672 0.0190904 -0.127847 0.5 1.12785 0.98091 0.996003 1.0034 0.998946 1.00013 1.00004 0.999971 1.00001 0.999999 1 1 1 1 1 1 1 1 1 1 1 
4.22821e-11 -4.43102e-11 5.38378e-11 -1.1032e-10 -6.25083e-10 3.15376e-09 -5.77628e-09 -8.26271e-09 8.31691e-08 -2.58439e-07 3.45622e-07 9.39991e-07 -8.15778e-06 2.87531e-05 -4.29506e-05 -0.00012658 0.00105595 -0.0033954 0.00399313 0.0190854 -0.127841 0.5 1.12784 0.980915 0.996007 1.0034 0.998944 1.00013 1.00004 0.999971 1.00001 0.999999 1 1 1 1 1 1 1 1 1 1 1 
4.43102e-11 -4.58456e-11 5.32562e-11 -9.1824e-11 -6.78154e-10 3.09489e-09 -5.23326e-09 -8.8922e-09 8.04203e-08 -2.5e-07 3.50342e-07 8.88186e-07 -8.12929e-06 2.89647e-05 -4.32013e-05 -0.00012725 0.00105698 -0.0033936 0.00399085 0.01908 -0.127836 0.5 1.12784 0.98092 0.996009 1.00339 0.998943 1.00013 1.00004 0.999971 1.00001 0.999999 1 1 1 1 1 1 1 1 1 1 1 
4.58456e-11 -4.68398e-11 5.19138e-11 -7.2293e-11 -7.20707e-10 3.00699e-09 -4.72853e-09 -9.20942e-09 7.74621e-08 -2.43489e-07 3.58934e-07 8.43493e-07 -8.12841e-06 2.91632e-05 -4.33239e-05 -0.000127921 0.00105755 -0.00339173 0.00398971 0.0190749 -0.127834 0.5 1.12783 0.980925 0.99601 1.00339 0.998942 1.00013 1.00004 0.999971 1.00001 0.999999 1 1 1 1 1 1 1 1 1 1 1 
4.68398e-11 -4.72669e-11 4.98824e-11 -5.24501e-11 -7.51876e-10 2.89646e-09 -4.28e-09 -9.24421e-09 7.44834e-08 -2.38916e-07 3.70081e-07 8.07262e-07 -8.14866e-06 2.93368e-05 -4.33419e-05 -0.000128535 0.00105774 -0.00338997 0.00398948 0.0190704 -0.127834 0.5 1.12783 0.98093 0.996011 1.00339 0.998942 1.00013 1.00004 0.999971 1.00001 0.999999 1 1 1 1 1 1 1 1 1 1 1 
4.72669e-11 -4.71252e-11 4.72664e-11 -3.30125e-11 -7.71362e-10 2.77036e-09 -3.90093e-09 -9.03753e-09 7.16465e-08 -2.36174e-07 3.82558e-07 7.80004e-07 -8.18355e-06 2.94788e-05 -4.32814e-05 -0.000129058 0.00105764 -0.00338846 0.00398993 0.0190668 -0.127834 0.5 1.12783 0.980933 0.99601 1.00339 0.998942 1.00013 1.00004 0.999971 1.00001 0.999999 1 1 1 1 1 1 1 1 1 1 1 
4.71252e-11 -4.64379e-11 4.41966e-11 -1.46515e-11 -7.79424e-10 2.63589e-09 -3.59967e-09 -8.63779e-09 6.90809e-08 -2.35066e-07 3.95297e-07 7.61522e-07 -8.22703e-06 2.95862e-05 -4.31677e-05 -0.000129469 0.00105733 -0.00338726 0.00399081 0.0190641 -0.127836 0.5 1.12784 0.980936 0.996009 1.00339 0.998943 1.00013 1.00004 0.99997 1.00001 0.999999 1 1 1 1 1 1 1 1 1 1 1 
4.64379e-11 -4.52515e-11 4.08215e-11 2.04284e-12 -7.76837e-10 2.50006e-09 -3.3796e-09 -8.09713e-09 6.68798e-08 -2.35333e-07 4.07423e-07 7.51066e-07 -8.27385e-06 2.96595e-05 -4.30241e-05 -0.000129764 0.00105691 -0.0033864 0.00399193 0.0190624 -0.127837 0.5 1.12784 0.980938 0.996008 1.00339 0.998943 1.00013 1.00004 0.99997 1.00001 0.999999 1 1 1 1 1 1 1 1 1 1 1 
4.52515e-11 -4.3633e-11 3.72989e-11 1.65902e-11 -7.64814e-10 2.36923e-09 -3.23946e-09 -7.46782e-09 6.51004e-08 -2.36681e-07 4.18279e-07 7.47501e-07 -8.31973e-06 2.97017e-05 -4.28702e-05 -0.000129949 0.00105644 -0.00338585 0.00399311 0.0190616 -0.127839 0.5 1.12784 0.980938 0.996007 1.00339 0.998944 1.00013 1.00004 0.99997 1.00001 0.999999 1 1 1 1 1 1 1 1 1 1 1 
4.3633e-11 -4.16662e-11 3.37863e-11 2.86406e-11 -7.44915e-10 2.24883e-09 -3.17394e-09 -6.79919e-09 6.37651e-08 -2.38801e-07 4.27427e-07 7.49464e-07 -8.36149e-06 2.97174e-05 -4.27214e-05 -0.000130039 0.00105598 -0.00338558 0.00399422 0.0190614 -0.127841 0.5 1.12784 0.980939 0.996006 1.00339 0.998944 1.00013 1.00004 0.99997 1.00001 0.999999 1 1 1 1 1 1 1 1 1 1 1 
4.16662e-11 -3.94465e-11 3.04319e-11 3.79851e-11 -7.18933e-10 2.14316e-09 -3.17446e-09 -6.13503e-09 6.28662e-08 -2.414e-07 4.34635e-07 7.55511e-07 -8.397e-06 2.97122e-05 -4.25886e-05 -0.00013005 0.00105556 -0.00338553 0.00399518 0.0190617 -0.127843 0.5 1.12784 0.980938 0.996005 1.00339 0.998944 1.00013 1.00004 0.99997 1.00001 0.999999 1 1 1 1 1 1 1 1 1 1 1 
3.94465e-11 -3.70758e-11 2.73663e-11 4.45579e-11 -6.88774e-10 2.05525e-09 -3.23009e-09 -5.51178e-09 6.23711e-08 -2.44209e-07 4.39851e-07 7.64236e-07 -8.42511e-06 2.96919e-05 -4.24787e-05 -0.000130005 0.00105522 -0.00338566 0.00399594 0.0190624 -0.127844 0.5 1.12784 0.980938 0.996004 1.00339 0.998945 1.00013 1.00004 0.99997 1.00001 0.999999 1 1 1 1 1 1 1 1 1 1 1 
3.70758e-11 -3.46564e-11 2.4697e-11 4.84282e-11 -6.56345e-10 1.98681e-09 -3.32848e-09 -4.95741e-09 6.22286e-08 -2.47e-07 4.4317e-07 7.74362e-07 -8.44551e-06 2.96619e-05 -4.23948e-05 -0.000129921 0.00105495 -0.00338589 0.00399649 0.0190632 -0.127845 0.5 1.12784 0.980937 0.996004 1.00339 0.998945 1.00013 1.00004 0.99997 1.00001 0.999999 1 1 1 1 1 1 1 1 1 1 1 
3.46564e-11 -3.22863e-11 2.25027e-11 4.97857e-11 -6.23448e-10 1.93832e-09 -3.4568e-09 -4.49105e-09 6.23753e-08 -2.49595e-07 4.44797e-07 7.84807e-07 -8.45857e-06 2.96272e-05 -4.2337e-05 -0.000129817 0.00105477 -0.00338617 0.00399684 0.019064 -0.127845 0.5 1.12785 0.980936 0.996003 1.00339 0.998945 1.00013 1.00004 0.99997 1.00001 0.999999 1 1 1 1 1 1 1 1 1 1 1 
3.22863e-11 -3.00537e-11 2.08318e-11 4.89191e-11 -5.91691e-10 1.9091e-09 -3.60255e-09 -4.12319e-09 6.2742e-08 -2.51863e-07 4.45009e-07 7.94719e-07 -8.46509e-06 2.95919e-05 -4.23033e-05 -0.000129707 0.00105467 -0.00338648 0.003997 0.0190648 -0.127846 0.5 1.12785 0.980935 0.996003 1.00339 0.998945 1.00013 1.00004 0.99997 1.00001 0.999999 1 1 1 1 1 1 1 1 1 1 1 
3.00537e-11 -2.80333e-11 1.97015e-11 4.6191e-11 -5.62423e-10 1.89756e-09 -3.75429e-09 -3.8565e-09 6.3259e-08 -2.53724e-07 4.44122e-07 8.03484e-07 -8.46623e-06 2.9559e-05 -4.22902e-05 -0.000129602 0.00105463 -0.00338676 0.00399703 0.0190655 -0.127846 0.5 1.12785 0.980934 0.996003 1.00339 0.998945 1.00013 1.00004 0.99997 1.00001 0.999999 1 1 1 1 1 1 1 1 1 1 1 
2.80333e-11 -2.62835e-11 1.90998e-11 4.20103e-11 -5.36684e-10 1.90135e-09 -3.90213e-09 -3.68696e-09 6.38609e-08 -2.55142e-07 4.42458e-07 8.10721e-07 -8.46325e-06 2.95306e-05 -4.22933e-05 -0.000129511 0.00105464 -0.00338701 0.00399694 0.0190661 -0.127846 0.5 1.12785 0.980934 0.996003 1.00339 0.998945 1.00013 1.00004 0.99997 1.00001 0.999999 1 1 1 1 1 1 1 1 1 1 1 
2.62835e-11 -2.48445e-11 1.89888e-11 3.68047e-11 -5.15189e-10 1.91765e-09 -4.03813e-09 -3.6053e-09 6.449e-08 -2.5612e-07 4.40321e-07 8.16254e-07 -8.45744e-06 2.95078e-05 -4.2308e-05 -0.000129437 0.00105468 -0.0033872 0.00399679 0.0190665 -0.127845 0.5 1.12785 0.980934 0.996003 1.00339 0.998945 1.00013 1.00004 0.99997 1.00001 0.999999 1 1 1 1 1 1 1 1 1 1 1 
2.48445e-11 -2.37379e-11 1.93091e-11 3.09953e-11 -4.9833e-10 1.94338e-09 -4.15645e-09 -3.5985e-09 6.50988e-08 -2.56691e-07 4.37982e-07 8.20078e-07 -8.44997e-06 2.94911e-05 -4.233e-05 -0.000129382 0.00105475 -0.00338734 0.00399661 0.0190667 -0.127845 0.5 1.12784 0.980933 0.996003 1.00339 0.998945 1.00013 1.00004 0.999971 1.00001 0.999999 1 1 1 1 1 1 1 1 1 1 1 
2.37379e-11 -2.29671e-11 1.99859e-11 2.49741e-11 -4.86191e-10 1.97541e-09 -4.25337e-09 -3.65133e-09 6.56509e-08 -2.56906e-07 4.35661e-07 8.2232e-07 -8.44187e-06 2.94803e-05 -4.23554e-05 -0.000129347 0.00105483 -0.00338743 0.00399641 0.0190668 -0.127845 0.5 1.12784 0.980933 0.996004 1.00339 0.998945 1.00013 1.00004 0.999971 1.00001 0.999999 1 1 1 1 1 1 1 1 1 1 1 
2.29671e-11 -2.25193e-11 2.09343e-11 1.90859e-11 -4.78593e-10 2.01079e-09 -4.32716e-09 -3.74775e-09 6.61214e-08 -2.56835e-07 4.33527e-07 8.23199e-07 -8.43396e-06 2.94747e-05 -4.23812e-05 -0.000129328 0.0010549 -0.00338747 0.00399623 0.0190668 -0.127844 0.5 1.12784 0.980933 0.996004 1.00339 0.998945 1.00013 1.00004 0.999971 1.00001 0.999999 1 1 1 1 1 1 1 1 1 1 1 
2.25193e-11 -2.23673e-11 2.20662e-11 1.36157e-11 -4.75136e-10 2.04686e-09 -4.37785e-09 -3.87211e-09 6.64965e-08 -2.56547e-07 4.31696e-07 8.22985e-07 -8.42684e-06 2.94735e-05 -4.24049e-05 -0.000129324 0.00105497 -0.00338748 0.00399608 0.0190668 -0.127844 0.5 1.12784 0.980933 0.996004 1.00339 0.998945 1.00013 1.00004 0.999971 1.00001 0.999999 1 1 1 1 1 1 1 1 1 1 1 
2.23673e-11 -2.24733e-11 2.3295e-11 8.78071e-12 -4.75258e-10 2.08139e-09 -4.40691e-09 -4.01012e-09 6.67717e-08 -2.56115e-07 4.30232e-07 8.21968e-07 -8.42087e-06 2.94756e-05 -4.24252e-05 -0.00012933 0.00105503 -0.00338746 0.00399596 0.0190666 -0.127844 0.5 1.12784 0.980933 0.996004 1.00339 0.998945 1.00013 1.00004 0.999971 1.00001 0.999999 1 1 1 1 1 1 1 1 1 1 1 
2.24733e-11 -2.27915e-11 2.45408e-11 4.72795e-12 -4.78292e-10 2.11265e-09 -4.4169e-09 -4.14952e-09 6.69505e-08 -2.55605e-07 4.29158e-07 8.2043e-07 -8.41626e-06 2.948e-05 -4.24411e-05 -0.000129343 0.00105508 -0.00338742 0.00399587 0.0190665 -0.127844 0.5 1.12784 0.980933 0.996004 1.00339 0.998945 1.00013 1.00004 0.999971 1.00001 0.999999 1 1 1 1 1 1 1 1 1 1 1 
2.27915e-11 -2.3272e-11 2.57344e-11 1.53653e-12 -4.83519e-10 2.1394e-09 -4.41111e-09 -4.28054e-09 6.70423e-08 -2.55072e-07 4.28462e-07 8.18624e-07 -8.41304e-06 2.94856e-05 -4.24524e-05 -0.00012936 0.00105511 -0.00338737 0.00399582 0.0190664 -0.127844 0.5 1.12784 0.980934 0.996004 1.00339 0.998945 1.00013 1.00004 0.999971 1.00001 0.999999 1 1 1 1 1 1 1 1 1 1 1 
2.3272e-11 -2.38638e-11 2.68193e-11 -7.76547e-13 -4.90222e-10 2.1609e-09 -4.39319e-09 -4.39603e-09 6.70607e-08 -2.54562e-07 4.28104e-07 8.16762e-07 -8.41111e-06 2.94918e-05 -4.24594e-05 -0.000129379 0.00105513 -0.00338732 0.0039958 0.0190662 -0.127844 0.5 1.12784 0.980934 0.996004 1.00339 0.998945 1.00013 1.00004 0.999971 1.00001 0.999999 1 1 1 1 1 1 1 1 1 1 1 
2.38638e-11 -2.45177e-11 2.77539e-11 -2.24743e-12 -4.97729e-10 2.17689e-09 -4.36686e-09 -4.49142e-09 6.70215e-08 -2.54107e-07 4.28029e-07 8.15008e-07 -8.41031e-06 2.94977e-05 -4.24626e-05 -0.000129397 0.00105513 -0.00338727 0.0039958 0.0190661 -0.127844 0.5 1.12784 0.980934 0.996004 1.00339 0.998945 1.00013 1.00004 0.999971 1.00001 0.999999 1 1 1 1 1 1 1 1 1 1 1 
2.45177e-11 -2.5189e-11 2.85118e-11 -2.95453e-12 -5.0544e-10 2.18749e-09 -4.33565e-09 -4.56454e-09 6.69409e-08 -2.53728e-07 4.28174e-07 8.13478e-07 -8.4104e-06 2.95031e-05 -4.24627e-05 -0.000129413 0.00105513 -0.00338723 0.00399581 0.019066 -0.127844 0.5 1.12784 0.980934 0.996004 1.00339 0.998945 1.00013 1.00004 0.99997 1.00001 0.999999 1 1 1 1 1 1 1 1 1 1 1 
2.5189e-11 -2.58392e-11 2.90806e-11 -3.00681e-12 -5.12857e-10 2.19314e-09 -4.30268e-09 -4.61524e-09 6.68345e-08 -2.53435e-07 4.28472e-07 8.12238e-07 -8.41116e-06 2.95075e-05 -4.24606e-05 -0.000129426 0.00105512 -0.00338719 0.00399584 0.019066 -0.127844 0.5 1.12784 0.980934 0.996004 1.00339 0.998945 1.00013 1.00004 0.99997 1.00001 0.999999 1 1 1 1 1 1 1 1 1 1 1 
2.58392e-11 -2.64372e-11 2.94612e-11 -2.53191e-12 -5.19594e-10 2.19449e-09 -4.27057e-09 -4.64497e-09 6.67164e-08 -2.53231e-07 4.28862e-07 8.11317e-07 -8.41234e-06 2.95108e-05 -4.24569e-05 -0.000129436 0.00105511 -0.00338717 0.00399587 0.0190659 -0.127844 0.5 1.12784 0.980934 0.996004 1.00339 0.998945 1.00013 1.00004 0.99997 1.00001 0.999999 1 1 1 1 1 1 1 1 1 1 1 
2.64372e-11 -2.696e-11 2.96653e-11 -1.6651e-12 -5.2538e-10 2.19236e-09 -4.2413e-09 -4.65637e-09 6.65981e-08 -2.53108e-07 4.2929e-07 8.10709e-07 -8.41373e-06 2.9513e-05 -4.24526e-05 -0.000129442 0.0010551 -0.00338716 0.00399591 0.0190659 -0.127844 0.5 1.12784 0.980934 0.996004 1.00339 0.998945 1.00013 1.00004 0.99997 1.00001 0.999999 1 1 1 1 1 1 1 1 1 1 1 
2.696e-11 -2.73926e-11 2.9713e-11 -5.39619e-13 -5.30056e-10 2.18762e-09 -4.21627e-09 -4.65281e-09 6.64886e-08 -2.53057e-07 4.29714e-07 8.10385e-07 -8.41517e-06 2.95143e-05 -4.2448e-05 -0.000129446 0.00105508 -0.00338715 0.00399594 0.0190659 -0.127844 0.5 1.12784 0.980934 0.996004 1.00339 0.998945 1.00013 1.00004 0.99997 1.00001 0.999999 1 1 1 1 1 1 1 1 1 1 1 
2.73926e-11 -2.77278e-11 2.96305e-11 7.21258e-13 -5.33563e-10 2.18111e-09 -4.19628e-09 -4.63798e-09 6.6394e-08 -2.53065e-07 4.30099e-07 8.10299e-07 -8.41652e-06 2.95147e-05 -4.24438e-05 -0.000129446 0.00105507 -0.00338715 0.00399596 0.0190659 -0.127844 0.5 1.12784 0.980934 0.996004 1.00339 0.998945 1.00013 1.00004 0.99997 1.00001 0.999999 1 1 1 1 1 1 1 1 1 1 1 
2.77278e-11 -2.79654e-11 2.94472e-11 2.0101e-12 -5.35928e-10 2.17366e-09 -4.18161e-09 -4.61556e-09 6.63179e-08 -2.53115e-07 4.30424e-07 8.10398e-07 -8.41768e-06 2.95145e-05 -4.24401e-05 -0.000129445 0.00105506 -0.00338716 0.00399598 0.019066 -0.127844 0.5 1.12784 0.980934 0.996004 1.00339 0.998945 1.00013 1.00004 0.99997 1.00001 0.999999 1 1 1 1 1 1 1 1 1 1 1 
2.79654e-11 -2.81105e-11 2.91931e-11 3.23915e-12 -5.37244e-10 2.16596e-09 -4.17212e-09 -4.58897e-09 6.62618e-08 -2.53194e-07 4.30679e-07 8.10626e-07 -8.41861e-06 2.95138e-05 -4.24372e-05 -0.000129443 0.00105505 -0.00338716 0.003996 0.019066 -0.127844 0.5 1.12784 0.980934 0.996004 1.00339 0.998945 1.00013 1.00004 0.99997 1.00001 0.999999 1 1 1 1 1 1 1 1 1 1 1 
2.81105e-11 -2.81731e-11 2.88975e-11 4.34218e-12 -5.37653e-10 2.15857e-09 -4.16732e-09 -4.56116e-09 6.62251e-08 -2.53288e-07 4.3086e-07 8.10932e-07 -8.41929e-06 2.95129e-05 -4.24351e-05 -0.00012944 0.00105505 -0.00338717 0.003996 0.019066 -0.127844 0.5 1.12784 0.980934 0.996004 1.00339 0.998945 1.00013 1.00004 0.99997 1.00001 0.999999 1 1 1 1 1 1 1 1 1 1 1 
2.81731e-11 -2.81658e-11 2.85867e-11 5.27457e-12 -5.37325e-10 2.15192e-09 -4.1665e-09 -4.53449e-09 6.6206e-08 -2.53386e-07 4.30971e-07 8.11269e-07 -8.41972e-06 2.95118e-05 -4.24338e-05 -0.000129437 0.00105505 -0.00338718 0.00399601 0.019066 -0.127844 0.5 1.12784 0.980934 0.996004 1.00339 0.998945 1.00013 1.00004 0.99997 1.00001 0.999999 1 1 1 1 1 1 1 1 1 1 1 
2.81658e-11 -2.81033e-11 2.82829e-11 6.01203e-12 -5.36445e-10 2.1463e-09 -4.16883e-09 -4.51071e-09 6.62017e-08 -2.53479e-07 4.31021e-07 8.11602e-07 -8.41993e-06 2.95107e-05 -4.24332e-05 -0.000129434 0.00105505 -0.00338719 0.00399601 0.0190661 -0.127844 0.5 1.12784 0.980934 0.996004 1.00339 0.998945 1.00013 1.00004 0.99997 1.00001 0.999999 1 1 1 1 1 1 1 1 1 1 1 
