1 1 0.95 0.9 0.85 0.8 0.75 0.7 0.65 0.6 0.55 0.5 0.45 0.4 0.35 0.3 0.25 0.2 0.15 0.1 0.05 0 -0.05 -0.1 -0.15 -0.2 -0.25 -0.3 -0.35 -0.4 -0.45 -0.5 -0.55 -0.6 -0.65 -0.7 -0.75 -0.8 -0.85 -0.9 -0.95 -1 -1 
1 1 0.978875 0.918 0.867 0.816 0.765 0.714 0.663 0.612 0.561 0.51 0.459 0.408 0.357 0.306 0.255 0.204 0.153 0.102 0.051 -8.0231e-19 -0.051 -0.102 -0.153 -0.204 -0.255 -0.306 -0.357 -0.408 -0.459 -0.51 -0.561 -0.612 -0.663 -0.714 -0.765 -0.816 -0.867 -0.918 -0.978875 -1 -1 
1 1 0.992176 0.946114 0.883961 0.832646 0.780606 0.728566 0.676525 0.624485 0.572444 0.520404 0.468364 0.416323 0.364283 0.312242 0.260202 0.208162 0.156121 0.104081 0.0520404 -1.6263e-18 -0.0520404 -0.104081 -0.156121 -0.208162 -0.260202 -0.312242 -0.364283 -0.416323 -0.468364 -0.520404 -0.572444 -0.624485 -0.676525 -0.728566 -0.780606 -0.832646 -0.883961 -0.946114 -0.992176 -1 -1 
1 1 0.997055 0.97187 0.906742 0.849042 0.796915 0.743732 0.690608 0.637484 0.58436 0.531237 0.478113 0.424989 0.371866 0.318742 0.265618 0.212495 0.159371 0.106247 0.0531237 -2.42861e-18 -0.0531237 -0.106247 -0.159371 -0.212495 -0.265618 -0.318742 -0.371866 -0.424989 -0.478113 -0.531237 -0.58436 -0.637484 -0.690608 -0.743732 -0.796915 -0.849042 -0.906742 -0.97187 -0.997055 -1 -1 
1 1 0.998878 0.987 0.936224 0.867561 0.813199 0.759632 0.705279 0.65103 0.596778 0.542525 0.488273 0.43402 0.379768 0.325515 0.271263 0.21701 0.162758 0.108505 0.0542525 -3.20924e-18 -0.0542525 -0.108505 -0.162758 -0.21701 -0.271263 -0.325515 -0.379768 -0.43402 -0.488273 -0.542525 -0.596778 -0.65103 -0.705279 -0.759632 -0.813199 -0.867561 -0.936224 -0.987 -0.998878 -1 -1 
1 1 0.99957 0.994208 0.96355 0.892012 0.829894 0.775903 0.720664 0.66515 0.609729 0.554299 0.498869 0.443439 0.388009 0.332579 0.277149 0.221719 0.16629 0.11086 0.0554299 -3.96818e-18 -0.0554299 -0.11086 -0.16629 -0.221719 -0.277149 -0.332579 -0.388009 -0.443439 -0.498869 -0.554299 -0.609729 -0.66515 -0.720664 -0.775903 -0.829894 -0.892012 -0.96355 -0.994208 -0.99957 -1 -1 
1 1 0.999834 0.997467 0.981402 0.923084 0.849077 0.79219 0.736702 0.679933 0.62324 0.566589 0.50993 0.453271 0.396612 0.339953 0.283294 0.226635 0.169977 0.113318 0.0566589 -4.79217e-18 -0.0566589 -0.113318 -0.169977 -0.226635 -0.283294 -0.339953 -0.396612 -0.453271 -0.50993 -0.566589 -0.62324 -0.679933 -0.736702 -0.79219 -0.849077 -0.923084 -0.981402 -0.997467 -0.999834 -1 -1 
1 1 0.999936 0.998907 0.99095 0.953246 0.874178 0.809065 0.753038 0.695461 0.637366 0.579426 0.521487 0.463544 0.405601 0.347658 0.289715 0.231772 0.173829 0.115886 0.0579429 -5.65954e-18 -0.0579429 -0.115886 -0.173829 -0.231772 -0.289715 -0.347658 -0.405601 -0.463544 -0.521487 -0.579426 -0.637366 -0.695461 -0.753038 -0.809065 -0.874178 -0.953246 -0.99095 -0.998907 -0.999936 -1 -1 
1 1 0.999975 0.999533 0.995713 0.974629 0.90665 0.828378 0.76942 0.711627 0.652203 0.592846 0.533573 0.474287 0.415001 0.355715 0.296429 0.237144 0.177858 0.118572 0.0592859 -6.54858e-18 -0.0592859 -0.118572 -0.177858 -0.237144 -0.296429 -0.355715 -0.415001 -0.474287 -0.533573 -0.592846 -0.652203 -0.711627 -0.76942 -0.828378 -0.90665 -0.974629 -0.995713 -0.999533 -0.999975 -1 -1 
1 1 0.99999 0.999802 0.998009 0.986949 0.940215 0.85338 0.786363 0.728102 0.667816 0.606912 0.546219 0.485535 0.424843 0.364151 0.303459 0.242767 0.182075 0.121384 0.0606918 -7.54605e-18 -0.0606918 -0.121384 -0.182075 -0.242767 -0.303459 -0.364151 -0.424843 -0.485535 -0.546219 -0.606912 -0.667816 -0.728102 -0.786363 -0.85338 -0.940215 -0.986949 -0.998009 -0.999802 -0.99999 -1 -1 
1 1 0.999996 0.999916 0.999089 0.993483 0.966005 0.886627 0.80548 0.744636 0.684105 0.621725 0.559468 0.497321 0.435157 0.372991 0.310826 0.248661 0.186496 0.12433 0.0621652 -8.67362e-18 -0.0621652 -0.12433 -0.186496 -0.248661 -0.310826 -0.372991 -0.435157 -0.497321 -0.559468 -0.621725 -0.684105 -0.744636 -0.80548 -0.886627 -0.966005 -0.993483 -0.999089 -0.999916 -0.999996 -1 -1 
1 1 0.999999 0.999965 0.999588 0.996817 0.981815 0.923619 0.829782 0.761607 0.700764 0.637356 0.573387 0.509679 0.445978 0.382266 0.318555 0.254844 0.191133 0.127422 0.063711 -9.90961e-18 -0.063711 -0.127422 -0.191133 -0.254844 -0.318555 -0.382266 -0.445978 -0.509679 -0.573387 -0.637356 -0.700764 -0.761607 -0.829782 -0.923619 -0.981815 -0.996817 -0.999588 -0.999965 -0.999999 -1 -1 
1 1 0.999999 0.999985 0.999815 0.998472 0.990578 0.954685 0.86283 0.780374 0.717508 0.653733 0.588079 0.522653 0.457342 0.392009 0.326673 0.261339 0.196004 0.130669 0.0653347 -1.13408e-17 -0.0653347 -0.130669 -0.196004 -0.261339 -0.326673 -0.392009 -0.457342 -0.522653 -0.588079 -0.653733 -0.717508 -0.780374 -0.86283 -0.954685 -0.990578 -0.998472 -0.999815 -0.999985 -0.999999 -1 -1 
1 1 1 0.999994 0.999918 0.999276 0.995229 0.975009 0.902622 0.803585 0.734536 0.670587 0.60363 0.536312 0.469285 0.402254 0.335211 0.268168 0.201126 0.134084 0.0670421 -1.28153e-17 -0.0670421 -0.134084 -0.201126 -0.268168 -0.335211 -0.402254 -0.469285 -0.536312 -0.60363 -0.670587 -0.734536 -0.803585 -0.902622 -0.975009 -0.995229 -0.999276 -0.999918 -0.999994 -1 -1 -1 
1 1 1 0.999997 0.999964 0.999661 0.997627 0.986698 0.939564 0.835334 0.752935 0.687593 0.620018 0.55076 0.481853 0.41304 0.344201 0.27536 0.20652 0.13768 0.06884 -1.4203e-17 -0.06884 -0.13768 -0.20652 -0.27536 -0.344201 -0.41304 -0.481853 -0.55076 -0.620018 -0.687593 -0.752935 -0.835334 -0.939564 -0.986698 -0.997627 -0.999661 -0.999964 -0.999997 -1 -1 -1 
1 1 1 0.999999 0.999984 0.999843 0.998836 0.993083 0.965727 0.876573 0.774926 0.704759 0.637024 0.5661 0.495112 0.424406 0.35368 0.282942 0.212207 0.141471 0.0707356 -1.56342e-17 -0.0707356 -0.141471 -0.212207 -0.282942 -0.35368 -0.424406 -0.495112 -0.5661 -0.637024 -0.704759 -0.774926 -0.876573 -0.965727 -0.993083 -0.998836 -0.999843 -0.999984 -0.999999 -1 -1 -1 
1 1 1 1 0.999993 0.999928 0.999436 0.996468 0.98138 0.9193 0.804492 0.722873 0.65431 0.582364 0.509161 0.436397 0.363687 0.290948 0.218211 0.145474 0.072737 -1.74123e-17 -0.072737 -0.145474 -0.218211 -0.290948 -0.363687 -0.436397 -0.509161 -0.582364 -0.65431 -0.722873 -0.804492 -0.9193 -0.98138 -0.996468 -0.999436 -0.999928 -0.999993 -1 -1 -1 -1 
1 1 1 1 0.999997 0.999967 0.99973 0.998222 0.990128 0.952772 0.845234 0.74373 0.671711 0.599411 0.524119 0.449076 0.374263 0.299414 0.22456 0.149706 0.0748532 -1.91036e-17 -0.0748532 -0.149706 -0.22456 -0.299414 -0.374263 -0.449076 -0.524119 -0.599411 -0.671711 -0.74373 -0.845234 -0.952772 -0.990128 -0.998222 -0.99973 -0.999967 -0.999997 -1 -1 -1 -1 
1 1 1 1 0.999999 0.999985 0.999871 0.999116 0.99486 0.973887 0.892543 0.770738 0.689687 0.616925 0.540066 0.462534 0.385454 0.30838 0.231284 0.154189 0.0770944 -2.0795e-17 -0.0770944 -0.154189 -0.231284 -0.30838 -0.385454 -0.462534 -0.540066 -0.616925 -0.689687 -0.770738 -0.892543 -0.973887 -0.99486 -0.999116 -0.999871 -0.999985 -0.999999 -1 -1 -1 -1 
1 1 1 1 0.999999 0.999993 0.999939 0.999565 0.997362 0.985956 0.934428 0.808933 0.709631 0.634623 0.556954 0.476894 0.39732 0.317888 0.238417 0.158944 0.0794718 -2.30501e-17 -0.0794718 -0.158944 -0.238417 -0.317888 -0.39732 -0.476894 -0.556954 -0.634623 -0.709631 -0.808933 -0.934428 -0.985956 -0.997362 -0.999565 -0.999939 -0.999993 -0.999999 -1 -1 -1 -1 
1 1 1 1 1 0.999997 0.999972 0.999788 0.998662 0.992585 0.963039 0.858358 0.734238 0.652634 0.574541 0.492272 0.40994 0.327984 0.245997 0.163996 0.0819981 -2.52185e-17 -0.0819981 -0.163996 -0.245997 -0.327984 -0.40994 -0.492272 -0.574541 -0.652634 -0.734238 -0.858358 -0.963039 -0.992585 -0.998662 -0.999788 -0.999972 -0.999997 -1 -1 -1 -1 -1 
1 1 1 1 1 0.999999 0.999987 0.999897 0.999328 0.99614 0.979899 0.908516 0.768472 0.671942 0.592494 0.508709 0.423429 0.338723 0.254065 0.169376 0.0846876 -2.79507e-17 -0.0846876 -0.169376 -0.254065 -0.338723 -0.423429 -0.508709 -0.592494 -0.671942 -0.768472 -0.908516 -0.979899 -0.99614 -0.999328 -0.999897 -0.999987 -0.999999 -1 -1 -1 -1 -1 
1 1 1 1 1 0.999999 0.999994 0.999951 0.999665 0.998013 0.989284 0.946957 0.816644 0.694602 0.61068 0.526078 0.437922 0.350177 0.262668 0.175114 0.0875564 -3.116e-17 -0.0875564 -0.175114 -0.262668 -0.350177 -0.437922 -0.526078 -0.61068 -0.694602 -0.816644 -0.946957 -0.989284 -0.998013 -0.999665 -0.999951 -0.999994 -0.999999 -1 -1 -1 -1 -1 
1 1 1 1 1 1 0.999997 0.999976 0.999835 0.998987 0.994368 0.970833 0.872902 0.724614 0.629628 0.544085 0.453526 0.362444 0.271856 0.181248 0.0906229 -3.46728e-17 -0.0906229 -0.181248 -0.271856 -0.362444 -0.453526 -0.544085 -0.629628 -0.724614 -0.872902 -0.970833 -0.994368 -0.998987 -0.999835 -0.999976 -0.999997 -1 -1 -1 -1 -1 -1 
1 1 1 1 1 1 0.999999 0.999989 0.999919 0.999487 0.997072 0.984347 0.922819 0.76827 0.650854 0.562443 0.470241 0.375655 0.281692 0.187818 0.0939082 -3.84892e-17 -0.0939082 -0.187818 -0.281692 -0.375655 -0.470241 -0.562443 -0.650854 -0.76827 -0.922819 -0.984347 -0.997072 -0.999487 -0.999919 -0.999989 -0.999999 -1 -1 -1 -1 -1 -1 
1 1 1 1 1 1 0.999999 0.999995 0.999961 0.999743 0.998491 0.991726 0.956829 0.826383 0.677294 0.581254 0.487886 0.38995 0.292257 0.194868 0.0974363 -4.25658e-17 -0.0974363 -0.194868 -0.292257 -0.38995 -0.487886 -0.581254 -0.677294 -0.826383 -0.956829 -0.991726 -0.998491 -0.999743 -0.999961 -0.999995 -0.999999 -1 -1 -1 -1 -1 -1 
1 1 1 1 1 1 1 0.999998 0.999981 0.999872 0.999228 0.995673 0.976701 0.887028 0.714688 0.601491 0.50616 0.405428 0.303662 0.202453 0.101234 -4.71628e-17 -0.101234 -0.202453 -0.303662 -0.405428 -0.50616 -0.601491 -0.714688 -0.887028 -0.976701 -0.995673 -0.999228 -0.999872 -0.999981 -0.999998 -1 -1 -1 -1 -1 -1 -1 
1 1 1 1 1 1 1 0.999999 0.999991 0.999936 0.999608 0.997755 0.987647 0.934637 0.769308 0.625251 0.524877 0.422061 0.316045 0.210635 0.105333 -5.21935e-17 -0.105333 -0.210635 -0.316045 -0.422061 -0.524877 -0.625251 -0.769308 -0.934637 -0.987647 -0.997755 -0.999608 -0.999936 -0.999991 -0.999999 -1 -1 -1 -1 -1 -1 -1 
1 1 1 1 1 1 1 0.999999 0.999996 0.999969 0.999802 0.998843 0.993525 0.964395 0.836389 0.656707 0.544431 0.439652 0.329554 0.219499 0.109768 -5.78313e-17 -0.109768 -0.219499 -0.329554 -0.439652 -0.544431 -0.656707 -0.836389 -0.964395 -0.993525 -0.998843 -0.999802 -0.999969 -0.999996 -0.999999 -1 -1 -1 -1 -1 -1 -1 
1 1 1 1 1 1 1 1 0.999998 0.999985 0.999901 0.999407 0.996633 0.981095 0.899257 0.703469 0.566234 0.457931 0.344281 0.229155 0.114581 -6.43366e-17 -0.114581 -0.229155 -0.344281 -0.457931 -0.566234 -0.703469 -0.899257 -0.981095 -0.996633 -0.999407 -0.999901 -0.999985 -0.999998 -1 -1 -1 -1 -1 -1 -1 -1 
1 1 1 1 1 1 1 1 0.999999 0.999993 0.99995 0.999698 0.998259 0.990095 0.943827 0.769747 0.593096 0.476843 0.360199 0.239741 0.119823 -7.16224e-17 -0.119823 -0.239741 -0.360199 -0.476843 -0.593096 -0.769747 -0.943827 -0.990095 -0.998259 -0.999698 -0.99995 -0.999993 -0.999999 -1 -1 -1 -1 -1 -1 -1 -1 
1 1 1 1 1 1 1 1 1 0.999996 0.999975 0.999847 0.999104 0.994854 0.970059 0.844687 0.630839 0.497097 0.377133 0.251401 0.12556 -7.92552e-17 -0.12556 -0.251401 -0.377133 -0.497097 -0.630839 -0.844687 -0.970059 -0.994854 -0.999104 -0.999847 -0.999975 -0.999996 -1 -1 -1 -1 -1 -1 -1 -1 -1 
1 1 1 1 1 1 1 1 1 0.999998 0.999988 0.999923 0.999541 0.997341 0.984346 0.908595 0.688533 0.520515 0.394868 0.264237 0.131881 -8.75819e-17 -0.131881 -0.264237 -0.394868 -0.520515 -0.688533 -0.908595 -0.984346 -0.997341 -0.999541 -0.999923 -0.999988 -0.999998 -1 -1 -1 -1 -1 -1 -1 -1 -1 
1 1 1 1 1 1 1 1 1 0.999999 0.999994 0.999961 0.999766 0.998631 0.991898 0.950502 0.766722 0.55079 0.413493 0.278249 0.138894 -9.59085e-17 -0.138894 -0.278249 -0.413493 -0.55079 -0.766722 -0.950502 -0.991898 -0.998631 -0.999766 -0.999961 -0.999994 -0.999999 -1 -1 -1 -1 -1 -1 -1 -1 -1 
1 1 1 1 1 1 1 1 1 1 0.999997 0.999981 0.999881 0.999297 0.995831 0.974134 0.849087 0.595721 0.433972 0.293315 0.146722 -1.05103e-16 -0.146722 -0.293315 -0.433972 -0.595721 -0.849087 -0.974134 -0.995831 -0.999297 -0.999881 -0.999981 -0.999997 -1 -1 -1 -1 -1 -1 -1 -1 -1 -1 
1 1 1 1 1 1 1 1 1 1 0.999999 0.99999 0.99994 0.999641 0.997862 0.986688 0.914275 0.665218 0.458499 0.309288 0.155463 -1.16031e-16 -0.155463 -0.309288 -0.458499 -0.665218 -0.914275 -0.986688 -0.997862 -0.999641 -0.99994 -0.99999 -0.999999 -1 -1 -1 -1 -1 -1 -1 -1 -1 -1 
1 1 1 1 1 1 1 1 1 1 0.999999 0.999995 0.99997 0.999817 0.998906 0.9932 0.954715 0.755799 0.491728 0.326359 0.165152 -1.28174e-16 -0.165152 -0.326359 -0.491728 -0.755799 -0.954715 -0.9932 -0.998906 -0.999817 -0.99997 -0.999995 -0.999999 -1 -1 -1 -1 -1 -1 -1 -1 -1 -1 
1 1 1 1 1 1 1 1 1 1 1 0.999998 0.999985 0.999907 0.999441 0.996539 0.976792 0.846651 0.543589 0.345607 0.175734 -1.41185e-16 -0.175734 -0.345607 -0.543589 -0.846651 -0.976792 -0.996539 -0.999441 -0.999907 -0.999985 -0.999998 -1 -1 -1 -1 -1 -1 -1 -1 -1 -1 -1 
1 1 1 1 1 1 1 1 1 1 1 0.999999 0.999992 0.999953 0.999715 0.998241 0.988255 0.915156 0.624802 0.36942 0.187112 -1.55063e-16 -0.187112 -0.36942 -0.624802 -0.915156 -0.988255 -0.998241 -0.999715 -0.999953 -0.999992 -0.999999 -1 -1 -1 -1 -1 -1 -1 -1 -1 -1 -1 
1 1 1 1 1 1 1 1 1 1 1 0.999999 0.999996 0.999976 0.999855 0.999106 0.994088 0.956167 0.729006 0.403195 0.199459 -1.7241e-16 -0.199459 -0.403195 -0.729006 -0.956167 -0.994088 -0.999106 -0.999855 -0.999976 -0.999996 -0.999999 -1 -1 -1 -1 -1 -1 -1 -1 -1 -1 -1 
1 1 1 1 1 1 1 1 1 1 1 1 0.999998 0.999988 0.999926 0.999546 0.997029 0.977989 0.831887 0.458874 0.213662 -1.90104e-16 -0.213662 -0.458874 -0.831887 -0.977989 -0.997029 -0.999546 -0.999926 -0.999988 -0.999998 -1 -1 -1 -1 -1 -1 -1 -1 -1 -1 -1 -1 
1 1 1 1 1 1 1 1 1 1 1 1 0.999999 0.999994 0.999963 0.99977 0.998507 0.989069 0.908431 0.549409 0.231757 -2.08145e-16 -0.231757 -0.549409 -0.908431 -0.989069 -0.998507 -0.99977 -0.999963 -0.999994 -0.999999 -1 -1 -1 -1 -1 -1 -1 -1 -1 -1 -1 -1 
1 1 1 1 1 1 1 1 1 1 1 1 1 0.999997 0.999981 0.999883 0.999249 0.994592 0.953619 0.668712 0.258827 -2.28268e-16 -0.258827 -0.668712 -0.953619 -0.994592 -0.999249 -0.999883 -0.999981 -0.999997 -1 -1 -1 -1 -1 -1 -1 -1 -1 -1 -1 -1 -1 
1 1 1 1 1 1 1 1 1 1 1 1 1 0.999999 0.99999 0.999941 0.999622 0.997325 0.977218 0.790751 0.307687 -2.5186e-16 -0.307687 -0.790751 -0.977218 -0.997325 -0.999622 -0.999941 -0.99999 -0.999999 -1 -1 -1 -1 -1 -1 -1 -1 -1 -1 -1 -1 -1 
1 1 1 1 1 1 1 1 1 1 1 1 1 0.999999 0.999995 0.99997 0.999809 0.998675 0.988934 0.885449 0.396397 -2.87249e-16 -0.396397 -0.885449 -0.988934 -0.998675 -0.999809 -0.99997 -0.999995 -0.999999 -1 -1 -1 -1 -1 -1 -1 -1 -1 -1 -1 -1 -1 
1 1 1 1 1 1 1 1 1 1 1 1 1 1 0.999998 0.999985 0.999904 0.999342 0.99464 0.942691 0.526201 -3.35821e-16 -0.526201 -0.942691 -0.99464 -0.999342 -0.999904 -0.999985 -0.999998 -1 -1 -1 -1 -1 -1 -1 -1 -1 -1 -1 -1 -1 -1 
1 1 1 1 1 1 1 1 1 1 1 1 1 1 0.999999 0.999992 0.999952 0.999673 0.997402 0.972491 0.675631 -4.69048e-16 -0.675631 -0.972491 -0.997402 -0.999673 -0.999952 -0.999992 -0.999999 -1 -1 -1 -1 -1 -1 -1 -1 -1 -1 -1 -1 -1 -1 
1 1 1 1 1 1 1 1 1 1 1 1 1 1 0.999999 0.999996 0.999976 0.999837 0.998737 0.986994 0.810287 -7.13297e-16 -0.810287 -0.986994 -0.998737 -0.999837 -0.999976 -0.999996 -0.999999 -1 -1 -1 -1 -1 -1 -1 -1 -1 -1 -1 -1 -1 -1 
1 1 1 1 1 1 1 1 1 1 1 1 1 1 1 0.999998 0.999988 0.999918 0.999384 0.993873 0.902539 -1.04636e-15 -0.902539 -0.993873 -0.999384 -0.999918 -0.999988 -0.999998 -1 -1 -1 -1 -1 -1 -1 -1 -1 -1 -1 -1 -1 -1 -1 
1 1 1 1 1 1 1 1 1 1 1 1 1 1 1 0.999999 0.999994 0.999959 0.999698 0.997109 0.9535 -1.29061e-15 -0.9535 -0.997109 -0.999698 -0.999959 -0.999994 -0.999999 -1 -1 -1 -1 -1 -1 -1 -1 -1 -1 -1 -1 -1 -1 -1 
1 1 1 1 1 1 1 1 1 1 1 1 1 1 1 1 0.999997 0.99998 0.999852 0.998631 0.978543 -1.53486e-15 -0.978543 -0.998631 -0.999852 -0.99998 -0.999997 -1 -1 -1 -1 -1 -1 -1 -1 -1 -1 -1 -1 -1 -1 -1 -1 
1 1 1 1 1 1 1 1 1 1 1 1 1 1 1 1 0.999998 0.99999 0.999927 0.999349 0.990219 -1.62368e-15 -0.990219 -0.999349 -0.999927 -0.99999 -0.999998 -1 -1 -1 -1 -1 -1 -1 -1 -1 -1 -1 -1 -1 -1 -1 -1 
1 1 1 1 1 1 1 1 1 1 1 1 1 1 1 1 0.999999 0.999995 0.999964 0.999689 0.99555 -1.62368e-15 -0.99555 -0.999689 -0.999964 -0.999995 -0.999999 -1 -1 -1 -1 -1 -1 -1 -1 -1 -1 -1 -1 -1 -1 -1 -1 
1 1 1 1 1 1 1 1 1 1 1 1 1 1 1 1 1 0.999997 0.999982 0.99985 0.997969 -1.64588e-15 -0.997969 -0.99985 -0.999982 -0.999997 -1 -1 -1 -1 -1 -1 -1 -1 -1 -1 -1 -1 -1 -1 -1 -1 -1 
1 1 1 1 1 1 1 1 1 1 1 1 1 1 1 1 1 0.999999 0.999991 0.999928 0.999069 -1.66809e-15 -0.999069 -0.999928 -0.999991 -0.999999 -1 -1 -1 -1 -1 -1 -1 -1 -1 -1 -1 -1 -1 -1 -1 -1 -1 
1 1 1 1 1 1 1 1 1 1 1 1 1 1 1 1 1 0.999999 0.999996 0.999965 0.99957 -1.57927e-15 -0.99957 -0.999965 -0.999996 -0.999999 -1 -1 -1 -1 -1 -1 -1 -1 -1 -1 -1 -1 -1 -1 -1 -1 -1 
1 1 1 1 1 1 1 1 1 1 1 1 1 1 1 1 1 1 0.999998 0.999983 0.999801 -1.53486e-15 -0.999801 -0.999983 -0.999998 -1 -1 -1 -1 -1 -1 -1 -1 -1 -1 -1 -1 -1 -1 -1 -1 -1 -1 
1 1 1 1 1 1 1 1 1 1 1 1 1 1 1 1 1 1 0.999999 0.999992 0.999907 -1.46825e-15 -0.999907 -0.999992 -0.999999 -1 -1 -1 -1 -1 -1 -1 -1 -1 -1 -1 -1 -1 -1 -1 -1 -1 -1 
1 1 1 1 1 1 1 1 1 1 1 1 1 1 1 1 1 1 0.999999 0.999996 0.999956 -1.46825e-15 -0.999956 -0.999996 -0.999999 -1 -1 -1 -1 -1 -1 -1 -1 -1 -1 -1 -1 -1 -1 -1 -1 -1 -1 
1 1 1 1 1 1 1 1 1 1 1 1 1 1 1 1 1 1 1 0.999998 0.999979 -1.46825e-15 -0.999979 -0.999998 -1 -1 -1 -1 -1 -1 -1 -1 -1 -1 -1 -1 -1 -1 -1 -1 -1 -1 -1 
1 1 1 1 1 1 1 1 1 1 1 1 1 1 1 1 1 1 1 0.999999 0.99999 -1.49045e-15 -0.99999 -0.999999 -1 -1 -1 -1 -1 -1 -1 -1 -1 -1 -1 -1 -1 -1 -1 -1 -1 -1 -1 
1 1 1 1 1 1 1 1 1 1 1 1 1 1 1 1 1 1 1 1 0.999995 -1.37943e-15 -0.999995 -1 -1 -1 -1 -1 -1 -1 -1 -1 -1 -1 -1 -1 -1 -1 -1 -1 -1 -1 -1 
1 1 1 1 1 1 1 1 1 1 1 1 1 1 1 1 1 1 1 1 0.999998 -1.37943e-15 -0.999998 -1 -1 -1 -1 -1 -1 -1 -1 -1 -1 -1 -1 -1 -1 -1 -1 -1 -1 -1 -1 
1 1 1 1 1 1 1 1 1 1 1 1 1 1 1 1 1 1 1 1 0.999999 -1.37943e-15 -0.999999 -1 -1 -1 -1 -1 -1 -1 -1 -1 -1 -1 -1 -1 -1 -1 -1 -1 -1 -1 -1 
1 1 1 1 1 1 1 1 1 1 1 1 1 1 1 1 1 1 1 1 0.999999 -1.37943e-15 -0.999999 -1 -1 -1 -1 -1 -1 -1 -1 -1 -1 -1 -1 -1 -1 -1 -1 -1 -1 -1 -1 
1 1 1 1 1 1 1 1 1 1 1 1 1 1 1 1 1 1 1 1 1 -1.37943e-15 -1 -1 -1 -1 -1 -1 -1 -1 -1 -1 -1 -1 -1 -1 -1 -1 -1 -1 -1 -1 -1 
1 1 1 1 1 1 1 1 1 1 1 1 1 1 1 1 1 1 1 1 1 -1.37943e-15 -1 -1 -1 -1 -1 -1 -1 -1 -1 -1 -1 -1 -1 -1 -1 -1 -1 -1 -1 -1 -1 
1 1 1 1 1 1 1 1 1 1 1 1 1 1 1 1 1 1 1 1 1 -1.37943e-15 -1 -1 -1 -1 -1 -1 -1 -1 -1 -1 -1 -1 -1 -1 -1 -1 -1 -1 -1 -1 -1 
1 1 1 1 1 1 1 1 1 1 1 1 1 1 1 1 1 1 1 1 1 -1.37943e-15 -1 -1 -1 -1 -1 -1 -1 -1 -1 -1 -1 -1 -1 -1 -1 -1 -1 -1 -1 -1 -1 
