0 0 0 0 0 0 0 0 0 0 0 0 0 0 0 0 0 0 0 0 0 0.5 1 1 1 1 1 1 1 1 1 1 1 1 1 1 1 1 1 1 1 1 1 
0 -1.68401e-15 9.03097e-15 -5.01287e-14 2.77933e-13 -1.54103e-12 8.54435e-12 -4.73749e-11 2.62674e-10 -1.45642e-09 8.07526e-09 -4.4774e-08 2.48253e-07 -1.37646e-06 7.63192e-06 -4.23159e-05 0.000234624 -0.00130089 0.00721293 -0.0399927 0.02094 0.5 0.97906 1.03999 0.992787 1.0013 0.999765 1.00004 0.999992 1 1 1 1 1 1 1 1 1 1 1 1 1 1 
1.68401e-15 8.61378e-14 -4.69258e-13 2.43443e-12 -1.25954e-11 6.4828e-11 -3.31675e-10 1.68503e-09 -8.4891e-09 4.23351e-08 -2.08486e-07 1.01045e-06 -4.79571e-06 2.21166e-05 -9.78249e-05 0.000404834 -0.00148286 0.00398168 0.00133113 -0.0539798 0.0183498 0.5 0.98165 1.05398 0.998669 0.996018 1.00148 0.999595 1.0001 0.999978 1 0.999999 1 1 1 1 1 1 1 1 1 1 1 
-8.61378e-14 -1.83419e-12 1.02108e-11 -4.88472e-11 2.32362e-10 -1.091e-09 5.0452e-09 -2.29076e-08 1.01699e-07 -4.38903e-07 1.8259e-06 -7.22776e-06 2.66391e-05 -8.77511e-05 0.000234681 -0.000352238 -0.000829059 0.0063101 -0.00168314 -0.0638264 0.0108975 0.5 0.989102 1.06383 1.00168 0.99369 1.00083 1.00035 0.999765 1.00009 0.999973 1.00001 0.999998 1 1 1 1 1 1 1 1 1 1 
1.83419e-12 2.09318e-11 -1.20225e-10 5.20445e-10 -2.22752e-09 9.29331e-09 -3.75991e-08 1.46374e-07 -5.42161e-07 1.87737e-06 -5.89861e-06 1.58474e-05 -3.10768e-05 1.3519e-05 0.000201935 -0.000762272 -0.000200079 0.00807743 -0.00318808 -0.071186 0.00194559 0.5 0.998054 1.07119 1.00319 0.991923 1.0002 1.00076 0.999798 0.999986 1.00003 0.999984 1.00001 0.999998 1 1 1 1 1 1 1 1 1 
-2.09318e-11 -1.36482e-10 8.22906e-10 -3.13205e-09 1.16467e-08 -4.12626e-08 1.3742e-07 -4.20584e-07 1.13607e-06 -2.47821e-06 3.19445e-06 4.17054e-06 -3.80532e-05 8.51979e-05 0.000118804 -0.00106546 0.000342008 0.00954134 -0.00356954 -0.0768943 -0.00696813 0.5 1.00697 1.07689 1.00357 0.990459 0.999658 1.00107 0.999881 0.999915 1.00004 0.999996 0.999997 1 0.999999 1 1 1 1 1 1 1 1 
1.36482e-10 4.9279e-10 -3.23597e-09 1.02913e-08 -3.10186e-08 8.41848e-08 -1.94624e-07 3.30452e-07 -1.4939e-07 -1.51468e-06 6.12436e-06 -7.41781e-06 -3.09814e-05 0.000141183 1.84807e-05 -0.00130205 0.000737937 0.010854 -0.00322895 -0.0812928 -0.0151717 0.5 1.01517 1.08129 1.00323 0.989146 0.999262 1.0013 0.999982 0.999859 1.00003 1.00001 0.999994 1 1 1 1 1 1 1 1 1 1 
-4.9279e-10 -8.13227e-10 6.50318e-09 -1.52462e-08 2.95921e-08 -3.41871e-08 -3.82216e-08 3.35859e-07 -8.44585e-07 1.44125e-07 6.35955e-06 -1.77695e-05 -1.61643e-05 0.000182564 -7.37395e-05 -0.00151264 0.00100327 0.0120439 -0.00243821 -0.0846177 -0.0223642 0.5 1.02236 1.08462 1.00244 0.987956 0.998997 1.00151 1.00007 0.999817 1.00002 1.00002 0.999994 1 1 1 1 1 1 1 1 1 1 
8.13227e-10 4.71375e-11 -3.78766e-09 1.50325e-09 1.52592e-08 -5.98371e-08 9.29676e-08 1.4047e-07 -1.13277e-06 1.96136e-06 4.62514e-06 -2.55793e-05 3.7775e-07 0.00021642 -0.000152344 -0.00171226 0.0011583 0.0131122 -0.00139445 -0.0870587 -0.0284462 0.5 1.02845 1.08706 1.00139 0.986888 0.998842 1.00171 1.00015 0.999784 1 1.00003 0.999995 0.999998 1 1 1 1 1 1 1 1 1 
-4.71375e-11 8.34919e-10 -4.2726e-09 8.98089e-09 -5.60203e-09 -4.54887e-08 1.78913e-07 -1.53197e-07 -1.01841e-06 3.45257e-06 2.06111e-06 -3.15878e-05 1.64758e-05 0.000246869 -0.000216073 -0.0019058 0.0012244 0.0140521 -0.000238334 -0.088781 -0.0334321 0.5 1.03343 1.08878 1.00024 0.985948 0.998776 1.00191 1.00022 0.999753 0.999984 1.00003 0.999998 0.999997 1 1 1 1 1 1 1 1 1 
-8.34919e-10 7.89256e-10 -6.03452e-10 9.80197e-09 -2.4654e-08 -3.1875e-09 1.94602e-07 -4.27826e-07 -6.77571e-07 4.60368e-06 -7.80921e-07 -3.65049e-05 3.11991e-05 0.000276268 -0.000265561 -0.00209274 0.00122109 0.0148593 0.000931059 -0.0899304 -0.0374009 0.5 1.0374 1.08993 0.999069 0.985141 0.998779 1.00209 1.00027 0.999724 0.999969 1.00004 1 0.999995 1 1 1 1 1 1 1 1 1 
-7.89256e-10 -7.09824e-11 3.81134e-09 4.94403e-09 -3.3415e-08 4.42871e-08 1.60317e-07 -6.5235e-07 -2.2342e-07 5.48873e-06 -3.61228e-06 -4.08982e-05 4.4242e-05 0.000305616 -0.000301992 -0.00227041 0.00116568 0.0155343 0.00204642 -0.0906342 -0.0404659 0.5 1.04047 1.09063 0.997954 0.984466 0.998834 1.00227 1.0003 0.999694 0.999956 1.00004 1 0.999995 1 1 1 1 1 1 1 1 1 
7.09824e-11 -1.2203e-09 6.23568e-09 -2.22653e-09 -3.25267e-08 8.69492e-08 9.52132e-08 -8.2447e-07 2.72721e-07 6.20402e-06 -6.30577e-06 -4.5127e-05 5.55303e-05 0.000335103 -0.000326751 -0.00243571 0.00107329 0.0160822 0.00306479 -0.0910017 -0.0427546 0.5 1.04275 1.091 0.996935 0.983918 0.998927 1.00244 1.00033 0.999665 0.999944 1.00005 1.00001 0.999994 1 1 1 1 1 1 1 1 1 
1.2203e-09 -2.13775e-09 6.15997e-09 -9.78895e-09 -2.45157e-08 1.21168e-07 1.42709e-08 -9.55211e-07 7.73384e-07 6.82891e-06 -8.80801e-06 -4.93873e-05 6.50792e-05 0.000364466 -0.000341294 -0.00258589 0.000956803 0.0165126 0.00396174 -0.0911242 -0.0443964 0.5 1.0444 1.09112 0.996038 0.983487 0.999043 1.00259 1.00034 0.999636 0.999935 1.00005 1.00001 0.999993 0.999999 1 1 1 1 1 1 1 1 
2.13775e-09 -2.50397e-09 4.13605e-09 -1.67352e-08 -1.22034e-08 1.47091e-07 -7.31705e-08 -1.05788e-06 1.26032e-06 7.41984e-06 -1.10977e-05 -5.37577e-05 7.29393e-05 0.000393223 -0.000347113 -0.00271897 0.000826999 0.0168374 0.00472675 -0.0910768 -0.0455144 0.5 1.04551 1.09108 0.995273 0.983163 0.999173 1.00272 1.00035 0.999607 0.999927 1.00005 1.00001 0.999993 0.999999 1 1 1 1 1 1 1 1 
2.50397e-09 -2.22382e-09 1.04182e-09 -2.26586e-08 2.24944e-09 1.66287e-07 -1.61869e-07 -1.14417e-06 1.72532e-06 8.01227e-06 -1.31651e-05 -5.82396e-05 7.91822e-05 0.00042083 -0.000345696 -0.00283387 0.000692597 0.0170705 0.00535941 -0.0909193 -0.0462202 0.5 1.04622 1.09092 0.994641 0.982929 0.999307 1.00283 1.00035 0.999579 0.999921 1.00006 1.00001 0.999992 0.999998 1 1 1 1 1 1 1 1 
2.22382e-09 -1.36327e-09 -2.35538e-09 -2.74428e-08 1.74616e-08 1.80636e-07 -2.49191e-07 -1.22297e-06 2.16465e-06 8.6253e-06 -1.50046e-05 -6.27871e-05 8.38988e-05 0.000446769 -0.000338501 -0.00293036 0.000560419 0.0172263 0.00586629 -0.0906981 -0.0466118 0.5 1.04661 1.0907 0.994134 0.982774 0.99944 1.00293 1.00034 0.999553 0.999916 1.00006 1.00002 0.999991 0.999998 1 1 1 1 1 1 1 1 
1.36327e-09 -7.1116e-11 -5.54439e-09 -3.11101e-08 3.26959e-08 1.91842e-07 -3.33938e-07 -1.30046e-06 2.57619e-06 9.2661e-06 -1.66121e-05 -6.73289e-05 8.72009e-05 0.000470608 -0.000326916 -0.00300896 0.000435545 0.0173191 0.00625858 -0.0904481 -0.0467723 0.5 1.04677 1.09045 0.993741 0.982681 0.999564 1.00301 1.00033 0.999529 0.999913 1.00007 1.00002 0.999991 0.999997 1 1 1 1 1 1 1 1 
7.1116e-11 1.48381e-09 -8.26645e-09 -3.37518e-08 4.76479e-08 2.01287e-07 -4.15589e-07 -1.38052e-06 2.95815e-06 9.93357e-06 -1.79853e-05 -7.17834e-05 8.92204e-05 0.000492025 -0.000312232 -0.00307079 0.000321514 0.0173623 0.00655005 -0.0901946 -0.0467708 0.5 1.04677 1.09019 0.99345 0.982638 0.999678 1.00307 1.00031 0.999508 0.999911 1.00007 1.00002 0.99999 0.999997 1 1 1 1 1 1 1 1 
-1.48381e-09 3.1515e-09 -1.04511e-08 -3.54976e-08 6.22575e-08 2.10029e-07 -4.93856e-07 -1.46529e-06 3.30867e-06 1.06212e-05 -1.91251e-05 -7.60695e-05 9.01071e-05 0.00051082 -0.00029561 -0.00311739 0.000220533 0.017368 0.00675565 -0.0899548 -0.0466626 0.5 1.04666 1.08995 0.993244 0.982632 0.999779 1.00312 1.0003 0.999489 0.99991 1.00008 1.00002 0.999989 0.999997 1 1 1 1 1 1 1 1 
-3.1515e-09 4.81872e-09 -1.21431e-08 -3.65008e-08 7.65692e-08 2.18841e-07 -5.6846e-07 -1.55561e-06 3.62584e-06 1.13193e-05 -2.00361e-05 -8.01138e-05 9.00236e-05 0.000526907 -0.000278063 -0.0031506 0.000133699 0.017347 0.00689037 -0.0897396 -0.0464909 0.5 1.04649 1.08974 0.99311 0.982653 0.999866 1.00315 1.00028 0.999473 0.99991 1.00008 1.00002 0.999989 0.999996 1 1 1 1 1 1 1 1 
-4.81872e-09 6.41219e-09 -1.34416e-08 -3.69249e-08 9.06445e-08 2.28267e-07 -6.39044e-07 -1.65135e-06 3.9079e-06 1.20163e-05 -2.07276e-05 -8.38549e-05 8.91397e-05 0.000540309 -0.000260442 -0.00317239 6.12152e-05 0.0173081 0.00696846 -0.0895548 -0.0462885 0.5 1.04629 1.08955 0.993032 0.982692 0.999939 1.00317 1.00026 0.99946 0.999911 1.00008 1.00002 0.999988 0.999996 1 1 1 1 1 1 1 1 
-6.41219e-09 7.8935e-09 -1.44592e-08 -3.69335e-08 1.04515e-07 2.38656e-07 -7.05171e-07 -1.75172e-06 4.15355e-06 1.27005e-05 -2.1213e-05 -8.72463e-05 8.76259e-05 0.000551137 -0.000243429 -0.00318476 2.59637e-06 0.0172589 0.00700293 -0.0894027 -0.046079 0.5 1.04608 1.0894 0.992997 0.982741 0.999997 1.00318 1.00024 0.999449 0.999912 1.00009 1.00002 0.999987 0.999996 1 1 1 1 1 1 1 1 
-7.8935e-09 9.25037e-09 -1.52969e-08 -3.66798e-08 1.18165e-07 2.502e-07 -7.6636e-07 -1.85547e-06 4.36207e-06 1.33605e-05 -2.151e-05 -9.02567e-05 8.56476e-05 0.000559572 -0.000227548 -0.00318963 -4.31422e-05 0.0172052 0.00700526 -0.0892828 -0.0458787 0.5 1.04588 1.08928 0.992995 0.982795 1.00004 1.00319 1.00023 0.99944 0.999914 1.00009 1.00002 0.999987 0.999996 1 1 1 1 1 1 1 1 
-9.25037e-09 1.04875e-08 -1.60334e-08 -3.62996e-08 1.31532e-07 2.62962e-07 -8.22132e-07 -1.96106e-06 4.53355e-06 1.3986e-05 -2.16397e-05 -9.28703e-05 8.3359e-05 0.000565845 -0.000213166 -0.00318877 -7.73191e-05 0.0171513 0.0069852 -0.0891927 -0.045698 0.5 1.0457 1.08919 0.993015 0.982849 1.00008 1.00319 1.00021 0.999434 0.999917 1.00009 1.00002 0.999986 0.999995 1 1 1 1 1 1 1 1 
-1.04875e-08 1.16187e-08 -1.67225e-08 -3.59065e-08 1.44517e-07 2.769e-07 -8.7207e-07 -2.06681e-06 4.66888e-06 1.45685e-05 -2.16252e-05 -9.50854e-05 8.08995e-05 0.000570222 -0.000200515 -0.00318379 -0.000101445 0.0171004 0.00695083 -0.089129 -0.0455427 0.5 1.04554 1.08913 0.993049 0.9829 1.0001 1.00318 1.0002 0.99943 0.999919 1.0001 1.00002 0.999985 0.999995 1 1 1 1 1 1 1 1 
-1.16187e-08 1.26611e-08 -1.73952e-08 -3.55897e-08 1.56997e-07 2.91886e-07 -9.15857e-07 -2.17101e-06 4.76976e-06 1.5101e-05 -2.14914e-05 -9.69126e-05 7.83901e-05 0.000572983 -0.000189706 -0.00317605 -0.000117105 0.0170546 0.00690859 -0.0890879 -0.045415 0.5 1.04541 1.08909 0.993091 0.982945 1.00012 1.00318 1.00019 0.999427 0.999922 1.0001 1.00002 0.999985 0.999995 1 1 1 1 1 1 1 1 
-1.26611e-08 1.36307e-08 -1.80645e-08 -3.54138e-08 1.68843e-07 3.07727e-07 -9.53305e-07 -2.27202e-06 4.83865e-06 1.55788e-05 -2.12632e-05 -9.83732e-05 7.59317e-05 0.000574411 -0.000180748 -0.00316672 -0.000125869 0.0170152 0.00686344 -0.089065 -0.0453147 0.5 1.04531 1.08906 0.993137 0.982985 1.00013 1.00317 1.00018 0.999426 0.999924 1.0001 1.00002 0.999984 0.999995 1 1 1 1 1 1 1 1 
-1.36307e-08 1.45409e-08 -1.87311e-08 -3.54209e-08 1.79931e-07 3.24187e-07 -9.84376e-07 -2.36833e-06 4.87861e-06 1.59991e-05 -2.09649e-05 -9.9496e-05 7.36047e-05 0.000574776 -0.000173574 -0.00315671 -0.000129219 0.0169825 0.00681898 -0.0890564 -0.04524 0.5 1.04524 1.08906 0.993181 0.983018 1.00013 1.00316 1.00017 0.999425 0.999926 1.0001 1.00002 0.999984 0.999995 1 1 1 1 1 1 1 1 
-1.45409e-08 1.54011e-08 -1.93875e-08 -3.56329e-08 1.9015e-07 3.40999e-07 -1.00918e-06 -2.45864e-06 4.89314e-06 1.63608e-05 -2.06193e-05 -0.000100316 7.14687e-05 0.000574333 -0.000168056 -0.00314674 -0.000128506 0.0169565 0.00677773 -0.0890584 -0.045188 0.5 1.04519 1.08906 0.993222 0.983043 1.00013 1.00315 1.00017 0.999426 0.999929 1.0001 1.00002 0.999984 0.999995 1 1 1 1 1 1 1 1 
-1.54011e-08 1.62168e-08 -2.00227e-08 -3.6055e-08 1.99413e-07 3.57888e-07 -1.02798e-06 -2.54187e-06 4.88608e-06 1.66647e-05 -2.02472e-05 -0.000100872 6.95646e-05 0.000573307 -0.000164023 -0.00313733 -0.000124916 0.0169369 0.00674125 -0.0890678 -0.0451551 0.5 1.04516 1.08907 0.993259 0.983063 1.00012 1.00314 1.00016 0.999427 0.99993 1.0001 1.00002 0.999983 0.999995 1 1 1 1 1 1 1 1 
-1.62168e-08 1.69901e-08 -2.06246e-08 -3.66788e-08 2.07659e-07 3.74578e-07 -1.04115e-06 -2.61722e-06 4.86137e-06 1.69132e-05 -1.98667e-05 -0.000101203 6.79157e-05 0.000571897 -0.000161282 -0.00312884 -0.000119457 0.016923 0.00671035 -0.0890818 -0.0451377 0.5 1.04514 1.08908 0.99329 0.983077 1.00012 1.00313 1.00016 0.999428 0.999932 1.0001 1.00002 0.999983 0.999995 1 1 1 1 1 1 1 1 
-1.69901e-08 1.77209e-08 -2.1182e-08 -3.74858e-08 2.14853e-07 3.90809e-07 -1.04919e-06 -2.68415e-06 4.82291e-06 1.71098e-05 -1.94928e-05 -0.000101349 6.65306e-05 0.000570271 -0.000159628 -0.00312148 -0.000112958 0.016914 0.00668529 -0.0890983 -0.0451324 0.5 1.04513 1.0891 0.993315 0.983086 1.00011 1.00312 1.00016 0.99943 0.999933 1.0001 1.00002 0.999983 0.999995 1 1 1 1 1 1 1 1 
-1.77209e-08 1.84072e-08 -2.16862e-08 -3.84503e-08 2.20989e-07 4.06345e-07 -1.05267e-06 -2.74239e-06 4.77449e-06 1.72588e-05 -1.91379e-05 -0.000101348 6.54053e-05 0.000568562 -0.000158858 -0.00311533 -0.000106072 0.016909 0.00666589 -0.0891154 -0.0451359 0.5 1.04514 1.08912 0.993334 0.983091 1.00011 1.00312 1.00016 0.999431 0.999935 1.0001 1.00002 0.999983 0.999995 1 1 1 1 1 1 1 1 
-1.84072e-08 1.90464e-08 -2.21309e-08 -3.95419e-08 2.26089e-07 4.2098e-07 -1.05222e-06 -2.79193e-06 4.71957e-06 1.73656e-05 -1.88111e-05 -0.000101237 6.45261e-05 0.000566877 -0.000158777 -0.00311041 -9.92936e-05 0.0169072 0.00665168 -0.089132 -0.0451455 0.5 1.04515 1.08913 0.993348 0.983093 1.0001 1.00311 1.00016 0.999433 0.999935 1.0001 1.00002 0.999983 0.999995 1 1 1 1 1 1 1 1 
-1.90464e-08 1.96357e-08 -2.25126e-08 -4.07281e-08 2.30193e-07 4.34548e-07 -1.0485e-06 -2.83297e-06 4.66128e-06 1.74355e-05 -1.85187e-05 -0.000101046 6.38723e-05 0.000565293 -0.000159208 -0.00310666 -9.29746e-05 0.0169079 0.00664205 -0.0891472 -0.0451587 0.5 1.04516 1.08915 0.993358 0.983092 1.00009 1.00311 1.00016 0.999435 0.999936 1.0001 1.00002 0.999983 0.999995 1 1 1 1 1 1 1 1 
-1.96357e-08 2.01727e-08 -2.28307e-08 -4.19757e-08 2.33363e-07 4.4692e-07 -1.04215e-06 -2.86592e-06 4.60232e-06 1.74744e-05 -1.82646e-05 -0.000100804 6.3418e-05 0.000563864 -0.000159993 -0.00310396 -8.73445e-05 0.0169102 0.00663625 -0.0891605 -0.0451738 0.5 1.04517 1.08916 0.993364 0.98309 1.00009 1.0031 1.00016 0.999436 0.999937 1.0001 1.00002 0.999983 0.999995 1 1 1 1 1 1 1 1 
-2.01727e-08 2.06556e-08 -2.30866e-08 -4.32528e-08 2.35678e-07 4.58009e-07 -1.03383e-06 -2.89135e-06 4.54492e-06 1.74877e-05 -1.80502e-05 -0.000100533 6.3135e-05 0.000562622 -0.000160998 -0.00310218 -8.25316e-05 0.0169137 0.00663356 -0.0891716 -0.0451892 0.5 1.04519 1.08917 0.993366 0.983086 1.00008 1.0031 1.00016 0.999437 0.999937 1.0001 1.00002 0.999983 0.999995 1 1 1 1 1 1 1 1 
-2.06556e-08 2.10838e-08 -2.32836e-08 -4.45294e-08 2.37224e-07 4.67766e-07 -1.02413e-06 -2.90994e-06 4.49088e-06 1.7481e-05 -1.78754e-05 -0.000100254 6.2994e-05 0.000561582 -0.000162113 -0.00310117 -7.8584e-05 0.0169177 0.00663325 -0.0891804 -0.0452038 0.5 1.0452 1.08918 0.993367 0.983082 1.00008 1.0031 1.00016 0.999438 0.999937 1.0001 1.00002 0.999983 0.999996 1 1 1 1 1 1 1 1 
-2.10838e-08 2.14575e-08 -2.34265e-08 -4.57789e-08 2.38098e-07 4.76182e-07 -1.0136e-06 -2.92247e-06 4.44151e-06 1.74591e-05 -1.77382e-05 -9.99813e-05 6.29661e-05 0.000560745 -0.00016325 -0.00310079 -7.54887e-05 0.0169219 0.00663467 -0.0891871 -0.0452171 0.5 1.04522 1.08919 0.993365 0.983078 1.00008 1.0031 1.00016 0.999439 0.999937 1.0001 1.00002 0.999983 0.999996 1 1 1 1 1 1 1 1 
-2.14575e-08 2.1778e-08 -2.35209e-08 -4.6978e-08 2.38398e-07 4.83281e-07 -1.00272e-06 -2.92976e-06 4.39772e-06 1.74265e-05 -1.76356e-05 -9.97261e-05 6.30245e-05 0.000560102 -0.000164343 -0.00310087 -7.31885e-05 0.016926 0.00663725 -0.0891918 -0.0452285 0.5 1.04523 1.08919 0.993363 0.983074 1.00007 1.0031 1.00016 0.99944 0.999937 1.0001 1.00002 0.999983 0.999996 1 1 1 1 1 1 1 1 
-2.1778e-08 2.20475e-08 -2.35731e-08 -4.81077e-08 2.38222e-07 4.89115e-07 -9.91909e-07 -2.93266e-06 4.36002e-06 1.73872e-05 -1.75639e-05 -9.9496e-05 6.31446e-05 0.000559635 -0.000165346 -0.0031013 -7.15976e-05 0.0169297 0.00664051 -0.0891948 -0.0452379 0.5 1.04524 1.08919 0.993359 0.98307 1.00007 1.0031 1.00017 0.99944 0.999937 1.0001 1.00002 0.999983 0.999996 1 1 1 1 1 1 1 1 
-2.20475e-08 2.2269e-08 -2.35895e-08 -4.91529e-08 2.37666e-07 4.93762e-07 -9.81509e-07 -2.93199e-06 4.3286e-06 1.73445e-05 -1.7519e-05 -9.92958e-05 6.33051e-05 0.000559325 -0.000166228 -0.00310196 -7.06139e-05 0.016933 0.00664407 -0.0891964 -0.0452453 0.5 1.04525 1.0892 0.993356 0.983067 1.00007 1.0031 1.00017 0.999441 0.999937 1.0001 1.00002 0.999983 0.999996 1 1 1 1 1 1 1 1 
-2.2269e-08 2.24461e-08 -2.35766e-08 -5.01028e-08 2.3682e-07 4.97318e-07 -9.71785e-07 -2.92853e-06 4.30335e-06 1.73011e-05 -1.74963e-05 -9.91277e-05 6.34878e-05 0.000559145 -0.000166974 -0.00310274 -7.01288e-05 0.0169358 0.00664762 -0.0891969 -0.0452507 0.5 1.04525 1.0892 0.993352 0.983064 1.00007 1.0031 1.00017 0.999441 0.999937 1.0001 1.00002 0.999983 0.999996 1 1 1 1 1 1 1 1 
-2.24461e-08 2.2583e-08 -2.35406e-08 -5.09505e-08 2.35768e-07 4.99894e-07 -9.62934e-07 -2.92302e-06 4.28395e-06 1.72591e-05 -1.74915e-05 -9.89917e-05 6.3678e-05 0.000559073 -0.000167579 -0.00310358 -7.0035e-05 0.0169381 0.00665097 -0.0891966 -0.0452545 0.5 1.04525 1.0892 0.993349 0.983062 1.00007 1.0031 1.00017 0.999441 0.999936 1.0001 1.00002 0.999983 0.999996 1 1 1 1 1 1 1 1 
-2.2583e-08 2.2684e-08 -2.34873e-08 -5.16927e-08 2.34582e-07 5.0161e-07 -9.55085e-07 -2.9161e-06 4.26992e-06 1.72201e-05 -1.75005e-05 -9.88865e-05 6.38643e-05 0.000559084 -0.000168048 -0.0031044 -7.02323e-05 0.0169398 0.00665396 -0.0891957 -0.0452568 0.5 1.04526 1.0892 0.993346 0.98306 1.00007 1.0031 1.00017 0.999441 0.999936 1.0001 1.00002 0.999983 0.999996 1 1 0.999999 1 1 1 1 1 
-2.2684e-08 2.27536e-08 -2.3422e-08 -5.23294e-08 2.33329e-07 5.02587e-07 -9.4831e-07 -2.90836e-06 4.26066e-06 1.71852e-05 -1.75194e-05 -9.88095e-05 6.40382e-05 0.000559156 -0.00016839 -0.00310518 -7.0631e-05 0.016941 0.00665651 -0.0891944 -0.0452579 0.5 1.04526 1.08919 0.993343 0.983059 1.00007 1.00311 1.00017 0.999441 0.999936 1.0001 1.00002 0.999983 0.999996 1 1 0.999999 1 1 1 1 1 
-2.27536e-08 2.27966e-08 -2.33493e-08 -5.28635e-08 2.32063e-07 5.02948e-07 -9.42629e-07 -2.90029e-06 4.25548e-06 1.7155e-05 -1.75449e-05 -9.87574e-05 6.41941e-05 0.000559269 -0.000168621 -0.00310586 -7.11541e-05 0.0169418 0.0066586 -0.089193 -0.0452581 0.5 1.04526 1.08919 0.993341 0.983058 1.00007 1.00311 1.00017 0.999441 0.999936 1.0001 1.00002 0.999983 0.999996 1 1 0.999999 1 1 1 1 1 
-2.27966e-08 2.28171e-08 -2.32732e-08 -5.33e-08 2.30828e-07 5.02812e-07 -9.3802e-07 -2.89227e-06 4.2537e-06 1.71298e-05 -1.75742e-05 -9.87265e-05 6.43285e-05 0.000559407 -0.000168756 -0.00310645 -7.17383e-05 0.0169422 0.00666022 -0.0891915 -0.0452576 0.5 1.04526 1.08919 0.99334 0.983058 1.00007 1.00311 1.00017 0.999441 0.999936 1.0001 1.00002 0.999983 0.999996 1 1 0.999999 1 1 1 1 1 
-2.28171e-08 2.28196e-08 -2.31969e-08 -5.36461e-08 2.2966e-07 5.02291e-07 -9.34425e-07 -2.88462e-06 4.25463e-06 1.71097e-05 -1.76047e-05 -9.8713e-05 6.444e-05 0.000559556 -0.000168813 -0.00310694 -7.23337e-05 0.0169424 0.00666141 -0.08919 -0.0452566 0.5 1.04526 1.08919 0.993339 0.983058 1.00007 1.00311 1.00017 0.99944 0.999936 1.0001 1.00002 0.999983 0.999996 1 1 0.999999 1 1 1 1 1 
-2.28196e-08 2.28079e-08 -2.31233e-08 -5.39099e-08 2.28584e-07 5.01486e-07 -9.31763e-07 -2.87757e-06 4.2576e-06 1.70943e-05 -1.76348e-05 -9.87132e-05 6.45286e-05 0.000559705 -0.000168809 -0.00310731 -7.29032e-05 0.0169423 0.00666222 -0.0891887 -0.0452554 0.5 1.04526 1.08919 0.993338 0.983058 1.00007 1.00311 1.00017 0.99944 0.999935 1.0001 1.00002 0.999983 0.999996 1 1 0.999999 1 1 1 1 1 
-2.28079e-08 2.27855e-08 -2.30544e-08 -5.41008e-08 2.27619e-07 5.00488e-07 -9.29934e-07 -2.87128e-06 4.26203e-06 1.70833e-05 -1.76629e-05 -9.87235e-05 6.45957e-05 0.000559847 -0.000168761 -0.00310759 -7.34209e-05 0.0169421 0.00666269 -0.0891875 -0.045254 0.5 1.04525 1.08919 0.993337 0.983058 1.00007 1.00311 1.00017 0.99944 0.999935 1.0001 1.00002 0.999983 0.999996 1 1 0.999999 1 1 1 1 1 
-2.27855e-08 2.27557e-08 -2.29916e-08 -5.42284e-08 2.26773e-07 4.99377e-07 -9.28825e-07 -2.86584e-06 4.26737e-06 1.70762e-05 -1.76882e-05 -9.87409e-05 6.46431e-05 0.000559974 -0.000168681 -0.00310778 -7.3871e-05 0.0169418 0.0066629 -0.0891865 -0.0452526 0.5 1.04525 1.08919 0.993337 0.983058 1.00007 1.00311 1.00017 0.99944 0.999935 1.0001 1.00002 0.999983 0.999996 1 1 1 1 1 1 1 1 
-2.27557e-08 2.27211e-08 -2.29358e-08 -5.43025e-08 2.26052e-07 4.98218e-07 -9.28323e-07 -2.8613e-06 4.27318e-06 1.70724e-05 -1.77101e-05 -9.87627e-05 6.46734e-05 0.000560085 -0.000168584 -0.00310789 -7.42454e-05 0.0169414 0.0066629 -0.0891858 -0.0452513 0.5 1.04525 1.08919 0.993337 0.983059 1.00007 1.00311 1.00017 0.99944 0.999935 1.0001 1.00002 0.999983 0.999996 1 1 1 1 1 1 1 1 
-2.27211e-08 2.26841e-08 -2.28877e-08 -5.43326e-08 2.25454e-07 4.97068e-07 -9.28313e-07 -2.85764e-06 4.27908e-06 1.70713e-05 -1.77282e-05 -9.87865e-05 6.46895e-05 0.000560178 -0.000168478 -0.00310794 -7.45427e-05 0.016941 0.00666274 -0.0891852 -0.0452501 0.5 1.04525 1.08919 0.993337 0.983059 1.00007 1.00311 1.00017 0.99944 0.999935 1.0001 1.00002 0.999983 0.999996 1 1 1 1 1 1 1 1 
-2.26841e-08 2.26466e-08 -2.28474e-08 -5.43278e-08 2.24974e-07 4.95967e-07 -9.28686e-07 -2.85482e-06 4.28479e-06 1.70723e-05 -1.77426e-05 -9.88106e-05 6.4694e-05 0.000560252 -0.000168372 -0.00310793 -7.47662e-05 0.0169406 0.00666249 -0.0891848 -0.0452491 0.5 1.04525 1.08918 0.993338 0.983059 1.00007 1.00311 1.00017 0.99944 0.999935 1.0001 1.00002 0.999983 0.999996 1 1 1 1 1 1 1 1 
-2.26466e-08 2.26101e-08 -2.28145e-08 -5.42962e-08 2.24603e-07 4.94948e-07 -9.2934e-07 -2.85278e-06 4.29008e-06 1.70748e-05 -1.77534e-05 -9.88336e-05 6.46898e-05 0.000560307 -0.000168272 -0.0031079 -7.49225e-05 0.0169403 0.00666217 -0.0891846 -0.0452483 0.5 1.04525 1.08918 0.993338 0.98306 1.00007 1.00311 1.00017 0.99944 0.999935 1.0001 1.00002 0.999983 0.999996 1 1 1 1 1 1 1 1 
-2.26101e-08 2.25757e-08 -2.27889e-08 -5.42455e-08 2.2433e-07 4.94032e-07 -9.30186e-07 -2.85142e-06 4.2948e-06 1.70784e-05 -1.7761e-05 -9.88546e-05 6.46793e-05 0.000560347 -0.000168181 -0.00310784 -7.50202e-05 0.0169399 0.00666183 -0.0891844 -0.0452477 0.5 1.04525 1.08918 0.993338 0.98306 1.00008 1.00311 1.00017 0.99944 0.999935 1.0001 1.00002 0.999983 0.999996 1 1 1 1 1 1 1 1 
-2.25757e-08 2.25443e-08 -2.27698e-08 -5.41822e-08 2.24143e-07 4.93232e-07 -9.31144e-07 -2.85065e-06 4.29886e-06 1.70827e-05 -1.77657e-05 -9.88729e-05 6.46647e-05 0.000560372 -0.000168102 -0.00310776 -7.50691e-05 0.0169397 0.0066615 -0.0891844 -0.0452472 0.5 1.04525 1.08918 0.993339 0.98306 1.00008 1.00311 1.00017 0.99944 0.999935 1.0001 1.00002 0.999983 0.999996 1 1 1 1 1 1 1 1 
-2.25443e-08 2.25163e-08 -2.27565e-08 -5.41117e-08 2.2403e-07 4.92554e-07 -9.3215e-07 -2.85037e-06 4.30222e-06 1.70872e-05 -1.7768e-05 -9.88883e-05 6.46478e-05 0.000560386 -0.000168037 -0.00310768 -7.50792e-05 0.0169395 0.00666118 -0.0891845 -0.0452469 0.5 1.04525 1.08918 0.993339 0.983061 1.00008 1.00311 1.00017 0.99944 0.999935 1.0001 1.00002 0.999983 0.999996 1 1 1 1 1 1 1 1 
-2.25163e-08 2.24921e-08 -2.27483e-08 -5.40388e-08 2.23978e-07 4.91997e-07 -9.33149e-07 -2.85049e-06 4.3049e-06 1.70917e-05 -1.77684e-05 -9.89006e-05 6.46302e-05 0.00056039 -0.000167985 -0.0031076 -7.50599e-05 0.0169393 0.0066609 -0.0891846 -0.0452467 0.5 1.04525 1.08918 0.993339 0.983061 1.00008 1.00311 1.00017 0.99944 0.999935 1.0001 1.00002 0.999983 0.999996 1 1 1 1 1 1 1 1 
-2.24921e-08 2.24718e-08 -2.27442e-08 -5.39669e-08 2.23975e-07 4.91556e-07 -9.34102e-07 -2.8509e-06 4.30691e-06 1.70959e-05 -1.77672e-05 -9.891e-05 6.46131e-05 0.000560386 -0.000167946 -0.00310752 -7.50202e-05 0.0169392 0.00666066 -0.0891847 -0.0452466 0.5 1.04525 1.08918 0.993339 0.983061 1.00008 1.00311 1.00017 0.99944 0.999935 1.0001 1.00002 0.999983 0.999996 1 1 1 1 1 1 1 1 
-2.24718e-08 2.24551e-08 -2.27437e-08 -5.38989e-08 2.24008e-07 4.91222e-07 -9.34977e-07 -2.85152e-06 4.30831e-06 1.70998e-05 -1.77651e-05 -9.89166e-05 6.45972e-05 0.000560378 -0.000167919 -0.00310745 -7.49674e-05 0.0169391 0.00666046 -0.0891849 -0.0452467 0.5 1.04525 1.08918 0.99334 0.983061 1.00007 1.00311 1.00017 0.99944 0.999935 1.0001 1.00002 0.999983 0.999996 1 1 1 1 1 1 1 1 
-2.24551e-08 2.24421e-08 -2.27458e-08 -5.38368e-08 2.24068e-07 4.90985e-07 -9.35755e-07 -2.85228e-06 4.30919e-06 1.71032e-05 -1.77622e-05 -9.89208e-05 6.45831e-05 0.000560366 -0.000167902 -0.00310738 -7.49081e-05 0.0169391 0.00666031 -0.089185 -0.0452467 0.5 1.04525 1.08919 0.99334 0.983061 1.00007 1.00311 1.00017 0.99944 0.999935 1.0001 1.00002 0.999983 0.999996 1 1 1 1 1 1 1 1 
-2.24421e-08 2.24322e-08 -2.27498e-08 -5.37818e-08 2.24146e-07 4.90831e-07 -9.36425e-07 -2.8531e-06 4.30961e-06 1.7106e-05 -1.77589e-05 -9.8923e-05 6.45712e-05 0.000560352 -0.000167893 -0.00310733 -7.48472e-05 0.0169391 0.00666021 -0.0891852 -0.0452468 0.5 1.04525 1.08919 0.99334 0.983061 1.00007 1.00311 1.00017 0.99944 0.999935 1.0001 1.00002 0.999983 0.999996 1 1 1 1 1 1 1 1 
-2.24322e-08 2.24253e-08 -2.27552e-08 -5.37346e-08 2.24234e-07 4.90747e-07 -9.36983e-07 -2.85395e-06 4.30967e-06 1.71083e-05 -1.77556e-05 -9.89236e-05 6.45615e-05 0.000560338 -0.000167891 -0.00310729 -7.47887e-05 0.0169391 0.00666013 -0.0891853 -0.045247 0.5 1.04525 1.08919 0.99334 0.983061 1.00007 1.00311 1.00017 0.99944 0.999935 1.0001 1.00002 0.999983 0.999996 1 1 1 1 1 1 1 1 
-2.24253e-08 2.24208e-08 -2.27614e-08 -5.36955e-08 2.24326e-07 4.90721e-07 -9.3743e-07 -2.85476e-06 4.30945e-06 1.711e-05 -1.77523e-05 -9.89229e-05 6.45541e-05 0.000560324 -0.000167894 -0.00310726 -7.47351e-05 0.0169391 0.0066601 -0.0891854 -0.0452471 0.5 1.04525 1.08919 0.99334 0.983061 1.00007 1.00311 1.00017 0.99944 0.999935 1.0001 1.00002 0.999983 0.999996 1 1 1 1 1 1 1 1 
-2.24208e-08 2.24183e-08 -2.27679e-08 -5.36641e-08 2.24417e-07 4.90739e-07 -9.37773e-07 -2.85552e-06 4.30901e-06 1.71112e-05 -1.77493e-05 -9.89212e-05 6.45487e-05 0.000560311 -0.000167901 -0.00310724 -7.46884e-05 0.0169391 0.00666008 -0.0891855 -0.0452473 0.5 1.04525 1.08919 0.99334 0.983061 1.00007 1.00311 1.00017 0.99944 0.999935 1.0001 1.00002 0.999983 0.999996 1 1 1 1 1 1 1 1 
-2.24183e-08 2.24176e-08 -2.27744e-08 -5.36401e-08 2.24503e-07 4.90791e-07 -9.38021e-07 -2.85621e-06 4.30843e-06 1.7112e-05 -1.77466e-05 -9.8919e-05 6.45452e-05 0.0005603 -0.00016791 -0.00310723 -7.46492e-05 0.0169392 0.00666009 -0.0891856 -0.0452474 0.5 1.04525 1.08919 0.99334 0.983061 1.00007 1.00311 1.00017 0.99944 0.999935 1.0001 1.00002 0.999983 0.999996 1 1 1 1 1 1 1 1 
-2.24176e-08 2.24181e-08 -2.27807e-08 -5.36227e-08 2.24581e-07 4.90865e-07 -9.38185e-07 -2.8568e-06 4.30778e-06 1.71124e-05 -1.77443e-05 -9.89165e-05 6.45433e-05 0.00056029 -0.00016792 -0.00310723 -7.4618e-05 0.0169392 0.00666011 -0.0891856 -0.0452475 0.5 1.04525 1.08919 0.99334 0.983061 1.00007 1.00311 1.00017 0.99944 0.999935 1.0001 1.00002 0.999983 0.999996 1 1 1 1 1 1 1 1 
-2.24181e-08 2.24197e-08 -2.27864e-08 -5.36111e-08 2.2465e-07 4.90954e-07 -9.38278e-07 -2.85729e-06 4.30709e-06 1.71124e-05 -1.77425e-05 -9.89138e-05 6.45426e-05 0.000560283 -0.00016793 -0.00310723 -7.45943e-05 0.0169393 0.00666014 -0.0891857 -0.0452476 0.5 1.04525 1.08919 0.99334 0.983061 1.00007 1.00311 1.00017 0.99944 0.999935 1.0001 1.00002 0.999983 0.999996 1 1 1 1 1 1 1 1 
-2.24197e-08 2.24218e-08 -2.27915e-08 -5.36045e-08 2.24709e-07 4.91049e-07 -9.38313e-07 -2.85769e-06 4.30642e-06 1.71123e-05 -1.77411e-05 -9.89112e-05 6.4543e-05 0.000560277 -0.00016794 -0.00310723 -7.45776e-05 0.0169393 0.00666017 -0.0891857 -0.0452477 0.5 1.04525 1.08919 0.99334 0.983061 1.00007 1.00311 1.00017 0.99944 0.999935 1.0001 1.00002 0.999983 0.999996 1 1 1 1 1 1 1 1 
-2.24218e-08 2.24244e-08 -2.27959e-08 -5.36019e-08 2.24757e-07 4.91145e-07 -9.38301e-07 -2.858e-06 4.30578e-06 1.71119e-05 -1.774e-05 -9.89089e-05 6.45441e-05 0.000560273 -0.000167949 -0.00310723 -7.45669e-05 0.0169393 0.00666021 -0.0891857 -0.0452477 0.5 1.04525 1.08919 0.99334 0.983061 1.00007 1.00311 1.00017 0.99944 0.999935 1.0001 1.00002 0.999983 0.999996 1 1 1 1 1 1 1 1 
-2.24244e-08 2.24272e-08 -2.27996e-08 -5.36025e-08 2.24795e-07 4.91236e-07 -9.38255e-07 -2.85822e-06 4.3052e-06 1.71115e-05 -1.77394e-05 -9.89068e-05 6.45457e-05 0.00056027 -0.000167957 -0.00310724 -7.45614e-05 0.0169394 0.00666025 -0.0891857 -0.0452478 0.5 1.04525 1.08919 0.99334 0.983061 1.00007 1.00311 1.00017 0.99944 0.999935 1.0001 1.00002 0.999983 0.999996 1 1 1 1 1 1 1 1 
-2.24272e-08 2.243e-08 -2.28025e-08 -5.36055e-08 2.24824e-07 4.91321e-07 -9.38185e-07 -2.85836e-06 4.3047e-06 1.71109e-05 -1.7739e-05 -9.8905e-05 6.45475e-05 0.000560269 -0.000167964 -0.00310725 -7.45599e-05 0.0169394 0.00666028 -0.0891857 -0.0452478 0.5 1.04525 1.08919 0.99334 0.983061 1.00007 1.00311 1.00017 0.99944 0.999935 1.0001 1.00002 0.999983 0.999996 1 1 1 1 1 1 1 1 
-2.243e-08 2.24327e-08 -2.28047e-08 -5.36101e-08 2.24844e-07 4.91396e-07 -9.38101e-07 -2.85845e-06 4.30428e-06 1.71104e-05 -1.77389e-05 -9.89035e-05 6.45495e-05 0.000560268 -0.000167969 -0.00310726 -7.45615e-05 0.0169394 0.00666031 -0.0891857 -0.0452478 0.5 1.04525 1.08919 0.99334 0.983061 1.00007 1.00311 1.00017 0.99944 0.999935 1.0001 1.00002 0.999983 0.999996 1 1 1 1 1 1 1 1 
