0 0 0 0 0 0 0 0 0 0 0 0 0 0 0 0 0 0 0 0 0 0.5 1 1 1 1 1 1 1 1 1 1 1 1 1 1 1 1 1 1 1 1 1 
0 2.65564e-14 -1.06865e-13 4.56807e-13 -1.94596e-12 8.2912e-12 -3.53262e-11 1.50514e-10 -6.41292e-10 2.73234e-09 -1.16416e-08 4.96014e-08 -2.11336e-07 9.00436e-07 -3.83648e-06 1.6346e-05 -6.96452e-05 0.000296736 -0.0012643 0.00538679 -0.0480518 0.5 1.04805 0.994613 1.00126 0.999703 1.00007 0.999984 1 0.999999 1 1 1 1 1 1 1 1 1 1 1 1 1 
-2.65564e-14 2.95946e-13 -1.11103e-12 4.56831e-12 -1.86361e-11 7.59048e-11 -3.08497e-10 1.25088e-09 -5.05896e-09 2.04014e-08 -8.20107e-08 3.28488e-07 -1.31039e-06 5.20312e-06 -2.05495e-05 8.06586e-05 -0.000314227 0.00121423 -0.00462958 0.0188887 -0.0893872 0.5 1.08939 0.981111 1.00463 0.998786 1.00031 0.999919 1.00002 0.999995 1 1 1 1 1 1 1 1 1 1 1 1 1 
-2.95946e-13 1.83635e-12 -6.49942e-12 2.58052e-11 -1.01214e-10 3.9578e-10 -1.54142e-09 5.97709e-09 -2.30651e-08 8.85283e-08 -3.37745e-07 1.2798e-06 -4.81201e-06 1.79328e-05 -6.6138e-05 0.000240998 -0.000864828 0.00305517 -0.0105245 0.0378442 -0.122822 0.5 1.12282 0.962156 1.01052 0.996945 1.00086 0.999759 1.00007 0.999982 1 0.999999 1 1 1 1 1 1 1 1 1 1 1 
-1.83635e-12 8.32512e-12 -2.79773e-11 1.07555e-10 -4.0674e-10 1.53154e-09 -5.73402e-09 2.13346e-08 -7.88336e-08 2.89066e-07 -1.05082e-06 3.78283e-06 -1.34661e-05 4.73227e-05 -0.00016378 0.000556936 -0.00184976 0.00601314 -0.0186314 0.05941 -0.14818 0.5 1.14818 0.94059 1.01863 0.993987 1.00185 0.999443 1.00016 0.999953 1.00001 0.999996 1 1 1 1 1 1 1 1 1 1 1 
-8.32512e-12 3.06619e-11 -9.83441e-11 3.66828e-10 -1.34033e-09 4.8708e-09 -1.75717e-08 6.28886e-08 -2.23097e-07 7.83672e-07 -2.72243e-06 9.33929e-06 -3.15784e-05 0.000105008 -0.000342254 0.00109047 -0.0033638 0.0101116 -0.0281697 0.081045 -0.166066 0.5 1.16607 0.918955 1.02817 0.989888 1.00336 0.99891 1.00034 0.999895 1.00003 0.999991 1 0.999999 1 1 1 1 1 1 1 1 1 
-3.06619e-11 9.6987e-11 -2.98053e-10 1.08047e-09 -3.82059e-09 1.34232e-08 -4.67463e-08 1.6124e-07 -5.50256e-07 1.85559e-06 -6.17395e-06 2.02311e-05 -6.51368e-05 0.000205513 -0.000632535 0.00189455 -0.00544251 0.0151986 -0.0382004 0.100812 -0.177566 0.5 1.17757 0.899188 1.0382 0.984801 1.00544 0.998105 1.00063 0.999794 1.00007 0.99998 1.00001 0.999998 1 1 1 1 1 1 1 1 1 
-9.6987e-11 2.72504e-10 -8.04844e-10 2.83934e-09 -9.72906e-09 3.30939e-08 -1.11417e-07 3.70946e-07 -1.21976e-06 3.95551e-06 -1.26275e-05 3.95999e-05 -0.000121645 0.000364956 -0.00106307 0.00300191 -0.0080495 0.0209822 -0.0478596 0.117487 -0.183974 0.5 1.18397 0.882513 1.04786 0.979018 1.00805 0.996998 1.00106 0.999635 1.00012 0.99996 1.00001 0.999996 1 1 1 1 1 1 1 1 1 
-2.72504e-10 6.95493e-10 -1.97903e-09 6.80196e-09 -2.26092e-08 7.45453e-08 -2.4292e-07 7.81631e-07 -2.47975e-06 7.74373e-06 -2.37537e-05 7.1402e-05 -0.000209611 0.000599114 -0.00165465 0.00441677 -0.0110796 0.0270887 -0.0564903 0.130514 -0.186587 0.5 1.18659 0.869486 1.05649 0.972911 1.01108 0.995583 1.00165 0.999401 1.00021 0.999929 1.00002 0.999992 1 0.999999 1 1 1 1 1 1 1 
-6.95493e-10 1.63806e-09 -4.49965e-09 1.50819e-08 -4.86729e-08 1.55706e-07 -4.91615e-07 1.53039e-06 -4.68955e-06 1.41187e-05 -4.16655e-05 0.000120208 -0.000337709 0.000921106 -0.00241589 0.00611132 -0.0143759 0.0331271 -0.0636858 0.139879 -0.18658 0.5 1.18658 0.860121 1.06369 0.966873 1.01438 0.993889 1.00242 0.999079 1.00034 0.99988 1.00004 0.999986 1 0.999998 1 1 1 1 1 1 1 
-1.63806e-09 3.60206e-09 -9.56769e-09 3.12998e-08 -9.8147e-08 3.04891e-07 -9.33495e-07 2.81398e-06 -8.33645e-06 2.42214e-05 -6.88394e-05 0.000190844 -0.000513709 0.00133912 -0.00334044 0.00802755 -0.0177546 0.038746 -0.0692744 0.14594 -0.184944 0.5 1.18494 0.85406 1.06927 0.961254 1.01775 0.991972 1.00334 0.998661 1.00051 0.999809 1.00007 0.999976 1.00001 0.999997 1 1 1 1 1 1 1 
-3.60206e-09 7.46153e-09 -1.91908e-08 6.13208e-08 -1.86947e-07 5.64357e-07 -1.67684e-06 4.89856e-06 -1.40415e-05 3.94064e-05 -0.000107959 0.000287898 -0.000743326 0.00185455 -0.00440621 0.0100838 -0.0210318 0.0436734 -0.0732742 0.149274 -0.182457 0.5 1.18246 0.850726 1.07327 0.956327 1.02103 0.989916 1.00441 0.998145 1.00074 0.999712 1.00011 0.999961 1.00001 0.999995 1 0.999999 1 1 1 1 1 
-7.46153e-09 1.46624e-08 -3.65584e-08 1.14175e-07 -3.38604e-07 9.93963e-07 -2.86786e-06 8.12458e-06 -2.255e-05 6.11744e-05 -0.000161687 0.000415155 -0.00102917 0.00246099 -0.00557715 0.0121846 -0.0240461 0.0477372 -0.0758384 0.150538 -0.179694 0.5 1.17969 0.849462 1.07584 0.952263 1.02405 0.987815 1.00558 0.997539 1.00103 0.999585 1.00016 0.999939 1.00002 0.999992 1 0.999999 1 1 1 1 1 
-1.46624e-08 2.74871e-08 -6.65059e-08 2.0313e-07 -5.86278e-07 1.67446e-06 -4.69419e-06 1.29043e-05 -3.47021e-05 9.10661e-05 -0.000232382 0.000575023 -0.00136998 0.00314414 -0.0068069 0.0142321 -0.0266747 0.0508684 -0.0772022 0.150374 -0.177044 0.5 1.17704 0.849626 1.0772 0.949132 1.02667 0.985768 1.00681 0.996856 1.00137 0.999425 1.00023 0.999909 1.00003 0.999987 1 0.999998 1 1 1 1 1 
-2.74871e-08 4.9386e-08 -1.16052e-07 3.46846e-07 -9.74645e-07 2.70978e-06 -7.38479e-06 1.97097e-05 -5.13845e-05 0.000130525 -0.000321797 0.000768056 -0.00176029 0.00388276 -0.00804379 0.0161365 -0.0288408 0.0530885 -0.0776377 0.149346 -0.174735 0.5 1.17474 0.850654 1.07764 0.946912 1.02884 0.983863 1.00804 0.996117 1.00176 0.999232 1.00032 0.999869 1.00005 0.99998 1.00001 0.999997 1 1 1 1 1 
-4.9386e-08 8.53675e-08 -1.94973e-07 5.70498e-07 -1.56132e-06 4.22766e-06 -1.12053e-05 2.90503e-05 -7.34625e-05 0.00018074 -0.000430799 0.000992633 -0.00219059 0.00465056 -0.00923631 0.0178253 -0.0305151 0.0544895 -0.0774181 0.147903 -0.172875 0.5 1.17288 0.852097 1.07742 0.945511 1.03052 0.982175 1.00924 0.995349 1.00219 0.999007 1.00043 0.999819 1.00007 0.999971 1.00001 0.999996 1 0.999999 1 1 1 
-8.53675e-08 1.4243e-07 -3.16363e-07 9.0672e-07 -2.4175e-06 6.37797e-06 -1.64477e-05 4.14404e-05 -0.0001017 0.000242488 -0.000559149 0.00124486 -0.00264796 0.00541865 -0.0103382 0.0192486 -0.0317101 0.0552091 -0.0767917 0.146373 -0.171481 0.5 1.17148 0.853627 1.07679 0.944791 1.03171 0.980751 1.01034 0.994581 1.00265 0.998755 1.00056 0.999758 1.0001 0.999959 1.00002 0.999994 1 0.999999 1 1 1 
-1.4243e-07 2.29999e-07 -4.97105e-07 1.39618e-06 -3.62743e-06 9.32829e-06 -2.34148e-05 5.73576e-05 -0.000136671 0.000315997 -0.000705374 0.00151871 -0.00311716 0.00615824 -0.0113125 0.0203816 -0.0324713 0.0554064 -0.0759653 0.144967 -0.17051 0.5 1.17051 0.855033 1.07597 0.944594 1.03247 0.979618 1.01131 0.993842 1.00312 0.998481 1.00071 0.999684 1.00014 0.999943 1.00002 0.999991 1 0.999999 1 1 1 
-2.29999e-07 3.6033e-07 -7.58156e-07 2.08763e-06 -5.28648e-06 1.32564e-05 -3.23993e-05 7.71974e-05 -0.000178682 0.000400842 -0.000866767 0.00180645 -0.00358189 0.00684326 -0.0121341 0.0212235 -0.0328673 0.0552406 -0.0750962 0.1438 -0.169891 0.5 1.16989 0.8562 1.0751 0.944759 1.03287 0.978777 1.01213 0.993157 1.00358 0.998194 1.00087 0.999599 1.00018 0.999923 1.00003 0.999987 1.00001 0.999998 1 1 1 
-3.6033e-07 5.48807e-07 -1.12457e-06 3.03718e-06 -7.49754e-06 1.83398e-05 -4.36593e-05 0.000101225 -0.000227699 0.000495903 -0.0010395 0.00209915 -0.00402628 0.00745253 -0.0127908 0.0217941 -0.0329779 0.0548559 -0.0742919 0.142914 -0.16954 0.5 1.16954 0.857086 1.07429 0.945144 1.03298 0.978206 1.01279 0.992547 1.00403 0.997901 1.00104 0.999504 1.00023 0.999899 1.00004 0.999982 1.00001 0.999997 1 0.999999 1 
-5.48807e-07 8.14088e-07 -1.62514e-06 4.30676e-06 -1.03658e-05 2.47432e-05 -5.73918e-05 0.000129536 -0.00028331 0.000599385 -0.00121889 0.00238747 -0.00443614 0.00797122 -0.0132827 0.0221288 -0.0328852 0.0543709 -0.0736148 0.142298 -0.169376 0.5 1.16938 0.857702 1.07361 0.945629 1.03289 0.977871 1.01328 0.992029 1.00444 0.997613 1.00122 0.999401 1.00028 0.99987 1.00006 0.999975 1.00001 0.999996 1 0.999999 1 
-8.14088e-07 1.17801e-06 -2.29164e-06 5.96164e-06 -1.39919e-05 3.26039e-05 -7.3708e-05 0.000162018 -0.000344705 0.000708898 -0.0013997 0.00266234 -0.00480008 0.00839158 -0.0136208 0.0222721 -0.0326651 0.0538743 -0.0730905 0.141913 -0.169331 0.5 1.16933 0.858087 1.07309 0.946126 1.03267 0.977728 1.01362 0.991608 1.0048 0.997338 1.0014 0.999291 1.00034 0.999838 1.00007 0.999967 1.00001 0.999994 1 0.999999 1 
-1.17801e-06 1.66524e-06 -3.15756e-06 8.0671e-06 -1.84644e-05 4.20175e-05 -9.26112e-05 0.000198341 -0.000410708 0.000821606 -0.00157654 0.00291571 -0.0051102 0.00871281 -0.0138239 0.0222723 -0.0323823 0.0534253 -0.0727174 0.141706 -0.169351 0.5 1.16935 0.858294 1.07272 0.946575 1.03238 0.977728 1.01382 0.991287 1.00511 0.997084 1.00158 0.999178 1.00041 0.999802 1.00009 0.999958 1.00002 0.999992 1 0.999998 1 
-1.66524e-06 2.30251e-06 -4.25642e-06 1.06843e-05 -2.38511e-05 5.30241e-05 -0.000113982 0.000237949 -0.000479827 0.000934418 -0.00174429 0.00314109 -0.00536249 0.0089403 -0.0139162 0.0221761 -0.0320869 0.0530563 -0.072477 0.141624 -0.169401 0.5 1.1694 0.858376 1.07248 0.946944 1.03209 0.977824 1.01392 0.99106 1.00536 0.996859 1.00174 0.999066 1.00048 0.999762 1.00011 0.999947 1.00002 0.999989 1 0.999998 1 
-2.30251e-06 3.11764e-06 -5.61964e-06 1.38656e-05 -3.01912e-05 6.55981e-05 -0.000137571 0.000280084 -0.000550346 0.0010442 -0.00189844 0.00333399 -0.00555668 0.00908435 -0.0139241 0.022025 -0.0318138 0.052779 -0.0723418 0.141618 -0.169455 0.5 1.16945 0.858382 1.07234 0.947221 1.03181 0.977975 1.01392 0.990916 1.00556 0.996666 1.0019 0.998956 1.00055 0.99972 1.00014 0.999934 1.00003 0.999986 1.00001 0.999997 1 
-3.11764e-06 4.13812e-06 -7.27418e-06 1.76499e-05 -3.74879e-05 7.96413e-05 -0.000163005 0.000323825 -0.000620434 0.00114799 -0.0020354 0.00349206 -0.00569588 0.00915854 -0.0138735 0.0218526 -0.0315839 0.0525897 -0.0722826 0.141653 -0.169501 0.5 1.1695 0.858347 1.07228 0.94741 1.03158 0.978147 1.01387 0.990841 1.0057 0.996508 1.00204 0.998852 1.00062 0.999676 1.00016 0.99992 1.00004 0.999982 1.00001 0.999996 1 
-4.13812e-06 5.38945e-06 -9.24001e-06 2.20581e-05 -4.57035e-05 9.49811e-05 -0.000189796 0.000368132 -0.000688266 0.00124323 -0.00215271 0.0036151 -0.00578589 0.00917812 -0.013788 0.0216839 -0.0314061 0.0524755 -0.0722723 0.141703 -0.169534 0.5 1.16953 0.858297 1.07227 0.947525 1.03141 0.978316 1.01379 0.990822 1.00579 0.996385 1.00215 0.998757 1.00069 0.999632 1.00019 0.999905 1.00005 0.999978 1.00001 0.999995 1 
-5.38945e-06 6.89335e-06 -1.15278e-05 2.70893e-05 -5.47564e-05 0.000111375 -0.00021737 0.000411919 -0.00075214 0.00132786 -0.00224914 0.00370483 -0.00583437 0.00915849 -0.0136871 0.0215353 -0.0312803 0.0524191 -0.072289 0.141751 -0.169555 0.5 1.16955 0.858249 1.07229 0.947581 1.03128 0.978465 1.01369 0.990842 1.00583 0.996295 1.00225 0.998672 1.00075 0.999588 1.00022 0.999889 1.00005 0.999973 1.00001 0.999993 1.00001 
-6.89335e-06 8.66583e-06 -1.41366e-05 3.27181e-05 -6.45213e-05 0.000128519 -0.000245096 0.000454118 -0.000810592 0.0014005 -0.00232463 0.00376455 -0.00584996 0.00911389 -0.0135857 0.0214154 -0.0312007 0.0524029 -0.0723166 0.141789 -0.169564 0.5 1.16956 0.858211 1.07232 0.947597 1.0312 0.978585 1.01359 0.990886 1.00585 0.996235 1.00232 0.998599 1.00081 0.999546 1.00025 0.999871 1.00006 0.999967 1.00001 0.999991 1.00001 
-8.66583e-06 1.07154e-05 -1.70527e-05 3.88932e-05 -7.4833e-05 0.000146064 -0.000272324 0.000493745 -0.000862477 0.00146048 -0.00238022 0.00379865 -0.00584145 0.00905654 -0.0134942 0.0213268 -0.0311579 0.0524109 -0.0723447 0.141815 -0.169566 0.5 1.16957 0.858185 1.07234 0.947589 1.03116 0.978673 1.01349 0.990943 1.00584 0.996201 1.00238 0.99854 1.00086 0.999506 1.00027 0.999854 1.00007 0.999961 1.00002 0.999989 1.00001 
-1.07154e-05 1.30417e-05 -2.02485e-05 4.55383e-05 -8.54932e-05 0.000163634 -0.000298421 0.000529961 -0.000907025 0.00150777 -0.00241783 0.00381216 -0.00581709 0.00899609 -0.0134184 0.0212675 -0.0311418 0.0524306 -0.0723678 0.141831 -0.169564 0.5 1.16956 0.858169 1.07237 0.947569 1.03114 0.978732 1.01342 0.991004 1.00582 0.996188 1.00242 0.998492 1.00091 0.99947 1.0003 0.999836 1.00009 0.999954 1.00002 0.999987 1.00001 
-1.30417e-05 1.56341e-05 -2.36829e-05 5.25536e-05 -9.62794e-05 0.000180848 -0.000322811 0.000562119 -0.000943868 0.00154299 -0.00243999 0.00381026 -0.00578408 0.00893948 -0.0133606 0.0212331 -0.0311429 0.0524532 -0.0723837 0.141837 -0.169559 0.5 1.16956 0.858163 1.07238 0.947547 1.03114 0.978767 1.01336 0.991061 1.00578 0.99619 1.00244 0.998457 1.00094 0.999438 1.00032 0.999819 1.0001 0.999947 1.00002 0.999984 1.00001 
-1.56341e-05 1.84713e-05 -2.7302e-05 5.98205e-05 -0.000106957 0.00019734 -0.000345009 0.000589792 -0.000973027 0.00156727 -0.00244962 0.00379787 -0.00574823 0.00889104 -0.0133204 0.0212176 -0.0311532 0.0524734 -0.0723926 0.141838 -0.169554 0.5 1.16955 0.858162 1.07239 0.947527 1.03115 0.978782 1.01332 0.991109 1.00575 0.996202 1.00245 0.998433 1.00097 0.99941 1.00035 0.999803 1.00011 0.99994 1.00003 0.999982 1.00002 
-1.84713e-05 2.15214e-05 -3.10413e-05 6.72065e-05 -0.000117292 0.00021278 -0.000364641 0.000612786 -0.000994879 0.00158211 -0.00244974 0.00377937 -0.00571383 0.00885286 -0.0132957 0.0212151 -0.0311668 0.0524886 -0.0723959 0.141836 -0.169549 0.5 1.16955 0.858164 1.0724 0.947511 1.03117 0.978785 1.0133 0.991147 1.00571 0.996221 1.00245 0.998418 1.00099 0.999387 1.00036 0.999787 1.00012 0.999933 1.00003 0.999978 1.00002 
-2.15214e-05 2.47426e-05 -3.48288e-05 7.4572e-05 -0.000127064 0.000226895 -0.000381465 0.000631135 -0.00101008 0.00158921 -0.00244323 0.00375836 -0.0056837 0.00882526 -0.0132831 0.0212203 -0.03118 0.0524982 -0.0723955 0.141833 -0.169546 0.5 1.16955 0.858167 1.0724 0.947502 1.03118 0.97878 1.01328 0.991175 1.00568 0.996242 1.00244 0.998411 1.00101 0.999369 1.00038 0.999773 1.00013 0.999925 1.00003 0.999975 1.00002 
-2.47426e-05 2.80847e-05 -3.85879e-05 8.17771e-05 -0.000136076 0.000239479 -0.000395373 0.000645074 -0.00101952 0.00159036 -0.00243269 0.00373758 -0.00565933 0.00880733 -0.0132794 0.021229 -0.0311905 0.052503 -0.0723931 0.14183 -0.169543 0.5 1.16954 0.85817 1.07239 0.947497 1.03119 0.978771 1.01328 0.991193 1.00566 0.996262 1.00243 0.99841 1.00102 0.999355 1.0004 0.999761 1.00014 0.999918 1.00004 0.999972 1.00002 
-2.80847e-05 3.14909e-05 -4.22419e-05 8.86889e-05 -0.00014417 0.000250399 -0.00040639 0.000655007 -0.00102419 0.0015873 -0.00242028 0.0037189 -0.00564117 0.00879739 -0.0132812 0.0212383 -0.0311976 0.0525041 -0.07239 0.141828 -0.169541 0.5 1.16954 0.858172 1.07239 0.947496 1.0312 0.978762 1.01328 0.991203 1.00564 0.996281 1.00242 0.998413 1.00102 0.999345 1.00041 0.99975 1.00014 0.999911 1.00004 0.999969 1.00003 
-3.14909e-05 3.49008e-05 -4.57174e-05 9.51883e-05 -0.000151227 0.000259605 -0.000414657 0.000661462 -0.00102515 0.00158158 -0.00240769 0.00370343 -0.00562886 0.00879348 -0.0132859 0.0212464 -0.0312014 0.052503 -0.0723872 0.141827 -0.169539 0.5 1.16954 0.858173 1.07239 0.947497 1.0312 0.978754 1.01329 0.991207 1.00563 0.996297 1.00241 0.998418 1.00103 0.999339 1.00041 0.99974 1.00015 0.999905 1.00005 0.999965 1.00003 
-3.49008e-05 3.82527e-05 -4.89486e-05 0.000101175 -0.000157178 0.000267117 -0.000420414 0.00066504 -0.00102341 0.00157453 -0.0023961 0.00369158 -0.00562154 0.00879363 -0.0132916 0.0212524 -0.0312028 0.0525009 -0.0723849 0.141826 -0.169538 0.5 1.16954 0.858174 1.07238 0.947499 1.0312 0.978748 1.01329 0.991206 1.00562 0.996308 1.0024 0.998425 1.00102 0.999335 1.00042 0.999733 1.00016 0.999899 1.00005 0.999962 1.00003 
-3.82527e-05 4.14868e-05 -5.18805e-05 0.000106573 -0.000162002 0.000273026 -0.000423975 0.000666371 -0.00101991 0.00156722 -0.00238624 0.00368329 -0.00561811 0.00879614 -0.0132968 0.0212561 -0.0312023 0.0524986 -0.0723835 0.141825 -0.169537 0.5 1.16954 0.858175 1.07238 0.947501 1.0312 0.978744 1.0133 0.991204 1.00562 0.996317 1.00239 0.998433 1.00102 0.999334 1.00042 0.999727 1.00016 0.999893 1.00005 0.999959 1.00004 
-4.14868e-05 4.45481e-05 -5.4471e-05 0.000111331 -0.000165723 0.000277473 -0.000425695 0.000666069 -0.00101543 0.00156039 -0.00237845 0.00367815 -0.00561743 0.00879966 -0.013301 0.0212579 -0.031201 0.0524967 -0.0723826 0.141825 -0.169537 0.5 1.16954 0.858175 1.07238 0.947503 1.0312 0.978742 1.0133 0.9912 1.00562 0.996322 1.00238 0.99844 1.00102 0.999334 1.00043 0.999723 1.00017 0.999889 1.00005 0.999955 1.00004 
-4.45481e-05 4.73887e-05 -5.66934e-05 0.000115425 -0.000168407 0.000280643 -0.000425952 0.000664698 -0.00101063 0.00155455 -0.00237273 0.00367556 -0.00561844 0.00880322 -0.0133038 0.0212582 -0.0311993 0.0524953 -0.0723822 0.141825 -0.169536 0.5 1.16954 0.858175 1.07238 0.947505 1.0312 0.978742 1.0133 0.991197 1.00562 0.996324 1.00237 0.998445 1.00101 0.999335 1.00043 0.999719 1.00017 0.999885 1.00006 0.999953 1.00004 
-4.73887e-05 4.997e-05 -5.85361e-05 0.000118857 -0.000170153 0.000282743 -0.000425115 0.000662742 -0.00100597 0.00154995 -0.0023689 0.00367487 -0.00562028 0.00880627 -0.0133053 0.0212576 -0.0311977 0.0524946 -0.0723821 0.141824 -0.169536 0.5 1.16954 0.858176 1.07238 0.947505 1.0312 0.978742 1.01331 0.991194 1.00562 0.996325 1.00237 0.99845 1.00101 0.999337 1.00043 0.999717 1.00017 0.999881 1.00006 0.99995 1.00005 
-4.997e-05 5.2264e-05 -6.0003e-05 0.000121652 -0.000171086 0.000283989 -0.000423526 0.000660595 -0.00100177 0.00154664 -0.00236662 0.00367542 -0.00562231 0.00880854 -0.0133057 0.0212566 -0.0311965 0.0524943 -0.0723821 0.141824 -0.169535 0.5 1.16954 0.858176 1.07238 0.947506 1.0312 0.978743 1.01331 0.991191 1.00562 0.996325 1.00237 0.998453 1.001 0.999339 1.00042 0.999716 1.00017 0.999878 1.00006 0.999948 1.00005 
-5.2264e-05 5.42543e-05 -6.11118e-05 0.000123855 -0.000171345 0.000284592 -0.000421488 0.000658552 -0.000998213 0.00154454 -0.00236552 0.00367669 -0.0056241 0.00880999 -0.0133055 0.0212555 -0.0311957 0.0524943 -0.072382 0.141824 -0.169535 0.5 1.16954 0.858176 1.07238 0.947506 1.0312 0.978744 1.01331 0.99119 1.00562 0.996323 1.00237 0.998455 1.001 0.999341 1.00042 0.999715 1.00017 0.999876 1.00006 0.999946 1.00005 
-5.42543e-05 5.5936e-05 -6.1892e-05 0.000125526 -0.000171076 0.000284746 -0.000419248 0.000656811 -0.000995347 0.0015435 -0.00236522 0.00367824 -0.00562543 0.00881075 -0.0133048 0.0212546 -0.0311953 0.0524944 -0.0723819 0.141823 -0.169535 0.5 1.16954 0.858177 1.07238 0.947506 1.0312 0.978745 1.0133 0.991189 1.00563 0.996322 1.00237 0.998457 1.001 0.999343 1.00042 0.999715 1.00017 0.999874 1.00006 0.999944 1.00005 
-5.5936e-05 5.73147e-05 -6.23821e-05 0.000126734 -0.00017042 0.000284619 -0.000417002 0.000655487 -0.00099315 0.00154328 -0.00236536 0.0036798 -0.00562623 0.00881099 -0.013304 0.021254 -0.0311951 0.0524946 -0.0723818 0.141823 -0.169535 0.5 1.16954 0.858177 1.07238 0.947505 1.0312 0.978746 1.0133 0.991189 1.00563 0.99632 1.00237 0.998457 1.00099 0.999345 1.00042 0.999715 1.00017 0.999873 1.00006 0.999943 1.00006 
-5.73147e-05 5.84062e-05 -6.2627e-05 0.000127554 -0.000169511 0.000284351 -0.000414888 0.000654618 -0.000991537 0.00154366 -0.0023657 0.00368117 -0.00562653 0.00881092 -0.0133032 0.0212537 -0.0311951 0.0524947 -0.0723816 0.141823 -0.169535 0.5 1.16953 0.858177 1.07238 0.947505 1.0312 0.978746 1.0133 0.991189 1.00563 0.996319 1.00237 0.998456 1.00099 0.999345 1.00041 0.999716 1.00017 0.999872 1.00006 0.999942 1.00006 
-5.84062e-05 5.92338e-05 -6.26743e-05 0.000128063 -0.000168464 0.000284046 -0.000412995 0.000654191 -0.000990395 0.00154444 -0.00236601 0.0036823 -0.00562642 0.00881072 -0.0133025 0.0212537 -0.0311951 0.0524948 -0.0723813 0.141823 -0.169535 0.5 1.16954 0.858177 1.07238 0.947505 1.0312 0.978746 1.0133 0.991189 1.00563 0.996318 1.00237 0.998456 1.00099 0.999346 1.00041 0.999716 1.00017 0.999872 1.00006 0.999941 1.00006 
-5.92338e-05 5.9827e-05 -6.25721e-05 0.000128331 -0.000167377 0.000283779 -0.000411369 0.000654152 -0.000989599 0.00154544 -0.00236619 0.00368317 -0.005626 0.00881053 -0.0133019 0.0212538 -0.0311951 0.0524948 -0.0723811 0.141823 -0.169535 0.5 1.16954 0.858177 1.07238 0.947505 1.0312 0.978746 1.0133 0.991189 1.00563 0.996317 1.00237 0.998455 1.00099 0.999346 1.00041 0.999716 1.00017 0.999872 1.00006 0.99994 1.00006 
-5.9827e-05 6.02192e-05 -6.23658e-05 0.000128424 -0.000166325 0.000283592 -0.00041002 0.000654425 -0.000989033 0.00154652 -0.00236617 0.00368384 -0.00562541 0.00881043 -0.0133015 0.021254 -0.0311951 0.0524948 -0.0723809 0.141823 -0.169535 0.5 1.16954 0.858177 1.07238 0.947505 1.0312 0.978746 1.0133 0.99119 1.00563 0.996316 1.00237 0.998453 1.00099 0.999346 1.00041 0.999716 1.00017 0.999872 1.00006 0.99994 1.00006 
-6.02192e-05 6.04453e-05 -6.20964e-05 0.000128398 -0.000165364 0.000283507 -0.000408937 0.000654925 -0.000988599 0.00154758 -0.00236595 0.00368435 -0.00562471 0.00881047 -0.0133012 0.0212543 -0.031195 0.0524948 -0.0723808 0.141823 -0.169535 0.5 1.16954 0.858177 1.07238 0.947505 1.03119 0.978746 1.0133 0.99119 1.00562 0.996316 1.00237 0.998452 1.00099 0.999345 1.00041 0.999716 1.00017 0.999872 1.00006 0.99994 1.00006 
-6.04453e-05 6.05404e-05 -6.17989e-05 0.000128301 -0.000164527 0.000283523 -0.000408089 0.000655568 -0.000988222 0.00154858 -0.00236553 0.00368478 -0.00562399 0.00881066 -0.0133009 0.0212546 -0.0311948 0.0524948 -0.0723807 0.141823 -0.169535 0.5 1.16954 0.858177 1.07238 0.947505 1.03119 0.978745 1.0133 0.991189 1.00562 0.996315 1.00237 0.998451 1.00099 0.999344 1.00041 0.999716 1.00016 0.999872 1.00006 0.999939 1.00006 
-6.05404e-05 6.05376e-05 -6.15013e-05 0.000128168 -0.000163832 0.000283628 -0.00040744 0.000656281 -0.000987852 0.00154947 -0.00236496 0.00368519 -0.00562329 0.00881098 -0.0133006 0.021255 -0.0311945 0.0524948 -0.0723806 0.141823 -0.169535 0.5 1.16953 0.858177 1.07238 0.947505 1.03119 0.978745 1.0133 0.991189 1.00562 0.996315 1.00236 0.998451 1.00099 0.999344 1.00041 0.999716 1.00016 0.999872 1.00006 0.999939 1.00006 
-6.05376e-05 6.04666e-05 -6.12246e-05 0.000128026 -0.000163282 0.0002838 -0.000406949 0.000657004 -0.00098746 0.00155026 -0.00236429 0.0036856 -0.00562261 0.00881141 -0.0133003 0.0212553 -0.0311942 0.052495 -0.0723805 0.141823 -0.169535 0.5 1.16953 0.858177 1.07238 0.947505 1.03119 0.978745 1.0133 0.991189 1.00562 0.996314 1.00236 0.99845 1.00099 0.999343 1.00041 0.999716 1.00016 0.999872 1.00006 0.99994 1.00006 
-6.04666e-05 6.03535e-05 -6.09828e-05 0.000127893 -0.000162869 0.000284015 -0.000406579 0.00065769 -0.000987037 0.00155096 -0.00236357 0.00368606 -0.00562196 0.00881193 -0.0133 0.0212556 -0.0311939 0.0524951 -0.0723804 0.141823 -0.169535 0.5 1.16953 0.858177 1.07238 0.947505 1.03119 0.978744 1.0133 0.991188 1.00562 0.996314 1.00236 0.998449 1.00099 0.999342 1.00041 0.999716 1.00016 0.999872 1.00006 0.99994 1.00006 
-6.03535e-05 6.02195e-05 -6.07837e-05 0.00012778 -0.000162578 0.000284249 -0.000406298 0.00065831 -0.000986588 0.00155157 -0.00236283 0.00368657 -0.00562134 0.00881249 -0.0132995 0.0212559 -0.0311936 0.0524954 -0.0723802 0.141823 -0.169535 0.5 1.16953 0.858177 1.07238 0.947505 1.03119 0.978744 1.0133 0.991188 1.00562 0.996313 1.00236 0.998448 1.00099 0.999342 1.00041 0.999716 1.00016 0.999872 1.00006 0.99994 1.00006 
-6.02195e-05 6.00811e-05 -6.06299e-05 0.000127689 -0.00016239 0.000284481 -0.000406081 0.000658848 -0.000986125 0.00155211 -0.0023621 0.00368712 -0.00562074 0.00881308 -0.0132991 0.0212563 -0.0311932 0.0524956 -0.07238 0.141824 -0.169534 0.5 1.16953 0.858176 1.07238 0.947504 1.03119 0.978744 1.0133 0.991187 1.00562 0.996313 1.00236 0.998448 1.00099 0.999341 1.00041 0.999716 1.00016 0.999872 1.00006 0.99994 1.00006 
-6.00811e-05 5.99502e-05 -6.05196e-05 0.000127623 -0.000162282 0.000284693 -0.000405909 0.000659297 -0.000985665 0.0015526 -0.00236141 0.00368771 -0.00562014 0.00881369 -0.0132985 0.0212567 -0.0311928 0.052496 -0.0723798 0.141824 -0.169534 0.5 1.16953 0.858176 1.07238 0.947504 1.03119 0.978743 1.0133 0.991186 1.00562 0.996312 1.00236 0.998447 1.00099 0.999341 1.00041 0.999715 1.00016 0.999872 1.00006 0.99994 1.00006 
-5.99502e-05 5.98347e-05 -6.04484e-05 0.000127578 -0.000162236 0.000284875 -0.000405769 0.00065966 -0.000985224 0.00155305 -0.00236077 0.00368831 -0.00561954 0.0088143 -0.013298 0.0212571 -0.0311924 0.0524963 -0.0723795 0.141824 -0.169534 0.5 1.16953 0.858176 1.07238 0.947504 1.03119 0.978743 1.0133 0.991186 1.00562 0.996312 1.00236 0.998447 1.00099 0.99934 1.00041 0.999715 1.00016 0.999872 1.00006 0.99994 1.00006 
-5.98347e-05 5.97388e-05 -6.04098e-05 0.00012755 -0.000162232 0.00028502 -0.000405652 0.000659944 -0.000984818 0.00155347 -0.00236019 0.00368891 -0.00561895 0.0088149 -0.0132974 0.0212576 -0.0311919 0.0524967 -0.0723792 0.141824 -0.169534 0.5 1.16953 0.858176 1.07238 0.947503 1.03119 0.978742 1.0133 0.991185 1.00562 0.996311 1.00236 0.998447 1.00098 0.99934 1.00041 0.999715 1.00016 0.999872 1.00006 0.99994 1.00006 
-5.97388e-05 5.96638e-05 -6.03966e-05 0.000127535 -0.000162255 0.000285127 -0.000405555 0.00066016 -0.000984457 0.00155384 -0.00235966 0.0036895 -0.00561835 0.0088155 -0.0132967 0.0212581 -0.0311915 0.0524971 -0.0723788 0.141824 -0.169534 0.5 1.16953 0.858176 1.07238 0.947503 1.03119 0.978742 1.0133 0.991185 1.00562 0.996311 1.00236 0.998446 1.00098 0.99934 1.00041 0.999715 1.00016 0.999872 1.00006 0.99994 1.00006 
-5.96638e-05 5.9609e-05 -6.04015e-05 0.000127528 -0.000162293 0.000285198 -0.000405475 0.000660319 -0.000984146 0.00155419 -0.00235919 0.00369005 -0.00561776 0.00881609 -0.0132961 0.0212587 -0.0311909 0.0524975 -0.0723784 0.141825 -0.169533 0.5 1.16953 0.858175 1.07238 0.947503 1.03119 0.978741 1.0133 0.991184 1.00562 0.99631 1.00236 0.998446 1.00098 0.99934 1.00041 0.999715 1.00016 0.999872 1.00006 0.99994 1.00006 
-5.9609e-05 5.95721e-05 -6.04181e-05 0.000127526 -0.000162335 0.000285237 -0.000405412 0.000660431 -0.000983889 0.00155449 -0.00235877 0.00369057 -0.00561718 0.00881666 -0.0132955 0.0212592 -0.0311904 0.0524979 -0.072378 0.141825 -0.169533 0.5 1.16953 0.858175 1.07238 0.947502 1.03119 0.978741 1.0133 0.991183 1.00562 0.996309 1.00236 0.998446 1.00098 0.99934 1.00041 0.999715 1.00016 0.999872 1.00006 0.99994 1.00006 
-5.95721e-05 5.95501e-05 -6.04406e-05 0.000127525 -0.000162376 0.000285251 -0.000405364 0.000660508 -0.000983684 0.00155476 -0.0023584 0.00369103 -0.00561663 0.00881722 -0.0132949 0.0212598 -0.0311898 0.0524984 -0.0723775 0.141825 -0.169533 0.5 1.16953 0.858175 1.07238 0.947502 1.03119 0.97874 1.01329 0.991183 1.00562 0.996309 1.00236 0.998445 1.00098 0.999339 1.00041 0.999715 1.00016 0.999872 1.00006 0.99994 1.00006 
-5.95501e-05 5.95397e-05 -6.04648e-05 0.000127525 -0.000162413 0.000285245 -0.000405331 0.000660558 -0.000983527 0.00155499 -0.00235807 0.00369145 -0.00561611 0.00881775 -0.0132942 0.0212604 -0.0311892 0.0524989 -0.0723769 0.141825 -0.169532 0.5 1.16953 0.858175 1.07238 0.947501 1.03119 0.97874 1.01329 0.991182 1.00562 0.996309 1.00236 0.998445 1.00098 0.999339 1.00041 0.999715 1.00016 0.999872 1.00006 0.99994 1.00006 
-5.95397e-05 5.95376e-05 -6.04875e-05 0.000127523 -0.000162443 0.000285227 -0.000405311 0.000660586 -0.000983412 0.00155518 -0.0023578 0.00369182 -0.00561562 0.00881826 -0.0132936 0.021261 -0.0311886 0.0524994 -0.0723764 0.141826 -0.169532 0.5 1.16953 0.858174 1.07238 0.947501 1.03119 0.978739 1.01329 0.991182 1.00562 0.996308 1.00236 0.998445 1.00098 0.999339 1.00041 0.999715 1.00016 0.999872 1.00006 0.99994 1.00006 
-5.95376e-05 5.95408e-05 -6.05068e-05 0.00012752 -0.000162466 0.000285201 -0.000405303 0.000660599 -0.000983333 0.00155533 -0.00235756 0.00369213 -0.00561518 0.00881874 -0.0132931 0.0212615 -0.0311879 0.0524999 -0.0723758 0.141826 -0.169531 0.5 1.16953 0.858174 1.07238 0.9475 1.03119 0.978738 1.01329 0.991181 1.00562 0.996308 1.00236 0.998445 1.00098 0.999339 1.00041 0.999715 1.00016 0.999872 1.00006 0.99994 1.00006 
-5.95408e-05 5.95469e-05 -6.05217e-05 0.000127516 -0.000162483 0.000285173 -0.000405305 0.000660601 -0.000983282 0.00155544 -0.00235736 0.0036924 -0.00561478 0.00881918 -0.0132925 0.0212621 -0.0311873 0.0525004 -0.0723752 0.141827 -0.169531 0.5 1.16953 0.858173 1.07238 0.9475 1.03119 0.978738 1.01329 0.991181 1.00561 0.996308 1.00236 0.998445 1.00098 0.999339 1.00041 0.999715 1.00016 0.999872 1.00006 0.99994 1.00006 
-5.95469e-05 5.95541e-05 -6.05321e-05 0.000127511 -0.000162494 0.000285145 -0.000405313 0.000660595 -0.000983253 0.00155552 -0.0023572 0.00369262 -0.00561443 0.00881958 -0.013292 0.0212626 -0.0311867 0.0525009 -0.0723745 0.141827 -0.16953 0.5 1.16953 0.858173 1.07237 0.947499 1.03119 0.978737 1.01329 0.99118 1.00561 0.996307 1.00236 0.998444 1.00098 0.999339 1.00041 0.999715 1.00016 0.999872 1.00006 0.99994 1.00006 
-5.95541e-05 5.9561e-05 -6.05383e-05 0.000127506 -0.000162501 0.000285121 -0.000405326 0.000660583 -0.000983241 0.00155557 -0.00235707 0.0036928 -0.00561413 0.00881994 -0.0132915 0.0212631 -0.031186 0.0525014 -0.0723739 0.141827 -0.169529 0.5 1.16953 0.858173 1.07237 0.947499 1.03119 0.978737 1.01329 0.99118 1.00561 0.996307 1.00236 0.998444 1.00098 0.999339 1.00041 0.999715 1.00016 0.999872 1.00006 0.99994 1.00006 
-5.9561e-05 5.95668e-05 -6.05411e-05 0.000127501 -0.000162504 0.0002851 -0.000405342 0.000660568 -0.00098324 0.0015556 -0.00235698 0.00369294 -0.00561387 0.00882024 -0.013291 0.0212635 -0.0311854 0.0525019 -0.0723732 0.141828 -0.169529 0.5 1.16953 0.858172 1.07237 0.947498 1.03119 0.978737 1.01329 0.99118 1.00561 0.996307 1.00236 0.998444 1.00098 0.999339 1.00041 0.999715 1.00016 0.999872 1.00006 0.99994 1.00006 
-5.95668e-05 5.95712e-05 -6.05413e-05 0.000127497 -0.000162506 0.000285084 -0.000405357 0.00066055 -0.000983246 0.00155561 -0.00235691 0.00369305 -0.00561365 0.00882051 -0.0132906 0.0212639 -0.0311848 0.0525023 -0.0723725 0.141828 -0.169528 0.5 1.16953 0.858172 1.07237 0.947498 1.03118 0.978736 1.01329 0.991179 1.00561 0.996307 1.00236 0.998444 1.00098 0.999339 1.00041 0.999715 1.00016 0.999873 1.00006 0.99994 1.00006 
-5.95712e-05 5.95741e-05 -6.05398e-05 0.000127493 -0.000162506 0.000285072 -0.000405372 0.000660532 -0.000983257 0.00155561 -0.00235686 0.00369313 -0.00561347 0.00882073 -0.0132903 0.0212642 -0.0311843 0.0525027 -0.0723718 0.141829 -0.169527 0.5 1.16953 0.858171 1.07237 0.947497 1.03118 0.978736 1.01329 0.991179 1.00561 0.996307 1.00236 0.998444 1.00098 0.999339 1.00041 0.999715 1.00016 0.999873 1.00006 0.99994 1.00006 
-5.95741e-05 5.95757e-05 -6.05373e-05 0.00012749 -0.000162505 0.000285063 -0.000405385 0.000660514 -0.000983269 0.0015556 -0.00235683 0.00369318 -0.00561333 0.0088209 -0.0132899 0.0212646 -0.0311837 0.0525031 -0.0723711 0.141829 -0.169527 0.5 1.16953 0.858171 1.07237 0.947497 1.03118 0.978735 1.01329 0.991179 1.00561 0.996307 1.00236 0.998444 1.00098 0.999339 1.00041 0.999715 1.00016 0.999873 1.00006 0.99994 1.00006 
-5.95757e-05 5.95762e-05 -6.05345e-05 0.000127489 -0.000162504 0.000285058 -0.000405394 0.000660498 -0.000983282 0.00155558 -0.00235681 0.00369321 -0.00561321 0.00882104 -0.0132896 0.0212648 -0.0311832 0.0525035 -0.0723704 0.141829 -0.169526 0.5 1.16953 0.858171 1.07237 0.947497 1.03118 0.978735 1.01329 0.991179 1.00561 0.996307 1.00236 0.998444 1.00098 0.99934 1.00041 0.999715 1.00016 0.999873 1.00006 0.99994 1.00006 
-5.95762e-05 5.95758e-05 -6.05318e-05 0.000127488 -0.000162503 0.000285055 -0.000405402 0.000660483 -0.000983295 0.00155556 -0.0023568 0.00369322 -0.00561312 0.00882113 -0.0132894 0.021265 -0.0311828 0.0525038 -0.0723697 0.141829 -0.169525 0.5 1.16952 0.858171 1.07237 0.947496 1.03118 0.978735 1.01329 0.991179 1.00561 0.996307 1.00236 0.998444 1.00098 0.99934 1.00041 0.999715 1.00016 0.999873 1.00006 0.99994 1.00006 
-5.95758e-05 5.9575e-05 -6.05295e-05 0.000127487 -0.000162502 0.000285054 -0.000405406 0.00066047 -0.000983305 0.00155553 -0.0023568 0.00369322 -0.00561305 0.0088212 -0.0132892 0.0212652 -0.0311823 0.0525041 -0.0723691 0.14183 -0.169524 0.5 1.16952 0.85817 1.07237 0.947496 1.03118 0.978735 1.01329 0.991179 1.00561 0.996307 1.00236 0.998444 1.00098 0.99934 1.00041 0.999715 1.00016 0.999873 1.00006 0.99994 1.00006 
-5.9575e-05 5.9574e-05 -6.05277e-05 0.000127487 -0.000162501 0.000285053 -0.000405408 0.000660459 -0.000983314 0.00155551 -0.00235681 0.00369321 -0.005613 0.00882124 -0.013289 0.0212654 -0.031182 0.0525043 -0.0723685 0.14183 -0.169523 0.5 1.16952 0.85817 1.07237 0.947496 1.03118 0.978735 1.01329 0.991179 1.00561 0.996307 1.00236 0.998444 1.00098 0.99934 1.00041 0.999715 1.00016 0.999873 1.00006 0.99994 1.00006 
-5.9574e-05 5.95729e-05 -6.05265e-05 0.000127487 -0.0001625 0.000285053 -0.000405409 0.000660451 -0.00098332 0.00155549 -0.00235681 0.00369319 -0.00561297 0.00882126 -0.0132888 0.0212655 -0.0311816 0.0525045 -0.0723679 0.14183 -0.169523 0.5 1.16952 0.85817 1.07237 0.947496 1.03118 0.978735 1.01329 0.991179 1.00561 0.996307 1.00236 0.998445 1.00098 0.99934 1.00041 0.999715 1.00016 0.999873 1.00006 0.99994 1.00006 
-5.95729e-05 5.95719e-05 -6.05257e-05 0.000127488 -0.000162499 0.000285053 -0.000405408 0.000660444 -0.000983325 0.00155547 -0.00235682 0.00369316 -0.00561294 0.00882126 -0.0132887 0.0212655 -0.0311813 0.0525046 -0.0723673 0.14183 -0.169522 0.5 1.16952 0.85817 1.07237 0.947495 1.03118 0.978734 1.01329 0.991179 1.00561 0.996307 1.00236 0.998445 1.00098 0.99934 1.00041 0.999715 1.00016 0.999873 1.00006 0.99994 1.00006 
-5.95719e-05 5.9571e-05 -6.05253e-05 0.000127488 -0.000162498 0.000285053 -0.000405406 0.000660439 -0.000983327 0.00155545 -0.00235683 0.00369313 -0.00561292 0.00882124 -0.0132886 0.0212656 -0.031181 0.0525047 -0.0723668 0.14183 -0.169521 0.5 1.16952 0.85817 1.07237 0.947495 1.03118 0.978734 1.01329 0.991179 1.00561 0.996307 1.00236 0.998445 1.00098 0.99934 1.00041 0.999715 1.00016 0.999873 1.00006 0.99994 1.00006 
-5.9571e-05 5.95703e-05 -6.05252e-05 0.000127488 -0.000162497 0.000285053 -0.000405403 0.000660435 -0.000983328 0.00155544 -0.00235683 0.0036931 -0.00561291 0.00882121 -0.0132885 0.0212656 -0.0311808 0.0525048 -0.0723663 0.14183 -0.16952 0.5 1.16952 0.85817 1.07237 0.947495 1.03118 0.978734 1.01329 0.991179 1.00561 0.996307 1.00236 0.998445 1.00098 0.99934 1.00041 0.999715 1.00016 0.999873 1.00006 0.99994 1.00006 
-5.95703e-05 5.95698e-05 -6.05252e-05 0.000127488 -0.000162496 0.000285053 -0.000405401 0.000660432 -0.000983327 0.00155543 -0.00235683 0.00369307 -0.0056129 0.00882118 -0.0132884 0.0212656 -0.0311805 0.0525048 -0.0723659 0.14183 -0.16952 0.5 1.16952 0.85817 1.07237 0.947495 1.03118 0.978734 1.01329 0.991179 1.00561 0.996307 1.00236 0.998445 1.00098 0.99934 1.00041 0.999715 1.00016 0.999873 1.00006 0.99994 1.00006 
-5.95698e-05 5.95695e-05 -6.05253e-05 0.000127487 -0.000162495 0.000285052 -0.000405398 0.00066043 -0.000983325 0.00155542 -0.00235683 0.00369305 -0.00561289 0.00882113 -0.0132884 0.0212655 -0.0311804 0.0525048 -0.0723655 0.14183 -0.169519 0.5 1.16952 0.85817 1.07237 0.947495 1.03118 0.978734 1.01329 0.991179 1.00561 0.996307 1.00236 0.998445 1.00098 0.99934 1.00041 0.999715 1.00016 0.999873 1.00006 0.99994 1.00006 
-5.95695e-05 5.95693e-05 -6.05254e-05 0.000127487 -0.000162494 0.000285052 -0.000405396 0.000660428 -0.000983321 0.00155541 -0.00235683 0.00369302 -0.00561289 0.00882109 -0.0132883 0.0212655 -0.0311802 0.0525047 -0.0723652 0.14183 -0.169519 0.5 1.16952 0.85817 1.07237 0.947495 1.03118 0.978735 1.01329 0.991179 1.00561 0.996307 1.00236 0.998445 1.00098 0.99934 1.00041 0.999715 1.00016 0.999873 1.00006 0.99994 1.00006 
-5.95693e-05 5.95691e-05 -6.05254e-05 0.000127486 -0.000162494 0.000285051 -0.000405393 0.000660427 -0.000983317 0.0015554 -0.00235683 0.003693 -0.00561288 0.00882104 -0.0132883 0.0212654 -0.0311801 0.0525047 -0.0723649 0.14183 -0.169518 0.5 1.16952 0.85817 1.07236 0.947495 1.03118 0.978735 1.01329 0.991179 1.00561 0.996307 1.00236 0.998445 1.00098 0.99934 1.00041 0.999715 1.00016 0.999873 1.00006 0.99994 1.00006 
-5.95691e-05 5.9569e-05 -6.05254e-05 0.000127486 -0.000162493 0.00028505 -0.000405391 0.000660425 -0.000983313 0.00155539 -0.00235682 0.00369297 -0.00561287 0.008821 -0.0132883 0.0212653 -0.0311799 0.0525046 -0.0723646 0.14183 -0.169518 0.5 1.16952 0.85817 1.07236 0.947495 1.03118 0.978735 1.01329 0.991179 1.00561 0.996307 1.00236 0.998445 1.00098 0.99934 1.00041 0.999715 1.00016 0.999873 1.00006 0.99994 1.00006 
-5.9569e-05 5.95688e-05 -6.05253e-05 0.000127485 -0.000162492 0.000285049 -0.000405389 0.000660424 -0.000983309 0.00155539 -0.00235682 0.00369295 -0.00561286 0.00882095 -0.0132882 0.0212653 -0.0311798 0.0525045 -0.0723644 0.14183 -0.169517 0.5 1.16952 0.85817 1.07236 0.947495 1.03118 0.978735 1.01329 0.991179 1.00561 0.996307 1.00236 0.998445 1.00098 0.99934 1.00041 0.999715 1.00016 0.999873 1.00006 0.99994 1.00006 
-5.95688e-05 5.95687e-05 -6.05251e-05 0.000127485 -0.000162492 0.000285047 -0.000405388 0.000660422 -0.000983304 0.00155538 -0.00235681 0.00369294 -0.00561285 0.00882091 -0.0132882 0.0212652 -0.0311798 0.0525044 -0.0723642 0.14183 -0.169517 0.5 1.16952 0.85817 1.07236 0.947496 1.03118 0.978735 1.01329 0.991179 1.00561 0.996307 1.00236 0.998445 1.00098 0.99934 1.00041 0.999715 1.00016 0.999873 1.00006 0.99994 1.00006 
-5.95687e-05 5.95685e-05 -6.05249e-05 0.000127484 -0.000162491 0.000285046 -0.000405386 0.00066042 -0.0009833 0.00155538 -0.0023568 0.00369292 -0.00561284 0.00882087 -0.0132882 0.0212651 -0.0311797 0.0525043 -0.072364 0.14183 -0.169517 0.5 1.16952 0.85817 1.07236 0.947496 1.03118 0.978735 1.01329 0.991179 1.00561 0.996307 1.00236 0.998445 1.00098 0.99934 1.00041 0.999715 1.00016 0.999873 1.00006 0.99994 1.00006 
-5.95685e-05 5.95684e-05 -6.05246e-05 0.000127483 -0.000162491 0.000285045 -0.000405384 0.000660417 -0.000983295 0.00155537 -0.00235679 0.00369291 -0.00561282 0.00882084 -0.0132881 0.0212651 -0.0311796 0.0525042 -0.0723639 0.14183 -0.169517 0.5 1.16952 0.85817 1.07236 0.947496 1.03118 0.978735 1.01329 0.991179 1.00561 0.996307 1.00236 0.998445 1.00098 0.99934 1.00041 0.999715 1.00016 0.999873 1.00006 0.99994 1.00006 
-5.95684e-05 5.95681e-05 -6.05243e-05 0.000127483 -0.00016249 0.000285044 -0.000405383 0.000660415 -0.000983291 0.00155537 -0.00235678 0.00369289 -0.00561281 0.0088208 -0.0132881 0.021265 -0.0311796 0.0525041 -0.0723637 0.14183 -0.169516 0.5 1.16952 0.85817 1.07236 0.947496 1.03118 0.978735 1.01329 0.991179 1.00561 0.996307 1.00236 0.998445 1.00098 0.99934 1.00041 0.999715 1.00016 0.999873 1.00006 0.99994 1.00006 
-5.95681e-05 5.95679e-05 -6.05241e-05 0.000127482 -0.00016249 0.000285043 -0.000405382 0.000660413 -0.000983287 0.00155536 -0.00235677 0.00369288 -0.00561279 0.00882077 -0.0132881 0.0212649 -0.0311795 0.052504 -0.0723637 0.14183 -0.169516 0.5 1.16952 0.85817 1.07236 0.947496 1.03118 0.978735 1.01329 0.991179 1.00561 0.996307 1.00236 0.998445 1.00098 0.99934 1.00041 0.999715 1.00016 0.999873 1.00006 0.99994 1.00006 
-5.95679e-05 5.95677e-05 -6.05238e-05 0.000127482 -0.000162489 0.000285042 -0.00040538 0.00066041 -0.000983283 0.00155536 -0.00235676 0.00369287 -0.00561278 0.00882075 -0.0132881 0.0212649 -0.0311795 0.0525039 -0.0723636 0.141829 -0.169516 0.5 1.16952 0.858171 1.07236 0.947496 1.03118 0.978735 1.01329 0.991179 1.00561 0.996307 1.00236 0.998445 1.00098 0.99934 1.00041 0.999715 1.00016 0.999873 1.00006 0.99994 1.00006 
-5.95677e-05 5.95675e-05 -6.05235e-05 0.000127481 -0.000162488 0.000285041 -0.000405379 0.000660408 -0.00098328 0.00155535 -0.00235676 0.00369286 -0.00561276 0.00882072 -0.013288 0.0212648 -0.0311795 0.0525039 -0.0723635 0.141829 -0.169516 0.5 1.16952 0.858171 1.07236 0.947496 1.03118 0.978735 1.01329 0.991179 1.00561 0.996307 1.00236 0.998445 1.00098 0.99934 1.00041 0.999715 1.00016 0.999873 1.00006 0.99994 1.00006 
-5.95675e-05 5.95672e-05 -6.05233e-05 0.000127481 -0.000162488 0.00028504 -0.000405377 0.000660405 -0.000983276 0.00155535 -0.00235675 0.00369285 -0.00561275 0.0088207 -0.013288 0.0212648 -0.0311794 0.0525038 -0.0723635 0.141829 -0.169516 0.5 1.16952 0.858171 1.07236 0.947496 1.03118 0.978735 1.01329 0.991179 1.00561 0.996307 1.00236 0.998445 1.00098 0.99934 1.00041 0.999715 1.00016 0.999873 1.00006 0.99994 1.00006 
-5.95672e-05 5.9567e-05 -6.0523e-05 0.00012748 -0.000162487 0.000285038 -0.000405376 0.000660403 -0.000983273 0.00155534 -0.00235674 0.00369284 -0.00561273 0.00882068 -0.013288 0.0212647 -0.0311794 0.0525037 -0.0723635 0.141829 -0.169516 0.5 1.16952 0.858171 1.07236 0.947496 1.03118 0.978735 1.01329 0.991179 1.00561 0.996307 1.00236 0.998445 1.00098 0.99934 1.00041 0.999715 1.00016 0.999873 1.00006 0.99994 1.00006 
-5.9567e-05 5.95667e-05 -6.05228e-05 0.00012748 -0.000162487 0.000285037 -0.000405374 0.0006604 -0.00098327 0.00155534 -0.00235673 0.00369283 -0.00561272 0.00882067 -0.013288 0.0212647 -0.0311794 0.0525037 -0.0723634 0.141829 -0.169516 0.5 1.16952 0.858171 1.07236 0.947496 1.03118 0.978735 1.01329 0.991179 1.00561 0.996307 1.00236 0.998445 1.00098 0.99934 1.00041 0.999715 1.00016 0.999873 1.00006 0.99994 1.00006 
-5.95667e-05 5.95665e-05 -6.05226e-05 0.00012748 -0.000162486 0.000285036 -0.000405373 0.000660398 -0.000983267 0.00155533 -0.00235673 0.00369282 -0.00561271 0.00882065 -0.013288 0.0212647 -0.0311794 0.0525036 -0.0723634 0.141829 -0.169516 0.5 1.16952 0.858171 1.07236 0.947496 1.03118 0.978735 1.01329 0.991179 1.00561 0.996307 1.00236 0.998445 1.00098 0.99934 1.00041 0.999715 1.00016 0.999873 1.00006 0.99994 1.00006 
-5.95665e-05 5.95663e-05 -6.05224e-05 0.000127479 -0.000162485 0.000285035 -0.000405372 0.000660396 -0.000983264 0.00155533 -0.00235672 0.00369282 -0.0056127 0.00882064 -0.0132879 0.0212647 -0.0311794 0.0525036 -0.0723634 0.141829 -0.169516 0.5 1.16952 0.858171 1.07236 0.947496 1.03118 0.978735 1.01329 0.991179 1.00561 0.996307 1.00236 0.998445 1.00098 0.99934 1.00041 0.999715 1.00016 0.999873 1.00006 0.99994 1.00006 
-5.95663e-05 5.9566e-05 -6.05221e-05 0.000127479 -0.000162485 0.000285034 -0.00040537 0.000660394 -0.000983262 0.00155532 -0.00235672 0.00369281 -0.00561269 0.00882063 -0.0132879 0.0212646 -0.0311793 0.0525036 -0.0723634 0.141829 -0.169516 0.5 1.16952 0.858171 1.07236 0.947496 1.03118 0.978735 1.01329 0.991179 1.00561 0.996307 1.00236 0.998445 1.00098 0.99934 1.00041 0.999715 1.00016 0.999873 1.00006 0.99994 1.00006 
-5.9566e-05 5.95658e-05 -6.05219e-05 0.000127478 -0.000162484 0.000285033 -0.000405369 0.000660392 -0.000983259 0.00155532 -0.00235671 0.0036928 -0.00561268 0.00882062 -0.0132879 0.0212646 -0.0311793 0.0525035 -0.0723634 0.141829 -0.169516 0.5 1.16952 0.858171 1.07236 0.947496 1.03118 0.978735 1.01329 0.991179 1.00561 0.996307 1.00236 0.998445 1.00098 0.99934 1.00041 0.999715 1.00016 0.999873 1.00006 0.99994 1.00006 
-5.95658e-05 5.95656e-05 -6.05217e-05 0.000127478 -0.000162484 0.000285033 -0.000405368 0.00066039 -0.000983257 0.00155532 -0.00235671 0.0036928 -0.00561267 0.00882061 -0.0132879 0.0212646 -0.0311793 0.0525035 -0.0723634 0.141829 -0.169516 0.5 1.16952 0.858171 1.07236 0.947496 1.03118 0.978735 1.01329 0.991179 1.00561 0.996307 1.00236 0.998445 1.00098 0.99934 1.00041 0.999715 1.00016 0.999873 1.00006 0.99994 1.00006 
