0 0 0 0 0 0 0 0 0 0 0 0 0 0 0 0 0 0 0 0 0 0.5 1 1 1 1 1 1 1 1 1 1 1 1 1 1 1 1 1 1 1 1 1 
0 0 0 0 0 0 0 0 0 0 0 0 0 0 0 0 0 0 0 -0.04 0.097 0.5 0.903 1.04 1 1 1 1 1 1 1 1 1 1 1 1 1 1 1 1 1 1 1 
0 0 0 0 0 0 0 0 0 0 0 0 0 0 0 0 0 0.0032 -0.0198861 -0.0242314 0.12612 0.5 0.87388 1.02423 1.01989 0.9968 1 1 1 1 1 1 1 1 1 1 1 1 1 1 1 1 1 
0 0 0 0 0 0 0 0 0 0 0 0 0 0 0 -0.000256 0.00256085 -0.00283407 -0.0237248 -0.016725 0.145917 0.5 0.854083 1.01673 1.02372 1.00283 0.997439 1.00026 1 1 1 1 1 1 1 1 1 1 1 1 1 1 1 
0 0 0 0 0 0 0 0 0 0 0 0 0 2.048e-05 -0.000282745 0.000908054 0.00191282 -0.00586729 -0.026903 -0.00899054 0.158113 0.5 0.841887 1.00899 1.0269 1.00587 0.998087 0.999092 1.00028 0.99998 1 1 1 1 1 1 1 1 1 1 1 1 1 
0 0 0 0 0 0 0 0 0 0 0 -1.6384e-06 2.88449e-05 -0.00015081 2.3616e-05 0.00128487 0.00146378 -0.00885724 -0.027946 -0.00331109 0.16686 0.5 0.83314 1.00331 1.02795 1.00886 0.998536 0.998715 0.999976 1.00015 0.999971 1 1 1 1 1 1 1 1 1 1 1 1 
0 0 0 0 0 0 0 0 0 1.31072e-07 -2.80567e-06 2.02094e-05 -3.73984e-05 -0.000141609 0.000222983 0.00165233 0.000620791 -0.0109411 -0.0285043 0.00131483 0.173185 0.5 0.826815 0.998685 1.0285 1.01094 0.999379 0.998348 0.999777 1.00014 1.00004 0.99998 1 1 1 1 1 1 1 1 1 1 1 
0 0 0 0 0 0 0 -1.04858e-08 2.643e-07 -2.41977e-06 8.11904e-06 6.54411e-06 -6.71189e-05 -0.000133139 0.000481802 0.00178166 -0.000139628 -0.0126071 -0.0286422 0.00494829 0.177964 0.5 0.822036 0.995052 1.02864 1.01261 1.00014 0.998218 0.999518 1.00013 1.00007 0.999993 0.999992 1 1 1 1 1 1 1 1 1 1 
0 0 0 0 0 8.38861e-10 -2.43316e-08 2.69936e-07 -1.28864e-06 1.12793e-06 9.49183e-06 -4.04187e-06 -0.00010199 -7.33187e-05 0.000683917 0.00183561 -0.00087011 -0.0138749 -0.028631 0.00786426 0.181628 0.5 0.818372 0.992136 1.02863 1.01387 1.00087 0.998164 0.999316 1.00007 1.0001 1 0.999991 0.999999 1 1 1 1 1 1 1 1 1 
0 0 0 -6.71089e-11 2.20154e-09 -2.86722e-08 1.76219e-07 -3.88831e-07 -8.00213e-07 3.12768e-06 1.09928e-05 -2.29177e-05 -0.000117449 -7.19121e-06 0.000859446 0.00181568 -0.00151041 -0.0148772 -0.0285335 0.0102002 0.184488 0.5 0.815512 0.9898 1.02853 1.01488 1.00151 0.998184 0.999141 1.00001 1.00012 1.00002 0.999989 0.999997 1 1 1 1 1 1 1 1 1 
0 0 -1.97598e-10 2.93728e-09 -2.20021e-08 7.46308e-08 1.55616e-09 -5.71713e-07 -3.87496e-07 6.04951e-06 7.85484e-06 -3.9502e-05 -0.000124754 6.68623e-05 0.00099765 0.00176329 -0.00207224 -0.0156702 -0.0284099 0.0120839 0.186745 0.5 0.813255 0.987916 1.02841 1.01567 1.00207 0.998237 0.999002 0.999933 1.00012 1.00004 0.999992 0.999994 1 1 1 1 1 1 1 1 1 
0 -1.08113e-19 2.63687e-09 -1.16071e-08 1.5351e-08 6.59114e-08 -1.12626e-07 -8.18906e-07 8.36609e-07 7.69861e-06 3.36008e-06 -5.52079e-05 -0.000122647 0.00013841 0.00110862 0.00169088 -0.00255589 -0.0163083 -0.0282825 0.0136055 0.18854 0.5 0.81146 0.986394 1.02828 1.01631 1.00256 0.998309 0.998891 0.999862 1.00012 1.00006 0.999997 0.999992 0.999999 1 1 1 1 1 1 1 1 
1.08113e-19 -2.92164e-18 -4.09855e-09 -4.05077e-09 3.02787e-08 6.24604e-08 -3.32663e-07 -7.1807e-07 2.06582e-06 8.7018e-06 -2.64212e-06 -6.80541e-05 -0.000115188 0.000206053 0.00119588 0.00161145 -0.00297124 -0.0168264 -0.0281658 0.0148374 0.189978 0.5 0.810022 0.985163 1.02817 1.01683 1.00297 0.998389 0.998804 0.999794 1.00012 1.00007 1 0.999991 0.999998 1 1 1 1 1 1 1 1 
2.92164e-18 6.90409e-19 -5.03008e-09 1.07856e-09 5.55369e-08 -7.89873e-09 -4.85515e-07 -4.73415e-07 3.35916e-06 8.77377e-06 -9.03309e-06 -7.84689e-05 -0.000103847 0.000267676 0.00126496 0.0015311 -0.00332627 -0.0172518 -0.0280652 0.0158354 0.191135 0.5 0.808865 0.984165 1.02807 1.01725 1.00333 0.998469 0.998735 0.999732 1.0001 1.00008 1.00001 0.999991 0.999997 1 1 1 1 1 1 1 1 
-6.90409e-19 3.62585e-18 -5.70744e-09 1.59977e-08 5.80325e-08 -9.07271e-08 -6.00707e-07 -5.33345e-08 4.48187e-06 8.20373e-06 -1.55125e-05 -8.64495e-05 -9.04394e-05 0.000323086 0.00131962 0.00145412 -0.00362942 -0.0176041 -0.0279829 0.0166437 0.192067 0.5 0.807933 0.983356 1.02798 1.0176 1.00363 0.998546 0.99868 0.999677 1.00009 1.00009 1.00002 0.999992 0.999996 1 1 1 1 1 1 1 1 
-3.62585e-18 4.58694e-19 -1.3497e-09 2.88515e-08 4.89405e-08 -1.89913e-07 -6.39501e-07 4.47969e-07 5.42098e-06 7.09985e-06 -2.17052e-05 -9.24122e-05 -7.60155e-05 0.000372295 0.00136321 0.00138262 -0.00388797 -0.0178982 -0.0279187 0.0172976 0.192821 0.5 0.807179 0.982702 1.02792 1.0179 1.00389 0.998617 0.998637 0.999628 1.00008 1.00009 1.00002 0.999993 0.999995 1 1 1 1 1 1 1 1 
-4.58694e-19 -1.22571e-18 4.88535e-09 4.06317e-08 2.35156e-08 -2.83194e-07 -6.16295e-07 9.97373e-07 6.13707e-06 5.64562e-06 -2.7468e-05 -9.66874e-05 -6.14042e-05 0.000415734 0.00139822 0.00131772 -0.00410841 -0.0181457 -0.0278712 0.0178255 0.193431 0.5 0.806569 0.982175 1.02787 1.01815 1.00411 0.998682 0.998602 0.999584 1.00006 1.0001 1.00003 0.999994 0.999994 0.999999 1 1 1 1 1 1 1 
1.22571e-18 9.27125e-18 1.26842e-08 4.72828e-08 -1.17257e-08 -3.65697e-07 -5.34663e-07 1.54989e-06 6.64634e-06 3.96527e-06 -3.27077e-05 -9.96309e-05 -4.71215e-05 0.000453913 0.00142664 0.00125977 -0.00429632 -0.0183551 -0.0278384 0.0182502 0.193923 0.5 0.806077 0.98175 1.02784 1.01836 1.0043 0.99874 0.998573 0.999546 1.00005 1.0001 1.00003 0.999996 0.999993 0.999998 1 1 1 1 1 1 1 
-9.27125e-18 4.05341e-17 2.01275e-08 4.87185e-08 -5.41427e-08 -4.3047e-07 -4.09015e-07 2.08194e-06 6.96746e-06 2.16935e-06 -3.74066e-05 -0.000101539 -3.35087e-05 0.000487396 0.00144998 0.0012087 -0.00445646 -0.0185334 -0.0278185 0.0185904 0.19432 0.5 0.80568 0.98141 1.02782 1.01853 1.00446 0.998791 0.99855 0.999513 1.00003 1.0001 1.00004 0.999998 0.999993 0.999998 1 1 1 1 1 1 1 
-4.05341e-17 8.99296e-17 2.63621e-08 4.4415e-08 -9.9492e-08 -4.76311e-07 -2.50742e-07 2.57567e-06 7.13038e-06 3.36474e-07 -4.15767e-05 -0.000102666 -2.07622e-05 0.000516729 0.0014694 0.00116417 -0.00459289 -0.018686 -0.0278093 0.0188613 0.194639 0.5 0.805361 0.981139 1.02781 1.01869 1.00459 0.998836 0.998531 0.999483 1.00002 1.0001 1.00004 1 0.999993 0.999997 1 1 1 1 1 1 1 
-8.99296e-17 1.4584e-16 3.06081e-08 3.50378e-08 -1.45086e-07 -5.03118e-07 -7.15371e-08 3.02258e-06 7.16432e-06 -1.47486e-06 -4.52534e-05 -0.000103218 -8.98466e-06 0.00054242 0.00148577 0.0011257 -0.00470909 -0.0188169 -0.027809 0.0190753 0.194895 0.5 0.805105 0.980925 1.02781 1.01882 1.00471 0.998874 0.998514 0.999458 1.00001 1.0001 1.00005 1 0.999993 0.999997 1 1 1 1 1 1 1 
-1.4584e-16 1.93466e-16 3.26136e-08 2.13512e-08 -1.88669e-07 -5.12661e-07 1.19267e-07 3.41901e-06 7.09765e-06 -3.22508e-06 -4.8481e-05 -0.000103358 1.78773e-06 0.000564929 0.00149976 0.00109276 -0.00480798 -0.0189298 -0.0278158 0.0192426 0.195098 0.5 0.804902 0.980757 1.02782 1.01893 1.00481 0.998907 0.9985 0.999435 0.999998 1.0001 1.00005 1 0.999993 0.999997 1 1 1 1 1 1 1 
-1.93466e-16 2.20805e-16 3.23622e-08 4.38002e-09 -2.28867e-07 -5.07263e-07 3.14028e-07 3.76533e-06 6.95531e-06 -4.88827e-06 -5.13079e-05 -0.000103214 1.15623e-05 0.000584662 0.00151189 0.00106479 -0.00489208 -0.0190274 -0.0278283 0.0193719 0.195259 0.5 0.804741 0.980628 1.02783 1.01903 1.00489 0.998935 0.998488 0.999415 0.999988 1.0001 1.00005 1 0.999993 0.999996 1 1 1 1 1 1 1 
-2.20805e-16 2.22358e-16 3.00669e-08 -1.48857e-08 -2.64848e-07 -4.89619e-07 5.07032e-07 4.06415e-06 6.7587e-06 -6.44912e-06 -5.37816e-05 -0.000102886 2.03745e-05 0.000601978 0.00152254 0.00104123 -0.00496351 -0.0191118 -0.0278452 0.01947 0.195385 0.5 0.804615 0.98053 1.02785 1.01911 1.00496 0.998959 0.998477 0.999398 0.99998 1.0001 1.00005 1.00001 0.999993 0.999996 0.999999 1 1 1 1 1 1 
-2.22358e-16 1.99637e-16 2.60459e-08 -3.55148e-08 -2.96264e-07 -4.62373e-07 6.94118e-07 4.31949e-06 6.52546e-06 -7.89991e-06 -5.59468e-05 -0.000102446 2.82768e-05 0.000617188 0.00153199 0.00102156 -0.0050241 -0.0191852 -0.0278652 0.0195427 0.195482 0.5 0.804518 0.980457 1.02787 1.01919 1.00502 0.998978 0.998468 0.999383 0.999972 1.0001 1.00006 1.00001 0.999993 0.999996 0.999999 1 1 1 1 1 1 
-1.99637e-16 1.59622e-16 2.0671e-08 -5.67104e-08 -3.23084e-07 -4.2798e-07 8.72465e-07 4.53598e-06 6.26983e-06 -9.23843e-06 -5.78444e-05 -0.000101949 3.53313e-05 0.000630561 0.00154048 0.0010053 -0.0050754 -0.0192489 -0.0278875 0.0195949 0.195556 0.5 0.804444 0.980405 1.02789 1.01925 1.00508 0.998995 0.99846 0.999369 0.999965 1.0001 1.00006 1.00001 0.999994 0.999995 0.999999 1 1 1 1 1 1 
-1.59622e-16 1.12222e-16 1.43141e-08 -7.78181e-08 -3.45502e-07 -3.88594e-07 1.04029e-06 4.71842e-06 6.00301e-06 -1.04662e-05 -5.95105e-05 -0.000101436 4.16043e-05 0.00064233 0.00154815 0.000991995 -0.00511874 -0.0193043 -0.0279113 0.0196305 0.195612 0.5 0.804388 0.980369 1.02791 1.0193 1.00512 0.999008 0.998452 0.999358 0.999958 1.0001 1.00006 1.00001 0.999994 0.999995 0.999999 1 1 1 1 1 1 
-1.12222e-16 6.77963e-17 7.31889e-09 -9.83307e-08 -3.63847e-07 -3.46035e-07 1.19663e-06 4.87146e-06 5.73361e-06 -1.15871e-05 -6.09771e-05 -0.000100934 4.71627e-05 0.000652698 0.00155516 0.000981254 -0.00515526 -0.0193525 -0.027936 0.0196529 0.195651 0.5 0.804349 0.980347 1.02794 1.01935 1.00516 0.999019 0.998445 0.999347 0.999953 1.0001 1.00006 1.00001 0.999994 0.999995 0.999999 1 1 1 1 1 1 
-6.77963e-17 3.52977e-17 -1.60153e-11 -1.17875e-07 -3.78519e-07 -3.01794e-07 1.34112e-06 4.99942e-06 5.46809e-06 -1.26067e-05 -6.22715e-05 -0.000100463 5.20723e-05 0.000661838 0.00156158 0.000972711 -0.00518594 -0.0193944 -0.0279609 0.0196647 0.195679 0.5 0.804321 0.980335 1.02796 1.01939 1.00519 0.999027 0.998438 0.999338 0.999948 1.0001 1.00006 1.00001 0.999995 0.999995 0.999999 1 1 1 1 1 1 
-3.52977e-17 2.12025e-17 -7.44367e-09 -1.36197e-07 -3.89948e-07 -2.57054e-07 1.47383e-06 5.10621e-06 5.21114e-06 -1.35316e-05 -6.34177e-05 -0.000100034 5.63956e-05 0.000669902 0.0015675 0.000966048 -0.00521163 -0.0194309 -0.0279857 0.0196681 0.195696 0.5 0.804304 0.980332 1.02799 1.01943 1.00521 0.999034 0.998432 0.99933 0.999944 1.0001 1.00006 1.00001 0.999995 0.999995 0.999999 1 1 1 1 1 1 
-2.12025e-17 2.91678e-17 -1.4769e-08 -1.53138e-07 -3.98562e-07 -2.1273e-07 1.59512e-06 5.19529e-06 4.96604e-06 -1.43684e-05 -6.44359e-05 -9.96548e-05 6.01916e-05 0.00067702 0.00157297 0.00096098 -0.00523304 -0.0194626 -0.02801 0.0196652 0.195705 0.5 0.804295 0.980335 1.02801 1.01946 1.00523 0.999039 0.998427 0.999323 0.99994 1.0001 1.00006 1.00001 0.999995 0.999995 0.999998 1 1 1 1 1 1 
-2.91678e-17 6.02148e-17 -2.18452e-08 -1.68621e-07 -4.04769e-07 -1.69502e-07 1.70556e-06 5.26967e-06 4.73497e-06 -1.5124e-05 -6.53434e-05 -9.93285e-05 6.3515e-05 0.000683304 0.00157804 0.00095726 -0.0052508 -0.0194902 -0.0280336 0.0196573 0.195709 0.5 0.804291 0.980343 1.02803 1.01949 1.00525 0.999043 0.998422 0.999317 0.999936 1.0001 1.00007 1.00002 0.999995 0.999995 0.999998 1 1 1 1 1 1 
-6.02148e-17 1.1322e-16 -2.85675e-08 -1.82629e-07 -4.08948e-07 -1.2786e-07 1.80585e-06 5.33192e-06 4.51922e-06 -1.58054e-05 -6.61548e-05 -9.90556e-05 6.64163e-05 0.000688855 0.00158275 0.000954669 -0.00526544 -0.0195142 -0.0280562 0.0196457 0.195707 0.5 0.804293 0.980354 1.02806 1.01951 1.00527 0.999045 0.998417 0.999311 0.999934 1.0001 1.00007 1.00002 0.999995 0.999995 0.999998 1 1 1 1 1 1 
-1.1322e-16 1.85534e-16 -3.48669e-08 -1.95191e-07 -4.1144e-07 -8.81384e-08 1.89672e-06 5.38424e-06 4.31943e-06 -1.64189e-05 -6.68827e-05 -9.88346e-05 6.89416e-05 0.000693758 0.00158712 0.000953018 -0.00527743 -0.0195349 -0.0280778 0.0196315 0.195702 0.5 0.804298 0.980368 1.02808 1.01953 1.00528 0.999047 0.998413 0.999306 0.999931 1.0001 1.00007 1.00002 0.999996 0.999995 0.999998 1 1 1 1 1 1 
-1.85534e-16 2.73589e-16 -4.07032e-08 -2.06369e-07 -4.12549e-07 -5.05471e-08 1.97896e-06 5.42848e-06 4.13573e-06 -1.69707e-05 -6.75377e-05 -9.86629e-05 7.11327e-05 0.000698089 0.00159119 0.000952142 -0.00528717 -0.0195529 -0.0280983 0.0196155 0.195694 0.5 0.804306 0.980384 1.0281 1.01955 1.00529 0.999048 0.998409 0.999302 0.999929 1.0001 1.00007 1.00002 0.999996 0.999995 0.999998 1 1 1 1 1 1 
-2.73589e-16 3.7343e-16 -4.60592e-08 -2.16247e-07 -4.12538e-07 -1.52e-08 2.05331e-06 5.46618e-06 3.96789e-06 -1.74664e-05 -6.81286e-05 -9.85368e-05 7.30277e-05 0.000701912 0.00159496 0.000951898 -0.00529499 -0.0195684 -0.0281175 0.0195984 0.195684 0.5 0.804316 0.980402 1.02812 1.01957 1.00529 0.999048 0.998405 0.999298 0.999927 1.0001 1.00007 1.00002 0.999996 0.999995 0.999998 1 1 1 1 1 1 
-3.7343e-16 4.81116e-16 -5.09348e-08 -2.24921e-07 -4.1164e-07 1.78623e-08 2.12052e-06 5.4986e-06 3.81541e-06 -1.79115e-05 -6.86632e-05 -9.84523e-05 7.46607e-05 0.000705286 0.00159846 0.000952166 -0.0053012 -0.0195818 -0.0281355 0.0195806 0.195672 0.5 0.804328 0.980419 1.02814 1.01958 1.0053 0.999048 0.998402 0.999295 0.999925 1.0001 1.00007 1.00002 0.999996 0.999995 0.999998 1 1 1 1 1 1 
-4.81116e-16 5.93008e-16 -5.53427e-08 -2.32496e-07 -4.1005e-07 4.8654e-08 2.18127e-06 5.52679e-06 3.67761e-06 -1.83107e-05 -6.91479e-05 -9.8405e-05 7.60625e-05 0.000708262 0.00160171 0.00095284 -0.00530604 -0.0195933 -0.0281522 0.0195626 0.19566 0.5 0.80434 0.980437 1.02815 1.01959 1.00531 0.999047 0.998398 0.999292 0.999924 1.0001 1.00007 1.00002 0.999996 0.999994 0.999998 1 1 1 1 1 1 
-5.93008e-16 7.05937e-16 -5.93045e-08 -2.39078e-07 -4.07935e-07 7.72282e-08 2.23619e-06 5.55162e-06 3.55368e-06 -1.86684e-05 -6.95883e-05 -9.83906e-05 7.72609e-05 0.000710885 0.00160471 0.000953831 -0.00530974 -0.0196032 -0.0281677 0.0195448 0.195647 0.5 0.804353 0.980455 1.02817 1.0196 1.00531 0.999046 0.998395 0.999289 0.999923 1.0001 1.00007 1.00002 0.999996 0.999994 0.999998 1 1 1 1 1 1 
-7.05937e-16 8.17287e-16 -6.28474e-08 -2.44769e-07 -4.05436e-07 1.03666e-07 2.28589e-06 5.57375e-06 3.44275e-06 -1.89888e-05 -6.99891e-05 -9.84048e-05 7.82805e-05 0.000713194 0.00160749 0.000955063 -0.00531248 -0.0196116 -0.0281819 0.0195274 0.195634 0.5 0.804366 0.980473 1.02818 1.01961 1.00531 0.999045 0.998393 0.999287 0.999922 1.0001 1.00007 1.00002 0.999997 0.999994 0.999998 1 1 1 1 1 1 
-8.17287e-16 9.25009e-16 -6.60024e-08 -2.4967e-07 -4.0267e-07 1.28066e-07 2.33089e-06 5.59375e-06 3.3439e-06 -1.92755e-05 -7.03545e-05 -9.84435e-05 7.91433e-05 0.000715225 0.00161006 0.000956472 -0.00531443 -0.0196187 -0.028195 0.0195105 0.195621 0.5 0.804379 0.980489 1.0282 1.01962 1.00531 0.999044 0.99839 0.999285 0.999921 1.0001 1.00007 1.00002 0.999997 0.999994 0.999998 1 1 1 1 1 1 
-9.25009e-16 1.02759e-15 -6.88017e-08 -2.53875e-07 -3.99734e-07 1.50538e-07 2.37168e-06 5.61207e-06 3.25622e-06 -1.95318e-05 -7.06879e-05 -9.85029e-05 7.98692e-05 0.000717008 0.00161243 0.000958006 -0.00531572 -0.0196248 -0.028207 0.0194944 0.195608 0.5 0.804392 0.980506 1.02821 1.01962 1.00532 0.999042 0.998388 0.999283 0.99992 1.0001 1.00007 1.00002 0.999997 0.999994 0.999998 1 1 1 1 1 1 
-1.02759e-15 1.12399e-15 -7.12779e-08 -2.5747e-07 -3.96707e-07 1.71199e-07 2.40869e-06 5.62903e-06 3.17881e-06 -1.97608e-05 -7.09925e-05 -9.85794e-05 8.04755e-05 0.000718573 0.0016146 0.000959618 -0.00531647 -0.0196299 -0.0282179 0.0194792 0.195596 0.5 0.804404 0.980521 1.02822 1.01963 1.00532 0.99904 0.998385 0.999281 0.99992 1.0001 1.00007 1.00002 0.999997 0.999994 0.999998 1 1 1 1 1 1 
-1.12399e-15 1.2136e-15 -7.34628e-08 -2.60534e-07 -3.93653e-07 1.90165e-07 2.44232e-06 5.64492e-06 3.11078e-06 -1.99652e-05 -7.12709e-05 -9.86698e-05 8.0978e-05 0.000719942 0.0016166 0.000961273 -0.00531678 -0.0196342 -0.0282278 0.0194648 0.195584 0.5 0.804416 0.980535 1.02823 1.01963 1.00532 0.999039 0.998383 0.99928 0.999919 1.0001 1.00007 1.00002 0.999997 0.999994 0.999998 1 1 1 1 1 1 
-1.2136e-15 1.2961e-15 -7.53867e-08 -2.63139e-07 -3.90624e-07 2.07552e-07 2.47292e-06 5.65995e-06 3.05129e-06 -2.01473e-05 -7.15255e-05 -9.87712e-05 8.13902e-05 0.000721138 0.00161843 0.000962941 -0.00531674 -0.0196377 -0.0282368 0.0194513 0.195573 0.5 0.804427 0.980549 1.02824 1.01964 1.00532 0.999037 0.998382 0.999279 0.999919 1.0001 1.00007 1.00002 0.999997 0.999994 0.999998 1 1 1 1 1 1 
-1.2961e-15 1.37148e-15 -7.70782e-08 -2.65347e-07 -3.87659e-07 2.23474e-07 2.50078e-06 5.67427e-06 2.99955e-06 -2.03096e-05 -7.17584e-05 -9.88809e-05 8.17246e-05 0.000722181 0.00162011 0.000964597 -0.00531642 -0.0196407 -0.0282449 0.0194388 0.195563 0.5 0.804437 0.980561 1.02824 1.01964 1.00532 0.999035 0.99838 0.999278 0.999918 1.0001 1.00007 1.00002 0.999997 0.999994 0.999997 1 1 1 1 1 1 
-1.37148e-15 1.43989e-15 -7.85635e-08 -2.67218e-07 -3.8479e-07 2.38039e-07 2.52619e-06 5.688e-06 2.95481e-06 -2.04539e-05 -7.19714e-05 -9.89965e-05 8.19919e-05 0.000723088 0.00162164 0.000966221 -0.00531588 -0.0196431 -0.0282521 0.0194272 0.195553 0.5 0.804447 0.980573 1.02825 1.01964 1.00532 0.999034 0.998378 0.999277 0.999918 1.0001 1.00007 1.00002 0.999997 0.999994 0.999997 1 1 1 1 1 1 
-1.43989e-15 1.50163e-15 -7.98668e-08 -2.68799e-07 -3.8204e-07 2.5135e-07 2.54938e-06 5.70122e-06 2.91635e-06 -2.05821e-05 -7.21662e-05 -9.91162e-05 8.22016e-05 0.000723875 0.00162303 0.0009678 -0.00531518 -0.019645 -0.0282586 0.0194165 0.195544 0.5 0.804456 0.980584 1.02826 1.01965 1.00532 0.999032 0.998377 0.999276 0.999918 1.0001 1.00007 1.00002 0.999997 0.999994 0.999997 1 1 1 1 1 1 
-1.50163e-15 1.55711e-15 -8.10099e-08 -2.70136e-07 -3.79425e-07 2.63504e-07 2.57058e-06 5.714e-06 2.88354e-06 -2.06958e-05 -7.23443e-05 -9.9238e-05 8.23621e-05 0.000724555 0.0016243 0.00096932 -0.00531435 -0.0196466 -0.0282644 0.0194067 0.195535 0.5 0.804465 0.980593 1.02826 1.01965 1.00531 0.999031 0.998376 0.999275 0.999918 1.0001 1.00007 1.00002 0.999997 0.999994 0.999997 1 1 1 1 1 1 
-1.55711e-15 1.60677e-15 -8.20126e-08 -2.71265e-07 -3.76957e-07 2.74592e-07 2.58998e-06 5.72638e-06 2.85577e-06 -2.07965e-05 -7.2507e-05 -9.93605e-05 8.24807e-05 0.000725142 0.00162544 0.000970773 -0.00531344 -0.0196478 -0.0282696 0.0193977 0.195527 0.5 0.804473 0.980602 1.02827 1.01965 1.00531 0.999029 0.998375 0.999275 0.999918 1.0001 1.00007 1.00002 0.999997 0.999994 0.999997 1 1 1 1 1 1 
-1.60677e-15 1.6511e-15 -8.28924e-08 -2.72221e-07 -3.74644e-07 2.847e-07 2.60774e-06 5.73838e-06 2.83249e-06 -2.08855e-05 -7.26555e-05 -9.94823e-05 8.2564e-05 0.000725645 0.00162648 0.000972154 -0.00531247 -0.0196487 -0.0282741 0.0193896 0.19552 0.5 0.80448 0.98061 1.02827 1.01965 1.00531 0.999028 0.998374 0.999274 0.999917 1.0001 1.00007 1.00002 0.999997 0.999994 0.999997 1 1 1 1 1 1 
-1.6511e-15 1.69058e-15 -8.36648e-08 -2.73031e-07 -3.72487e-07 2.93906e-07 2.62402e-06 5.75003e-06 2.81319e-06 -2.09641e-05 -7.27911e-05 -9.96024e-05 8.26176e-05 0.000726075 0.00162742 0.000973458 -0.00531147 -0.0196494 -0.0282782 0.0193822 0.195513 0.5 0.804487 0.980618 1.02828 1.01965 1.00531 0.999027 0.998373 0.999274 0.999917 1.0001 1.00007 1.00002 0.999997 0.999994 0.999997 1 1 1 1 1 1 
-1.69058e-15 1.72569e-15 -8.43438e-08 -2.7372e-07 -3.70488e-07 3.02284e-07 2.63895e-06 5.76132e-06 2.7974e-06 -2.10332e-05 -7.29146e-05 -9.97199e-05 8.26465e-05 0.000726441 0.00162826 0.000974684 -0.00531045 -0.0196499 -0.0282817 0.0193756 0.195508 0.5 0.804492 0.980624 1.02828 1.01965 1.00531 0.999025 0.998372 0.999274 0.999917 1.0001 1.00007 1.00002 0.999997 0.999994 0.999997 1 1 1 1 1 1 
-1.72569e-15 1.75688e-15 -8.49413e-08 -2.74308e-07 -3.68646e-07 3.09902e-07 2.65265e-06 5.77226e-06 2.7847e-06 -2.1094e-05 -7.3027e-05 -9.98341e-05 8.26548e-05 0.000726751 0.00162902 0.00097583 -0.00530944 -0.0196502 -0.0282848 0.0193696 0.195502 0.5 0.804498 0.98063 1.02828 1.01965 1.00531 0.999024 0.998371 0.999273 0.999917 1.0001 1.00007 1.00002 0.999997 0.999994 0.999997 1 1 1 1 1 1 
-1.75688e-15 1.78458e-15 -8.5468e-08 -2.74812e-07 -3.66955e-07 3.16823e-07 2.66522e-06 5.78284e-06 2.77472e-06 -2.11472e-05 -7.31293e-05 -9.99443e-05 8.26464e-05 0.000727011 0.0016297 0.000976897 -0.00530845 -0.0196503 -0.0282875 0.0193642 0.195497 0.5 0.804503 0.980636 1.02829 1.01965 1.00531 0.999023 0.99837 0.999273 0.999917 1.0001 1.00007 1.00002 0.999997 0.999994 0.999997 1 1 1 1 1 1 
-1.78458e-15 1.80918e-15 -8.59332e-08 -2.75248e-07 -3.65412e-07 3.23104e-07 2.67677e-06 5.79307e-06 2.7671e-06 -2.11937e-05 -7.32221e-05 -0.00010005 8.26244e-05 0.000727228 0.00163031 0.000977886 -0.00530748 -0.0196504 -0.0282899 0.0193594 0.195493 0.5 0.804507 0.980641 1.02829 1.01965 1.00531 0.999022 0.99837 0.999273 0.999917 1.0001 1.00007 1.00002 0.999997 0.999994 0.999997 1 1 1 1 1 1 
-1.80918e-15 1.83103e-15 -8.63449e-08 -2.75627e-07 -3.6401e-07 3.288e-07 2.68737e-06 5.80294e-06 2.76153e-06 -2.12342e-05 -7.33063e-05 -0.000100151 8.25917e-05 0.000727408 0.00163085 0.0009788 -0.00530655 -0.0196504 -0.0282919 0.0193551 0.195489 0.5 0.804511 0.980645 1.02829 1.01965 1.00531 0.999021 0.998369 0.999273 0.999917 1.0001 1.00007 1.00002 0.999997 0.999994 0.999997 1 1 1 1 1 1 
-1.83103e-15 1.85047e-15 -8.67102e-08 -2.7596e-07 -3.62742e-07 3.33959e-07 2.69711e-06 5.81244e-06 2.75774e-06 -2.12693e-05 -7.33825e-05 -0.000100247 8.25507e-05 0.000727555 0.00163133 0.000979641 -0.00530566 -0.0196502 -0.0282937 0.0193514 0.195485 0.5 0.804515 0.980649 1.02829 1.01965 1.00531 0.99902 0.998369 0.999272 0.999917 1.0001 1.00007 1.00002 0.999997 0.999994 0.999997 1 1 1 1 1 1 
-1.85047e-15 1.86779e-15 -8.70352e-08 -2.76256e-07 -3.61601e-07 3.38626e-07 2.70605e-06 5.82157e-06 2.75547e-06 -2.12997e-05 -7.34514e-05 -0.000100338 8.25033e-05 0.000727674 0.00163176 0.000980412 -0.00530482 -0.0196501 -0.0282952 0.019348 0.195482 0.5 0.804518 0.980652 1.0283 1.01965 1.0053 0.99902 0.998368 0.999272 0.999917 1.0001 1.00007 1.00002 0.999997 0.999994 0.999997 1 1 1 1 1 1 
-1.86779e-15 1.88323e-15 -8.7325e-08 -2.7652e-07 -3.60579e-07 3.42844e-07 2.71426e-06 5.83033e-06 2.75449e-06 -2.13258e-05 -7.35135e-05 -0.000100424 8.24513e-05 0.000727768 0.00163213 0.000981117 -0.00530402 -0.0196498 -0.0282965 0.0193451 0.195479 0.5 0.804521 0.980655 1.0283 1.01965 1.0053 0.999019 0.998368 0.999272 0.999918 1.0001 1.00007 1.00002 0.999997 0.999994 0.999997 1 1 1 1 1 1 
-1.88323e-15 1.89703e-15 -8.75842e-08 -2.7676e-07 -3.59669e-07 3.46652e-07 2.7218e-06 5.8387e-06 2.7546e-06 -2.13482e-05 -7.35694e-05 -0.000100505 8.23962e-05 0.000727842 0.00163246 0.000981758 -0.00530327 -0.0196496 -0.0282975 0.0193425 0.195477 0.5 0.804523 0.980657 1.0283 1.01965 1.0053 0.999018 0.998368 0.999272 0.999918 1.0001 1.00007 1.00002 0.999997 0.999994 0.999997 1 1 1 1 1 1 
-1.89703e-15 1.90939e-15 -8.78167e-08 -2.7698e-07 -3.58862e-07 3.50083e-07 2.72871e-06 5.8467e-06 2.75563e-06 -2.13672e-05 -7.36197e-05 -0.00010058 8.23391e-05 0.000727898 0.00163275 0.000982341 -0.00530256 -0.0196493 -0.0282984 0.0193403 0.195475 0.5 0.804525 0.98066 1.0283 1.01965 1.0053 0.999018 0.998367 0.999272 0.999918 1.0001 1.00007 1.00002 0.999997 0.999994 0.999997 1 1 1 1 1 1 
-1.90939e-15 1.92049e-15 -8.80259e-08 -2.77183e-07 -3.58151e-07 3.53173e-07 2.73505e-06 5.85432e-06 2.75742e-06 -2.13833e-05 -7.36648e-05 -0.000100651 8.22812e-05 0.000727938 0.00163301 0.000982868 -0.00530191 -0.019649 -0.0282992 0.0193383 0.195473 0.5 0.804527 0.980662 1.0283 1.01965 1.0053 0.999017 0.998367 0.999272 0.999918 1.0001 1.00007 1.00002 0.999997 0.999994 0.999997 1 1 1 1 1 1 
-1.92049e-15 1.93047e-15 -8.82146e-08 -2.77372e-07 -3.57528e-07 3.55949e-07 2.74086e-06 5.86156e-06 2.75983e-06 -2.13968e-05 -7.37051e-05 -0.000100716 8.22233e-05 0.000727966 0.00163323 0.000983344 -0.00530131 -0.0196487 -0.0282998 0.0193367 0.195471 0.5 0.804529 0.980663 1.0283 1.01965 1.0053 0.999017 0.998367 0.999272 0.999918 1.0001 1.00007 1.00002 0.999997 0.999994 0.999997 1 1 1 1 1 1 
-1.93047e-15 1.93948e-15 -8.83854e-08 -2.7755e-07 -3.56986e-07 3.5844e-07 2.74619e-06 5.86843e-06 2.76274e-06 -2.1408e-05 -7.37411e-05 -0.000100777 8.21661e-05 0.000727982 0.00163342 0.000983772 -0.00530075 -0.0196484 -0.0283003 0.0193352 0.19547 0.5 0.80453 0.980665 1.0283 1.01965 1.0053 0.999016 0.998367 0.999272 0.999918 1.0001 1.00007 1.00002 0.999997 0.999994 0.999997 1 1 1 1 1 1 
-1.93948e-15 1.94762e-15 -8.85403e-08 -2.77718e-07 -3.56518e-07 3.60672e-07 2.75105e-06 5.87493e-06 2.76603e-06 -2.14172e-05 -7.37731e-05 -0.000100833 8.211e-05 0.00072799 0.00163358 0.000984155 -0.00530024 -0.0196481 -0.0283007 0.019334 0.195469 0.5 0.804531 0.980666 1.0283 1.01965 1.0053 0.999016 0.998366 0.999272 0.999918 1.0001 1.00007 1.00002 0.999997 0.999994 0.999997 1 1 1 1 1 1 
-1.94762e-15 1.95501e-15 -8.86812e-08 -2.77878e-07 -3.56117e-07 3.62667e-07 2.7555e-06 5.88107e-06 2.76963e-06 -2.14246e-05 -7.38015e-05 -0.000100885 8.20556e-05 0.00072799 0.00163373 0.000984498 -0.00529977 -0.0196478 -0.028301 0.0193329 0.195468 0.5 0.804532 0.980667 1.0283 1.01965 1.0053 0.999016 0.998366 0.999272 0.999918 1.0001 1.00007 1.00002 0.999997 0.999994 0.999997 1 1 1 1 1 1 
-1.95501e-15 1.96172e-15 -8.88097e-08 -2.78032e-07 -3.55778e-07 3.64447e-07 2.75957e-06 5.88686e-06 2.77343e-06 -2.14306e-05 -7.38267e-05 -0.000100932 8.20032e-05 0.000727985 0.00163385 0.000984803 -0.00529934 -0.0196475 -0.0283012 0.0193321 0.195467 0.5 0.804533 0.980668 1.0283 1.01965 1.0053 0.999015 0.998366 0.999272 0.999918 1.0001 1.00007 1.00002 0.999997 0.999994 0.999997 1 1 1 1 1 1 
-1.96172e-15 1.96783e-15 -8.89271e-08 -2.78179e-07 -3.55492e-07 3.66033e-07 2.76328e-06 5.8923e-06 2.77738e-06 -2.14352e-05 -7.38488e-05 -0.000100976 8.19531e-05 0.000727974 0.00163395 0.000985073 -0.00529895 -0.0196472 -0.0283014 0.0193313 0.195466 0.5 0.804534 0.980669 1.0283 1.01965 1.0053 0.999015 0.998366 0.999272 0.999918 1.0001 1.00007 1.00002 0.999997 0.999994 0.999997 1 1 1 1 1 1 
-1.96783e-15 1.97342e-15 -8.90347e-08 -2.78321e-07 -3.55257e-07 3.67441e-07 2.76665e-06 5.89741e-06 2.78142e-06 -2.14386e-05 -7.38683e-05 -0.000101016 8.19054e-05 0.00072796 0.00163403 0.000985312 -0.00529859 -0.019647 -0.0283015 0.0193307 0.195465 0.5 0.804535 0.980669 1.0283 1.01965 1.0053 0.999015 0.998366 0.999272 0.999918 1.0001 1.00007 1.00002 0.999997 0.999994 0.999997 1 1 1 1 1 1 
-1.97342e-15 1.97852e-15 -8.91333e-08 -2.78458e-07 -3.55065e-07 3.6869e-07 2.76973e-06 5.90219e-06 2.78548e-06 -2.14411e-05 -7.38854e-05 -0.000101052 8.18602e-05 0.000727943 0.00163411 0.000985523 -0.00529828 -0.0196467 -0.0283016 0.0193302 0.195465 0.5 0.804535 0.98067 1.0283 1.01965 1.0053 0.999014 0.998366 0.999272 0.999918 1.0001 1.00007 1.00002 0.999997 0.999994 0.999997 1 1 1 1 1 1 
-1.97852e-15 1.98321e-15 -8.9224e-08 -2.7859e-07 -3.54912e-07 3.69793e-07 2.77252e-06 5.90666e-06 2.78954e-06 -2.14427e-05 -7.39002e-05 -0.000101085 8.18177e-05 0.000727923 0.00163416 0.000985708 -0.00529799 -0.0196465 -0.0283016 0.0193298 0.195464 0.5 0.804536 0.98067 1.0283 1.01965 1.0053 0.999014 0.998366 0.999272 0.999918 1.0001 1.00007 1.00002 0.999997 0.999994 0.999997 1 1 1 1 1 1 
-1.98321e-15 1.98751e-15 -8.93075e-08 -2.78717e-07 -3.54794e-07 3.70765e-07 2.77506e-06 5.91084e-06 2.79355e-06 -2.14436e-05 -7.39132e-05 -0.000101114 8.17778e-05 0.000727902 0.00163421 0.00098587 -0.00529773 -0.0196463 -0.0283016 0.0193295 0.195464 0.5 0.804536 0.980671 1.0283 1.01965 1.0053 0.999014 0.998366 0.999272 0.999918 1.0001 1.00007 1.00002 0.999997 0.999994 0.999997 1 1 1 1 1 1 
-1.98751e-15 1.99146e-15 -8.93844e-08 -2.7884e-07 -3.54707e-07 3.7162e-07 2.77736e-06 5.91472e-06 2.79749e-06 -2.14439e-05 -7.39243e-05 -0.000101141 8.17406e-05 0.00072788 0.00163425 0.00098601 -0.0052975 -0.019646 -0.0283016 0.0193292 0.195464 0.5 0.804536 0.980671 1.0283 1.01965 1.0053 0.999014 0.998366 0.999272 0.999918 1.0001 1.00007 1.00002 0.999997 0.999994 0.999997 1 1 1 1 1 1 
-1.99146e-15 1.9951e-15 -8.94553e-08 -2.78959e-07 -3.54647e-07 3.72368e-07 2.77944e-06 5.91833e-06 2.80133e-06 -2.14437e-05 -7.39338e-05 -0.000101166 8.1706e-05 0.000727857 0.00163428 0.000986132 -0.00529729 -0.0196458 -0.0283016 0.0193291 0.195463 0.5 0.804537 0.980671 1.0283 1.01965 1.0053 0.999014 0.998366 0.999272 0.999918 1.0001 1.00007 1.00002 0.999997 0.999994 0.999997 1 1 1 1 1 1 
-1.9951e-15 1.99846e-15 -8.95208e-08 -2.79073e-07 -3.54609e-07 3.7302e-07 2.78132e-06 5.92168e-06 2.80504e-06 -2.14431e-05 -7.3942e-05 -0.000101187 8.16739e-05 0.000727834 0.0016343 0.000986237 -0.00529711 -0.0196457 -0.0283015 0.0193289 0.195463 0.5 0.804537 0.980671 1.0283 1.01965 1.0053 0.999014 0.998366 0.999272 0.999918 1.0001 1.00007 1.00002 0.999997 0.999994 0.999997 1 1 1 1 1 1 
-1.99846e-15 2.00155e-15 -8.95813e-08 -2.79183e-07 -3.54592e-07 3.73587e-07 2.78301e-06 5.92478e-06 2.80863e-06 -2.14421e-05 -7.39489e-05 -0.000101207 8.16443e-05 0.000727811 0.00163432 0.000986327 -0.00529695 -0.0196455 -0.0283015 0.0193288 0.195463 0.5 0.804537 0.980671 1.0283 1.01965 1.0053 0.999014 0.998366 0.999272 0.999918 1.0001 1.00007 1.00002 0.999997 0.999994 0.999997 1 1 1 1 1 1 
-2.00155e-15 2.00441e-15 -8.96371e-08 -2.79288e-07 -3.54592e-07 3.74077e-07 2.78454e-06 5.92764e-06 2.81206e-06 -2.14408e-05 -7.39547e-05 -0.000101224 8.1617e-05 0.000727789 0.00163433 0.000986403 -0.00529681 -0.0196453 -0.0283014 0.0193288 0.195463 0.5 0.804537 0.980671 1.0283 1.01965 1.0053 0.999014 0.998366 0.999272 0.999918 1.0001 1.00007 1.00002 0.999997 0.999994 0.999997 1 1 1 1 1 1 
-2.00441e-15 2.00706e-15 -8.96888e-08 -2.7939e-07 -3.54607e-07 3.74498e-07 2.78591e-06 5.93028e-06 2.81534e-06 -2.14394e-05 -7.39595e-05 -0.000101239 8.1592e-05 0.000727767 0.00163434 0.000986468 -0.00529668 -0.0196452 -0.0283013 0.0193288 0.195463 0.5 0.804537 0.980671 1.0283 1.01965 1.0053 0.999014 0.998366 0.999272 0.999918 1.0001 1.00007 1.00002 0.999997 0.999994 0.999997 1 1 1 1 1 1 
-2.00706e-15 2.0095e-15 -8.97365e-08 -2.79486e-07 -3.54634e-07 3.74858e-07 2.78713e-06 5.93271e-06 2.81847e-06 -2.14378e-05 -7.39634e-05 -0.000101253 8.15692e-05 0.000727746 0.00163435 0.000986522 -0.00529657 -0.0196451 -0.0283012 0.0193288 0.195463 0.5 0.804537 0.980671 1.0283 1.01965 1.0053 0.999013 0.998366 0.999272 0.999918 1.0001 1.00007 1.00002 0.999997 0.999994 0.999997 1 1 1 1 1 1 
-2.0095e-15 2.01175e-15 -8.97806e-08 -2.79579e-07 -3.54672e-07 3.75164e-07 2.78823e-06 5.93494e-06 2.82142e-06 -2.1436e-05 -7.39665e-05 -0.000101265 8.15484e-05 0.000727726 0.00163435 0.000986567 -0.00529648 -0.0196449 -0.0283011 0.0193288 0.195463 0.5 0.804537 0.980671 1.0283 1.01964 1.0053 0.999013 0.998366 0.999272 0.999918 1.0001 1.00007 1.00002 0.999997 0.999994 0.999997 1 1 1 1 1 1 
-2.01175e-15 2.01384e-15 -8.98213e-08 -2.79667e-07 -3.54718e-07 3.75421e-07 2.78921e-06 5.93698e-06 2.82422e-06 -2.14342e-05 -7.3969e-05 -0.000101275 8.15295e-05 0.000727707 0.00163434 0.000986604 -0.00529639 -0.0196448 -0.028301 0.0193288 0.195463 0.5 0.804537 0.980671 1.0283 1.01964 1.0053 0.999013 0.998366 0.999272 0.999918 1.0001 1.00007 1.00002 0.999997 0.999994 0.999997 1 1 1 1 1 1 
-2.01384e-15 2.01577e-15 -8.9859e-08 -2.79751e-07 -3.5477e-07 3.75635e-07 2.79009e-06 5.93885e-06 2.82685e-06 -2.14323e-05 -7.3971e-05 -0.000101285 8.15124e-05 0.000727688 0.00163434 0.000986633 -0.00529632 -0.0196447 -0.0283009 0.0193289 0.195463 0.5 0.804537 0.980671 1.0283 1.01964 1.0053 0.999013 0.998366 0.999272 0.999918 1.0001 1.00007 1.00002 0.999997 0.999994 0.999997 1 1 1 1 1 1 
-2.01577e-15 2.01755e-15 -8.98937e-08 -2.79831e-07 -3.54828e-07 3.75812e-07 2.79086e-06 5.94056e-06 2.82932e-06 -2.14304e-05 -7.39724e-05 -0.000101293 8.1497e-05 0.000727671 0.00163434 0.000986657 -0.00529626 -0.0196446 -0.0283009 0.0193289 0.195463 0.5 0.804537 0.980671 1.0283 1.01964 1.0053 0.999013 0.998366 0.999272 0.999919 1.0001 1.00007 1.00002 0.999997 0.999994 0.999997 1 1 1 1 1 1 
-2.01755e-15 2.01919e-15 -8.99258e-08 -2.79907e-07 -3.5489e-07 3.75956e-07 2.79155e-06 5.94211e-06 2.83163e-06 -2.14284e-05 -7.39733e-05 -0.0001013 8.14831e-05 0.000727655 0.00163433 0.000986676 -0.00529621 -0.0196446 -0.0283008 0.019329 0.195463 0.5 0.804537 0.980671 1.0283 1.01964 1.0053 0.999013 0.998366 0.999272 0.999919 1.0001 1.00007 1.00002 0.999997 0.999994 0.999997 1 1 1 1 1 1 
-2.01919e-15 2.02071e-15 -8.99553e-08 -2.79979e-07 -3.54955e-07 3.7607e-07 2.79216e-06 5.94352e-06 2.83378e-06 -2.14266e-05 -7.3974e-05 -0.000101306 8.14707e-05 0.00072764 0.00163432 0.00098669 -0.00529617 -0.0196445 -0.0283007 0.0193291 0.195463 0.5 0.804537 0.980671 1.0283 1.01964 1.0053 0.999013 0.998366 0.999272 0.999919 1.0001 1.00007 1.00002 0.999997 0.999994 0.999997 1 1 1 1 1 1 
-2.02071e-15 2.02211e-15 -8.99825e-08 -2.80047e-07 -3.55022e-07 3.7616e-07 2.79269e-06 5.9448e-06 2.83579e-06 -2.14247e-05 -7.39743e-05 -0.000101311 8.14596e-05 0.000727626 0.00163431 0.0009867 -0.00529613 -0.0196444 -0.0283006 0.0193292 0.195463 0.5 0.804537 0.980671 1.0283 1.01964 1.0053 0.999013 0.998366 0.999272 0.999919 1.0001 1.00007 1.00002 0.999997 0.999994 0.999997 1 1 1 1 1 1 
-2.02211e-15 2.0234e-15 -9.00076e-08 -2.80111e-07 -3.55089e-07 3.76227e-07 2.79316e-06 5.94596e-06 2.83765e-06 -2.14229e-05 -7.39743e-05 -0.000101315 8.14498e-05 0.000727613 0.00163431 0.000986706 -0.0052961 -0.0196444 -0.0283005 0.0193292 0.195463 0.5 0.804537 0.980671 1.0283 1.01964 1.0053 0.999013 0.998366 0.999272 0.999919 1.0001 1.00007 1.00002 0.999997 0.999994 0.999997 1 1 1 1 1 1 
-2.0234e-15 2.02459e-15 -9.00307e-08 -2.80171e-07 -3.55157e-07 3.76275e-07 2.79356e-06 5.94701e-06 2.83937e-06 -2.14211e-05 -7.39741e-05 -0.000101319 8.14411e-05 0.000727601 0.0016343 0.000986711 -0.00529607 -0.0196443 -0.0283005 0.0193293 0.195463 0.5 0.804537 0.980671 1.0283 1.01964 1.0053 0.999013 0.998366 0.999272 0.999919 1.0001 1.00007 1.00002 0.999997 0.999994 0.999997 1 1 1 1 1 1 
-2.02459e-15 2.02569e-15 -9.00518e-08 -2.80227e-07 -3.55225e-07 3.76307e-07 2.79392e-06 5.94795e-06 2.84097e-06 -2.14194e-05 -7.39737e-05 -0.000101322 8.14334e-05 0.00072759 0.00163429 0.000986712 -0.00529605 -0.0196443 -0.0283004 0.0193294 0.195463 0.5 0.804537 0.980671 1.0283 1.01964 1.0053 0.999013 0.998366 0.999272 0.999919 1.0001 1.00007 1.00002 0.999997 0.999994 0.999997 1 1 1 1 1 1 
-2.02569e-15 2.0267e-15 -9.00713e-08 -2.8028e-07 -3.55292e-07 3.76325e-07 2.79423e-06 5.9488e-06 2.84243e-06 -2.14178e-05 -7.39732e-05 -0.000101324 8.14266e-05 0.00072758 0.00163428 0.000986712 -0.00529604 -0.0196442 -0.0283003 0.0193295 0.195463 0.5 0.804537 0.980671 1.0283 1.01964 1.0053 0.999013 0.998366 0.999272 0.999919 1.0001 1.00007 1.00002 0.999997 0.999994 0.999997 1 1 1 1 1 1 
-2.0267e-15 2.02762e-15 -9.00891e-08 -2.8033e-07 -3.55358e-07 3.76331e-07 2.79449e-06 5.94956e-06 2.84378e-06 -2.14162e-05 -7.39726e-05 -0.000101326 8.14207e-05 0.000727571 0.00163427 0.000986711 -0.00529602 -0.0196442 -0.0283003 0.0193295 0.195463 0.5 0.804537 0.98067 1.0283 1.01964 1.0053 0.999013 0.998366 0.999272 0.999919 1.0001 1.00007 1.00002 0.999997 0.999994 0.999997 1 1 1 1 1 1 
-2.02762e-15 2.02847e-15 -9.01054e-08 -2.80376e-07 -3.55421e-07 3.76326e-07 2.79472e-06 5.95024e-06 2.84502e-06 -2.14147e-05 -7.39719e-05 -0.000101328 8.14156e-05 0.000727562 0.00163426 0.000986708 -0.00529601 -0.0196442 -0.0283002 0.0193296 0.195463 0.5 0.804537 0.98067 1.0283 1.01964 1.0053 0.999013 0.998366 0.999272 0.999919 1.0001 1.00007 1.00002 0.999997 0.999994 0.999997 1 1 1 1 1 1 
-2.02847e-15 2.02925e-15 -9.01203e-08 -2.80419e-07 -3.55483e-07 3.76314e-07 2.79491e-06 5.95085e-06 2.84615e-06 -2.14133e-05 -7.39711e-05 -0.000101329 8.14111e-05 0.000727555 0.00163425 0.000986704 -0.00529601 -0.0196442 -0.0283002 0.0193297 0.195463 0.5 0.804537 0.98067 1.0283 1.01964 1.0053 0.999013 0.998366 0.999272 0.999919 1.0001 1.00007 1.00002 0.999997 0.999994 0.999997 1 1 1 1 1 1 
