1 1 0.9875 0.975 0.9625 0.95 0.9375 0.925 0.9125 0.9 0.8875 0.875 0.8625 0.85 0.8375 0.825 0.8125 0.8 0.7875 0.775 0.7625 0.75 0.7375 0.725 0.7125 0.7 0.6875 0.675 0.6625 0.65 0.6375 0.625 0.6125 0.6 0.5875 0.575 0.5625 0.55 0.5375 0.525 0.5125 0.5 0.5 
1 1 0.991215 0.977438 0.964906 0.952375 0.939844 0.927313 0.914781 0.90225 0.889719 0.877188 0.864656 0.852125 0.839594 0.827063 0.814531 0.802 0.789469 0.776938 0.764406 0.751875 0.739344 0.726813 0.714281 0.70175 0.689219 0.676688 0.664156 0.651625 0.639094 0.626563 0.614031 0.6015 0.588969 0.576438 0.563906 0.551375 0.538844 0.526313 0.513781 0.500629 0.5 
1 1 0.993833 0.980502 0.967325 0.954762 0.942199 0.929637 0.917074 0.904511 0.891949 0.879386 0.866823 0.854261 0.841698 0.829135 0.816573 0.80401 0.791447 0.778885 0.766322 0.753759 0.741197 0.728634 0.716071 0.703509 0.690946 0.678383 0.665821 0.653258 0.640695 0.628133 0.61557 0.603008 0.590445 0.577882 0.56532 0.552757 0.540194 0.527632 0.515069 0.501386 0.499371 
1 1 0.995675 0.98381 0.969815 0.957161 0.944567 0.931972 0.919378 0.906784 0.89419 0.881595 0.869001 0.856407 0.843813 0.831219 0.818624 0.80603 0.793436 0.780842 0.768247 0.755653 0.743059 0.730465 0.717871 0.705276 0.692682 0.680088 0.667494 0.654899 0.642305 0.629711 0.617117 0.604523 0.591928 0.579334 0.56674 0.554146 0.541551 0.528957 0.516363 0.502273 0.498614 
1 1 0.996968 0.986892 0.972608 0.959577 0.946946 0.93432 0.921694 0.909068 0.896442 0.883816 0.87119 0.858564 0.845938 0.833312 0.820686 0.80806 0.795434 0.782808 0.770183 0.757557 0.744931 0.732305 0.719679 0.707053 0.694427 0.681801 0.669175 0.656549 0.643923 0.631297 0.618671 0.606045 0.593419 0.580793 0.568167 0.555542 0.542916 0.53029 0.517664 0.503289 0.497727 
1 1 0.997876 0.989581 0.975678 0.96204 0.949338 0.936679 0.924021 0.911363 0.898706 0.886048 0.87339 0.860732 0.848074 0.835417 0.822759 0.810101 0.797443 0.784785 0.772127 0.75947 0.746812 0.734154 0.721496 0.708838 0.69618 0.683523 0.670865 0.658207 0.645549 0.632891 0.620233 0.607576 0.594918 0.58226 0.569602 0.556944 0.544287 0.531629 0.518971 0.504437 0.496711 
1 1 0.998512 0.991836 0.978917 0.964575 0.951745 0.93905 0.926361 0.913671 0.900981 0.888291 0.875601 0.862911 0.850221 0.837531 0.824842 0.812152 0.799462 0.786772 0.774082 0.761392 0.748702 0.736012 0.723323 0.710633 0.697943 0.685253 0.672563 0.659873 0.647183 0.634494 0.621804 0.609114 0.596424 0.583734 0.571044 0.558354 0.545664 0.532975 0.520285 0.505717 0.495563 
1 1 0.998958 0.993678 0.982063 0.967335 0.954175 0.941434 0.928712 0.91599 0.903267 0.890545 0.877823 0.865101 0.852379 0.839657 0.826935 0.814213 0.801491 0.788769 0.776047 0.763325 0.750603 0.73788 0.725158 0.712436 0.699714 0.686992 0.67427 0.661548 0.648826 0.636104 0.623382 0.61066 0.597938 0.585216 0.572493 0.559771 0.547049 0.534327 0.521605 0.507131 0.494283 
1 1 0.99927 0.99515 0.984971 0.970338 0.956646 0.943831 0.931075 0.91832 0.905566 0.892811 0.880057 0.867302 0.854548 0.841794 0.829039 0.816285 0.80353 0.790776 0.778021 0.765267 0.752512 0.739758 0.727003 0.714249 0.701495 0.68874 0.675986 0.663231 0.650477 0.637722 0.624968 0.612213 0.599459 0.586705 0.57395 0.561196 0.548441 0.535687 0.522932 0.508679 0.492869 
1 1 0.999489 0.996308 0.987577 0.973523 0.959183 0.946245 0.93345 0.920663 0.907876 0.895089 0.882302 0.869515 0.856728 0.843941 0.831154 0.818367 0.80558 0.792793 0.780006 0.767219 0.754432 0.741645 0.728858 0.716071 0.703284 0.690497 0.67771 0.664923 0.652136 0.639349 0.626562 0.613775 0.600988 0.588201 0.575414 0.562627 0.54984 0.537053 0.524266 0.510206 0.491321 
1 1 0.999642 0.997209 0.989853 0.976782 0.961828 0.94868 0.935838 0.923017 0.910198 0.897378 0.884558 0.871738 0.858919 0.846099 0.833279 0.82046 0.80764 0.79482 0.782001 0.769181 0.756361 0.743542 0.730722 0.717902 0.705083 0.692263 0.679443 0.666624 0.653804 0.640984 0.628165 0.615345 0.602525 0.589705 0.576886 0.564066 0.551246 0.538427 0.525607 0.511707 0.489794 
1 1 0.99975 0.997901 0.991799 0.979898 0.964715 0.951146 0.93824 0.925384 0.912531 0.899679 0.886826 0.873974 0.861121 0.848268 0.835416 0.822563 0.809711 0.796858 0.784006 0.771153 0.758301 0.745448 0.732596 0.719743 0.70689 0.694038 0.681185 0.668333 0.65548 0.642628 0.629775 0.616923 0.60407 0.591217 0.578365 0.565512 0.55266 0.539807 0.526955 0.513185 0.488293 
1 1 0.999825 0.99843 0.993433 0.982803 0.967809 0.953664 0.940657 0.927763 0.914877 0.901991 0.889106 0.87622 0.863335 0.850449 0.837563 0.824678 0.811792 0.798907 0.786021 0.773135 0.76025 0.747364 0.734479 0.721593 0.708707 0.695822 0.682936 0.670051 0.657165 0.64428 0.631394 0.618508 0.605623 0.592737 0.579852 0.566966 0.55408 0.541195 0.528309 0.514646 0.486815 
1 1 0.999877 0.99883 0.994785 0.98545 0.971056 0.956255 0.943093 0.930155 0.917235 0.904316 0.891397 0.878478 0.865559 0.852641 0.839722 0.826803 0.813884 0.800965 0.788047 0.775128 0.762209 0.74929 0.736371 0.723453 0.710534 0.697615 0.684696 0.671777 0.658859 0.64594 0.633021 0.620102 0.607184 0.594265 0.581346 0.568427 0.555508 0.54259 0.529671 0.516093 0.485354 
1 1 0.999914 0.999132 0.995889 0.987814 0.974347 0.958969 0.945555 0.93256 0.919605 0.906652 0.8937 0.880748 0.867796 0.854844 0.841892 0.828939 0.815987 0.803035 0.790083 0.777131 0.764178 0.751226 0.738274 0.725322 0.71237 0.699418 0.686465 0.673513 0.660561 0.647609 0.634657 0.621704 0.608752 0.5958 0.582848 0.569896 0.556944 0.543991 0.531039 0.517529 0.483907 
1 1 0.99994 0.999358 0.99678 0.989889 0.977501 0.961916 0.948052 0.93498 0.921987 0.909001 0.896015 0.88303 0.870044 0.857058 0.844072 0.831087 0.818101 0.805115 0.792129 0.779144 0.766158 0.753172 0.740187 0.727201 0.714215 0.701229 0.688244 0.675258 0.662272 0.649286 0.636301 0.623315 0.610329 0.597344 0.584358 0.571372 0.558386 0.545401 0.532415 0.518957 0.482471 
1 1 0.999958 0.999526 0.997493 0.991682 0.980464 0.96506 0.950606 0.937417 0.924382 0.911362 0.898342 0.885323 0.872303 0.859284 0.846265 0.833245 0.820226 0.807206 0.794187 0.781167 0.768148 0.755128 0.742109 0.729089 0.71607 0.703051 0.690031 0.677012 0.663992 0.650973 0.637953 0.624934 0.611914 0.598895 0.585875 0.572856 0.559837 0.546817 0.533798 0.520378 0.481043 
1 1 0.999971 0.999652 0.998059 0.993211 0.983198 0.96835 0.953235 0.939875 0.926791 0.913735 0.900682 0.887628 0.874575 0.861521 0.848468 0.835415 0.822361 0.809308 0.796255 0.783201 0.770148 0.757095 0.744041 0.730988 0.717935 0.704881 0.691828 0.678775 0.665721 0.652668 0.639614 0.626561 0.613508 0.600454 0.587401 0.574348 0.561294 0.548241 0.535188 0.521796 0.479622 
1 1 0.999979 0.999744 0.998504 0.994498 0.985678 0.971698 0.955976 0.942361 0.929214 0.916121 0.903033 0.889946 0.876858 0.863771 0.850683 0.837596 0.824508 0.811421 0.798333 0.785246 0.772159 0.759071 0.745984 0.732896 0.719809 0.706721 0.693634 0.680547 0.667459 0.654372 0.641284 0.628197 0.615109 0.602022 0.588935 0.575847 0.56276 0.549672 0.536585 0.523211 0.478204 
1 1 0.999986 0.999813 0.998852 0.995571 0.987894 0.97492 0.95895 0.944883 0.931652 0.918519 0.905397 0.892275 0.879153 0.866032 0.85291 0.839788 0.826666 0.813545 0.800423 0.787301 0.77418 0.761058 0.747936 0.734815 0.721693 0.708571 0.69545 0.682328 0.669206 0.656085 0.642963 0.629841 0.616719 0.603598 0.590476 0.577354 0.564233 0.551111 0.537989 0.524626 0.476789 
1 1 0.99999 0.999863 0.999123 0.996456 0.989847 0.977971 0.962122 0.947463 0.934108 0.920931 0.907773 0.894617 0.88146 0.868304 0.855148 0.841992 0.828836 0.81568 0.802524 0.789368 0.776211 0.763055 0.749899 0.736743 0.723587 0.710431 0.697275 0.684119 0.670962 0.657806 0.64465 0.631494 0.618338 0.605182 0.592026 0.57887 0.565713 0.552557 0.539401 0.526041 0.475374 
1 1 0.999993 0.9999 0.999332 0.99718 0.991547 0.980813 0.965444 0.950118 0.936587 0.923356 0.910162 0.896971 0.88378 0.870589 0.857398 0.844208 0.831017 0.817826 0.804635 0.791445 0.778254 0.765063 0.751872 0.738682 0.725491 0.7123 0.699109 0.685919 0.672728 0.659537 0.646346 0.633156 0.619965 0.606774 0.593583 0.580393 0.567202 0.554011 0.54082 0.527457 0.473959 
1 1 0.999995 0.999927 0.999493 0.997767 0.993011 0.983422 0.968859 0.952861 0.939093 0.925796 0.912563 0.899337 0.886111 0.872886 0.85966 0.846435 0.833209 0.819984 0.806758 0.793533 0.780307 0.767081 0.753856 0.74063 0.727405 0.714179 0.700954 0.687728 0.674503 0.661277 0.648052 0.634826 0.6216 0.608375 0.595149 0.581924 0.568698 0.555473 0.542247 0.528876 0.472543 
1 1 0.999997 0.999947 0.999617 0.998241 0.994257 0.985786 0.972167 0.955837 0.941635 0.928252 0.914978 0.901716 0.888455 0.875195 0.861934 0.848674 0.835413 0.822153 0.808892 0.795631 0.782371 0.76911 0.75585 0.742589 0.729329 0.716068 0.702808 0.689547 0.676287 0.663026 0.649766 0.636505 0.623245 0.609984 0.596724 0.583463 0.570203 0.556942 0.543682 0.530298 0.471124 
1 1 0.999998 0.999962 0.999711 0.99862 0.995309 0.987901 0.97532 0.959019 0.944234 0.930727 0.917406 0.904107 0.890811 0.877516 0.86422 0.850924 0.837629 0.824333 0.811037 0.797742 0.784446 0.77115 0.757855 0.744559 0.731263 0.717967 0.704672 0.691376 0.67808 0.664785 0.651489 0.638193 0.624898 0.611602 0.598306 0.58501 0.571715 0.558419 0.545123 0.531724 0.469702 
1 1 0.999998 0.999972 0.999782 0.998922 0.99619 0.989772 0.978282 0.962361 0.946906 0.933224 0.919848 0.906512 0.89318 0.879849 0.866518 0.853187 0.839856 0.826525 0.813194 0.799863 0.786532 0.773201 0.75987 0.746539 0.733208 0.719877 0.706546 0.693214 0.679883 0.666552 0.653221 0.63989 0.626559 0.613228 0.599897 0.586566 0.573235 0.559904 0.546573 0.533155 0.468276 
1 1 0.999999 0.99998 0.999837 0.999161 0.996921 0.991408 0.98103 0.965812 0.949666 0.935749 0.922305 0.908929 0.895562 0.882195 0.868828 0.855462 0.842095 0.828729 0.815362 0.801995 0.788629 0.775262 0.761896 0.748529 0.735163 0.721796 0.708429 0.695063 0.681696 0.66833 0.654963 0.641596 0.62823 0.614863 0.601497 0.58813 0.574763 0.561397 0.54803 0.53459 0.466845 
1 1 0.999999 0.999985 0.999878 0.999349 0.997523 0.992827 0.983547 0.969223 0.952612 0.93831 0.924779 0.91136 0.897956 0.884553 0.871151 0.857749 0.844346 0.830944 0.817542 0.804139 0.790737 0.777335 0.763933 0.75053 0.737128 0.723726 0.710323 0.696921 0.683519 0.670116 0.656714 0.643312 0.629909 0.616507 0.603105 0.589702 0.5763 0.562898 0.549495 0.536031 0.46541 
1 1 0.999999 0.999989 0.999909 0.999497 0.998017 0.994045 0.985826 0.972493 0.955778 0.940922 0.927271 0.913805 0.900363 0.886924 0.873486 0.860048 0.84661 0.833171 0.819733 0.806295 0.792857 0.779418 0.76598 0.752542 0.739104 0.725665 0.712227 0.698789 0.685351 0.671912 0.658474 0.645036 0.631598 0.618159 0.604721 0.591283 0.577845 0.564406 0.550968 0.537478 0.463969 
1 1 1 0.999992 0.999932 0.999612 0.998419 0.995083 0.987867 0.975587 0.959123 0.943605 0.929786 0.916263 0.902783 0.889308 0.875834 0.862359 0.848885 0.835411 0.821936 0.808462 0.794988 0.781513 0.768039 0.754565 0.74109 0.727616 0.714141 0.700667 0.687193 0.673718 0.660244 0.64677 0.633295 0.619821 0.606346 0.592872 0.579398 0.565923 0.552449 0.538931 0.462522 
1 1 1 0.999995 0.999949 0.999702 0.998745 0.995961 0.989678 0.978481 0.962597 0.946375 0.932328 0.918738 0.905217 0.891705 0.878194 0.864683 0.851173 0.837662 0.824151 0.810641 0.79713 0.783619 0.770109 0.756598 0.743087 0.729577 0.716066 0.702555 0.689045 0.675534 0.662023 0.648513 0.635002 0.621491 0.607981 0.59447 0.580959 0.567448 0.553938 0.54039 0.461069 
1 1 1 0.999996 0.999962 0.999772 0.999007 0.996698 0.991269 0.981157 0.96611 0.949273 0.934905 0.921228 0.907664 0.894114 0.880567 0.86702 0.853473 0.839926 0.826378 0.812831 0.799284 0.785737 0.77219 0.758642 0.745095 0.731548 0.718001 0.704454 0.690906 0.677359 0.663812 0.650265 0.636718 0.623171 0.609623 0.596076 0.582529 0.568982 0.555435 0.541857 0.45961 
1 1 1 0.999997 0.999972 0.999825 0.999217 0.997312 0.992656 0.983604 0.969498 0.952409 0.937528 0.923738 0.910125 0.896537 0.882953 0.869369 0.855785 0.842201 0.828617 0.815033 0.80145 0.787866 0.774282 0.760698 0.747114 0.73353 0.719946 0.706362 0.692778 0.679195 0.665611 0.652027 0.638443 0.624859 0.611275 0.597691 0.584107 0.570523 0.55694 0.54333 0.458143 
1 1 1 0.999998 0.999979 0.999867 0.999385 0.997822 0.993854 0.985819 0.972727 0.955743 0.940216 0.92627 0.9126 0.898973 0.885352 0.871731 0.85811 0.844489 0.830869 0.817248 0.803627 0.790006 0.776385 0.762765 0.749144 0.735523 0.721902 0.708281 0.694661 0.68104 0.667419 0.653798 0.640177 0.626557 0.612936 0.599315 0.585694 0.572073 0.558453 0.54481 0.45667 
1 1 1 0.999999 0.999985 0.999899 0.999518 0.998242 0.994882 0.987807 0.97577 0.959227 0.942989 0.928828 0.915092 0.901423 0.887764 0.874106 0.860448 0.84679 0.833132 0.819474 0.805816 0.792158 0.7785 0.764842 0.751185 0.737527 0.723869 0.710211 0.696553 0.682895 0.669237 0.655579 0.641921 0.628263 0.614606 0.600948 0.58729 0.573632 0.559974 0.546298 0.45519 
1 1 1 0.999999 0.999989 0.999923 0.999624 0.998586 0.995758 0.989573 0.978607 0.962808 0.945857 0.931419 0.917599 0.903886 0.890189 0.876493 0.862798 0.849103 0.835408 0.821712 0.808017 0.794322 0.780627 0.766932 0.753236 0.739541 0.725846 0.712151 0.698456 0.68476 0.671065 0.65737 0.643675 0.62998 0.616284 0.602589 0.588894 0.575199 0.561504 0.547793 0.453702 
1 1 1 0.999999 0.999992 0.999942 0.999707 0.998867 0.9965 0.991131 0.981224 0.96632 0.948938 0.934051 0.920126 0.906364 0.892627 0.878894 0.865161 0.851429 0.837696 0.823963 0.81023 0.796498 0.782765 0.769032 0.7553 0.741567 0.727834 0.714101 0.700369 0.686636 0.672903 0.659171 0.645438 0.631705 0.617972 0.60424 0.590507 0.576774 0.563042 0.549296 0.452207 
1 1 1 0.999999 0.999994 0.999956 0.999772 0.999095 0.997124 0.992494 0.983616 0.969688 0.952239 0.936743 0.922674 0.908856 0.895079 0.881308 0.867538 0.853767 0.839997 0.826226 0.812456 0.798685 0.784915 0.771145 0.757374 0.743604 0.729833 0.716063 0.702292 0.688522 0.674751 0.660981 0.647211 0.63344 0.61967 0.605899 0.592129 0.578358 0.564588 0.550807 0.450704 
1 1 1 1 0.999995 0.999967 0.999824 0.99928 0.997646 0.993678 0.985783 0.972883 0.955717 0.939514 0.925247 0.911364 0.897545 0.883735 0.869927 0.856118 0.84231 0.828502 0.814693 0.800885 0.787077 0.773268 0.75946 0.745652 0.731843 0.718035 0.704226 0.690418 0.67661 0.662801 0.648993 0.635185 0.621376 0.607568 0.59376 0.579951 0.566143 0.552326 0.449193 
1 1 1 1 0.999997 0.999975 0.999864 0.999429 0.998081 0.994699 0.987728 0.975884 0.959318 0.942378 0.927852 0.913889 0.900025 0.886176 0.872329 0.858483 0.844636 0.83079 0.816943 0.803097 0.78925 0.775404 0.761557 0.747711 0.733864 0.720018 0.706171 0.692325 0.678478 0.664632 0.650785 0.636939 0.623092 0.609246 0.595399 0.581553 0.567706 0.553852 0.447674 
1 1 1 1 0.999998 0.999981 0.999895 0.999548 0.998441 0.995575 0.989461 0.978675 0.962954 0.945381 0.930495 0.916432 0.902519 0.88863 0.874745 0.86086 0.846975 0.833091 0.819206 0.805321 0.791436 0.777551 0.763666 0.749781 0.735897 0.722012 0.708127 0.694242 0.680357 0.666472 0.652588 0.638703 0.624818 0.610933 0.597048 0.583163 0.569279 0.555387 0.446148 
1 1 1 1 0.999998 0.999986 0.999919 0.999643 0.998738 0.996321 0.990994 0.981246 0.966461 0.948629 0.93319 0.918996 0.905028 0.891099 0.877174 0.863251 0.849327 0.835404 0.821481 0.807557 0.793634 0.77971 0.765787 0.751864 0.73794 0.724017 0.710093 0.69617 0.682247 0.668323 0.6544 0.640476 0.626553 0.61263 0.598706 0.584783 0.570859 0.556931 0.444613 
1 1 1 1 0.999999 0.999989 0.999938 0.999719 0.998982 0.996954 0.992339 0.983596 0.96981 0.952079 0.935956 0.921584 0.907553 0.893581 0.879617 0.865655 0.851692 0.83773 0.823768 0.809806 0.795844 0.781882 0.767919 0.753957 0.739995 0.726033 0.712071 0.698109 0.684146 0.670184 0.656222 0.64226 0.628298 0.614336 0.600373 0.586411 0.572449 0.558483 0.443069 
1 1 1 1 0.999999 0.999992 0.999952 0.99978 0.999181 0.997487 0.993512 0.985724 0.972977 0.955683 0.938811 0.924202 0.910095 0.896077 0.882073 0.868072 0.854071 0.84007 0.826068 0.812067 0.798066 0.784065 0.770064 0.756063 0.742061 0.72806 0.714059 0.700058 0.686057 0.672056 0.658055 0.644053 0.630052 0.616051 0.60205 0.588049 0.574048 0.560043 0.441517 
1 1 1 1 0.999999 0.999994 0.999964 0.999828 0.999343 0.997934 0.994529 0.987637 0.975944 0.959388 0.941769 0.926856 0.912654 0.898588 0.884544 0.870503 0.856462 0.842422 0.828382 0.814341 0.800301 0.786261 0.77222 0.75818 0.744139 0.730099 0.716059 0.702018 0.687978 0.673938 0.659897 0.645857 0.631817 0.617776 0.603736 0.589695 0.575655 0.561612 0.439957 
1 1 1 1 0.999999 0.999996 0.999972 0.999865 0.999475 0.998308 0.995405 0.989344 0.978698 0.963036 0.944936 0.929555 0.915234 0.901114 0.887028 0.872947 0.858867 0.844788 0.830708 0.816628 0.802548 0.788468 0.774389 0.760309 0.746229 0.732149 0.718069 0.70399 0.68991 0.67583 0.66175 0.64767 0.633591 0.619511 0.605431 0.591351 0.577272 0.563189 0.438388 
1 1 1 1 1 0.999997 0.999979 0.999895 0.999581 0.998619 0.996156 0.990857 0.981234 0.96654 0.948334 0.932317 0.917838 0.903656 0.889526 0.875406 0.861286 0.847166 0.833047 0.818928 0.804808 0.790689 0.776569 0.76245 0.74833 0.734211 0.720092 0.705972 0.691853 0.677733 0.663614 0.649494 0.635375 0.621255 0.607136 0.593017 0.578897 0.564776 0.436811 
1 1 1 1 1 0.999998 0.999984 0.999918 0.999667 0.998876 0.996796 0.99219 0.983549 0.969875 0.951918 0.935161 0.920468 0.906214 0.892039 0.877878 0.863718 0.849559 0.835399 0.82124 0.807081 0.792922 0.778762 0.764603 0.750444 0.736284 0.722125 0.707966 0.693806 0.679647 0.665488 0.651328 0.637169 0.62301 0.60885 0.594691 0.580532 0.566371 0.435224 
1 1 1 1 1 0.999998 0.999988 0.999937 0.999736 0.999088 0.99734 0.993355 0.985648 0.97302 0.955636 0.938104 0.923133 0.90879 0.894567 0.880364 0.866164 0.851965 0.837765 0.823566 0.809366 0.795167 0.780968 0.766768 0.752569 0.738369 0.72417 0.709971 0.695771 0.681572 0.667372 0.653173 0.638973 0.624774 0.610575 0.596375 0.582176 0.567975 0.433629 
1 1 1 1 1 0.999999 0.999991 0.999951 0.999791 0.999262 0.997798 0.994369 0.987536 0.97596 0.959417 0.941169 0.92584 0.911387 0.89711 0.882864 0.868624 0.854384 0.840144 0.825905 0.811665 0.797425 0.783185 0.768946 0.754706 0.740466 0.726226 0.711987 0.697747 0.683507 0.669268 0.655028 0.640788 0.626548 0.612309 0.598069 0.583829 0.569588 0.432025 
1 1 1 1 1 0.999999 0.999993 0.999962 0.999835 0.999405 0.998184 0.995247 0.989223 0.978685 0.963073 0.944494 0.928598 0.914005 0.899669 0.885379 0.871098 0.856817 0.842537 0.828257 0.813976 0.799696 0.785416 0.771136 0.756855 0.742575 0.728295 0.714014 0.699734 0.685454 0.671174 0.656893 0.642613 0.628333 0.614052 0.599772 0.585492 0.571211 0.430412 
1 1 1 1 1 0.999999 0.999995 0.999971 0.99987 0.999521 0.998506 0.996003 0.990722 0.981193 0.966573 0.948036 0.93143 0.916649 0.902244 0.887909 0.873586 0.859264 0.844943 0.830622 0.816301 0.80198 0.787659 0.773338 0.759017 0.744696 0.730375 0.716054 0.701733 0.687412 0.67309 0.658769 0.644448 0.630127 0.615806 0.601485 0.587164 0.572842 0.428789 
1 1 1 1 1 0.999999 0.999996 0.999978 0.999898 0.999616 0.998775 0.99665 0.992044 0.983482 0.969896 0.951744 0.934355 0.919325 0.904837 0.890454 0.876088 0.861726 0.847363 0.833001 0.818639 0.804277 0.789915 0.775553 0.761191 0.746829 0.732467 0.718105 0.703743 0.68938 0.675018 0.660656 0.646294 0.631932 0.61757 0.603208 0.588846 0.574483 0.427158 
1 1 1 1 1 1 0.999997 0.999983 0.99992 0.999692 0.998999 0.997202 0.993205 0.985557 0.973023 0.955567 0.937386 0.922039 0.90745 0.893014 0.878605 0.864201 0.849797 0.835394 0.820991 0.806587 0.792184 0.777781 0.763377 0.748974 0.734571 0.720167 0.705764 0.691361 0.676957 0.662554 0.648151 0.633747 0.619344 0.604941 0.590537 0.576133 0.425517 
1 1 1 1 1 1 0.999998 0.999987 0.999937 0.999754 0.999184 0.997671 0.994218 0.987426 0.975941 0.959378 0.9406 0.9248 0.910084 0.89559 0.881137 0.86669 0.852245 0.837801 0.823356 0.808911 0.794466 0.780021 0.765576 0.751132 0.736687 0.722242 0.707797 0.693352 0.678907 0.664463 0.650018 0.635573 0.621128 0.606683 0.592238 0.577793 0.423867 
1 1 1 1 1 1 0.999998 0.99999 0.999951 0.999804 0.999337 0.998067 0.995098 0.989099 0.978644 0.963048 0.944065 0.927623 0.912742 0.898182 0.883683 0.869194 0.854708 0.840221 0.825734 0.811248 0.796761 0.782275 0.767788 0.753302 0.738815 0.724328 0.709842 0.695355 0.680869 0.666382 0.651896 0.637409 0.622922 0.608436 0.593949 0.579462 0.422207 
1 1 1 1 1 1 0.999999 0.999992 0.999962 0.999844 0.999462 0.9984 0.995858 0.990586 0.981129 0.966552 0.947735 0.93053 0.91543 0.900792 0.886245 0.871713 0.857184 0.842655 0.828127 0.813598 0.79907 0.784541 0.770013 0.755484 0.740956 0.726427 0.711899 0.69737 0.682841 0.668313 0.653784 0.639256 0.624727 0.610199 0.59567 0.581141 0.420538 
1 1 1 1 1 1 0.999999 0.999994 0.99997 0.999877 0.999565 0.99868 0.996512 0.991902 0.983398 0.969869 0.951557 0.933537 0.918152 0.903421 0.888822 0.874246 0.859675 0.845104 0.830533 0.815962 0.801392 0.786821 0.77225 0.757679 0.743109 0.728538 0.713967 0.699396 0.684826 0.670255 0.655684 0.641113 0.626543 0.611972 0.597401 0.58283 0.418859 
1 1 1 1 1 1 0.999999 0.999995 0.999977 0.999902 0.999649 0.998914 0.997072 0.993059 0.985455 0.972985 0.955474 0.936658 0.920918 0.906071 0.891415 0.876794 0.86218 0.847567 0.832953 0.81834 0.803727 0.789114 0.774501 0.759887 0.745274 0.730661 0.716048 0.701434 0.686821 0.672208 0.657595 0.642982 0.628368 0.613755 0.599142 0.584528 0.41717 
1 1 1 1 1 1 0.999999 0.999997 0.999982 0.999923 0.999718 0.999109 0.99755 0.994072 0.98731 0.975889 0.959307 0.940021 0.923735 0.908744 0.894025 0.879358 0.8647 0.850044 0.835388 0.820732 0.806076 0.79142 0.776764 0.762108 0.747452 0.732796 0.71814 0.703485 0.688829 0.674173 0.659517 0.644861 0.630205 0.615549 0.600893 0.586237 0.415472 
1 1 1 1 1 1 1 0.999997 0.999986 0.999939 0.999773 0.999271 0.997956 0.994955 0.988971 0.978576 0.962989 0.943625 0.926626 0.911445 0.896652 0.881936 0.867235 0.852535 0.837837 0.823138 0.808439 0.79374 0.779041 0.764342 0.749643 0.734944 0.720245 0.705547 0.690848 0.676149 0.66145 0.646751 0.632052 0.617353 0.602654 0.587955 0.413763 
1 1 1 1 1 1 1 0.999998 0.999989 0.999952 0.999818 0.999405 0.9983 0.99572 0.990451 0.981045 0.966495 0.947418 0.929609 0.914177 0.899298 0.884531 0.869785 0.855042 0.8403 0.825557 0.810815 0.796073 0.781331 0.766589 0.751847 0.737105 0.722363 0.707621 0.692879 0.678137 0.663394 0.648652 0.63391 0.619168 0.604426 0.589684 0.412045 
1 1 1 1 1 1 1 0.999998 0.999992 0.999962 0.999855 0.999516 0.99859 0.996381 0.991762 0.983298 0.969809 0.951348 0.932701 0.916948 0.901964 0.887141 0.872349 0.857563 0.842777 0.827992 0.813206 0.79842 0.783635 0.768849 0.754064 0.739278 0.724493 0.709707 0.694921 0.680136 0.66535 0.650565 0.635779 0.620994 0.606208 0.591422 0.410316 
1 1 1 1 1 1 1 0.999999 0.999994 0.999971 0.999884 0.999607 0.998833 0.996949 0.992918 0.985343 0.972917 0.955339 0.93593 0.919767 0.904653 0.889769 0.87493 0.860099 0.845269 0.83044 0.815611 0.800781 0.785952 0.771123 0.756294 0.741464 0.726635 0.711806 0.696976 0.682147 0.667318 0.652489 0.637659 0.62283 0.608001 0.593171 0.408578 
1 1 1 1 1 1 1 0.999999 0.999995 0.999977 0.999908 0.999681 0.999037 0.997436 0.993932 0.987186 0.97581 0.959195 0.939435 0.922645 0.907367 0.892413 0.877526 0.86265 0.847776 0.832903 0.81803 0.803156 0.788283 0.77341 0.758537 0.743663 0.72879 0.713917 0.699044 0.68417 0.669297 0.654424 0.639551 0.624677 0.609804 0.594931 0.406829 
1 1 1 1 1 1 1 0.999999 0.999996 0.999982 0.999927 0.999742 0.999208 0.997851 0.994818 0.98884 0.978485 0.96289 0.94317 0.925605 0.91011 0.895076 0.880137 0.865216 0.850298 0.835381 0.820463 0.805546 0.790628 0.775711 0.760793 0.745876 0.730958 0.716041 0.701123 0.686205 0.671288 0.65637 0.641453 0.626535 0.611618 0.5967 0.405069 
1 1 1 1 1 1 1 1 0.999997 0.999986 0.999942 0.999792 0.999349 0.998204 0.995589 0.990314 0.980943 0.966403 0.947082 0.928667 0.912889 0.897759 0.882766 0.867798 0.852835 0.837873 0.822911 0.807949 0.792987 0.778025 0.763063 0.748101 0.733139 0.718177 0.703215 0.688253 0.673291 0.658329 0.643367 0.628405 0.613443 0.598481 0.4033 
1 1 1 1 1 1 1 1 0.999998 0.999989 0.999954 0.999833 0.999467 0.998503 0.996256 0.991623 0.983186 0.969717 0.951115 0.931844 0.915711 0.900464 0.88541 0.870395 0.855387 0.84038 0.825373 0.810367 0.79536 0.780353 0.765346 0.750339 0.735333 0.720326 0.705319 0.690312 0.675306 0.660299 0.645292 0.630285 0.615278 0.600272 0.401519 
1 1 1 1 1 1 1 1 0.999998 0.999992 0.999964 0.999865 0.999565 0.998755 0.996831 0.992779 0.985221 0.972821 0.955147 0.935209 0.918585 0.903192 0.888073 0.873009 0.857955 0.842903 0.827851 0.812799 0.797747 0.782695 0.767643 0.752592 0.73754 0.722488 0.707436 0.692384 0.677332 0.662281 0.647229 0.632177 0.617125 0.602073 0.399728 
1 1 1 1 1 1 1 1 0.999999 0.999993 0.999971 0.999892 0.999645 0.998968 0.997326 0.993796 0.987057 0.975708 0.959032 0.938846 0.921527 0.905948 0.890753 0.875638 0.860538 0.84544 0.830343 0.815246 0.800149 0.785051 0.769954 0.754857 0.73976 0.724663 0.709566 0.694469 0.679371 0.664274 0.649177 0.63408 0.618983 0.603886 0.397927 
1 1 1 1 1 1 1 1 0.999999 0.999995 0.999977 0.999914 0.999711 0.999146 0.99775 0.994686 0.988705 0.978376 0.962747 0.942703 0.92456 0.908736 0.893453 0.878284 0.863136 0.847993 0.83285 0.817707 0.802565 0.787422 0.772279 0.757136 0.741994 0.726851 0.711708 0.696565 0.681423 0.66628 0.651137 0.635995 0.620852 0.605709 0.396114 
1 1 1 1 1 1 1 1 0.999999 0.999996 0.999982 0.999931 0.999766 0.999295 0.998111 0.995461 0.990177 0.980825 0.966271 0.946726 0.927702 0.911564 0.896174 0.880946 0.865751 0.850561 0.835372 0.820184 0.804995 0.789807 0.774618 0.759429 0.744241 0.729052 0.713864 0.698675 0.683486 0.668298 0.653109 0.637921 0.622732 0.607543 0.394291 
1 1 1 1 1 1 1 1 0.999999 0.999997 0.999986 0.999945 0.99981 0.99942 0.998419 0.996135 0.991485 0.983061 0.969591 0.950856 0.930967 0.914438 0.898918 0.883627 0.868381 0.853145 0.83791 0.822675 0.80744 0.792206 0.776971 0.761736 0.746502 0.731267 0.716032 0.700797 0.685563 0.670328 0.655093 0.639858 0.624624 0.609389 0.392457 
1 1 1 1 1 1 1 1 1 0.999998 0.999989 0.999956 0.999846 0.999523 0.99868 0.996718 0.992643 0.98509 0.972696 0.954925 0.934469 0.91737 0.901688 0.886325 0.871028 0.855745 0.840463 0.825182 0.809901 0.79462 0.779338 0.764057 0.748776 0.733495 0.718214 0.702933 0.687652 0.67237 0.657089 0.641808 0.626527 0.611246 0.390611 
1 1 1 1 1 1 1 1 1 0.999998 0.999991 0.999965 0.999876 0.999609 0.9989 0.997221 0.993662 0.986922 0.975582 0.958838 0.938235 0.920378 0.904487 0.889042 0.873692 0.85836 0.843032 0.827704 0.812376 0.797048 0.78172 0.766392 0.751065 0.735737 0.720409 0.705081 0.689753 0.674425 0.659097 0.64377 0.628442 0.613114 0.388754 
1 1 1 1 1 1 1 1 1 0.999999 0.999993 0.999972 0.9999 0.99968 0.999086 0.997653 0.994557 0.988568 0.978247 0.962572 0.942213 0.923486 0.907322 0.89178 0.876373 0.860992 0.845616 0.830241 0.814866 0.799491 0.784117 0.768742 0.753367 0.737992 0.722617 0.707242 0.691868 0.676493 0.661118 0.645743 0.630368 0.614993 0.386886 
1 1 1 1 1 1 1 1 1 0.999999 0.999995 0.999978 0.99992 0.999739 0.999242 0.998022 0.995338 0.990039 0.980693 0.96611 0.946344 0.92671 0.910199 0.89454 0.879071 0.86364 0.848217 0.832794 0.817372 0.80195 0.786528 0.771106 0.755684 0.740261 0.724839 0.709417 0.693995 0.678573 0.663151 0.647729 0.632307 0.616885 0.385007 
1 1 1 1 1 1 1 1 1 0.999999 0.999996 0.999983 0.999936 0.999787 0.999373 0.998338 0.996018 0.991348 0.982925 0.969438 0.950569 0.930063 0.913128 0.897325 0.881787 0.866305 0.850833 0.835363 0.819893 0.804423 0.788954 0.773484 0.758014 0.742545 0.727075 0.711605 0.696136 0.680666 0.665196 0.649727 0.634257 0.618787 0.383115 
1 1 1 1 1 1 1 1 1 0.999999 0.999997 0.999986 0.999948 0.999827 0.999483 0.998607 0.996609 0.992508 0.984952 0.972548 0.954674 0.933702 0.916118 0.900138 0.884523 0.868986 0.853466 0.837947 0.82243 0.806912 0.791395 0.775877 0.76036 0.744842 0.729325 0.713807 0.698289 0.682772 0.667254 0.651737 0.636219 0.620702 0.381213 
1 1 1 1 1 1 1 1 1 1 0.999998 0.999989 0.999959 0.99986 0.999574 0.998835 0.997119 0.993531 0.986782 0.975436 0.958614 0.937598 0.919195 0.902982 0.887278 0.871685 0.856115 0.840548 0.824982 0.809417 0.793851 0.778285 0.762719 0.747154 0.731588 0.716022 0.700457 0.684891 0.669325 0.65376 0.638194 0.622628 0.379298 
1 1 1 1 1 1 1 1 1 1 0.999998 0.999992 0.999967 0.999886 0.99965 0.999028 0.997559 0.99443 0.988427 0.978101 0.96237 0.941695 0.922378 0.905864 0.890055 0.874402 0.85878 0.843165 0.827551 0.811936 0.796322 0.780708 0.765094 0.74948 0.733866 0.718251 0.702637 0.687023 0.671409 0.655795 0.640181 0.624566 0.377372 
1 1 1 1 1 1 1 1 1 1 0.999999 0.999993 0.999974 0.999908 0.999713 0.99919 0.997936 0.995218 0.989899 0.980546 0.965923 0.945933 0.925686 0.908793 0.892856 0.877136 0.861463 0.845798 0.830135 0.814472 0.798809 0.783146 0.767483 0.75182 0.736157 0.720494 0.704831 0.689169 0.673506 0.657843 0.64218 0.626517 0.375434 
1 1 1 1 1 1 1 1 1 1 0.999999 0.999995 0.999979 0.999926 0.999765 0.999327 0.99826 0.995905 0.991211 0.982779 0.969261 0.950229 0.929151 0.911777 0.895682 0.87989 0.864163 0.848448 0.832735 0.817023 0.801311 0.785599 0.769887 0.754175 0.738463 0.722751 0.707039 0.691327 0.675615 0.659903 0.644191 0.628479 0.373483 
1 1 1 1 1 1 1 1 1 1 0.999999 0.999996 0.999983 0.99994 0.999808 0.999442 0.998536 0.996502 0.992374 0.984805 0.972379 0.954376 0.93292 0.91483 0.898539 0.882664 0.86688 0.851114 0.835352 0.819591 0.803829 0.788068 0.772307 0.756545 0.740784 0.725023 0.709261 0.6935 0.677738 0.661977 0.646216 0.630454 0.371521 
1 1 1 1 1 1 1 1 1 1 0.999999 0.999997 0.999987 0.999952 0.999843 0.999539 0.998771 0.99702 0.993402 0.986636 0.975271 0.95835 0.936938 0.917977 0.901429 0.885458 0.869615 0.853798 0.837986 0.822174 0.806363 0.790552 0.774741 0.75893 0.743119 0.727308 0.711497 0.695686 0.679875 0.664064 0.648253 0.632442 0.369546 
1 1 1 1 1 1 1 1 1 1 0.999999 0.999998 0.99999 0.999961 0.999872 0.999619 0.998971 0.997467 0.994307 0.988283 0.97794 0.962131 0.94115 0.921239 0.904361 0.888275 0.872368 0.856498 0.840636 0.824774 0.808913 0.793052 0.777191 0.76133 0.745469 0.729608 0.713747 0.697886 0.682025 0.666164 0.650303 0.634442 0.367558 
1 1 1 1 1 1 1 1 1 1 1 0.999998 0.999992 0.999969 0.999896 0.999686 0.99914 0.997853 0.9951 0.989758 0.980388 0.965704 0.945492 0.924631 0.907343 0.891117 0.87514 0.859216 0.843302 0.827391 0.811479 0.795568 0.779656 0.763745 0.747834 0.731922 0.716011 0.7001 0.684188 0.668277 0.652366 0.636454 0.365558 
1 1 1 1 1 1 1 1 1 1 1 0.999998 0.999994 0.999975 0.999916 0.999742 0.999283 0.998183 0.995794 0.991072 0.982622 0.969058 0.949843 0.928222 0.910384 0.893987 0.877932 0.861952 0.845986 0.830024 0.814062 0.7981 0.782138 0.766176 0.750214 0.734252 0.71829 0.702328 0.686366 0.670404 0.654442 0.63848 0.363546 
1 1 1 1 1 1 1 1 1 1 1 0.999999 0.999995 0.99998 0.999932 0.999788 0.999403 0.998467 0.996399 0.99224 0.984651 0.972187 0.954037 0.932115 0.913502 0.896888 0.880744 0.864705 0.848687 0.832673 0.81666 0.800647 0.784634 0.768621 0.752609 0.736596 0.720583 0.70457 0.688557 0.672544 0.656531 0.640518 0.36152 
1 1 1 1 1 1 1 1 1 1 1 0.999999 0.999996 0.999984 0.999945 0.999826 0.999504 0.998709 0.996924 0.993273 0.986485 0.975088 0.958048 0.936252 0.916722 0.899827 0.883579 0.867477 0.851406 0.83534 0.819276 0.803212 0.787147 0.771083 0.755019 0.738955 0.72289 0.706826 0.690762 0.674698 0.658633 0.642569 0.359482 
1 1 1 1 1 1 1 1 1 1 1 0.999999 0.999997 0.999987 0.999956 0.999858 0.999589 0.998915 0.997378 0.994184 0.988135 0.977763 0.961859 0.940575 0.920064 0.90281 0.886438 0.870268 0.854142 0.838024 0.821908 0.805792 0.789676 0.77356 0.757445 0.741329 0.725213 0.709097 0.692981 0.676865 0.66075 0.644634 0.357431 
1 1 1 1 1 1 1 1 1 1 1 0.999999 0.999998 0.99999 0.999964 0.999884 0.99966 0.99909 0.997771 0.994984 0.989614 0.980217 0.965456 0.945019 0.923541 0.905846 0.889322 0.873079 0.856896 0.840725 0.824557 0.808389 0.792222 0.776054 0.759886 0.743718 0.72755 0.711383 0.695215 0.679047 0.662879 0.646711 0.355366 
1 1 1 1 1 1 1 1 1 1 1 1 0.999998 0.999992 0.999971 0.999906 0.999719 0.999238 0.998109 0.995685 0.990933 0.982456 0.968829 0.949425 0.92726 0.908947 0.892237 0.87591 0.859668 0.843444 0.827224 0.811003 0.794783 0.778563 0.762343 0.746123 0.729903 0.713683 0.697463 0.681243 0.665023 0.648803 0.353289 
1 1 1 1 1 1 1 1 1 1 1 1 0.999998 0.999994 0.999977 0.999923 0.999768 0.999364 0.998399 0.996297 0.992107 0.98449 0.971972 0.953664 0.931277 0.912132 0.895185 0.878763 0.862459 0.846181 0.829907 0.813634 0.797362 0.781089 0.764816 0.748543 0.732271 0.715998 0.699725 0.683453 0.66718 0.650907 0.351197 
1 1 1 1 1 1 1 1 1 1 1 1 0.999999 0.999995 0.999981 0.999938 0.999809 0.99947 0.998648 0.996829 0.993146 0.986328 0.974886 0.957715 0.935533 0.915426 0.898172 0.881639 0.865269 0.848935 0.832608 0.816282 0.799957 0.783631 0.767305 0.75098 0.734654 0.718328 0.702003 0.685677 0.669351 0.653026 0.349093 
1 1 1 1 1 1 1 1 1 1 1 1 0.999999 0.999996 0.999985 0.999949 0.999843 0.999559 0.99886 0.997291 0.994063 0.987984 0.977571 0.961558 0.939966 0.918849 0.901208 0.88454 0.868099 0.851708 0.835327 0.818948 0.802569 0.78619 0.769811 0.753432 0.737053 0.720674 0.704295 0.687916 0.671537 0.655158 0.346974 
1 1 1 1 1 1 1 1 1 1 1 1 0.999999 0.999997 0.999988 0.999959 0.999872 0.999634 0.999041 0.997691 0.99487 0.989468 0.980033 0.965181 0.944512 0.922413 0.9043 0.887468 0.870949 0.854499 0.838063 0.82163 0.805198 0.788765 0.772332 0.7559 0.739467 0.723035 0.706602 0.690169 0.673737 0.657304 0.344842 
1 1 1 1 1 1 1 1 1 1 1 1 0.999999 0.999998 0.99999 0.999967 0.999895 0.999696 0.999195 0.998036 0.995578 0.990793 0.98228 0.968576 0.948973 0.92626 0.907462 0.890428 0.873821 0.857309 0.840818 0.824331 0.807844 0.791357 0.774871 0.758384 0.741897 0.725411 0.708924 0.692438 0.675951 0.659464 0.342696 
1 1 1 1 1 1 1 1 1 1 1 1 1 0.999998 0.999992 0.999973 0.999914 0.999749 0.999325 0.998333 0.996197 0.991973 0.98432 0.971737 0.95326 0.930401 0.910715 0.893424 0.876715 0.860139 0.843591 0.827049 0.810508 0.793967 0.777426 0.760885 0.744344 0.727803 0.711262 0.694721 0.67818 0.661639 0.340536 
1 1 1 1 1 1 1 1 1 1 1 1 1 0.999998 0.999994 0.999978 0.99993 0.999792 0.999436 0.998588 0.996737 0.993018 0.986166 0.974666 0.957351 0.934776 0.914085 0.896462 0.879633 0.862988 0.846382 0.829785 0.813189 0.796593 0.779998 0.763402 0.746806 0.73021 0.713615 0.697019 0.680423 0.663828 0.338361 
1 1 1 1 1 1 1 1 1 1 1 1 1 0.999999 0.999995 0.999983 0.999943 0.999829 0.999529 0.998806 0.997206 0.993943 0.987828 0.977364 0.961229 0.939321 0.91759 0.899551 0.882578 0.865857 0.849193 0.832539 0.815888 0.799237 0.782586 0.765936 0.749285 0.732634 0.715983 0.699333 0.682682 0.666031 0.336172 
1 1 1 1 1 1 1 1 1 1 1 1 1 0.999999 0.999996 0.999986 0.999954 0.999859 0.999607 0.998993 0.997613 0.994757 0.989319 0.979837 0.964881 0.94397 0.921243 0.902702 0.885552 0.868748 0.852022 0.835312 0.818605 0.801899 0.785193 0.768486 0.75178 0.735074 0.718368 0.701661 0.684955 0.668249 0.333969 
1 1 1 1 1 1 1 1 1 1 1 1 1 0.999999 0.999997 0.999989 0.999962 0.999884 0.999673 0.999152 0.997965 0.995472 0.990651 0.982093 0.9683 0.948487 0.925218 0.905925 0.888559 0.871661 0.854871 0.838103 0.82134 0.804578 0.787816 0.771054 0.754292 0.73753 0.720768 0.704006 0.687244 0.670482 0.331751 
1 1 1 1 1 1 1 1 1 1 1 1 1 0.999999 0.999998 0.999991 0.999969 0.999905 0.999729 0.999287 0.998268 0.996099 0.991838 0.984143 0.971483 0.952823 0.929484 0.909248 0.891604 0.874598 0.85774 0.840914 0.824094 0.807275 0.790457 0.773639 0.756821 0.740002 0.723184 0.706366 0.689548 0.67273 0.329518 
1 1 1 1 1 1 1 1 1 1 1 1 1 1 0.999998 0.999993 0.999975 0.999922 0.999775 0.999402 0.998529 0.996646 0.992891 0.985997 0.974429 0.956957 0.933979 0.912694 0.894694 0.87756 0.860629 0.843743 0.826866 0.809991 0.793116 0.776241 0.759366 0.742492 0.725617 0.708742 0.691867 0.674992 0.32727 
1 1 1 1 1 1 1 1 1 1 1 1 1 1 0.999999 0.999994 0.99998 0.999936 0.999814 0.999499 0.998753 0.997122 0.993823 0.987668 0.977142 0.960872 0.938636 0.916283 0.897838 0.880549 0.863539 0.846592 0.829657 0.812725 0.795793 0.778861 0.761929 0.744997 0.728066 0.711134 0.694202 0.67727 0.325008 
1 1 1 1 1 1 1 1 1 1 1 1 1 1 0.999999 0.999995 0.999984 0.999948 0.999846 0.999581 0.998945 0.997536 0.994645 0.989167 0.979629 0.964556 0.943378 0.920036 0.901047 0.883569 0.866472 0.84946 0.832467 0.815477 0.798488 0.781498 0.764509 0.74752 0.730531 0.713542 0.696553 0.679564 0.32273 
1 1 1 1 1 1 1 1 1 1 1 1 1 1 0.999999 0.999996 0.999987 0.999958 0.999873 0.999651 0.99911 0.997894 0.995367 0.990507 0.981898 0.968003 0.947957 0.924137 0.904335 0.886625 0.869427 0.852349 0.835296 0.818248 0.801201 0.784154 0.767107 0.75006 0.733013 0.715967 0.69892 0.681873 0.320436 
1 1 1 1 1 1 1 1 1 1 1 1 1 1 0.999999 0.999997 0.99999 0.999965 0.999896 0.999709 0.99925 0.998204 0.996001 0.991702 0.983958 0.971209 0.952348 0.928526 0.907729 0.88972 0.872407 0.855258 0.838144 0.821038 0.803932 0.786827 0.769722 0.752617 0.735513 0.718408 0.701303 0.684198 0.318127 
1 1 1 1 1 1 1 1 1 1 1 1 1 1 0.999999 0.999998 0.999992 0.999972 0.999914 0.999758 0.999369 0.998471 0.996555 0.992763 0.985823 0.974175 0.956529 0.93314 0.911254 0.892863 0.875414 0.858188 0.841012 0.823846 0.806683 0.789519 0.772356 0.755192 0.738029 0.720865 0.703702 0.686538 0.315802 
1 1 1 1 1 1 1 1 1 1 1 1 1 1 1 0.999998 0.999993 0.999977 0.99993 0.999799 0.99947 0.998701 0.997039 0.993703 0.987503 0.976907 0.960485 0.93791 0.914928 0.896064 0.87845 0.861141 0.843901 0.826675 0.809452 0.792229 0.775007 0.757784 0.740562 0.72334 0.706117 0.688895 0.313462 
1 1 1 1 1 1 1 1 1 1 1 1 1 1 1 0.999999 0.999995 0.999982 0.999942 0.999833 0.999555 0.998899 0.99746 0.994532 0.989011 0.979409 0.964205 0.942729 0.918798 0.899334 0.881518 0.864116 0.846809 0.829523 0.81224 0.794958 0.777676 0.760395 0.743113 0.725831 0.70855 0.691268 0.311105 
1 1 1 1 1 1 1 1 1 1 1 1 1 1 1 0.999999 0.999996 0.999985 0.999953 0.999862 0.999628 0.999068 0.997825 0.995263 0.990361 0.981692 0.967682 0.947377 0.923019 0.902688 0.884623 0.867115 0.849739 0.83239 0.815047 0.797706 0.780364 0.763023 0.745681 0.72834 0.710999 0.693657 0.308732 
1 1 1 1 1 1 1 1 1 1 1 1 1 1 1 0.999999 0.999997 0.999988 0.999961 0.999886 0.999689 0.999212 0.998141 0.995904 0.991564 0.983766 0.970915 0.951828 0.927528 0.906157 0.88777 0.87014 0.852689 0.835278 0.817874 0.800472 0.783071 0.765669 0.748268 0.730866 0.713465 0.696063 0.306343 
1 1 1 1 1 1 1 1 1 1 1 1 1 1 1 0.999999 0.999997 0.99999 0.999968 0.999906 0.999741 0.999336 0.998414 0.996466 0.992634 0.985642 0.973905 0.956062 0.932258 0.909762 0.890968 0.873193 0.855662 0.838186 0.820721 0.803258 0.785796 0.768334 0.750872 0.73341 0.715948 0.698485 0.303937 
1 1 1 1 1 1 1 1 1 1 1 1 1 1 1 0.999999 0.999998 0.999992 0.999974 0.999923 0.999784 0.99944 0.99865 0.996957 0.993582 0.987333 0.976656 0.960064 0.93714 0.913523 0.894227 0.876276 0.858658 0.841115 0.823588 0.806064 0.78854 0.771017 0.753494 0.735971 0.718448 0.700925 0.301515 
1 1 1 1 1 1 1 1 1 1 1 1 1 1 1 1 0.999998 0.999994 0.999979 0.999936 0.99982 0.99953 0.998852 0.997384 0.99442 0.988852 0.979177 0.963824 0.942038 0.917511 0.897559 0.879393 0.861677 0.844064 0.826474 0.808889 0.791304 0.773719 0.756135 0.73855 0.720966 0.703381 0.299075 
1 1 1 1 1 1 1 1 1 1 1 1 1 1 1 1 0.999999 0.999995 0.999983 0.999948 0.999851 0.999605 0.999026 0.997756 0.995159 0.990212 0.981476 0.967336 0.946757 0.921853 0.900982 0.882549 0.864721 0.847036 0.829381 0.811734 0.794087 0.776441 0.758794 0.741148 0.723501 0.705855 0.296619 
1 1 1 1 1 1 1 1 1 1 1 1 1 1 1 1 0.999999 0.999996 0.999986 0.999957 0.999876 0.999669 0.999175 0.998079 0.995808 0.991425 0.983565 0.970599 0.95127 0.926481 0.904526 0.88575 0.867792 0.850029 0.832309 0.814599 0.79689 0.779181 0.761472 0.743764 0.726055 0.708346 0.294145 
1 1 1 1 1 1 1 1 1 1 1 1 1 1 1 1 0.999999 0.999997 0.999989 0.999965 0.999898 0.999723 0.999303 0.998358 0.996377 0.992504 0.985455 0.973615 0.95556 0.931329 0.908213 0.889004 0.870892 0.853045 0.835258 0.817484 0.799712 0.781941 0.764169 0.746398 0.728626 0.710855 0.291654 
1 1 1 1 1 1 1 1 1 1 1 1 1 1 1 1 0.999999 0.999997 0.999991 0.999971 0.999915 0.999769 0.999411 0.998599 0.996875 0.993461 0.987158 0.97639 0.959611 0.936323 0.912062 0.892323 0.874024 0.856085 0.838229 0.82039 0.802554 0.78472 0.766885 0.749051 0.731216 0.713382 0.289145 
1 1 1 1 1 1 1 1 1 1 1 1 1 1 1 1 0.999999 0.999998 0.999993 0.999977 0.99993 0.999807 0.999504 0.998807 0.99731 0.994308 0.988689 0.978932 0.963414 0.941302 0.91617 0.895719 0.877192 0.85915 0.841221 0.823316 0.805417 0.787519 0.769621 0.751722 0.733824 0.715926 0.286618 
1 1 1 1 1 1 1 1 1 1 1 1 1 1 1 1 1 0.999998 0.999994 0.999981 0.999942 0.999839 0.999583 0.998985 0.997688 0.995055 0.99006 0.98125 0.966965 0.946094 0.920632 0.899212 0.8804 0.86224 0.844235 0.826264 0.8083 0.790338 0.772376 0.754413 0.736451 0.718489 0.284074 
1 1 1 1 1 1 1 1 1 1 1 1 1 1 1 1 1 0.999999 0.999995 0.999984 0.999953 0.999867 0.999649 0.999139 0.998017 0.995712 0.991283 0.983355 0.970261 0.950674 0.925382 0.902832 0.883656 0.865358 0.847272 0.829233 0.811204 0.793177 0.77515 0.757124 0.739097 0.72107 0.281511 
1 1 1 1 1 1 1 1 1 1 1 1 1 1 1 1 1 0.999999 0.999996 0.999987 0.999961 0.999889 0.999706 0.99927 0.998302 0.996289 0.992372 0.98526 0.973308 0.955023 0.930349 0.906603 0.886968 0.868507 0.850333 0.832224 0.814129 0.796037 0.777945 0.759853 0.741761 0.72367 0.27893 
1 1 1 1 1 1 1 1 1 1 1 1 1 1 1 1 1 0.999999 0.999997 0.99999 0.999968 0.999908 0.999754 0.999382 0.998548 0.996794 0.993339 0.986978 0.976109 0.959127 0.935458 0.910541 0.890348 0.871689 0.853418 0.835237 0.817075 0.798917 0.78076 0.762603 0.744445 0.726288 0.27633 
1 1 1 1 1 1 1 1 1 1 1 1 1 1 1 1 1 0.999999 0.999998 0.999992 0.999974 0.999924 0.999794 0.999478 0.998761 0.997236 0.994195 0.988522 0.978674 0.962977 0.940521 0.914769 0.893809 0.874909 0.856529 0.838273 0.820043 0.801819 0.783595 0.765372 0.747149 0.728926 0.273712 
1 1 1 1 1 1 1 1 1 1 1 1 1 1 1 1 1 0.999999 0.999998 0.999993 0.999979 0.999937 0.999828 0.99956 0.998944 0.997621 0.99495 0.989904 0.981012 0.966569 0.945389 0.919353 0.897373 0.878171 0.859667 0.841331 0.823032 0.804741 0.786451 0.768161 0.749872 0.731582 0.271074 
1 1 1 1 1 1 1 1 1 1 1 1 1 1 1 1 1 1 0.999998 0.999995 0.999982 0.999948 0.999857 0.999629 0.999102 0.997955 0.995616 0.991139 0.983136 0.969902 0.950039 0.924226 0.901072 0.881483 0.862835 0.844414 0.826044 0.807685 0.789328 0.770971 0.752615 0.734258 0.268418 
1 1 1 1 1 1 1 1 1 1 1 1 1 1 1 1 1 1 0.999999 0.999996 0.999986 0.999957 0.999881 0.999688 0.999237 0.998246 0.996201 0.992239 0.985058 0.972981 0.954451 0.929313 0.904927 0.884854 0.866033 0.84752 0.829078 0.81065 0.792226 0.773802 0.755378 0.736954 0.265742 
1 1 1 1 1 1 1 1 1 1 1 1 1 1 1 1 1 1 0.999999 0.999996 0.999988 0.999965 0.999901 0.999738 0.999353 0.998498 0.996713 0.993216 0.986792 0.975811 0.958611 0.93454 0.908955 0.888297 0.869267 0.850652 0.832135 0.813638 0.795145 0.776653 0.758161 0.73967 0.263046 
1 1 1 1 1 1 1 1 1 1 1 1 1 1 1 1 1 1 0.999999 0.999997 0.999991 0.999971 0.999918 0.999781 0.999453 0.998716 0.997162 0.994081 0.988349 0.978402 0.962511 0.939691 0.913304 0.891824 0.872539 0.853811 0.835215 0.816647 0.798086 0.779525 0.760965 0.742405 0.26033 
1 1 1 1 1 1 1 1 1 1 1 1 1 1 1 1 1 1 0.999999 0.999998 0.999992 0.999976 0.999932 0.999816 0.999537 0.998904 0.997553 0.994846 0.989745 0.980763 0.966148 0.94464 0.918012 0.895462 0.875857 0.856998 0.838319 0.819679 0.801048 0.782419 0.76379 0.745161 0.257595 
1 1 1 1 1 1 1 1 1 1 1 1 1 1 1 1 1 1 0.999999 0.999998 0.999994 0.99998 0.999943 0.999847 0.999609 0.999066 0.997894 0.99552 0.990993 0.982908 0.969521 0.949363 0.923009 0.89924 0.879226 0.860215 0.841447 0.822734 0.804033 0.785334 0.766636 0.747937 0.254839 
1 1 1 1 1 1 1 1 1 1 1 1 1 1 1 1 1 1 1 0.999998 0.999995 0.999984 0.999953 0.999872 0.999671 0.999205 0.998191 0.996113 0.992104 0.984849 0.972635 0.953841 0.92822 0.903181 0.882658 0.863465 0.844601 0.825813 0.80704 0.788271 0.769503 0.750734 0.252063 
1 1 1 1 1 1 1 1 1 1 1 1 1 1 1 1 1 1 1 0.999999 0.999996 0.999987 0.999961 0.999893 0.999723 0.999325 0.998448 0.996633 0.993091 0.986599 0.975497 0.958061 0.933566 0.907301 0.886165 0.866752 0.847781 0.828914 0.81007 0.79123 0.772391 0.753552 0.249266 
1 1 1 1 1 1 1 1 1 1 1 1 1 1 1 1 1 1 1 0.999999 0.999997 0.999989 0.999968 0.999911 0.999767 0.999427 0.998671 0.997088 0.993966 0.988172 0.978116 0.962016 0.938809 0.911771 0.88976 0.870079 0.850989 0.83204 0.813123 0.794211 0.775301 0.756392 0.246448 
1 1 1 1 1 1 1 1 1 1 1 1 1 1 1 1 1 1 1 0.999999 0.999997 0.999991 0.999974 0.999926 0.999805 0.999515 0.998864 0.997486 0.99474 0.989582 0.980502 0.9657 0.943843 0.916604 0.893472 0.873453 0.854226 0.835191 0.816199 0.797215 0.778234 0.759252 0.243608 
1 1 1 1 1 1 1 1 1 1 1 1 1 1 1 1 1 1 1 0.999999 0.999998 0.999993 0.999978 0.999939 0.999836 0.99959 0.99903 0.997834 0.995423 0.990843 0.98267 0.969117 0.948644 0.921727 0.897331 0.876882 0.857495 0.838367 0.819298 0.800242 0.781188 0.762135 0.240748 
1 1 1 1 1 1 1 1 1 1 1 1 1 1 1 1 1 1 1 1 0.999998 0.999994 0.999982 0.999949 0.999863 0.999653 0.999173 0.998136 0.996024 0.991966 0.984631 0.97227 0.953193 0.927064 0.90136 0.880376 0.860798 0.84157 0.822422 0.803292 0.784165 0.765039 0.237865 
1 1 1 1 1 1 1 1 1 1 1 1 1 1 1 1 1 1 1 1 0.999999 0.999995 0.999985 0.999958 0.999886 0.999708 0.999296 0.998398 0.996552 0.992965 0.986399 0.975166 0.957477 0.932534 0.905573 0.883948 0.864139 0.844799 0.82557 0.806365 0.787165 0.767965 0.234961 
1 1 1 1 1 1 1 1 1 1 1 1 1 1 1 1 1 1 1 1 0.999999 0.999996 0.999988 0.999965 0.999904 0.999754 0.999402 0.998626 0.997015 0.99385 0.98799 0.977815 0.961489 0.937873 0.910165 0.887613 0.867522 0.848058 0.828743 0.809462 0.790187 0.770914 0.232035 
1 1 1 1 1 1 1 1 1 1 1 1 1 1 1 1 1 1 1 1 0.999999 0.999997 0.99999 0.999971 0.99992 0.999793 0.999492 0.998823 0.997419 0.994634 0.989415 0.980229 0.965226 0.942997 0.915125 0.8914 0.870954 0.851346 0.831942 0.812583 0.793233 0.773886 0.229086 
1 1 1 1 1 1 1 1 1 1 1 1 1 1 1 1 1 1 1 1 0.999999 0.999997 0.999992 0.999976 0.999934 0.999826 0.99957 0.998994 0.997773 0.995326 0.990689 0.982421 0.968689 0.94788 0.920377 0.895341 0.874444 0.854668 0.835167 0.815728 0.796303 0.77688 0.226114 
1 1 1 1 1 1 1 1 1 1 1 1 1 1 1 1 1 1 1 1 0.999999 0.999998 0.999993 0.99998 0.999945 0.999854 0.999636 0.999141 0.998081 0.995935 0.991825 0.984404 0.971883 0.952504 0.925842 0.899459 0.878001 0.858025 0.838419 0.818898 0.799396 0.779898 0.22312 
1 1 1 1 1 1 1 1 1 1 1 1 1 1 1 1 1 1 1 1 1 0.999998 0.999995 0.999984 0.999954 0.999878 0.999692 0.999267 0.998349 0.996471 0.992836 0.986193 0.974817 0.956857 0.931439 0.903768 0.881641 0.861422 0.841699 0.822094 0.802514 0.782939 0.220102 
1 1 1 1 1 1 1 1 1 1 1 1 1 1 1 1 1 1 1 1 1 0.999999 0.999996 0.999987 0.999962 0.999898 0.99974 0.999376 0.998582 0.996941 0.993732 0.987801 0.977499 0.960931 0.936879 0.908482 0.885376 0.864863 0.84501 0.825315 0.805656 0.786005 0.217061 
1 1 1 1 1 1 1 1 1 1 1 1 1 1 1 1 1 1 1 1 1 0.999999 0.999996 0.999989 0.999969 0.999915 0.999781 0.999469 0.998783 0.997352 0.994526 0.989243 0.979943 0.964723 0.942098 0.913569 0.889241 0.868355 0.848352 0.828563 0.808823 0.789094 0.213995 
1 1 1 1 1 1 1 1 1 1 1 1 1 1 1 1 1 1 1 1 1 0.999999 0.999997 0.999991 0.999974 0.999929 0.999816 0.99955 0.998958 0.997712 0.995227 0.990532 0.982162 0.968237 0.947068 0.918952 0.893266 0.871906 0.851728 0.831838 0.812016 0.792207 0.210906 
1 1 1 1 1 1 1 1 1 1 1 1 1 1 1 1 1 1 1 1 1 0.999999 0.999998 0.999993 0.999979 0.999941 0.999845 0.999618 0.999109 0.998026 0.995845 0.991682 0.984169 0.971476 0.951773 0.924549 0.897473 0.875529 0.855141 0.835142 0.815234 0.795346 0.207793 
1 1 1 1 1 1 1 1 1 1 1 1 1 1 1 1 1 1 1 1 1 0.999999 0.999998 0.999994 0.999982 0.999951 0.99987 0.999677 0.999239 0.998299 0.996389 0.992705 0.985979 0.974449 0.956199 0.930277 0.901879 0.879237 0.858595 0.838475 0.818478 0.798509 0.204654 
1 1 1 1 1 1 1 1 1 1 1 1 1 1 1 1 1 1 1 1 1 1 0.999998 0.999995 0.999985 0.999959 0.999891 0.999727 0.999351 0.998537 0.996867 0.993613 0.987606 0.977167 0.960339 0.935825 0.906716 0.883045 0.862095 0.841839 0.821749 0.801698 0.201491 
1 1 1 1 1 1 1 1 1 1 1 1 1 1 1 1 1 1 1 1 1 1 0.999999 0.999996 0.999988 0.999966 0.999909 0.999769 0.999447 0.998743 0.997285 0.994417 0.989066 0.979643 0.964191 0.941143 0.911933 0.886988 0.865648 0.845235 0.825048 0.804913 0.198302 
1 1 1 1 1 1 1 1 1 1 1 1 1 1 1 1 1 1 1 1 1 1 0.999999 0.999997 0.99999 0.999972 0.999924 0.999805 0.999529 0.998922 0.997651 0.995128 0.990371 0.981891 0.967758 0.946206 0.917449 0.891098 0.869263 0.848667 0.828375 0.808155 0.195087 
1 1 1 1 1 1 1 1 1 1 1 1 1 1 1 1 1 1 1 1 1 1 0.999999 0.999997 0.999992 0.999977 0.999936 0.999836 0.9996 0.999076 0.997971 0.995755 0.991535 0.983923 0.971045 0.950996 0.923181 0.895397 0.872953 0.852138 0.831731 0.811423 0.191845 
1 1 1 1 1 1 1 1 1 1 1 1 1 1 1 1 1 1 1 1 1 1 0.999999 0.999998 0.999993 0.999981 0.999947 0.999862 0.999661 0.99921 0.99825 0.996307 0.992571 0.985756 0.974062 0.9555 0.929043 0.899901 0.876731 0.855651 0.835117 0.814718 0.188577 
1 1 1 1 1 1 1 1 1 1 1 1 1 1 1 1 1 1 1 1 1 1 0.999999 0.999998 0.999995 0.999984 0.999956 0.999884 0.999713 0.999325 0.998492 0.996792 0.993491 0.987405 0.976819 0.959711 0.934704 0.904862 0.880613 0.859212 0.838536 0.818042 0.185282 
1 1 1 1 1 1 1 1 1 1 1 1 1 1 1 1 1 1 1 1 1 1 1 0.999999 0.999996 0.999987 0.999963 0.999903 0.999757 0.999424 0.998703 0.997218 0.994306 0.988883 0.979329 0.963627 0.940129 0.91021 0.884636 0.862828 0.841988 0.821395 0.181958 
1 1 1 1 1 1 1 1 1 1 1 1 1 1 1 1 1 1 1 1 1 1 1 0.999999 0.999996 0.999989 0.999969 0.999918 0.999795 0.999509 0.998886 0.99759 0.995027 0.990205 0.981607 0.967251 0.945291 0.915862 0.888832 0.866509 0.845477 0.824778 0.178605 
1 1 1 1 1 1 1 1 1 1 1 1 1 1 1 1 1 1 1 1 1 1 1 0.999999 0.999997 0.999991 0.999975 0.999932 0.999827 0.999583 0.999044 0.997916 0.995664 0.991384 0.983668 0.970591 0.950171 0.921732 0.893225 0.870267 0.849005 0.828192 0.175222 
1 1 1 1 1 1 1 1 1 1 1 1 1 1 1 1 1 1 1 1 1 1 1 0.999999 0.999998 0.999993 0.999979 0.999943 0.999854 0.999645 0.999181 0.9982 0.996224 0.992434 0.985525 0.973654 0.954758 0.927727 0.897835 0.874117 0.852578 0.83164 0.171808 
1 1 1 1 1 1 1 1 1 1 1 1 1 1 1 1 1 1 1 1 1 1 1 0.999999 0.999998 0.999994 0.999983 0.999952 0.999877 0.999699 0.999299 0.998447 0.996717 0.993367 0.987196 0.976452 0.959045 0.93351 0.902918 0.878076 0.8562 0.835123 0.16836 
1 1 1 1 1 1 1 1 1 1 1 1 1 1 1 1 1 1 1 1 1 1 1 1 0.999998 0.999995 0.999986 0.99996 0.999897 0.999745 0.999401 0.998663 0.99715 0.994194 0.988694 0.979 0.96303 0.939048 0.908396 0.882182 0.859879 0.838643 0.164877 
1 1 1 1 1 1 1 1 1 1 1 1 1 1 1 1 1 1 1 1 1 1 1 1 0.999999 0.999996 0.999988 0.999967 0.999913 0.999784 0.999489 0.99885 0.997529 0.994925 0.990034 0.981311 0.966716 0.944315 0.914186 0.886466 0.863624 0.842205 0.161357 
1 1 1 1 1 1 1 1 1 1 1 1 1 1 1 1 1 1 1 1 1 1 1 1 0.999999 0.999997 0.99999 0.999972 0.999927 0.999817 0.999565 0.999012 0.99786 0.995571 0.99123 0.983401 0.970111 0.949293 0.920197 0.890955 0.867448 0.845813 0.157795 
1 1 1 1 1 1 1 1 1 1 1 1 1 1 1 1 1 1 1 1 1 1 1 1 0.999999 0.999997 0.999992 0.999977 0.999939 0.999846 0.999629 0.999152 0.99815 0.99614 0.992294 0.985285 0.973223 0.95397 0.926328 0.895675 0.871366 0.849473 0.154187 
1 1 1 1 1 1 1 1 1 1 1 1 1 1 1 1 1 1 1 1 1 1 1 1 0.999999 0.999998 0.999993 0.999981 0.999949 0.99987 0.999685 0.999274 0.998403 0.996641 0.99324 0.986979 0.976067 0.958337 0.932239 0.900881 0.875395 0.853192 0.150527 
1 1 1 1 1 1 1 1 1 1 1 1 1 1 1 1 1 1 1 1 1 1 1 1 0.999999 0.999998 0.999994 0.999984 0.999957 0.99989 0.999733 0.999379 0.998622 0.997081 0.994079 0.988499 0.978654 0.962396 0.937898 0.906493 0.879573 0.856981 0.146808 
1 1 1 1 1 1 1 1 1 1 1 1 1 1 1 1 1 1 1 1 1 1 1 1 1 0.999999 0.999995 0.999987 0.999964 0.999908 0.999773 0.999469 0.998814 0.997467 0.994821 0.989858 0.981001 0.966149 0.943278 0.912425 0.883933 0.860853 0.143019 
1 1 1 1 1 1 1 1 1 1 1 1 1 1 1 1 1 1 1 1 1 1 1 1 1 0.999999 0.999996 0.999989 0.99997 0.999923 0.999808 0.999547 0.99898 0.997805 0.995477 0.99107 0.983123 0.969603 0.94836 0.918586 0.888499 0.864827 0.139147 
1 1 1 1 1 1 1 1 1 1 1 1 1 1 1 1 1 1 1 1 1 1 1 1 1 0.999999 0.999997 0.999991 0.999975 0.999935 0.999838 0.999614 0.999124 0.9981 0.996055 0.992151 0.985035 0.97277 0.953131 0.924854 0.893312 0.868921 0.135173 
1 1 1 1 1 1 1 1 1 1 1 1 1 1 1 1 1 1 1 1 1 1 1 1 1 0.999999 0.999997 0.999993 0.999979 0.999945 0.999863 0.999671 0.999248 0.998357 0.996564 0.99311 0.986755 0.975661 0.957586 0.930897 0.898616 0.87316 0.131079 
1 1 1 1 1 1 1 1 1 1 1 1 1 1 1 1 1 1 1 1 1 1 1 1 1 0.999999 0.999998 0.999994 0.999983 0.999954 0.999884 0.99972 0.999356 0.998582 0.997012 0.993962 0.988296 0.978291 0.961724 0.936682 0.904327 0.877605 0.12684 
1 1 1 1 1 1 1 1 1 1 1 1 1 1 1 1 1 1 1 1 1 1 1 1 1 0.999999 0.999998 0.999995 0.999986 0.999962 0.999902 0.999762 0.999449 0.998777 0.997404 0.994715 0.989676 0.980676 0.965548 0.942179 0.910352 0.882296 0.122395 
1 1 1 1 1 1 1 1 1 1 1 1 1 1 1 1 1 1 1 1 1 1 1 1 1 1 0.999999 0.999996 0.999988 0.999968 0.999918 0.999798 0.999529 0.998947 0.997748 0.995382 0.990907 0.982832 0.969067 0.94737 0.916594 0.887246 0.117704 
1 1 1 1 1 1 1 1 1 1 1 1 1 1 1 1 1 1 1 1 1 1 1 1 1 1 0.999999 0.999997 0.99999 0.999973 0.999931 0.999829 0.999598 0.999095 0.998049 0.995969 0.992003 0.984774 0.972291 0.952243 0.922956 0.892454 0.112754 
1 1 1 1 1 1 1 1 1 1 1 1 1 1 1 1 1 1 1 1 1 1 1 1 1 1 0.999999 0.999997 0.999992 0.999978 0.999942 0.999855 0.999657 0.999222 0.998312 0.996487 0.992977 0.986521 0.975233 0.95679 0.92923 0.898009 0.107546 
1 1 1 1 1 1 1 1 1 1 1 1 1 1 1 1 1 1 1 1 1 1 1 1 1 1 0.999999 0.999998 0.999993 0.999981 0.999951 0.999878 0.999708 0.999333 0.998541 0.996942 0.993842 0.988087 0.977909 0.961012 0.935214 0.903951 0.101991 
1 1 1 1 1 1 1 1 1 1 1 1 1 1 1 1 1 1 1 1 1 1 1 1 1 1 0.999999 0.999998 0.999994 0.999985 0.999959 0.999897 0.999751 0.999428 0.998741 0.997341 0.994607 0.989487 0.980335 0.964912 0.940885 0.910106 0.0960491 
1 1 1 1 1 1 1 1 1 1 1 1 1 1 1 1 1 1 1 1 1 1 1 1 1 1 1 0.999998 0.999995 0.999987 0.999966 0.999913 0.999789 0.999511 0.998915 0.997692 0.995284 0.990737 0.982527 0.968499 0.946228 0.916335 0.0898938 
1 1 1 1 1 1 1 1 1 1 1 1 1 1 1 1 1 1 1 1 1 1 1 1 1 1 1 0.999999 0.999996 0.999989 0.999971 0.999927 0.999821 0.999582 0.999065 0.997998 0.995881 0.991851 0.984502 0.971785 0.951234 0.922524 0.0836653 
1 1 1 1 1 1 1 1 1 1 1 1 1 1 1 1 1 1 1 1 1 1 1 1 1 1 1 0.999999 0.999997 0.999991 0.999976 0.999938 0.999848 0.999643 0.999196 0.998266 0.996408 0.992841 0.986277 0.974782 0.955898 0.928588 0.0774755 
1 1 1 1 1 1 1 1 1 1 1 1 1 1 1 1 1 1 1 1 1 1 1 1 1 1 1 0.999999 0.999997 0.999993 0.99998 0.999948 0.999871 0.999695 0.99931 0.9985 0.996871 0.993719 0.987869 0.977507 0.960223 0.934455 0.0714125 
1 1 1 1 1 1 1 1 1 1 1 1 1 1 1 1 1 1 1 1 1 1 1 1 1 1 1 0.999999 0.999998 0.999994 0.999983 0.999956 0.999891 0.99974 0.999408 0.998704 0.997277 0.994497 0.989292 0.979977 0.964215 0.940077 0.0655446 
1 1 1 1 1 1 1 1 1 1 1 1 1 1 1 1 1 1 1 1 1 1 1 1 1 1 1 0.999999 0.999998 0.999995 0.999986 0.999963 0.999908 0.999779 0.999492 0.998882 0.997634 0.995185 0.990563 0.982208 0.967882 0.945414 0.0599234 
1 1 1 1 1 1 1 1 1 1 1 1 1 1 1 1 1 1 1 1 1 1 1 1 1 1 1 1 0.999999 0.999996 0.999988 0.999969 0.999922 0.999812 0.999565 0.999036 0.997947 0.995792 0.991694 0.984218 0.971238 0.950443 0.0545858 
1 1 1 1 1 1 1 1 1 1 1 1 1 1 1 1 1 1 1 1 1 1 1 1 1 1 1 1 0.999999 0.999997 0.99999 0.999974 0.999935 0.999841 0.999628 0.99917 0.99822 0.996327 0.9927 0.986023 0.974298 0.955148 0.049557 
1 1 1 1 1 1 1 1 1 1 1 1 1 1 1 1 1 1 1 1 1 1 1 1 1 1 1 1 0.999999 0.999997 0.999992 0.999979 0.999945 0.999865 0.999683 0.999286 0.998459 0.996799 0.993593 0.987642 0.977078 0.959524 0.0448516 
1 1 1 1 1 1 1 1 1 1 1 1 1 1 1 1 1 1 1 1 1 1 1 1 1 1 1 1 0.999999 0.999998 0.999993 0.999982 0.999954 0.999885 0.999729 0.999387 0.998667 0.997213 0.994384 0.98909 0.979596 0.963571 0.0404758 
1 1 1 1 1 1 1 1 1 1 1 1 1 1 1 1 1 1 1 1 1 1 1 1 1 1 1 1 0.999999 0.999998 0.999995 0.999985 0.999961 0.999903 0.999769 0.999474 0.998849 0.997576 0.995083 0.990382 0.98187 0.967295 0.0364289 
1 1 1 1 1 1 1 1 1 1 1 1 1 1 1 1 1 1 1 1 1 1 1 1 1 1 1 1 0.999999 0.999998 0.999995 0.999988 0.999967 0.999918 0.999804 0.999549 0.999007 0.997895 0.995701 0.991532 0.983918 0.970707 0.0327049 
1 1 1 1 1 1 1 1 1 1 1 1 1 1 1 1 1 1 1 1 1 1 1 1 1 1 1 1 1 0.999999 0.999996 0.99999 0.999973 0.999931 0.999833 0.999614 0.999144 0.998173 0.996246 0.992555 0.985757 0.973819 0.0292934 
1 1 1 1 1 1 1 1 1 1 1 1 1 1 1 1 1 1 1 1 1 1 1 1 1 1 1 1 1 0.999999 0.999997 0.999991 0.999977 0.999942 0.999858 0.99967 0.999263 0.998417 0.996725 0.993463 0.987405 0.976648 0.0261809 
1 1 1 1 1 1 1 1 1 1 1 1 1 1 1 1 1 1 1 1 1 1 1 1 1 1 1 1 1 0.999999 0.999997 0.999993 0.999981 0.999951 0.99988 0.999718 0.999366 0.99863 0.997147 0.994268 0.988878 0.979211 0.0233517 
1 1 1 1 1 1 1 1 1 1 1 1 1 1 1 1 1 1 1 1 1 1 1 1 1 1 1 1 1 0.999999 0.999998 0.999994 0.999984 0.999959 0.999898 0.999759 0.999455 0.998815 0.997517 0.994979 0.990193 0.981526 0.0207888 
1 1 1 1 1 1 1 1 1 1 1 1 1 1 1 1 1 1 1 1 1 1 1 1 1 1 1 1 1 0.999999 0.999998 0.999995 0.999987 0.999965 0.999914 0.999795 0.999533 0.998977 0.997842 0.995608 0.991364 0.98361 0.0184741 
1 1 1 1 1 1 1 1 1 1 1 1 1 1 1 1 1 1 1 1 1 1 1 1 1 1 1 1 1 1 0.999999 0.999996 0.999989 0.999971 0.999927 0.999825 0.999599 0.999117 0.998126 0.996162 0.992406 0.985483 0.0163897 
1 1 1 1 1 1 1 1 1 1 1 1 1 1 1 1 1 1 1 1 1 1 1 1 1 1 1 1 1 1 0.999999 0.999997 0.999991 0.999975 0.999938 0.999852 0.999657 0.999239 0.998375 0.996651 0.99333 0.987161 0.0145173 
1 1 1 1 1 1 1 1 1 1 1 1 1 1 1 1 1 1 1 1 1 1 1 1 1 1 1 1 1 1 0.999999 0.999997 0.999992 0.999979 0.999948 0.999874 0.999707 0.999345 0.998592 0.99708 0.994148 0.988661 0.0128395 
1 1 1 1 1 1 1 1 1 1 1 1 1 1 1 1 1 1 1 1 1 1 1 1 1 1 1 1 1 1 0.999999 0.999998 0.999994 0.999983 0.999956 0.999893 0.999749 0.999437 0.998781 0.997457 0.994873 0.989999 0.0113393 
1 1 1 1 1 1 1 1 1 1 1 1 1 1 1 1 1 1 1 1 1 1 1 1 1 1 1 1 1 1 0.999999 0.999998 0.999995 0.999986 0.999963 0.999909 0.999786 0.999516 0.998947 0.997788 0.995512 0.991191 0.0100007 
1 1 1 1 1 1 1 1 1 1 1 1 1 1 1 1 1 1 1 1 1 1 1 1 1 1 1 1 1 1 0.999999 0.999998 0.999996 0.999988 0.999969 0.999923 0.999818 0.999585 0.99909 0.998078 0.996077 0.992251 0.00880851 
1 1 1 1 1 1 1 1 1 1 1 1 1 1 1 1 1 1 1 1 1 1 1 1 1 1 1 1 1 1 1 0.999999 0.999996 0.99999 0.999974 0.999935 0.999845 0.999644 0.999215 0.998332 0.996574 0.993192 0.00774865 
1 1 1 1 1 1 1 1 1 1 1 1 1 1 1 1 1 1 1 1 1 1 1 1 1 1 1 1 1 1 1 0.999999 0.999997 0.999992 0.999978 0.999945 0.999868 0.999695 0.999324 0.998554 0.997012 0.994026 0.006808 
1 1 1 1 1 1 1 1 1 1 1 1 1 1 1 1 1 1 1 1 1 1 1 1 1 1 1 1 1 1 1 0.999999 0.999997 0.999993 0.999982 0.999954 0.999888 0.999739 0.999418 0.998747 0.997396 0.994763 0.00597445 
1 1 1 1 1 1 1 1 1 1 1 1 1 1 1 1 1 1 1 1 1 1 1 1 1 1 1 1 1 1 1 0.999999 0.999998 0.999994 0.999985 0.999961 0.999905 0.999777 0.999499 0.998916 0.997734 0.995415 0.00523693 
1 1 1 1 1 1 1 1 1 1 1 1 1 1 1 1 1 1 1 1 1 1 1 1 1 1 1 1 1 1 1 0.999999 0.999998 0.999995 0.999987 0.999967 0.999919 0.99981 0.99957 0.999063 0.998029 0.99599 0.00458529 
1 1 1 1 1 1 1 1 1 1 1 1 1 1 1 1 1 1 1 1 1 1 1 1 1 1 1 1 1 1 1 1 0.999999 0.999996 0.999989 0.999972 0.999931 0.999838 0.999631 0.999191 0.998288 0.996496 0.00401032 
1 1 1 1 1 1 1 1 1 1 1 1 1 1 1 1 1 1 1 1 1 1 1 1 1 1 1 1 1 1 1 1 0.999999 0.999997 0.999991 0.999977 0.999942 0.999862 0.999684 0.999302 0.998515 0.996942 0.00350366 
1 1 1 1 1 1 1 1 1 1 1 1 1 1 1 1 1 1 1 1 1 1 1 1 1 1 1 1 1 1 1 1 0.999999 0.999997 0.999992 0.99998 0.999951 0.999882 0.999729 0.999399 0.998713 0.997334 0.00305777 
1 1 1 1 1 1 1 1 1 1 1 1 1 1 1 1 1 1 1 1 1 1 1 1 1 1 1 1 1 1 1 1 0.999999 0.999998 0.999994 0.999984 0.999959 0.9999 0.999768 0.999483 0.998885 0.997678 0.00266583 
1 1 1 1 1 1 1 1 1 1 1 1 1 1 1 1 1 1 1 1 1 1 1 1 1 1 1 1 1 1 1 1 0.999999 0.999998 0.999995 0.999986 0.999965 0.999915 0.999802 0.999555 0.999036 0.99798 0.00232174 
1 1 1 1 1 1 1 1 1 1 1 1 1 1 1 1 1 1 1 1 1 1 1 1 1 1 1 1 1 1 1 1 0.999999 0.999998 0.999996 0.999988 0.999971 0.999928 0.999831 0.999618 0.999167 0.998244 0.00201999 
1 1 1 1 1 1 1 1 1 1 1 1 1 1 1 1 1 1 1 1 1 1 1 1 1 1 1 1 1 1 1 1 1 0.999999 0.999996 0.99999 0.999975 0.999939 0.999856 0.999672 0.999281 0.998476 0.00175568 
1 1 1 1 1 1 1 1 1 1 1 1 1 1 1 1 1 1 1 1 1 1 1 1 1 1 1 1 1 1 1 1 1 0.999999 0.999997 0.999992 0.999979 0.999948 0.999877 0.999719 0.99938 0.998678 0.00152443 
1 1 1 1 1 1 1 1 1 1 1 1 1 1 1 1 1 1 1 1 1 1 1 1 1 1 1 1 1 1 1 1 1 0.999999 0.999997 0.999993 0.999982 0.999956 0.999895 0.999759 0.999465 0.998854 0.00132232 
1 1 1 1 1 1 1 1 1 1 1 1 1 1 1 1 1 1 1 1 1 1 1 1 1 1 1 1 1 1 1 1 1 0.999999 0.999998 0.999994 0.999985 0.999963 0.999911 0.999794 0.99954 0.999008 0.00114587 
1 1 1 1 1 1 1 1 1 1 1 1 1 1 1 1 1 1 1 1 1 1 1 1 1 1 1 1 1 1 1 1 1 0.999999 0.999998 0.999995 0.999988 0.999969 0.999924 0.999824 0.999604 0.999142 0.000991996 
1 1 1 1 1 1 1 1 1 1 1 1 1 1 1 1 1 1 1 1 1 1 1 1 1 1 1 1 1 1 1 1 1 1 0.999999 0.999996 0.99999 0.999974 0.999936 0.99985 0.99966 0.999259 0.000857943 
1 1 1 1 1 1 1 1 1 1 1 1 1 1 1 1 1 1 1 1 1 1 1 1 1 1 1 1 1 1 1 1 1 1 0.999999 0.999997 0.999991 0.999978 0.999946 0.999872 0.999708 0.99936 0.000741284 
1 1 1 1 1 1 1 1 1 1 1 1 1 1 1 1 1 1 1 1 1 1 1 1 1 1 1 1 1 1 1 1 1 1 0.999999 0.999997 0.999993 0.999981 0.999954 0.999891 0.99975 0.999448 0.000639869 
1 1 1 1 1 1 1 1 1 1 1 1 1 1 1 1 1 1 1 1 1 1 1 1 1 1 1 1 1 1 1 1 1 1 0.999999 0.999998 0.999994 0.999984 0.999961 0.999907 0.999786 0.999525 0.000551796 
1 1 1 1 1 1 1 1 1 1 1 1 1 1 1 1 1 1 1 1 1 1 1 1 1 1 1 1 1 1 1 1 1 1 0.999999 0.999998 0.999995 0.999987 0.999967 0.999921 0.999817 0.999591 0.000475389 
1 1 1 1 1 1 1 1 1 1 1 1 1 1 1 1 1 1 1 1 1 1 1 1 1 1 1 1 1 1 1 1 1 1 0.999999 0.999998 0.999996 0.999989 0.999972 0.999933 0.999843 0.999648 0.000409171 
1 1 1 1 1 1 1 1 1 1 1 1 1 1 1 1 1 1 1 1 1 1 1 1 1 1 1 1 1 1 1 1 1 1 1 0.999999 0.999996 0.999991 0.999976 0.999943 0.999866 0.999698 0.000351842 
1 1 1 1 1 1 1 1 1 1 1 1 1 1 1 1 1 1 1 1 1 1 1 1 1 1 1 1 1 1 1 1 1 1 1 0.999999 0.999997 0.999992 0.99998 0.999951 0.999886 0.999741 0.000302259 
1 1 1 1 1 1 1 1 1 1 1 1 1 1 1 1 1 1 1 1 1 1 1 1 1 1 1 1 1 1 1 1 1 1 1 0.999999 0.999998 0.999993 0.999983 0.999959 0.999903 0.999778 0.000259418 
1 1 1 1 1 1 1 1 1 1 1 1 1 1 1 1 1 1 1 1 1 1 1 1 1 1 1 1 1 1 1 1 1 1 1 0.999999 0.999998 0.999995 0.999986 0.999965 0.999917 0.999809 0.00022244 
1 1 1 1 1 1 1 1 1 1 1 1 1 1 1 1 1 1 1 1 1 1 1 1 1 1 1 1 1 1 1 1 1 1 1 0.999999 0.999998 0.999995 0.999988 0.999971 0.999929 0.999837 0.000190554 
1 1 1 1 1 1 1 1 1 1 1 1 1 1 1 1 1 1 1 1 1 1 1 1 1 1 1 1 1 1 1 1 1 1 1 1 0.999999 0.999996 0.99999 0.999975 0.99994 0.999861 0.000163087 
1 1 1 1 1 1 1 1 1 1 1 1 1 1 1 1 1 1 1 1 1 1 1 1 1 1 1 1 1 1 1 1 1 1 1 1 0.999999 0.999997 0.999992 0.999979 0.999949 0.999881 0.00013945 
1 1 1 1 1 1 1 1 1 1 1 1 1 1 1 1 1 1 1 1 1 1 1 1 1 1 1 1 1 1 1 1 1 1 1 1 0.999999 0.999997 0.999993 0.999982 0.999957 0.999898 0.000119128 
1 1 1 1 1 1 1 1 1 1 1 1 1 1 1 1 1 1 1 1 1 1 1 1 1 1 1 1 1 1 1 1 1 1 1 1 0.999999 0.999998 0.999994 0.999985 0.999963 0.999913 0.000101674 
1 1 1 1 1 1 1 1 1 1 1 1 1 1 1 1 1 1 1 1 1 1 1 1 1 1 1 1 1 1 1 1 1 1 1 1 0.999999 0.999998 0.999995 0.999987 0.999969 0.999926 8.66985e-05 
1 1 1 1 1 1 1 1 1 1 1 1 1 1 1 1 1 1 1 1 1 1 1 1 1 1 1 1 1 1 1 1 1 1 1 1 0.999999 0.999998 0.999996 0.999989 0.999974 0.999937 7.38612e-05 
1 1 1 1 1 1 1 1 1 1 1 1 1 1 1 1 1 1 1 1 1 1 1 1 1 1 1 1 1 1 1 1 1 1 1 1 1 0.999999 0.999997 0.999991 0.999978 0.999947 6.28677e-05 
1 1 1 1 1 1 1 1 1 1 1 1 1 1 1 1 1 1 1 1 1 1 1 1 1 1 1 1 1 1 1 1 1 1 1 1 1 0.999999 0.999997 0.999993 0.999981 0.999955 5.34622e-05 
1 1 1 1 1 1 1 1 1 1 1 1 1 1 1 1 1 1 1 1 1 1 1 1 1 1 1 1 1 1 1 1 1 1 1 1 1 0.999999 0.999998 0.999994 0.999984 0.999961 4.54232e-05 
1 1 1 1 1 1 1 1 1 1 1 1 1 1 1 1 1 1 1 1 1 1 1 1 1 1 1 1 1 1 1 1 1 1 1 1 1 0.999999 0.999998 0.999995 0.999987 0.999967 3.85586e-05 
1 1 1 1 1 1 1 1 1 1 1 1 1 1 1 1 1 1 1 1 1 1 1 1 1 1 1 1 1 1 1 1 1 1 1 1 1 0.999999 0.999998 0.999996 0.999989 0.999972 3.27024e-05 
1 1 1 1 1 1 1 1 1 1 1 1 1 1 1 1 1 1 1 1 1 1 1 1 1 1 1 1 1 1 1 1 1 1 1 1 1 1 0.999999 0.999996 0.999991 0.999977 2.77111e-05 
1 1 1 1 1 1 1 1 1 1 1 1 1 1 1 1 1 1 1 1 1 1 1 1 1 1 1 1 1 1 1 1 1 1 1 1 1 1 0.999999 0.999997 0.999992 0.99998 2.34612e-05 
1 1 1 1 1 1 1 1 1 1 1 1 1 1 1 1 1 1 1 1 1 1 1 1 1 1 1 1 1 1 1 1 1 1 1 1 1 1 0.999999 0.999997 0.999993 0.999983 1.98457e-05 
1 1 1 1 1 1 1 1 1 1 1 1 1 1 1 1 1 1 1 1 1 1 1 1 1 1 1 1 1 1 1 1 1 1 1 1 1 1 0.999999 0.999998 0.999994 0.999986 1.67729e-05 
1 1 1 1 1 1 1 1 1 1 1 1 1 1 1 1 1 1 1 1 1 1 1 1 1 1 1 1 1 1 1 1 1 1 1 1 1 1 0.999999 0.999998 0.999995 0.999988 1.41637e-05 
1 1 1 1 1 1 1 1 1 1 1 1 1 1 1 1 1 1 1 1 1 1 1 1 1 1 1 1 1 1 1 1 1 1 1 1 1 1 0.999999 0.999999 0.999996 0.99999 1.19501e-05 
1 1 1 1 1 1 1 1 1 1 1 1 1 1 1 1 1 1 1 1 1 1 1 1 1 1 1 1 1 1 1 1 1 1 1 1 1 1 1 0.999999 0.999997 0.999992 1.00739e-05 
1 1 1 1 1 1 1 1 1 1 1 1 1 1 1 1 1 1 1 1 1 1 1 1 1 1 1 1 1 1 1 1 1 1 1 1 1 1 1 0.999999 0.999997 0.999993 8.48518e-06 
1 1 1 1 1 1 1 1 1 1 1 1 1 1 1 1 1 1 1 1 1 1 1 1 1 1 1 1 1 1 1 1 1 1 1 1 1 1 1 0.999999 0.999998 0.999994 7.141e-06 
1 1 1 1 1 1 1 1 1 1 1 1 1 1 1 1 1 1 1 1 1 1 1 1 1 1 1 1 1 1 1 1 1 1 1 1 1 1 1 0.999999 0.999998 0.999995 6.00476e-06 
1 1 1 1 1 1 1 1 1 1 1 1 1 1 1 1 1 1 1 1 1 1 1 1 1 1 1 1 1 1 1 1 1 1 1 1 1 1 1 0.999999 0.999998 0.999996 5.04514e-06 
1 1 1 1 1 1 1 1 1 1 1 1 1 1 1 1 1 1 1 1 1 1 1 1 1 1 1 1 1 1 1 1 1 1 1 1 1 1 1 1 0.999999 0.999996 4.2354e-06 
1 1 1 1 1 1 1 1 1 1 1 1 1 1 1 1 1 1 1 1 1 1 1 1 1 1 1 1 1 1 1 1 1 1 1 1 1 1 1 1 0.999999 0.999997 3.55273e-06 
1 1 1 1 1 1 1 1 1 1 1 1 1 1 1 1 1 1 1 1 1 1 1 1 1 1 1 1 1 1 1 1 1 1 1 1 1 1 1 1 0.999999 0.999998 2.97768e-06 
1 1 1 1 1 1 1 1 1 1 1 1 1 1 1 1 1 1 1 1 1 1 1 1 1 1 1 1 1 1 1 1 1 1 1 1 1 1 1 1 0.999999 0.999998 2.49371e-06 
1 1 1 1 1 1 1 1 1 1 1 1 1 1 1 1 1 1 1 1 1 1 1 1 1 1 1 1 1 1 1 1 1 1 1 1 1 1 1 1 0.999999 0.999998 2.08673e-06 
1 1 1 1 1 1 1 1 1 1 1 1 1 1 1 1 1 1 1 1 1 1 1 1 1 1 1 1 1 1 1 1 1 1 1 1 1 1 1 1 0.999999 0.999999 1.74479e-06 
1 1 1 1 1 1 1 1 1 1 1 1 1 1 1 1 1 1 1 1 1 1 1 1 1 1 1 1 1 1 1 1 1 1 1 1 1 1 1 1 1 0.999999 1.45774e-06 
1 1 1 1 1 1 1 1 1 1 1 1 1 1 1 1 1 1 1 1 1 1 1 1 1 1 1 1 1 1 1 1 1 1 1 1 1 1 1 1 1 0.999999 1.21696e-06 
1 1 1 1 1 1 1 1 1 1 1 1 1 1 1 1 1 1 1 1 1 1 1 1 1 1 1 1 1 1 1 1 1 1 1 1 1 1 1 1 1 0.999999 1.01516e-06 
1 1 1 1 1 1 1 1 1 1 1 1 1 1 1 1 1 1 1 1 1 1 1 1 1 1 1 1 1 1 1 1 1 1 1 1 1 1 1 1 1 0.999999 8.4618e-07 
1 1 1 1 1 1 1 1 1 1 1 1 1 1 1 1 1 1 1 1 1 1 1 1 1 1 1 1 1 1 1 1 1 1 1 1 1 1 1 1 1 0.999999 7.04787e-07 
1 1 1 1 1 1 1 1 1 1 1 1 1 1 1 1 1 1 1 1 1 1 1 1 1 1 1 1 1 1 1 1 1 1 1 1 1 1 1 1 1 1 5.86576e-07 
1 1 1 1 1 1 1 1 1 1 1 1 1 1 1 1 1 1 1 1 1 1 1 1 1 1 1 1 1 1 1 1 1 1 1 1 1 1 1 1 1 1 4.87825e-07 
1 1 1 1 1 1 1 1 1 1 1 1 1 1 1 1 1 1 1 1 1 1 1 1 1 1 1 1 1 1 1 1 1 1 1 1 1 1 1 1 1 1 4.05397e-07 
1 1 1 1 1 1 1 1 1 1 1 1 1 1 1 1 1 1 1 1 1 1 1 1 1 1 1 1 1 1 1 1 1 1 1 1 1 1 1 1 1 1 3.36647e-07 
1 1 1 1 1 1 1 1 1 1 1 1 1 1 1 1 1 1 1 1 1 1 1 1 1 1 1 1 1 1 1 1 1 1 1 1 1 1 1 1 1 1 2.79351e-07 
1 1 1 1 1 1 1 1 1 1 1 1 1 1 1 1 1 1 1 1 1 1 1 1 1 1 1 1 1 1 1 1 1 1 1 1 1 1 1 1 1 1 2.31638e-07 
1 1 1 1 1 1 1 1 1 1 1 1 1 1 1 1 1 1 1 1 1 1 1 1 1 1 1 1 1 1 1 1 1 1 1 1 1 1 1 1 1 1 1.91935e-07 
1 1 1 1 1 1 1 1 1 1 1 1 1 1 1 1 1 1 1 1 1 1 1 1 1 1 1 1 1 1 1 1 1 1 1 1 1 1 1 1 1 1 1.58923e-07 
1 1 1 1 1 1 1 1 1 1 1 1 1 1 1 1 1 1 1 1 1 1 1 1 1 1 1 1 1 1 1 1 1 1 1 1 1 1 1 1 1 1 1.31495e-07 
1 1 1 1 1 1 1 1 1 1 1 1 1 1 1 1 1 1 1 1 1 1 1 1 1 1 1 1 1 1 1 1 1 1 1 1 1 1 1 1 1 1 1.08724e-07 
1 1 1 1 1 1 1 1 1 1 1 1 1 1 1 1 1 1 1 1 1 1 1 1 1 1 1 1 1 1 1 1 1 1 1 1 1 1 1 1 1 1 8.98335e-08 
1 1 1 1 1 1 1 1 1 1 1 1 1 1 1 1 1 1 1 1 1 1 1 1 1 1 1 1 1 1 1 1 1 1 1 1 1 1 1 1 1 1 7.41733e-08 
1 1 1 1 1 1 1 1 1 1 1 1 1 1 1 1 1 1 1 1 1 1 1 1 1 1 1 1 1 1 1 1 1 1 1 1 1 1 1 1 1 1 6.12008e-08 
