0 0 0 0 0 0 0 0 0 0 0 0 0 0 0 0 0 0 0 0 0 0.5 1 1 1 1 1 1 1 1 1 1 1 1 1 1 1 1 1 1 1 1 1 
0 0 0 0 0 0 0 0 0 0 0 0 0 0 0 0 0 0 0 -0.0227273 0.0733471 0.5 0.926653 1.02273 1 1 1 1 1 1 1 1 1 1 1 1 1 1 1 1 1 1 1 
0 0 0 0 0 0 0 0 0 0 0 0 0 0 0 0 0 0.00103306 -0.00712925 -0.0202695 0.106504 0.5 0.893496 1.02027 1.00713 0.998967 1 1 1 1 1 1 1 1 1 1 1 1 1 1 1 1 1 
0 0 0 0 0 0 0 0 0 0 0 0 0 0 0 -4.69572e-05 0.000499003 0.000246178 -0.0114852 -0.0149738 0.125325 0.5 0.874675 1.01497 1.01149 0.999754 0.999501 1.00005 1 1 1 1 1 1 1 1 1 1 1 1 1 1 1 
0 0 0 0 0 0 0 0 0 0 0 0 0 2.13442e-06 -3.06384e-05 4.99125e-05 0.000798637 -0.000959641 -0.0138685 -0.0101053 0.137241 0.5 0.862759 1.01011 1.01387 1.00096 0.999201 0.99995 1.00003 0.999998 1 1 1 1 1 1 1 1 1 1 1 1 1 
0 0 0 0 0 0 0 0 0 0 0 -9.7019e-08 1.75427e-06 -6.39052e-06 -4.25057e-05 0.000194359 0.000882817 -0.00208373 -0.0151559 -0.00614076 0.145281 0.5 0.854719 1.00614 1.01516 1.00208 0.999117 0.999806 1.00004 1.00001 0.999998 1 1 1 1 1 1 1 1 1 1 1 1 
0 0 0 0 0 0 0 0 0 4.40995e-09 -9.61766e-08 5.39107e-07 1.69698e-06 -1.86813e-05 -3.04352e-05 0.000327929 0.000839138 -0.00300902 -0.0158501 -0.0030194 0.150935 0.5 0.849065 1.00302 1.01585 1.00301 0.999161 0.999672 1.00003 1.00002 0.999998 0.999999 1 1 1 1 1 1 1 1 1 1 1 
0 0 0 0 0 0 0 -2.00452e-10 5.1188e-09 -3.85909e-08 -3.25553e-08 1.37617e-06 -7.64023e-07 -2.88555e-05 -3.67273e-06 0.000432789 0.00073564 -0.00373824 -0.0162216 -0.00058706 0.155025 0.5 0.844975 1.00059 1.01622 1.00374 0.999264 0.999567 1 1.00003 1 0.999999 1 1 1 1 1 1 1 1 1 1 1 
0 0 0 0 0 9.11147e-12 -2.66634e-10 2.52099e-09 -2.55892e-09 -8.57719e-08 2.39503e-07 1.85939e-06 -4.66783e-06 -3.49307e-05 2.88774e-05 0.000508964 0.00061216 -0.00430417 -0.0164165 0.00130369 0.158044 0.5 0.841956 0.998696 1.01642 1.0043 0.999388 0.999491 0.999971 1.00003 1 0.999998 1 1 1 1 1 1 1 1 1 1 1 
0 0 0 -4.14158e-13 1.36634e-11 -1.55201e-10 4.12809e-10 4.64306e-09 -2.59078e-08 -8.76045e-08 6.19739e-07 1.80071e-06 -8.96691e-06 -3.71402e-05 6.16139e-05 0.000561965 0.000489371 -0.00474173 -0.0165147 0.00277389 0.160307 0.5 0.839693 0.997226 1.01651 1.00474 0.999511 0.999438 0.999938 1.00004 1.00001 0.999998 0.999999 1 1 1 1 1 1 1 1 1 1 
0 0 -6.96365e-13 9.16069e-12 -3.83488e-11 -2.14494e-10 2.12212e-09 2.04287e-09 -5.44917e-08 -2.87736e-08 9.94091e-07 1.26415e-06 -1.29851e-05 -3.64758e-05 9.16929e-05 0.000597863 0.000376863 -0.0050805 -0.0165606 0.00391842 0.162021 0.5 0.837979 0.996082 1.01656 1.00508 0.999623 0.999402 0.999908 1.00004 1.00001 0.999999 0.999999 1 1 1 1 1 1 1 1 1 1 
0 -6.53367e-25 3.09218e-12 7.65788e-12 -1.49104e-10 1.47431e-10 3.81588e-09 -6.23483e-09 -7.66119e-08 7.93092e-08 1.29081e-06 4.05806e-07 -1.64067e-05 -3.39752e-05 0.000117996 0.000621726 0.000278255 -0.00534374 -0.0165787 0.00481056 0.16333 0.5 0.83667 0.995189 1.01658 1.00534 0.999722 0.999378 0.999882 1.00003 1.00002 1 0.999999 1 1 1 1 1 1 1 1 1 1 
6.53367e-25 6.4743e-24 9.57535e-12 -2.71568e-11 -2.20573e-10 9.56598e-10 4.37772e-09 -1.84874e-08 -8.5426e-08 2.15353e-07 1.48291e-06 -6.18677e-07 -1.91518e-05 -3.04719e-05 0.000140341 0.000637366 0.000194112 -0.00554919 -0.016583 0.00550668 0.164336 0.5 0.835664 0.994493 1.01658 1.00555 0.999806 0.999363 0.99986 1.00003 1.00002 1 0.999999 1 1 1 1 1 1 1 1 1 1 
-6.4743e-24 1.50948e-23 9.44087e-12 -9.16141e-11 -1.55679e-10 1.98978e-09 3.23815e-09 -3.20885e-08 -7.93915e-08 3.59285e-07 1.57312e-06 -1.68935e-06 -2.12654e-05 -2.65559e-05 0.000158997 0.000647503 0.000123546 -0.00571025 -0.0165809 0.00605022 0.165114 0.5 0.834886 0.99395 1.01658 1.00571 0.999876 0.999352 0.999841 1.00003 1.00002 1 0.999998 1 1 1 1 1 1 1 1 1 1 
-1.50948e-23 -1.89121e-23 -5.28948e-12 -1.60118e-10 8.30706e-11 2.95028e-09 4.19786e-10 -4.47389e-08 -6.0451e-08 4.9666e-07 1.5789e-06 -2.72686e-06 -2.28439e-05 -2.261e-05 0.000174414 0.000654018 6.50649e-05 -0.00583705 -0.0165766 0.00647472 0.165716 0.5 0.834284 0.993525 1.01658 1.00584 0.999935 0.999346 0.999826 1.00002 1.00002 1 0.999998 1 1 1 1 1 1 1 1 1 1 
1.89121e-23 3.85006e-23 -3.52927e-11 -2.02368e-10 4.7103e-10 3.60179e-09 -3.68081e-09 -5.4964e-08 -3.20875e-08 6.19066e-07 1.52213e-06 -3.68548e-06 -2.3995e-05 -1.88627e-05 0.000187076 0.000658186 1.70136e-05 -0.00593725 -0.0165722 0.0068062 0.166184 0.5 0.833816 0.993194 1.01657 1.00594 0.999983 0.999342 0.999813 1.00002 1.00002 1 0.999998 0.999999 1 1 1 1 1 1 1 1 1 
-3.85006e-23 5.62294e-22 -7.42468e-11 -1.96728e-10 9.47442e-10 3.81954e-09 -8.53288e-09 -6.21172e-08 2.01736e-09 7.22882e-07 1.42364e-06 -4.5436e-06 -2.48183e-05 -1.54363e-05 0.000197442 0.000660858 -2.22099e-05 -0.00601669 -0.0165685 0.00706489 0.166548 0.5 0.833452 0.992935 1.01657 1.00602 1.00002 0.999339 0.999803 1.00002 1.00002 1 0.999999 0.999999 1 1 1 1 1 1 1 1 1 
-5.62294e-22 1.78358e-21 -1.12583e-10 -1.34979e-10 1.44377e-09 3.58319e-09 -1.36357e-08 -6.61705e-08 3.86865e-08 8.07695e-07 1.30073e-06 -5.29522e-06 -2.53972e-05 -1.23836e-05 0.000205916 0.000662591 -5.4059e-05 -0.00607984 -0.0165659 0.00726658 0.166832 0.5 0.833168 0.992733 1.01657 1.00608 1.00005 0.999337 0.999794 1.00001 1.00003 1.00001 0.999999 0.999999 1 1 1 1 1 1 1 1 1 
-1.78358e-21 3.42213e-21 -1.41341e-10 -2.07399e-11 1.90247e-09 2.94475e-09 -1.85985e-08 -6.74714e-08 7.55019e-08 8.74955e-07 1.16662e-06 -5.94366e-06 -2.57985e-05 -9.71429e-06 0.00021284 0.000663749 -7.98046e-05 -0.00613014 -0.0165645 0.0074236 0.167053 0.5 0.832947 0.992576 1.01656 1.00613 1.00008 0.999336 0.999787 1.00001 1.00003 1.00001 0.999999 0.999999 1 1 1 1 1 1 1 1 1 
-3.42213e-21 4.78667e-21 -1.54493e-10 1.34792e-10 2.28497e-09 1.99387e-09 -2.31606e-08 -6.65438e-08 1.10803e-07 9.27e-07 1.03075e-06 -6.49719e-06 -2.6073e-05 -7.41268e-06 0.0002185 0.000664562 -0.000100533 -0.00617027 -0.016564 0.00754563 0.167225 0.5 0.832775 0.992454 1.01656 1.00617 1.0001 0.999335 0.999782 1.00001 1.00003 1.00001 0.999999 0.999999 1 1 1 1 1 1 1 1 1 
-4.78667e-21 5.22345e-21 -1.49579e-10 3.17204e-10 2.57194e-09 8.30769e-10 -2.71777e-08 -6.39512e-08 1.43571e-07 9.66425e-07 8.99437e-07 -6.96621e-06 -2.6259e-05 -5.44963e-06 0.000223129 0.000665174 -0.000117159 -0.00620232 -0.0165644 0.00764026 0.167358 0.5 0.832642 0.99236 1.01656 1.0062 1.00012 0.999335 0.999777 1.00001 1.00003 1.00001 0.999999 0.999999 1 1 1 1 1 1 1 1 1 
-5.22345e-21 4.5133e-21 -1.27223e-10 5.12153e-10 2.75961e-09 -4.51076e-10 -3.05958e-08 -6.02168e-08 1.73275e-07 9.95732e-07 7.766e-07 -7.3616e-06 -2.63841e-05 -3.78991e-06 0.000226918 0.000665672 -0.000130446 -0.00622793 -0.0165654 0.00771344 0.167462 0.5 0.832538 0.992287 1.01657 1.00623 1.00013 0.999334 0.999773 1 1.00003 1.00001 0.999999 0.999999 1 1 1 1 1 1 1 1 1 
-4.5133e-21 2.9722e-21 -9.0147e-11 7.07331e-10 2.85489e-09 -1.77371e-09 -3.3423e-08 -5.5785e-08 1.99732e-07 1.01714e-06 6.6438e-07 -7.6938e-06 -2.64684e-05 -2.39676e-06 0.000230022 0.000666107 -0.000141025 -0.00624839 -0.0165668 0.00776987 0.167543 0.5 0.832457 0.99223 1.01657 1.00625 1.00014 0.999334 0.99977 1 1.00003 1.00001 0.999999 0.999999 1 1 1 1 1 1 1 1 1 
-2.9722e-21 1.27882e-21 -4.21377e-11 8.93325e-10 2.87075e-09 -3.07762e-09 -3.57053e-08 -5.10096e-08 2.22987e-07 1.03252e-06 5.63686e-07 -7.97228e-06 -2.65258e-05 -1.23455e-06 0.000232567 0.000666507 -0.000149415 -0.00626474 -0.0165685 0.00781322 0.167605 0.5 0.832395 0.992187 1.01657 1.00626 1.00015 0.999333 0.999767 1 1.00003 1.00001 0.999999 0.999999 1 1 1 1 1 1 1 1 1 
-1.27882e-21 1.9228e-22 1.27807e-11 1.06373e-09 2.82273e-09 -4.32099e-09 -3.75085e-08 -4.61571e-08 2.43226e-07 1.04339e-06 4.74594e-07 -8.20543e-06 -2.65659e-05 -2.70273e-07 0.000234655 0.000666886 -0.000156042 -0.00627779 -0.0165703 0.0078464 0.167653 0.5 0.832347 0.992154 1.01657 1.00628 1.00016 0.999333 0.999765 1 1.00003 1.00001 1 0.999999 1 1 1 1 1 1 1 1 1 
-1.9228e-22 3.12287e-22 7.09082e-11 1.21481e-09 2.72649e-09 -5.4773e-09 -3.8905e-08 -4.1418e-08 2.60708e-07 1.05095e-06 3.96652e-07 -8.40047e-06 -2.65952e-05 5.25854e-07 0.000236369 0.00066725 -0.000161254 -0.0062882 -0.0165722 0.00787166 0.16769 0.5 0.83231 0.992128 1.01657 1.00629 1.00016 0.999333 0.999764 0.999999 1.00003 1.00001 1 0.999999 1 1 1 1 1 1 1 1 1 
-3.12287e-22 1.95436e-21 1.29174e-10 1.345e-09 2.59632e-09 -6.53208e-09 -3.99663e-08 -3.692e-08 2.75726e-07 1.05615e-06 3.29092e-07 -8.56359e-06 -2.66181e-05 1.18013e-06 0.000237775 0.0006676 -0.000165333 -0.00629648 -0.016574 0.0078908 0.167719 0.5 0.832281 0.992109 1.01657 1.0063 1.00017 0.999332 0.999762 0.999999 1.00003 1.00001 1 0.999999 1 1 1 1 1 1 1 1 1 
-1.95436e-21 5.13908e-21 1.85246e-10 1.45434e-09 2.44446e-09 -7.47995e-09 -4.07579e-08 -3.2742e-08 2.88572e-07 1.05967e-06 2.70987e-07 -8.70001e-06 -2.66373e-05 1.71546e-06 0.00023893 0.000667935 -0.000168508 -0.00630307 -0.0165757 0.00790522 0.16774 0.5 0.83226 0.992095 1.01658 1.0063 1.00017 0.999332 0.999761 0.999998 1.00003 1.00001 1 0.999999 1 1 1 1 1 1 1 1 1 
-5.13908e-21 9.65625e-21 2.37517e-10 1.54397e-09 2.28084e-09 -8.32184e-09 -4.1337e-08 -2.8926e-08 2.99529e-07 1.06204e-06 2.21348e-07 -8.81409e-06 -2.66544e-05 2.15157e-06 0.000239877 0.000668253 -0.000170966 -0.00630828 -0.0165773 0.00791599 0.167757 0.5 0.832243 0.992084 1.01658 1.00631 1.00017 0.999332 0.99976 0.999998 1.00003 1.00001 1 0.999999 1 1 1 1 1 1 1 1 1 
-9.65625e-21 1.51585e-20 2.85009e-10 1.61568e-09 2.11321e-09 -9.06281e-09 -4.17522e-08 -2.54873e-08 3.08855e-07 1.06364e-06 1.7919e-07 -8.90952e-06 -2.66704e-05 2.5053e-06 0.000240654 0.000668552 -0.000172854 -0.00631241 -0.0165788 0.00792398 0.167769 0.5 0.832231 0.992076 1.01658 1.00631 1.00017 0.999331 0.999759 0.999997 1.00003 1.00001 1 0.999999 1 1 1 1 1 1 1 1 1 
-1.51585e-20 2.12508e-20 3.27255e-10 1.67164e-09 1.9473e-09 -9.71039e-09 -4.20433e-08 -2.24226e-08 3.16781e-07 1.06474e-06 1.43574e-07 -8.98934e-06 -2.66859e-05 2.79092e-06 0.00024129 0.000668831 -0.000174295 -0.00631566 -0.0165801 0.00792985 0.167778 0.5 0.832222 0.99207 1.01658 1.00632 1.00017 0.999331 0.999759 0.999997 1.00003 1.00001 1 0.999999 1 1 1 1 1 1 1 1 1 
-2.12508e-20 2.75584e-20 3.64173e-10 1.71409e-09 1.78721e-09 -1.02734e-08 -4.22424e-08 -1.97162e-08 3.23511e-07 1.06553e-06 1.13631e-07 -9.05612e-06 -2.67011e-05 3.02049e-06 0.000241811 0.000669088 -0.000175385 -0.00631821 -0.0165813 0.00793411 0.167785 0.5 0.832215 0.992066 1.01658 1.00632 1.00018 0.999331 0.999758 0.999997 1.00003 1.00001 1 0.999999 1 1 1 1 1 1 1 1 1 
-2.75584e-20 3.37674e-20 3.95949e-10 1.74525e-09 1.63567e-09 -1.07608e-08 -4.23748e-08 -1.7345e-08 3.29223e-07 1.06614e-06 8.85722e-08 -9.11197e-06 -2.67159e-05 3.20409e-06 0.000242236 0.000669323 -0.0001762 -0.0063202 -0.0165823 0.00793716 0.16779 0.5 0.83221 0.992063 1.01658 1.00632 1.00018 0.999331 0.999758 0.999997 1.00003 1.00001 1 0.999999 1 1 1 1 1 1 1 1 1 
-3.37674e-20 3.96426e-20 4.22946e-10 1.76716e-09 1.49437e-09 -1.11818e-08 -4.246e-08 -1.52816e-08 3.34069e-07 1.06665e-06 6.76908e-08 -9.15868e-06 -2.67303e-05 3.35014e-06 0.000242583 0.000669536 -0.000176802 -0.00632175 -0.0165832 0.0079393 0.167794 0.5 0.832206 0.992061 1.01658 1.00632 1.00018 0.99933 0.999757 0.999997 1.00003 1.00001 1 0.999999 1 1 1 1 1 1 1 1 1 
-3.96426e-20 4.50284e-20 4.45624e-10 1.78165e-09 1.3642e-09 -1.15446e-08 -4.25129e-08 -1.34966e-08 3.3818e-07 1.06712e-06 5.03643e-08 -9.19772e-06 -2.67443e-05 3.46567e-06 0.000242866 0.000669727 -0.00017724 -0.00632295 -0.016584 0.00794077 0.167797 0.5 0.832203 0.992059 1.01658 1.00632 1.00018 0.99933 0.999757 0.999997 1.00003 1.00001 1 0.999999 1 1 1 1 1 1 1 1 1 
-4.50284e-20 4.98388e-20 4.64484e-10 1.79033e-09 1.24544e-09 -1.1857e-08 -4.25445e-08 -1.19608e-08 3.41667e-07 1.06757e-06 3.60477e-08 -9.23033e-06 -2.67577e-05 3.55645e-06 0.000243095 0.000669898 -0.000177552 -0.00632388 -0.0165847 0.00794176 0.167799 0.5 0.832201 0.992058 1.01658 1.00632 1.00018 0.99933 0.999757 0.999996 1.00003 1.00001 1 0.999999 1 1 1 1 1 1 1 1 1 
-4.98388e-20 5.40436e-20 4.80033e-10 1.79455e-09 1.13796e-09 -1.21258e-08 -4.25629e-08 -1.06459e-08 3.44624e-07 1.06803e-06 2.4268e-08 -9.25756e-06 -2.67704e-05 3.6273e-06 0.000243281 0.000670049 -0.000177769 -0.00632458 -0.0165852 0.00794238 0.1678 0.5 0.8322 0.992058 1.01659 1.00632 1.00018 0.99933 0.999757 0.999996 1.00003 1.00001 1 0.999999 1 1 1 1 1 1 1 1 1 
-5.40436e-20 5.76531e-20 4.92754e-10 1.79545e-09 1.04137e-09 -1.23572e-08 -4.25737e-08 -9.52534e-09 3.47132e-07 1.06849e-06 1.46177e-08 -9.28026e-06 -2.67824e-05 3.68213e-06 0.000243432 0.000670182 -0.000177915 -0.00632511 -0.0165857 0.00794276 0.167801 0.5 0.832199 0.992057 1.01659 1.00633 1.00018 0.99933 0.999757 0.999996 1.00003 1.00001 1 0.999999 1 1 1 1 1 1 1 1 1 
-5.76531e-20 6.07048e-20 5.03089e-10 1.79394e-09 9.55059e-10 -1.25564e-08 -4.25809e-08 -8.57449e-09 3.49259e-07 1.06897e-06 6.7472e-09 -9.29917e-06 -2.67936e-05 3.72417e-06 0.000243553 0.000670298 -0.000178007 -0.00632551 -0.0165861 0.00794296 0.167802 0.5 0.832198 0.992057 1.01659 1.00633 1.00018 0.99933 0.999756 0.999996 1.00003 1.00001 1 0.999999 1 1 1 1 1 1 1 1 1 
-6.07048e-20 6.32518e-20 5.11436e-10 1.79077e-09 8.78326e-10 -1.2728e-08 -4.2587e-08 -7.77105e-09 3.51062e-07 1.06945e-06 3.58642e-10 -9.3149e-06 -2.68039e-05 3.75606e-06 0.00024365 0.000670398 -0.000178061 -0.00632581 -0.0165864 0.00794303 0.167802 0.5 0.832198 0.992057 1.01659 1.00633 1.00018 0.99933 0.999756 0.999996 1.00003 1.00001 1 0.999999 1 1 1 1 1 1 1 1 1 
-6.32518e-20 6.53544e-20 5.18142e-10 1.78653e-09 8.10409e-10 -1.2876e-08 -4.25938e-08 -7.09497e-09 3.5259e-07 1.06993e-06 -4.80099e-09 -9.32796e-06 -2.68133e-05 3.77992e-06 0.000243728 0.000670485 -0.000178087 -0.00632602 -0.0165866 0.00794303 0.167802 0.5 0.832198 0.992057 1.01659 1.00633 1.00018 0.99933 0.999756 0.999996 1.00003 1.00001 1 0.999999 1 1 1 1 1 1 1 1 1 
-6.53544e-20 6.70743e-20 5.23506e-10 1.78166e-09 7.50534e-10 -1.30037e-08 -4.2602e-08 -6.5284e-09 3.53884e-07 1.0704e-06 -8.94553e-09 -9.33879e-06 -2.68219e-05 3.7975e-06 0.00024379 0.00067056 -0.000178093 -0.00632617 -0.0165868 0.00794298 0.167802 0.5 0.832198 0.992057 1.01659 1.00633 1.00018 0.999329 0.999756 0.999996 1.00003 1.00001 1 0.999999 1 1 1 1 1 1 1 1 1 
-6.70743e-20 6.84702e-20 5.27781e-10 1.77651e-09 6.97939e-10 -1.3114e-08 -4.26122e-08 -6.0556e-09 3.54979e-07 1.07086e-06 -1.2255e-08 -9.34774e-06 -2.68296e-05 3.81018e-06 0.000243839 0.000670623 -0.000178086 -0.00632628 -0.016587 0.0079429 0.167802 0.5 0.832198 0.992057 1.01659 1.00633 1.00018 0.999329 0.999756 0.999996 1.00003 1.00001 1 0.999999 1 1 1 1 1 1 1 1 1 
-6.84702e-20 6.95962e-20 5.31177e-10 1.77132e-09 6.5189e-10 -1.32094e-08 -4.26243e-08 -5.66273e-09 3.55905e-07 1.07131e-06 -1.48805e-08 -9.35514e-06 -2.68365e-05 3.81908e-06 0.000243877 0.000670677 -0.000178071 -0.00632635 -0.0165871 0.00794281 0.167802 0.5 0.832198 0.992057 1.01659 1.00633 1.00018 0.999329 0.999756 0.999996 1.00003 1.00001 1 0.999999 1 1 1 1 1 1 1 1 1 
-6.95962e-20 7.04998e-20 5.33871e-10 1.76628e-09 6.11696e-10 -1.32919e-08 -4.26381e-08 -5.33774e-09 3.56686e-07 1.07173e-06 -1.69482e-08 -9.36122e-06 -2.68427e-05 3.82509e-06 0.000243907 0.000670722 -0.000178051 -0.0063264 -0.0165872 0.00794271 0.167802 0.5 0.832198 0.992057 1.01659 1.00633 1.00018 0.999329 0.999756 0.999996 1.00003 1.00001 1 0.999999 1 1 1 1 1 1 1 1 1 
-7.04998e-20 7.12224e-20 5.36006e-10 1.7615e-09 5.76714e-10 -1.33633e-08 -4.26536e-08 -5.07018e-09 3.57346e-07 1.07213e-06 -1.85631e-08 -9.36622e-06 -2.68482e-05 3.82892e-06 0.000243931 0.00067076 -0.000178028 -0.00632643 -0.0165873 0.00794262 0.167802 0.5 0.832198 0.992057 1.01659 1.00633 1.00018 0.999329 0.999756 0.999996 1.00003 1.00001 1 0.999999 1 1 1 1 1 1 1 1 1 
-7.12224e-20 7.17987e-20 5.37698e-10 1.75706e-09 5.46353e-10 -1.34252e-08 -4.26701e-08 -4.851e-09 3.57901e-07 1.07251e-06 -1.98125e-08 -9.37031e-06 -2.6853e-05 3.83113e-06 0.000243949 0.000670792 -0.000178004 -0.00632644 -0.0165874 0.00794253 0.167802 0.5 0.832198 0.992057 1.01659 1.00633 1.00018 0.999329 0.999756 0.999996 1.00003 1.00001 1 0.999999 1 1 1 1 1 1 1 1 1 
-7.17987e-20 7.22579e-20 5.3904e-10 1.75301e-09 5.20073e-10 -1.34787e-08 -4.26875e-08 -4.67244e-09 3.58367e-07 1.07285e-06 -2.07682e-08 -9.37365e-06 -2.68572e-05 3.83215e-06 0.000243963 0.000670818 -0.000177981 -0.00632644 -0.0165874 0.00794246 0.167802 0.5 0.832198 0.992058 1.01659 1.00633 1.00018 0.999329 0.999756 0.999996 1.00003 1.00001 1 0.999999 1 1 1 1 1 1 1 1 1 
-7.22579e-20 7.26238e-20 5.40108e-10 1.74936e-09 4.97383e-10 -1.35252e-08 -4.27054e-08 -4.52783e-09 3.58759e-07 1.07317e-06 -2.14895e-08 -9.37637e-06 -2.68608e-05 3.83233e-06 0.000243973 0.00067084 -0.000177959 -0.00632644 -0.0165874 0.00794239 0.167802 0.5 0.832198 0.992058 1.01659 1.00633 1.00018 0.999329 0.999756 0.999996 1.00003 1.00001 1 0.999999 1 1 1 1 1 1 1 1 1 
-7.26238e-20 7.2916e-20 5.40961e-10 1.74611e-09 4.77845e-10 -1.35654e-08 -4.27234e-08 -4.4115e-09 3.59086e-07 1.07346e-06 -2.20249e-08 -9.37856e-06 -2.6864e-05 3.83192e-06 0.000243981 0.000670857 -0.000177939 -0.00632643 -0.0165875 0.00794233 0.167802 0.5 0.832198 0.992058 1.01659 1.00633 1.00018 0.999329 0.999756 0.999996 1.00003 1.00001 1 0.999999 1 1 1 1 1 1 1 1 1 
-7.2916e-20 7.31501e-20 5.41646e-10 1.74325e-09 4.61062e-10 -1.36002e-08 -4.27412e-08 -4.31861e-09 3.5936e-07 1.07373e-06 -2.24141e-08 -9.38034e-06 -2.68667e-05 3.83112e-06 0.000243987 0.000670872 -0.000177921 -0.00632642 -0.0165875 0.00794229 0.167802 0.5 0.832198 0.992058 1.01659 1.00633 1.00018 0.999329 0.999756 0.999996 1.00003 1.00001 1 0.999999 1 1 1 1 1 1 1 1 1 
