0 0 0 0 0 0 0 0 0 0 0 0 0 0 0 0 0 0 0 0 0 0.5 1 1 1 1 1 1 1 1 1 1 1 1 1 1 1 1 1 1 1 1 1 
0 0 0 0 0 0 0 0 0 0 0 0 0 0 0 0 0 0 0 -0.025 0.0833333 0.5 0.916667 1.025 1 1 1 1 1 1 1 1 1 1 1 1 1 1 1 1 1 1 1 
0 0 0 0 0 0 0 0 0 0 0 0 0 0 0 0 0 0.00125 -0.00870119 -0.0183572 0.115221 0.5 0.884779 1.01836 1.0087 0.99875 1 1 1 1 1 1 1 1 1 1 1 1 1 1 1 1 1 
0 0 0 0 0 0 0 0 0 0 0 0 0 0 0 -6.25e-05 0.000663916 -0.000119402 -0.0123966 -0.0117688 0.1325 0.5 0.8675 1.01177 1.0124 1.00012 0.999336 1.00006 1 1 1 1 1 1 1 1 1 1 1 1 1 1 1 
0 0 0 0 0 0 0 0 0 0 0 0 0 3.125e-06 -4.46569e-05 0.000101068 0.000860633 -0.00147945 -0.0140716 -0.00662485 0.14293 0.5 0.85707 1.00662 1.01407 1.00148 0.999139 0.999899 1.00004 0.999997 1 1 1 1 1 1 1 1 1 1 1 1 1 
0 0 0 0 0 0 0 0 0 0 0 -1.5625e-07 2.80575e-06 -1.19034e-05 -4.2528e-05 0.000260009 0.000833251 -0.00254432 -0.01482 -0.00283471 0.149656 0.5 0.850344 1.00283 1.01482 1.00254 0.999167 0.99974 1.00004 1.00001 0.999997 1 1 1 1 1 1 1 1 1 1 1 1 
0 0 0 0 0 0 0 0 0 7.8125e-09 -1.68933e-07 1.04272e-06 1.09089e-06 -2.49381e-05 -1.60667e-05 0.000376021 0.00071885 -0.00332379 -0.0151452 -7.34669e-05 0.154174 0.5 0.845826 1.00007 1.01515 1.00332 0.999281 0.999624 1.00002 1.00002 0.999999 0.999999 1 1 1 1 1 1 1 1 1 1 1 
0 0 0 0 0 0 0 -3.90625e-10 9.87896e-09 -7.97649e-08 6.70312e-08 1.83558e-06 -2.95528e-06 -3.19775e-05 1.77021e-05 0.000451822 0.000585125 -0.00388525 -0.0152749 0.00193643 0.157294 0.5 0.842706 0.998064 1.01527 1.00389 0.999415 0.999548 0.999982 1.00003 1 0.999998 1 1 1 1 1 1 1 1 1 1 1 
0 0 0 0 0 1.95313e-11 -5.65562e-10 5.63229e-09 -1.3883e-08 -1.10252e-07 4.86261e-07 1.86035e-06 -7.38014e-06 -3.39184e-05 5.0086e-05 0.000498823 0.000459995 -0.00428957 -0.0153158 0.00340238 0.159489 0.5 0.840511 0.996598 1.01532 1.00429 0.99954 0.999501 0.99995 1.00003 1.00001 0.999998 1 1 1 1 1 1 1 1 1 1 1 
0 0 0 -9.76563e-13 3.18589e-11 -3.76946e-10 1.49149e-09 5.18426e-09 -4.85711e-08 -5.54397e-08 8.79538e-07 1.29799e-06 -1.12134e-05 -3.26667e-05 7.7872e-05 0.000527067 0.000352932 -0.00458234 -0.0153185 0.00447417 0.161055 0.5 0.838945 0.995526 1.01532 1.00458 0.999647 0.999473 0.999922 1.00003 1.00001 0.999999 0.999999 1 1 1 1 1 1 1 1 1 1 
0 0 -1.78826e-12 2.42649e-11 -1.30389e-10 -1.36171e-10 3.88991e-09 -3.42755e-09 -7.30545e-08 5.63557e-08 1.15289e-06 4.29583e-07 -1.41796e-05 -2.97893e-05 0.000100467 0.000543667 0.000265385 -0.00479587 -0.0153068 0.0052593 0.162182 0.5 0.837818 0.994741 1.01531 1.0048 0.999735 0.999456 0.9999 1.00003 1.00001 1 0.999999 1 1 1 1 1 1 1 1 1 1 
0 -6.92099e-24 1.07167e-11 -7.15754e-12 -2.66983e-10 7.83145e-10 4.63385e-09 -1.6356e-08 -7.94921e-08 1.88826e-07 1.29549e-06 -5.29303e-07 -1.63284e-05 -2.63107e-05 0.000118334 0.000553245 0.000195631 -0.00495273 -0.0152916 0.00583517 0.162999 0.5 0.837001 0.994165 1.01529 1.00495 0.999804 0.999447 0.999882 1.00003 1.00002 1 0.999999 1 1 1 1 1 1 1 1 1 1 
6.92099e-24 3.51615e-23 1.58471e-11 -8.77525e-11 -2.04175e-10 1.91063e-09 3.20933e-09 -2.93796e-08 -6.94523e-08 3.16568e-07 1.33284e-06 -1.45024e-06 -1.78199e-05 -2.28192e-05 0.000132256 0.000558687 0.000140952 -0.00506872 -0.0152775 0.00625778 0.163594 0.5 0.836406 0.993742 1.01528 1.00507 0.999859 0.999441 0.999868 1.00002 1.00002 1 0.999999 1 1 1 1 1 1 1 1 1 1 
-3.51615e-23 -3.82228e-23 -1.53114e-12 -1.65883e-10 7.31575e-11 2.79935e-09 9.89077e-11 -3.99121e-08 -4.81344e-08 4.26688e-07 1.29867e-06 -2.27108e-06 -1.88243e-05 -1.9613e-05 0.000143026 0.000561744 9.85609e-05 -0.00515497 -0.0152663 0.00656785 0.164028 0.5 0.835972 0.993432 1.01527 1.00515 0.999901 0.999438 0.999857 1.00002 1.00002 1 0.999999 1 1 1 1 1 1 1 1 1 1 
3.82228e-23 5.9541e-24 -3.7396e-11 -1.98931e-10 4.82338e-10 3.22552e-09 -3.90804e-09 -4.70186e-08 -2.09053e-08 5.15141e-07 1.22263e-06 -2.97093e-06 -1.94855e-05 -1.68162e-05 0.00015133 0.000563459 6.59621e-05 -0.00521939 -0.0152581 0.00679516 0.164346 0.5 0.835654 0.993205 1.01526 1.00522 0.999934 0.999437 0.999849 1.00002 1.00002 1 0.999999 0.999999 1 1 1 1 1 1 1 1 1 
-5.9541e-24 7.36405e-22 -7.7615e-11 -1.71101e-10 9.22413e-10 3.16589e-09 -8.11511e-09 -5.08262e-08 8.08088e-09 5.82822e-07 1.12674e-06 -3.55122e-06 -1.99134e-05 -1.44553e-05 0.000157727 0.000564442 4.10547e-05 -0.00526767 -0.0152525 0.00696153 0.164579 0.5 0.835421 0.993038 1.01525 1.00527 0.999959 0.999436 0.999842 1.00001 1.00002 1 0.999999 0.999999 1 1 1 1 1 1 1 1 1 
-7.36405e-22 2.05628e-21 -1.088e-10 -8.83386e-11 1.31737e-09 2.71127e-09 -1.2054e-08 -5.19605e-08 3.61108e-08 6.32805e-07 1.02566e-06 -4.02388e-06 -2.01869e-05 -1.25067e-05 0.000162658 0.00056504 2.2129e-05 -0.00530394 -0.0152491 0.00708305 0.164749 0.5 0.835251 0.992917 1.01525 1.0053 0.999978 0.999435 0.999837 1.00001 1.00002 1 0.999999 0.999999 1 1 1 1 1 1 1 1 1 
-2.05628e-21 3.18888e-21 -1.23429e-10 3.26159e-11 1.62663e-09 1.99146e-09 -1.54772e-08 -5.11757e-08 6.16705e-08 6.68732e-07 9.28313e-07 -4.40446e-06 -2.03603e-05 -1.09246e-05 0.000166462 0.000565444 7.82169e-06 -0.00533122 -0.0152473 0.00717156 0.164873 0.5 0.835127 0.992828 1.01525 1.00533 0.999992 0.999435 0.999834 1.00001 1.00002 1 0.999999 0.999999 1 1 1 1 1 1 1 1 1 
-3.18888e-21 3.46371e-21 -1.20066e-10 1.73005e-10 1.83895e-09 1.13022e-09 -1.83e-08 -4.91619e-08 8.40948e-08 6.94012e-07 8.39508e-07 -4.70866e-06 -2.04703e-05 -9.65594e-06 0.000169402 0.000565756 -2.94071e-06 -0.00535176 -0.0152466 0.00723582 0.164964 0.5 0.835036 0.992764 1.01525 1.00535 1 0.999434 0.999831 1.00001 1.00002 1 0.999999 0.999999 1 1 1 1 1 1 1 1 1 
-3.46371e-21 2.80898e-21 -1.01371e-10 3.16911e-10 1.96156e-09 2.25514e-10 -2.05378e-08 -4.64701e-08 1.03254e-07 7.11501e-07 7.61372e-07 -4.95071e-06 -2.0541e-05 -8.64877e-06 0.000171675 0.000566027 -1.09957e-05 -0.00536722 -0.0152467 0.00728228 0.16503 0.5 0.83497 0.992718 1.01525 1.00537 1.00001 0.999434 0.999828 1.00001 1.00002 1 0.999999 0.999999 1 1 1 1 1 1 1 1 1 
-2.80898e-21 1.652e-21 -7.18653e-11 4.53009e-10 2.01069e-09 -6.54677e-10 -2.22585e-08 -4.35016e-08 1.19324e-07 7.23443e-07 6.94366e-07 -5.1428e-06 -2.05877e-05 -7.85586e-06 0.000173435 0.000566279 -1.69924e-05 -0.00537885 -0.0152472 0.00731572 0.165077 0.5 0.834923 0.992684 1.01525 1.00538 1.00002 0.999434 0.999827 1.00001 1.00002 1.00001 0.999999 0.999999 1 1 1 1 1 1 1 1 1 
-1.652e-21 5.59066e-22 -3.62833e-11 5.74507e-10 2.00494e-09 -1.46887e-09 -2.3549e-08 -4.05266e-08 1.32626e-07 7.31524e-07 6.37993e-07 -5.295e-06 -2.062e-05 -7.2362e-06 0.000174798 0.000566521 -2.14312e-05 -0.00538758 -0.015248 0.00733965 0.165112 0.5 0.834888 0.99266 1.01525 1.00539 1.00002 0.999433 0.999825 1.00001 1.00002 1.00001 0.999999 0.999999 1 1 1 1 1 1 1 1 1 
-5.59066e-22 -4.93916e-23 1.3506e-12 6.78277e-10 1.96163e-09 -2.19593e-09 -2.44973e-08 -3.77128e-08 1.43536e-07 7.36971e-07 5.91267e-07 -5.41551e-06 -2.06439e-05 -6.75518e-06 0.000175854 0.000566751 -2.46964e-05 -0.00539412 -0.0152489 0.00735668 0.165137 0.5 0.834863 0.992643 1.01525 1.00539 1.00002 0.999433 0.999824 1.00001 1.00002 1.00001 0.999999 0.999999 1 1 1 1 1 1 1 1 1 
4.93916e-23 3.70695e-25 3.80691e-11 7.63784e-10 1.89513e-09 -2.82887e-09 -2.51819e-08 -3.5153e-08 1.52426e-07 7.40653e-07 5.52996e-07 -5.51089e-06 -2.06628e-05 -6.38417e-06 0.000176672 0.00056697 -2.70816e-05 -0.00539901 -0.0152498 0.00736872 0.165155 0.5 0.834845 0.992631 1.01525 1.0054 1.00003 0.999433 0.999823 1.00001 1.00002 1.00001 0.999999 0.999999 1 1 1 1 1 1 1 1 1 
-3.70695e-25 6.71723e-22 7.19592e-11 8.32123e-10 1.81643e-09 -3.36967e-09 -2.5669e-08 -3.28882e-08 1.59636e-07 7.43171e-07 5.21964e-07 -5.58638e-06 -2.06787e-05 -6.09979e-06 0.000177304 0.000567173 -2.88102e-05 -0.00540265 -0.0152507 0.00737715 0.165167 0.5 0.834833 0.992623 1.01525 1.0054 1.00003 0.999433 0.999823 1.00001 1.00002 1.00001 0.999999 0.999999 1 1 1 1 1 1 1 1 1 
-6.71723e-22 1.80721e-21 1.01988e-10 8.85269e-10 1.73346e-09 -3.82544e-09 -2.60113e-08 -3.09262e-08 1.65466e-07 7.44935e-07 4.97016e-07 -5.64612e-06 -2.06928e-05 -5.88321e-06 0.000177793 0.000567359 -3.00518e-05 -0.00540534 -0.0152515 0.007383 0.165176 0.5 0.834824 0.992617 1.01525 1.00541 1.00003 0.999433 0.999822 1.00001 1.00002 1.00001 1 0.999999 1 1 1 1 1 1 1 1 1 
-1.80721e-21 3.21271e-21 1.27777e-10 9.25552e-10 1.65155e-09 -4.20567e-09 -2.62497e-08 -2.92539e-08 1.70171e-07 7.46215e-07 4.77112e-07 -5.69337e-06 -2.07055e-05 -5.71935e-06 0.00017817 0.000567526 -3.09344e-05 -0.00540733 -0.0152522 0.00738701 0.165183 0.5 0.834817 0.992613 1.01525 1.00541 1.00003 0.999432 0.999822 1.00001 1.00002 1.00001 1 0.999999 1 1 1 1 1 1 1 1 1 
-3.21271e-21 4.71236e-21 1.49384e-10 9.55313e-10 1.57408e-09 -4.52059e-09 -2.64148e-08 -2.78475e-08 1.73963e-07 7.47188e-07 4.61345e-07 -5.73074e-06 -2.07172e-05 -5.59625e-06 0.000178461 0.000567674 -3.15539e-05 -0.00540879 -0.0152528 0.00738973 0.165187 0.5 0.834813 0.99261 1.01525 1.00541 1.00003 0.999432 0.999822 1.00001 1.00002 1.00001 1 0.999999 1 1 1 1 1 1 1 1 1 
-4.71236e-21 6.17385e-21 1.67133e-10 9.76714e-10 1.50295e-09 -4.78011e-09 -2.65293e-08 -2.66776e-08 1.77016e-07 7.47965e-07 4.48938e-07 -5.76027e-06 -2.07279e-05 -5.50447e-06 0.000178684 0.000567804 -3.19825e-05 -0.00540985 -0.0152533 0.00739154 0.16519 0.5 0.83481 0.992608 1.01525 1.00541 1.00003 0.999432 0.999821 1.00001 1.00002 1.00001 1 0.999999 1 1 1 1 1 1 1 1 1 
-6.17385e-21 7.51267e-21 1.81478e-10 9.91643e-10 1.43906e-09 -4.99324e-09 -2.66093e-08 -2.57135e-08 1.79472e-07 7.48616e-07 4.39238e-07 -5.78358e-06 -2.07377e-05 -5.43663e-06 0.000178854 0.000567916 -3.22734e-05 -0.00541062 -0.0152538 0.00739272 0.165192 0.5 0.834808 0.992607 1.01525 1.00541 1.00003 0.999432 0.999821 1.00001 1.00002 1.00001 1 0.999999 1 1 1 1 1 1 1 1 1 
-7.51267e-21 8.68527e-21 1.92917e-10 1.00168e-09 1.38262e-09 -5.16793e-09 -2.66663e-08 -2.49257e-08 1.81447e-07 7.49181e-07 4.31703e-07 -5.80196e-06 -2.07465e-05 -5.38696e-06 0.000178984 0.000568011 -3.24663e-05 -0.00541118 -0.0152541 0.00739347 0.165193 0.5 0.834807 0.992607 1.01525 1.00541 1.00003 0.999432 0.999821 1.00001 1.00002 1.00001 1 0.999999 1 1 1 1 1 1 1 1 1 
-8.68527e-21 9.67821e-21 2.01941e-10 1.0081e-09 1.33341e-09 -5.31097e-09 -2.67082e-08 -2.42867e-08 1.83034e-07 7.49686e-07 4.2589e-07 -5.81643e-06 -2.07545e-05 -5.35098e-06 0.000179083 0.000568092 -3.25902e-05 -0.00541157 -0.0152544 0.00739393 0.165194 0.5 0.834806 0.992606 1.01525 1.00541 1.00003 0.999432 0.999821 1.00001 1.00002 1.00001 1 0.999999 1 1 1 1 1 1 1 1 1 
-9.67821e-21 1.04975e-20 2.08994e-10 1.01192e-09 1.29096e-09 -5.42805e-09 -2.67403e-08 -2.3772e-08 1.84309e-07 7.50142e-07 4.21436e-07 -5.82779e-06 -2.07615e-05 -5.32525e-06 0.000179158 0.000568159 -3.26662e-05 -0.00541184 -0.0152546 0.0073942 0.165195 0.5 0.834805 0.992606 1.01525 1.00541 1.00003 0.999432 0.999821 1.00001 1.00002 1.00001 1 0.999999 1 1 1 1 1 1 1 1 1 
-1.04975e-20 1.11602e-20 2.14467e-10 1.01392e-09 1.25466e-09 -5.52392e-09 -2.67661e-08 -2.33603e-08 1.85333e-07 7.50557e-07 4.18048e-07 -5.83669e-06 -2.07677e-05 -5.30714e-06 0.000179214 0.000568214 -3.27096e-05 -0.00541203 -0.0152548 0.00739435 0.165195 0.5 0.834805 0.992606 1.01525 1.00541 1.00003 0.999432 0.999821 1.00001 1.00002 1.00001 1 0.999999 1 1 1 1 1 1 1 1 1 
-1.11602e-20 1.16879e-20 2.18689e-10 1.01469e-09 1.22385e-09 -5.60246e-09 -2.67879e-08 -2.30331e-08 1.86153e-07 7.50934e-07 4.15492e-07 -5.84365e-06 -2.07731e-05 -5.29462e-06 0.000179256 0.00056826 -3.27314e-05 -0.00541216 -0.0152549 0.00739441 0.165195 0.5 0.834805 0.992606 1.01525 1.00541 1.00003 0.999432 0.999821 1.00001 1.00002 1.00001 1 0.999999 1 1 1 1 1 1 1 1 1 
-1.16879e-20 1.21031e-20 2.21931e-10 1.01466e-09 1.19788e-09 -5.66684e-09 -2.68071e-08 -2.27748e-08 1.8681e-07 7.51276e-07 4.13581e-07 -5.84907e-06 -2.07777e-05 -5.28619e-06 0.000179287 0.000568297 -3.27391e-05 -0.00541224 -0.015255 0.00739443 0.165195 0.5 0.834805 0.992606 1.01525 1.00541 1.00003 0.999432 0.999821 1.00001 1.00002 1.00001 1 0.999999 1 1 1 1 1 1 1 1 1 
-1.21031e-20 1.24269e-20 2.24413e-10 1.01415e-09 1.1761e-09 -5.71965e-09 -2.68245e-08 -2.25722e-08 1.87334e-07 7.51583e-07 4.12166e-07 -5.85328e-06 -2.07817e-05 -5.28068e-06 0.00017931 0.000568326 -3.27382e-05 -0.0054123 -0.0152551 0.00739442 0.165195 0.5 0.834805 0.992606 1.01526 1.00541 1.00003 0.999432 0.999821 1.00001 1.00002 1.00001 1 0.999999 1 1 1 1 1 1 1 1 1 
-1.24269e-20 1.26777e-20 2.2631e-10 1.01338e-09 1.15793e-09 -5.76301e-09 -2.68406e-08 -2.24145e-08 1.87753e-07 7.51858e-07 4.1113e-07 -5.85654e-06 -2.0785e-05 -5.27726e-06 0.000179327 0.00056835 -3.27324e-05 -0.00541233 -0.0152551 0.0073944 0.165195 0.5 0.834805 0.992606 1.01526 1.00541 1.00003 0.999432 0.999821 1.00001 1.00002 1.00001 1 0.999999 1 1 1 1 1 1 1 1 1 
