0 0 0 0 0 0 0 0 0 0 0 0 0 0 0 0 0 0 0 0 0 0.5 1 1 1 1 1 1 1 1 1 1 1 1 1 1 1 1 1 1 1 1 1 
0 0 0 0 0 0 0 0 0 0 0 0 0 0 0 0 0 0 0 -0.02 0.061 0.5 0.939 1.02 1 1 1 1 1 1 1 1 1 1 1 1 1 1 1 1 1 1 1 
0 0 0 0 0 0 0 0 0 0 0 0 0 0 0 0 0 0.0008 -0.00543299 -0.0217519 0.0940026 0.5 0.905997 1.02175 1.00543 0.9992 1 1 1 1 1 1 1 1 1 1 1 1 1 1 1 1 1 
0 0 0 0 0 0 0 0 0 0 0 0 0 0 0 -3.2e-05 0.00033894 0.000524515 -0.0100156 -0.0187868 0.114347 0.5 0.885653 1.01879 1.01002 0.999475 0.999661 1.00003 1 1 1 1 1 1 1 1 1 1 1 1 1 1 1 
0 0 0 0 0 0 0 0 0 0 0 0 0 1.28e-06 -1.84218e-05 1.16794e-05 0.000671504 -0.00035117 -0.0131677 -0.0148786 0.128006 0.5 0.871994 1.01488 1.01317 1.00035 0.999328 0.999988 1.00002 0.999999 1 1 1 1 1 1 1 1 1 1 1 1 1 
0 0 0 0 0 0 0 0 0 0 0 -5.12e-08 9.3143e-07 -2.51148e-06 -3.56049e-05 0.00011798 0.00087285 -0.00140411 -0.0152277 -0.011125 0.137714 0.5 0.862286 1.01112 1.01523 1.0014 0.999127 0.999882 1.00004 1 0.999999 1 1 1 1 1 1 1 1 1 1 1 1 
0 0 0 0 0 0 0 0 0 2.048e-09 -4.50396e-08 2.11808e-07 1.57813e-06 -1.13556e-05 -3.86816e-05 0.000248645 0.000943758 -0.0024269 -0.0165565 -0.00782041 0.144888 0.5 0.855112 1.00782 1.01656 1.00243 0.999056 0.999751 1.00004 1.00001 0.999998 1 1 1 1 1 1 1 1 1 1 1 1 
0 0 0 0 0 0 0 -8.192e-11 2.11288e-09 -1.41092e-08 -5.69523e-08 8.06658e-07 8.11189e-07 -2.20877e-05 -2.59139e-05 0.000376485 0.000920107 -0.00334005 -0.0174118 -0.00500457 0.150341 0.5 0.849659 1.005 1.01741 1.00334 0.99908 0.999624 1.00003 1.00002 0.999999 0.999999 1 1 1 1 1 1 1 1 1 1 1 
0 0 0 0 0 3.2768e-12 -9.6967e-11 8.3716e-10 1.35816e-09 -4.86669e-08 5.26491e-08 1.46701e-06 -1.61837e-06 -3.18009e-05 -9.82543e-07 0.000488261 0.000837868 -0.00412424 -0.0179626 -0.00263748 0.154573 0.5 0.845427 1.00264 1.01796 1.00412 0.999162 0.999512 1 1.00003 1 0.999999 1 1 1 1 1 1 1 1 1 1 1 
0 0 0 -1.31072e-13 4.37676e-12 -4.62908e-11 1.65839e-11 2.62046e-09 -8.47018e-09 -7.902e-08 3.05294e-07 1.90605e-06 -5.34116e-06 -3.8882e-05 3.12897e-05 0.000579879 0.000724181 -0.00478524 -0.018317 -0.000658885 0.157909 0.5 0.842091 1.00066 1.01832 1.00479 0.999276 0.99942 0.999969 1.00004 1.00001 0.999998 1 1 1 1 1 1 1 1 1 1 1 
0 0 -1.96042e-13 2.4393e-12 -5.15201e-12 -1.28413e-10 7.34104e-10 3.42436e-09 -2.84948e-08 -7.88052e-08 6.61515e-07 1.9524e-06 -9.78035e-06 -4.28493e-05 6.68001e-05 0.000651966 0.000597282 -0.00533762 -0.0185444 0.000991463 0.160571 0.5 0.839429 0.999009 1.01854 1.00534 0.999403 0.999348 0.999933 1.00004 1.00001 0.999998 0.999999 1 1 1 1 1 1 1 1 1 1 
0 -2.29258e-26 4.86585e-13 5.74415e-12 -5.12483e-11 -1.026e-10 2.05793e-09 1.04486e-09 -5.4299e-08 -3.19405e-08 1.05619e-06 1.56272e-06 -1.44062e-05 -4.39095e-05 0.000102634 0.000707119 0.000468593 -0.00579772 -0.0186895 0.00236735 0.162716 0.5 0.837284 0.997633 1.01869 1.0058 0.999531 0.999293 0.999897 1.00004 1.00001 0.999998 0.999999 1 1 1 1 1 1 1 1 1 1 
2.29258e-26 2.78034e-25 3.24149e-12 -1.52846e-13 -1.26563e-10 1.96276e-10 3.51647e-09 -5.78843e-09 -7.88384e-08 6.40979e-08 1.42763e-06 7.82333e-07 -1.8834e-05 -4.25852e-05 0.00013696 0.000748449 0.00034483 -0.00618082 -0.0187812 0.0035147 0.164458 0.5 0.835542 0.996485 1.01878 1.00618 0.999655 0.999252 0.999863 1.00004 1.00002 0.999999 0.999999 1 1 1 1 1 1 1 1 1 1 
-2.78034e-25 3.55909e-24 6.8533e-12 -2.62974e-11 -1.85544e-10 8.46734e-10 4.40242e-09 -1.69843e-08 -9.54627e-08 2.01548e-07 1.73172e-06 -2.99666e-07 -2.28307e-05 -3.94803e-05 0.00016876 0.000778907 0.000229633 -0.0065002 -0.0188385 0.00447198 0.165881 0.5 0.834119 0.995528 1.01884 1.0065 0.99977 0.999221 0.999831 1.00004 1.00002 1 0.999998 1 1 1 1 1 1 1 1 1 1 
-3.55909e-24 7.10454e-24 7.052e-12 -7.57759e-11 -1.64161e-10 1.79646e-09 4.06857e-09 -3.13629e-08 -9.96466e-08 3.67405e-07 1.9446e-06 -1.58352e-06 -2.62863e-05 -3.5158e-05 0.000197574 0.000801029 0.000124692 -0.00676701 -0.0188738 0.00527111 0.167049 0.5 0.832951 0.994729 1.01887 1.00677 0.999875 0.999199 0.999802 1.00004 1.00003 1 0.999998 1 1 1 1 1 1 1 1 1 1 
-7.10454e-24 -2.97914e-24 -1.6086e-12 -1.39752e-10 -7.59518e-12 2.88675e-09 2.11754e-09 -4.72003e-08 -8.94219e-08 5.4765e-07 2.05936e-06 -2.97786e-06 -2.91752e-05 -3.00905e-05 0.000223293 0.000816879 3.05094e-05 -0.00699046 -0.0188951 0.00593854 0.168012 0.5 0.831988 0.994061 1.0189 1.00699 0.999969 0.999183 0.999777 1.00003 1.00003 1 0.999998 0.999999 1 1 1 1 1 1 1 1 1 
2.97914e-24 5.3396e-24 -2.29574e-11 -1.99795e-10 3.1067e-10 3.90991e-09 -1.54518e-09 -6.27314e-08 -6.50097e-08 7.29875e-07 2.08097e-06 -4.40813e-06 -3.15247e-05 -2.46468e-05 0.000246016 0.000828079 -5.3119e-05 -0.00717808 -0.0189078 0.00649614 0.168808 0.5 0.831192 0.993504 1.01891 1.00718 1.00005 0.999172 0.999754 1.00002 1.00003 1 0.999998 0.999999 1 1 1 1 1 1 1 1 1 
-5.3396e-24 2.13362e-22 -5.72502e-11 -2.33698e-10 7.8358e-10 4.66599e-09 -6.75558e-09 -7.64809e-08 -2.81355e-08 9.04492e-07 2.02131e-06 -5.8185e-06 -3.33902e-05 -1.91016e-05 0.000265953 0.000835882 -0.000126788 -0.00733602 -0.0189155 0.00696205 0.169468 0.5 0.830532 0.993038 1.01892 1.00734 1.00013 0.999164 0.999734 1.00002 1.00003 1.00001 0.999998 0.999999 1 1 1 1 1 1 1 1 1 
-2.13362e-22 9.54365e-22 -1.00795e-10 -2.21457e-10 1.37619e-09 5.00126e-09 -1.31792e-08 -8.7414e-08 1.86609e-08 1.06496e-06 1.89542e-06 -7.17029e-06 -3.48388e-05 -1.36491e-05 0.000283367 0.000841234 -0.000191291 -0.00746931 -0.0189202 0.00735132 0.170016 0.5 0.829984 0.992649 1.01892 1.00747 1.00019 0.999159 0.999717 1.00001 1.00003 1.00001 0.999998 0.999999 1 1 1 1 1 1 1 1 1 
-9.54365e-22 2.51854e-21 -1.46926e-10 -1.49387e-10 2.03676e-09 4.825e-09 -2.04029e-08 -9.49536e-08 7.25764e-08 1.20745e-06 1.71888e-06 -8.43902e-06 -3.59391e-05 -8.42064e-06 0.000298531 0.000844845 -0.000247497 -0.00758205 -0.0189235 0.00767645 0.170472 0.5 0.829528 0.992324 1.01892 1.00758 1.00025 0.999155 0.999701 1.00001 1.00004 1.00001 0.999998 0.999999 1 1 1 1 1 1 1 1 1 
-2.51854e-21 4.86656e-21 -1.87651e-10 -1.1814e-11 2.70831e-09 4.1092e-09 -2.80089e-08 -9.89191e-08 1.3092e-07 1.33035e-06 1.50626e-06 -9.61117e-06 -3.67557e-05 -3.4986e-06 0.000311715 0.000847239 -0.000296284 -0.0076776 -0.0189261 0.00794787 0.170852 0.5 0.829148 0.992052 1.01893 1.00768 1.0003 0.999153 0.999688 1 1.00004 1.00001 0.999998 0.999999 1 1 1 1 1 1 1 1 1 
-4.86656e-21 7.47916e-21 -2.15307e-10 1.8926e-10 3.33795e-09 2.87789e-09 -3.56241e-08 -9.94322e-08 1.91328e-07 1.43361e-06 1.2703e-06 -1.06812e-05 -3.73459e-05 1.07026e-06 0.000323167 0.000848801 -0.000338493 -0.00775873 -0.0189287 0.00817428 0.171168 0.5 0.828832 0.991826 1.01893 1.00776 1.00034 0.999151 0.999677 0.999999 1.00004 1.00001 0.999999 0.999999 1 1 1 1 1 1 1 1 1 
-7.47916e-21 9.48929e-21 -2.23808e-10 4.45731e-10 3.88272e-09 1.1921e-09 -4.29464e-08 -9.68185e-08 2.51862e-07 1.51828e-06 1.0216e-06 -1.16493e-05 -3.77588e-05 5.26505e-06 0.000333112 0.000849808 -0.000374907 -0.00782772 -0.0189314 0.00836296 0.171431 0.5 0.828569 0.991637 1.01893 1.00783 1.00037 0.99915 0.999667 0.999995 1.00004 1.00001 0.999999 0.999998 1 1 1 1 1 1 1 1 1 
-9.48929e-21 1.00543e-20 -2.09324e-10 7.45486e-10 4.31228e-09 -8.65246e-10 -4.9753e-08 -9.15215e-08 3.11027e-07 1.58604e-06 7.68639e-07 -1.2519e-05 -3.80355e-05 9.08295e-06 0.00034175 0.000850458 -0.000406242 -0.00788646 -0.0189345 0.00852001 0.171651 0.5 0.828349 0.99148 1.01893 1.00789 1.00041 0.99915 0.999658 0.999991 1.00004 1.00001 0.999999 0.999998 1 1 1 1 1 1 1 1 1 
-1.00543e-20 8.78613e-21 -1.70435e-10 1.07447e-09 4.6091e-09 -3.2022e-09 -5.58976e-08 -8.40348e-08 3.67736e-07 1.6389e-06 5.17941e-07 -1.32964e-05 -3.82097e-05 1.25333e-05 0.000349256 0.000850891 -0.000433142 -0.00793654 -0.0189379 0.00865054 0.171834 0.5 0.828166 0.991349 1.01894 1.00794 1.00043 0.999149 0.999651 0.999987 1.00004 1.00001 0.999999 0.999998 1 1 1 1 1 1 1 1 1 
-8.78613e-21 6.04462e-21 -1.07893e-10 1.4184e-09 4.76706e-09 -5.72756e-09 -6.12999e-08 -7.48531e-08 4.21259e-07 1.67896e-06 2.7434e-07 -1.39885e-05 -3.83082e-05 1.56332e-05 0.000355785 0.000851202 -0.000456184 -0.00797926 -0.0189415 0.00875884 0.171986 0.5 0.828014 0.991241 1.01894 1.00798 1.00046 0.999149 0.999644 0.999984 1.00004 1.00001 1 0.999998 1 1 1 1 1 1 1 1 1 
-6.04462e-21 2.98399e-21 -2.41588e-11 1.76404e-09 4.78921e-09 -8.35746e-09 -6.59334e-08 -6.44403e-08 4.71152e-07 1.70828e-06 4.12552e-08 -1.46031e-05 -3.83524e-05 1.84047e-05 0.000361466 0.000851457 -0.000475878 -0.00801572 -0.0189455 0.00884851 0.172113 0.5 0.827887 0.991151 1.01895 1.00802 1.00048 0.999149 0.999639 0.999982 1.00004 1.00001 1 0.999998 1 1 1 1 1 1 1 1 1 
-2.98399e-21 1.35926e-21 7.71493e-11 2.1e-09 4.68531e-09 -1.10191e-08 -6.98118e-08 -5.32107e-08 5.17205e-07 1.72876e-06 -1.7904e-07 -1.51477e-05 -3.83589e-05 2.08722e-05 0.000366415 0.000851697 -0.000492673 -0.00804687 -0.0189496 0.0089226 0.172218 0.5 0.827782 0.991077 1.01895 1.00805 1.00049 0.999148 0.999634 0.999979 1.00004 1.00002 1 0.999998 0.999999 1 1 1 1 1 1 1 1 
-1.35926e-21 3.17967e-21 1.91791e-10 2.41712e-09 4.46952e-09 -1.36526e-08 -7.29775e-08 -4.15203e-08 5.59373e-07 1.74212e-06 -3.85173e-07 -1.56297e-05 -3.83404e-05 2.3061e-05 0.000370729 0.000851946 -0.000506964 -0.00807347 -0.0189538 0.00898364 0.172305 0.5 0.827695 0.991016 1.01895 1.00807 1.00051 0.999148 0.999629 0.999977 1.00004 1.00002 1 0.999998 0.999999 1 1 1 1 1 1 1 1 
-3.17967e-21 1.03261e-20 3.15361e-10 2.70857e-09 4.15839e-09 -1.62109e-08 -7.5491e-08 -2.96651e-08 5.97739e-07 1.74986e-06 -5.7647e-07 -1.6056e-05 -3.83066e-05 2.49963e-05 0.000374494 0.000852221 -0.000519095 -0.00809619 -0.018958 0.00903378 0.172377 0.5 0.827623 0.990966 1.01896 1.0081 1.00052 0.999148 0.999626 0.999975 1.00004 1.00002 1 0.999998 0.999999 1 1 1 1 1 1 1 1 
-1.03261e-20 2.42316e-20 4.43638e-10 2.96977e-09 3.7693e-09 -1.86592e-08 -7.74228e-08 -1.78832e-08 6.32467e-07 1.75324e-06 -7.52777e-07 -1.64329e-05 -3.82645e-05 2.67025e-05 0.00037778 0.000852525 -0.000529368 -0.00811559 -0.0189623 0.00907484 0.172437 0.5 0.827563 0.990925 1.01896 1.00812 1.00053 0.999147 0.999622 0.999973 1.00004 1.00002 1 0.999998 0.999999 1 1 1 1 1 1 1 1 
-2.42316e-20 4.56831e-20 5.72828e-10 3.19807e-09 3.31928e-09 -2.09733e-08 -7.88477e-08 -6.36039e-09 6.63775e-07 1.75335e-06 -9.14322e-07 -1.67661e-05 -3.82192e-05 2.82028e-05 0.000380652 0.00085286 -0.000538045 -0.00813215 -0.0189664 0.00910831 0.172486 0.5 0.827514 0.990892 1.01897 1.00813 1.00054 0.999147 0.999619 0.999972 1.00004 1.00002 1 0.999998 0.999999 1 1 1 1 1 1 1 1 
-4.56831e-20 7.47587e-20 6.99704e-10 3.39253e-09 2.82425e-09 -2.31383e-08 -7.98395e-08 4.76355e-09 6.91913e-07 1.75107e-06 -1.0616e-06 -1.70608e-05 -3.81745e-05 2.95186e-05 0.000383162 0.000853224 -0.000545353 -0.00814628 -0.0189705 0.00913549 0.172526 0.5 0.827474 0.990865 1.01897 1.00815 1.00055 0.999147 0.999617 0.99997 1.00004 1.00002 1 0.999998 0.999999 1 1 1 1 1 1 1 1 
-7.47587e-20 1.10882e-19 8.21669e-10 3.55352e-09 2.29856e-09 -2.51464e-08 -8.04689e-08 1.53882e-08 7.17141e-07 1.74712e-06 -1.1953e-06 -1.73215e-05 -3.81327e-05 3.06701e-05 0.000385358 0.000853613 -0.000551489 -0.00815833 -0.0189744 0.00915745 0.172559 0.5 0.827441 0.990843 1.01897 1.00816 1.00055 0.999146 0.999615 0.999969 1.00004 1.00002 1 0.999998 0.999999 1 1 1 1 1 1 1 1 
-1.10882e-19 1.52956e-19 9.36755e-10 3.68241e-09 1.7547e-09 -2.6996e-08 -8.08006e-08 2.54458e-08 7.3972e-07 1.74207e-06 -1.31621e-06 -1.75523e-05 -3.80955e-05 3.16753e-05 0.000387278 0.00085402 -0.000556624 -0.00816858 -0.0189781 0.00917508 0.172586 0.5 0.827414 0.990825 1.01898 1.00817 1.00056 0.999146 0.999613 0.999968 1.00004 1.00002 1 0.999998 0.999999 1 1 1 1 1 1 1 1 
-1.52956e-19 1.99538e-19 1.04358e-09 3.78134e-09 1.20329e-09 -2.86896e-08 -8.08933e-08 3.48952e-08 7.59906e-07 1.73638e-06 -1.42518e-06 -1.77568e-05 -3.80635e-05 3.2551e-05 0.000388959 0.00085444 -0.000560905 -0.0081773 -0.0189816 0.00918913 0.172608 0.5 0.827392 0.990811 1.01898 1.00818 1.00056 0.999146 0.999611 0.999967 1.00004 1.00002 1 0.999998 0.999999 1 1 1 1 1 1 1 1 
-1.99538e-19 2.49022e-19 1.14129e-09 3.85289e-09 6.53092e-10 -3.0233e-08 -8.07983e-08 4.37161e-08 7.77938e-07 1.73039e-06 -1.52311e-06 -1.7938e-05 -3.80374e-05 3.33121e-05 0.00039043 0.000854868 -0.000564461 -0.00818471 -0.0189849 0.00920025 0.172626 0.5 0.827374 0.9908 1.01898 1.00818 1.00056 0.999145 0.99961 0.999967 1.00004 1.00002 1 0.999998 0.999999 1 1 1 1 1 1 1 1 
-2.49022e-19 2.99793e-19 1.22946e-09 3.89993e-09 1.11182e-10 -3.16342e-08 -8.05602e-08 5.1905e-08 7.9404e-07 1.72437e-06 -1.61087e-06 -1.80987e-05 -3.8017e-05 3.39722e-05 0.000391717 0.000855297 -0.0005674 -0.00819099 -0.0189879 0.00920896 0.17264 0.5 0.82736 0.990791 1.01899 1.00819 1.00057 0.999145 0.999608 0.999966 1.00004 1.00002 1 0.999998 0.999999 1 1 1 1 1 1 1 1 
-2.99793e-19 3.50355e-19 1.30804e-09 3.92544e-09 -4.16907e-10 -3.29026e-08 -8.0217e-08 5.94708e-08 8.08418e-07 1.71851e-06 -1.68932e-06 -1.82413e-05 -3.80022e-05 3.45433e-05 0.000392843 0.000855723 -0.000569817 -0.00819631 -0.0189908 0.0092157 0.172652 0.5 0.827348 0.990784 1.01899 1.0082 1.00057 0.999144 0.999607 0.999965 1.00004 1.00002 1 0.999998 0.999999 1 1 1 1 1 1 1 1 
-3.50355e-19 3.99415e-19 1.37725e-09 3.93238e-09 -9.2698e-10 -3.40481e-08 -7.98002e-08 6.64315e-08 8.21259e-07 1.71295e-06 -1.75929e-06 -1.83679e-05 -3.79925e-05 3.50364e-05 0.000393828 0.000856143 -0.000571794 -0.0082008 -0.0189934 0.00922084 0.172661 0.5 0.827339 0.990779 1.01899 1.0082 1.00057 0.999144 0.999606 0.999965 1.00004 1.00002 1 0.999998 0.999999 1 1 1 1 1 1 1 1 
-3.99415e-19 4.45932e-19 1.43752e-09 3.92361e-09 -1.41599e-09 -3.50811e-08 -7.93363e-08 7.28119e-08 8.32731e-07 1.70777e-06 -1.82156e-06 -1.84805e-05 -3.79876e-05 3.5461e-05 0.000394689 0.000856551 -0.000573399 -0.00820459 -0.0189958 0.00922469 0.172668 0.5 0.827332 0.990775 1.019 1.0082 1.00057 0.999143 0.999605 0.999965 1.00004 1.00002 1 0.999998 0.999999 1 1 1 1 1 1 1 1 
-4.45932e-19 4.89129e-19 1.48943e-09 3.90179e-09 -1.88184e-09 -3.60115e-08 -7.88463e-08 7.86411e-08 8.42987e-07 1.70304e-06 -1.87687e-06 -1.85805e-05 -3.79869e-05 3.58257e-05 0.000395442 0.000856946 -0.000574692 -0.00820777 -0.018998 0.0092275 0.172674 0.5 0.827326 0.990773 1.019 1.00821 1.00057 0.999143 0.999605 0.999964 1.00004 1.00002 1 0.999998 0.999999 1 1 1 1 1 1 1 1 
-4.89129e-19 5.28487e-19 1.53364e-09 3.86941e-09 -2.32323e-09 -3.68493e-08 -7.83473e-08 8.3951e-08 8.52162e-07 1.69879e-06 -1.92589e-06 -1.86695e-05 -3.79898e-05 3.61381e-05 0.000396099 0.000857325 -0.000575725 -0.00821044 -0.019 0.00922947 0.172678 0.5 0.827322 0.990771 1.019 1.00821 1.00058 0.999143 0.999604 0.999964 1.00004 1.00002 1 0.999998 0.999999 1 1 1 1 1 1 1 1 
-5.28487e-19 5.63718e-19 1.57087e-09 3.82868e-09 -2.73951e-09 -3.76036e-08 -7.78525e-08 8.87748e-08 8.60374e-07 1.69502e-06 -1.96926e-06 -1.87486e-05 -3.79959e-05 3.6405e-05 0.000396673 0.000857686 -0.00057654 -0.00821266 -0.0190018 0.00923079 0.172681 0.5 0.827319 0.990769 1.019 1.00821 1.00058 0.999142 0.999603 0.999964 1.00004 1.00002 1 0.999998 0.999999 1 1 1 1 1 1 1 1 
-5.63718e-19 5.9473e-19 1.60186e-09 3.7816e-09 -3.13054e-09 -3.8283e-08 -7.7372e-08 9.31463e-08 8.67731e-07 1.69173e-06 -2.00756e-06 -1.8819e-05 -3.80045e-05 3.66323e-05 0.000397172 0.000858028 -0.000577175 -0.00821452 -0.0190034 0.0092316 0.172683 0.5 0.827317 0.990768 1.019 1.00821 1.00058 0.999142 0.999603 0.999963 1.00004 1.00002 1 0.999998 0.999999 1 1 1 1 1 1 1 1 
-5.9473e-19 6.21589e-19 1.62732e-09 3.72989e-09 -3.49654e-09 -3.88953e-08 -7.69133e-08 9.70989e-08 8.74327e-07 1.6889e-06 -2.04131e-06 -1.88817e-05 -3.80152e-05 3.68253e-05 0.000397608 0.00085835 -0.00057766 -0.00821606 -0.0190049 0.009232 0.172685 0.5 0.827315 0.990768 1.019 1.00822 1.00058 0.999142 0.999602 0.999963 1.00004 1.00002 1 0.999998 0.999999 1 1 1 1 1 1 1 1 
-6.21589e-19 6.44482e-19 1.64794e-09 3.67506e-09 -3.83808e-09 -3.94477e-08 -7.64816e-08 1.00665e-07 8.80245e-07 1.6865e-06 -2.07101e-06 -1.89374e-05 -3.80276e-05 3.69884e-05 0.000397987 0.000858652 -0.000578023 -0.00821732 -0.0190062 0.0092321 0.172686 0.5 0.827314 0.990768 1.01901 1.00822 1.00058 0.999141 0.999602 0.999963 1.00004 1.00002 1 0.999998 0.999999 1 1 1 1 1 1 1 1 
-6.44482e-19 6.63678e-19 1.66438e-09 3.6184e-09 -4.15592e-09 -3.99467e-08 -7.60805e-08 1.03877e-07 8.85558e-07 1.6845e-06 -2.09708e-06 -1.8987e-05 -3.80412e-05 3.71259e-05 0.000398316 0.000858933 -0.000578287 -0.00821837 -0.0190073 0.00923198 0.172687 0.5 0.827313 0.990768 1.01901 1.00822 1.00058 0.999141 0.999602 0.999963 1.00004 1.00002 1 0.999998 0.999999 1 1 1 1 1 1 1 1 
-6.63678e-19 6.79502e-19 1.67723e-09 3.56097e-09 -4.451e-09 -4.0398e-08 -7.57119e-08 1.06763e-07 8.90332e-07 1.68287e-06 -2.11993e-06 -1.90311e-05 -3.80557e-05 3.72412e-05 0.000398601 0.000859195 -0.000578469 -0.00821921 -0.0190083 0.00923169 0.172687 0.5 0.827313 0.990768 1.01901 1.00822 1.00058 0.999141 0.999601 0.999963 1.00004 1.00002 1 0.999998 0.999999 1 1 1 1 1 1 1 1 
-6.79502e-19 6.92304e-19 1.68705e-09 3.50367e-09 -4.72436e-09 -4.08068e-08 -7.53768e-08 1.09352e-07 8.94623e-07 1.68157e-06 -2.13991e-06 -1.90703e-05 -3.80708e-05 3.73374e-05 0.000398849 0.000859437 -0.000578586 -0.0082199 -0.0190093 0.00923129 0.172688 0.5 0.827312 0.990769 1.01901 1.00822 1.00058 0.999141 0.999601 0.999963 1.00004 1.00002 1 0.999998 0.999999 1 1 1 1 1 1 1 1 
-6.92304e-19 7.02444e-19 1.69431e-09 3.44722e-09 -4.9771e-09 -4.11776e-08 -7.50752e-08 1.11671e-07 8.98482e-07 1.68057e-06 -2.15735e-06 -1.91052e-05 -3.80862e-05 3.74173e-05 0.000399063 0.000859659 -0.000578651 -0.00822045 -0.01901 0.0092308 0.172688 0.5 0.827312 0.990769 1.01901 1.00822 1.00058 0.99914 0.999601 0.999963 1.00004 1.00002 1 0.999998 0.999999 1 1 1 1 1 1 1 1 
-7.02444e-19 7.10277e-19 1.69945e-09 3.39219e-09 -5.21037e-09 -4.15147e-08 -7.48062e-08 1.13744e-07 9.01954e-07 1.67983e-06 -2.17255e-06 -1.91361e-05 -3.81017e-05 3.74832e-05 0.000399247 0.000859864 -0.000578675 -0.00822089 -0.0190107 0.00923028 0.172687 0.5 0.827313 0.99077 1.01901 1.00822 1.00058 0.99914 0.999601 0.999963 1.00004 1.00002 1 0.999998 0.999999 1 1 1 1 1 1 1 1 
-7.10277e-19 7.16137e-19 1.70286e-09 3.33904e-09 -5.42532e-09 -4.18214e-08 -7.45688e-08 1.15594e-07 9.05079e-07 1.67932e-06 -2.18575e-06 -1.91636e-05 -3.8117e-05 3.75372e-05 0.000399406 0.00086005 -0.000578668 -0.00822124 -0.0190114 0.00922973 0.172687 0.5 0.827313 0.99077 1.01901 1.00822 1.00058 0.99914 0.999601 0.999962 1.00004 1.00002 1 0.999998 0.999999 1 1 1 1 1 1 1 1 
-7.16137e-19 7.20336e-19 1.70486e-09 3.28809e-09 -5.6231e-09 -4.2101e-08 -7.43612e-08 1.17242e-07 9.07893e-07 1.67901e-06 -2.19719e-06 -1.9188e-05 -3.81321e-05 3.7581e-05 0.000399543 0.00086022 -0.000578636 -0.0082215 -0.0190119 0.00922918 0.172687 0.5 0.827313 0.990771 1.01901 1.00822 1.00058 0.99914 0.9996 0.999962 1.00004 1.00002 1 0.999998 0.999999 1 1 1 1 1 1 1 1 
-7.20336e-19 7.23157e-19 1.70574e-09 3.2396e-09 -5.80483e-09 -4.23562e-08 -7.41817e-08 1.18708e-07 9.10425e-07 1.67888e-06 -2.20709e-06 -1.92097e-05 -3.81467e-05 3.76163e-05 0.00039966 0.000860375 -0.000578587 -0.0082217 -0.0190123 0.00922864 0.172686 0.5 0.827314 0.990771 1.01901 1.00822 1.00058 0.99914 0.9996 0.999962 1.00004 1.00002 1 0.999998 0.999999 1 1 1 1 1 1 1 1 
-7.23157e-19 7.2485e-19 1.70574e-09 3.19372e-09 -5.97158e-09 -4.25895e-08 -7.40282e-08 1.20009e-07 9.12705e-07 1.67888e-06 -2.21563e-06 -1.92288e-05 -3.81609e-05 3.76443e-05 0.00039976 0.000860515 -0.000578526 -0.00822185 -0.0190127 0.00922812 0.172686 0.5 0.827314 0.990772 1.01901 1.00822 1.00058 0.999139 0.9996 0.999962 1.00004 1.00002 1 0.999998 0.999999 1 1 1 1 1 1 1 1 
-7.2485e-19 7.25638e-19 1.70507e-09 3.15055e-09 -6.12441e-09 -4.28031e-08 -7.38986e-08 1.21162e-07 9.14756e-07 1.67901e-06 -2.22297e-06 -1.92458e-05 -3.81745e-05 3.76663e-05 0.000399846 0.000860641 -0.000578456 -0.00822196 -0.0190131 0.00922762 0.172686 0.5 0.827314 0.990772 1.01901 1.00822 1.00058 0.999139 0.9996 0.999962 1.00004 1.00002 1 0.999998 0.999999 1 1 1 1 1 1 1 1 
-7.25638e-19 7.25712e-19 1.70391e-09 3.11012e-09 -6.26431e-09 -4.29988e-08 -7.37909e-08 1.22181e-07 9.16603e-07 1.67924e-06 -2.22927e-06 -1.92607e-05 -3.81874e-05 3.76831e-05 0.000399919 0.000860754 -0.00057838 -0.00822203 -0.0190133 0.00922716 0.172685 0.5 0.827315 0.990773 1.01901 1.00822 1.00058 0.999139 0.9996 0.999962 1.00004 1.00002 1 0.999998 0.999999 1 1 1 1 1 1 1 1 
-7.25712e-19 7.25236e-19 1.70238e-09 3.07243e-09 -6.39223e-09 -4.31783e-08 -7.37028e-08 1.23082e-07 9.18263e-07 1.67954e-06 -2.23466e-06 -1.9274e-05 -3.81996e-05 3.76957e-05 0.00039998 0.000860856 -0.000578303 -0.00822207 -0.0190136 0.00922673 0.172685 0.5 0.827315 0.990773 1.01901 1.00822 1.00058 0.999139 0.9996 0.999962 1.00004 1.00002 1 0.999998 0.999999 1 1 1 1 1 1 1 1 
-7.25236e-19 7.24349e-19 1.70061e-09 3.03743e-09 -6.50908e-09 -4.3343e-08 -7.36325e-08 1.23874e-07 9.19757e-07 1.67991e-06 -2.23924e-06 -1.92856e-05 -3.82111e-05 3.77049e-05 0.000400032 0.000860947 -0.000578224 -0.00822209 -0.0190138 0.00922634 0.172684 0.5 0.827316 0.990774 1.01901 1.00822 1.00058 0.999139 0.9996 0.999962 1.00004 1.00002 1 0.999998 0.999999 1 1 1 1 1 1 1 1 
-7.24349e-19 7.23165e-19 1.69869e-09 3.00507e-09 -6.61569e-09 -4.34944e-08 -7.35779e-08 1.24572e-07 9.21098e-07 1.68032e-06 -2.24313e-06 -1.92959e-05 -3.82219e-05 3.77111e-05 0.000400076 0.000861027 -0.000578147 -0.0082221 -0.019014 0.00922598 0.172684 0.5 0.827316 0.990774 1.01901 1.00822 1.00058 0.999139 0.9996 0.999962 1.00004 1.00002 1 0.999998 0.999999 1 1 1 1 1 1 1 1 
-7.23165e-19 7.2178e-19 1.69671e-09 2.97523e-09 -6.71285e-09 -4.36335e-08 -7.35373e-08 1.25183e-07 9.22303e-07 1.68077e-06 -2.24642e-06 -1.93049e-05 -3.8232e-05 3.77151e-05 0.000400112 0.000861099 -0.000578072 -0.00822209 -0.0190141 0.00922566 0.172684 0.5 0.827316 0.990774 1.01901 1.00822 1.00058 0.999139 0.9996 0.999962 1.00004 1.00002 1 0.999998 0.999999 1 1 1 1 1 1 1 1 
-7.2178e-19 7.20271e-19 1.69471e-09 2.94783e-09 -6.80132e-09 -4.37613e-08 -7.35088e-08 1.25718e-07 9.23384e-07 1.68124e-06 -2.24918e-06 -1.93128e-05 -3.82414e-05 3.77171e-05 0.000400143 0.000861163 -0.000578 -0.00822207 -0.0190142 0.00922537 0.172684 0.5 0.827316 0.990775 1.01901 1.00822 1.00058 0.999139 0.9996 0.999962 1.00004 1.00002 1 0.999998 0.999999 1 1 1 1 1 1 1 1 
-7.20271e-19 7.187e-19 1.69274e-09 2.92273e-09 -6.88179e-09 -4.3879e-08 -7.3491e-08 1.26185e-07 9.24352e-07 1.68172e-06 -2.25149e-06 -1.93198e-05 -3.82501e-05 3.77177e-05 0.000400168 0.000861219 -0.000577931 -0.00822204 -0.0190143 0.00922511 0.172683 0.5 0.827317 0.990775 1.01901 1.00822 1.00058 0.999139 0.9996 0.999962 1.00004 1.00002 1 0.999998 0.999999 1 1 1 1 1 1 1 1 
-7.187e-19 7.17115e-19 1.69084e-09 2.89981e-09 -6.95491e-09 -4.39871e-08 -7.34822e-08 1.26591e-07 9.2522e-07 1.68221e-06 -2.25341e-06 -1.93258e-05 -3.82581e-05 3.7717e-05 0.000400189 0.000861269 -0.000577867 -0.00822201 -0.0190144 0.00922488 0.172683 0.5 0.827317 0.990775 1.01901 1.00822 1.00058 0.999139 0.9996 0.999962 1.00004 1.00002 1 0.999998 0.999999 1 1 1 1 1 1 1 1 
-7.17115e-19 7.15553e-19 1.68904e-09 2.87893e-09 -7.02128e-09 -4.40867e-08 -7.34813e-08 1.26944e-07 9.25996e-07 1.68269e-06 -2.255e-06 -1.93311e-05 -3.82655e-05 3.77155e-05 0.000400205 0.000861312 -0.000577807 -0.00822197 -0.0190144 0.00922469 0.172683 0.5 0.827317 0.990775 1.01901 1.00822 1.00058 0.999139 0.9996 0.999962 1.00004 1.00002 1 0.999998 0.999999 1 1 1 1 1 1 1 1 
-7.15553e-19 7.14044e-19 1.68734e-09 2.85998e-09 -7.08147e-09 -4.41782e-08 -7.34869e-08 1.27249e-07 9.26689e-07 1.68317e-06 -2.2563e-06 -1.93358e-05 -3.82722e-05 3.77133e-05 0.000400219 0.00086135 -0.000577752 -0.00822193 -0.0190145 0.00922451 0.172683 0.5 0.827317 0.990775 1.01901 1.00822 1.00058 0.999139 0.9996 0.999962 1.00004 1.00002 1 0.999998 0.999999 1 1 1 1 1 1 1 1 
-7.14044e-19 7.12607e-19 1.68577e-09 2.84281e-09 -7.13598e-09 -4.42623e-08 -7.3498e-08 1.27513e-07 9.27308e-07 1.68364e-06 -2.25735e-06 -1.93398e-05 -3.82784e-05 3.77106e-05 0.00040023 0.000861383 -0.000577701 -0.00822189 -0.0190145 0.00922436 0.172682 0.5 0.827318 0.990776 1.01901 1.00822 1.00058 0.999139 0.9996 0.999962 1.00004 1.00002 1 0.999998 0.999999 1 1 1 1 1 1 1 1 
-7.12607e-19 7.11257e-19 1.68432e-09 2.82729e-09 -7.18532e-09 -4.43396e-08 -7.35136e-08 1.27739e-07 9.27859e-07 1.6841e-06 -2.2582e-06 -1.93433e-05 -3.8284e-05 3.77075e-05 0.000400238 0.000861411 -0.000577655 -0.00822186 -0.0190146 0.00922423 0.172682 0.5 0.827318 0.990776 1.01901 1.00822 1.00058 0.999139 0.9996 0.999962 1.00004 1.00002 1 0.999998 0.999999 1 1 1 1 1 1 1 1 
-7.11257e-19 7.10002e-19 1.683e-09 2.81331e-09 -7.22991e-09 -4.44106e-08 -7.35328e-08 1.27932e-07 9.2835e-07 1.68453e-06 -2.25887e-06 -1.93463e-05 -3.82891e-05 3.77042e-05 0.000400245 0.000861436 -0.000577612 -0.00822182 -0.0190146 0.00922412 0.172682 0.5 0.827318 0.990776 1.01901 1.00822 1.00058 0.999139 0.9996 0.999962 1.00004 1.00002 1 0.999998 0.999999 1 1 1 1 1 1 1 1 
-7.10002e-19 7.08848e-19 1.6818e-09 2.80073e-09 -7.27019e-09 -4.44759e-08 -7.35549e-08 1.28097e-07 9.28786e-07 1.68495e-06 -2.25939e-06 -1.93489e-05 -3.82938e-05 3.77008e-05 0.00040025 0.000861457 -0.000577574 -0.00822178 -0.0190146 0.00922403 0.172682 0.5 0.827318 0.990776 1.01901 1.00822 1.00058 0.999139 0.9996 0.999962 1.00004 1.00002 1 0.999998 0.999999 1 1 1 1 1 1 1 1 
-7.08848e-19 7.07796e-19 1.68074e-09 2.78945e-09 -7.30651e-09 -4.45357e-08 -7.35791e-08 1.28237e-07 9.29172e-07 1.68534e-06 -2.25978e-06 -1.93511e-05 -3.82979e-05 3.76974e-05 0.000400254 0.000861475 -0.00057754 -0.00822175 -0.0190146 0.00922395 0.172682 0.5 0.827318 0.990776 1.01901 1.00822 1.00058 0.999139 0.9996 0.999962 1.00004 1.00002 1 0.999998 0.999999 1 1 1 1 1 1 1 1 
-7.07796e-19 7.06845e-19 1.67978e-09 2.77935e-09 -7.33924e-09 -4.45906e-08 -7.36048e-08 1.28354e-07 9.29514e-07 1.68571e-06 -2.26007e-06 -1.9353e-05 -3.83017e-05 3.7694e-05 0.000400256 0.000861491 -0.000577509 -0.00822172 -0.0190146 0.00922389 0.172682 0.5 0.827318 0.990776 1.01901 1.00822 1.00058 0.999139 0.9996 0.999962 1.00004 1.00002 1 0.999998 0.999999 1 1 1 1 1 1 1 1 
-7.06845e-19 7.05993e-19 1.67895e-09 2.77034e-09 -7.36871e-09 -4.46409e-08 -7.36317e-08 1.28453e-07 9.29816e-07 1.68606e-06 -2.26028e-06 -1.93547e-05 -3.83051e-05 3.76907e-05 0.000400258 0.000861504 -0.000577482 -0.00822169 -0.0190146 0.00922383 0.172682 0.5 0.827318 0.990776 1.01901 1.00822 1.00058 0.999138 0.9996 0.999962 1.00004 1.00002 1 0.999998 0.999999 1 1 1 1 1 1 1 1 
-7.05993e-19 7.05235e-19 1.67821e-09 2.76231e-09 -7.39519e-09 -4.46869e-08 -7.36591e-08 1.28535e-07 9.30083e-07 1.68639e-06 -2.26041e-06 -1.93561e-05 -3.83081e-05 3.76875e-05 0.000400258 0.000861515 -0.000577457 -0.00822166 -0.0190146 0.00922379 0.172682 0.5 0.827318 0.990776 1.01901 1.00822 1.00058 0.999138 0.9996 0.999962 1.00004 1.00002 1 0.999998 0.999999 1 1 1 1 1 1 1 1 
-7.05235e-19 7.04567e-19 1.67758e-09 2.75517e-09 -7.41898e-09 -4.4729e-08 -7.36868e-08 1.28602e-07 9.30317e-07 1.68669e-06 -2.26049e-06 -1.93573e-05 -3.83108e-05 3.76844e-05 0.000400259 0.000861525 -0.000577436 -0.00822163 -0.0190146 0.00922376 0.172682 0.5 0.827318 0.990776 1.01901 1.00822 1.00058 0.999138 0.9996 0.999962 1.00004 1.00002 1 0.999998 0.999999 1 1 1 1 1 1 1 1 
-7.04567e-19 7.03982e-19 1.67703e-09 2.74884e-09 -7.44031e-09 -4.47675e-08 -7.37143e-08 1.28657e-07 9.30523e-07 1.68697e-06 -2.26051e-06 -1.93583e-05 -3.83132e-05 3.76815e-05 0.000400259 0.000861532 -0.000577417 -0.00822161 -0.0190146 0.00922373 0.172682 0.5 0.827318 0.990776 1.01901 1.00822 1.00058 0.999138 0.9996 0.999962 1.00004 1.00002 1 0.999998 0.999999 1 1 1 1 1 1 1 1 
