1 1 0.95 0.9 0.85 0.8 0.75 0.7 0.65 0.6 0.55 0.5 0.45 0.4 0.35 0.3 0.25 0.2 0.15 0.1 0.05 0 -0.05 -0.1 -0.15 -0.2 -0.25 -0.3 -0.35 -0.4 -0.45 -0.5 -0.55 -0.6 -0.65 -0.7 -0.75 -0.8 -0.85 -0.9 -0.95 -1 -1 
1 1 0.99875 0.94625 0.89375 0.84125 0.78875 0.73625 0.68375 0.63125 0.57875 0.52625 0.47375 0.42125 0.36875 0.31625 0.26375 0.21125 0.15875 0.10625 0.05375 -5.42101e-18 -0.05375 -0.10625 -0.15875 -0.21125 -0.26375 -0.31625 -0.36875 -0.42125 -0.47375 -0.52625 -0.57875 -0.63125 -0.68375 -0.73625 -0.78875 -0.84125 -0.89375 -0.94625 -0.99875 -1 -1 
1 1 0.999999 0.997306 0.94205 0.886794 0.831538 0.776281 0.721025 0.665769 0.610513 0.555256 0.5 0.444744 0.389487 0.334231 0.278975 0.223719 0.168462 0.113206 0.05795 -1.14925e-17 -0.05795 -0.113206 -0.168463 -0.223719 -0.278975 -0.334231 -0.389488 -0.444744 -0.5 -0.555256 -0.610513 -0.665769 -0.721025 -0.776281 -0.831538 -0.886794 -0.94205 -0.997306 -0.999999 -1 -1 
1 1 1 0.999996 0.995631 0.937321 0.879012 0.820702 0.762393 0.704083 0.645774 0.587464 0.529155 0.470845 0.412536 0.354226 0.295917 0.237607 0.179298 0.120988 0.0626787 -1.82146e-17 -0.0626787 -0.120988 -0.179298 -0.237607 -0.295917 -0.354226 -0.412536 -0.470845 -0.529155 -0.587464 -0.645774 -0.704083 -0.762393 -0.820702 -0.879012 -0.937321 -0.995631 -0.999996 -1 -1 -1 
1 1 1 1 0.999986 0.993676 0.931967 0.870257 0.808548 0.746838 0.685129 0.623419 0.56171 0.5 0.43829 0.376581 0.314871 0.253162 0.191452 0.129743 0.0680335 -2.60209e-17 -0.0680335 -0.129743 -0.191452 -0.253162 -0.314871 -0.376581 -0.43829 -0.5 -0.56171 -0.623419 -0.685129 -0.746838 -0.808548 -0.870257 -0.931967 -0.993676 -0.999986 -1 -1 -1 -1 
1 1 1 1 1 0.999966 0.991382 0.925864 0.860347 0.794829 0.729311 0.663794 0.598276 0.532759 0.467241 0.401724 0.336206 0.270689 0.205171 0.139653 0.0741358 -3.51282e-17 -0.0741358 -0.139653 -0.205171 -0.270689 -0.336206 -0.401724 -0.467241 -0.532759 -0.598276 -0.663794 -0.729311 -0.794829 -0.860347 -0.925864 -0.991382 -0.999966 -1 -1 -1 -1 -1 
1 1 1 1 1 1 0.999929 0.988671 0.918861 0.849051 0.77924 0.70943 0.63962 0.56981 0.5 0.43019 0.36038 0.29057 0.22076 0.150949 0.0811393 -4.64039e-17 -0.0811393 -0.150949 -0.22076 -0.29057 -0.36038 -0.43019 -0.5 -0.56981 -0.63962 -0.70943 -0.77924 -0.849051 -0.918861 -0.988671 -0.999929 -1 -1 -1 -1 -1 -1 
1 1 1 1 1 1 1 0.999865 0.985443 0.91076 0.836076 0.761392 0.686709 0.612025 0.537342 0.462658 0.387975 0.313291 0.238608 0.163924 0.0892404 -6.07153e-17 -0.0892404 -0.163924 -0.238608 -0.313291 -0.387975 -0.462658 -0.537342 -0.612025 -0.686709 -0.761392 -0.836076 -0.91076 -0.985443 -0.999865 -1 -1 -1 -1 -1 -1 -1 
1 1 1 1 1 1 1 1 0.999759 0.981567 0.901306 0.821045 0.740784 0.660522 0.580261 0.5 0.419739 0.339478 0.259216 0.178955 0.098694 -7.89299e-17 -0.098694 -0.178955 -0.259216 -0.339478 -0.419739 -0.5 -0.580261 -0.660522 -0.740784 -0.821045 -0.901306 -0.981567 -0.999759 -1 -1 -1 -1 -1 -1 -1 -1 
1 1 1 1 1 1 1 1 1 0.999589 0.976867 0.890164 0.803461 0.716758 0.630055 0.543352 0.456648 0.369945 0.283242 0.196539 0.109836 -1.02349e-16 -0.109836 -0.196539 -0.283242 -0.369945 -0.456648 -0.543352 -0.630055 -0.716758 -0.803461 -0.890164 -0.976867 -0.999589 -1 -1 -1 -1 -1 -1 -1 -1 -1 
1 1 1 1 1 1 1 1 1 1 0.999321 0.971102 0.876882 0.782661 0.688441 0.59422 0.5 0.40578 0.311559 0.217339 0.123118 -1.30972e-16 -0.123118 -0.217339 -0.311559 -0.40578 -0.5 -0.59422 -0.688441 -0.782661 -0.876882 -0.971102 -0.999321 -1 -1 -1 -1 -1 -1 -1 -1 -1 -1 
1 1 1 1 1 1 1 1 1 1 1 0.998904 0.963941 0.860843 0.757745 0.654647 0.551549 0.448451 0.345353 0.242255 0.139157 -1.67401e-16 -0.139157 -0.242255 -0.345353 -0.448451 -0.551549 -0.654647 -0.757745 -0.860843 -0.963941 -0.998904 -1 -1 -1 -1 -1 -1 -1 -1 -1 -1 -1 
1 1 1 1 1 1 1 1 1 1 1 0.999999 0.998255 0.954909 0.841182 0.727454 0.613727 0.5 0.386273 0.272546 0.158818 -2.14238e-16 -0.158818 -0.272546 -0.386273 -0.5 -0.613727 -0.727454 -0.841182 -0.954909 -0.998255 -0.999999 -1 -1 -1 -1 -1 -1 -1 -1 -1 -1 -1 
1 1 1 1 1 1 1 1 1 1 1 1 0.999998 0.99724 0.943314 0.816653 0.689992 0.563331 0.436669 0.310008 0.183347 -2.76688e-16 -0.183347 -0.310008 -0.436669 -0.563331 -0.689992 -0.816653 -0.943314 -0.99724 -0.999998 -1 -1 -1 -1 -1 -1 -1 -1 -1 -1 -1 -1 
1 1 1 1 1 1 1 1 1 1 1 1 1 0.999994 0.995637 0.928112 0.785408 0.642704 0.5 0.357296 0.214592 -3.53016e-16 -0.214592 -0.357296 -0.5 -0.642704 -0.785408 -0.928112 -0.995637 -0.999994 -1 -1 -1 -1 -1 -1 -1 -1 -1 -1 -1 -1 -1 
1 1 1 1 1 1 1 1 1 1 1 1 1 1 0.999984 0.993062 0.907671 0.744603 0.581534 0.418466 0.255397 -4.43222e-16 -0.255397 -0.418466 -0.581534 -0.744603 -0.907671 -0.993062 -0.999984 -1 -1 -1 -1 -1 -1 -1 -1 -1 -1 -1 -1 -1 -1 
1 1 1 1 1 1 1 1 1 1 1 1 1 1 1 0.99996 0.988824 0.87932 0.68966 0.5 0.31034 -5.54244e-16 -0.31034 -0.5 -0.68966 -0.87932 -0.988824 -0.99996 -1 -1 -1 -1 -1 -1 -1 -1 -1 -1 -1 -1 -1 -1 -1 
1 1 1 1 1 1 1 1 1 1 1 1 1 1 1 1 0.999898 0.981605 0.838446 0.612815 0.387185 -6.79144e-16 -0.387185 -0.612815 -0.838446 -0.981605 -0.999898 -1 -1 -1 -1 -1 -1 -1 -1 -1 -1 -1 -1 -1 -1 -1 -1 
1 1 1 1 1 1 1 1 1 1 1 1 1 1 1 1 1 0.999728 0.968724 0.77654 0.5 -8.45678e-16 -0.5 -0.77654 -0.968724 -0.999728 -1 -1 -1 -1 -1 -1 -1 -1 -1 -1 -1 -1 -1 -1 -1 -1 -1 
1 1 1 1 1 1 1 1 1 1 1 1 1 1 1 1 1 1 0.999239 0.944246 0.676507 -1.09548e-15 -0.676507 -0.944246 -0.999239 -1 -1 -1 -1 -1 -1 -1 -1 -1 -1 -1 -1 -1 -1 -1 -1 -1 -1 
1 1 1 1 1 1 1 1 1 1 1 1 1 1 1 1 1 1 1 0.997685 0.893476 -1.48406e-15 -0.893476 -0.997685 -1 -1 -1 -1 -1 -1 -1 -1 -1 -1 -1 -1 -1 -1 -1 -1 -1 -1 -1 
1 1 1 1 1 1 1 1 1 1 1 1 1 1 1 1 1 1 1 0.999997 0.992014 -1.98366e-15 -0.992014 -0.999997 -1 -1 -1 -1 -1 -1 -1 -1 -1 -1 -1 -1 -1 -1 -1 -1 -1 -1 -1 
1 1 1 1 1 1 1 1 1 1 1 1 1 1 1 1 1 1 1 1 0.999965 -1.87263e-15 -0.999965 -1 -1 -1 -1 -1 -1 -1 -1 -1 -1 -1 -1 -1 -1 -1 -1 -1 -1 -1 -1 
1 1 1 1 1 1 1 1 1 1 1 1 1 1 1 1 1 1 1 1 1 -1.98366e-15 -1 -1 -1 -1 -1 -1 -1 -1 -1 -1 -1 -1 -1 -1 -1 -1 -1 -1 -1 -1 -1 
1 1 1 1 1 1 1 1 1 1 1 1 1 1 1 1 1 1 1 1 1 -1.98366e-15 -1 -1 -1 -1 -1 -1 -1 -1 -1 -1 -1 -1 -1 -1 -1 -1 -1 -1 -1 -1 -1 
