0 0 0 0 0 0 0 0 0 0 0 0 0 0 0 0 0 0 0 0 0 0.5 1 1 1 1 1 1 1 1 1 1 1 1 1 1 1 1 1 1 1 1 1 
0 0 0 0 0 0 0 0 0 0 0 0 0 0 0 0 0 0 0 -0.0125 0.0625 0.5 0.9375 1.0125 1 1 1 1 1 1 1 1 1 1 1 1 1 1 1 1 1 1 1 
0 0 0 0 0 0 0 0 0 0 0 0 0 0 0 0 0 0.0003125 -0.00268324 -0.0122714 0.0951553 0.5 0.904845 1.01227 1.00268 0.999687 1 1 1 1 1 1 1 1 1 1 1 1 1 1 1 1 1 
0 0 0 0 0 0 0 0 0 0 0 0 0 0 0 -7.8125e-06 9.57352e-05 0.000234987 -0.00487058 -0.00912081 0.113997 0.5 0.886003 1.00912 1.00487 0.999765 0.999904 1.00001 1 1 1 1 1 1 1 1 1 1 1 1 1 1 1 
0 0 0 0 0 0 0 0 0 0 0 0 0 1.95313e-07 -3.10953e-06 -1.36947e-06 0.000193475 -5.71425e-05 -0.00627265 -0.0057926 0.12569 0.5 0.87431 1.00579 1.00627 1.00006 0.999807 1 1 1 1 1 1 1 1 1 1 1 1 1 1 1 1 
0 0 0 0 0 0 0 0 0 0 0 -4.88281e-09 9.56419e-08 -1.43919e-07 -6.60886e-06 1.756e-05 0.000256865 -0.000398681 -0.00710568 -0.00297325 0.133335 0.5 0.866665 1.00297 1.00711 1.0004 0.999743 0.999982 1.00001 1 1 1 1 1 1 1 1 1 1 1 1 1 1 
0 0 0 0 0 0 0 0 0 1.2207e-10 -2.83864e-09 9.69317e-09 2.02988e-07 -1.09689e-06 -8.46243e-06 4.12616e-05 0.000286231 -0.000712023 -0.0075864 -0.000748084 0.138521 0.5 0.861479 1.00075 1.00759 1.00071 0.999714 0.999959 1.00001 1 1 1 1 1 1 1 1 1 1 1 1 1 1 
0 0 0 0 0 0 0 -3.05176e-12 8.21558e-11 -4.35738e-10 -5.70504e-09 5.05404e-08 2.24637e-07 -2.34956e-06 -8.29921e-06 6.41711e-05 0.000292217 -0.000972548 -0.0078605 0.000959185 0.142134 0.5 0.857866 0.999041 1.00786 1.00097 0.999708 0.999936 1.00001 1 1 1 1 1 1 1 1 1 1 1 1 1 1 
0 0 0 0 0 7.6294e-14 -2.33364e-12 1.67544e-11 1.46779e-10 -2.00193e-09 -4.22242e-09 1.05348e-07 1.28901e-07 -3.58396e-06 -6.61037e-06 8.37294e-05 0.000284995 -0.00117921 -0.00801598 0.00225308 0.144699 0.5 0.855301 0.997747 1.00802 1.00118 0.999715 0.999916 1.00001 1 1 1 1 1 1 1 1 1 1 1 1 1 1 
0 0 0 -1.90735e-15 6.53346e-14 -5.91028e-13 -3.38913e-12 7.20176e-11 6.94302e-12 -4.0737e-09 3.56895e-09 1.57737e-07 -6.33158e-08 -4.61683e-06 -4.06625e-06 9.93252e-05 0.000271666 -0.00133929 -0.00810394 0.00322829 0.146545 0.5 0.853455 0.996772 1.0081 1.00134 0.999728 0.999901 1 1 1 1 1 1 1 1 1 1 1 1 1 1 1 
0 0 -1.8241e-15 1.97157e-14 6.57627e-14 -2.41621e-12 4.41099e-12 1.40892e-10 -4.38756e-10 -5.83862e-09 1.68468e-08 1.96661e-07 -3.11498e-07 -5.38923e-06 -1.21449e-06 0.000111282 0.00025651 -0.00146181 -0.00815366 0.0039615 0.147889 0.5 0.852111 0.996039 1.00815 1.00146 0.999743 0.999889 1 1.00001 1 1 1 1 1 1 1 1 1 1 1 1 1 
0 -1.9005e-31 -6.14955e-16 7.67807e-14 -2.90308e-13 -4.42027e-12 2.56204e-11 1.83926e-10 -1.15643e-09 -6.68134e-09 3.33577e-08 2.18139e-07 -5.77537e-07 -5.91651e-06 1.58701e-06 0.000120244 0.00024183 -0.00155505 -0.0081818 0.00451215 0.148874 0.5 0.851126 0.995488 1.00818 1.00156 0.999758 0.99988 0.999998 1.00001 1 1 1 1 1 1 1 1 1 1 1 1 1 
1.9005e-31 -3.37524e-30 1.4618e-14 1.25957e-13 -1.18285e-12 -4.74514e-12 5.85242e-11 1.68599e-10 -2.02562e-09 -6.36518e-09 5.07262e-08 2.23276e-07 -8.34309e-07 -6.24556e-06 4.1422e-06 0.000126881 0.000228701 -0.00162582 -0.00819781 0.0049255 0.1496 0.5 0.8504 0.995074 1.0082 1.00163 0.999771 0.999873 0.999996 1.00001 1 1 1 1 1 1 1 1 1 1 1 1 1 
3.37524e-30 2.05311e-28 4.97196e-14 8.34563e-14 -2.50871e-12 -1.77189e-12 9.67022e-11 8.18825e-11 -2.90855e-09 -4.97424e-09 6.71499e-08 2.15683e-07 -1.06621e-06 -6.42909e-06 6.36688e-06 0.000131771 0.0002175 -0.00167951 -0.00820704 0.0052357 0.150138 0.5 0.849862 0.994764 1.00821 1.00168 0.999782 0.999868 0.999994 1.00001 1 1 1 1 1 1 1 1 1 1 1 1 1 
-2.05311e-28 1.2596e-27 9.67519e-14 -1.26232e-13 -3.92589e-12 5.1461e-12 1.32466e-10 -7.03232e-11 -3.69659e-09 -2.7722e-09 8.15688e-08 1.99572e-07 -1.26654e-06 -6.51348e-06 8.24482e-06 0.000135373 0.000208232 -0.00172024 -0.00821252 0.00546841 0.150538 0.5 0.849462 0.994532 1.00821 1.00172 0.999792 0.999865 0.999992 1.00001 1 1 1 1 1 1 1 1 1 1 1 1 1 
-1.2596e-27 3.22914e-27 1.35512e-13 -5.31615e-13 -5.01766e-12 1.56015e-11 1.59636e-10 -2.70358e-10 -4.32681e-09 -7.48766e-11 9.35547e-08 1.78707e-07 -1.43435e-06 -6.53488e-06 9.79647e-06 0.000138031 0.000200725 -0.00175116 -0.00821591 0.00564293 0.150836 0.5 0.849164 0.994357 1.00822 1.00175 0.999799 0.999862 0.99999 1.00001 1 1 1 1 1 1 1 1 1 1 1 1 1 
-3.22914e-27 4.44004e-27 1.42295e-13 -1.10549e-12 -5.44826e-12 2.84788e-11 1.74792e-10 -4.96656e-10 -4.77845e-09 2.83038e-09 1.0311e-07 1.55996e-07 -1.57194e-06 -6.51935e-06 1.1059e-05 0.000140003 0.000194737 -0.00177465 -0.00821815 0.00577375 0.151058 0.5 0.848942 0.994226 1.00822 1.00177 0.999805 0.99986 0.999989 1.00001 1 1 1 1 1 1 1 1 1 1 1 1 1 
-4.44004e-27 2.80748e-27 9.91766e-14 -1.78068e-12 -5.04452e-12 4.24109e-11 1.77226e-10 -7.29368e-10 -5.06074e-09 5.72113e-09 1.10481e-07 1.33455e-07 -1.68307e-06 -6.48461e-06 1.20749e-05 0.000141475 0.000190017 -0.00179249 -0.00821974 0.00587176 0.151224 0.5 0.848776 0.994128 1.00822 1.00179 0.99981 0.999859 0.999988 1.00001 1 1 1 1 1 1 1 1 1 1 1 1 1 
-2.80748e-27 -7.26902e-28 -7.13498e-16 -2.47506e-12 -3.80145e-12 5.6142e-11 1.6823e-10 -9.53204e-10 -5.19974e-09 8.44659e-09 1.16018e-07 1.12339e-07 -1.77188e-06 -6.442e-06 1.28854e-05 0.00014258 0.000186332 -0.00180606 -0.00822097 0.00594513 0.151348 0.5 0.848652 0.994055 1.00822 1.00181 0.999814 0.999857 0.999987 1.00001 1 1 1 1 1 1 1 1 1 1 1 1 1 
7.26902e-28 -2.08434e-28 -1.52838e-13 -3.1135e-12 -1.84094e-12 6.87279e-11 1.5021e-10 -1.15814e-09 -5.22791e-09 1.09187e-08 1.20088e-07 9.33241e-08 -1.84236e-06 -6.39841e-06 1.35279e-05 0.000143415 0.000183478 -0.00181636 -0.00822196 0.006 0.151441 0.5 0.848559 0.994 1.00822 1.00182 0.999817 0.999857 0.999986 1.00001 1 1 1 1 1 1 1 1 1 1 1 1 1 
2.08434e-28 1.35785e-26 -3.44292e-13 -3.64098e-12 6.45188e-13 7.95927e-11 1.25942e-10 -1.33885e-09 -5.17727e-09 1.30974e-08 1.23025e-07 7.66865e-08 -1.89802e-06 -6.35765e-06 1.40344e-05 0.000144051 0.000181281 -0.0018242 -0.0082228 0.00604101 0.15151 0.5 0.84849 0.993959 1.00822 1.00182 0.999819 0.999856 0.999986 1.00001 1 1 1 1 1 1 1 1 1 1 1 1 1 
-1.35785e-26 4.88197e-26 -5.58112e-13 -4.02694e-12 3.44626e-12 8.84925e-11 9.8058e-11 -1.49361e-09 -5.07571e-09 1.49762e-08 1.25114e-07 6.24405e-08 -1.94186e-06 -6.32159e-06 1.44322e-05 0.000144538 0.0001796 -0.00183015 -0.00822352 0.00607162 0.151562 0.5 0.848438 0.993928 1.00822 1.00183 0.99982 0.999855 0.999986 1.00001 1 1 1 1 1 1 1 1 1 1 1 1 1 
-4.88197e-26 1.08967e-25 -7.77208e-13 -4.26315e-12 6.36858e-12 9.54353e-11 6.87702e-11 -1.62316e-09 -4.94554e-09 1.65693e-08 1.2658e-07 5.04458e-08 -1.97632e-06 -6.29087e-06 1.47433e-05 0.000144913 0.000178321 -0.00183467 -0.00822414 0.00609444 0.151601 0.5 0.848399 0.993906 1.00822 1.00183 0.999822 0.999855 0.999985 1.00001 1 1 1 1 1 1 1 1 1 1 1 1 1 
-1.08967e-25 1.91373e-25 -9.87087e-13 -4.3584e-12 9.25502e-12 1.00593e-10 3.97691e-11 -1.72967e-09 -4.80336e-09 1.79026e-08 1.276e-07 4.04814e-08 -2.00339e-06 -6.26542e-06 1.4986e-05 0.000145202 0.000177353 -0.00183809 -0.00822468 0.00611143 0.15163 0.5 0.84837 0.993889 1.00822 1.00184 0.999823 0.999855 0.999985 1.00001 1 1 1 1 1 1 1 1 1 1 1 1 1 
-1.91373e-25 2.88733e-25 -1.17721e-12 -4.33227e-12 1.19915e-11 1.04223e-10 1.22333e-11 -1.81602e-09 -4.66079e-09 1.9007e-08 1.28306e-07 3.22938e-08 -2.02465e-06 -6.24479e-06 1.51746e-05 0.000145427 0.000176623 -0.00184068 -0.00822514 0.00612407 0.151651 0.5 0.848349 0.993876 1.00823 1.00184 0.999823 0.999855 0.999985 1.00001 1 1 1 1 1 1 1 1 1 1 1 1 1 
-2.88733e-25 3.91568e-25 -1.34124e-12 -4.20957e-12 1.45051e-11 1.06615e-10 -1.31012e-11 -1.88528e-09 -4.52535e-09 1.99144e-08 1.28792e-07 2.56271e-08 -2.04134e-06 -6.22838e-06 1.53209e-05 0.000145603 0.000176075 -0.00184265 -0.00822553 0.00613345 0.151667 0.5 0.848333 0.993867 1.00823 1.00184 0.999824 0.999854 0.999985 1.00001 1 1 1 1 1 1 1 1 1 1 1 1 1 
-3.91568e-25 4.90841e-25 -1.47656e-12 -4.01612e-12 1.67572e-11 1.08048e-10 -3.58484e-11 -1.94038e-09 -4.40146e-09 2.06551e-08 1.29128e-07 2.02408e-08 -2.05446e-06 -6.21552e-06 1.54341e-05 0.000145739 0.000175666 -0.00184413 -0.00822585 0.00614041 0.151679 0.5 0.848321 0.99386 1.00823 1.00184 0.999824 0.999854 0.999985 1.00001 1 1 1 1 1 1 1 1 1 1 1 1 1 
-4.90841e-25 5.79558e-25 -1.58343e-12 -3.77593e-12 1.87356e-11 1.08771e-10 -5.58806e-11 -1.98397e-09 -4.29126e-09 2.12566e-08 1.29363e-07 1.59181e-08 -2.06477e-06 -6.20559e-06 1.55214e-05 0.000145846 0.000175362 -0.00184524 -0.00822612 0.00614556 0.151688 0.5 0.848312 0.993854 1.00823 1.00185 0.999825 0.999854 0.999984 1.00001 1 1 1 1 1 1 1 1 1 1 1 1 1 
-5.79558e-25 6.53599e-25 -1.66409e-12 -3.50965e-12 2.04462e-11 1.08993e-10 -7.32474e-11 -2.01831e-09 -4.19534e-09 2.17429e-08 1.29529e-07 1.24695e-08 -2.07287e-06 -6.19803e-06 1.55885e-05 0.00014593 0.000175136 -0.00184609 -0.00822635 0.00614937 0.151695 0.5 0.848305 0.993851 1.00823 1.00185 0.999825 0.999854 0.999984 1.00001 1 1 1 1 1 1 1 1 1 1 1 1 1 
-6.53599e-25 7.11483e-25 -1.7219e-12 -3.23389e-12 2.1907e-11 1.08881e-10 -8.81106e-11 -2.04532e-09 -4.1133e-09 2.21349e-08 1.29649e-07 9.73297e-09 -2.07924e-06 -6.19234e-06 1.56401e-05 0.000145995 0.00017497 -0.00184672 -0.00822653 0.00615219 0.1517 0.5 0.8483 0.993848 1.00823 1.00185 0.999825 0.999854 0.999984 1.00001 1 1 1 1 1 1 1 1 1 1 1 1 1 
-7.11483e-25 7.53618e-25 -1.76071e-12 -2.96125e-12 2.3142e-11 1.08563e-10 -1.00696e-10 -2.06655e-09 -4.04414e-09 2.24497e-08 1.29739e-07 7.57207e-09 -2.08425e-06 -6.18812e-06 1.56795e-05 0.000146046 0.000174849 -0.00184719 -0.00822668 0.00615426 0.151703 0.5 0.848297 0.993846 1.00823 1.00185 0.999825 0.999854 0.999984 1.00001 1 1 1 1 1 1 1 1 1 1 1 1 1 
-7.53618e-25 7.81778e-25 -1.78438e-12 -2.70071e-12 2.4178e-11 1.08132e-10 -1.11256e-10 -2.08324e-09 -3.98653e-09 2.27021e-08 1.29809e-07 5.87353e-09 -2.08818e-06 -6.18503e-06 1.57097e-05 0.000146086 0.00017476 -0.00184754 -0.0082268 0.00615578 0.151706 0.5 0.848294 0.993844 1.00823 1.00185 0.999825 0.999854 0.999984 1.00001 1 1 1 1 1 1 1 1 1 1 1 1 1 
-7.81778e-25 7.9845e-25 -1.79645e-12 -2.45813e-12 2.50418e-11 1.07656e-10 -1.20049e-10 -2.09639e-09 -3.93906e-09 2.29039e-08 1.29864e-07 4.54421e-09 -2.09128e-06 -6.1828e-06 1.57326e-05 0.000146117 0.000174695 -0.00184781 -0.0082269 0.0061569 0.151708 0.5 0.848292 0.993843 1.00823 1.00185 0.999825 0.999854 0.999984 1.00001 1 1 1 1 1 1 1 1 1 1 1 1 1 
-7.9845e-25 8.06143e-25 -1.80002e-12 -2.23692e-12 2.57586e-11 1.07179e-10 -1.27322e-10 -2.10678e-09 -3.9003e-09 2.30649e-08 1.2991e-07 3.50819e-09 -2.0937e-06 -6.18122e-06 1.575e-05 0.000146142 0.000174649 -0.00184801 -0.00822697 0.00615773 0.151709 0.5 0.848291 0.993842 1.00823 1.00185 0.999825 0.999854 0.999984 1.00001 1 1 1 1 1 1 1 1 1 1 1 1 1 
-8.06143e-25 8.07288e-25 -1.79767e-12 -2.03859e-12 2.63514e-11 1.06729e-10 -1.33303e-10 -2.115e-09 -3.86891e-09 2.31932e-08 1.29949e-07 2.70405e-09 -2.09561e-06 -6.18012e-06 1.57632e-05 0.00014616 0.000174615 -0.00184815 -0.00822703 0.00615833 0.151711 0.5 0.848289 0.993842 1.00823 1.00185 0.999825 0.999854 0.999984 1.00001 1 1 1 1 1 1 1 1 1 1 1 1 1 
-8.07288e-25 8.03993e-25 -1.79144e-12 -1.86327e-12 2.68403e-11 1.06321e-10 -1.38196e-10 -2.12153e-09 -3.84368e-09 2.32952e-08 1.29982e-07 2.08242e-09 -2.0971e-06 -6.17938e-06 1.57731e-05 0.000146175 0.000174591 -0.00184826 -0.00822708 0.00615877 0.151711 0.5 0.848289 0.993841 1.00823 1.00185 0.999825 0.999854 0.999984 1.00001 1 1 1 1 1 1 1 1 1 1 1 1 1 
-8.03993e-25 7.9779e-25 -1.78291e-12 -1.71012e-12 2.72429e-11 1.05963e-10 -1.42181e-10 -2.12674e-09 -3.82355e-09 2.33761e-08 1.30011e-07 1.6038e-09 -2.09827e-06 -6.17889e-06 1.57806e-05 0.000146186 0.000174574 -0.00184834 -0.00822711 0.00615909 0.151712 0.5 0.848288 0.993841 1.00823 1.00185 0.999825 0.999854 0.999984 1.00001 1 1 1 1 1 1 1 1 1 1 1 1 1 
-7.9779e-25 7.90032e-25 -1.77325e-12 -1.57772e-12 2.75739e-11 1.05656e-10 -1.45412e-10 -2.13091e-09 -3.80758e-09 2.34403e-08 1.30036e-07 1.2368e-09 -2.09918e-06 -6.17858e-06 1.57862e-05 0.000146195 0.000174562 -0.0018484 -0.00822714 0.00615933 0.151712 0.5 0.848288 0.993841 1.00823 1.00185 0.999825 0.999854 0.999984 1.00001 1 1 1 1 1 1 1 1 1 1 1 1 1 
-7.90032e-25 7.81524e-25 -1.7633e-12 -1.46426e-12 2.78459e-11 1.054e-10 -1.48022e-10 -2.13426e-09 -3.795e-09 2.3491e-08 1.30058e-07 9.56554e-10 -2.09989e-06 -6.1784e-06 1.57904e-05 0.000146202 0.000174554 -0.00184844 -0.00822716 0.0061595 0.151713 0.5 0.848287 0.993841 1.00823 1.00185 0.999825 0.999854 0.999984 1.00001 1 1 1 1 1 1 1 1 1 1 1 1 1 
-7.81524e-25 7.73002e-25 -1.75361e-12 -1.3678e-12 2.80693e-11 1.05188e-10 -1.50122e-10 -2.13695e-09 -3.78514e-09 2.3531e-08 1.30077e-07 7.4347e-10 -2.10044e-06 -6.17831e-06 1.57935e-05 0.000146207 0.000174548 -0.00184847 -0.00822718 0.00615962 0.151713 0.5 0.848287 0.99384 1.00823 1.00185 0.999825 0.999854 0.999984 1.00001 1 1 1 1 1 1 1 1 1 1 1 1 1 
-7.73002e-25 7.64874e-25 -1.74455e-12 -1.28635e-12 2.82526e-11 1.05018e-10 -1.51807e-10 -2.13913e-09 -3.77747e-09 2.35626e-08 1.30094e-07 5.82168e-10 -2.10087e-06 -6.17827e-06 1.57958e-05 0.000146211 0.000174544 -0.0018485 -0.00822719 0.00615971 0.151713 0.5 0.848287 0.99384 1.00823 1.00185 0.999825 0.999854 0.999984 1.00001 1 1 1 1 1 1 1 1 1 1 1 1 1 
-7.64874e-25 7.5742e-25 -1.7363e-12 -1.21801e-12 2.84031e-11 1.04882e-10 -1.53154e-10 -2.14088e-09 -3.77152e-09 2.35874e-08 1.30108e-07 4.60629e-10 -2.10121e-06 -6.17827e-06 1.57975e-05 0.000146214 0.000174542 -0.00184851 -0.0082272 0.00615978 0.151713 0.5 0.848287 0.99384 1.00823 1.00185 0.999825 0.999854 0.999984 1.00001 1 1 1 1 1 1 1 1 1 1 1 1 1 
-7.5742e-25 7.50652e-25 -1.72897e-12 -1.16099e-12 2.85266e-11 1.04775e-10 -1.54226e-10 -2.14231e-09 -3.76695e-09 2.36069e-08 1.30121e-07 3.69497e-10 -2.10146e-06 -6.17829e-06 1.57987e-05 0.000146216 0.00017454 -0.00184852 -0.0082272 0.00615983 0.151713 0.5 0.848287 0.99384 1.00823 1.00185 0.999825 0.999854 0.999984 1.00001 1 1 1 1 1 1 1 1 1 1 1 1 1 
-7.50652e-25 7.44739e-25 -1.72256e-12 -1.11365e-12 2.86278e-11 1.04693e-10 -1.55078e-10 -2.14346e-09 -3.76346e-09 2.36221e-08 1.30132e-07 3.01518e-10 -2.10166e-06 -6.17832e-06 1.57996e-05 0.000146218 0.000174539 -0.00184853 -0.00822721 0.00615986 0.151713 0.5 0.848287 0.99384 1.00823 1.00185 0.999825 0.999854 0.999984 1.00001 1 1 1 1 1 1 1 1 1 1 1 1 1 
-7.44739e-25 7.39589e-25 -1.71705e-12 -1.07454e-12 2.87108e-11 1.04631e-10 -1.55753e-10 -2.1444e-09 -3.7608e-09 2.3634e-08 1.30141e-07 2.51089e-10 -2.10182e-06 -6.17836e-06 1.58003e-05 0.000146219 0.000174538 -0.00184854 -0.00822721 0.00615989 0.151713 0.5 0.848287 0.99384 1.00823 1.00185 0.999825 0.999854 0.999984 1.00001 1 1 1 1 1 1 1 1 1 1 1 1 1 
