0 0 0 0 0 0 0 0 0 0 0 0 0 0 0 0 0 0 0 0 0 0.5 1 1 1 1 1 1 1 1 1 1 1 1 1 1 1 1 1 1 1 1 1 
0 0 0 0 0 0 0 0 0 0 0 0 0 0 0 0 0 0 0 0 0.078125 0.457031 0.953125 1.01172 1 1 1 1 1 1 1 1 1 1 1 1 1 1 1 1 1 1 1 
0 0 0 0 0 0 0 0 0 0 0 0 0 0 0 0 0 0 -0.00205994 0.00822467 0.107388 0.447379 0.924262 1.01227 1.00291 0.999632 1 1 1 1 1 1 1 1 1 1 1 1 1 1 1 1 1 
0 0 0 0 0 0 0 0 0 0 0 0 0 0 0 0 6.46382e-05 -0.000510484 -0.00250757 0.0141098 0.122011 0.445861 0.906038 1.01027 1.00497 0.999817 0.999863 1.00001 1 1 1 1 1 1 1 1 1 1 1 1 1 1 1 
0 0 0 0 0 0 0 0 0 0 0 0 0 0 -2.01968e-06 2.40485e-05 4.32171e-05 -0.000941382 -0.00240325 0.0180475 0.130278 0.446636 0.894203 1.00796 1.00622 1.00017 0.999766 0.999994 1.00001 1 1 1 1 1 1 1 1 1 1 1 1 1 1 
0 0 0 0 0 0 0 0 0 0 0 0 6.31154e-08 -1.00394e-06 7.72011e-07 4.46396e-05 -1.45088e-05 -0.00123762 -0.00216211 0.0206999 0.135313 0.447904 0.886354 1.00595 1.00694 1.00052 0.999722 0.999965 1.00001 1 1 1 1 1 1 1 1 1 1 1 1 1 1 
0 0 0 0 0 0 0 0 0 0 -1.97235e-09 3.92626e-08 -1.22005e-07 -1.71392e-06 6.00045e-06 5.66837e-05 -7.64522e-05 -0.00143298 -0.00192057 0.022512 0.138538 0.449101 0.881064 1.00434 1.00735 1.0008 0.999713 0.999937 1.00001 1 1 1 1 1 1 1 1 1 1 1 1 1 1 
0 0 0 0 0 0 0 0 6.16361e-11 -1.4735e-09 7.85757e-09 5.47472e-08 -4.4059e-07 -1.81302e-06 1.14458e-05 6.22426e-05 -0.00013061 -0.00156181 -0.00171751 0.0237659 0.14068 0.45008 0.877449 1.00311 1.00759 1.00102 0.999722 0.999915 1.00001 1 1 1 1 1 1 1 1 1 1 1 1 1 1 
0 0 0 0 0 0 -1.92613e-12 5.37514e-11 -4.02771e-10 -1.3502e-09 2.35028e-08 2.83436e-08 -7.55792e-07 -1.4674e-06 1.61491e-05 6.39882e-05 -0.000174231 -0.00164792 -0.00155838 0.0246424 0.142138 0.450835 0.87495 1.00218 1.00772 1.00119 0.999737 0.999899 1 1.00001 1 1 1 1 1 1 1 1 1 1 1 1 1 
0 0 0 0 6.01915e-14 -1.9205e-12 1.84628e-11 1.46412e-11 -1.05947e-09 1.3154e-09 3.68999e-08 -2.75305e-08 -1.00589e-06 -9.03498e-07 1.9889e-05 6.38034e-05 -0.000208007 -0.00170646 -0.00143802 0.02526 0.143148 0.4514 0.873207 1.0015 1.0078 1.00131 0.999754 0.999887 0.999998 1.00001 1 1 1 1 1 1 1 1 1 1 1 1 1 
0 0 -1.88098e-15 6.75395e-14 -7.90692e-13 1.03267e-12 4.23016e-11 -1.60391e-10 -1.44499e-09 5.65237e-09 4.45306e-08 -9.55863e-08 -1.18139e-06 -2.82559e-07 2.27465e-05 6.27974e-05 -0.000233617 -0.00174696 -0.0013488 0.0256978 0.143857 0.451817 0.871981 1.00099 1.00785 1.0014 0.999769 0.999879 0.999995 1.00001 1 1 1 1 1 1 1 1 1 1 1 1 1 
0 0 3.23286e-14 -1.02264e-13 -1.51362e-12 1.04615e-11 4.39272e-11 -4.11472e-10 -1.3734e-09 1.04694e-08 4.64365e-08 -1.63434e-07 -1.29464e-06 3.05513e-07 2.48883e-05 6.15598e-05 -0.000252806 -0.00177542 -0.00128352 0.0260093 0.144359 0.452123 0.871114 1.00062 1.00787 1.00147 0.999783 0.999873 0.999992 1.00001 1 1 1 1 1 1 1 1 1 1 1 1 1 
0 0 4.86613e-14 -5.48742e-13 -7.6256e-13 2.23491e-11 1.44841e-11 -6.61409e-10 -8.93511e-10 1.49386e-08 4.41417e-08 -2.24485e-07 -1.36287e-06 8.20356e-07 2.64809e-05 6.03733e-05 -0.000267078 -0.00179569 -0.00123616 0.0262318 0.144715 0.452346 0.870498 1.00035 1.00789 1.00152 0.999794 0.999869 0.99999 1.00001 1 1 1 1 1 1 1 1 1 1 1 1 1 
0 0 -2.34735e-14 -1.01556e-12 1.80618e-12 3.19199e-11 -4.01077e-11 -8.60361e-10 -1.4968e-10 1.86714e-08 3.93595e-08 -2.76254e-07 -1.40124e-06 1.25042e-06 2.76625e-05 5.9353e-05 -0.000277643 -0.00181027 -0.00120205 0.0263909 0.14497 0.452509 0.870058 1.00016 1.0079 1.00155 0.999802 0.999866 0.999988 1.00001 1 1 1 1 1 1 1 1 1 1 1 1 1 
0 0 -1.93657e-13 -1.22483e-12 5.65052e-12 3.64199e-11 -1.08275e-10 -9.90648e-10 7.12065e-10 2.15848e-08 3.34646e-08 -3.18581e-07 -1.42105e-06 1.5989e-06 2.85401e-05 5.85284e-05 -0.000285435 -0.00182086 -0.00117759 0.0265049 0.145153 0.452627 0.869744 1.00002 1.00791 1.00158 0.999809 0.999864 0.999987 1.00001 1 1 1 1 1 1 1 1 1 1 1 1 1 
0 0 -4.14408e-13 -1.04029e-12 9.93072e-12 3.53611e-11 -1.79266e-10 -1.05612e-09 1.58222e-09 2.37563e-08 2.73871e-08 -3.52403e-07 -1.43e-06 1.87543e-06 2.91936e-05 5.78885e-05 -0.000291164 -0.0018286 -0.00116014 0.0265865 0.145284 0.452713 0.869519 0.999913 1.00791 1.0016 0.999814 0.999863 0.999986 1.00001 1 1 1 1 1 1 1 1 1 1 1 1 1 
0 0 -6.21675e-13 -4.74226e-13 1.39379e-11 2.96923e-11 -2.45696e-10 -1.07057e-09 2.39306e-09 2.53237e-08 2.16761e-08 -3.79037e-07 -1.43303e-06 2.09156e-06 2.96817e-05 5.74067e-05 -0.000295366 -0.00183427 -0.00114773 0.0266451 0.145378 0.452775 0.869357 0.999839 1.00791 1.00161 0.999818 0.999862 0.999985 1.00001 1 1 1 1 1 1 1 1 1 1 1 1 1 
0 0 -7.66822e-13 3.73757e-13 1.72513e-11 2.09158e-11 -3.03655e-10 -1.04996e-09 3.11055e-09 2.64306e-08 1.66067e-08 -3.99815e-07 -1.43311e-06 2.25855e-06 3.00472e-05 5.70524e-05 -0.000298439 -0.00183844 -0.00113894 0.0266871 0.145446 0.45282 0.869241 0.999785 1.00791 1.00162 0.99982 0.999861 0.999984 1.00001 1 1 1 1 1 1 1 1 1 1 1 1 1 
0 0 -8.27867e-13 1.37875e-12 1.97194e-11 1.05093e-11 -3.51837e-10 -1.0084e-09 3.72352e-09 2.72015e-08 1.22763e-08 -4.15932e-07 -1.43196e-06 2.38638e-06 3.03216e-05 5.67973e-05 -0.00030068 -0.00184152 -0.00113273 0.0267171 0.145494 0.452853 0.869157 0.999747 1.00792 1.00163 0.999823 0.999861 0.999984 1.00001 1 1 1 1 1 1 1 1 1 1 1 1 1 
0 0 -8.06079e-13 2.42926e-12 2.13752e-11 -3.45267e-13 -3.9055e-10 -9.56735e-10 4.23446e-09 2.77348e-08 8.67782e-09 -4.28385e-07 -1.4305e-06 2.4835e-06 3.0528e-05 5.66171e-05 -0.00030231 -0.00184378 -0.00112836 0.0267386 0.145529 0.452877 0.869097 0.999719 1.00792 1.00163 0.999824 0.99986 0.999983 1.00001 1 1 1 1 1 1 1 1 1 1 1 1 1 
0 0 -7.16978e-13 3.44322e-12 2.23486e-11 -1.08283e-11 -4.2091e-10 -9.02466e-10 4.65286e-09 2.8104e-08 5.74913e-09 -4.37986e-07 -1.42918e-06 2.55679e-06 3.06833e-05 5.64922e-05 -0.000303493 -0.00184545 -0.00112529 0.026754 0.145554 0.452894 0.869054 0.999699 1.00792 1.00164 0.999825 0.99986 0.999983 1.00001 1 1 1 1 1 1 1 1 1 1 1 1 1 
0 0 -5.81669e-13 4.3695e-12 2.28014e-11 -2.04455e-11 -4.44323e-10 -8.50328e-10 4.99108e-09 2.83614e-08 3.4041e-09 -4.45374e-07 -1.42816e-06 2.61177e-06 3.08002e-05 5.64074e-05 -0.000304347 -0.00184668 -0.00112315 0.026765 0.145572 0.452906 0.869023 0.999684 1.00792 1.00164 0.999826 0.99986 0.999983 1.00001 1 1 1 1 1 1 1 1 1 1 1 1 1 
0 0 -4.20836e-13 5.18262e-12 2.28891e-11 -2.89524e-11 -4.62183e-10 -8.02966e-10 5.26187e-09 2.85435e-08 1.55116e-09 -4.51054e-07 -1.42749e-06 2.65278e-06 3.08882e-05 5.63511e-05 -0.000304963 -0.00184758 -0.00112164 0.0267728 0.145585 0.452915 0.869001 0.999674 1.00792 1.00164 0.999827 0.99986 0.999983 1.00001 1 1 1 1 1 1 1 1 1 1 1 1 1 
0 0 -2.51571e-13 5.87548e-12 2.27422e-11 -3.62776e-11 -4.75721e-10 -7.61582e-10 5.47709e-09 2.86751e-08 1.03316e-10 -4.55414e-07 -1.42713e-06 2.6832e-06 3.09544e-05 5.63146e-05 -0.000305405 -0.00184824 -0.0011206 0.0267784 0.145594 0.452921 0.868985 0.999667 1.00792 1.00164 0.999827 0.99986 0.999983 1.00001 1 1 1 1 1 1 1 1 1 1 1 1 1 
0 0 -8.63197e-14 6.45263e-12 2.2461e-11 -4.24579e-11 -4.85957e-10 -7.26447e-10 5.64719e-09 2.87725e-08 -1.01706e-09 -4.58757e-07 -1.427e-06 2.70565e-06 3.10041e-05 5.62918e-05 -0.000305721 -0.00184872 -0.00111987 0.0267823 0.145601 0.452926 0.868974 0.999661 1.00792 1.00165 0.999828 0.99986 0.999982 1.00001 1 1 1 1 1 1 1 1 1 1 1 1 1 
0 0 6.69083e-14 6.92509e-12 2.21172e-11 -4.75907e-11 -4.93703e-10 -6.97276e-10 5.78101e-09 2.88466e-08 -1.87653e-09 -4.61317e-07 -1.42705e-06 2.72212e-06 3.10413e-05 5.62782e-05 -0.000305947 -0.00184907 -0.00111936 0.0267852 0.145605 0.452929 0.868966 0.999658 1.00792 1.00165 0.999828 0.999859 0.999982 1.00001 1 1 1 1 1 1 1 1 1 1 1 1 1 
0 0 2.03745e-13 7.30668e-12 2.17588e-11 -5.18007e-11 -4.99584e-10 -6.73488e-10 5.88589e-09 2.89045e-08 -2.53059e-09 -4.63273e-07 -1.42722e-06 2.73415e-06 3.10691e-05 5.62705e-05 -0.000306107 -0.00184932 -0.00111901 0.0267872 0.145609 0.452932 0.86896 0.999655 1.00792 1.00165 0.999828 0.999859 0.999982 1.00001 1 1 1 1 1 1 1 1 1 1 1 1 1 
0 0 3.22509e-13 7.6117e-12 2.14155e-11 -5.52197e-11 -5.04073e-10 -6.5438e-10 5.96783e-09 2.89508e-08 -3.02456e-09 -4.64765e-07 -1.42745e-06 2.74288e-06 3.10898e-05 5.62668e-05 -0.00030622 -0.00184951 -0.00111877 0.0267886 0.145611 0.452933 0.868956 0.999653 1.00792 1.00165 0.999828 0.999859 0.999982 1.00001 1 1 1 1 1 1 1 1 1 1 1 1 1 
0 0 4.23326e-13 7.85362e-12 2.11037e-11 -5.7974e-11 -5.07524e-10 -6.39228e-10 6.03164e-09 2.89884e-08 -3.39489e-09 -4.65901e-07 -1.42772e-06 2.74917e-06 3.11052e-05 5.62653e-05 -0.000306299 -0.00184964 -0.0011186 0.0267896 0.145613 0.452935 0.868953 0.999652 1.00792 1.00165 0.999828 0.999859 0.999982 1.00001 1 1 1 1 1 1 1 1 1 1 1 1 1 
0 0 5.07415e-13 8.04436e-12 2.0831e-11 -6.01781e-11 -5.10196e-10 -6.27352e-10 6.08119e-09 2.90194e-08 -3.67053e-09 -4.66763e-07 -1.42798e-06 2.75369e-06 3.11165e-05 5.62652e-05 -0.000306355 -0.00184973 -0.00111848 0.0267903 0.145614 0.452936 0.868951 0.999651 1.00792 1.00165 0.999828 0.999859 0.999982 1.00001 1 1 1 1 1 1 1 1 1 1 1 1 1 
0 0 5.76569e-13 8.19413e-12 2.05991e-11 -6.19318e-11 -5.12281e-10 -6.18139e-10 6.11956e-09 2.90452e-08 -3.87418e-09 -4.67415e-07 -1.42824e-06 2.75691e-06 3.11249e-05 5.62659e-05 -0.000306394 -0.0018498 -0.0011184 0.0267908 0.145615 0.452936 0.868949 0.99965 1.00792 1.00165 0.999828 0.999859 0.999982 1.00001 1 1 1 1 1 1 1 1 1 1 1 1 1 
0 0 6.32792e-13 8.31141e-12 2.04063e-11 -6.33205e-11 -5.1392e-10 -6.11063e-10 6.14919e-09 2.90666e-08 -4.02352e-09 -4.67907e-07 -1.42848e-06 2.75918e-06 3.1131e-05 5.62669e-05 -0.000306421 -0.00184985 -0.00111834 0.0267912 0.145615 0.452937 0.868948 0.99965 1.00792 1.00165 0.999828 0.999859 0.999982 1.00001 1 1 1 1 1 1 1 1 1 1 1 1 1 
0 0 6.78077e-13 8.40309e-12 2.02488e-11 -6.44154e-11 -5.15217e-10 -6.05679e-10 6.17201e-09 2.90845e-08 -4.13218e-09 -4.68277e-07 -1.42869e-06 2.76078e-06 3.11355e-05 5.6268e-05 -0.000306439 -0.00184988 -0.0011183 0.0267914 0.145616 0.452937 0.868947 0.999649 1.00792 1.00165 0.999828 0.999859 0.999982 1.00001 1 1 1 1 1 1 1 1 1 1 1 1 1 
0 0 7.1427e-13 8.47471e-12 2.01222e-11 -6.52754e-11 -5.1625e-10 -6.01619e-10 6.18951e-09 2.90993e-08 -4.21057e-09 -4.68554e-07 -1.42887e-06 2.7619e-06 3.11388e-05 5.6269e-05 -0.000306452 -0.0018499 -0.00111828 0.0267916 0.145616 0.452937 0.868947 0.999649 1.00792 1.00165 0.999828 0.999859 0.999982 1.00001 1 1 1 1 1 1 1 1 1 1 1 1 1 
0 0 7.43014e-13 8.53066e-12 2.00218e-11 -6.59483e-11 -5.17076e-10 -5.98587e-10 6.2029e-09 2.91116e-08 -4.26664e-09 -4.68761e-07 -1.42902e-06 2.76266e-06 3.11411e-05 5.62699e-05 -0.00030646 -0.00184992 -0.00111826 0.0267917 0.145616 0.452937 0.868946 0.999649 1.00792 1.00165 0.999828 0.999859 0.999982 1.00001 1 1 1 1 1 1 1 1 1 1 1 1 1 
0 0 7.6572e-13 8.57441e-12 1.99433e-11 -6.64731e-11 -5.17738e-10 -5.96343e-10 6.21311e-09 2.91218e-08 -4.30633e-09 -4.68914e-07 -1.42915e-06 2.76319e-06 3.11428e-05 5.62707e-05 -0.000306466 -0.00184993 -0.00111824 0.0267918 0.145616 0.452937 0.868946 0.999649 1.00792 1.00165 0.999828 0.999859 0.999982 1.00001 1 1 1 1 1 1 1 1 1 1 1 1 1 
0 0 7.83576e-13 8.60864e-12 1.98826e-11 -6.68809e-11 -5.18271e-10 -5.947e-10 6.22086e-09 2.91301e-08 -4.33414e-09 -4.69027e-07 -1.42925e-06 2.76354e-06 3.1144e-05 5.62714e-05 -0.00030647 -0.00184994 -0.00111823 0.0267919 0.145617 0.452937 0.868946 0.999649 1.00792 1.00165 0.999828 0.999859 0.999982 1.00001 1 1 1 1 1 1 1 1 1 1 1 1 1 
0 0 7.97565e-13 8.63547e-12 1.98362e-11 -6.71969e-11 -5.18699e-10 -5.9351e-10 6.22673e-09 2.91368e-08 -4.35338e-09 -4.69111e-07 -1.42934e-06 2.76378e-06 3.11449e-05 5.62719e-05 -0.000306473 -0.00184994 -0.00111822 0.0267919 0.145617 0.452938 0.868946 0.999649 1.00792 1.00165 0.999828 0.999859 0.999982 1.00001 1 1 1 1 1 1 1 1 1 1 1 1 1 
0 0 8.08488e-13 8.65653e-12 1.98011e-11 -6.74407e-11 -5.19044e-10 -5.92657e-10 6.23114e-09 2.91423e-08 -4.36649e-09 -4.69172e-07 -1.4294e-06 2.76393e-06 3.11455e-05 5.62723e-05 -0.000306475 -0.00184995 -0.00111822 0.0267919 0.145617 0.452938 0.868946 0.999649 1.00792 1.00165 0.999828 0.999859 0.999982 1.00001 1 1 1 1 1 1 1 1 1 1 1 1 1 
0 0 8.16994e-13 8.67308e-12 1.9775e-11 -6.76283e-11 -5.19321e-10 -5.92055e-10 6.23446e-09 2.91467e-08 -4.37529e-09 -4.69216e-07 -1.42946e-06 2.76403e-06 3.11459e-05 5.62726e-05 -0.000306476 -0.00184995 -0.00111821 0.026792 0.145617 0.452938 0.868946 0.999649 1.00792 1.00165 0.999828 0.999859 0.999982 1.00001 1 1 1 1 1 1 1 1 1 1 1 1 1 
