0 0 0 0 0 0 0 0 0 0 0 0 0 0 0 0 0 0 0 0 0 0.5 1 1 1 1 1 1 1 1 1 1 1 1 1 1 1 1 1 1 1 1 1 
0 -3.43012e-13 1.38032e-12 -5.90029e-12 2.51347e-11 -1.07092e-10 4.56286e-10 -1.94409e-09 8.28316e-09 -3.5292e-08 1.50368e-07 -6.40671e-07 2.7297e-06 -1.16304e-05 4.95534e-05 -0.000211131 0.000899564 -0.00383276 0.0163302 -0.0695778 0.0454451 0.5 0.954555 1.06958 0.98367 1.00383 0.9991 1.00021 0.99995 1.00001 0.999997 1 1 1 1 1 1 1 1 1 1 1 1 
3.43012e-13 2.11517e-11 -8.61482e-11 3.44049e-10 -1.37008e-09 5.42872e-09 -2.13887e-08 8.37108e-08 -3.25053e-07 1.25026e-06 -4.75308e-06 1.78063e-05 -6.54495e-05 0.000234467 -0.000809956 0.00264401 -0.00784734 0.0186468 -0.0180056 -0.0594272 0.0273836 0.5 0.972616 1.05943 1.01801 0.981353 1.00785 0.997356 1.00081 0.999766 1.00007 0.999982 1 0.999999 1 1 1 1 1 1 1 1 1 
-2.11517e-11 -5.66456e-10 2.3431e-09 -8.65461e-09 3.18743e-08 -1.15993e-07 4.16449e-07 -1.47137e-06 5.09874e-06 -1.72519e-05 5.66399e-05 -0.000178808 0.000535139 -0.00148459 0.00364837 -0.00728368 0.0085893 0.00219154 -0.00480157 -0.0817642 0.0236892 0.5 0.976311 1.08176 1.0048 0.997808 0.991411 1.00728 0.996352 1.00148 0.999465 1.00018 0.999943 1.00002 0.999995 1 1 1 1 1 1 1 1 
5.66456e-10 8.66339e-09 -3.65662e-08 1.2343e-07 -4.1502e-07 1.36597e-06 -4.38838e-06 1.36912e-05 -4.12026e-05 0.000118479 -0.000321191 0.000803588 -0.00179695 0.00336638 -0.00474766 0.00387624 -0.00356579 0.0174158 -0.0188738 -0.0808186 0.00966406 0.5 0.990336 1.08082 1.01887 0.982584 1.00357 0.996124 1.00475 0.996634 1.0018 0.999196 1.00032 0.999882 1.00004 0.999986 1 0.999999 1 1 1 1 1 
-8.66339e-09 -8.38366e-08 3.63426e-07 -1.10575e-06 3.34302e-06 -9.77184e-06 2.74835e-05 -7.3727e-05 0.000186407 -0.000437074 0.000927025 -0.00172251 0.00265797 -0.003349 0.00399692 -0.0070268 0.00905404 0.00754458 -0.0100794 -0.0926427 0.0032035 0.5 0.996797 1.09264 1.01008 0.992455 0.990946 1.00703 0.996003 1.00335 0.997342 1.00172 0.999073 1.00044 0.999814 1.00007 0.999973 1.00001 0.999997 1 1 1 1 
8.38366e-08 5.39062e-07 -2.42142e-06 6.54328e-06 -1.74917e-05 4.45177e-05 -0.000107126 0.00024059 -0.000496563 0.000922061 -0.00151578 0.0021859 -0.00297349 0.00415348 -0.00535442 0.00297963 -0.000372321 0.0179925 -0.0168988 -0.0926169 -0.00623896 0.5 1.00624 1.09262 1.0169 0.982008 1.00037 0.99702 1.00535 0.995847 1.00297 0.997814 1.00152 0.999078 1.0005 0.999759 1.00011 0.999955 1.00002 0.999993 1 0.999999 1 
-5.39062e-07 -2.3681e-06 1.11509e-05 -2.64179e-05 6.15108e-05 -0.000134205 0.000272389 -0.000508685 0.000864633 -0.00134439 0.00194121 -0.00271918 0.00350955 -0.00370213 0.00325582 -0.00620423 0.00868022 0.0118761 -0.0105792 -0.0992169 -0.0108675 0.5 1.01087 1.09922 1.01058 0.988124 0.99132 1.0062 0.996744 1.0037 0.99649 1.00272 0.998059 1.00134 0.999135 1.00051 0.999728 1.00013 0.999938 1.00003 0.999989 1 1 
2.3681e-06 7.28968e-06 -3.64586e-05 7.53814e-05 -0.000152171 0.00028513 -0.000496743 0.000802984 -0.00121983 0.00174851 -0.0023711 0.00288082 -0.00325654 0.00400868 -0.00507481 0.00170334 0.0016626 0.019183 -0.0142486 -0.098756 -0.0165542 0.5 1.01655 1.09876 1.01425 0.980817 0.998337 0.998297 1.00507 0.995991 1.00326 0.997119 1.00237 0.998251 1.00122 0.999197 1.0005 0.999715 1.00015 0.999925 1.00004 0.999993 0.999998 
-7.28968e-06 -1.64045e-05 8.79329e-05 -0.000160965 0.000286387 -0.000476222 0.000746456 -0.00111096 0.00155712 -0.0020553 0.00252354 -0.00308024 0.00362405 -0.00340325 0.00232681 -0.00559752 0.00816044 0.0150622 -0.00963058 -0.102378 -0.0190805 0.5 1.01908 1.10238 1.00963 0.984938 0.99184 1.0056 0.997673 1.0034 0.996376 1.00308 0.997476 1.00206 0.998443 1.00111 0.999254 1.00048 0.999714 1.00016 0.999912 1.00002 1.00001 
1.64045e-05 2.90753e-05 -0.000166385 0.000278861 -0.000452852 0.000691825 -0.00100782 0.0013864 -0.00181991 0.00227561 -0.00276955 0.00304445 -0.00306582 0.00358293 -0.00461107 0.000512426 0.00288302 0.0202006 -0.0118521 -0.101503 -0.022149 0.5 1.02215 1.1015 1.01185 0.979799 0.997117 0.999488 1.00461 0.996417 1.00307 0.996956 1.00277 0.997724 1.00182 0.998614 1.00101 0.999308 1.00045 0.999721 1.00017 0.999971 0.999984 
-2.90753e-05 -4.43658e-05 0.000265874 -0.000421713 0.000638988 -0.000913926 0.00124464 -0.00163231 0.00204009 -0.00244234 0.00271728 -0.00305331 0.00341631 -0.00289618 0.00148989 -0.00520101 0.007607 0.0171909 -0.00851397 -0.103444 -0.0231683 0.5 1.02317 1.10344 1.00851 0.982809 0.992393 1.0052 0.99851 1.0029 0.996584 1.00305 0.997283 1.00244 0.99796 1.00163 0.998755 1.00091 0.999361 1.00042 0.999734 1.00004 1.00003 
4.43658e-05 6.11246e-05 -0.000379701 0.000576901 -0.000830802 0.00112379 -0.00146753 0.00182432 -0.00218661 0.00250583 -0.00284464 0.00291767 -0.00268481 0.00311696 -0.00414608 -0.000466836 0.00357932 0.0208095 -0.0100496 -0.102411 -0.0246236 0.5 1.02462 1.10241 1.01005 0.97919 0.996421 1.00047 1.00415 0.996883 1.00268 0.997082 1.00284 0.997494 1.00219 0.998176 1.00147 0.998876 1.00083 0.999423 1.00038 0.999939 0.999956 
-6.11246e-05 -7.81707e-05 0.000497903 -0.000735877 0.00101494 -0.00132083 0.00164136 -0.00198153 0.00229248 -0.00256682 0.00266404 -0.00283373 0.00309146 -0.00236469 0.000814392 -0.00492218 0.00707222 0.0184808 -0.00767785 -0.103452 -0.0247752 0.5 1.02478 1.10345 1.00768 0.981519 0.992928 1.00492 0.999186 1.00236 0.996909 1.00283 0.997336 1.00257 0.997708 1.00198 0.998359 1.00132 0.998985 1.00074 0.999502 1.00008 1.00006 
7.81707e-05 9.42781e-05 -0.000615394 0.00088613 -0.0011875 0.00148318 -0.00179873 0.00208316 -0.00234202 0.0025241 -0.0027307 0.00265691 -0.00225841 0.0026902 -0.00372289 -0.00121771 0.00396443 0.0210418 -0.00886321 -0.102466 -0.0253496 0.5 1.02535 1.10247 1.00886 0.978958 0.996036 1.00122 1.00372 0.99731 1.00226 0.997343 1.00273 0.997476 1.00234 0.997917 1.0018 0.998517 1.00119 0.999114 1.00062 0.999906 0.999922 
-9.42781e-05 -0.000109425 0.000722648 -0.00102661 0.00133382 -0.00162943 0.0018981 -0.00215975 0.00236295 -0.00251768 0.00247737 -0.00253713 0.0027421 -0.00187933 0.000296037 -0.00469577 0.00659628 0.0191846 -0.00719954 -0.103058 -0.0251037 0.5 1.0251 1.10306 1.0072 0.980815 0.993404 1.0047 0.999704 1.00188 0.997258 1.00254 0.997523 1.00252 0.997637 1.00216 0.998102 1.00163 0.998666 1.00103 0.999277 1.00011 1.00009 
0.000109425 0.000121857 -0.000821248 0.00114408 -0.00146408 0.00173009 -0.00198998 0.00218714 -0.00234296 0.00241209 -0.00252065 0.00234923 -0.00185261 0.00232173 -0.00334993 -0.00176608 0.00418178 0.02102 -0.00817333 -0.102227 -0.0252639 0.5 1.02526 1.10223 1.00817 0.97898 0.995818 1.00177 1.00335 0.997678 1.00185 0.997651 1.00252 0.997588 1.00234 0.997813 1.00199 0.99827 1.00146 0.998856 1.00082 0.999878 0.999891 
-0.000121857 -0.000133242 0.000900552 -0.00124871 0.00155811 -0.00182116 0.00202272 -0.00220143 0.00230926 -0.00236722 0.00223065 -0.00222499 0.00240803 -0.00146273 -9.32562e-05 -0.00449105 0.00620304 0.0195249 -0.00700886 -0.102613 -0.0249043 0.5 1.0249 1.10261 1.00701 0.980475 0.993797 1.00449 1.00009 1.00146 0.997592 1.00222 0.997769 1.00237 0.997691 1.0022 0.997977 1.00182 0.998442 1.00125 0.999099 1.00013 1.00012 
0.000133242 0.000140918 -0.000970453 0.00132251 -0.00164069 0.00186262 -0.0020602 0.00217558 -0.00224371 0.00222953 -0.00227136 0.00203993 -0.00149297 0.00200985 -0.00302813 -0.00215314 0.00431881 0.0208682 -0.00782431 -0.101967 -0.0249125 0.5 1.02491 1.10197 1.00782 0.979132 0.995681 1.00215 1.00303 0.99799 1.00149 0.99796 1.00227 0.99777 1.00224 0.997824 1.00206 0.998137 1.00164 0.998677 1.00097 0.999859 0.999867 
-0.000140918 -0.000148073 0.0010168 -0.0013877 0.00168265 -0.00190517 0.00204084 -0.00214617 0.00217908 -0.00216543 0.00196707 -0.0019273 0.00210512 -0.00111697 -0.000385265 -0.00429973 0.00589843 0.0196674 -0.00699967 -0.102262 -0.0245805 0.5 1.02458 1.10226 1.007 0.980333 0.994102 1.0043 1.00039 1.00112 0.997895 1.00193 0.998033 1.00217 0.997821 1.00215 0.997959 1.00191 0.998317 1.00139 0.998983 1.00015 1.00014 
0.000148073 0.000151224 -0.00105717 0.00141873 -0.00172218 0.00189758 -0.00203782 0.0020857 -0.00208618 0.00201559 -0.00201543 0.00175096 -0.00118543 0.00174718 -0.00275624 -0.00242144 0.00442235 0.0206773 -0.00767845 -0.101785 -0.0245626 0.5 1.02456 1.10179 1.00768 0.979323 0.995578 1.00242 1.00276 0.998253 1.00119 0.998249 1.00202 0.997984 1.00209 0.997914 1.00204 0.998102 1.00172 0.998581 1.00106 0.999849 0.999852 
-0.000151224 -0.000154479 0.0010731 -0.00144849 0.00171998 -0.00190232 0.00198131 -0.00202823 0.002007 -0.00194426 0.00171027 -0.0016569 0.00183837 -0.000835498 -0.000607444 -0.00412386 0.00567468 0.0197196 -0.00707952 -0.102036 -0.0243091 0.5 1.02431 1.10204 1.00708 0.98028 0.994325 1.00412 1.00061 1.00084 0.998162 1.00166 0.99829 1.00194 0.997993 1.00203 0.998019 1.0019 0.99828 1.00145 0.998927 1.00015 1.00015 
0.000154479 0.000153961 -0.00108776 0.0014438 -0.00172511 0.00185799 -0.0019508 0.00194743 -0.0018998 0.00179428 -0.00177042 0.0014916 -0.000927103 0.0015261 -0.00253131 -0.00260768 0.00451308 0.0205003 -0.00763552 -0.101695 -0.0243112 0.5 1.02431 1.10169 1.00764 0.9795 0.995487 1.00261 1.00253 0.998474 1.00093 0.998508 1.00177 0.998206 1.0019 0.998053 1.00195 0.998142 1.00173 0.998556 1.00109 0.999846 0.999846 
-0.000153961 -0.000154013 0.00107931 -0.00144517 0.00168945 -0.00183585 0.00187001 -0.00187402 0.0018165 -0.00172303 0.00147205 -0.00141781 0.00160783 -0.000608686 -0.00078054 -0.00396797 0.0055166 0.0197415 -0.00718538 -0.101916 -0.0241389 0.5 1.02414 1.10192 1.00719 0.980259 0.994483 1.00397 1.00078 1.00061 0.998392 1.00142 0.998528 1.00172 0.998183 1.00187 0.99813 1.00184 0.998311 1.00145 0.998921 1.00015 1.00015 
0.000154013 0.000150836 -0.00107377 0.00141389 -0.00166937 0.00176652 -0.0018227 0.00178306 -0.00170405 0.00157952 -0.00154501 0.00126431 -0.000711767 0.00134017 -0.00234868 -0.00273999 0.00459718 0.0203597 -0.00763308 -0.101672 -0.0241675 0.5 1.02417 1.10167 1.00763 0.97964 0.995403 1.00274 1.00235 0.99866 1.00071 0.998736 1.00155 0.99842 1.0017 0.998217 1.00182 0.998233 1.00167 0.998586 1.00107 0.999849 0.999846 
-0.000150836 -0.000148483 0.00104779 -0.00139429 0.0016109 -0.00172683 0.00172783 -0.00170256 0.00162282 -0.00151275 0.0012573 -0.00120972 0.00141118 -0.000426524 -0.000918912 -0.00383516 0.00540719 0.0197606 -0.00728263 -0.101865 -0.024059 0.5 1.02406 1.10187 1.00728 0.980239 0.994593 1.00384 1.00092 1.00043 0.998589 1.00121 0.998743 1.00151 0.998377 1.0017 0.998272 1.00173 0.998389 1.00139 0.998952 1.00015 1.00015 
0.000148483 0.000143567 -0.00102766 0.0013453 -0.00157369 0.00164248 -0.00167177 0.0016084 -0.00151121 0.00137882 -0.00134273 0.00106805 -0.000532619 0.00118416 -0.00220252 -0.00283796 0.00467437 0.0202589 -0.00763834 -0.101688 -0.0241051 0.5 1.02411 1.10169 1.00764 0.979741 0.995326 1.00284 1.0022 0.998816 1.00053 0.998932 1.00134 0.998621 1.00151 0.998392 1.00167 0.998358 1.00157 0.998655 1.00103 0.999856 0.999852 
-0.000143567 -0.000139568 0.000990366 -0.00131133 0.00150163 -0.0015925 0.00157055 -0.00152686 0.00143546 -0.0013191 0.00106712 -0.00103037 0.00124502 -0.000279959 -0.00103191 -0.00372591 0.00533123 0.0197856 -0.00735754 -0.101852 -0.0240391 0.5 1.02404 1.10185 1.00736 0.980214 0.994669 1.00373 1.00103 1.00028 0.998755 1.00103 0.998933 1.00132 0.998565 1.00153 0.998429 1.00159 0.998498 1.00131 0.99901 1.00014 1.00014 
0.000139568 0.000133649 -0.000960558 0.00125212 -0.00145377 0.00150102 -0.00151135 0.00143415 -0.00132849 0.00119577 -0.00116418 0.000900104 -0.000383437 0.00105374 -0.00208655 -0.00291412 0.00474266 0.0201915 -0.00763812 -0.101719 -0.0240912 0.5 1.02409 1.10172 1.00764 0.979809 0.995257 1.00291 1.00209 0.998946 1.00038 0.9991 1.00116 0.998804 1.00133 0.998566 1.00151 0.998499 1.00145 0.998748 1.00096 0.999866 0.99986 
-0.000133649 -0.00012865 0.000917007 -0.00120921 0.00137542 -0.00144602 0.00140941 -0.00135539 0.00125997 -0.00114447 0.000900594 -0.000876833 0.00110553 -0.000161418 -0.00112547 -0.0036385 0.00527694 0.0198158 -0.00740884 -0.101855 -0.0240501 0.5 1.02405 1.10185 1.00741 0.980184 0.994723 1.00364 1.00113 1.00016 0.998894 1.00088 0.999099 1.00114 0.99874 1.00136 0.998591 1.00145 0.998625 1.00121 0.999083 1.00013 1.00013 
0.00012865 0.000122277 -0.000881521 0.00114555 -0.0013218 0.00135327 -0.00135075 0.00126719 -0.00115977 0.00103159 -0.00100838 0.000757164 -0.000258968 0.000945148 -0.00199473 -0.00297587 0.00480062 0.0201481 -0.00763005 -0.10175 -0.0240996 0.5 1.0241 1.10175 1.00763 0.979852 0.995199 1.00298 1.00199 0.999055 1.00026 0.999243 1.00101 0.998968 1.00116 0.998733 1.00135 0.998647 1.00132 0.998854 1.00088 0.999878 0.999871 
-0.000122277 -0.000116783 0.000835486 -0.00109789 0.00124249 -0.00129689 0.00125203 -0.00119332 0.00109931 -0.000989204 0.000755923 -0.000745996 0.000988909 -6.48842e-05 -0.0012034 -0.0035698 0.00523618 0.0198475 -0.00744111 -0.10186 -0.0240714 0.5 1.02407 1.10186 1.00744 0.980152 0.994764 1.00357 1.0012 1.00006 0.999011 1.00075 0.999244 1.00099 0.998901 1.00119 0.998748 1.0013 0.998758 1.0011 0.999165 1.00012 1.00012 
0.000116783 0.000110345 -0.000797378 0.00103389 -0.0011867 0.00120697 -0.00119609 0.00111162 -0.00100672 0.000886156 -0.000873503 0.000635885 -0.000154924 0.000855059 -0.00192181 -0.00302732 0.00484803 0.0201199 -0.00761644 -0.101775 -0.0241136 0.5 1.02411 1.10178 1.00762 0.97988 0.995152 1.00303 1.00192 0.999145 1.00015 0.999364 1.00087 0.999114 1.00101 0.998888 1.0012 0.998793 1.00119 0.998966 1.0008 0.99989 0.999883 
-0.000110345 -0.000104729 0.000751506 -0.000984589 0.00111005 -0.00115161 0.00110321 -0.00104357 0.000954654 -0.000852526 0.000630957 -0.000634869 0.000891591 1.42768e-05 -0.00126835 -0.00351624 0.00520388 0.0198773 -0.0074604 -0.101863 -0.0240915 0.5 1.02409 1.10186 1.00746 0.980123 0.994796 1.00352 1.00127 0.999986 0.999108 1.00063 0.999369 1.00085 0.999045 1.00104 0.998897 1.00115 0.99889 1.00098 0.999248 1.0001 1.00011 
0.000104729 9.84853e-05 -0.000712997 0.000922984 -0.00105462 0.00106716 -0.00105117 0.00096956 -0.000869665 0.000758561 -0.000757351 0.000533176 -6.78309e-05 0.000780502 -0.00186346 -0.00307071 0.00488572 0.0201006 -0.00760068 -0.101792 -0.0241251 0.5 1.02413 1.10179 1.0076 0.979899 0.995114 1.00307 1.00186 0.999219 1.00007 0.999467 1.00076 0.999241 1.00087 0.99903 1.00105 0.998933 1.00105 0.999077 1.00071 0.999902 0.999895 
-9.84853e-05 -9.30037e-05 0.000669025 -0.000874266 0.000982901 -0.00101438 0.000965677 -0.000907497 0.000826058 -0.000733051 0.000523511 -0.000540681 0.000810428 7.9588e-05 -0.00132235 -0.00347445 0.00517715 0.019903 -0.00747201 -0.101862 -0.0241059 0.5 1.02411 1.10186 1.00747 0.980097 0.994823 1.00347 1.00132 0.99992 0.99919 1.00054 0.999476 1.00073 0.999174 1.00091 0.999034 1.00101 0.999017 1.00087 0.999331 1.00009 1.0001 
9.30037e-05 8.71197e-05 -0.000631643 0.000816724 -0.000929541 0.000936857 -0.000918109 0.000841774 -0.00074813 0.000647468 -0.000657672 0.00044631 5.151e-06 0.00071887 -0.00181632 -0.00310733 0.00491515 0.020086 -0.00758549 -0.101803 -0.0241317 0.5 1.02413 1.1018 1.00759 0.979914 0.995085 1.00311 1.00182 0.999281 0.999995 0.999554 1.00066 0.999353 1.00075 0.999158 1.00092 0.999063 1.00093 0.999183 1.00063 0.999913 0.999907 
-8.71197e-05 -8.19362e-05 0.000590621 -0.000770081 0.000863967 -0.000887612 0.000840725 -0.000785433 0.000712849 -0.000629146 0.000431493 -0.000460934 0.000742718 0.000133737 -0.00136709 -0.00344154 0.00515449 0.0199238 -0.00747967 -0.101858 -0.0241143 0.5 1.02411 1.10186 1.00748 0.980076 0.994846 1.00344 1.00137 0.999866 0.999257 1.00046 0.999569 1.00063 0.999287 1.00079 0.999159 1.00089 0.999136 1.00077 0.999409 1.00008 1.00009 
8.19362e-05 7.65063e-05 -0.000555351 0.000717486 -0.00081379 0.000817664 -0.000797798 0.000728129 -0.000641176 0.000551333 -0.00057231 0.000372933 6.63695e-05 0.000667925 -0.00177784 -0.00313806 0.00493798 0.0200739 -0.00757246 -0.101808 -0.0241337 0.5 1.02413 1.10181 1.00757 0.979926 0.995062 1.00314 1.00178 0.999332 0.999934 0.999627 1.00057 0.999449 1.00064 0.999272 1.0008 0.999182 1.00081 0.999283 1.00056 0.999923 0.999918 
-7.65063e-05 -7.17162e-05 0.000517833 -0.000673858 0.000754858 -0.000772479 0.000728658 -0.000677051 0.000613932 -0.000539137 0.000352956 -0.000393425 0.000686203 0.000178804 -0.00140403 -0.00341528 0.00513514 0.0199399 -0.0074856 -0.101853 -0.0241181 0.5 1.02412 1.10185 1.00749 0.98006 0.994865 1.00342 1.0014 0.999821 0.999314 1.00039 0.999647 1.00054 0.999386 1.00068 0.999271 1.00077 0.999245 1.00067 0.999482 1.00007 1.00008 
7.17162e-05 6.67845e-05 -0.000485251 0.000626557 -0.000708512 0.000710162 -0.000690329 0.000627941 -0.000547644 0.000468544 -0.000499304 0.000311032 0.000117783 0.000625791 -0.00174616 -0.00316364 0.00495574 0.0200631 -0.00756212 -0.101812 -0.0241328 0.5 1.02413 1.10181 1.00756 0.979937 0.995044 1.00316 1.00175 0.999374 0.999882 0.999689 1.0005 0.999531 1.00055 0.999372 1.00069 0.99929 1.00071 0.999373 1.00049 0.999933 0.999928 
-6.67845e-05 -6.24335e-05 0.000451447 -0.000586465 0.000656231 -0.000669275 0.000629148 -0.000581616 0.000528005 -0.000461415 0.00028612 -0.000336253 0.000639017 0.000216434 -0.00143446 -0.003394 0.00511867 0.0199521 -0.00749087 -0.101848 -0.0241191 0.5 1.02412 1.10185 1.00749 0.980048 0.994881 1.00339 1.00143 0.999784 0.999361 1.00034 0.999714 1.00046 0.999472 1.00058 0.999371 1.00067 0.999344 1.00059 0.999549 1.00006 1.00007 
6.24335e-05 5.80092e-05 -0.000421827 0.000544449 -0.000614028 0.000614272 -0.000595254 0.000540216 -0.00046628 0.000397514 -0.00043692 0.000258879 0.000161029 0.000590919 -0.00171986 -0.00318479 0.00496974 0.0200536 -0.00755435 -0.101814 -0.0241306 0.5 1.02413 1.10181 1.00755 0.979946 0.99503 1.00318 1.00172 0.999409 0.999839 0.999741 1.00044 0.999602 1.00047 0.99946 1.0006 0.999386 1.00061 0.999456 1.00042 0.999942 0.999938 
-5.80092e-05 -5.41096e-05 0.000391722 -0.000508113 0.000568108 -0.000577716 0.000541485 -0.000498157 0.000453691 -0.000394495 0.000229371 -0.000287797 0.000599619 0.000247948 -0.00145949 -0.0033765 0.0051048 0.0199613 -0.00749584 -0.101843 -0.024119 0.5 1.02412 1.10184 1.0075 0.980039 0.994895 1.00338 1.00146 0.999752 0.9994 1.00029 0.999771 1.00039 0.999546 1.0005 0.999459 1.00058 0.999432 1.00051 0.999608 1.00005 1.00006 
5.41096e-05 5.01787e-05 -0.000365132 0.000471152 -0.000530114 0.00052949 -0.000511796 0.000463818 -0.000395826 0.00033674 -0.000383657 0.000214993 0.00019747 0.000562043 -0.00169789 -0.00320216 0.00498096 0.0200451 -0.00754869 -0.101815 -0.0241283 0.5 1.02413 1.10182 1.00755 0.979955 0.995019 1.0032 1.0017 0.999438 0.999803 0.999785 1.00038 0.999663 1.0004 0.999536 1.00051 0.999471 1.00053 0.999529 1.00037 0.99995 0.999946 
-5.01787e-05 -4.67207e-05 0.000338563 -0.000438576 0.000490094 -0.000497153 0.000464752 -0.000425584 0.00038964 -0.000337025 0.000181266 -0.0002467 0.00056673 0.000274417 -0.00148005 -0.00336194 0.00509326 0.0199683 -0.00750049 -0.10184 -0.0241186 0.5 1.02412 1.10184 1.0075 0.980032 0.994907 1.00336 1.00148 0.999726 0.999433 1.00025 0.999819 1.00034 0.99961 1.00043 0.999535 1.0005 0.99951 1.00044 0.999661 1.00005 1.00005 
4.67207e-05 4.32548e-05 -0.00031493 0.000406314 -0.000456206 0.000455063 -0.000438999 0.000397571 -0.000335059 0.000284845 -0.000338225 0.000178092 0.000228233 0.000538127 -0.00167945 -0.00321635 0.00499016 0.0200377 -0.00754456 -0.101817 -0.0241263 0.5 1.02413 1.10182 1.00754 0.979962 0.99501 1.00322 1.00168 0.999462 0.999772 0.999822 1.00034 0.999715 1.00034 0.999602 1.00044 0.999545 1.00046 0.999594 1.00031 0.999957 0.999953 
-4.32548e-05 -4.02147e-05 0.000291654 -0.000377362 0.000421544 -0.000426735 0.000397938 -0.000362776 0.000334581 -0.000287793 0.000140529 -0.000211829 0.000539282 0.000296712 -0.00149693 -0.0033497 0.00508377 0.0199738 -0.00750472 -0.101838 -0.0241185 0.5 1.02412 1.10184 1.0075 0.980026 0.994916 1.00335 1.0015 0.999703 0.999461 1.00021 0.999859 1.00029 0.999665 1.00036 0.999602 1.00043 0.999578 1.00038 0.999708 1.00004 1.00004 
4.02147e-05 3.71773e-05 -0.000270818 0.000349382 -0.000391548 0.000390109 -0.000375826 0.000340331 -0.000282826 0.000240591 -0.000299518 0.000147076 0.000254241 0.000518319 -0.00166389 -0.0032279 0.00499783 0.0200316 -0.00754148 -0.101819 -0.0241251 0.5 1.02413 1.10182 1.00754 0.979968 0.995002 1.00323 1.00166 0.999482 0.999746 0.999853 1.0003 0.999759 1.00028 0.99966 1.00038 0.99961 1.00039 0.999651 1.00027 0.999963 0.99996 
-3.71773e-05 -3.45238e-05 0.000250546 -0.000323827 0.000361676 -0.000365516 0.000340013 -0.000308632 0.000287352 -0.000245716 0.000106044 -0.000182241 0.000516373 0.000315538 -0.00151079 -0.00333933 0.00507605 0.0199783 -0.0075084 -0.101836 -0.0241187 0.5 1.02412 1.10184 1.00751 0.980022 0.994924 1.00334 1.00151 0.999684 0.999484 1.00018 0.999894 1.00025 0.999713 1.00031 0.99966 1.00037 0.999638 1.00032 0.999749 1.00003 1.00004 
3.45238e-05 3.18746e-05 -0.000232296 0.000299692 -0.000335289 0.000333696 -0.000321238 0.000291021 -0.000238061 0.000202886 -0.000266584 0.000121001 0.000276252 0.00050191 -0.00165072 -0.00323728 0.00500435 0.0200265 -0.00753906 -0.10182 -0.0241244 0.5 1.02412 1.10182 1.00754 0.979973 0.994996 1.00324 1.00165 0.999498 0.999724 0.999879 1.00027 0.999797 1.00024 0.999709 1.00032 0.999666 1.00034 0.9997 1.00023 0.999968 0.999965 
-3.18746e-05 -2.95726e-05 0.000214727 -0.000277261 0.000309655 -0.000312527 0.00028998 -0.000262109 0.000246909 -0.00020983 7.68505e-05 -0.000157147 0.000497241 0.000331465 -0.00152215 -0.0033305 0.00506985 0.0199821 -0.00751147 -0.101835 -0.0241192 0.5 1.02412 1.10183 1.00751 0.980018 0.99493 1.00333 1.00152 0.999669 0.999503 1.00016 0.999923 1.00021 0.999753 1.00026 0.99971 1.00031 0.99969 1.00028 0.999785 1.00003 1.00003 
2.95726e-05 2.72706e-05 -0.000198828 0.000256537 -0.000286559 0.000284901 -0.00027423 0.000248651 -0.000199789 0.000170782 -0.000238603 9.90628e-05 0.000294886 0.000488308 -0.00163954 -0.00324488 0.00500996 0.0200225 -0.00753702 -0.101822 -0.0241241 0.5 1.02412 1.10182 1.00754 0.979978 0.99499 1.00324 1.00164 0.999512 0.999705 0.999901 1.00024 0.999829 1.0002 0.999751 1.00027 0.999715 1.00029 0.999743 1.0002 0.999973 0.99997 
-2.72706e-05 -2.5284e-05 0.000183662 -0.000236934 0.000264642 -0.000266831 0.000246897 -0.00022224 0.000212328 -0.000179281 5.21291e-05 -0.000135884 0.000481246 0.000344953 -0.00153149 -0.00332294 0.00506489 0.0199854 -0.00751393 -0.101834 -0.0241199 0.5 1.02412 1.10183 1.00751 0.980015 0.994935 1.00332 1.00153 0.999655 0.999519 1.00014 0.999948 1.00018 0.999788 1.00022 0.999753 1.00027 0.999735 1.00024 0.999816 1.00003 1.00003 
2.5284e-05 2.32897e-05 -0.000169872 0.000219213 -0.000244507 0.00024284 -0.000233866 0.000212323 -0.000167136 0.000143459 -0.000214864 8.05856e-05 0.000310656 0.000477019 -0.00163005 -0.00325104 0.00501484 0.0200193 -0.00753522 -0.101823 -0.024124 0.5 1.02412 1.10182 1.00754 0.979981 0.994985 1.00325 1.00163 0.999523 0.999689 0.999919 1.00021 0.999857 1.00017 0.999788 1.00023 0.999757 1.00024 0.999781 1.00017 0.999977 0.999975 
-2.32897e-05 -2.15831e-05 0.000156826 -0.000202138 0.000225828 -0.000227541 0.000209898 -0.000188148 0.000182799 -0.000153317 3.11849e-05 -0.000117886 0.000467852 0.000356376 -0.00153916 -0.00331647 0.00506097 0.0199884 -0.00751583 -0.101833 -0.0241206 0.5 1.02412 1.10183 1.00752 0.980012 0.994939 1.00332 1.00154 0.999644 0.999532 1.00012 0.999969 1.00015 0.999817 1.00019 0.99979 1.00023 0.999774 1.0002 0.999843 1.00002 1.00002 
2.15831e-05 1.98591e-05 -0.000144909 0.000187042 -0.000208331 0.000206686 -0.000199289 0.000181237 -0.000139322 0.000120217 -0.00019475 6.50027e-05 0.000323992 0.000467629 -0.00162197 -0.00325602 0.00501909 0.0200169 -0.00753355 -0.101824 -0.024124 0.5 1.02412 1.10182 1.00753 0.979983 0.994981 1.00326 1.00162 0.999532 0.999676 0.999935 1.00019 0.99988 1.00014 0.999819 1.0002 0.999793 1.00021 0.999813 1.00014 0.99998 0.999978 
-1.98591e-05 -1.83993e-05 0.000133717 -0.000172208 0.000192459 -0.000193846 0.000178195 -0.000159048 0.000157614 -0.000131278 1.34331e-05 -0.00010267 0.000456611 0.000366043 -0.00154548 -0.00331092 0.00505788 0.0199911 -0.00751723 -0.101833 -0.0241211 0.5 1.02412 1.10183 1.00752 0.980009 0.994942 1.00331 1.00155 0.999634 0.999543 1.0001 0.999987 1.00013 0.999842 1.00016 0.999822 1.00019 0.999808 1.00017 0.999866 1.00002 1.00002 
1.83993e-05 1.69113e-05 -0.00012345 0.000159393 -0.00017729 0.000175687 -0.000169728 0.00015468 -0.000115663 0.000100455 -0.000177728 5.1843e-05 0.000335254 0.000459796 -0.00161512 -0.00326007 0.00502281 0.0200151 -0.00753199 -0.101825 -0.024124 0.5 1.02412 1.10182 1.00753 0.979985 0.994977 1.00326 1.00162 0.99954 0.999665 0.999948 1.00018 0.9999 1.00012 0.999845 1.00017 0.999824 1.00018 0.999841 1.00012 0.999983 0.999982 
-1.69113e-05 -1.56673e-05 0.000113873 -0.00014653 0.000163842 -0.00016501 0.000151084 -0.000134247 0.000136158 -0.000112589 -1.61786e-06 -8.98211e-05 0.000447156 0.000374212 -0.00155071 -0.00330617 0.00505546 0.0199935 -0.00751822 -0.101832 -0.0241214 0.5 1.02412 1.10183 1.00752 0.980006 0.994945 1.00331 1.00155 0.999626 0.999553 1.00009 1 1.00011 0.999864 1.00013 0.999849 1.00017 0.999836 1.00015 0.999886 1.00002 1.00002 
1.56673e-05 1.43845e-05 -0.00010505 0.000135689 -0.000150715 0.000149162 -0.000144498 0.000132026 -9.55582e-05 8.36602e-05 -0.000163333 4.07165e-05 0.000344753 0.000453239 -0.00160931 -0.00326336 0.00502605 0.0200137 -0.00753052 -0.101825 -0.0241238 0.5 1.02412 1.10183 1.00753 0.979986 0.994974 1.00326 1.00161 0.999547 0.999655 0.999959 1.00016 0.999916 1.0001 0.999868 1.00014 0.999851 1.00015 0.999864 1.00011 0.999986 0.999984 
-1.43845e-05 -1.33283e-05 9.68716e-05 -0.000124546 0.000139351 -0.000140377 0.000127938 -0.000113135 0.000117897 -9.67544e-05 -1.43808e-05 -7.89808e-05 0.000439186 0.000381103 -0.00155506 -0.00330211 0.00505354 0.0199957 -0.00751888 -0.101831 -0.0241216 0.5 1.02412 1.10183 1.00752 0.980004 0.994946 1.0033 1.00156 0.999619 0.999561 1.00008 1.00001 1.0001 0.999882 1.00011 0.999872 1.00014 0.999861 1.00012 0.999903 1.00001 1.00001 
1.33283e-05 1.2223e-05 -8.93052e-05 0.000115408 -0.000128004 0.000126506 -0.000122993 0.000112726 -7.84893e-05 6.93948e-05 -0.000151169 3.13003e-05 0.000352755 0.000447732 -0.0016044 -0.00326606 0.00502887 0.0200127 -0.00752914 -0.101826 -0.0241234 0.5 1.02412 1.10183 1.00753 0.979987 0.994971 1.00327 1.0016 0.999552 0.999647 0.999969 1.00015 0.999931 1.00008 0.999887 1.00012 0.999873 1.00013 0.999885 1.00009 0.999988 0.999987 
-1.2223e-05 -1.13293e-05 8.23344e-05 -0.000105762 0.00011843 -0.000119367 0.000108205 -9.51827e-05 0.00010237 -8.33446e-05 -2.52036e-05 -6.98415e-05 0.000432455 0.000386903 -0.00155869 -0.00329866 0.00505203 0.0199976 -0.00751931 -0.10183 -0.0241215 0.5 1.02412 1.10183 1.00752 0.980002 0.994948 1.0033 1.00156 0.999613 0.999568 1.00007 1.00003 1.00008 0.999898 1.0001 0.999892 1.00012 0.999882 1.00011 0.999918 1.00001 1.00001 
1.13293e-05 1.03771e-05 -7.58567e-05 9.80857e-05 -0.000108628 0.000107183 -0.000104687 9.63025e-05 -6.40075e-05 5.72846e-05 -0.000140893 2.33264e-05 0.000359488 0.00044309 -0.00160027 -0.0032683 0.0050313 0.020012 -0.00752788 -0.101826 -0.0241229 0.5 1.02412 1.10183 1.00753 0.979988 0.994969 1.00327 1.0016 0.999557 0.999641 0.999977 1.00014 0.999943 1.00006 0.999904 1.0001 0.999893 1.00011 0.999902 1.00008 0.99999 0.999989 
-1.03771e-05 -9.62372e-06 6.99247e-05 -8.97351e-05 0.000100585 -0.000101469 9.14033e-05 -7.99298e-05 8.9178e-05 -7.19932e-05 -3.43797e-05 -6.21392e-05 0.000426761 0.000391778 -0.00156174 -0.00329573 0.00505081 0.0199993 -0.00751957 -0.10183 -0.0241212 0.5 1.02412 1.10183 1.00752 0.980001 0.994949 1.0033 1.00156 0.999608 0.999573 1.00006 1.00003 1.00007 0.999911 1.00008 0.999909 1.0001 0.999899 1.00009 0.99993 1.00001 1.00001 
9.62372e-06 8.80303e-06 -6.43867e-05 8.33135e-05 -9.21176e-05 9.07236e-05 -8.91194e-05 8.23394e-05 -5.17277e-05 4.70095e-05 -0.000132214 1.65716e-05 0.00036515 0.000439168 -0.00159679 -0.00327016 0.00503338 0.0200115 -0.00752673 -0.101825 -0.0241223 0.5 1.02412 1.10183 1.00753 0.979989 0.994967 1.00327 1.0016 0.999561 0.999635 0.999983 1.00013 0.999953 1.00005 0.999918 1.00009 0.999909 1.00009 0.999917 1.00006 0.999991 0.99999 
-8.80303e-06 -8.17039e-06 5.93463e-05 -7.60801e-05 8.53834e-05 -8.62406e-05 7.71114e-05 -6.69802e-05 7.79781e-05 -6.2387e-05 -4.21576e-05 -5.56491e-05 0.000421939 0.000395868 -0.00156432 -0.00329327 0.00504982 0.0200008 -0.00751971 -0.101829 -0.0241208 0.5 1.02412 1.10183 1.00752 0.979999 0.99495 1.00329 1.00156 0.999604 0.999578 1.00006 1.00004 1.00006 0.999922 1.00007 0.999923 1.00009 0.999915 1.00008 0.999941 1.00001 1.00001 
8.17039e-06 7.46253e-06 -5.46169e-05 7.07317e-05 -7.80661e-05 7.67195e-05 -7.58918e-05 7.04783e-05 -4.132e-05 3.8296e-05 -0.000124885 1.0849e-05 0.00036991 0.000435845 -0.00159388 -0.00327172 0.00503514 0.020011 -0.00752572 -0.101825 -0.0241217 0.5 1.02412 1.10183 1.00753 0.979989 0.994965 1.00327 1.00159 0.999564 0.99963 0.999989 1.00012 0.999962 1.00004 0.99993 1.00008 0.999923 1.00008 0.999929 1.00005 0.999993 0.999992 
-7.46253e-06 -6.93344e-06 5.03398e-05 -6.4459e-05 7.24483e-05 -7.32952e-05 6.49656e-05 -5.59932e-05 6.84754e-05 -5.42594e-05 -4.87483e-05 -5.018e-05 0.000417854 0.000399298 -0.0015665 -0.00329121 0.00504899 0.0200021 -0.00751979 -0.101828 -0.0241203 0.5 1.02412 1.10183 1.00752 0.979998 0.994951 1.00329 1.00157 0.999601 0.999582 1.00005 1.00005 1.00005 0.999932 1.00006 0.999935 1.00007 0.999928 1.00006 0.99995 1.00001 1.00001 
6.93344e-06 6.32215e-06 -4.63042e-05 6.00272e-05 -6.61189e-05 6.48154e-05 -6.46611e-05 6.04098e-05 -3.25025e-05 3.09102e-05 -0.000118696 6.00145e-06 0.000373912 0.000433027 -0.00159144 -0.00327305 0.00503663 0.0200107 -0.00752484 -0.101825 -0.024121 0.5 1.02412 1.10182 1.00752 0.979989 0.994963 1.00327 1.00159 0.999567 0.999626 0.999994 1.00012 0.999969 1.00003 0.99994 1.00006 0.999935 1.00007 0.99994 1.00005 0.999994 0.999993 
-6.32215e-06 -5.8817e-06 4.26796e-05 -5.45784e-05 6.14522e-05 -6.22996e-05 5.46517e-05 -4.66765e-05 6.04173e-05 -4.7384e-05 -5.43311e-05 -4.55705e-05 0.000414392 0.000402173 -0.00156836 -0.00328948 0.0050483 0.0200031 -0.00751984 -0.101827 -0.0241198 0.5 1.02412 1.10183 1.00752 0.979997 0.994952 1.00329 1.00157 0.999598 0.999586 1.00005 1.00005 1.00005 0.99994 1.00005 0.999945 1.00006 0.999939 1.00005 0.999957 1.00001 1.00001 
5.8817e-06 5.35289e-06 -3.92381e-05 5.09283e-05 -5.59694e-05 5.47045e-05 -5.5132e-05 5.18682e-05 -2.50349e-05 2.46524e-05 -0.000113468 1.89596e-06 0.000377276 0.000430634 -0.00158941 -0.00327418 0.00503787 0.0200104 -0.00752408 -0.101825 -0.0241204 0.5 1.02412 1.10182 1.00752 0.97999 0.994962 1.00327 1.00159 0.999569 0.999623 0.999998 1.00011 0.999975 1.00003 0.999948 1.00006 0.999945 1.00006 0.999949 1.00004 0.999995 0.999994 
-5.35289e-06 -4.98819e-06 3.61702e-05 -4.61848e-05 5.21121e-05 -5.29667e-05 4.58991e-05 -3.87798e-05 5.35873e-05 -4.15687e-05 -5.90585e-05 -4.16843e-05 0.000411458 0.000404583 -0.00156994 -0.00328804 0.0050477 0.020004 -0.00751987 -0.101827 -0.0241193 0.5 1.02412 1.10183 1.00752 0.979996 0.994952 1.00329 1.00157 0.999595 0.999589 1.00004 1.00006 1.00004 0.999946 1.00004 0.999954 1.00005 0.999948 1.00005 0.999964 1 1.00001 
4.98819e-06 4.52973e-06 -3.32365e-05 4.32005e-05 -4.73533e-05 4.61226e-05 -4.70512e-05 4.46259e-05 -1.87123e-05 1.93523e-05 -0.000109052 -1.58009e-06 0.000380106 0.000428603 -0.00158771 -0.00327514 0.0050389 0.0200101 -0.00752345 -0.101824 -0.0241197 0.5 1.02412 1.10182 1.00752 0.97999 0.994961 1.00328 1.00159 0.999571 0.99962 1 1.00011 0.999981 1.00002 0.999955 1.00005 0.999954 1.00005 0.999957 1.00003 0.999995 0.999995 
-4.52973e-06 -4.22966e-06 3.0643e-05 -3.90594e-05 4.41841e-05 -4.50499e-05 3.84758e-05 -3.20895e-05 4.78007e-05 -3.66506e-05 -6.30605e-05 -3.8407e-05 0.000408972 0.000406604 -0.00157129 -0.00328685 0.00504718 0.0200048 -0.00751991 -0.101826 -0.0241189 0.5 1.02412 1.10183 1.00752 0.979995 0.994953 1.00329 1.00157 0.999593 0.999591 1.00004 1.00006 1.00004 0.999952 1.00003 0.999962 1.00005 0.999956 1.00004 0.999969 1 1 
4.22966e-06 3.83113e-06 -2.81425e-05 3.66417e-05 -4.00435e-05 3.8843e-05 -4.02018e-05 3.84879e-05 -1.33607e-05 1.48647e-05 -0.000105322 -4.52239e-06 0.000382488 0.000426879 -0.00158629 -0.00327597 0.00503975 0.0200099 -0.00752293 -0.101824 -0.0241192 0.5 1.02412 1.10182 1.00752 0.97999 0.99496 1.00328 1.00159 0.999573 0.999618 1 1.00011 0.999985 1.00001 0.999962 1.00004 0.999961 1.00004 0.999963 1.00003 0.999996 0.999996 
-3.83113e-06 -3.58612e-06 2.59528e-05 -3.30145e-05 3.74588e-05 -3.83378e-05 3.2183e-05 -2.64233e-05 4.28997e-05 -3.24918e-05 -6.64475e-05 -3.56424e-05 0.000406867 0.0004083 -0.00157243 -0.00328585 0.00504673 0.0200053 -0.00751995 -0.101825 -0.0241184 0.5 1.02412 1.10183 1.00752 0.979995 0.994953 1.00329 1.00157 0.999592 0.999593 1.00004 1.00007 1.00003 0.999957 1.00003 0.999968 1.00004 0.999963 1.00003 0.999974 1 1 
3.58612e-06 3.23859e-06 -2.38215e-05 3.10783e-05 -3.38454e-05 3.26711e-05 -3.43986e-05 3.32879e-05 -8.83189e-06 1.1066e-05 -0.000102172 -7.01228e-06 0.000384493 0.000425417 -0.0015851 -0.00327668 0.00504046 0.0200097 -0.00752251 -0.101824 -0.0241187 0.5 1.02412 1.10182 1.00752 0.97999 0.99496 1.00328 1.00159 0.999575 0.999616 1.00001 1.0001 0.999989 1.00001 0.999967 1.00003 0.999967 1.00003 0.999969 1.00002 0.999997 0.999996 
-3.23859e-06 -3.04043e-06 2.19751e-05 -2.78889e-05 3.17568e-05 -3.26495e-05 2.68507e-05 -2.16258e-05 3.875e-05 -2.89753e-05 -6.93134e-05 -3.33097e-05 0.000405084 0.000409725 -0.00157341 -0.00328502 0.00504634 0.0200058 -0.00752 -0.101825 -0.024118 0.5 1.02412 1.10182 1.00752 0.979994 0.994954 1.00329 1.00157 0.99959 0.999595 1.00003 1.00007 1.00003 0.999961 1.00002 0.999973 1.00003 0.999968 1.00003 0.999978 1 1 
3.04043e-06 2.73625e-06 -2.0158e-05 2.63617e-05 -2.85922e-05 2.74408e-05 -2.94836e-05 2.8884e-05 -5.0002e-06 7.85125e-06 -9.95097e-05 -9.11887e-06 0.000386183 0.000424177 -0.00158411 -0.00327729 0.00504104 0.0200095 -0.00752217 -0.101824 -0.0241183 0.5 1.02412 1.10182 1.00752 0.979991 0.994959 1.00328 1.00158 0.999576 0.999614 1.00001 1.0001 0.999992 1.00001 0.999971 1.00003 0.999973 1.00003 0.999974 1.00002 0.999997 0.999997 
-2.73625e-06 -2.57793e-06 1.86034e-05 -2.35448e-05 2.69246e-05 -2.78308e-05 2.23342e-05 -1.7565e-05 3.52373e-05 -2.60022e-05 -7.1738e-05 -3.1341e-05 0.000403576 0.000410922 -0.00157424 -0.00328434 0.00504599 0.0200062 -0.00752006 -0.101825 -0.0241177 0.5 1.02412 1.10182 1.00752 0.979994 0.994954 1.00328 1.00157 0.999589 0.999596 1.00003 1.00007 1.00003 0.999965 1.00002 0.999978 1.00003 0.999973 1.00002 0.999981 1 1 
2.57793e-06 2.31058e-06 -1.70535e-05 2.23648e-05 -2.41416e-05 2.30101e-05 -2.53219e-05 2.51555e-05 -1.75885e-06 5.13112e-06 -9.72608e-05 -1.09009e-05 0.000387607 0.000423126 -0.00158328 -0.00327781 0.00504151 0.0200093 -0.0075219 -0.101824 -0.0241179 0.5 1.02412 1.10182 1.00752 0.979991 0.994958 1.00328 1.00158 0.999577 0.999612 1.00001 1.0001 0.999995 1 0.999975 1.00003 0.999977 1.00002 0.999978 1.00002 0.999998 0.999997 
-2.31058e-06 -2.1861e-06 1.57465e-05 -1.98645e-05 2.2831e-05 -2.37501e-05 1.85097e-05 -1.41285e-05 3.22646e-05 -2.34888e-05 -7.37889e-05 -2.96792e-05 0.000402299 0.00041193 -0.00157495 -0.00328376 0.00504569 0.0200065 -0.00752013 -0.101824 -0.0241175 0.5 1.02412 1.10182 1.00752 0.979993 0.994954 1.00328 1.00157 0.999588 0.999598 1.00003 1.00007 1.00002 0.999968 1.00001 0.999981 1.00002 0.999977 1.00002 0.999984 1 1 
2.1861e-06 1.95e-06 -1.44235e-05 1.8979e-05 -2.03724e-05 1.9258e-05 -2.17992e-05 2.19996e-05 9.82724e-07 2.82993e-06 -9.53609e-05 -1.24081e-05 0.000388808 0.000422236 -0.00158258 -0.00327825 0.0050419 0.0200091 -0.00752168 -0.101823 -0.0241177 0.5 1.02412 1.10182 1.00752 0.979991 0.994958 1.00328 1.00158 0.999578 0.999611 1.00001 1.0001 0.999997 0.999999 0.999978 1.00002 0.999981 1.00002 0.999981 1.00001 0.999998 0.999998 
-1.95e-06 -1.85425e-06 1.33267e-05 -1.67476e-05 1.93644e-05 -2.02953e-05 1.52721e-05 -1.12209e-05 2.97494e-05 -2.13641e-05 -7.55234e-05 -2.82764e-05 0.000401219 0.000412778 -0.00157554 -0.00328328 0.00504543 0.0200068 -0.00752019 -0.101824 -0.0241173 0.5 1.02412 1.10182 1.00752 0.979993 0.994955 1.00328 1.00158 0.999587 0.999599 1.00003 1.00008 1.00002 0.99997 1.00001 0.999985 1.00002 0.999981 1.00002 0.999987 1 1 
1.85425e-06 1.64466e-06 -1.21964e-05 1.61118e-05 -1.71812e-05 1.60816e-05 -1.8818e-05 1.9329e-05 3.30129e-06 8.83443e-07 -9.37558e-05 -1.36827e-05 0.00038982 0.000421482 -0.00158199 -0.00327863 0.00504223 0.020009 -0.00752151 -0.101823 -0.0241174 0.5 1.02412 1.10182 1.00752 0.979991 0.994958 1.00328 1.00158 0.999579 0.99961 1.00001 1.00009 0.999999 0.999997 0.999981 1.00002 0.999984 1.00002 0.999984 1.00001 0.999998 0.999998 
-1.64466e-06 -1.57328e-06 1.12778e-05 -1.41087e-05 1.64294e-05 -1.73712e-05 1.25321e-05 -8.76118e-06 2.76216e-05 -1.9568e-05 -7.69903e-05 -2.70919e-05 0.000400305 0.000413492 -0.00157605 -0.00328288 0.0050452 0.020007 -0.00752026 -0.101824 -0.0241171 0.5 1.02412 1.10182 1.00752 0.979993 0.994955 1.00328 1.00158 0.999587 0.9996 1.00003 1.00008 1.00002 0.999972 1.00001 0.999987 1.00002 0.999984 1.00001 0.999989 1 1 
1.57328e-06 1.38617e-06 -1.03109e-05 1.36845e-05 -1.448e-05 1.3393e-05 -1.62955e-05 1.70694e-05 5.26191e-06 -7.62796e-07 -9.23996e-05 -1.47606e-05 0.000390674 0.000420844 -0.0015815 -0.00327895 0.0050425 0.0200088 -0.00752137 -0.101823 -0.0241173 0.5 1.02412 1.10182 1.00752 0.979991 0.994958 1.00328 1.00158 0.999579 0.999609 1.00001 1.00009 1 0.999995 0.999983 1.00002 0.999987 1.00001 0.999986 1.00001 0.999999 0.999998 
-1.38617e-06 -1.33546e-06 9.54336e-06 -1.18751e-05 1.39454e-05 -1.48968e-05 1.02136e-05 -6.68066e-06 2.58218e-05 -1.80499e-05 -7.82307e-05 -2.60918e-05 0.000399532 0.000414094 -0.00157648 -0.00328254 0.005045 0.0200072 -0.00752032 -0.101824 -0.024117 0.5 1.02412 1.10182 1.00752 0.979993 0.994955 1.00328 1.00158 0.999586 0.9996 1.00003 1.00008 1.00002 0.999974 1.00001 0.99999 1.00001 0.999986 1.00001 0.99999 1 1 
1.33546e-06 1.1674e-06 -8.71509e-06 1.16301e-05 -1.21941e-05 1.1118e-05 -1.41616e-05 1.5158e-05 6.9197e-06 -2.15494e-06 -9.12538e-05 -1.56721e-05 0.000391395 0.000420304 -0.00158108 -0.00327923 0.00504272 0.0200087 -0.00752126 -0.101823 -0.0241171 0.5 1.02412 1.10182 1.00752 0.979991 0.994957 1.00328 1.00158 0.99958 0.999609 1.00002 1.00009 1 0.999993 0.999985 1.00001 0.999989 1.00001 0.999988 1.00001 0.999999 0.999999 
-1.1674e-06 -1.1342e-06 8.07549e-06 -9.98486e-06 1.18433e-05 -1.28034e-05 8.25214e-06 -4.92111e-06 2.42996e-05 -1.67667e-05 -7.92795e-05 -2.52473e-05 0.000398879 0.000414601 -0.00157685 -0.00328226 0.00504484 0.0200073 -0.00752037 -0.101824 -0.0241169 0.5 1.02412 1.10182 1.00752 0.979993 0.994955 1.00328 1.00158 0.999585 0.999601 1.00003 1.00008 1.00002 0.999976 1 0.999992 1.00001 0.999988 1.00001 0.999992 1 1 
1.1342e-06 9.82277e-07 -7.36468e-06 9.89175e-06 -1.026e-05 9.19327e-06 -1.23566e-05 1.35413e-05 8.32132e-06 -3.33209e-06 -9.02856e-05 -1.64427e-05 0.000392003 0.000419847 -0.00158073 -0.00327946 0.00504291 0.0200086 -0.00752117 -0.101823 -0.024117 0.5 1.02412 1.10182 1.00752 0.979991 0.994957 1.00328 1.00158 0.99958 0.999608 1.00002 1.00009 1 0.999992 0.999986 1.00001 0.999991 1.00001 0.99999 1.00001 0.999999 0.999999 
-9.82277e-07 -9.63918e-07 6.83347e-06 -8.38558e-06 1.00648e-05 -1.10324e-05 6.59301e-06 -3.43316e-06 2.30124e-05 -1.56821e-05 -8.01662e-05 -2.4534e-05 0.000398326 0.000415029 -0.00157715 -0.00328203 0.00504469 0.0200074 -0.00752042 -0.101824 -0.0241169 0.5 1.02412 1.10182 1.00752 0.979993 0.994955 1.00328 1.00158 0.999585 0.999602 1.00002 1.00008 1.00002 0.999977 1 0.999993 1.00001 0.99999 1.00001 0.999993 1 1 
9.63918e-07 8.25661e-07 -6.22217e-06 8.421e-06 -8.62392e-06 7.5651e-06 -1.083e-05 1.2174e-05 9.50627e-06 -4.32736e-06 -8.94676e-05 -1.70942e-05 0.000392517 0.000419461 -0.00158044 -0.00327966 0.00504306 0.0200085 -0.0075211 -0.101823 -0.024117 0.5 1.02412 1.10182 1.00752 0.979991 0.994957 1.00328 1.00158 0.999581 0.999607 1.00002 1.00009 1 0.99999 0.999988 1.00001 0.999992 1.00001 0.999992 1.00001 0.999999 0.999999 
-8.25661e-07 -8.19867e-07 5.78272e-06 -7.03267e-06 8.56038e-06 -9.53459e-06 5.18979e-06 -2.17502e-06 2.1924e-05 -1.47655e-05 -8.09158e-05 -2.39316e-05 0.000397859 0.00041539 -0.00157742 -0.00328183 0.00504457 0.0200075 -0.00752047 -0.101824 -0.0241168 0.5 1.02412 1.10182 1.00752 0.979992 0.994955 1.00328 1.00158 0.999585 0.999602 1.00002 1.00008 1.00001 0.999978 1 0.999995 1.00001 0.999991 1.00001 0.999994 1 1 
8.19867e-07 6.9318e-07 -5.2557e-06 7.1769e-06 -7.24005e-06 6.18801e-06 -9.53904e-06 1.10179e-05 1.0508e-05 -5.16878e-06 -8.87765e-05 -1.7645e-05 0.00039295 0.000419134 -0.00158019 -0.00327983 0.00504319 0.0200084 -0.00752104 -0.101823 -0.0241169 0.5 1.02412 1.10182 1.00752 0.979992 0.994957 1.00328 1.00158 0.999581 0.999607 1.00002 1.00009 1.00001 0.999989 0.999989 1.00001 0.999994 1.00001 0.999993 1.00001 0.999999 0.999999 
-6.9318e-07 -6.98024e-07 4.89394e-06 -5.88836e-06 7.28793e-06 -8.26787e-06 4.00314e-06 -1.11127e-06 2.10038e-05 -1.39907e-05 -8.15495e-05 -2.34228e-05 0.000397464 0.000415695 -0.00157764 -0.00328166 0.00504447 0.0200076 -0.00752051 -0.101823 -0.0241168 0.5 1.02412 1.10182 1.00752 0.979992 0.994956 1.00328 1.00158 0.999584 0.999603 1.00002 1.00008 1.00001 0.999979 1 0.999996 1.00001 0.999993 1.00001 0.999995 1 1 
6.98024e-07 5.81131e-07 -4.43828e-06 6.12466e-06 -6.06968e-06 5.02342e-06 -8.44747e-06 1.00403e-05 1.13548e-05 -5.8801e-06 -8.81925e-05 -1.81106e-05 0.000393316 0.000418858 -0.00157998 -0.00327998 0.0050433 0.0200084 -0.00752099 -0.101823 -0.0241169 0.5 1.02412 1.10182 1.00752 0.979992 0.994957 1.00328 1.00158 0.999581 0.999607 1.00002 1.00009 1.00001 0.999989 0.99999 1.00001 0.999995 1.00001 0.999994 1 0.999999 0.999999 
-5.81131e-07 -5.94979e-07 4.14226e-06 -4.92059e-06 6.21183e-06 -7.19671e-06 2.99974e-06 -2.11951e-07 2.02258e-05 -1.33359e-05 -8.20851e-05 -2.2993e-05 0.00039713 0.000415952 -0.00157782 -0.00328152 0.00504438 0.0200077 -0.00752054 -0.101823 -0.0241168 0.5 1.02412 1.10182 1.00752 0.979992 0.994956 1.00328 1.00158 0.999584 0.999603 1.00002 1.00008 1.00001 0.99998 1 0.999997 1.00001 0.999994 1 0.999996 1 1 
5.94979e-07 4.86374e-07 -3.74698e-06 5.2348e-06 -5.07998e-06 4.03865e-06 -7.52455e-06 9.21375e-06 1.20706e-05 -6.48139e-06 -8.7699e-05 -1.85042e-05 0.000393625 0.000418624 -0.0015798 -0.0032801 0.00504339 0.0200083 -0.00752095 -0.101823 -0.0241168 0.5 1.02412 1.10182 1.00752 0.979992 0.994957 1.00328 1.00158 0.999581 0.999606 1.00002 1.00009 1.00001 0.999988 0.999991 1.00001 0.999996 1.00001 0.999995 1 1 0.999999 
-4.86374e-07 -5.07841e-07 3.50659e-06 -4.10223e-06 5.30187e-06 -6.29101e-06 2.15136e-06 5.48311e-07 1.95682e-05 -1.27826e-05 -8.25379e-05 -2.263e-05 0.000396847 0.000416169 -0.00157798 -0.0032814 0.0050443 0.0200077 -0.00752057 -0.101823 -0.0241168 0.5 1.02412 1.10182 1.00752 0.979992 0.994956 1.00328 1.00158 0.999584 0.999603 1.00002 1.00008 1.00001 0.99998 0.999999 0.999998 1.00001 0.999995 1 0.999996 1 1 
5.07841e-07 4.06249e-07 -3.16242e-06 4.48233e-06 -4.24315e-06 3.206e-06 -6.74429e-06 8.51501e-06 1.26756e-05 -6.98964e-06 -8.72821e-05 -1.88368e-05 0.000393886 0.000418426 -0.00157966 -0.0032802 0.00504347 0.0200083 -0.00752092 -0.101823 -0.0241168 0.5 1.02412 1.10182 1.00752 0.979992 0.994957 1.00328 1.00158 0.999582 0.999606 1.00002 1.00009 1.00001 0.999987 0.999991 1.00001 0.999997 1 0.999996 1 1 0.999999 
-4.06249e-07 -4.34162e-07 2.96909e-06 -3.41026e-06 4.53247e-06 -5.52528e-06 1.43411e-06 1.19098e-06 1.90122e-05 -1.23149e-05 -8.29206e-05 -2.23232e-05 0.000396609 0.000416352 -0.00157812 -0.0032813 0.00504424 0.0200078 -0.0075206 -0.101823 -0.0241168 0.5 1.02412 1.10182 1.00752 0.979992 0.994956 1.00328 1.00158 0.999584 0.999603 1.00002 1.00008 1.00001 0.999981 0.999999 0.999999 1.00001 0.999995 1 0.999997 1 1 
4.34162e-07 3.38501e-07 -2.66816e-06 3.84611e-06 -3.53562e-06 2.50203e-06 -6.08467e-06 7.92432e-06 1.31869e-05 -7.41924e-06 -8.69297e-05 -1.9118e-05 0.000394106 0.000418259 -0.00157953 -0.00328029 0.00504353 0.0200082 -0.00752089 -0.101823 -0.0241168 0.5 1.02412 1.10182 1.00752 0.979992 0.994956 1.00328 1.00158 0.999582 0.999606 1.00002 1.00009 1.00001 0.999987 0.999992 1.00001 0.999997 1 0.999996 1 1 1 
-3.38501e-07 -3.71867e-07 2.51463e-06 -2.82522e-06 3.88197e-06 -4.87792e-06 8.27752e-07 1.73423e-06 1.85423e-05 -1.19196e-05 -8.3244e-05 -2.20641e-05 0.000396407 0.000416506 -0.00157823 -0.00328122 0.00504418 0.0200078 -0.00752062 -0.101823 -0.0241167 0.5 1.02412 1.10182 1.00752 0.979992 0.994956 1.00328 1.00158 0.999583 0.999604 1.00002 1.00008 1.00001 0.999981 0.999998 0.999999 1 0.999996 1 0.999997 1 1 
3.71867e-07 2.81224e-07 -2.25028e-06 3.30821e-06 -2.93746e-06 1.90689e-06 -5.52707e-06 7.425e-06 1.36192e-05 -7.78235e-06 -8.6632e-05 -1.93556e-05 0.000394293 0.000418118 -0.00157942 -0.00328036 0.00504359 0.0200082 -0.00752087 -0.101823 -0.0241168 0.5 1.02412 1.10182 1.00752 0.979992 0.994956 1.00328 1.00158 0.999582 0.999606 1.00002 1.00009 1.00001 0.999986 0.999993 1.00001 0.999998 1 0.999997 1 1 1 
-2.81224e-07 -3.19203e-07 2.13042e-06 -2.33062e-06 3.33204e-06 -4.33067e-06 3.15179e-07 2.19341e-06 1.81451e-05 -1.15856e-05 -8.35174e-05 -2.18452e-05 0.000396236 0.000416637 -0.00157833 -0.00328115 0.00504413 0.0200078 -0.00752064 -0.101823 -0.0241167 0.5 1.02412 1.10182 1.00752 0.979992 0.994956 1.00328 1.00158 0.999583 0.999604 1.00002 1.00008 1.00001 0.999982 0.999998 1 1 0.999997 1 0.999998 1 1 
3.19203e-07 2.32802e-07 -1.897e-06 2.85347e-06 -2.4318e-06 1.40379e-06 -5.05574e-06 7.00295e-06 1.39845e-05 -8.08924e-06 -8.63804e-05 -1.95565e-05 0.00039445 0.000417999 -0.00157934 -0.00328042 0.00504363 0.0200082 -0.00752085 -0.101823 -0.0241168 0.5 1.02412 1.10182 1.00752 0.979992 0.994956 1.00328 1.00158 0.999582 0.999606 1.00002 1.00009 1.00001 0.999986 0.999993 1.00001 0.999999 1 0.999997 1 1 1 
-2.32802e-07 -2.74682e-07 1.80561e-06 -1.9125e-06 2.86715e-06 -3.86807e-06 -1.18097e-07 2.58152e-06 1.78094e-05 -1.13033e-05 -8.37484e-05 -2.16602e-05 0.000396092 0.000416747 -0.00157841 -0.00328109 0.00504409 0.0200079 -0.00752065 -0.101823 -0.0241167 0.5 1.02412 1.10182 1.00752 0.979992 0.994956 1.00328 1.00158 0.999583 0.999604 1.00002 1.00008 1.00001 0.999982 0.999997 1 1 0.999997 1 0.999998 1 1 
2.74682e-07 1.91869e-07 -1.59836e-06 2.46906e-06 -2.00435e-06 9.78517e-07 -4.65734e-06 6.6462e-06 1.42932e-05 -8.34862e-06 -8.61678e-05 -1.97262e-05 0.000394583 0.000417898 -0.00157926 -0.00328048 0.00504367 0.0200082 -0.00752083 -0.101823 -0.0241168 0.5 1.02412 1.10182 1.00752 0.979992 0.994956 1.00328 1.00158 0.999582 0.999605 1.00002 1.00009 1.00001 0.999986 0.999993 1 0.999999 1 0.999998 1 1 1 
-1.91869e-07 -2.37047e-07 1.53104e-06 -1.55905e-06 2.47418e-06 -3.47705e-06 -4.84327e-07 2.90955e-06 1.75256e-05 -1.10648e-05 -8.39437e-05 -2.15039e-05 0.000395971 0.00041684 -0.00157848 -0.00328104 0.00504406 0.0200079 -0.00752067 -0.101823 -0.0241167 0.5 1.02412 1.10182 1.00752 0.979992 0.994956 1.00328 1.00158 0.999583 0.999604 1.00002 1.00008 1.00001 0.999982 0.999997 1 1 0.999998 1 0.999998 1 1 
2.37047e-07 1.57268e-07 -1.34591e-06 2.14411e-06 -1.64303e-06 6.19047e-07 -4.3206e-06 6.34468e-06 1.45541e-05 -8.56783e-06 -8.59882e-05 -1.98697e-05 0.000394695 0.000417813 -0.0015792 -0.00328052 0.0050437 0.0200081 -0.00752082 -0.101823 -0.0241168 0.5 1.02412 1.10182 1.00752 0.979992 0.994956 1.00328 1.00158 0.999582 0.999605 1.00002 1.00009 1.00001 0.999985 0.999994 1 0.999999 1 0.999998 1 1 1 
-1.57268e-07 -2.05235e-07 1.29895e-06 -1.26029e-06 2.14201e-06 -3.14654e-06 -7.93875e-07 3.18679e-06 1.72858e-05 -1.08632e-05 -8.41087e-05 -2.13719e-05 0.000395868 0.000416919 -0.00157853 -0.003281 0.00504403 0.0200079 -0.00752068 -0.101823 -0.0241167 0.5 1.02412 1.10182 1.00752 0.979992 0.994956 1.00328 1.00158 0.999583 0.999604 1.00002 1.00008 1.00001 0.999983 0.999997 1 1 0.999998 1 0.999999 1 1 
2.05235e-07 1.28021e-07 -1.13253e-06 1.86944e-06 -1.33763e-06 3.15209e-07 -4.03599e-06 6.08984e-06 1.47746e-05 -8.75309e-06 -8.58364e-05 -1.99909e-05 0.00039479 0.000417741 -0.00157914 -0.00328056 0.00504373 0.0200081 -0.0075208 -0.101823 -0.0241168 0.5 1.02412 1.10182 1.00752 0.979992 0.994956 1.00328 1.00158 0.999582 0.999605 1.00002 1.00009 1.00001 0.999985 0.999994 1 1 1 0.999998 1 1 1 
-1.28021e-07 -1.78346e-07 1.10277e-06 -1.00776e-06 1.86125e-06 -2.86719e-06 -1.05551e-06 3.4211e-06 1.70831e-05 -1.06928e-05 -8.42481e-05 -2.12603e-05 0.000395781 0.000416985 -0.00157858 -0.00328096 0.00504401 0.0200079 -0.00752069 -0.101823 -0.0241167 0.5 1.02412 1.10182 1.00752 0.979992 0.994956 1.00328 1.00158 0.999583 0.999604 1.00002 1.00008 1.00001 0.999983 0.999997 1 1 0.999998 1 0.999999 1 1 
1.78346e-07 1.033e-07 -9.52163e-07 1.63729e-06 -1.0795e-06 5.84028e-08 -3.79545e-06 5.87446e-06 1.4961e-05 -8.90966e-06 -8.57081e-05 -2.00934e-05 0.00039487 0.00041768 -0.0015791 -0.00328059 0.00504375 0.0200081 -0.00752079 -0.101823 -0.0241168 0.5 1.02412 1.10182 1.00752 0.979992 0.994956 1.00328 1.00158 0.999582 0.999605 1.00002 1.00009 1.00001 0.999985 0.999994 1 1 1 0.999998 1 1 1 
-1.033e-07 -1.55619e-07 9.36952e-07 -7.94321e-07 1.62394e-06 -2.63109e-06 -1.27663e-06 3.61913e-06 1.69119e-05 -1.05488e-05 -8.4366e-05 -2.1166e-05 0.000395707 0.000417042 -0.00157862 -0.00328093 0.00504399 0.0200079 -0.0075207 -0.101823 -0.0241167 0.5 1.02412 1.10182 1.00752 0.979992 0.994956 1.00328 1.00158 0.999583 0.999604 1.00002 1.00008 1.00001 0.999983 0.999996 1 1 0.999998 1 0.999999 1 1 
1.55619e-07 8.24061e-08 -7.99719e-07 1.44106e-06 -8.61328e-07 -1.58646e-07 -3.59215e-06 5.69242e-06 1.51185e-05 -9.04197e-06 -8.55997e-05 -2.01799e-05 0.000394937 0.000417628 -0.00157906 -0.00328062 0.00504377 0.0200081 -0.00752079 -0.101823 -0.0241168 0.5 1.02412 1.10182 1.00752 0.979992 0.994956 1.00328 1.00158 0.999582 0.999605 1.00002 1.00009 1.00001 0.999985 0.999994 1 1 1 0.999999 1 1 1 
-8.24061e-08 -1.3641e-07 7.96805e-07 -6.13922e-07 1.42337e-06 -2.43154e-06 -1.46352e-06 3.78649e-06 1.67671e-05 -1.04272e-05 -8.44656e-05 -2.10864e-05 0.000395645 0.000417089 -0.00157866 -0.00328091 0.00504397 0.020008 -0.0075207 -0.101823 -0.0241167 0.5 1.02412 1.10182 1.00752 0.979992 0.994956 1.00328 1.00158 0.999583 0.999604 1.00002 1.00008 1.00001 0.999983 0.999996 1 1 0.999999 1 0.999999 1 1 
1.3641e-07 6.47469e-08 -6.70875e-07 1.27522e-06 -6.76936e-07 -3.42088e-07 -3.42033e-06 5.53858e-06 1.52516e-05 -9.15379e-06 -8.55082e-05 -2.02531e-05 0.000394995 0.000417585 -0.00157903 -0.00328064 0.00504379 0.0200081 -0.00752078 -0.101823 -0.0241168 0.5 1.02412 1.10182 1.00752 0.979992 0.994956 1.00328 1.00158 0.999582 0.999605 1.00002 1.00009 1.00001 0.999985 0.999994 1 1 1 0.999999 1 1 1 
-6.47469e-08 -1.20175e-07 6.78356e-07 -4.61455e-07 1.25386e-06 -2.26289e-06 -1.62146e-06 3.92793e-06 1.66448e-05 -1.03243e-05 -8.45497e-05 -2.10191e-05 0.000395593 0.000417129 -0.00157869 -0.00328089 0.00504396 0.020008 -0.00752071 -0.101823 -0.0241167 0.5 1.02412 1.10182 1.00752 0.979992 0.994956 1.00328 1.00158 0.999583 0.999604 1.00002 1.00008 1.00001 0.999983 0.999996 1 1 0.999999 1 0.999999 1 1 
1.20175e-07 4.98219e-08 -5.6198e-07 1.13505e-06 -5.21097e-07 -4.97123e-07 -3.27513e-06 5.40857e-06 1.5364e-05 -9.24829e-06 -8.54308e-05 -2.03149e-05 0.000395043 0.000417548 -0.001579 -0.00328066 0.0050438 0.0200081 -0.00752077 -0.101823 -0.0241168 0.5 1.02412 1.10182 1.00752 0.979992 0.994956 1.00328 1.00158 0.999582 0.999605 1.00002 1.00009 1.00001 0.999985 0.999995 1 1 1 0.999999 1 1 1 
-4.98219e-08 -1.06454e-07 5.78247e-07 -3.32596e-07 1.1106e-06 -2.12036e-06 -1.75494e-06 4.04746e-06 1.65414e-05 -1.02375e-05 -8.46209e-05 -2.09622e-05 0.000395548 0.000417163 -0.00157871 -0.00328087 0.00504394 0.020008 -0.00752071 -0.101823 -0.0241167 0.5 1.02412 1.10182 1.00752 0.979992 0.994956 1.00328 1.00158 0.999583 0.999604 1.00002 1.00008 1.00001 0.999983 0.999996 1 1 0.999999 1 0.999999 1 1 
1.06454e-07 3.72082e-08 -4.69948e-07 1.01659e-06 -3.89391e-07 -6.28148e-07 -3.15241e-06 5.2987e-06 1.54591e-05 -9.32814e-06 -8.53654e-05 -2.03672e-05 0.000395084 0.000417517 -0.00157898 -0.00328068 0.00504381 0.0200081 -0.00752077 -0.101823 -0.0241168 0.5 1.02412 1.10182 1.00752 0.979992 0.994956 1.00328 1.00158 0.999582 0.999605 1.00002 1.00009 1.00001 0.999985 0.999995 1 1 1 0.999999 1 1 1 
-3.72082e-08 -9.48583e-08 4.93642e-07 -2.23693e-07 9.89523e-07 -1.99991e-06 -1.86775e-06 4.14847e-06 1.6454e-05 -1.0164e-05 -8.4681e-05 -2.09141e-05 0.000395511 0.000417192 -0.00157874 -0.00328085 0.00504393 0.020008 -0.00752072 -0.101823 -0.0241167 0.5 1.02412 1.10182 1.00752 0.979992 0.994956 1.00328 1.00158 0.999583 0.999604 1.00002 1.00008 1.00001 0.999984 0.999996 1 1 0.999999 1 1 1 1 
9.48583e-08 2.65479e-08 -3.92169e-07 9.1648e-07 -2.78084e-07 -7.38879e-07 -3.04871e-06 5.20584e-06 1.55394e-05 -9.39563e-06 -8.53101e-05 -2.04113e-05 0.000395118 0.000417491 -0.00157896 -0.00328069 0.00504382 0.0200081 -0.00752076 -0.101823 -0.0241167 0.5 1.02412 1.10182 1.00752 0.979992 0.994956 1.00328 1.00158 0.999583 0.999605 1.00002 1.00009 1.00001 0.999984 0.999995 1 1 1 0.999999 1 1 1 
-2.65479e-08 -8.50583e-08 4.22139e-07 -1.31657e-07 8.87199e-07 -1.89811e-06 -1.96308e-06 4.23383e-06 1.63802e-05 -1.0102e-05 -8.47318e-05 -2.08735e-05 0.000395479 0.000417216 -0.00157875 -0.00328084 0.00504392 0.020008 -0.00752072 -0.101823 -0.0241167 0.5 1.02412 1.10182 1.00752 0.979992 0.994956 1.00328 1.00158 0.999583 0.999605 1.00002 1.00008 1.00001 0.999984 0.999996 1 1 0.999999 1 1 1 1 
8.50583e-08 1.75388e-08 -3.26436e-07 8.31872e-07 -1.84017e-07 -8.32459e-07 -2.96106e-06 5.12737e-06 1.56073e-05 -9.45266e-06 -8.52634e-05 -2.04487e-05 0.000395147 0.000417468 -0.00157894 -0.0032807 0.00504383 0.0200081 -0.00752076 -0.101823 -0.0241167 0.5 1.02412 1.10182 1.00752 0.979992 0.994956 1.00328 1.00158 0.999583 0.999605 1.00002 1.00009 1.00001 0.999984 0.999995 1 1 1 0.999999 1 1 1 
-1.75388e-08 -7.67762e-08 3.61712e-07 -5.38769e-08 8.00725e-07 -1.81208e-06 -2.04365e-06 4.30597e-06 1.63178e-05 -1.00496e-05 -8.47747e-05 -2.08392e-05 0.000395452 0.000417236 -0.00157877 -0.00328083 0.00504392 0.020008 -0.00752073 -0.101823 -0.0241167 0.5 1.02412 1.10182 1.00752 0.979992 0.994956 1.00328 1.00158 0.999583 0.999605 1.00002 1.00008 1.00001 0.999984 0.999996 1 1 0.999999 1 1 1 1 
7.67762e-08 9.92515e-09 -2.70885e-07 7.6037e-07 -1.04521e-07 -9.11542e-07 -2.887e-06 5.06106e-06 1.56647e-05 -9.50085e-06 -8.52239e-05 -2.04802e-05 0.000395172 0.00041745 -0.00157893 -0.00328071 0.00504384 0.020008 -0.00752076 -0.101823 -0.0241167 0.5 1.02412 1.10182 1.00752 0.979992 0.994956 1.00328 1.00158 0.999583 0.999605 1.00002 1.00009 1.00001 0.999984 0.999995 1 1 1 0.999999 1 1 1 
-9.92515e-09 -6.97771e-08 3.10645e-07 1.18551e-08 7.27647e-07 -1.73938e-06 -2.11173e-06 4.36694e-06 1.6265e-05 -1.00053e-05 -8.48109e-05 -2.08102e-05 0.00039543 0.000417253 -0.00157878 -0.00328082 0.00504391 0.020008 -0.00752073 -0.101823 -0.0241167 0.5 1.02412 1.10182 1.00752 0.979992 0.994956 1.00328 1.00158 0.999583 0.999605 1.00002 1.00008 1.00001 0.999984 0.999996 1 1 0.999999 1 1 1 1 
6.97771e-08 3.49091e-09 -2.2394e-07 6.99943e-07 -3.73406e-08 -9.78374e-07 -2.82441e-06 5.00502e-06 1.57131e-05 -9.54157e-06 -8.51906e-05 -2.05068e-05 0.000395193 0.000417434 -0.00157891 -0.00328072 0.00504384 0.020008 -0.00752076 -0.101823 -0.0241167 0.5 1.02412 1.10182 1.00752 0.979992 0.994956 1.00328 1.00158 0.999583 0.999605 1.00002 1.00009 1.00001 0.999984 0.999995 1 1 1 0.999999 1 1 1 
-3.49091e-09 -6.38621e-08 2.67488e-07 6.74045e-08 6.65889e-07 -1.67795e-06 -2.16927e-06 4.41845e-06 1.62205e-05 -9.96782e-06 -8.48416e-05 -2.07857e-05 0.00039541 0.000417268 -0.00157879 -0.00328081 0.00504391 0.020008 -0.00752073 -0.101823 -0.0241167 0.5 1.02412 1.10182 1.00752 0.979992 0.994956 1.00328 1.00158 0.999583 0.999605 1.00002 1.00008 1.00001 0.999984 0.999996 1 1 0.999999 1 1 1 1 
6.38621e-08 -1.94657e-09 -1.84266e-07 6.48878e-07 1.94327e-08 -1.03485e-06 -2.77152e-06 4.95766e-06 1.57541e-05 -9.57599e-06 -8.51624e-05 -2.05294e-05 0.00039521 0.00041742 -0.0015789 -0.00328073 0.00504385 0.020008 -0.00752075 -0.101823 -0.0241167 0.5 1.02412 1.10182 1.00752 0.979992 0.994956 1.00328 1.00158 0.999583 0.999605 1.00002 1.00009 1.00001 0.999984 0.999995 1 1 1 0.999999 1 1 1 
1.94657e-09 -5.88636e-08 2.31017e-07 1.14348e-07 6.13699e-07 -1.62603e-06 -2.21789e-06 4.46199e-06 1.61828e-05 -9.93618e-06 -8.48675e-05 -2.0765e-05 0.000395394 0.00041728 -0.0015788 -0.0032808 0.0050439 0.020008 -0.00752073 -0.101823 -0.0241167 0.5 1.02412 1.10182 1.00752 0.979992 0.994956 1.00328 1.00158 0.999583 0.999605 1.00002 1.00008 1.00001 0.999984 0.999996 1 1 0.999999 1 1 1 1 
5.88636e-08 -6.54165e-09 -1.50739e-07 6.05724e-07 6.74102e-08 -1.08258e-06 -2.72682e-06 4.91764e-06 1.57887e-05 -9.60507e-06 -8.51386e-05 -2.05484e-05 0.000395225 0.000417409 -0.0015789 -0.00328074 0.00504385 0.020008 -0.00752075 -0.101823 -0.0241167 0.5 1.02412 1.10182 1.00752 0.979992 0.994956 1.00328 1.00158 0.999583 0.999605 1.00002 1.00009 1.00001 0.999984 0.999995 1 1 1 0.999999 1 1 1 
6.54165e-09 -5.46394e-08 2.00197e-07 1.54019e-07 5.69595e-07 -1.58215e-06 -2.25898e-06 4.49878e-06 1.6151e-05 -9.90945e-06 -8.48894e-05 -2.07475e-05 0.000395381 0.000417291 -0.00157881 -0.0032808 0.0050439 0.020008 -0.00752073 -0.101823 -0.0241167 0.5 1.02412 1.10182 1.00752 0.979992 0.994956 1.00328 1.00158 0.999583 0.999605 1.00002 1.00008 1.00001 0.999984 0.999996 1 1 0.999999 1 1 1 1 
5.46394e-08 -1.04248e-08 -1.22407e-07 5.69256e-07 1.07954e-07 -1.12291e-06 -2.68905e-06 4.88382e-06 1.5818e-05 -9.62965e-06 -8.51185e-05 -2.05645e-05 0.000395238 0.0004174 -0.00157889 -0.00328074 0.00504386 0.020008 -0.00752075 -0.101823 -0.0241167 0.5 1.02412 1.10182 1.00752 0.979992 0.994956 1.00328 1.00158 0.999583 0.999605 1.00002 1.00009 1.00001 0.999984 0.999995 1 1 1 0.999999 1 1 1 
1.04248e-08 -5.10697e-08 1.74151e-07 1.87543e-07 5.32323e-07 -1.54507e-06 -2.2937e-06 4.52987e-06 1.61241e-05 -9.88685e-06 -8.49079e-05 -2.07327e-05 0.000395369 0.000417299 -0.00157881 -0.00328079 0.00504389 0.020008 -0.00752073 -0.101823 -0.0241167 0.5 1.02412 1.10182 1.00752 0.979992 0.994956 1.00328 1.00158 0.999583 0.999605 1.00002 1.00008 1.00001 0.999984 0.999995 1 1 0.999999 1 1 1 1 
5.10697e-08 -1.37063e-08 -9.84638e-08 5.38438e-07 1.42217e-07 -1.157e-06 -2.65713e-06 4.85524e-06 1.58427e-05 -9.65041e-06 -8.51015e-05 -2.05781e-05 0.000395248 0.000417391 -0.00157888 -0.00328075 0.00504386 0.020008 -0.00752075 -0.101823 -0.0241167 0.5 1.02412 1.10182 1.00752 0.979992 0.994956 1.00328 1.00158 0.999583 0.999605 1.00002 1.00009 1.00001 0.999984 0.999995 1 1 1 0.999999 1 1 1 
1.37063e-08 -4.80531e-08 1.52141e-07 2.15874e-07 5.00827e-07 -1.51374e-06 -2.32305e-06 4.55614e-06 1.61014e-05 -9.86776e-06 -8.49235e-05 -2.07203e-05 0.000395359 0.000417307 -0.00157882 -0.00328079 0.00504389 0.020008 -0.00752074 -0.101823 -0.0241167 0.5 1.02412 1.10182 1.00752 0.979992 0.994956 1.00328 1.00158 0.999583 0.999605 1.00002 1.00008 1.00001 0.999984 0.999995 1 1 0.999999 1 1 1 1 
4.80531e-08 -1.64794e-08 -7.82305e-08 5.12395e-07 1.71171e-07 -1.1858e-06 -2.63015e-06 4.83109e-06 1.58636e-05 -9.66796e-06 -8.50871e-05 -2.05895e-05 0.000395257 0.000417385 -0.00157888 -0.00328075 0.00504386 0.020008 -0.00752075 -0.101823 -0.0241167 0.5 1.02412 1.10182 1.00752 0.979992 0.994956 1.00328 1.00158 0.999583 0.999605 1.00002 1.00009 1.00001 0.999984 0.999995 1 1 1 0.999999 1 1 1 
1.64794e-08 -4.55039e-08 1.33541e-07 2.39814e-07 4.74211e-07 -1.48726e-06 -2.34784e-06 4.57834e-06 1.60822e-05 -9.85163e-06 -8.49367e-05 -2.07097e-05 0.000395351 0.000417313 -0.00157883 -0.00328079 0.00504389 0.020008 -0.00752074 -0.101823 -0.0241167 0.5 1.02412 1.10182 1.00752 0.979992 0.994956 1.00328 1.00158 0.999583 0.999605 1.00002 1.00008 1.00001 0.999984 0.999995 1 1 1 1 1 1 1 
4.55039e-08 -1.88228e-08 -6.11323e-08 4.90387e-07 1.95638e-07 -1.21014e-06 -2.60736e-06 4.81069e-06 1.58812e-05 -9.68279e-06 -8.50749e-05 -2.05992e-05 0.000395265 0.000417379 -0.00157887 -0.00328075 0.00504386 0.020008 -0.00752075 -0.101823 -0.0241167 0.5 1.02412 1.10182 1.00752 0.979992 0.994956 1.00328 1.00158 0.999583 0.999605 1.00002 1.00009 1.00001 0.999984 0.999995 1 1 1 1 1 1 1 
1.88228e-08 -4.33497e-08 1.17824e-07 2.60046e-07 4.51719e-07 -1.46489e-06 -2.3688e-06 4.5971e-06 1.6066e-05 -9.838e-06 -8.49479e-05 -2.07008e-05 0.000395344 0.000417318 -0.00157883 -0.00328078 0.00504389 0.020008 -0.00752074 -0.101823 -0.0241167 0.5 1.02412 1.10182 1.00752 0.979992 0.994956 1.00328 1.00158 0.999583 0.999605 1.00002 1.00008 1.00001 0.999984 0.999995 1 1 1 1 1 1 1 
4.33497e-08 -2.08031e-08 -4.66834e-08 4.71789e-07 2.16314e-07 -1.23071e-06 -2.5881e-06 4.79344e-06 1.58961e-05 -9.69533e-06 -8.50647e-05 -2.06074e-05 0.000395271 0.000417374 -0.00157887 -0.00328075 0.00504387 0.020008 -0.00752075 -0.101823 -0.0241167 0.5 1.02412 1.10182 1.00752 0.979992 0.994956 1.00328 1.00158 0.999583 0.999605 1.00002 1.00009 1.00001 0.999984 0.999995 1 1 1 1 1 1 1 
2.08031e-08 -4.15292e-08 1.04541e-07 2.77142e-07 4.32712e-07 -1.44598e-06 -2.3865e-06 4.61295e-06 1.60522e-05 -9.82648e-06 -8.49573e-05 -2.06932e-05 0.000395338 0.000417323 -0.00157883 -0.00328078 0.00504389 0.020008 -0.00752074 -0.101823 -0.0241167 0.5 1.02412 1.10182 1.00752 0.979992 0.994956 1.00328 1.00158 0.999583 0.999605 1.00002 1.00008 1.00001 0.999984 0.999995 1 1 1 1 1 1 1 
4.15292e-08 -2.24766e-08 -3.44734e-08 4.56073e-07 2.33786e-07 -1.24809e-06 -2.57182e-06 4.77887e-06 1.59087e-05 -9.70591e-06 -8.5056e-05 -2.06144e-05 0.000395277 0.00041737 -0.00157887 -0.00328076 0.00504387 0.020008 -0.00752075 -0.101823 -0.0241167 0.5 1.02412 1.10182 1.00752 0.979992 0.994956 1.00328 1.00158 0.999583 0.999605 1.00002 1.00009 1.00001 0.999984 0.999995 1 1 1 1 1 1 1 
2.24766e-08 -3.99909e-08 9.3317e-08 2.91589e-07 4.16651e-07 -1.43e-06 -2.40147e-06 4.62635e-06 1.60407e-05 -9.81674e-06 -8.49653e-05 -2.06869e-05 0.000395333 0.000417327 -0.00157884 -0.00328078 0.00504388 0.020008 -0.00752074 -0.101823 -0.0241167 0.5 1.02412 1.10182 1.00752 0.979992 0.994956 1.00328 1.00158 0.999583 0.999605 1.00002 1.00008 1.00001 0.999984 0.999995 1 1 1 1 1 1 1 
3.99909e-08 -2.38907e-08 -2.41554e-08 4.42792e-07 2.48551e-07 -1.26278e-06 -2.55806e-06 4.76655e-06 1.59194e-05 -9.71486e-06 -8.50487e-05 -2.06202e-05 0.000395281 0.000417366 -0.00157886 -0.00328076 0.00504387 0.020008 -0.00752075 -0.101823 -0.0241167 0.5 1.02412 1.10182 1.00752 0.979992 0.994956 1.00328 1.00158 0.999583 0.999605 1.00002 1.00009 1.00001 0.999984 0.999995 1 1 1 1 1 1 1 
2.38907e-08 -3.86909e-08 8.3832e-08 3.03797e-07 4.03078e-07 -1.4165e-06 -2.41411e-06 4.63767e-06 1.60309e-05 -9.80852e-06 -8.4972e-05 -2.06815e-05 0.000395329 0.00041733 -0.00157884 -0.00328078 0.00504388 0.020008 -0.00752074 -0.101823 -0.0241167 0.5 1.02412 1.10182 1.00752 0.979992 0.994956 1.00328 1.00158 0.999583 0.999605 1.00002 1.00008 1.00001 0.999984 0.999995 1 1 1 1 1 1 1 
3.86909e-08 -2.50857e-08 -1.54362e-08 4.31569e-07 2.61028e-07 -1.27519e-06 -2.54644e-06 4.75615e-06 1.59284e-05 -9.72243e-06 -8.50425e-05 -2.06252e-05 0.000395285 0.000417363 -0.00157886 -0.00328076 0.00504387 0.020008 -0.00752074 -0.101823 -0.0241167 0.5 1.02412 1.10182 1.00752 0.979992 0.994956 1.00328 1.00158 0.999583 0.999605 1.00002 1.00009 1.00001 0.999984 0.999995 1 1 1 1 1 1 1 
2.50857e-08 -3.75924e-08 7.58169e-08 3.14114e-07 3.91608e-07 -1.40509e-06 -2.4248e-06 4.64723e-06 1.60226e-05 -9.80156e-06 -8.49777e-05 -2.06769e-05 0.000395326 0.000417333 -0.00157884 -0.00328078 0.00504388 0.020008 -0.00752074 -0.101823 -0.0241167 0.5 1.02412 1.10182 1.00752 0.979992 0.994956 1.00328 1.00158 0.999583 0.999605 1.00002 1.00008 1.00001 0.999984 0.999995 1 1 1 1 1 1 1 
3.75924e-08 -2.60956e-08 -8.0682e-09 4.22086e-07 2.71572e-07 -1.28568e-06 -2.53662e-06 4.74735e-06 1.5936e-05 -9.72882e-06 -8.50373e-05 -2.06293e-05 0.000395288 0.000417361 -0.00157886 -0.00328076 0.00504387 0.020008 -0.00752074 -0.101823 -0.0241167 0.5 1.02412 1.10182 1.00752 0.979992 0.994956 1.00328 1.00158 0.999583 0.999605 1.00002 1.00009 1.00001 0.999984 0.999995 1 1 1 1 1 1 1 
2.60956e-08 -3.66641e-08 6.90437e-08 3.22832e-07 3.81916e-07 -1.39545e-06 -2.43382e-06 4.65532e-06 1.60156e-05 -9.79569e-06 -8.49825e-05 -2.06731e-05 0.000395323 0.000417335 -0.00157884 -0.00328078 0.00504388 0.020008 -0.00752074 -0.101823 -0.0241167 0.5 1.02412 1.10182 1.00752 0.979992 0.994956 1.00328 1.00158 0.999583 0.999605 1.00002 1.00008 1.00001 0.999984 0.999995 1 1 1 1 1 1 1 
3.66641e-08 -2.69489e-08 -1.84191e-09 4.14072e-07 2.80481e-07 -1.29454e-06 -2.52832e-06 4.73992e-06 1.59424e-05 -9.73422e-06 -8.50328e-05 -2.06329e-05 0.000395291 0.000417359 -0.00157886 -0.00328076 0.00504387 0.020008 -0.00752074 -0.101823 -0.0241167 0.5 1.02412 1.10182 1.00752 0.979992 0.994956 1.00328 1.00158 0.999583 0.999605 1.00002 1.00009 1.00001 0.999984 0.999995 1 1 1 1 1 1 1 
2.69489e-08 -3.58797e-08 6.33201e-08 3.30199e-07 3.73726e-07 -1.3873e-06 -2.44145e-06 4.66215e-06 1.60097e-05 -9.79073e-06 -8.49866e-05 -2.06699e-05 0.00039532 0.000417337 -0.00157884 -0.00328077 0.00504388 0.020008 -0.00752074 -0.101823 -0.0241167 0.5 1.02412 1.10182 1.00752 0.979992 0.994956 1.00328 1.00158 0.999583 0.999605 1.00002 1.00008 1.00001 0.999984 0.999995 1 1 1 1 1 1 1 
3.58797e-08 -2.767e-08 3.41953e-09 4.07299e-07 2.8801e-07 -1.30203e-06 -2.52131e-06 4.73364e-06 1.59479e-05 -9.73878e-06 -8.50291e-05 -2.06359e-05 0.000395294 0.000417357 -0.00157886 -0.00328076 0.00504387 0.020008 -0.00752074 -0.101823 -0.0241167 0.5 1.02412 1.10182 1.00752 0.979992 0.994956 1.00328 1.00158 0.999583 0.999605 1.00002 1.00009 1.00001 0.999984 0.999995 1 1 1 1 1 1 1 
2.767e-08 -3.52168e-08 5.84835e-08 3.36425e-07 3.66805e-07 -1.38041e-06 -2.4479e-06 4.66792e-06 1.60047e-05 -9.78653e-06 -8.499e-05 -2.06671e-05 0.000395318 0.000417338 -0.00157884 -0.00328077 0.00504388 0.020008 -0.00752074 -0.101823 -0.0241167 0.5 1.02412 1.10182 1.00752 0.979992 0.994956 1.00328 1.00158 0.999583 0.999605 1.00002 1.00008 1.00001 0.999984 0.999995 1 1 1 1 1 1 1 
3.52168e-08 -2.82794e-08 7.86563e-09 4.01577e-07 2.94373e-07 -1.30836e-06 -2.51538e-06 4.72833e-06 1.59525e-05 -9.74263e-06 -8.5026e-05 -2.06384e-05 0.000395295 0.000417356 -0.00157886 -0.00328076 0.00504387 0.020008 -0.00752074 -0.101823 -0.0241167 0.5 1.02412 1.10182 1.00752 0.979992 0.994956 1.00328 1.00158 0.999583 0.999605 1.00002 1.00009 1.00001 0.999984 0.999995 1 1 1 1 1 1 1 
2.82794e-08 -3.46566e-08 5.43964e-08 3.41685e-07 3.60956e-07 -1.3746e-06 -2.45335e-06 4.6728e-06 1.60005e-05 -9.78299e-06 -8.49929e-05 -2.06648e-05 0.000395316 0.00041734 -0.00157884 -0.00328077 0.00504388 0.020008 -0.00752074 -0.101823 -0.0241167 0.5 1.02412 1.10182 1.00752 0.979992 0.994956 1.00328 1.00158 0.999583 0.999605 1.00002 1.00008 1.00001 0.999984 0.999995 1 1 1 1 1 1 1 
3.46566e-08 -2.87943e-08 1.16227e-08 3.96741e-07 2.99749e-07 -1.31371e-06 -2.51037e-06 4.72385e-06 1.59563e-05 -9.74589e-06 -8.50233e-05 -2.06405e-05 0.000395297 0.000417354 -0.00157886 -0.00328077 0.00504387 0.020008 -0.00752074 -0.101823 -0.0241167 0.5 1.02412 1.10182 1.00752 0.979992 0.994956 1.00328 1.00158 0.999583 0.999605 1.00002 1.00009 1.00001 0.999984 0.999995 1 1 1 1 1 1 1 
2.87943e-08 -3.41833e-08 5.09427e-08 3.46131e-07 3.56014e-07 -1.36968e-06 -2.45795e-06 4.67692e-06 1.59969e-05 -9.77999e-06 -8.49954e-05 -2.06628e-05 0.000395315 0.000417341 -0.00157885 -0.00328077 0.00504388 0.020008 -0.00752074 -0.101823 -0.0241167 0.5 1.02412 1.10182 1.00752 0.979992 0.994956 1.00328 1.00158 0.999583 0.999605 1.00002 1.00008 1.00001 0.999984 0.999995 1 1 1 1 1 1 1 
3.41833e-08 -2.92294e-08 1.47976e-08 3.92654e-07 3.04292e-07 -1.31823e-06 -2.50614e-06 4.72006e-06 1.59596e-05 -9.74865e-06 -8.5021e-05 -2.06423e-05 0.000395299 0.000417353 -0.00157885 -0.00328077 0.00504387 0.020008 -0.00752074 -0.101823 -0.0241167 0.5 1.02412 1.10182 1.00752 0.979992 0.994956 1.00328 1.00158 0.999583 0.999605 1.00002 1.00009 1.00001 0.999984 0.999995 1 1 1 1 1 1 1 
2.92294e-08 -3.37833e-08 4.80241e-08 3.49887e-07 3.51838e-07 -1.36553e-06 -2.46184e-06 4.68041e-06 1.59939e-05 -9.77746e-06 -8.49974e-05 -2.06612e-05 0.000395313 0.000417342 -0.00157885 -0.00328077 0.00504388 0.020008 -0.00752074 -0.101823 -0.0241167 0.5 1.02412 1.10182 1.00752 0.979992 0.994956 1.00328 1.00158 0.999583 0.999605 1.00002 1.00008 1.00001 0.999984 0.999995 1 1 1 1 1 1 1 
3.37833e-08 -2.95971e-08 1.74805e-08 3.89201e-07 3.08131e-07 -1.32205e-06 -2.50256e-06 4.71686e-06 1.59624e-05 -9.75097e-06 -8.50191e-05 -2.06438e-05 0.0003953 0.000417352 -0.00157885 -0.00328077 0.00504387 0.020008 -0.00752074 -0.101823 -0.0241167 0.5 1.02412 1.10182 1.00752 0.979992 0.994956 1.00328 1.00158 0.999583 0.999605 1.00002 1.00009 1.00001 0.999984 0.999995 1 1 1 1 1 1 1 
2.95971e-08 -3.34453e-08 4.55579e-08 3.53062e-07 3.48309e-07 -1.36202e-06 -2.46513e-06 4.68335e-06 1.59914e-05 -9.77532e-06 -8.49992e-05 -2.06598e-05 0.000395312 0.000417343 -0.00157885 -0.00328077 0.00504388 0.020008 -0.00752074 -0.101823 -0.0241167 0.5 1.02412 1.10182 1.00752 0.979992 0.994956 1.00328 1.00158 0.999583 0.999605 1.00002 1.00008 1.00001 0.999984 0.999995 1 1 1 1 1 1 1 
3.34453e-08 -2.99078e-08 1.97476e-08 3.86283e-07 3.11375e-07 -1.32527e-06 -2.49954e-06 4.71415e-06 1.59647e-05 -9.75294e-06 -8.50175e-05 -2.06451e-05 0.000395301 0.000417352 -0.00157885 -0.00328077 0.00504387 0.020008 -0.00752074 -0.101823 -0.0241167 0.5 1.02412 1.10182 1.00752 0.979992 0.994956 1.00328 1.00158 0.999583 0.999605 1.00002 1.00009 1.00001 0.999984 0.999995 1 1 1 1 1 1 1 
2.99078e-08 -3.31596e-08 4.34738e-08 3.55744e-07 3.45327e-07 -1.35905e-06 -2.46791e-06 4.68584e-06 1.59892e-05 -9.77351e-06 -8.50007e-05 -2.06586e-05 0.000395311 0.000417344 -0.00157885 -0.00328077 0.00504388 0.020008 -0.00752074 -0.101823 -0.0241167 0.5 1.02412 1.10182 1.00752 0.979992 0.994956 1.00328 1.00158 0.999583 0.999605 1.00002 1.00009 1.00001 0.999984 0.999995 1 1 1 1 1 1 1 
3.31596e-08 -3.01704e-08 2.16634e-08 3.83817e-07 3.14117e-07 -1.328e-06 -2.49698e-06 4.71187e-06 1.59667e-05 -9.7546e-06 -8.50162e-05 -2.06462e-05 0.000395302 0.000417351 -0.00157885 -0.00328077 0.00504387 0.020008 -0.00752074 -0.101823 -0.0241167 0.5 1.02412 1.10182 1.00752 0.979992 0.994956 1.00328 1.00158 0.999583 0.999605 1.00002 1.00009 1.00001 0.999984 0.999995 1 1 1 1 1 1 1 
