1 1 0.975 0.95 0.925 0.9 0.875 0.85 0.825 0.8 0.775 0.75 0.725 0.7 0.675 0.65 0.625 0.6 0.575 0.55 0.525 0.5 0.475 0.45 0.425 0.4 0.375 0.35 0.325 0.3 0.275 0.25 0.225 0.2 0.175 0.15 0.125 0.1 0.075 0.05 0.025 0 0 
1 1 0.997219 0.971656 0.946094 0.920531 0.894969 0.869406 0.843844 0.818281 0.792719 0.767156 0.741594 0.716031 0.690469 0.664906 0.639344 0.613781 0.588219 0.562656 0.537094 0.511531 0.485969 0.460406 0.434844 0.409281 0.383719 0.358156 0.332594 0.307031 0.281469 0.255906 0.230344 0.204781 0.179219 0.153656 0.128094 0.102531 0.0769687 0.0514062 0.0258437 0.00028125 0 
1 1 0.999718 0.994304 0.968154 0.942003 0.915853 0.889702 0.863551 0.837401 0.81125 0.7851 0.758949 0.732798 0.706648 0.680497 0.654347 0.628196 0.602046 0.575895 0.549744 0.523594 0.497443 0.471293 0.445142 0.418991 0.392841 0.36669 0.34054 0.314389 0.288238 0.262088 0.235937 0.209787 0.183636 0.157485 0.131335 0.105184 0.0790336 0.052883 0.0267324 0.000581769 -0.00028125 
1 1 0.999972 0.999162 0.991248 0.964482 0.937715 0.910949 0.884183 0.857417 0.830651 0.803885 0.777119 0.750353 0.723587 0.696821 0.670055 0.643289 0.616523 0.589757 0.562991 0.536225 0.509458 0.482692 0.455926 0.42916 0.402394 0.375628 0.348862 0.322096 0.29533 0.268564 0.241798 0.215032 0.188266 0.1615 0.134734 0.107967 0.0812014 0.0544353 0.0276693 0.000903196 -0.000581769 
1 1 0.999997 0.999891 0.998337 0.988038 0.960627 0.933216 0.905805 0.878394 0.850984 0.823573 0.796162 0.768751 0.74134 0.713929 0.686518 0.659108 0.631697 0.604286 0.576875 0.549464 0.522053 0.494643 0.467232 0.439821 0.41241 0.384999 0.357588 0.330177 0.302767 0.275356 0.247945 0.220534 0.193123 0.165712 0.138302 0.110891 0.0834799 0.056069 0.0286582 0.00124734 -0.000903196 
1 1 1 0.999987 0.999734 0.997244 0.984663 0.956576 0.928489 0.900402 0.872315 0.844228 0.816141 0.788054 0.759967 0.73188 0.703793 0.675706 0.647619 0.619532 0.591445 0.563358 0.53527 0.507183 0.479096 0.451009 0.422922 0.394835 0.366748 0.338661 0.310574 0.282487 0.2544 0.226313 0.198226 0.170139 0.142052 0.113964 0.0858774 0.0577904 0.0297033 0.00161622 -0.00124734 
1 1 1 0.999998 0.999961 0.999482 0.995883 0.981112 0.952315 0.923518 0.894721 0.865924 0.837127 0.80833 0.779533 0.750736 0.721939 0.693142 0.664344 0.635547 0.60675 0.577953 0.549156 0.520359 0.491562 0.462765 0.433968 0.405171 0.376374 0.347577 0.31878 0.289983 0.261186 0.232389 0.203591 0.174794 0.145997 0.1172 0.0884033 0.0596062 0.0308091 0.00201208 -0.00161622 
1 1 1 1 0.999995 0.999913 0.999114 0.994253 0.97737 0.947826 0.918283 0.888739 0.859196 0.829653 0.800109 0.770566 0.741022 0.711479 0.681936 0.652392 0.622849 0.593305 0.563762 0.534219 0.504675 0.475132 0.445588 0.416045 0.386502 0.356958 0.327415 0.297871 0.268328 0.238785 0.209241 0.179698 0.150154 0.120611 0.0910676 0.0615242 0.0319808 0.0024374 -0.00201208 
1 1 1 1 0.999999 0.999987 0.999833 0.998614 0.992349 0.973421 0.943092 0.912763 0.882434 0.852105 0.821776 0.791447 0.761118 0.730789 0.70046 0.670132 0.639803 0.609474 0.579145 0.548816 0.518487 0.488158 0.457829 0.4275 0.397171 0.366842 0.336513 0.306184 0.275855 0.245526 0.215198 0.184869 0.15454 0.124211 0.0938818 0.0635528 0.0332239 0.00289497 -0.0024374 
1 1 1 1 1 0.999998 0.999971 0.99971 0.997962 0.990165 0.969249 0.938092 0.906935 0.875778 0.844621 0.813465 0.782308 0.751151 0.719994 0.688837 0.657681 0.626524 0.595367 0.56421 0.533053 0.501897 0.47074 0.439583 0.408426 0.377269 0.346113 0.314956 0.283799 0.252642 0.221485 0.190329 0.159172 0.128015 0.0968583 0.0657015 0.0345447 0.00338792 -0.00289497 
1 1 1 1 1 1 0.999995 0.999945 0.999533 0.99714 0.987691 0.964834 0.932803 0.900773 0.868742 0.836712 0.804681 0.772651 0.74062 0.70859 0.67656 0.644529 0.612499 0.580468 0.548438 0.516407 0.484377 0.452346 0.420316 0.388285 0.356255 0.324224 0.292194 0.260163 0.228133 0.196103 0.164072 0.132042 0.100011 0.0679807 0.0359502 0.00391976 -0.00338792 
1 1 1 1 1 1 0.999999 0.99999 0.999904 0.999291 0.996131 0.984917 0.960155 0.927201 0.894248 0.861294 0.82834 0.795386 0.762432 0.729478 0.696525 0.663571 0.630617 0.597663 0.564709 0.531756 0.498802 0.465848 0.432894 0.39994 0.366986 0.334033 0.301079 0.268125 0.235171 0.202217 0.169264 0.13631 0.103356 0.0704021 0.0374483 0.00449443 -0.00391976 
1 1 1 1 1 1 1 0.999998 0.999982 0.999842 0.998968 0.994914 0.981829 0.955189 0.921258 0.887327 0.853396 0.819465 0.785534 0.751602 0.717671 0.68374 0.649809 0.615878 0.581946 0.548015 0.514084 0.480153 0.446222 0.412291 0.378359 0.344428 0.310497 0.276566 0.242635 0.208703 0.174772 0.140841 0.10691 0.0729788 0.0390476 0.00511641 -0.00449443 
1 1 1 1 1 1 1 1 0.999997 0.999968 0.999754 0.998552 0.993468 0.97841 0.94991 0.914942 0.879975 0.845008 0.81004 0.775073 0.740106 0.705138 0.670171 0.635203 0.600236 0.565269 0.530301 0.495334 0.460367 0.425399 0.390432 0.355464 0.320497 0.28553 0.250562 0.215595 0.180628 0.14566 0.110693 0.0757255 0.0407581 0.00579075 -0.00511641 
1 1 1 1 1 1 1 1 0.999999 0.999994 0.999946 0.999633 0.998025 0.991772 0.974641 0.944286 0.908219 0.872151 0.836083 0.800015 0.763947 0.72788 0.691812 0.655744 0.619676 0.583608 0.54754 0.511473 0.475405 0.439337 0.403269 0.367201 0.331134 0.295066 0.258998 0.22293 0.186862 0.150794 0.114727 0.0786588 0.042591 0.00652321 -0.00579075 
1 1 1 1 1 1 1 1 1 0.999999 0.999989 0.999915 0.999471 0.997371 0.9898 0.970498 0.938286 0.901047 0.863809 0.82657 0.789331 0.752093 0.714854 0.677615 0.640377 0.603138 0.5659 0.528661 0.491422 0.454184 0.416945 0.379707 0.342468 0.305229 0.267991 0.230752 0.193513 0.156275 0.119036 0.0817976 0.044559 0.00732036 -0.00652321 
1 1 1 1 1 1 1 1 1 1 0.999998 0.999982 0.99987 0.999258 0.99657 0.987525 0.965954 0.93187 0.893383 0.854896 0.81641 0.777923 0.739436 0.70095 0.662463 0.623976 0.58549 0.547003 0.508516 0.47003 0.431543 0.393056 0.35457 0.316083 0.277596 0.23911 0.200623 0.162136 0.12365 0.085163 0.0466764 0.00818972 -0.00732036 
1 1 1 1 1 1 1 1 1 1 1 0.999996 0.999971 0.999809 0.998984 0.995601 0.984916 0.960979 0.924994 0.885175 0.845355 0.805535 0.765715 0.725896 0.686076 0.646256 0.606436 0.566617 0.526797 0.486977 0.447157 0.407338 0.367518 0.327698 0.287878 0.248059 0.208239 0.168419 0.128599 0.0887795 0.0489597 0.00913995 -0.00818972 
1 1 1 1 1 1 1 1 1 1 1 0.999999 0.999994 0.999954 0.999726 0.998637 0.994439 0.98194 0.955534 0.917611 0.876364 0.835117 0.79387 0.752624 0.711377 0.67013 0.628883 0.587636 0.54639 0.505143 0.463896 0.422649 0.381402 0.340156 0.298909 0.257662 0.216415 0.175168 0.133921 0.0926747 0.0514278 0.010181 -0.00913995 
1 1 1 1 1 1 1 1 1 1 1 1 0.999999 0.99999 0.999931 0.999616 0.998204 0.993056 0.978556 0.949577 0.909662 0.866884 0.824106 0.781328 0.73855 0.695772 0.652994 0.610216 0.567438 0.52466 0.481882 0.439104 0.396326 0.353548 0.31077 0.267992 0.225214 0.182436 0.139659 0.0968805 0.0541025 0.0113246 -0.010181 
1 1 1 1 1 1 1 1 1 1 1 1 1 0.999998 0.999984 0.9999 0.999474 0.997669 0.991421 0.974721 0.943057 0.901083 0.856658 0.812233 0.767808 0.723383 0.678958 0.634533 0.590108 0.545683 0.501258 0.456833 0.412409 0.367984 0.323559 0.279134 0.234709 0.190284 0.145859 0.101434 0.057009 0.012584 -0.0113246 
1 1 1 1 1 1 1 1 1 1 1 1 1 1 0.999996 0.999976 0.999857 0.999291 0.997014 0.989496 0.970383 0.935916 0.891797 0.845596 0.799395 0.753194 0.706993 0.660792 0.61459 0.568389 0.522188 0.475987 0.429786 0.383585 0.337383 0.291182 0.244981 0.19878 0.152579 0.106378 0.0601764 0.0139753 -0.012584 
1 1 1 1 1 1 1 1 1 1 1 1 1 1 0.999999 0.999994 0.999964 0.9998 0.999059 0.996216 0.98724 0.965483 0.928083 0.881717 0.833595 0.785473 0.737351 0.689228 0.641106 0.592984 0.544862 0.496739 0.448617 0.400495 0.352373 0.30425 0.256128 0.208006 0.159884 0.111761 0.0636392 0.0155169 -0.0139753 
1 1 1 1 1 1 1 1 1 1 1 1 1 1 1 0.999999 0.999991 0.999947 0.999726 0.998769 0.995252 0.984601 0.959952 0.919478 0.87074 0.820534 0.770327 0.720121 0.669915 0.619708 0.569502 0.519295 0.469089 0.418882 0.368676 0.31847 0.268263 0.218057 0.16785 0.117644 0.0674375 0.0172311 -0.0155169 
1 1 1 1 1 1 1 1 1 1 1 1 1 1 1 1 0.999998 0.999987 0.999925 0.99963 0.998408 0.99409 0.981521 0.953708 0.910004 0.858745 0.80627 0.753795 0.70132 0.648845 0.596369 0.543894 0.491419 0.438944 0.386469 0.333994 0.281519 0.229044 0.176569 0.124094 0.071619 0.019144 -0.0172311 
1 1 1 1 1 1 1 1 1 1 1 1 1 1 1 1 1 0.999997 0.999981 0.999896 0.999506 0.997962 0.992695 0.977929 0.946658 0.899544 0.845587 0.790634 0.73568 0.680727 0.625774 0.57082 0.515867 0.460914 0.40596 0.351007 0.296054 0.2411 0.186147 0.131194 0.0762405 0.0212872 -0.019144 
1 1 1 1 1 1 1 1 1 1 1 1 1 1 1 1 1 0.999999 0.999995 0.999972 0.999856 0.99935 0.997413 0.991024 0.973741 0.938685 0.88796 0.831096 0.773424 0.715753 0.658082 0.600411 0.54274 0.485069 0.427397 0.369726 0.312055 0.254384 0.196713 0.139041 0.0813702 0.023699 -0.0212872 
1 1 1 1 1 1 1 1 1 1 1 1 1 1 1 1 1 1 0.999999 0.999993 0.999961 0.999806 0.999153 0.996741 0.989021 0.968854 0.929656 0.875084 0.815065 0.7544 0.693736 0.633071 0.572407 0.511742 0.451078 0.390413 0.329749 0.269084 0.208419 0.147755 0.0870903 0.0264258 -0.023699 
1 1 1 1 1 1 1 1 1 1 1 1 1 1 1 1 1 1 1 0.999998 0.99999 0.999945 0.99974 0.998908 0.995919 0.986622 0.963144 0.919404 0.860714 0.797245 0.733269 0.669292 0.605315 0.541338 0.477362 0.413385 0.349408 0.285432 0.221455 0.157478 0.0935014 0.0295246 -0.0264258 
1 1 1 1 1 1 1 1 1 1 1 1 1 1 1 1 1 1 1 1 0.999997 0.999985 0.999925 0.999656 0.998602 0.994917 0.983744 0.956458 0.907727 0.844598 0.777331 0.709671 0.642011 0.57435 0.50669 0.439029 0.371369 0.303708 0.236048 0.168387 0.100727 0.0330665 -0.0295246 
1 1 1 1 1 1 1 1 1 1 1 1 1 1 1 1 1 1 1 1 0.999999 0.999996 0.999979 0.999898 0.99955 0.998223 0.993692 0.980281 0.948607 0.894378 0.826427 0.754946 0.683165 0.611385 0.539604 0.467824 0.396043 0.324263 0.252482 0.180701 0.108921 0.0371401 -0.0330665 
1 1 1 1 1 1 1 1 1 1 1 1 1 1 1 1 1 1 1 1 1 0.999999 0.999995 0.999971 0.999863 0.999416 0.997753 0.992194 0.9761 0.939352 0.879046 0.805813 0.729618 0.6532 0.576783 0.500365 0.423947 0.347529 0.271111 0.194694 0.118276 0.0418581 -0.0371401 
1 1 1 1 1 1 1 1 1 1 1 1 1 1 1 1 1 1 1 1 1 1 0.999999 0.999992 0.99996 0.999818 0.999248 0.997172 0.990355 0.971027 0.928393 0.861337 0.782265 0.700753 0.619079 0.537406 0.455732 0.374059 0.292385 0.210712 0.129038 0.0473648 -0.0418581 
1 1 1 1 1 1 1 1 1 1 1 1 1 1 1 1 1 1 1 1 1 1 1 0.999998 0.999989 0.999946 0.999761 0.999037 0.996452 0.988086 0.964834 0.915343 0.840748 0.75515 0.667587 0.57991 0.492233 0.404556 0.316879 0.229202 0.141525 0.0538481 -0.0473648 
1 1 1 1 1 1 1 1 1 1 1 1 1 1 1 1 1 1 1 1 1 1 1 0.999999 0.999997 0.999985 0.999927 0.999688 0.998773 0.995557 0.985268 0.957216 0.899696 0.816623 0.723648 0.62913 0.534534 0.439939 0.345343 0.250748 0.156152 0.0615565 -0.0538481 
1 1 1 1 1 1 1 1 1 1 1 1 1 1 1 1 1 1 1 1 1 1 1 1 0.999999 0.999996 0.999979 0.999903 0.999596 0.998443 0.99444 0.981737 0.947761 0.880784 0.788091 0.686668 0.584069 0.48142 0.378771 0.276122 0.173473 0.0708239 -0.0615565 
1 1 1 1 1 1 1 1 1 1 1 1 1 1 1 1 1 1 1 1 1 1 1 1 1 0.999999 0.999994 0.999971 0.999873 0.99948 0.99803 0.993033 0.977261 0.935895 0.857703 0.753976 0.642738 0.530637 0.418505 0.306373 0.194241 0.0821085 -0.0708239 
1 1 1 1 1 1 1 1 1 1 1 1 1 1 1 1 1 1 1 1 1 1 1 1 1 1 0.999998 0.999992 0.999962 0.999833 0.999333 0.99751 0.991245 0.971508 0.920814 0.829205 0.712654 0.589829 0.466398 0.34295 0.219501 0.0960529 -0.0821085 
1 1 1 1 1 1 1 1 1 1 1 1 1 1 1 1 1 1 1 1 1 1 1 1 1 1 1 0.999998 0.999989 0.999949 0.999783 0.999148 0.996852 0.988941 0.963982 0.901347 0.793521 0.661819 0.525065 0.387911 0.250747 0.113583 -0.0960529 
1 1 1 1 1 1 1 1 1 1 1 1 1 1 1 1 1 1 1 1 1 1 1 1 1 1 1 0.999999 0.999997 0.999985 0.999932 0.999719 0.998914 0.99601 0.985916 0.953923 0.875759 0.748071 0.598105 0.444259 0.290167 0.13607 -0.113583 
1 1 1 1 1 1 1 1 1 1 1 1 1 1 1 1 1 1 1 1 1 1 1 1 1 1 1 1 0.999999 0.999996 0.99998 0.999911 0.999638 0.998617 0.994919 0.981851 0.940116 0.841376 0.688951 0.516422 0.341093 0.165627 -0.13607 
1 1 1 1 1 1 1 1 1 1 1 1 1 1 1 1 1 1 1 1 1 1 1 1 1 1 1 1 1 0.999999 0.999994 0.999973 0.999883 0.999535 0.998237 0.993475 0.976212 0.920533 0.793918 0.610005 0.40875 0.205638 -0.165627 
1 1 1 1 1 1 1 1 1 1 1 1 1 1 1 1 1 1 1 1 1 1 1 1 1 1 1 1 1 1 0.999998 0.999992 0.999964 0.999849 0.999404 0.997743 0.991514 0.968057 0.891602 0.726195 0.501013 0.261793 -0.205638 
1 1 1 1 1 1 1 1 1 1 1 1 1 1 1 1 1 1 1 1 1 1 1 1 1 1 1 1 1 1 1 0.999998 0.999989 0.999952 0.999804 0.999236 0.99709 0.988741 0.955583 0.846612 0.625368 0.343908 -0.261793 
1 1 1 1 1 1 1 1 1 1 1 1 1 1 1 1 1 1 1 1 1 1 1 1 1 1 1 1 1 1 1 0.999999 0.999997 0.999985 0.999937 0.999747 0.999018 0.996202 0.984594 0.934986 0.771918 0.466674 -0.343908 
1 1 1 1 1 1 1 1 1 1 1 1 1 1 1 1 1 1 1 1 1 1 1 1 1 1 1 1 1 1 1 1 0.999999 0.999996 0.999981 0.999918 0.999674 0.99873 0.994941 0.977838 0.897172 0.636807 -0.466674 
1 1 1 1 1 1 1 1 1 1 1 1 1 1 1 1 1 1 1 1 1 1 1 1 1 1 1 1 1 1 1 1 1 0.999999 0.999994 0.999974 0.999894 0.999579 0.99834 0.993021 0.965235 0.816534 -0.636807 
1 1 1 1 1 1 1 1 1 1 1 1 1 1 1 1 1 1 1 1 1 1 1 1 1 1 1 1 1 1 1 1 1 1 0.999998 0.999992 0.999966 0.999862 0.999454 0.997788 0.98972 0.935762 -0.816534 
1 1 1 1 1 1 1 1 1 1 1 1 1 1 1 1 1 1 1 1 1 1 1 1 1 1 1 1 1 1 1 1 1 1 1 0.999998 0.99999 0.999956 0.999821 0.999285 0.996936 0.982515 -0.935762 
1 1 1 1 1 1 1 1 1 1 1 1 1 1 1 1 1 1 1 1 1 1 1 1 1 1 1 1 1 1 1 1 1 1 1 0.999999 0.999997 0.999986 0.999942 0.999767 0.999046 0.99536 -0.982515 
1 1 1 1 1 1 1 1 1 1 1 1 1 1 1 1 1 1 1 1 1 1 1 1 1 1 1 1 1 1 1 1 1 1 1 1 0.999999 0.999996 0.999982 0.999925 0.999695 0.998668 -0.99536 
1 1 1 1 1 1 1 1 1 1 1 1 1 1 1 1 1 1 1 1 1 1 1 1 1 1 1 1 1 1 1 1 1 1 1 1 1 0.999999 0.999994 0.999976 0.999902 0.999591 -0.998668 
1 1 1 1 1 1 1 1 1 1 1 1 1 1 1 1 1 1 1 1 1 1 1 1 1 1 1 1 1 1 1 1 1 1 1 1 1 1 0.999998 0.999993 0.999969 0.999871 -0.999591 
1 1 1 1 1 1 1 1 1 1 1 1 1 1 1 1 1 1 1 1 1 1 1 1 1 1 1 1 1 1 1 1 1 1 1 1 1 1 1 0.999998 0.99999 0.999959 -0.999871 
1 1 1 1 1 1 1 1 1 1 1 1 1 1 1 1 1 1 1 1 1 1 1 1 1 1 1 1 1 1 1 1 1 1 1 1 1 1 1 0.999999 0.999997 0.999987 -0.999959 
1 1 1 1 1 1 1 1 1 1 1 1 1 1 1 1 1 1 1 1 1 1 1 1 1 1 1 1 1 1 1 1 1 1 1 1 1 1 1 1 0.999999 0.999996 -0.999987 
1 1 1 1 1 1 1 1 1 1 1 1 1 1 1 1 1 1 1 1 1 1 1 1 1 1 1 1 1 1 1 1 1 1 1 1 1 1 1 1 1 0.999999 -0.999996 
1 1 1 1 1 1 1 1 1 1 1 1 1 1 1 1 1 1 1 1 1 1 1 1 1 1 1 1 1 1 1 1 1 1 1 1 1 1 1 1 1 1 -0.999999 
1 1 1 1 1 1 1 1 1 1 1 1 1 1 1 1 1 1 1 1 1 1 1 1 1 1 1 1 1 1 1 1 1 1 1 1 1 1 1 1 1 1 -1 
1 1 1 1 1 1 1 1 1 1 1 1 1 1 1 1 1 1 1 1 1 1 1 1 1 1 1 1 1 1 1 1 1 1 1 1 1 1 1 1 1 1 -1 
