0 0 0 0 0 0 0 0 0 0 0 0 0 0 0 0 0 0 0 0 0 0.5 1 1 1 1 1 1 1 1 1 1 1 1 1 1 1 1 1 1 1 1 1 
0 0 0 0 0 0 0 0 0 0 0 0 0 0 0 0 0 0 0 -0.0444444 0.111728 0.5 0.888272 1.04444 1 1 1 1 1 1 1 1 1 1 1 1 1 1 1 1 1 1 1 
0 0 0 0 0 0 0 0 0 0 0 0 0 0 0 0 0 0.00395062 -0.0252122 -0.0167553 0.131224 0.5 0.868776 1.01676 1.02521 0.996049 1 1 1 1 1 1 1 1 1 1 1 1 1 1 1 1 1 
0 0 0 0 0 0 0 0 0 0 0 0 0 0 0 -0.000351166 0.00360407 -0.00604555 -0.0225836 -0.0143382 0.15321 0.5 0.84679 1.01434 1.02258 1.00605 0.996396 1.00035 1 1 1 1 1 1 1 1 1 1 1 1 1 1 1 
0 0 0 0 0 0 0 0 0 0 0 0 0 3.12148e-05 -0.000441819 0.00168421 0.000766492 -0.00636456 -0.028084 -0.00389888 0.162614 0.5 0.837386 1.0039 1.02808 1.00636 0.999234 0.998316 1.00044 0.999969 1 1 1 1 1 1 1 1 1 1 1 1 1 
0 0 0 0 0 0 0 0 0 0 0 -2.77464e-06 5.0062e-05 -0.000293625 0.000404842 0.00108613 0.00137408 -0.01075 -0.026946 -9.81851e-05 0.171537 0.5 0.828463 1.0001 1.02695 1.01075 0.998626 0.998914 0.999595 1.00029 0.99995 1 1 1 1 1 1 1 1 1 1 1 1 
0 0 0 0 0 0 0 0 0 2.46635e-07 -5.40911e-06 4.26199e-05 -0.000124708 -1.46126e-05 0.000220135 0.00194903 -0.000390063 -0.0116137 -0.0283126 0.00504155 0.176755 0.5 0.823245 0.994958 1.02831 1.01161 1.00039 0.998051 0.99978 1.00001 1.00012 0.999957 1.00001 1 1 1 1 1 1 1 1 1 1 
0 0 0 0 0 0 0 -2.19231e-08 5.66066e-07 -5.58851e-06 2.44106e-05 -3.24567e-05 -3.8483e-05 -0.000164792 0.000767765 0.00155941 -0.000627405 -0.0136914 -0.0277595 0.00784339 0.181322 0.5 0.818678 0.992157 1.02776 1.01369 1.00063 0.998441 0.999232 1.00016 1.00004 1.00003 0.999976 1.00001 0.999999 1 1 1 1 1 1 1 1 
0 0 0 0 0 1.94872e-09 -5.78954e-08 6.86232e-07 -3.95248e-06 1.00252e-05 -3.69678e-06 4.50975e-06 -0.000153062 6.20674e-05 0.000731636 0.00182941 -0.00166952 -0.0144445 -0.0280655 0.0107158 0.184416 0.5 0.815584 0.989284 1.02807 1.01444 1.00167 0.998171 0.999268 0.999938 1.00015 0.999995 1 0.99999 1 0.999999 1 1 1 1 1 1 1 
0 0 0 -1.7322e-10 5.81989e-09 -8.04604e-08 5.73142e-07 -2.09222e-06 3.01989e-06 -8.34615e-07 1.92423e-05 -5.93135e-05 -8.45379e-05 3.15536e-05 0.0010241 0.00158754 -0.00205949 -0.0155466 -0.0277727 0.0125916 0.187018 0.5 0.812982 0.987408 1.02777 1.01555 1.00206 0.998412 0.998976 0.999968 1.00008 1.00006 0.999981 1 0.999997 1 0.999999 1 1 1 1 1 1 
0 0 -5.78912e-10 9.11466e-09 -7.71996e-08 3.64244e-07 -8.69828e-07 8.14464e-07 -2.20581e-06 1.32602e-05 -8.05539e-06 -3.92014e-05 -0.000134223 0.000181749 0.00104058 0.00162895 -0.00270406 -0.0161117 -0.0278057 0.0143006 0.18892 0.5 0.81108 0.985699 1.02781 1.01611 1.0027 0.998371 0.998959 0.999818 1.00013 1.00004 1.00001 0.999987 1 0.999999 1 1 1 1 1 1 1 
0 -6.40756e-19 9.96144e-09 -5.67613e-08 1.85954e-07 -3.08807e-07 4.15565e-07 -2.156e-06 5.10941e-06 3.32774e-06 2.77775e-06 -7.80895e-05 -8.69351e-05 0.000200941 0.00119324 0.00147171 -0.00305705 -0.0167579 -0.0276509 0.0155196 0.190485 0.5 0.809515 0.98448 1.02765 1.01676 1.00306 0.998528 0.998807 0.999799 1.00009 1.00008 0.999997 0.999997 0.999995 1 1 1 1 1 1 1 1 
6.40756e-19 -3.82936e-17 -3.42761e-08 8.05318e-08 -1.19708e-07 3.42438e-07 -1.24176e-06 1.07727e-06 1.26188e-06 1.14586e-05 -1.6986e-05 -6.87461e-05 -0.000100192 0.000297964 0.00122153 0.00143812 -0.00347553 -0.0171672 -0.0276325 0.0165646 0.191674 0.5 0.808326 0.983435 1.02763 1.01717 1.00348 0.998562 0.998778 0.999702 1.0001 1.00007 1.00002 0.999989 0.999999 0.999999 1 1 1 1 1 1 1 
3.82936e-17 -1.38939e-16 3.08956e-08 -6.58788e-08 2.36181e-07 -4.90343e-07 8.32832e-08 -9.07215e-07 6.40481e-06 4.07707e-06 -1.40004e-05 -8.94144e-05 -6.76253e-05 0.000331341 0.00130384 0.00133148 -0.00375346 -0.0175774 -0.0275598 0.0173421 0.192639 0.5 0.807361 0.982658 1.02756 1.01758 1.00375 0.998669 0.998696 0.999669 1.00007 1.00009 1.00001 0.999996 0.999994 1 1 1 1 1 1 1 1 
1.38939e-16 -2.03741e-16 -3.68651e-08 1.21779e-07 -1.43973e-07 9.04681e-08 -1.11129e-06 1.65207e-06 4.01252e-06 7.48209e-06 -2.70375e-05 -8.52536e-05 -6.45584e-05 0.000395637 0.00133054 0.00128168 -0.00403491 -0.0178728 -0.0275495 0.0179838 0.193386 0.5 0.806614 0.982016 1.02755 1.01787 1.00403 0.998718 0.998669 0.999604 1.00006 1.00009 1.00003 0.999993 0.999996 0.999998 1 1 1 1 1 1 1 
2.03741e-16 -3.06057e-16 4.70855e-08 -4.14356e-08 1.51258e-07 -5.81068e-07 -5.04609e-08 6.33191e-07 6.98457e-06 2.29553e-06 -2.77921e-05 -9.53319e-05 -4.13368e-05 0.000428928 0.00137779 0.0012079 -0.00424233 -0.0181488 -0.0275276 0.0184687 0.193985 0.5 0.806015 0.981531 1.02753 1.01815 1.00424 0.998792 0.998622 0.999571 1.00004 1.0001 1.00003 0.999998 0.999993 0.999999 1 1 1 1 1 1 1 
3.06057e-16 -2.57234e-16 -1.6668e-08 1.15424e-07 -1.7584e-07 -1.61532e-07 -7.10609e-07 2.38329e-06 5.55872e-06 2.97437e-06 -3.62332e-05 -9.33273e-05 -3.24331e-05 0.000473155 0.00139991 0.00116237 -0.00443576 -0.0183635 -0.0275365 0.0188569 0.194451 0.5 0.805549 0.981143 1.02754 1.01836 1.00444 0.998838 0.9986 0.999527 1.00003 1.00009 1.00004 0.999997 0.999994 0.999998 1 1 1 1 1 1 1 
2.57234e-16 -2.40315e-16 5.25953e-08 -2.18822e-08 1.56634e-08 -5.94572e-07 5.37635e-08 1.98335e-06 7.03282e-06 -6.96272e-07 -3.83395e-05 -9.78366e-05 -1.53093e-05 0.000501766 0.00142933 0.00111137 -0.00458664 -0.0185567 -0.0275459 0.0191492 0.194819 0.5 0.805181 0.980851 1.02755 1.01856 1.00459 0.998889 0.998571 0.999498 1.00002 1.0001 1.00004 1 0.999993 0.999998 1 1 1 1 1 1 1 
2.40315e-16 -1.11979e-16 3.68399e-09 7.80249e-08 -2.18571e-07 -3.17552e-07 -2.2095e-07 3.10066e-06 6.14483e-06 -1.31682e-06 -4.38927e-05 -9.66674e-05 -5.34965e-06 0.000533261 0.00144712 0.00107574 -0.00472104 -0.0187141 -0.0275709 0.0193756 0.195103 0.5 0.804897 0.980624 1.02757 1.01871 1.00472 0.998924 0.998553 0.999467 1.00001 1.0001 1.00004 1 0.999994 0.999997 1 1 1 1 1 1 1 
1.11979e-16 -4.25335e-17 4.80713e-08 -2.33541e-08 -1.13207e-07 -5.53312e-07 3.12e-07 3.01961e-06 6.73757e-06 -3.99472e-06 -4.6228e-05 -9.84358e-05 7.548e-06 0.000556434 0.00146712 0.00104108 -0.00482907 -0.0188531 -0.0275985 0.0195419 0.195323 0.5 0.804677 0.980458 1.0276 1.01885 1.00483 0.998959 0.998533 0.999444 0.999992 1.0001 1.00005 1 0.999993 0.999997 1 1 1 1 1 1 1 
4.25335e-17 4.85301e-17 1.35099e-08 2.71576e-08 -2.64293e-07 -3.7285e-07 2.61433e-07 3.71263e-06 6.1297e-06 -5.10613e-06 -4.99999e-05 -9.76129e-05 1.66387e-05 0.000579483 0.00148151 0.00101553 -0.0049227 -0.0189694 -0.0276337 0.0196646 0.195489 0.5 0.804511 0.980335 1.02763 1.01897 1.00492 0.998984 0.998518 0.999421 0.999983 1.0001 1.00005 1.00001 0.999994 0.999996 1 1 1 1 1 1 1 
-4.85301e-17 8.16781e-17 3.64512e-08 -4.38354e-08 -2.1381e-07 -4.77706e-07 6.35508e-07 3.76662e-06 6.25513e-06 -7.12338e-06 -5.21261e-05 -9.81259e-05 2.64422e-05 0.000597766 0.00149623 0.00099271 -0.00499905 -0.019071 -0.0276707 0.0197496 0.195614 0.5 0.804386 0.98025 1.02767 1.01907 1.005 0.999007 0.998504 0.999402 0.999974 1.0001 1.00005 1.00001 0.999994 0.999996 0.999999 1 1 1 1 1 1 
-8.16781e-17 9.53137e-17 1.23297e-08 -2.58935e-08 -3.05179e-07 -3.55415e-07 6.95164e-07 4.19424e-06 5.797e-06 -8.32403e-06 -5.47857e-05 -9.74993e-05 3.40521e-05 0.00061497 0.00150807 0.000975655 -0.00506401 -0.0191572 -0.0277109 0.0198066 0.195705 0.5 0.804295 0.980193 1.02771 1.01916 1.00506 0.999024 0.998492 0.999385 0.999966 1.0001 1.00005 1.00001 0.999994 0.999996 0.999999 1 1 1 1 1 1 
-9.53137e-17 8.16315e-17 2.09344e-08 -7.51653e-08 -2.84293e-07 -3.84234e-07 9.64502e-07 4.2895e-06 5.69937e-06 -9.88146e-06 -5.65821e-05 -9.75036e-05 4.15073e-05 0.000629229 0.00151961 0.000961394 -0.00511722 -0.0192322 -0.0277515 0.0198402 0.195769 0.5 0.804231 0.98016 1.02775 1.01923 1.00512 0.999039 0.99848 0.999371 0.999958 1.0001 1.00006 1.00001 0.999994 0.999996 0.999999 1 1 1 1 1 1 
-8.16315e-17 5.38696e-17 3.66233e-09 -7.51251e-08 -3.37129e-07 -2.95726e-07 1.06742e-06 4.5562e-06 5.33158e-06 -1.09954e-05 -5.85273e-05 -9.70373e-05 4.75856e-05 0.000642242 0.00152952 0.000950921 -0.00516182 -0.0192962 -0.0277927 0.0198564 0.195811 0.5 0.804189 0.980144 1.02779 1.0193 1.00516 0.999049 0.99847 0.999358 0.999952 1.0001 1.00006 1.00001 0.999995 0.999995 0.999999 1 1 1 1 1 1 
-5.38696e-17 3.16167e-17 4.15112e-09 -1.09775e-07 -3.30019e-07 -2.85075e-07 1.26728e-06 4.652e-06 5.14448e-06 -1.22168e-05 -6.00001e-05 -9.68912e-05 5.32256e-05 0.000653303 0.00153894 0.000942757 -0.00519825 -0.0193517 -0.0278331 0.0198585 0.195836 0.5 0.804164 0.980141 1.02783 1.01935 1.0052 0.999057 0.998461 0.999347 0.999947 1.0001 1.00006 1.00001 0.999995 0.999995 0.999999 1 1 1 1 1 1 
-3.16167e-17 1.35607e-17 -8.68132e-09 -1.17861e-07 -3.59371e-07 -2.1679e-07 1.37875e-06 4.82218e-06 4.84122e-06 -1.31816e-05 -6.14702e-05 -9.65754e-05 5.79353e-05 0.000663227 0.00154734 0.000937119 -0.00522834 -0.0193992 -0.0278726 0.0198504 0.195849 0.5 0.804151 0.98015 1.02787 1.0194 1.00523 0.999063 0.998453 0.999337 0.999942 1.0001 1.00006 1.00001 0.999995 0.999995 0.999999 1 1 1 1 1 1 
-1.35607e-17 1.91901e-17 -1.20843e-08 -1.42711e-07 -3.5757e-07 -1.88368e-07 1.5311e-06 4.90459e-06 4.6334e-06 -1.41479e-05 -6.26665e-05 -9.6439e-05 6.21633e-05 0.000671783 0.00155522 0.00093321 -0.0052527 -0.0194402 -0.0279106 0.0198344 0.195851 0.5 0.804149 0.980166 1.02791 1.01944 1.00525 0.999067 0.998445 0.999328 0.999938 1.0001 1.00006 1.00001 0.999995 0.999995 0.999998 1 1 1 1 1 1 
-1.91901e-17 4.00816e-17 -2.19115e-08 -1.53351e-07 -3.73042e-07 -1.33248e-07 1.63534e-06 5.01688e-06 4.38276e-06 -1.49537e-05 -6.38083e-05 -9.62621e-05 6.57289e-05 0.000679385 0.00156239 0.000930974 -0.00527246 -0.0194753 -0.0279468 0.0198128 0.195845 0.5 0.804155 0.980187 1.02795 1.01948 1.00527 0.999069 0.998438 0.999321 0.999934 1.0001 1.00006 1.00001 0.999996 0.999995 0.999998 1 1 1 1 1 1 
-4.00816e-17 8.73244e-17 -2.67216e-08 -1.71473e-07 -3.72597e-07 -9.89173e-08 1.75394e-06 5.08377e-06 4.18704e-06 -1.57211e-05 -6.47805e-05 -9.6196e-05 6.88592e-05 0.000685987 0.00156906 0.000929947 -0.0052882 -0.0195054 -0.0279811 0.0197873 0.195833 0.5 0.804167 0.980213 1.02798 1.01951 1.00529 0.99907 0.998431 0.999314 0.999931 1.0001 1.00006 1.00002 0.999996 0.999995 0.999998 1 1 1 1 1 1 
-8.73244e-17 1.50591e-16 -3.43804e-08 -1.81892e-07 -3.80012e-07 -5.33071e-08 1.84516e-06 5.16117e-06 3.98205e-06 -1.63802e-05 -6.56868e-05 -9.61398e-05 7.15029e-05 0.000691816 0.00157518 0.00093 -0.00530067 -0.0195312 -0.0280133 0.0197593 0.195818 0.5 0.804182 0.980241 1.02801 1.01953 1.0053 0.99907 0.998425 0.999308 0.999928 1.0001 1.00007 1.00002 0.999996 0.999995 0.999998 1 1 1 1 1 1 
-1.50591e-16 2.33782e-16 -3.92981e-08 -1.9525e-07 -3.79381e-07 -1.90676e-08 1.93895e-06 5.21474e-06 3.8121e-06 -1.699e-05 -6.64805e-05 -9.61568e-05 7.37839e-05 0.000696895 0.00158085 0.000930845 -0.00531032 -0.0195531 -0.0280432 0.0197299 0.195799 0.5 0.804201 0.98027 1.02804 1.01955 1.00531 0.999069 0.998419 0.999303 0.999926 1.0001 1.00007 1.00002 0.999996 0.999995 0.999998 1 1 1 1 1 1 
-2.33782e-16 3.27704e-16 -4.53056e-08 -2.04297e-07 -3.82191e-07 1.90567e-08 2.01619e-06 5.27091e-06 3.64721e-06 -1.75222e-05 -6.72119e-05 -9.61988e-05 7.5702e-05 0.000701359 0.00158605 0.000932351 -0.00531767 -0.0195718 -0.0280711 0.0196999 0.195779 0.5 0.804221 0.9803 1.02807 1.01957 1.00532 0.999068 0.998414 0.999299 0.999924 1.0001 1.00007 1.00002 0.999996 0.999995 0.999998 1 1 1 1 1 1 
-3.27704e-16 4.32452e-16 -4.97411e-08 -2.14193e-07 -3.80976e-07 5.04722e-08 2.09123e-06 5.31431e-06 3.50688e-06 -1.80061e-05 -6.78636e-05 -9.62903e-05 7.73308e-05 0.000705249 0.00159086 0.000934335 -0.00532309 -0.0195876 -0.0280967 0.0196701 0.195757 0.5 0.804243 0.98033 1.0281 1.01959 1.00532 0.999066 0.998409 0.999295 0.999923 1.0001 1.00007 1.00002 0.999996 0.999995 0.999998 1 1 1 1 1 1 
-4.32452e-16 5.41195e-16 -5.44519e-08 -2.21566e-07 -3.81222e-07 8.23954e-08 2.15557e-06 5.35741e-06 3.37682e-06 -1.84317e-05 -6.84608e-05 -9.64067e-05 7.86878e-05 0.000708653 0.00159527 0.000936689 -0.00532693 -0.0196009 -0.0281202 0.0196408 0.195735 0.5 0.804265 0.980359 1.02812 1.0196 1.00533 0.999063 0.998405 0.999291 0.999921 1.0001 1.00007 1.00002 0.999997 0.999995 0.999998 1 1 1 1 1 1 
-5.41195e-16 6.52803e-16 -5.82029e-08 -2.28908e-07 -3.79489e-07 1.09979e-07 2.21618e-06 5.39347e-06 3.26517e-06 -1.88147e-05 -6.89984e-05 -9.65559e-05 7.98205e-05 0.000711615 0.00159933 0.000939291 -0.00532946 -0.019612 -0.0281417 0.0196126 0.195713 0.5 0.804287 0.980387 1.02814 1.01961 1.00533 0.999061 0.998401 0.999288 0.99992 1.0001 1.00007 1.00002 0.999997 0.999995 0.999998 1 1 1 1 1 1 
-6.52803e-16 7.62875e-16 -6.18845e-08 -2.34698e-07 -3.78382e-07 1.36649e-07 2.26941e-06 5.42837e-06 3.16482e-06 -1.91527e-05 -6.94899e-05 -9.67244e-05 8.07502e-05 0.000714196 0.00160303 0.000942062 -0.00533093 -0.0196213 -0.0281612 0.0195857 0.195692 0.5 0.804308 0.980414 1.02816 1.01962 1.00533 0.999058 0.998397 0.999286 0.999919 1.0001 1.00007 1.00002 0.999997 0.999995 0.999998 1 1 1 1 1 1 
-7.62875e-16 8.70362e-16 -6.49416e-08 -2.40148e-07 -3.76341e-07 1.60253e-07 2.31873e-06 5.45921e-06 3.07879e-06 -1.94546e-05 -6.9935e-05 -9.69132e-05 8.15097e-05 0.000716433 0.00160643 0.000944921 -0.00533155 -0.019629 -0.0281789 0.0195602 0.195671 0.5 0.804329 0.98044 1.02818 1.01963 1.00533 0.999055 0.998394 0.999284 0.999918 1.0001 1.00007 1.00002 0.999997 0.999995 0.999998 1 1 1 1 1 1 
-8.70362e-16 9.72819e-16 -6.78081e-08 -2.44598e-07 -3.74599e-07 1.82445e-07 2.3627e-06 5.4888e-06 3.00329e-06 -1.97211e-05 -7.03412e-05 -9.71142e-05 8.21189e-05 0.000718373 0.00160952 0.000947814 -0.00533148 -0.0196354 -0.0281948 0.0195363 0.195652 0.5 0.804348 0.980464 1.02819 1.01964 1.00533 0.999052 0.99839 0.999282 0.999918 1.0001 1.00007 1.00002 0.999997 0.999995 0.999998 1 1 1 1 1 1 
-9.72819e-16 1.0697e-15 -7.02458e-08 -2.48648e-07 -3.72462e-07 2.02319e-07 2.40308e-06 5.51591e-06 2.9391e-06 -1.99578e-05 -7.07101e-05 -9.7326e-05 8.26014e-05 0.000720047 0.00161234 0.000950689 -0.00533089 -0.0196405 -0.0282091 0.019514 0.195633 0.5 0.804367 0.980486 1.02821 1.01964 1.00533 0.999049 0.998388 0.99928 0.999917 1.0001 1.00007 1.00002 0.999997 0.999994 0.999998 1 1 1 1 1 1 
-1.0697e-15 1.15993e-15 -7.24714e-08 -2.52029e-07 -3.70513e-07 2.20701e-07 2.43943e-06 5.54188e-06 2.88397e-06 -2.01665e-05 -7.10464e-05 -9.75434e-05 8.29741e-05 0.000721488 0.00161489 0.00095351 -0.00532988 -0.0196447 -0.0282219 0.0194934 0.195615 0.5 0.804385 0.980507 1.02822 1.01964 1.00533 0.999046 0.998385 0.999279 0.999917 1.0001 1.00007 1.00002 0.999997 0.999994 0.999998 1 1 1 1 1 1 
-1.15993e-15 1.24343e-15 -7.43911e-08 -2.55049e-07 -3.68447e-07 2.37249e-07 2.47269e-06 5.5662e-06 2.83779e-06 -2.03509e-05 -7.13521e-05 -9.77645e-05 8.32546e-05 0.000722723 0.00161721 0.000956246 -0.00532856 -0.0196479 -0.0282333 0.0194745 0.195599 0.5 0.804401 0.980526 1.02823 1.01965 1.00533 0.999044 0.998383 0.999277 0.999917 1.0001 1.00007 1.00002 0.999997 0.999994 0.999998 1 1 1 1 1 1 
-1.24343e-15 1.31996e-15 -7.61176e-08 -2.57611e-07 -3.66538e-07 2.52403e-07 2.50279e-06 5.58951e-06 2.79908e-06 -2.0513e-05 -7.16303e-05 -9.79858e-05 8.34563e-05 0.000723779 0.0016193 0.000958876 -0.00532701 -0.0196505 -0.0282434 0.0194572 0.195584 0.5 0.804416 0.980543 1.02824 1.01965 1.00533 0.999041 0.998381 0.999276 0.999917 1.0001 1.00007 1.00002 0.999997 0.999994 0.999997 1 1 1 1 1 1 
-1.31996e-15 1.38978e-15 -7.76203e-08 -2.59878e-07 -3.64653e-07 2.66068e-07 2.5303e-06 5.61161e-06 2.76736e-06 -2.06555e-05 -7.18829e-05 -9.82056e-05 8.35922e-05 0.000724677 0.00162118 0.000961383 -0.00532532 -0.0196524 -0.0282523 0.0194414 0.19557 0.5 0.80443 0.980559 1.02825 1.01965 1.00533 0.999039 0.998379 0.999275 0.999916 1.0001 1.00007 1.00002 0.999997 0.999994 0.999997 1 1 1 1 1 1 
-1.38978e-15 1.4531e-15 -7.89613e-08 -2.61827e-07 -3.6292e-07 2.78498e-07 2.5553e-06 5.6328e-06 2.74162e-06 -2.07803e-05 -7.21125e-05 -9.84214e-05 8.36732e-05 0.000725436 0.00162288 0.000963755 -0.00532353 -0.0196538 -0.0282601 0.0194271 0.195557 0.5 0.804443 0.980573 1.02826 1.01965 1.00532 0.999036 0.998377 0.999275 0.999916 1.0001 1.00007 1.00002 0.999997 0.999994 0.999997 1 1 1 1 1 1 
-1.4531e-15 1.51035e-15 -8.01361e-08 -2.63548e-07 -3.6128e-07 2.89702e-07 2.57812e-06 5.65302e-06 2.72128e-06 -2.08894e-05 -7.23206e-05 -9.8632e-05 8.37087e-05 0.000726073 0.00162439 0.000965986 -0.00532169 -0.0196548 -0.0282669 0.0194142 0.195546 0.5 0.804454 0.980586 1.02827 1.01965 1.00532 0.999034 0.998376 0.999274 0.999916 1.0001 1.00007 1.00002 0.999997 0.999994 0.999997 1 1 1 1 1 1 
-1.51035e-15 1.56192e-15 -8.11811e-08 -2.65046e-07 -3.5979e-07 2.99844e-07 2.5989e-06 5.67239e-06 2.70558e-06 -2.09843e-05 -7.25091e-05 -9.8836e-05 8.37071e-05 0.000726606 0.00162575 0.000968072 -0.00531983 -0.0196555 -0.0282729 0.0194027 0.195535 0.5 0.804465 0.980597 1.02827 1.01966 1.00532 0.999032 0.998374 0.999273 0.999916 1.0001 1.00007 1.00002 0.999997 0.999994 0.999997 1 1 1 1 1 1 
-1.56192e-15 1.6083e-15 -8.21016e-08 -2.66374e-07 -3.5842e-07 3.08972e-07 2.61788e-06 5.69089e-06 2.69399e-06 -2.10668e-05 -7.26797e-05 -9.90322e-05 8.36755e-05 0.000727046 0.00162695 0.000970011 -0.005318 -0.0196558 -0.0282781 0.0193923 0.195526 0.5 0.804474 0.980608 1.02828 1.01966 1.00532 0.99903 0.998373 0.999273 0.999916 1.0001 1.00007 1.00002 0.999997 0.999994 0.999997 1 1 1 1 1 1 
-1.6083e-15 1.64993e-15 -8.29205e-08 -2.67544e-07 -3.57195e-07 3.172e-07 2.63518e-06 5.70859e-06 2.68591e-06 -2.11381e-05 -7.28337e-05 -9.922e-05 8.362e-05 0.000727407 0.00162802 0.000971806 -0.00531621 -0.0196559 -0.0282826 0.0193831 0.195517 0.5 0.804483 0.980617 1.02828 1.01966 1.00532 0.999028 0.998372 0.999273 0.999916 1.0001 1.00007 1.00002 0.999997 0.999994 0.999997 1 1 1 1 1 1 
-1.64993e-15 1.68729e-15 -8.36454e-08 -2.68588e-07 -3.56097e-07 3.24587e-07 2.65097e-06 5.72547e-06 2.68087e-06 -2.11995e-05 -7.29725e-05 -9.93986e-05 8.35459e-05 0.0007277 0.00162897 0.000973459 -0.00531448 -0.0196558 -0.0282864 0.019375 0.19551 0.5 0.80449 0.980625 1.02829 1.01966 1.00531 0.999027 0.998371 0.999272 0.999916 1.0001 1.00007 1.00002 0.999997 0.999994 0.999997 1 1 1 1 1 1 
-1.68729e-15 1.72078e-15 -8.42915e-08 -2.69519e-07 -3.55132e-07 3.31219e-07 2.66537e-06 5.74158e-06 2.67842e-06 -2.12521e-05 -7.30975e-05 -9.95679e-05 8.34577e-05 0.000727933 0.0016298 0.000974975 -0.00531283 -0.0196555 -0.0282897 0.0193678 0.195503 0.5 0.804497 0.980632 1.02829 1.01966 1.00531 0.999025 0.99837 0.999272 0.999917 1.0001 1.00007 1.00002 0.999997 0.999994 0.999997 1 1 1 1 1 1 
-1.72078e-15 1.75083e-15 -8.48664e-08 -2.70359e-07 -3.54288e-07 3.37155e-07 2.67851e-06 5.75691e-06 2.67815e-06 -2.1297e-05 -7.32097e-05 -9.97274e-05 8.33593e-05 0.000728115 0.00163054 0.000976359 -0.00531126 -0.0196551 -0.0282924 0.0193615 0.195497 0.5 0.804503 0.980639 1.02829 1.01966 1.00531 0.999024 0.998369 0.999272 0.999917 1.0001 1.00007 1.00002 0.999997 0.999994 0.999997 1 1 1 1 1 1 
-1.75083e-15 1.77778e-15 -8.53804e-08 -2.71117e-07 -3.53564e-07 3.42461e-07 2.69048e-06 5.77148e-06 2.67972e-06 -2.13349e-05 -7.33102e-05 -9.98771e-05 8.32537e-05 0.000728254 0.00163118 0.000977618 -0.00530978 -0.0196547 -0.0282948 0.0193559 0.195492 0.5 0.804508 0.980644 1.02829 1.01965 1.00531 0.999022 0.998369 0.999272 0.999917 1.0001 1.00007 1.00002 0.999997 0.999994 0.999997 1 1 1 1 1 1 
-1.77778e-15 1.802e-15 -8.58401e-08 -2.71808e-07 -3.52949e-07 3.47193e-07 2.70138e-06 5.7853e-06 2.68281e-06 -2.13669e-05 -7.34e-05 -0.000100017 8.31439e-05 0.000728356 0.00163174 0.000978758 -0.00530839 -0.0196542 -0.0282967 0.0193511 0.195487 0.5 0.804513 0.980649 1.0283 1.01965 1.00531 0.999021 0.998368 0.999272 0.999917 1.0001 1.00007 1.00002 0.999997 0.999994 0.999997 1 1 1 1 1 1 
-1.802e-15 1.82377e-15 -8.62526e-08 -2.72439e-07 -3.52437e-07 3.51403e-07 2.71131e-06 5.79839e-06 2.68713e-06 -2.13935e-05 -7.34801e-05 -0.000100147 8.30318e-05 0.000728427 0.00163222 0.000979787 -0.0053071 -0.0196536 -0.0282983 0.019347 0.195483 0.5 0.804517 0.980653 1.0283 1.01965 1.00531 0.99902 0.998368 0.999272 0.999917 1.0001 1.00007 1.00002 0.999997 0.999994 0.999997 1 1 1 1 1 1 
-1.82377e-15 1.84337e-15 -8.66233e-08 -2.73019e-07 -3.5202e-07 3.5514e-07 2.72034e-06 5.81075e-06 2.69244e-06 -2.14154e-05 -7.35513e-05 -0.000100268 8.29196e-05 0.000728472 0.00163264 0.000980712 -0.0053059 -0.019653 -0.0282996 0.0193434 0.195479 0.5 0.804521 0.980657 1.0283 1.01965 1.00531 0.999019 0.998367 0.999272 0.999917 1.0001 1.00007 1.00002 0.999997 0.999994 0.999997 1 1 1 1 1 1 
-1.84337e-15 1.86104e-15 -8.69574e-08 -2.73555e-07 -3.51689e-07 3.58449e-07 2.72854e-06 5.82241e-06 2.69853e-06 -2.14333e-05 -7.36144e-05 -0.00010038 8.28085e-05 0.000728496 0.001633 0.00098154 -0.0053048 -0.0196524 -0.0283007 0.0193404 0.195476 0.5 0.804524 0.98066 1.0283 1.01965 1.0053 0.999018 0.998367 0.999272 0.999917 1.0001 1.00007 1.00002 0.999997 0.999994 0.999997 1 1 1 1 1 1 
-1.86104e-15 1.877e-15 -8.72589e-08 -2.74052e-07 -3.51437e-07 3.61369e-07 2.73599e-06 5.83337e-06 2.7052e-06 -2.14476e-05 -7.36702e-05 -0.000100483 8.26998e-05 0.000728501 0.0016333 0.000982279 -0.00530379 -0.0196518 -0.0283015 0.0193378 0.195474 0.5 0.804526 0.980662 1.0283 1.01965 1.0053 0.999018 0.998367 0.999271 0.999917 1.0001 1.00007 1.00002 0.999997 0.999994 0.999997 1 1 1 1 1 1 
-1.877e-15 1.89144e-15 -8.75317e-08 -2.74514e-07 -3.51255e-07 3.63938e-07 2.74274e-06 5.84366e-06 2.71229e-06 -2.14589e-05 -7.37193e-05 -0.000100578 8.25945e-05 0.000728493 0.00163356 0.000982935 -0.00530286 -0.0196512 -0.0283021 0.0193356 0.195471 0.5 0.804529 0.980664 1.0283 1.01965 1.0053 0.999017 0.998366 0.999272 0.999917 1.0001 1.00007 1.00002 0.999997 0.999994 0.999997 1 1 1 1 1 1 
-1.89144e-15 1.90451e-15 -8.77789e-08 -2.74945e-07 -3.51137e-07 3.66191e-07 2.74886e-06 5.8533e-06 2.71966e-06 -2.14675e-05 -7.37624e-05 -0.000100664 8.24933e-05 0.000728472 0.00163378 0.000983516 -0.00530202 -0.0196506 -0.0283026 0.0193337 0.195469 0.5 0.804531 0.980666 1.0283 1.01965 1.0053 0.999016 0.998366 0.999272 0.999918 1.0001 1.00007 1.00002 0.999997 0.999994 0.999997 1 1 1 1 1 1 
-1.90451e-15 1.91638e-15 -8.80033e-08 -2.75349e-07 -3.51075e-07 3.68159e-07 2.75438e-06 5.86231e-06 2.72719e-06 -2.14738e-05 -7.38001e-05 -0.000100743 8.23967e-05 0.000728443 0.00163396 0.000984027 -0.00530126 -0.01965 -0.028303 0.0193322 0.195468 0.5 0.804532 0.980668 1.0283 1.01965 1.0053 0.999016 0.998366 0.999272 0.999918 1.0001 1.00007 1.00002 0.999997 0.999994 0.999997 1 1 1 1 1 1 
-1.91638e-15 1.92716e-15 -8.82073e-08 -2.75728e-07 -3.51062e-07 3.6987e-07 2.75937e-06 5.87071e-06 2.73478e-06 -2.14782e-05 -7.38329e-05 -0.000100815 8.23051e-05 0.000728407 0.00163411 0.000984476 -0.00530057 -0.0196495 -0.0283032 0.019331 0.195466 0.5 0.804534 0.980669 1.0283 1.01965 1.0053 0.999016 0.998366 0.999272 0.999918 1.0001 1.00007 1.00002 0.999997 0.999994 0.999997 1 1 1 1 1 1 
-1.92716e-15 1.93697e-15 -8.83931e-08 -2.76084e-07 -3.51091e-07 3.71352e-07 2.76386e-06 5.87852e-06 2.74234e-06 -2.14809e-05 -7.38612e-05 -0.00010088 8.22187e-05 0.000728365 0.00163423 0.000984868 -0.00529995 -0.019649 -0.0283033 0.01933 0.195465 0.5 0.804535 0.98067 1.0283 1.01965 1.0053 0.999015 0.998366 0.999272 0.999918 1.0001 1.00007 1.00002 0.999997 0.999994 0.999997 1 1 1 1 1 1 
-1.93697e-15 1.9459e-15 -8.85624e-08 -2.76419e-07 -3.51158e-07 3.72627e-07 2.7679e-06 5.88578e-06 2.74979e-06 -2.14822e-05 -7.38856e-05 -0.000100938 8.21377e-05 0.00072832 0.00163433 0.000985208 -0.0052994 -0.0196485 -0.0283034 0.0193292 0.195464 0.5 0.804536 0.980671 1.0283 1.01965 1.0053 0.999015 0.998366 0.999272 0.999918 1.0001 1.00007 1.00002 0.999997 0.999994 0.999997 1 1 1 1 1 1 
-1.9459e-15 1.95406e-15 -8.87169e-08 -2.76734e-07 -3.51256e-07 3.73718e-07 2.77153e-06 5.89249e-06 2.75709e-06 -2.14824e-05 -7.39065e-05 -0.000100991 8.20622e-05 0.000728272 0.00163441 0.000985502 -0.00529891 -0.019648 -0.0283034 0.0193285 0.195464 0.5 0.804536 0.980671 1.0283 1.01965 1.0053 0.999014 0.998366 0.999272 0.999918 1.0001 1.00007 1.00002 0.999997 0.999994 0.999997 1 1 1 1 1 1 
-1.95406e-15 1.9615e-15 -8.8858e-08 -2.77031e-07 -3.51381e-07 3.74646e-07 2.77477e-06 5.8987e-06 2.76418e-06 -2.14815e-05 -7.39243e-05 -0.000101038 8.19919e-05 0.000728223 0.00163446 0.000985755 -0.00529847 -0.0196476 -0.0283033 0.0193281 0.195463 0.5 0.804537 0.980672 1.0283 1.01965 1.0053 0.999014 0.998366 0.999272 0.999918 1.0001 1.00007 1.00002 0.999997 0.999994 0.999997 1 1 1 1 1 1 
-1.9615e-15 1.9683e-15 -8.89869e-08 -2.7731e-07 -3.51527e-07 3.75427e-07 2.77767e-06 5.90442e-06 2.77103e-06 -2.14799e-05 -7.39392e-05 -0.00010108 8.1927e-05 0.000728174 0.00163451 0.00098597 -0.00529808 -0.0196472 -0.0283032 0.0193277 0.195463 0.5 0.804537 0.980672 1.0283 1.01965 1.0053 0.999014 0.998365 0.999272 0.999918 1.0001 1.00007 1.00002 0.999997 0.999994 0.999997 1 1 1 1 1 1 
-1.9683e-15 1.97452e-15 -8.91047e-08 -2.77574e-07 -3.51691e-07 3.76079e-07 2.78026e-06 5.90968e-06 2.77759e-06 -2.14777e-05 -7.39517e-05 -0.000101118 8.18672e-05 0.000728125 0.00163454 0.000986153 -0.00529774 -0.0196469 -0.0283031 0.0193275 0.195462 0.5 0.804538 0.980673 1.0283 1.01965 1.0053 0.999014 0.998365 0.999272 0.999918 1.0001 1.00007 1.00002 0.999997 0.999994 0.999997 1 1 1 1 1 1 
-1.97452e-15 1.9802e-15 -8.92125e-08 -2.77821e-07 -3.51869e-07 3.76617e-07 2.78256e-06 5.9145e-06 2.78387e-06 -2.1475e-05 -7.3962e-05 -0.000101151 8.18124e-05 0.000728076 0.00163456 0.000986307 -0.00529745 -0.0196465 -0.0283029 0.0193273 0.195462 0.5 0.804538 0.980673 1.0283 1.01965 1.0053 0.999014 0.998365 0.999272 0.999918 1.0001 1.00007 1.00002 0.999997 0.999994 0.999997 1 1 1 1 1 1 
-1.9802e-15 1.98541e-15 -8.93111e-08 -2.78054e-07 -3.52057e-07 3.77055e-07 2.78459e-06 5.91892e-06 2.78983e-06 -2.14718e-05 -7.39704e-05 -0.00010118 8.17623e-05 0.00072803 0.00163457 0.000986436 -0.00529719 -0.0196462 -0.0283028 0.0193272 0.195462 0.5 0.804538 0.980673 1.0283 1.01965 1.0053 0.999014 0.998365 0.999272 0.999918 1.0001 1.00007 1.00002 0.999997 0.999994 0.999997 1 1 1 1 1 1 
-1.98541e-15 1.99017e-15 -8.94012e-08 -2.78272e-07 -3.52253e-07 3.77404e-07 2.78639e-06 5.92295e-06 2.79547e-06 -2.14684e-05 -7.39771e-05 -0.000101206 8.17167e-05 0.000727985 0.00163457 0.000986541 -0.00529696 -0.019646 -0.0283026 0.0193272 0.195462 0.5 0.804538 0.980673 1.0283 1.01965 1.0053 0.999013 0.998365 0.999272 0.999918 1.0001 1.00007 1.00002 0.999997 0.999994 0.999997 1 1 1 1 1 1 
-1.99017e-15 1.99453e-15 -8.94836e-08 -2.78478e-07 -3.52453e-07 3.77676e-07 2.78797e-06 5.92663e-06 2.80079e-06 -2.14648e-05 -7.39824e-05 -0.000101229 8.16753e-05 0.000727942 0.00163457 0.000986627 -0.00529677 -0.0196457 -0.0283024 0.0193273 0.195462 0.5 0.804538 0.980673 1.0283 1.01965 1.0053 0.999013 0.998365 0.999272 0.999918 1.0001 1.00007 1.00002 0.999997 0.999994 0.999997 1 1 1 1 1 1 
-1.99453e-15 1.99852e-15 -8.95589e-08 -2.7867e-07 -3.52656e-07 3.7788e-07 2.78936e-06 5.92996e-06 2.80578e-06 -2.14611e-05 -7.39864e-05 -0.000101248 8.1638e-05 0.000727901 0.00163456 0.000986697 -0.0052966 -0.0196455 -0.0283022 0.0193273 0.195462 0.5 0.804538 0.980673 1.0283 1.01965 1.0053 0.999013 0.998365 0.999272 0.999918 1.0001 1.00007 1.00002 0.999997 0.999994 0.999997 1 1 1 1 1 1 
-1.99852e-15 2.00218e-15 -8.96277e-08 -2.7885e-07 -3.52859e-07 3.78027e-07 2.79057e-06 5.93299e-06 2.81044e-06 -2.14574e-05 -7.39893e-05 -0.000101265 8.16044e-05 0.000727862 0.00163455 0.000986751 -0.00529646 -0.0196453 -0.028302 0.0193274 0.195462 0.5 0.804538 0.980673 1.0283 1.01965 1.0053 0.999013 0.998365 0.999272 0.999918 1.0001 1.00007 1.00002 0.999997 0.999994 0.999997 1 1 1 1 1 1 
-2.00218e-15 2.00551e-15 -8.96905e-08 -2.79018e-07 -3.53061e-07 3.78124e-07 2.79162e-06 5.93572e-06 2.8148e-06 -2.14536e-05 -7.39913e-05 -0.00010128 8.15743e-05 0.000727826 0.00163453 0.000986793 -0.00529634 -0.0196451 -0.0283018 0.0193276 0.195462 0.5 0.804538 0.980672 1.0283 1.01965 1.0053 0.999013 0.998365 0.999272 0.999918 1.0001 1.00007 1.00002 0.999997 0.999994 0.999997 1 1 1 1 1 1 
-2.00551e-15 2.00857e-15 -8.97477e-08 -2.79176e-07 -3.5326e-07 3.78178e-07 2.79254e-06 5.93818e-06 2.81884e-06 -2.14498e-05 -7.39925e-05 -0.000101292 8.15474e-05 0.000727792 0.00163451 0.000986823 -0.00529624 -0.0196449 -0.0283017 0.0193277 0.195462 0.5 0.804538 0.980672 1.0283 1.01964 1.0053 0.999013 0.998365 0.999272 0.999918 1.0001 1.00007 1.00002 0.999997 0.999994 0.999997 1 1 1 1 1 1 
-2.00857e-15 2.01135e-15 -8.97999e-08 -2.79322e-07 -3.53455e-07 3.78196e-07 2.79332e-06 5.9404e-06 2.82258e-06 -2.14461e-05 -7.39931e-05 -0.000101303 8.15235e-05 0.000727761 0.00163449 0.000986845 -0.00529615 -0.0196448 -0.0283015 0.0193279 0.195462 0.5 0.804538 0.980672 1.0283 1.01964 1.0053 0.999013 0.998366 0.999272 0.999918 1.0001 1.00007 1.00002 0.999997 0.999994 0.999997 1 1 1 1 1 1 
-2.01135e-15 2.0139e-15 -8.98475e-08 -2.79459e-07 -3.53645e-07 3.78183e-07 2.79399e-06 5.94238e-06 2.82603e-06 -2.14426e-05 -7.3993e-05 -0.000101312 8.15024e-05 0.000727732 0.00163447 0.000986859 -0.00529609 -0.0196447 -0.0283013 0.019328 0.195462 0.5 0.804538 0.980672 1.0283 1.01964 1.0053 0.999013 0.998366 0.999272 0.999918 1.0001 1.00007 1.00002 0.999997 0.999994 0.999997 1 1 1 1 1 1 
-2.0139e-15 2.01621e-15 -8.98907e-08 -2.79585e-07 -3.53829e-07 3.78145e-07 2.79456e-06 5.94415e-06 2.82921e-06 -2.14391e-05 -7.39926e-05 -0.000101319 8.14837e-05 0.000727705 0.00163445 0.000986866 -0.00529603 -0.0196446 -0.0283012 0.0193282 0.195462 0.5 0.804538 0.980672 1.0283 1.01964 1.0053 0.999013 0.998366 0.999272 0.999919 1.0001 1.00007 1.00002 0.999997 0.999994 0.999997 1 1 1 1 1 1 
-2.01621e-15 2.01833e-15 -8.993e-08 -2.79703e-07 -3.54006e-07 3.78086e-07 2.79504e-06 5.94573e-06 2.83213e-06 -2.14358e-05 -7.39917e-05 -0.000101325 8.14674e-05 0.000727681 0.00163443 0.000986868 -0.00529599 -0.0196445 -0.028301 0.0193284 0.195462 0.5 0.804538 0.980672 1.0283 1.01964 1.0053 0.999013 0.998366 0.999272 0.999919 1.0001 1.00007 1.00002 0.999997 0.999994 0.999997 1 1 1 1 1 1 
-2.01833e-15 2.02025e-15 -8.99656e-08 -2.79812e-07 -3.54176e-07 3.78011e-07 2.79544e-06 5.94713e-06 2.8348e-06 -2.14326e-05 -7.39905e-05 -0.00010133 8.14532e-05 0.000727659 0.00163441 0.000986866 -0.00529595 -0.0196444 -0.0283009 0.0193285 0.195462 0.5 0.804538 0.980671 1.0283 1.01964 1.0053 0.999013 0.998366 0.999272 0.999919 1.0001 1.00007 1.00002 0.999997 0.999994 0.999997 1 1 1 1 1 1 
-2.02025e-15 2.02199e-15 -8.99979e-08 -2.79912e-07 -3.54339e-07 3.77921e-07 2.79576e-06 5.94837e-06 2.83723e-06 -2.14296e-05 -7.39892e-05 -0.000101334 8.14408e-05 0.000727639 0.00163439 0.000986861 -0.00529593 -0.0196443 -0.0283008 0.0193287 0.195463 0.5 0.804537 0.980671 1.0283 1.01964 1.0053 0.999013 0.998366 0.999272 0.999919 1.0001 1.00007 1.00002 0.999997 0.999994 0.999997 1 1 1 1 1 1 
-2.02199e-15 2.02358e-15 -9.00271e-08 -2.80005e-07 -3.54494e-07 3.77822e-07 2.79603e-06 5.94946e-06 2.83944e-06 -2.14267e-05 -7.39876e-05 -0.000101337 8.14301e-05 0.000727621 0.00163437 0.000986852 -0.00529591 -0.0196443 -0.0283007 0.0193288 0.195463 0.5 0.804537 0.980671 1.0283 1.01964 1.0053 0.999013 0.998366 0.999272 0.999919 1.0001 1.00007 1.00002 0.999997 0.999994 0.999997 1 1 1 1 1 1 
-2.02358e-15 2.02502e-15 -9.00535e-08 -2.80091e-07 -3.54641e-07 3.77715e-07 2.79624e-06 5.95041e-06 2.84144e-06 -2.14241e-05 -7.39859e-05 -0.000101339 8.1421e-05 0.000727604 0.00163435 0.000986842 -0.00529589 -0.0196442 -0.0283006 0.019329 0.195463 0.5 0.804537 0.980671 1.0283 1.01964 1.0053 0.999013 0.998366 0.999272 0.999919 1.0001 1.00007 1.00002 0.999997 0.999994 0.999997 1 1 1 1 1 1 
-2.02502e-15 2.02632e-15 -9.00772e-08 -2.8017e-07 -3.54781e-07 3.77602e-07 2.79641e-06 5.95125e-06 2.84325e-06 -2.14216e-05 -7.39841e-05 -0.000101341 8.14132e-05 0.000727589 0.00163434 0.00098683 -0.00529589 -0.0196442 -0.0283005 0.0193291 0.195463 0.5 0.804537 0.980671 1.0283 1.01964 1.0053 0.999013 0.998366 0.999272 0.999919 1.0001 1.00007 1.00002 0.999997 0.999994 0.999997 1 1 1 1 1 1 
-2.02632e-15 2.02749e-15 -9.00987e-08 -2.80242e-07 -3.54912e-07 3.77486e-07 2.79653e-06 5.95197e-06 2.84489e-06 -2.14192e-05 -7.39823e-05 -0.000101342 8.14067e-05 0.000727576 0.00163432 0.000986817 -0.00529588 -0.0196441 -0.0283004 0.0193292 0.195463 0.5 0.804537 0.980671 1.0283 1.01964 1.0053 0.999013 0.998366 0.999272 0.999919 1.0001 1.00007 1.00002 0.999997 0.999994 0.999997 1 1 1 1 1 1 
-2.02749e-15 2.02855e-15 -9.01179e-08 -2.80308e-07 -3.55035e-07 3.77369e-07 2.79662e-06 5.9526e-06 2.84635e-06 -2.1417e-05 -7.39804e-05 -0.000101342 8.14012e-05 0.000727565 0.0016343 0.000986803 -0.00529588 -0.0196441 -0.0283003 0.0193294 0.195463 0.5 0.804537 0.980671 1.0283 1.01964 1.0053 0.999013 0.998366 0.999272 0.999919 1.0001 1.00007 1.00002 0.999997 0.999994 0.999997 1 1 1 1 1 1 
-2.02855e-15 2.0295e-15 -9.01351e-08 -2.80368e-07 -3.55151e-07 3.77251e-07 2.79667e-06 5.95314e-06 2.84766e-06 -2.1415e-05 -7.39786e-05 -0.000101343 8.13967e-05 0.000727554 0.00163429 0.000986789 -0.00529589 -0.0196441 -0.0283002 0.0193295 0.195463 0.5 0.804537 0.980671 1.0283 1.01964 1.0053 0.999013 0.998366 0.999272 0.999919 1.0001 1.00007 1.00002 0.999997 0.999994 0.999997 1 1 1 1 1 1 
-2.0295e-15 2.03036e-15 -9.01506e-08 -2.80424e-07 -3.55259e-07 3.77134e-07 2.7967e-06 5.9536e-06 2.84883e-06 -2.14132e-05 -7.39768e-05 -0.000101342 8.1393e-05 0.000727545 0.00163427 0.000986774 -0.00529589 -0.019644 -0.0283002 0.0193296 0.195463 0.5 0.804537 0.98067 1.0283 1.01964 1.0053 0.999013 0.998366 0.999272 0.999919 1.0001 1.00007 1.00002 0.999997 0.999994 0.999997 1 1 1 1 1 1 
-2.03036e-15 2.03113e-15 -9.01644e-08 -2.80474e-07 -3.5536e-07 3.77019e-07 2.79671e-06 5.95399e-06 2.84987e-06 -2.14115e-05 -7.3975e-05 -0.000101342 8.13901e-05 0.000727537 0.00163426 0.00098676 -0.0052959 -0.019644 -0.0283001 0.0193297 0.195463 0.5 0.804537 0.98067 1.0283 1.01964 1.0053 0.999013 0.998366 0.999272 0.999919 1.0001 1.00007 1.00002 0.999997 0.999994 0.999997 1 1 1 1 1 1 
-2.03113e-15 2.03182e-15 -9.01767e-08 -2.80519e-07 -3.55453e-07 3.76907e-07 2.7967e-06 5.95431e-06 2.85079e-06 -2.14099e-05 -7.39733e-05 -0.000101341 8.13878e-05 0.00072753 0.00163425 0.000986746 -0.0052959 -0.019644 -0.0283 0.0193298 0.195463 0.5 0.804537 0.98067 1.0283 1.01964 1.0053 0.999013 0.998366 0.999272 0.999919 1.0001 1.00007 1.00002 0.999997 0.999994 0.999997 1 1 1 1 1 1 
-2.03182e-15 2.03243e-15 -9.01876e-08 -2.80561e-07 -3.5554e-07 3.76798e-07 2.79668e-06 5.95458e-06 2.8516e-06 -2.14085e-05 -7.39716e-05 -0.00010134 8.13861e-05 0.000727524 0.00163424 0.000986733 -0.00529591 -0.019644 -0.0283 0.0193298 0.195464 0.5 0.804536 0.98067 1.0283 1.01964 1.0053 0.999013 0.998366 0.999272 0.999919 1.0001 1.00007 1.00002 0.999997 0.999994 0.999997 1 1 1 1 1 1 
