0 0 0 0 0 0 0 0 0 0 0 0 0 0 0 0 0 0 0 0 0 0.5 1 1 1 1 1 1 1 1 1 1 1 1 1 1 1 1 1 1 1 1 1 
0 0 0 0 0 0 0 0 0 0 0 0 0 0 0 0 0 0 0 -0.00454545 0.0419421 0.5 0.958058 1.00455 1 1 1 1 1 1 1 1 1 1 1 1 1 1 1 1 1 1 1 
0 0 0 0 0 0 0 0 0 0 0 0 0 0 0 0 0 4.13223e-05 -0.000531111 -0.00566141 0.0700652 0.5 0.929935 1.00566 1.00053 0.999959 1 1 1 1 1 1 1 1 1 1 1 1 1 1 1 1 1 
0 0 0 0 0 0 0 0 0 0 0 0 0 0 0 -3.75657e-07 6.22892e-06 6.17839e-05 -0.00117825 -0.00510933 0.0893556 0.5 0.910644 1.00511 1.00118 0.999938 0.999994 1 1 1 1 1 1 1 1 1 1 1 1 1 1 1 1 
0 0 0 0 0 0 0 0 0 0 0 0 0 3.41507e-09 -6.93554e-08 -6.06772e-07 1.69696e-05 5.04052e-05 -0.00177303 -0.00384229 0.102881 0.5 0.897119 1.00384 1.00177 0.99995 0.999983 1 1 1 1 1 1 1 1 1 1 1 1 1 1 1 1 
0 0 0 0 0 0 0 0 0 0 0 -3.10461e-11 7.46221e-10 5.49502e-09 -2.21368e-07 -3.12175e-07 2.92605e-05 1.36329e-05 -0.00226191 -0.00235665 0.112561 0.5 0.887439 1.00236 1.00226 0.999986 0.999971 1 1 1 1 1 1 1 1 1 1 1 1 1 1 1 1 
0 0 0 0 0 0 0 0 0 2.82237e-13 -7.8358e-12 -4.5842e-11 2.70063e-09 -7.51164e-10 -4.26289e-07 6.05924e-07 4.08987e-05 -3.85037e-05 -0.00264108 -0.000896918 0.119619 0.5 0.880381 1.0009 1.00264 1.00004 0.999959 0.999999 1 1 1 1 1 1 1 1 1 1 1 1 1 1 1 
0 0 0 0 0 0 0 -2.56579e-15 8.0798e-14 3.43712e-13 -3.13855e-11 6.5347e-11 5.68105e-09 -1.98671e-08 -6.42018e-07 2.05463e-06 5.07105e-05 -9.73207e-05 -0.00292532 0.000428059 0.124848 0.5 0.875152 0.999572 1.00293 1.0001 0.999949 0.999998 1 1 1 1 1 1 1 1 1 1 1 1 1 1 1 
0 0 0 0 0 2.33254e-17 -8.21467e-16 -2.13666e-15 3.515e-13 -1.4053e-12 -7.0755e-11 4.10713e-10 9.05056e-09 -5.27153e-08 -8.33343e-07 3.86097e-06 5.83056e-05 -0.000156677 -0.00313393 0.00158026 0.128779 0.5 0.871221 0.99842 1.00313 1.00016 0.999942 0.999996 1 1 1 1 1 1 1 1 1 1 1 1 1 1 1 
0 0 0 -2.12049e-19 8.25825e-18 7.49649e-18 -3.82288e-15 2.30472e-14 8.34804e-13 -7.01157e-12 -1.16908e-10 1.05019e-09 1.20495e-08 -9.72544e-08 -9.78783e-07 5.8457e-06 6.37647e-05 -0.000212785 -0.00328504 0.002557 0.131768 0.5 0.868232 0.997443 1.00329 1.00021 0.999936 0.999994 1 1 1 1 1 1 1 1 1 1 1 1 1 1 1 
0 0 -8.27858e-20 6.6921e-20 4.05922e-17 -3.32118e-16 -9.41319e-15 1.06896e-13 1.39946e-12 -1.81035e-11 -1.55199e-10 1.98227e-09 1.40474e-08 -1.49901e-07 -1.07008e-06 7.85976e-06 6.73967e-05 -0.000263633 -0.00339361 0.00337184 0.134065 0.5 0.865935 0.996628 1.00339 1.00026 0.999933 0.999992 1 1 1 1 1 1 1 1 1 1 1 1 1 1 1 
0 0 -4.22278e-19 4.42218e-18 1.02014e-16 -1.50821e-15 -1.55915e-14 2.82787e-13 1.77514e-12 -3.53089e-11 -1.70328e-10 3.15515e-09 1.46612e-08 -2.06715e-07 -1.10871e-06 9.79566e-06 6.95837e-05 -0.000308412 -0.00347129 0.00404455 0.135844 0.5 0.864156 0.995955 1.00347 1.00031 0.99993 0.99999 1 1 1 1 1 1 1 1 1 1 1 1 1 1 1 
0 0 -1.05067e-18 2.00936e-17 1.61169e-16 -4.10474e-15 -1.75185e-14 5.70448e-13 1.62467e-12 -5.81251e-11 -1.50288e-10 4.48805e-09 1.37655e-08 -2.64172e-07 -1.10191e-06 1.15856e-05 7.06953e-05 -0.000347057 -0.00352678 0.00459605 0.137232 0.5 0.862768 0.995404 1.00353 1.00035 0.999929 0.999988 1 1 1 1 1 1 1 1 1 1 1 1 1 1 1 
0 0 -1.44131e-18 5.62628e-17 1.34504e-16 -8.54195e-15 -8.29166e-15 9.68384e-13 6.30574e-13 -8.5142e-11 -8.83902e-11 5.89232e-09 1.14431e-08 -3.19528e-07 -1.05953e-06 1.31938e-05 7.10491e-05 -0.000379928 -0.00356645 0.00504603 0.138321 0.5 0.861679 0.994954 1.00357 1.00038 0.999929 0.999987 1 1 1 1 1 1 1 1 1 1 1 1 1 1 1 
0 0 -1.46451e-19 1.20302e-16 -1.09885e-16 -1.4877e-14 1.95342e-14 1.45351e-12 -1.43662e-12 -1.14436e-10 1.64641e-11 7.28689e-09 7.91335e-09 -3.70906e-07 -9.91749e-07 1.46079e-05 7.08992e-05 -0.000407588 -0.00359489 0.00541197 0.139179 0.5 0.860821 0.994588 1.00359 1.00041 0.999929 0.999985 1 1 1 1 1 1 1 1 1 1 1 1 1 1 1 
0 0 5.27506e-18 2.13614e-16 -7.29854e-16 -2.27157e-14 7.23211e-14 1.98647e-12 -4.68298e-12 -1.43972e-10 1.60701e-10 8.60719e-09 3.46419e-09 -4.17215e-07 -9.0783e-07 1.5831e-05 7.04382e-05 -0.000430681 -0.00361536 0.00570887 0.139859 0.5 0.860141 0.994291 1.00362 1.00043 0.99993 0.999984 1 1 1 1 1 1 1 1 1 1 1 1 1 1 1 
0 0 1.79515e-17 3.28757e-16 -1.8771e-15 -3.12508e-14 1.54118e-13 2.51977e-12 -9.08786e-12 -1.71925e-10 3.37522e-10 9.80833e-09 -1.60145e-09 -4.57991e-07 -8.15466e-07 1.68757e-05 6.98054e-05 -0.000449846 -0.0036302 0.00594936 0.140398 0.5 0.859602 0.994051 1.00363 1.00045 0.99993 0.999983 1 1 1 1 1 1 1 1 1 1 1 1 1 1 1 
0 0 4.10958e-17 4.48865e-16 -3.66603e-15 -3.93971e-14 2.6606e-13 3.00605e-12 -1.45238e-11 -1.96866e-10 5.38426e-10 1.08643e-08 -7.00161e-09 -4.93229e-07 -7.20633e-07 1.77592e-05 6.90978e-05 -0.000465679 -0.00364103 0.00614391 0.140828 0.5 0.859172 0.993856 1.00364 1.00047 0.999931 0.999982 1 1 1 1 1 1 1 1 1 1 1 1 1 1 1 
0 7.30737e-34 7.72962e-17 5.49384e-16 -6.15181e-15 -4.59715e-14 4.06394e-13 3.40467e-12 -2.07886e-11 -2.1785e-10 7.54491e-10 1.17652e-08 -1.24957e-08 -5.23222e-07 -6.27683e-07 1.8501e-05 6.83796e-05 -0.000478714 -0.003649 0.00630115 0.14117 0.5 0.85883 0.993699 1.00365 1.00048 0.999932 0.999981 1 1 1 1 1 1 1 1 1 1 1 1 1 1 1 
-7.30737e-34 1.75227e-33 1.27902e-16 6.01499e-16 -9.32136e-15 -4.98707e-14 5.7097e-13 3.68583e-12 -2.76406e-11 -2.34399e-10 9.77328e-10 1.25129e-08 -1.78926e-08 -5.48442e-07 -5.39569e-07 1.912e-05 6.76914e-05 -0.000489418 -0.00365492 0.00642815 0.141444 0.5 0.858556 0.993572 1.00365 1.00049 0.999932 0.999981 1 1 1 1 1 1 1 1 1 1 1 1 1 1 1 
-1.75227e-33 8.84864e-33 1.92656e-16 5.7625e-16 -1.3097e-14 -5.02108e-14 7.53992e-13 3.8322e-12 -3.4829e-11 -2.46438e-10 1.19967e-09 1.31178e-08 -2.30513e-08 -5.69442e-07 -4.58117e-07 1.96343e-05 6.70561e-05 -0.000498187 -0.00365937 0.00653067 0.141663 0.5 0.858337 0.993469 1.00366 1.0005 0.999933 0.99998 1 1 1 1 1 1 1 1 1 1 1 1 1 1 1 
-8.84864e-33 1.64381e-32 2.69623e-16 4.48406e-16 -1.73495e-14 -4.64116e-14 9.48846e-13 3.83851e-12 -4.21185e-11 -2.54202e-10 1.41564e-09 1.35952e-08 -2.78756e-08 -5.86792e-07 -3.8429e-07 2.00602e-05 6.64855e-05 -0.000505361 -0.00366275 0.00661339 0.141839 0.5 0.858161 0.993387 1.00366 1.00051 0.999934 0.99998 1 1 1 1 1 1 1 1 1 1 1 1 1 1 1 
-1.64381e-32 2.33649e-32 3.55411e-16 1.99422e-16 -2.19168e-14 -3.82267e-14 1.14884e-12 3.70987e-12 -4.93047e-11 -2.58137e-10 1.62087e-09 1.39625e-08 -3.23075e-08 -6.01039e-07 -3.1842e-07 2.0412e-05 6.5983e-05 -0.000511221 -0.00366535 0.00668011 0.14198 0.5 0.85802 0.99332 1.00367 1.00051 0.999934 0.99998 1 1 1 1 1 1 1 1 1 1 1 1 1 1 1 
-2.33649e-32 3.96107e-32 4.4559e-16 -1.80855e-16 -2.66234e-14 -2.5726e-14 1.34778e-12 3.45922e-12 -5.62227e-11 -2.58807e-10 1.81231e-09 1.42377e-08 -3.63193e-08 -6.12685e-07 -2.604e-07 2.0702e-05 6.55475e-05 -0.000516002 -0.00366736 0.0067339 0.142093 0.5 0.857907 0.993266 1.00367 1.00052 0.999934 0.999979 1 1 1 1 1 1 1 1 1 1 1 1 1 1 1 
-3.96107e-32 5.94299e-32 5.35215e-16 -6.93745e-16 -3.12981e-14 -9.24636e-15 1.54038e-12 3.10479e-12 -6.27489e-11 -2.56827e-10 1.98816e-09 1.44377e-08 -3.99063e-08 -6.22173e-07 -2.09836e-07 2.09407e-05 6.51746e-05 -0.000519899 -0.00366894 0.00677725 0.142183 0.5 0.857817 0.993223 1.00367 1.00052 0.999935 0.999979 1 1 1 1 1 1 1 1 1 1 1 1 1 1 1 
-5.94299e-32 7.30174e-32 6.19355e-16 -1.33238e-15 -3.57882e-14 1.06758e-14 1.72246e-12 2.66755e-12 -6.87998e-11 -2.52804e-10 2.14756e-09 1.4578e-08 -4.30801e-08 -6.29885e-07 -1.66165e-07 2.1137e-05 6.48586e-05 -0.000523073 -0.00367019 0.00681219 0.142256 0.5 0.857744 0.993188 1.00367 1.00052 0.999935 0.999979 1 1 1 1 1 1 1 1 1 1 1 1 1 1 1 
-7.30174e-32 8.49996e-32 6.93554e-16 -2.0831e-15 -3.99684e-14 3.33766e-14 1.89102e-12 2.1692e-12 -7.43267e-11 -2.47298e-10 2.29046e-09 1.46717e-08 -4.58635e-08 -6.36145e-07 -1.28734e-07 2.12983e-05 6.4593e-05 -0.000525656 -0.00367119 0.00684033 0.142315 0.5 0.857685 0.99316 1.00367 1.00053 0.999935 0.999979 1 1 1 1 1 1 1 1 1 1 1 1 1 1 1 
-8.49996e-32 1.13941e-31 7.54173e-16 -2.92727e-15 -4.37456e-14 5.81325e-14 2.04415e-12 1.63062e-12 -7.93102e-11 -2.40807e-10 2.41732e-09 1.47303e-08 -4.82858e-08 -6.41224e-07 -9.68607e-08 2.14307e-05 6.43715e-05 -0.000527757 -0.003672 0.00686299 0.142362 0.5 0.857638 0.993137 1.00367 1.00053 0.999936 0.999979 1 1 1 1 1 1 1 1 1 1 1 1 1 1 1 
-1.13941e-31 1.58765e-31 7.98594e-16 -3.84326e-15 -4.70596e-14 8.42176e-14 2.18093e-12 1.07071e-12 -8.37537e-11 -2.33747e-10 2.52902e-09 1.47627e-08 -5.03799e-08 -6.45346e-07 -6.98757e-08 2.15394e-05 6.41878e-05 -0.000529464 -0.00367265 0.00688123 0.1424 0.5 0.8576 0.993119 1.00367 1.00053 0.999936 0.999978 1 1 1 1 1 1 1 1 1 1 1 1 1 1 1 
-1.58765e-31 1.46226e-31 8.25295e-16 -4.80822e-15 -4.98808e-14 1.10948e-13 2.30125e-12 5.05834e-13 -8.76773e-11 -2.26458e-10 2.62667e-09 1.47765e-08 -5.218e-08 -6.48693e-07 -4.7143e-08 2.16286e-05 6.40363e-05 -0.00053085 -0.00367318 0.00689591 0.142431 0.5 0.857569 0.993104 1.00367 1.00053 0.999936 0.999978 1 1 1 1 1 1 1 1 1 1 1 1 1 1 1 
-1.46226e-31 1.66047e-31 8.33816e-16 -5.79967e-15 -5.22062e-14 1.37713e-13 2.40562e-12 -5.05193e-14 -9.11128e-11 -2.19203e-10 2.7115e-09 1.47774e-08 -5.37194e-08 -6.51414e-07 -2.80773e-08 2.17017e-05 6.3912e-05 -0.000531975 -0.00367361 0.00690773 0.142455 0.5 0.857545 0.993092 1.00367 1.00053 0.999936 0.999978 1 1 1 1 1 1 1 1 1 1 1 1 1 1 1 
-1.66047e-31 1.64009e-31 8.24636e-16 -6.79672e-15 -5.40542e-14 1.63992e-13 2.495e-12 -5.87746e-13 -9.40991e-11 -2.1218e-10 2.78481e-09 1.47698e-08 -5.50302e-08 -6.53629e-07 -1.21501e-08 2.17617e-05 6.38103e-05 -0.000532888 -0.00367397 0.00691723 0.142475 0.5 0.857525 0.993083 1.00367 1.00053 0.999936 0.999978 1 1 1 1 1 1 1 1 1 1 1 1 1 1 1 
-1.64009e-31 1.58317e-31 7.99004e-16 -7.78089e-15 -5.54589e-14 1.89363e-13 2.57063e-12 -1.09796e-12 -9.66786e-11 -2.05527e-10 2.84786e-09 1.47569e-08 -5.61417e-08 -6.55436e-07 1.1082e-09 2.18109e-05 6.37276e-05 -0.000533628 -0.00367426 0.00692487 0.142491 0.5 0.857509 0.993075 1.00367 1.00053 0.999936 0.999978 1 1 1 1 1 1 1 1 1 1 1 1 1 1 1 
-1.58317e-31 1.32261e-31 7.58742e-16 -8.7366e-15 -5.6465e-14 2.13503e-13 2.63392e-12 -1.57568e-12 -9.88947e-11 -1.99336e-10 2.90187e-09 1.47412e-08 -5.70811e-08 -6.56913e-07 1.21093e-08 2.18511e-05 6.36604e-05 -0.000534227 -0.00367451 0.00693102 0.142504 0.5 0.857496 0.993069 1.00367 1.00053 0.999936 0.999978 1 1 1 1 1 1 1 1 1 1 1 1 1 1 1 
-1.32261e-31 1.21625e-31 7.0605e-16 -9.65141e-15 -5.71233e-14 2.3618e-13 2.68634e-12 -2.01756e-12 -1.0079e-10 -1.93657e-10 2.94796e-09 1.47244e-08 -5.78724e-08 -6.58123e-07 2.12108e-08 2.18841e-05 6.3606e-05 -0.000534713 -0.00367471 0.00693596 0.142514 0.5 0.857486 0.993064 1.00367 1.00053 0.999936 0.999978 1 1 1 1 1 1 1 1 1 1 1 1 1 1 1 
-1.21625e-31 1.08963e-31 6.43322e-16 -1.05159e-14 -5.74867e-14 2.57244e-13 2.72935e-12 -2.42193e-12 -1.02404e-10 -1.88513e-10 2.98718e-09 1.47076e-08 -5.8537e-08 -6.59116e-07 2.87206e-08 2.19112e-05 6.35622e-05 -0.000535106 -0.00367487 0.00693993 0.142522 0.5 0.857478 0.99306 1.00367 1.00054 0.999936 0.999978 1 1 1 1 1 1 1 1 1 1 1 1 1 1 1 
-1.08963e-31 9.61852e-32 5.72989e-16 -1.13237e-14 -5.76074e-14 2.76615e-13 2.7643e-12 -2.78852e-12 -1.03775e-10 -1.83903e-10 3.02046e-09 1.46917e-08 -5.90939e-08 -6.59932e-07 3.49015e-08 2.19333e-05 6.35269e-05 -0.000535423 -0.00367501 0.00694311 0.142529 0.5 0.857471 0.993057 1.00368 1.00054 0.999936 0.999978 1 1 1 1 1 1 1 1 1 1 1 1 1 1 1 
-9.61852e-32 6.60495e-32 4.97398e-16 -1.20708e-14 -5.75343e-14 2.94274e-13 2.79246e-12 -3.11811e-12 -1.04935e-10 -1.79809e-10 3.04862e-09 1.4677e-08 -5.95592e-08 -6.60605e-07 3.9977e-08 2.19514e-05 6.34985e-05 -0.00053568 -0.00367512 0.00694568 0.142534 0.5 0.857466 0.993054 1.00368 1.00054 0.999937 0.999978 1 1 1 1 1 1 1 1 1 1 1 1 1 1 1 
-6.60495e-32 5.49316e-32 4.18715e-16 -1.27554e-14 -5.73123e-14 3.10244e-13 2.81497e-12 -3.41224e-12 -1.05915e-10 -1.76204e-10 3.07241e-09 1.46637e-08 -5.99473e-08 -6.6116e-07 4.41357e-08 2.19662e-05 6.34758e-05 -0.000535887 -0.00367521 0.00694773 0.142538 0.5 0.857462 0.993052 1.00368 1.00054 0.999937 0.999978 1 1 1 1 1 1 1 1 1 1 1 1 1 1 1 
-5.49316e-32 4.52609e-32 3.38868e-16 -1.33778e-14 -5.69807e-14 3.24584e-13 2.83282e-12 -3.67299e-12 -1.06742e-10 -1.73052e-10 3.09245e-09 1.4652e-08 -6.02702e-08 -6.61618e-07 4.75364e-08 2.19783e-05 6.34577e-05 -0.000536055 -0.00367529 0.00694938 0.142542 0.5 0.857458 0.993051 1.00368 1.00054 0.999937 0.999978 1 1 1 1 1 1 1 1 1 1 1 1 1 1 1 
-4.52609e-32 2.09245e-32 2.59509e-16 -1.39393e-14 -5.65735e-14 3.37379e-13 2.84687e-12 -3.90277e-12 -1.07438e-10 -1.70314e-10 3.10932e-09 1.46419e-08 -6.05384e-08 -6.61998e-07 5.03119e-08 2.19882e-05 6.34432e-05 -0.00053619 -0.00367535 0.00695071 0.142545 0.5 0.857455 0.993049 1.00368 1.00054 0.999937 0.999978 1 1 1 1 1 1 1 1 1 1 1 1 1 1 1 
-2.09245e-32 1.46662e-32 1.82e-16 -1.44426e-14 -5.61189e-14 3.48731e-13 2.85784e-12 -4.10416e-12 -1.08023e-10 -1.67949e-10 3.12348e-09 1.46333e-08 -6.07608e-08 -6.62313e-07 5.2573e-08 2.19963e-05 6.34317e-05 -0.000536299 -0.0036754 0.00695177 0.142547 0.5 0.857453 0.993048 1.00368 1.00054 0.999937 0.999978 1 1 1 1 1 1 1 1 1 1 1 1 1 1 1 
-1.46662e-32 2.69111e-33 1.07425e-16 -1.4891e-14 -5.564e-14 3.58749e-13 2.86637e-12 -4.2798e-12 -1.08515e-10 -1.65918e-10 3.13537e-09 1.4626e-08 -6.09448e-08 -6.62574e-07 5.44119e-08 2.20029e-05 6.34226e-05 -0.000536386 -0.00367545 0.00695263 0.142549 0.5 0.857451 0.993047 1.00368 1.00054 0.999937 0.999978 1 1 1 1 1 1 1 1 1 1 1 1 1 1 1 
-2.69111e-33 2.07274e-33 3.65964e-17 -1.52883e-14 -5.5155e-14 3.67549e-13 2.87295e-12 -4.43229e-12 -1.08928e-10 -1.64182e-10 3.14532e-09 1.46198e-08 -6.10969e-08 -6.62791e-07 5.59049e-08 2.20082e-05 6.34153e-05 -0.000536457 -0.00367548 0.00695331 0.14255 0.5 0.85745 0.993047 1.00368 1.00054 0.999937 0.999978 1 1 1 1 1 1 1 1 1 1 1 1 1 1 1 
-2.07274e-33 -3.90275e-34 -2.9909e-17 -1.56387e-14 -5.4678e-14 3.75246e-13 2.878e-12 -4.56415e-12 -1.09275e-10 -1.62705e-10 3.15364e-09 1.46148e-08 -6.12223e-08 -6.62971e-07 5.71151e-08 2.20126e-05 6.34096e-05 -0.000536514 -0.00367551 0.00695386 0.142551 0.5 0.857449 0.993046 1.00368 1.00054 0.999937 0.999978 1 1 1 1 1 1 1 1 1 1 1 1 1 1 1 
3.90275e-34 -3.90275e-34 -9.1727e-17 -1.59463e-14 -5.42191e-14 3.81952e-13 2.88186e-12 -4.67773e-12 -1.09566e-10 -1.61454e-10 3.1606e-09 1.46107e-08 -6.13256e-08 -6.63121e-07 5.80946e-08 2.20162e-05 6.3405e-05 -0.00053656 -0.00367553 0.0069543 0.142552 0.5 0.857448 0.993046 1.00368 1.00054 0.999937 0.999978 1 1 1 1 1 1 1 1 1 1 1 1 1 1 1 
3.90275e-34 4.14974e-33 -1.48671e-16 -1.62153e-14 -5.37856e-14 3.87774e-13 2.8848e-12 -4.77521e-12 -1.09811e-10 -1.60398e-10 3.1664e-09 1.46073e-08 -6.14106e-08 -6.63245e-07 5.88863e-08 2.20191e-05 6.34014e-05 -0.000536597 -0.00367555 0.00695465 0.142553 0.5 0.857447 0.993045 1.00368 1.00054 0.999937 0.999978 1 1 1 1 1 1 1 1 1 1 1 1 1 1 1 
-4.14974e-33 1.07324e-32 -2.00701e-16 -1.64497e-14 -5.33823e-14 3.92812e-13 2.88704e-12 -4.85862e-12 -1.10016e-10 -1.5951e-10 3.17124e-09 1.46046e-08 -6.14804e-08 -6.63349e-07 5.95252e-08 2.20215e-05 6.33986e-05 -0.000536626 -0.00367557 0.00695494 0.142553 0.5 0.857447 0.993045 1.00368 1.00054 0.999937 0.999978 1 1 1 1 1 1 1 1 1 1 1 1 1 1 1 
-1.07324e-32 1.80724e-32 -2.47893e-16 -1.66532e-14 -5.30116e-14 3.97158e-13 2.88874e-12 -4.92976e-12 -1.10188e-10 -1.58765e-10 3.17527e-09 1.46025e-08 -6.15377e-08 -6.63435e-07 6.00401e-08 2.20234e-05 6.33963e-05 -0.00053665 -0.00367558 0.00695516 0.142554 0.5 0.857446 0.993045 1.00368 1.00054 0.999937 0.999978 1 1 1 1 1 1 1 1 1 1 1 1 1 1 1 
-1.80724e-32 2.06473e-32 -2.90412e-16 -1.68295e-14 -5.26747e-14 4.00898e-13 2.89004e-12 -4.99026e-12 -1.10332e-10 -1.58144e-10 3.17862e-09 1.46008e-08 -6.15846e-08 -6.63506e-07 6.04546e-08 2.20249e-05 6.33946e-05 -0.000536669 -0.00367559 0.00695535 0.142554 0.5 0.857446 0.993045 1.00368 1.00054 0.999937 0.999978 1 1 1 1 1 1 1 1 1 1 1 1 1 1 1 
-2.06473e-32 3.26862e-32 -3.2849e-16 -1.69818e-14 -5.23714e-14 4.04108e-13 2.89103e-12 -5.04159e-12 -1.10453e-10 -1.57626e-10 3.18141e-09 1.45995e-08 -6.16229e-08 -6.63565e-07 6.07877e-08 2.20262e-05 6.33932e-05 -0.000536684 -0.0036756 0.00695549 0.142555 0.5 0.857445 0.993045 1.00368 1.00054 0.999937 0.999978 1 1 1 1 1 1 1 1 1 1 1 1 1 1 1 
-3.26862e-32 3.54242e-32 -3.624e-16 -1.7113e-14 -5.21007e-14 4.06856e-13 2.8918e-12 -5.08501e-12 -1.10555e-10 -1.57196e-10 3.18372e-09 1.45984e-08 -6.16543e-08 -6.63615e-07 6.10551e-08 2.20272e-05 6.33921e-05 -0.000536697 -0.00367561 0.00695561 0.142555 0.5 0.857445 0.993044 1.00368 1.00054 0.999937 0.999978 1 1 1 1 1 1 1 1 1 1 1 1 1 1 1 
-3.54242e-32 3.78502e-32 -3.92446e-16 -1.72259e-14 -5.18608e-14 4.09204e-13 2.8924e-12 -5.12167e-12 -1.10641e-10 -1.5684e-10 3.18563e-09 1.45977e-08 -6.16798e-08 -6.63655e-07 6.12696e-08 2.20281e-05 6.33913e-05 -0.000536707 -0.00367561 0.0069557 0.142555 0.5 0.857445 0.993044 1.00368 1.00054 0.999937 0.999978 1 1 1 1 1 1 1 1 1 1 1 1 1 1 1 
-3.78502e-32 3.2095e-32 -4.18942e-16 -1.73227e-14 -5.16498e-14 4.11206e-13 2.89288e-12 -5.15253e-12 -1.10712e-10 -1.56547e-10 3.18722e-09 1.45971e-08 -6.17007e-08 -6.63689e-07 6.14413e-08 2.20287e-05 6.33906e-05 -0.000536714 -0.00367562 0.00695578 0.142555 0.5 0.857445 0.993044 1.00368 1.00054 0.999937 0.999978 1 1 1 1 1 1 1 1 1 1 1 1 1 1 1 
-3.2095e-32 4.38771e-32 -4.42208e-16 -1.74057e-14 -5.14653e-14 4.1291e-13 2.89326e-12 -5.17847e-12 -1.10773e-10 -1.56305e-10 3.18853e-09 1.45967e-08 -6.17177e-08 -6.63717e-07 6.15787e-08 2.20293e-05 6.33901e-05 -0.000536721 -0.00367562 0.00695584 0.142555 0.5 0.857445 0.993044 1.00368 1.00054 0.999937 0.999978 1 1 1 1 1 1 1 1 1 1 1 1 1 1 1 
-4.38771e-32 4.63414e-32 -4.62554e-16 -1.74767e-14 -5.13049e-14 4.14357e-13 2.89358e-12 -5.20022e-12 -1.10823e-10 -1.56106e-10 3.18962e-09 1.45963e-08 -6.17314e-08 -6.6374e-07 6.16885e-08 2.20297e-05 6.33897e-05 -0.000536726 -0.00367562 0.00695589 0.142555 0.5 0.857445 0.993044 1.00368 1.00054 0.999937 0.999978 1 1 1 1 1 1 1 1 1 1 1 1 1 1 1 
-4.63414e-32 6.64171e-32 -4.80282e-16 -1.75374e-14 -5.11662e-14 4.15584e-13 2.89385e-12 -5.21843e-12 -1.10865e-10 -1.55943e-10 3.19052e-09 1.45961e-08 -6.17426e-08 -6.63759e-07 6.17762e-08 2.20301e-05 6.33893e-05 -0.00053673 -0.00367563 0.00695592 0.142556 0.5 0.857444 0.993044 1.00368 1.00054 0.999937 0.999978 1 1 1 1 1 1 1 1 1 1 1 1 1 1 1 
-6.64171e-32 5.03528e-32 -4.95675e-16 -1.75891e-14 -5.10469e-14 4.16623e-13 2.89408e-12 -5.23363e-12 -1.10901e-10 -1.5581e-10 3.19126e-09 1.4596e-08 -6.17517e-08 -6.63775e-07 6.18461e-08 2.20303e-05 6.33891e-05 -0.000536733 -0.00367563 0.00695596 0.142556 0.5 0.857444 0.993044 1.00368 1.00054 0.999937 0.999978 1 1 1 1 1 1 1 1 1 1 1 1 1 1 1 
-5.03528e-32 4.3002e-32 -5.08997e-16 -1.76333e-14 -5.09447e-14 4.17501e-13 2.89428e-12 -5.24631e-12 -1.10931e-10 -1.55702e-10 3.19187e-09 1.45959e-08 -6.17591e-08 -6.63788e-07 6.19018e-08 2.20306e-05 6.33889e-05 -0.000536736 -0.00367563 0.00695598 0.142556 0.5 0.857444 0.993044 1.00368 1.00054 0.999937 0.999978 1 1 1 1 1 1 1 1 1 1 1 1 1 1 1 
-4.3002e-32 7.17513e-32 -5.20492e-16 -1.76708e-14 -5.08576e-14 4.18242e-13 2.89446e-12 -5.25686e-12 -1.10956e-10 -1.55614e-10 3.19237e-09 1.45958e-08 -6.1765e-08 -6.63799e-07 6.19461e-08 2.20308e-05 6.33887e-05 -0.000536738 -0.00367563 0.006956 0.142556 0.5 0.857444 0.993044 1.00368 1.00054 0.999937 0.999978 1 1 1 1 1 1 1 1 1 1 1 1 1 1 1 
-7.17513e-32 7.33486e-32 -5.30384e-16 -1.77028e-14 -5.07836e-14 4.18867e-13 2.89462e-12 -5.26563e-12 -1.10977e-10 -1.55542e-10 3.19278e-09 1.45958e-08 -6.17698e-08 -6.63808e-07 6.19813e-08 2.20309e-05 6.33886e-05 -0.000536739 -0.00367563 0.00695602 0.142556 0.5 0.857444 0.993044 1.00368 1.00054 0.999937 0.999978 1 1 1 1 1 1 1 1 1 1 1 1 1 1 1 
