1 1 0.9875 0.975 0.9625 0.95 0.9375 0.925 0.9125 0.9 0.8875 0.875 0.8625 0.85 0.8375 0.825 0.8125 0.8 0.7875 0.775 0.7625 0.75 0.7375 0.725 0.7125 0.7 0.6875 0.675 0.6625 0.65 0.6375 0.625 0.6125 0.6 0.5875 0.575 0.5625 0.55 0.5375 0.525 0.5125 0.5 0.5 
1 1 1.00236 0.98475 0.972125 0.9595 0.946875 0.93425 0.921625 0.909 0.896375 0.88375 0.871125 0.8585 0.845875 0.83325 0.820625 0.808 0.795375 0.78275 0.770125 0.7575 0.744875 0.73225 0.719625 0.707 0.694375 0.68175 0.669125 0.6565 0.643875 0.63125 0.618625 0.606 0.593375 0.58075 0.568125 0.5555 0.542875 0.53025 0.517625 0.505 0.5 
1 1 0.99953 1.00655 0.979977 0.969168 0.956416 0.943664 0.930912 0.918159 0.905407 0.892655 0.879903 0.86715 0.854398 0.841646 0.828894 0.816142 0.803389 0.790637 0.777885 0.765133 0.752381 0.739628 0.726876 0.714124 0.701372 0.688619 0.675867 0.663115 0.650363 0.637611 0.624858 0.612106 0.599354 0.586602 0.57385 0.561097 0.548345 0.535593 0.522841 0.510088 0.495 
1 1 1.00009 0.997954 1.01404 0.971414 0.966854 0.953228 0.940347 0.927465 0.914584 0.901702 0.888821 0.875939 0.863058 0.850176 0.837295 0.824414 0.811532 0.798651 0.785769 0.772888 0.760006 0.747125 0.734243 0.721362 0.70848 0.695599 0.682717 0.669836 0.656955 0.644073 0.631192 0.61831 0.605429 0.592547 0.579666 0.566784 0.553903 0.541021 0.52814 0.515258 0.489912 
1 1 0.999983 1.00051 0.993973 1.02742 0.955922 0.966916 0.949625 0.936891 0.923878 0.910866 0.897853 0.884841 0.871829 0.858816 0.845804 0.832792 0.819779 0.806767 0.793754 0.780742 0.76773 0.754717 0.741705 0.728693 0.71568 0.702668 0.689656 0.676643 0.663631 0.650618 0.637606 0.624594 0.611581 0.598569 0.585557 0.572544 0.559532 0.546519 0.533507 0.520495 0.484742 
1 1 1 0.999888 1.00179 0.985084 1.05072 0.928426 0.973041 0.944509 0.93334 0.920095 0.906951 0.893806 0.880662 0.867518 0.854374 0.84123 0.828085 0.814941 0.801797 0.788653 0.775508 0.762364 0.74922 0.736076 0.722932 0.709787 0.696643 0.683499 0.670355 0.657211 0.644066 0.630922 0.617778 0.604634 0.59149 0.578345 0.565201 0.552057 0.538913 0.525768 0.479505 
1 1 1 1.00002 0.999571 1.00468 0.96695 1.08904 0.882229 0.992234 0.9351 0.930106 0.915992 0.902751 0.889476 0.8762 0.862924 0.849648 0.836373 0.823097 0.809821 0.796545 0.78327 0.769994 0.756718 0.743442 0.730167 0.716891 0.703615 0.690339 0.677064 0.663788 0.650512 0.637236 0.623961 0.610685 0.597409 0.584133 0.570857 0.557582 0.544306 0.53103 0.474232 
1 1 1 0.999997 1.00007 0.998867 1.00943 0.93337 1.14525 0.812208 1.03607 0.915908 0.928589 0.911241 0.898162 0.884745 0.87134 0.857934 0.844529 0.831124 0.817719 0.804313 0.790908 0.777503 0.764098 0.750693 0.737287 0.723882 0.710477 0.697072 0.683666 0.670261 0.656856 0.643451 0.630046 0.61664 0.603235 0.58983 0.576425 0.563019 0.549614 0.536209 0.46897 
1 1 1 1 0.999993 1.00016 0.997867 1.013 0.878465 1.21337 0.721381 1.12039 0.879114 0.93201 0.90502 0.893142 0.879495 0.865968 0.852437 0.838907 0.825376 0.811845 0.798314 0.784784 0.771253 0.757722 0.744191 0.730661 0.71713 0.703599 0.690068 0.676538 0.663007 0.649476 0.635945 0.622415 0.608884 0.595353 0.581822 0.568292 0.554761 0.54123 0.463791 
1 1 1 1 1 0.999992 1.00018 0.997143 1.00489 0.801747 1.27544 0.620581 1.26378 0.818818 0.94584 0.895676 0.887926 0.873657 0.860043 0.846391 0.832739 0.819088 0.805436 0.791785 0.778133 0.764482 0.75083 0.737179 0.723527 0.709876 0.696224 0.682573 0.668922 0.65527 0.641619 0.627967 0.614316 0.600664 0.587013 0.573361 0.55971 0.546058 0.45877 
1 1 1 1 1 1 1 1.00006 0.996631 0.96714 0.711942 1.31087 0.502475 1.49555 0.737857 0.977485 0.880521 0.88328 0.867209 0.853649 0.839869 0.826101 0.812333 0.798565 0.784796 0.771028 0.757259 0.743491 0.729723 0.715954 0.702186 0.688418 0.674649 0.660881 0.647113 0.633344 0.619576 0.605808 0.592039 0.578271 0.564503 0.550734 0.453942 
1 1 1 1 1 1 1 1.00001 0.999386 0.989288 0.863218 0.708623 1.19347 0.436741 1.76477 0.689918 1.0174 0.859119 0.879096 0.859264 0.84611 0.832183 0.818316 0.804446 0.790576 0.776706 0.762837 0.748967 0.735097 0.721227 0.707358 0.693488 0.679618 0.665748 0.651879 0.638009 0.624139 0.610269 0.5964 0.58253 0.56866 0.55479 0.449266 
1 1 1 1 1 1 1 1 0.999814 0.995956 0.93766 0.763411 0.816488 0.903287 0.428486 2.02171 0.706461 1.03744 0.83782 0.874921 0.849867 0.837584 0.823449 0.809504 0.795547 0.78159 0.767633 0.753676 0.739719 0.725762 0.711805 0.697848 0.683891 0.669934 0.655977 0.64202 0.628063 0.614106 0.600149 0.586192 0.572235 0.558279 0.44521 
1 1 1 1 1 1 1 1 0.999927 0.998202 0.96985 0.836227 0.766366 0.866581 0.59858 0.457405 2.27751 0.751611 1.01636 0.824739 0.869089 0.839531 0.828359 0.81394 0.799943 0.785906 0.771872 0.757838 0.743804 0.72977 0.715736 0.701702 0.687668 0.673634 0.6596 0.645566 0.631532 0.617498 0.603464 0.58943 0.575396 0.561362 0.441721 
1 1 1 1 1 1 1 1 0.999967 0.999097 0.984141 0.892659 0.776377 0.812958 0.708258 0.469033 0.519287 2.53609 0.784622 0.963179 0.822896 0.859576 0.828931 0.818531 0.803816 0.789787 0.775677 0.761574 0.747471 0.733368 0.719265 0.705161 0.691058 0.676955 0.662852 0.648748 0.634645 0.620542 0.606439 0.592336 0.578232 0.564129 0.438638 
1 1 1 1 1 1 1 1 0.999983 0.999503 0.990995 0.929976 0.808143 0.785339 0.749386 0.499155 0.510273 0.601296 2.76486 0.789784 0.908228 0.827386 0.846088 0.818603 0.8081 0.793196 0.779139 0.764961 0.750796 0.73663 0.722464 0.708298 0.694132 0.679967 0.665801 0.651635 0.637469 0.623303 0.609137 0.594971 0.580805 0.566639 0.435871 
1 1 1 1 1 1 1 1 0.99999 0.999708 0.994593 0.953792 0.844412 0.779461 0.758647 0.556308 0.492019 0.579266 0.684712 2.9248 0.778478 0.873196 0.829818 0.830752 0.808568 0.797127 0.782212 0.768113 0.753872 0.73965 0.725426 0.711202 0.696978 0.682754 0.66853 0.654306 0.640082 0.625857 0.611633 0.597409 0.583185 0.568961 0.433361 
1 1 1 1 1 1 1 1 0.999994 0.999823 0.996644 0.969234 0.878269 0.788442 0.758391 0.604546 0.491426 0.555126 0.663402 0.76165 3.00412 0.769177 0.856397 0.825575 0.816084 0.798446 0.785779 0.770989 0.756824 0.742525 0.728248 0.713969 0.699689 0.68541 0.671131 0.656851 0.642572 0.628292 0.614013 0.599734 0.585454 0.571175 0.431039 
1 1 1 1 1 1 1 1 0.999997 0.999891 0.997888 0.9795 0.907496 0.807176 0.758423 0.641056 0.503313 0.53443 0.640723 0.742677 0.825619 3.01906 0.764696 0.846033 0.81583 0.803074 0.787906 0.774245 0.759615 0.745366 0.731015 0.716684 0.70235 0.688016 0.673683 0.659349 0.645015 0.630682 0.616348 0.602014 0.587681 0.573347 0.428825 
1 1 1 1 1 1 1 1 0.999998 0.999932 0.998669 0.986428 0.931608 0.831876 0.762961 0.66751 0.523243 0.51936 0.617012 0.723011 0.80946 0.874312 2.99164 0.759272 0.835051 0.803928 0.791327 0.776892 0.762658 0.748142 0.733805 0.719404 0.705018 0.690629 0.676241 0.661853 0.647465 0.633077 0.618689 0.604301 0.589913 0.575525 0.426653 
1 1 1 1 1 1 1 1 0.999999 0.999958 0.999166 0.991117 0.950785 0.859424 0.773767 0.687109 0.547394 0.510773 0.59353 0.701771 0.792763 0.861596 0.908129 2.93568 0.750197 0.822714 0.79203 0.780083 0.765541 0.751075 0.7366 0.72218 0.707729 0.693287 0.678843 0.6644 0.649956 0.635513 0.621069 0.606626 0.592182 0.577739 0.424475 
1 1 1 1 1 1 1 1 0.999999 0.999975 0.999484 0.994277 0.965542 0.887203 0.791195 0.703435 0.572794 0.5088 0.571649 0.678845 0.774872 0.847949 0.899319 0.928554 2.85954 0.738169 0.810368 0.780628 0.768848 0.754028 0.739507 0.725013 0.710519 0.696014 0.681515 0.667015 0.652515 0.638014 0.623514 0.609014 0.594513 0.580013 0.422261 
1 1 1 1 1 1 1 1 1 0.999985 0.999687 0.996384 0.976548 0.913161 0.814531 0.719846 0.597621 0.513023 0.552575 0.654677 0.755195 0.833236 0.889063 0.923806 0.93737 2.77022 0.724691 0.79883 0.769447 0.757478 0.74248 0.72795 0.7134 0.69884 0.684279 0.669721 0.655162 0.640602 0.626043 0.611484 0.596925 0.582366 0.419987 
1 1 1 1 1 1 1 1 1 0.999991 0.999814 0.997768 0.984507 0.935887 0.842172 0.739093 0.621362 0.52259 0.537269 0.630063 0.733434 0.817054 0.87751 0.917313 0.93656 0.936441 2.67436 0.710768 0.788084 0.758188 0.746024 0.730955 0.7164 0.701779 0.687157 0.672536 0.657916 0.643296 0.628675 0.614055 0.599435 0.584814 0.417634 
1 1 1 1 1 1 1 1 1 0.999995 0.999892 0.998658 0.990079 0.954623 0.871854 0.762994 0.644744 0.536422 0.526399 0.605982 0.709681 0.798921 0.864596 0.909179 0.934034 0.939201 0.927654 2.57763 0.69684 0.777796 0.746755 0.734571 0.719463 0.704855 0.690163 0.675477 0.660794 0.646109 0.631425 0.616741 0.602056 0.587372 0.415186 
1 1 1 1 1 1 1 1 1 0.999997 0.999939 0.999216 0.993851 0.969212 0.901042 0.792108 0.669435 0.55355 0.520305 0.583453 0.684401 0.778494 0.850036 0.899519 0.929665 0.940571 0.93341 0.912853 2.4843 0.683096 0.767684 0.735195 0.723167 0.707996 0.693319 0.678555 0.663805 0.649054 0.634303 0.619551 0.6048 0.590049 0.412628 
1 1 1 1 1 1 1 1 1 0.999999 0.999967 0.999556 0.996313 0.979963 0.927453 0.825518 0.697504 0.573541 0.519006 0.563397 0.658352 0.755715 0.83343 0.888312 0.923503 0.94018 0.938302 0.920895 0.893765 2.39718 0.669667 0.757604 0.723583 0.711817 0.69654 0.681791 0.666957 0.652137 0.637316 0.622494 0.607673 0.592852 0.409951 
1 1 1 1 1 1 1 1 1 0.999999 0.999983 0.999756 0.997863 0.987479 0.949514 0.860931 0.730645 0.596839 0.522324 0.546525 0.632442 0.730876 0.814435 0.875344 0.91565 0.93784 0.941812 0.928663 0.903333 0.871931 2.3179 0.656677 0.74749 0.711967 0.700504 0.685086 0.670268 0.655361 0.640468 0.625573 0.610679 0.595784 0.407148 
1 1 1 1 1 1 1 1 1 1 0.999991 0.99987 0.998803 0.992476 0.966598 0.895271 0.769302 0.624806 0.530184 0.533277 0.607574 0.70458 0.79294 0.860267 0.906114 0.933569 0.94349 0.935653 0.913162 0.882313 0.848665 2.24721 0.644219 0.737294 0.700368 0.689205 0.673626 0.658743 0.643759 0.62879 0.613818 0.598847 0.404216 
1 1 1 1 1 1 1 1 1 1 0.999996 0.999933 0.999351 0.995644 0.978928 0.925627 0.812029 0.65926 0.543027 0.523866 0.5845 0.677619 0.769153 0.842762 0.894722 0.927471 0.9431 0.941248 0.922895 0.893341 0.859262 0.825038 2.18516 0.632336 0.726961 0.688788 0.677898 0.66215 0.647204 0.632139 0.61709 0.602039 0.401153 
1 1 1 1 1 1 1 1 1 1 0.999998 0.999967 0.999659 0.997566 0.987278 0.950128 0.855556 0.701477 0.562175 0.518493 0.563722 0.650814 0.743588 0.82271 0.881166 0.919572 0.940648 0.944915 0.931923 0.904875 0.87071 0.835398 0.801875 2.1313 0.62102 0.716429 0.677222 0.666565 0.65065 0.635639 0.620488 0.605356 0.397961 
1 1 1 1 1 1 1 1 1 1 0.999999 0.999984 0.999826 0.998685 0.99262 0.968295 0.895812 0.750908 0.589828 0.517727 0.545493 0.624849 0.716952 0.800292 0.865156 0.909723 0.936246 0.946389 0.939522 0.916494 0.883064 0.846655 0.81169 0.779771 2.08486 0.610219 0.705644 0.66567 0.655188 0.639111 0.624033 0.608792 0.394644 
1 1 1 1 1 1 1 1 1 1 1 0.999992 0.999914 0.999311 0.995872 0.980784 0.92945 0.804352 0.628378 0.522977 0.529974 0.600158 0.689981 0.775978 0.846591 0.897641 0.929928 0.945677 0.945089 0.927482 0.896192 0.858978 0.822351 0.788858 0.759117 2.0448 0.599854 0.694571 0.654128 0.64375 0.627523 0.612372 0.391208 
1 1 1 1 1 1 1 1 1 1 1 0.999997 0.999959 0.999649 0.997766 0.988832 0.954953 0.856494 0.678896 0.536839 0.517565 0.576889 0.663274 0.750419 0.825656 0.883069 0.921553 0.942897 0.94834 0.937002 0.909613 0.872503 0.834038 0.798701 0.767382 0.740122 2.00994 0.589832 0.683201 0.642591 0.632236 0.615871 0.387628 
1 1 1 1 1 1 1 1 1 1 1 0.999998 0.999981 0.999826 0.998827 0.993744 0.972686 0.901907 0.739288 0.562956 0.509403 0.555015 0.637166 0.724284 0.802806 0.865936 0.910854 0.938081 0.949291 0.944393 0.922491 0.887119 0.847037 0.809427 0.776323 0.747544 0.72285 1.97909 0.580058 0.671546 0.63105 0.620631 0.384129 
1 1 1 1 1 1 1 1 1 1 1 0.999999 0.999991 0.999916 0.999401 0.996609 0.984153 0.937256 0.803544 0.604897 0.507887 0.534612 0.611672 0.698096 0.778654 0.846445 0.897602 0.931078 0.948057 0.949358 0.933881 0.902276 0.861588 0.82132 0.78599 0.755575 0.729459 0.707246 1.95104 0.570442 0.659634 0.619486 0.379369 
1 1 1 1 1 1 1 1 1 1 1 1 0.999996 0.999961 0.999703 0.998216 0.991146 0.962124 0.863478 0.663758 0.517025 0.516315 0.58656 0.672105 0.753823 0.825052 0.881762 0.921628 0.944648 0.951914 0.943061 0.917018 0.877609 0.834808 0.796564 0.764223 0.736617 0.713114 0.693169 1.92472 0.560902 0.647501 0.380514 
1 1 1 1 1 1 1 1 1 1 1 1 0.999998 0.999982 0.999856 0.999088 0.995215 0.978211 0.912341 0.735429 0.542202 0.501896 0.561565 0.646219 0.728787 0.802352 0.863564 0.909528 0.938891 0.952157 0.949719 0.930282 0.894486 0.850263 0.808455 0.77354 0.744332 0.719463 0.698396 0.680412 1.89917 0.55137 0.352499 
1 1 1 1 1 1 1 1 1 1 1 1 0.999999 0.999992 0.999932 0.999546 0.997491 0.987955 0.94751 0.810152 0.588544 0.494835 0.53678 0.62003 0.703741 0.778945 0.843473 0.894777 0.930524 0.950056 0.953852 0.941279 0.911131 0.867654 0.822271 0.783771 0.752579 0.726332 0.704027 0.685119 0.668735 1.87359 0.44863 
1 1 1 1 1 1 1 1 1 1 1 1 1 0.999996 0.999969 0.999781 0.998723 0.993566 0.97031 0.876352 0.657192 0.500716 0.51321 0.59298 0.678522 0.755283 0.822088 0.877639 0.919365 0.945402 0.955517 0.949659 0.926352 0.886302 0.838549 0.795478 0.761407 0.733693 0.710131 0.690147 0.673049 0.657883 -0.873594 
1 1 1 1 1 1 1 1 1 1 1 1 1 1 1 0.999995 0.999916 0.999299 0.995505 0.968837 0.812384 0.549273 0.476671 0.540707 0.630624 0.711427 0.781303 0.842474 0.893664 0.931586 0.953863 0.960222 0.950201 0.920797 0.873247 0.82136 0.779366 0.748063 0.72232 0.70018 0.68147 0.665351 0.342117 
1 1 1 1 1 1 1 1 1 1 1 1 1 1 1 1 1.00001 1.00001 0.999796 0.998545 0.961983 0.695073 0.468895 0.487072 0.579265 0.667894 0.740902 0.80408 0.860543 0.908184 0.942788 0.961456 0.964104 0.949748 0.913009 0.856926 0.802391 0.763542 0.735563 0.711558 0.690724 0.673233 0.334649 
1 1 1 1 1 1 1 1 1 1 1 1 1 1 1 1 1 1.00001 1.00005 0.99996 1.00409 0.925134 0.544421 0.439242 0.521304 0.621429 0.702054 0.766488 0.823912 0.876699 0.921533 0.953191 0.968257 0.967193 0.948232 0.902258 0.836883 0.782385 0.74878 0.724074 0.701347 0.681742 0.326767 
1 1 1 1 1 1 1 1 1 1 1 1 1 1 1 1 1 0.999999 1.00001 1.00008 0.999104 1.01595 0.806958 0.429626 0.454887 0.567777 0.662134 0.731901 0.788441 0.8414 0.89147 0.934086 0.963012 0.974257 0.969417 0.945336 0.887232 0.812861 0.762499 0.735724 0.713486 0.691532 0.318258 
1 1 1 1 1 1 1 1 1 1 1 1 1 1 1 1 1 1 0.999997 1 1.00028 0.995437 1.02582 0.601049 0.391691 0.500419 0.617458 0.6985 0.757314 0.807462 0.857309 0.905424 0.946208 0.972404 0.979292 0.970551 0.940214 0.865935 0.785348 0.744334 0.724688 0.703408 0.308468 
1 1 1 1 1 1 1 1 1 1 1 1 1 1 1 1 1 1 1 0.999996 0.999957 1.00119 0.987752 0.964715 0.418473 0.412525 0.559295 0.663715 0.728936 0.778535 0.82408 0.872044 0.918765 0.958015 0.981416 0.983131 0.97055 0.931758 0.83674 0.756492 0.729715 0.715536 0.296592 
1 1 1 1 1 1 1 1 1 1 1 1 1 1 1 1 1 1 1 1 1 0.999694 1.00421 0.986225 0.773033 0.353953 0.466385 0.618863 0.702006 0.752408 0.795389 0.837804 0.884911 0.930776 0.969231 0.990341 0.985907 0.970667 0.920448 0.80032 0.729739 0.720022 0.284464 
1 1 1 1 1 1 1 1 1 1 1 1 1 1 1 1 1 1 1 1 1 1.00006 0.998674 1.00933 0.976511 0.522555 0.365906 0.535194 0.674227 0.731788 0.770448 0.809679 0.850095 0.897216 0.942349 0.980485 0.999508 0.986675 0.970569 0.901355 0.755917 0.708391 0.279978 
1 1 1 1 1 1 1 1 1 1 1 1 1 1 1 1 1 1 1 1 1 0.999989 1.00035 0.996027 1.01921 0.853239 0.367754 0.41571 0.60727 0.721758 0.752502 0.784324 0.822473 0.86139 0.909364 0.953518 0.991973 1.00935 0.984229 0.970781 0.868662 0.707616 0.291609 
1 1 1 1 1 1 1 1 1 1 1 1 1 1 1 1 1 1 1 1 1 1 0.999921 1.00124 0.98986 1.03741 0.594463 0.345971 0.489158 0.67758 0.759257 0.764408 0.795854 0.834824 0.871982 0.92187 0.96421 1.0039 1.02044 0.976564 0.971067 0.815632 0.292384 
1 1 1 1 1 1 1 1 1 1 1 1 1 1 1 1 1 1 1 1 1 0.999999 1.00002 0.999681 1.00344 0.976674 0.975022 0.380657 0.386872 0.569149 0.742102 0.784416 0.768712 0.807376 0.847592 0.882017 0.935478 0.97418 1.01652 1.03321 0.960916 0.967211 0.184368 
1 1 1 1 1 1 1 1 1 1 1 1 1 1 1 1 1 1 1 1 1 1 0.999997 1.00008 0.998934 1.0087 0.966843 0.74538 0.330692 0.459241 0.645098 0.798971 0.795827 0.766905 0.820702 0.86045 0.890093 0.950463 0.981795 1.03009 1.04982 0.933762 0.0327891 
1 1 1 1 1 1 1 1 1 1 1 1 1 1 1 1 1 1 1 1 1 1 1 0.999984 1.00027 0.997032 1.01737 0.932831 0.47836 0.360613 0.541989 0.714183 0.847787 0.791545 0.76269 0.838906 0.873366 0.896054 0.969124 0.985705 1.04544 1.06942 0.0662383 
1 1 1 1 1 1 1 1 1 1 1 1 1 1 1 1 1 1 1 1 1 1 1 1 0.999943 1.00076 0.993063 1.0311 0.751421 0.350146 0.426325 0.624352 0.774467 0.886422 0.771262 0.760637 0.864386 0.884755 0.898813 0.994428 0.982506 1.06449 -0.0694159 
1 1 1 1 1 1 1 1 1 1 1 1 1 1 1 1 1 1 1 1 1 1 1 0.999999 1.00001 0.999815 1.00201 0.984428 1.02524 0.482296 0.353679 0.508775 0.699902 0.823885 0.913593 0.73765 0.763298 0.899265 0.891435 0.894585 1.03234 0.963615 -0.0644943 
1 1 1 1 1 1 1 1 1 1 1 1 1 1 1 1 1 1 1 1 1 1 1 1 0.999997 1.00005 0.999379 1.00549 0.97041 0.888728 0.338456 0.408018 0.587927 0.764985 0.861733 0.930043 0.693444 0.770158 0.948734 0.888614 0.873641 1.09891 0.0363853 
1 1 1 1 1 1 1 1 1 1 1 1 1 1 1 1 1 1 1 1 1 1 1 1 1 0.999992 1.00013 0.998547 1.01016 0.957542 0.59868 0.338108 0.492031 0.667083 0.825403 0.893139 0.911438 0.652621 0.794474 1.01251 0.86887 0.837701 -0.0989058 
1 1 1 1 1 1 1 1 1 1 1 1 1 1 1 1 1 1 1 1 1 1 1 1 1 1 0.999963 1.00047 0.995673 1.02272 0.871834 0.390484 0.381192 0.570024 0.727113 0.876899 0.916123 0.879278 0.606756 0.811462 1.11481 0.821666 0.162299 
1 1 1 1 1 1 1 1 1 1 1 1 1 1 1 1 1 1 1 1 1 1 1 1 1 1 1.00001 0.999909 1.00101 0.991429 1.02955 0.610001 0.338371 0.462492 0.652623 0.784749 0.926998 0.927548 0.79323 0.591265 0.838917 1.23365 0.178334 
1 1 1 1 1 1 1 1 1 1 1 1 1 1 1 1 1 1 1 1 1 1 1 1 1 1 1 1.00001 0.999907 1.00105 0.988655 0.914593 0.377005 0.386579 0.560577 0.731301 0.838685 0.971448 0.901421 0.684258 0.616327 0.870196 -0.233654 
1 1 1 1 1 1 1 1 1 1 1 1 1 1 1 1 1 1 1 1 1 1 1 1 1 1 1 0.999999 1.00003 0.99964 1.00384 0.992556 0.68005 0.330055 0.454213 0.632371 0.786979 0.859264 1.03186 0.851787 0.613233 0.60842 0.129804 
1 1 1 1 1 1 1 1 1 1 1 1 1 1 1 1 1 1 1 1 1 1 1 1 1 1 1 1 0.999993 1.0001 0.998793 1.00725 0.951265 0.427092 0.360202 0.533934 0.699178 0.838033 0.857991 1.11151 0.74359 0.560639 0.39158 
1 1 1 1 1 1 1 1 1 1 1 1 1 1 1 1 1 1 1 1 1 1 1 1 1 1 1 1 1 0.999982 1.00024 0.997602 1.01269 0.724057 0.331577 0.433666 0.617912 0.761642 0.883223 0.830832 1.18268 0.594132 0.439361 
1 1 1 1 1 1 1 1 1 1 1 1 1 1 1 1 1 1 1 1 1 1 1 1 1 1 1 1 1 1 0.999972 1.00037 0.996354 0.962419 0.439056 0.360399 0.526863 0.697184 0.816788 0.913262 0.777375 1.188 0.405868 
1 1 1 1 1 1 1 1 1 1 1 1 1 1 1 1 1 1 1 1 1 1 1 1 1 1 1 1 1 1 1 0.999958 1.00053 0.994354 0.729433 0.336283 0.436247 0.616427 0.764146 0.860713 0.919189 0.703816 -0.188 
1 1 1 1 1 1 1 1 1 1 1 1 1 1 1 1 1 1 1 1 1 1 1 1 1 1 1 1 1 1 0.999999 1.00001 0.999826 1.00196 0.979795 0.470955 0.349533 0.511383 0.682955 0.81113 0.889909 0.921359 0.296184 
1 1 1 1 1 1 1 1 1 1 1 1 1 1 1 1 1 1 1 1 1 1 1 1 1 1 1 1 1 1 1 0.999996 1.00005 0.999327 1.0068 0.826867 0.334949 0.404627 0.587089 0.741249 0.85095 0.915558 0.0786411 
1 1 1 1 1 1 1 1 1 1 1 1 1 1 1 1 1 1 1 1 1 1 1 1 1 1 1 1 1 1 1 1 0.999984 1.00022 0.99756 1.01684 0.547545 0.331043 0.481016 0.657998 0.791032 0.884582 0.0844418 
1 1 1 1 1 1 1 1 1 1 1 1 1 1 1 1 1 1 1 1 1 1 1 1 1 1 1 1 1 1 1 1 1 0.999935 1.00078 0.992773 0.923515 0.350031 0.378934 0.560398 0.720954 0.832643 0.115418 
1 1 1 1 1 1 1 1 1 1 1 1 1 1 1 1 1 1 1 1 1 1 1 1 1 1 1 1 1 1 1 1 0.999999 1.00002 0.999739 1.00266 0.998474 0.664231 0.318682 0.452795 0.633821 0.773714 0.167357 
1 1 1 1 1 1 1 1 1 1 1 1 1 1 1 1 1 1 1 1 1 1 1 1 1 1 1 1 1 1 1 1 1 0.999994 1.00008 0.999044 1.00466 0.9617 0.408774 0.353477 0.532326 0.699072 0.226286 
1 1 1 1 1 1 1 1 1 1 1 1 1 1 1 1 1 1 1 1 1 1 1 1 1 1 1 1 1 1 1 1 1 1 0.999974 1.00032 0.997517 1.01384 0.753772 0.318178 0.420682 0.609231 0.300928 
1 1 1 1 1 1 1 1 1 1 1 1 1 1 1 1 1 1 1 1 1 1 1 1 1 1 1 1 1 1 1 1 1 1 1.00001 0.999899 1.00097 0.993228 1.01237 0.467697 0.336785 0.501838 0.390769 
1 1 1 1 1 1 1 1 1 1 1 1 1 1 1 1 1 1 1 1 1 1 1 1 1 1 1 1 1 1 1 1 1 1 0.999998 1.00003 0.999657 1.00278 0.986476 0.86526 0.322777 0.396003 0.498162 
1 1 1 1 1 1 1 1 1 1 1 1 1 1 1 1 1 1 1 1 1 1 1 1 1 1 1 1 1 1 1 1 1 1 1 0.99999 1.00012 0.998887 1.00705 0.988779 0.579985 0.322407 0.603997 
1 1 1 1 1 1 1 1 1 1 1 1 1 1 1 1 1 1 1 1 1 1 1 1 1 1 1 1 1 1 1 1 1 1 1 1 0.999962 1.0004 0.996786 1.01368 0.905145 0.363548 0.677593 
1 1 1 1 1 1 1 1 1 1 1 1 1 1 1 1 1 1 1 1 1 1 1 1 1 1 1 1 1 1 1 1 1 1 1 0.999999 1.00001 0.999865 1.00123 0.99207 1.03171 0.645842 0.636452 
1 1 1 1 1 1 1 1 1 1 1 1 1 1 1 1 1 1 1 1 1 1 1 1 1 1 1 1 1 1 1 1 1 1 1 1 0.999997 1.00004 0.999584 1.0032 0.981083 0.99501 0.354158 
1 1 1 1 1 1 1 1 1 1 1 1 1 1 1 1 1 1 1 1 1 1 1 1 1 1 1 1 1 1 1 1 1 1 1 1 1 0.999987 1.00015 0.998683 1.00863 0.969891 0.00498954 
1 1 1 1 1 1 1 1 1 1 1 1 1 1 1 1 1 1 1 1 1 1 1 1 1 1 1 1 1 1 1 1 1 1 1 1 1 1 0.999951 1.00049 0.996145 1.01902 0.0301089 
1 1 1 1 1 1 1 1 1 1 1 1 1 1 1 1 1 1 1 1 1 1 1 1 1 1 1 1 1 1 1 1 1 1 1 1 1 0.999999 1.00002 0.999835 1.00145 0.990028 -0.0190201 
1 1 1 1 1 1 1 1 1 1 1 1 1 1 1 1 1 1 1 1 1 1 1 1 1 1 1 1 1 1 1 1 1 1 1 1 1 1 0.999995 1.00006 0.99944 1.00427 0.00997186 
1 1 1 1 1 1 1 1 1 1 1 1 1 1 1 1 1 1 1 1 1 1 1 1 1 1 1 1 1 1 1 1 1 1 1 1 1 1 1 0.999981 1.0002 0.998236 -0.0042691 
1 1 1 1 1 1 1 1 1 1 1 1 1 1 1 1 1 1 1 1 1 1 1 1 1 1 1 1 1 1 1 1 1 1 1 1 1 1 1 1.00001 0.999929 1.00068 0.00176424 
1 1 1 1 1 1 1 1 1 1 1 1 1 1 1 1 1 1 1 1 1 1 1 1 1 1 1 1 1 1 1 1 1 1 1 1 1 1 1 0.999998 1.00002 0.999748 -0.000680008 
1 1 1 1 1 1 1 1 1 1 1 1 1 1 1 1 1 1 1 1 1 1 1 1 1 1 1 1 1 1 1 1 1 1 1 1 1 1 1 1 0.999992 1.00009 0.000252496 
1 1 1 1 1 1 1 1 1 1 1 1 1 1 1 1 1 1 1 1 1 1 1 1 1 1 1 1 1 1 1 1 1 1 1 1 1 1 1 1 1 0.999969 -9.02018e-05 
1 1 1 1 1 1 1 1 1 1 1 1 1 1 1 1 1 1 1 1 1 1 1 1 1 1 1 1 1 1 1 1 1 1 1 1 1 1 1 1 0.999999 1.00001 3.12521e-05 
1 1 1 1 1 1 1 1 1 1 1 1 1 1 1 1 1 1 1 1 1 1 1 1 1 1 1 1 1 1 1 1 1 1 1 1 1 1 1 1 1 0.999997 -1.05226e-05 
1 1 1 1 1 1 1 1 1 1 1 1 1 1 1 1 1 1 1 1 1 1 1 1 1 1 1 1 1 1 1 1 1 1 1 1 1 1 1 1 1 1 3.4496e-06 
1 1 1 1 1 1 1 1 1 1 1 1 1 1 1 1 1 1 1 1 1 1 1 1 1 1 1 1 1 1 1 1 1 1 1 1 1 1 1 1 1 1 -1.10053e-06 
1 1 1 1 1 1 1 1 1 1 1 1 1 1 1 1 1 1 1 1 1 1 1 1 1 1 1 1 1 1 1 1 1 1 1 1 1 1 1 1 1 1 3.4075e-07 
1 1 1 1 1 1 1 1 1 1 1 1 1 1 1 1 1 1 1 1 1 1 1 1 1 1 1 1 1 1 1 1 1 1 1 1 1 1 1 1 1 1 -1.01726e-07 
1 1 1 1 1 1 1 1 1 1 1 1 1 1 1 1 1 1 1 1 1 1 1 1 1 1 1 1 1 1 1 1 1 1 1 1 1 1 1 1 1 1 2.88967e-08 
