No, norma, norm_delta_time, elapsed_norm_time
0, 44.9576, 0.00185797, 0
1, 3.14394, 0.00185797, 0.00185797
2, 2.80662, 0.00187037, 0.00372834
3, 2.59507, 0.00188549, 0.00561383
4, 2.43551, 0.0018967, 0.00751053
5, 2.30743, 0.00190409, 0.00941462
6, 2.20619, 0.0019143, 0.0113289
7, 2.12367, 0.00192641, 0.0132553
8, 2.05056, 0.00193578, 0.0151911
9, 1.98543, 0.0019435, 0.0171346
10, 1.92958, 0.00195288, 0.0190875
11, 1.87662, 0.00195887, 0.0210464
12, 1.83112, 0.00196739, 0.0230138
13, 1.79137, 0.0019778, 0.0249916
14, 1.75227, 0.00198506, 0.0269766
15, 1.71775, 0.00199416, 0.0289708
16, 1.68575, 0.00200327, 0.030974
17, 1.65524, 0.0020115, 0.0329855
18, 1.62712, 0.00202027, 0.0350058
19, 1.5999, 0.00202799, 0.0370338
20, 1.57431, 0.00203576, 0.0390696
21, 1.54986, 0.00204317, 0.0411127
22, 1.52623, 0.00204993, 0.0431627
23, 1.5041, 0.00205712, 0.0452198
24, 1.48214, 0.00206302, 0.0472828
25, 1.46197, 0.00207003, 0.0493528
26, 1.44148, 0.00207525, 0.0514281
27, 1.42291, 0.002082, 0.0535101
28, 1.40381, 0.00208677, 0.0555969
29, 1.3865, 0.00209312, 0.05769
30, 1.36875, 0.00209772, 0.0597877
31, 1.35259, 0.00210376, 0.0618915
32, 1.336, 0.00210817, 0.0639996
33, 1.32088, 0.002114, 0.0661136
34, 1.30531, 0.00211821, 0.0682318
35, 1.29113, 0.00212388, 0.0703557
36, 1.27644, 0.00212789, 0.0724836
37, 1.26314, 0.00213347, 0.0746171
38, 1.24923, 0.00213727, 0.0767544
39, 1.23673, 0.0021428, 0.0788972
40, 1.2235, 0.00214637, 0.0810435
41, 1.21174, 0.0021519, 0.0831954
42, 1.19912, 0.00215524, 0.0853507
43, 1.18794, 0.00216059, 0.0875113
44, 1.17598, 0.0021639, 0.0896752
45, 1.16529, 0.00216903, 0.0918442
46, 1.15396, 0.00217238, 0.0940166
47, 1.14372, 0.00217727, 0.0961938
48, 1.13298, 0.00218069, 0.0983745
49, 1.12314, 0.00218535, 0.10056
50, 1.11296, 0.00218885, 0.102749
51, 1.10348, 0.00219327, 0.104942
52, 1.09382, 0.00219688, 0.107139
53, 1.08466, 0.00220106, 0.10934
54, 1.0755, 0.00220479, 0.111545
55, 1.06664, 0.00220872, 0.113753
56, 1.05794, 0.00221259, 0.115966
57, 1.04935, 0.00221627, 0.118182
58, 1.0411, 0.00222029, 0.120403
59, 1.03274, 0.00222372, 0.122626
60, 1.02491, 0.00222791, 0.124854
61, 1.01678, 0.00223107, 0.127085
62, 1.00935, 0.00223545, 0.129321
63, 1.00141, 0.00223835, 0.131559
64, 0.994365, 0.00224292, 0.133802
65, 0.986611, 0.00224555, 0.136048
66, 0.979772, 0.00224995, 0.138298
67, 0.972344, 0.00225267, 0.14055
68, 0.965666, 0.00225683, 0.142807
69, 0.95859, 0.00225974, 0.145067
70, 0.952071, 0.00226364, 0.14733
71, 0.945363, 0.00226674, 0.149597
72, 0.939059, 0.0022704, 0.151868
73, 0.932845, 0.0022737, 0.154141
74, 0.927032, 0.00227709, 0.156418
75, 0.921875, 0.0022806, 0.158699
76, 0.917633, 0.00228374, 0.160983
77, 0.91547, 0.00228746, 0.16327
78, 0.916028, 0.00229033, 0.16556
79, 0.921728, 0.00229428, 0.167855
80, 0.933432, 0.00229689, 0.170152
81, 0.953602, 0.00230108, 0.172453
82, 0.980682, 0.00230342, 0.174756
83, 1.01372, 0.00230738, 0.177064
84, 1.04723, 0.00231004, 0.179374
85, 1.0771, 0.0023138, 0.181687
86, 1.09822, 0.00231733, 0.184005
87, 1.10787, 0.0023212, 0.186326
88, 1.10553, 0.00232658, 0.188652
89, 1.09167, 0.0023333, 0.190986
90, 1.06792, 0.00234123, 0.193327
91, 1.03651, 0.00235034, 0.195677
92, 0.999865, 0.00236066, 0.198038
93, 0.960318, 0.00237229, 0.20041
94, 0.919946, 0.0023854, 0.202796
95, 0.880494, 0.00240024, 0.205196
96, 0.842932, 0.00241587, 0.207612
97, 0.807644, 0.00243035, 0.210042
98, 0.776208, 0.00244635, 0.212488
99, 0.749069, 0.00246421, 0.214953
100, 0.725571, 0.0024813, 0.217434
101, 0.705852, 0.00249807, 0.219932
102, 0.690322, 0.00251666, 0.222449
103, 0.678405, 0.00253619, 0.224985
104, 0.668965, 0.00255369, 0.227539
105, 0.662663, 0.00257306, 0.230112
106, 0.65906, 0.00259424, 0.232706
107, 0.656601, 0.00261256, 0.235318
108, 0.656192, 0.00263288, 0.237951
109, 0.657514, 0.00265515, 0.240607
110, 0.659092, 0.00267448, 0.243281
111, 0.661971, 0.00269601, 0.245977
112, 0.665772, 0.00271892, 0.248696
113, 0.66941, 0.00273951, 0.251435
114, 0.673976, 0.0027626, 0.254198
115, 0.678697, 0.00278568, 0.256984
116, 0.683353, 0.00280791, 0.259792
117, 0.688707, 0.00283304, 0.262625
118, 0.693516, 0.00285581, 0.26548
119, 0.698601, 0.00288017, 0.268361
120, 0.703994, 0.00290599, 0.271267
121, 0.708746, 0.00292989, 0.274197
122, 0.71422, 0.00295713, 0.277154
123, 0.718893, 0.00298198, 0.280136
124, 0.723971, 0.00300892, 0.283145
125, 0.728895, 0.00303632, 0.286181
126, 0.733615, 0.00306325, 0.289244
127, 0.73868, 0.00309292, 0.292337
128, 0.743092, 0.00312011, 0.295457
129, 0.745876, 0.0031418, 0.298599
130, 0.73968, 0.00312513, 0.301724
131, 0.733473, 0.0031092, 0.304833
132, 0.728139, 0.00309662, 0.30793
133, 0.721531, 0.0030791, 0.311009
134, 0.715927, 0.0030658, 0.314075
135, 0.709964, 0.00305108, 0.317126
136, 0.703989, 0.00303648, 0.320162
137, 0.698721, 0.00302475, 0.323187
138, 0.692423, 0.00300892, 0.326196
139, 0.687104, 0.00299693, 0.329193
140, 0.68119, 0.00298283, 0.332176
141, 0.675635, 0.00296985, 0.335146
142, 0.670241, 0.00295797, 0.338104
143, 0.664444, 0.00294403, 0.341048
144, 0.659411, 0.00293357, 0.343981
145, 0.653531, 0.00291927, 0.3469
146, 0.648385, 0.00290804, 0.349809
147, 0.642898, 0.00289541, 0.352704
148, 0.637647, 0.00288346, 0.355587
149, 0.632536, 0.00287234, 0.35846
150, 0.627165, 0.00285972, 0.361319
151, 0.622425, 0.00284999, 0.364169
152, 0.61695, 0.00283673, 0.367006
153, 0.612241, 0.00282679, 0.369833
154, 0.607016, 0.00281443, 0.372647
155, 0.602265, 0.00280397, 0.375451
156, 0.597362, 0.00279276, 0.378244
157, 0.592564, 0.00278182, 0.381026
158, 0.587984, 0.00277172, 0.383798
159, 0.583159, 0.00276031, 0.386558
160, 0.578889, 0.00275131, 0.389309
161, 0.574057, 0.00273945, 0.392049
162, 0.569912, 0.00273068, 0.394779
163, 0.565263, 0.00271926, 0.397499
164, 0.561126, 0.00271011, 0.400209
165, 0.556784, 0.00269973, 0.402909
166, 0.552664, 0.00269022, 0.405599
167, 0.54863, 0.0026809, 0.40828
168, 0.544528, 0.00267102, 0.410951
169, 0.540808, 0.00266279, 0.413613
170, 0.536726, 0.00265254, 0.416266
171, 0.533257, 0.00264511, 0.418911
172, 0.52926, 0.00263481, 0.421546
173, 0.525817, 0.00262706, 0.424173
174, 0.522133, 0.00261786, 0.426791
175, 0.518713, 0.00260978, 0.429401
176, 0.515343, 0.00260173, 0.432002
177, 0.511941, 0.0025933, 0.434596
178, 0.508885, 0.00258644, 0.437182
179, 0.505494, 0.00257766, 0.43976
180, 0.50264, 0.00257145, 0.442331
181, 0.499368, 0.00256291, 0.444894
182, 0.496519, 0.00255637, 0.44745
183, 0.493555, 0.00254908, 0.45
184, 0.490701, 0.0025422, 0.452542
185, 0.488046, 0.00253623, 0.455078
186, 0.485176, 0.00252899, 0.457607
187, 0.482765, 0.00252405, 0.460131
188, 0.479933, 0.0025168, 0.462648
189, 0.477496, 0.00251152, 0.465159
190, 0.474969, 0.00250567, 0.467665
191, 0.472496, 0.00250003, 0.470165
192, 0.470276, 0.00249567, 0.472661
193, 0.467758, 0.00248964, 0.47515
194, 0.465636, 0.00248568, 0.477636
195, 0.463282, 0.00248042, 0.480116
196, 0.46111, 0.00247608, 0.482593
197, 0.459069, 0.00247241, 0.485065
198, 0.456839, 0.00246767, 0.487533
199, 0.454956, 0.00246478, 0.489997
200, 0.452827, 0.0024605, 0.492458
201, 0.450886, 0.00245721, 0.494915
202, 0.449077, 0.0024546, 0.49737
203, 0.447072, 0.00245089, 0.499821
204, 0.445375, 0.00244882, 0.502269
205, 0.443517, 0.00244584, 0.504715
206, 0.441759, 0.00244336, 0.507159
207, 0.440219, 0.00244206, 0.509601
208, 0.438397, 0.00243915, 0.51204
209, 0.43685, 0.00243774, 0.514478
210, 0.435283, 0.00243618, 0.516914
211, 0.433674, 0.00243435, 0.519348
212, 0.432307, 0.00243384, 0.521782
213, 0.430733, 0.00243214, 0.524214
214, 0.429306, 0.00243124, 0.526645
215, 0.42801, 0.00243107, 0.529076
216, 0.426519, 0.00242976, 0.531506
217, 0.425243, 0.00242966, 0.533936
218, 0.423928, 0.00242933, 0.536365
219, 0.422587, 0.00242885, 0.538794
220, 0.421435, 0.00242945, 0.541223
221, 0.420101, 0.00242901, 0.543652
222, 0.418885, 0.00242925, 0.546082
223, 0.417763, 0.00243006, 0.548512
224, 0.416479, 0.00242995, 0.550942
225, 0.415361, 0.00243083, 0.553373
226, 0.414196, 0.00243146, 0.555804
227, 0.413013, 0.00243201, 0.558236
228, 0.411976, 0.00243346, 0.560669
229, 0.410768, 0.00243392, 0.563103
230, 0.409669, 0.00243507, 0.565538
231, 0.408611, 0.00243649, 0.567975
232, 0.407451, 0.00243733, 0.570412
233, 0.406423, 0.002439, 0.572851
234, 0.40531, 0.00244018, 0.575291
235, 0.404229, 0.00244158, 0.577733
236, 0.403238, 0.00244355, 0.580177
237, 0.402105, 0.00244466, 0.582621
238, 0.401096, 0.00244655, 0.585068
239, 0.400046, 0.00244819, 0.587516
240, 0.398994, 0.00244982, 0.589966
241, 0.398045, 0.00245209, 0.592418
242, 0.396953, 0.00245347, 0.594871
243, 0.395978, 0.00245555, 0.597327
244, 0.394968, 0.00245742, 0.599784
245, 0.393961, 0.00245927, 0.602244
246, 0.393033, 0.0024616, 0.604705
247, 0.391996, 0.00246321, 0.607168
248, 0.391069, 0.00246549, 0.609634
249, 0.390076, 0.00246732, 0.612101
250, 0.389125, 0.00246938, 0.614571
251, 0.388193, 0.00247152, 0.617042
252, 0.38722, 0.00247336, 0.619516
253, 0.386338, 0.00247575, 0.621991
254, 0.385343, 0.00247737, 0.624469
255, 0.384454, 0.00247963, 0.626948
256, 0.383488, 0.00248135, 0.62943
257, 0.38258, 0.00248341, 0.631913
258, 0.381645, 0.00248524, 0.634398
259, 0.380719, 0.00248711, 0.636885
260, 0.379806, 0.00248901, 0.639374
261, 0.378864, 0.00249068, 0.641865
262, 0.377967, 0.00249261, 0.644358
263, 0.377007, 0.00249408, 0.646852
264, 0.376122, 0.00249601, 0.649348
265, 0.375145, 0.00249729, 0.651845
266, 0.37427, 0.00249921, 0.654344
267, 0.373275, 0.00250029, 0.656845
268, 0.372387, 0.00250205, 0.659347
269, 0.371397, 0.00250308, 0.66185
270, 0.370496, 0.00250466, 0.664354
271, 0.369513, 0.00250565, 0.66686
272, 0.368598, 0.00250706, 0.669367
273, 0.367625, 0.00250802, 0.671875
274, 0.366698, 0.00250924, 0.674384
275, 0.365739, 0.0025102, 0.676895
276, 0.3648, 0.00251124, 0.679406
277, 0.363861, 0.00251222, 0.681918
278, 0.362911, 0.00251306, 0.684431
279, 0.361997, 0.0025141, 0.686945
280, 0.361037, 0.00251474, 0.68946
281, 0.360155, 0.00251586, 0.691976
282, 0.359185, 0.0025163, 0.694492
283, 0.358332, 0.00251748, 0.69701
284, 0.357361, 0.00251776, 0.699527
285, 0.356503, 0.00251875, 0.702046
286, 0.355573, 0.00251915, 0.704565
287, 0.354709, 0.00251994, 0.707085
288, 0.353826, 0.00252049, 0.709606
289, 0.352956, 0.00252107, 0.712127
290, 0.352123, 0.00252181, 0.714648
291, 0.351248, 0.00252217, 0.717171
292, 0.350471, 0.00252313, 0.719694
293, 0.349591, 0.00252325, 0.722217
294, 0.348832, 0.00252415, 0.724741
295, 0.347991, 0.00252434, 0.727266
296, 0.347236, 0.00252503, 0.729791
297, 0.346464, 0.00252546, 0.732316
298, 0.345723, 0.00252592, 0.734842
299, 0.345042, 0.00252661, 0.737369
300, 0.344343, 0.00252685, 0.739895
301, 0.343798, 0.00252782, 0.742423
302, 0.343204, 0.00252783, 0.744951
303, 0.342824, 0.00252861, 0.74748
304, 0.342532, 0.00252888, 0.750009
305, 0.342499, 0.00252946, 0.752538
306, 0.342766, 0.00253002, 0.755068
307, 0.343415, 0.00253038, 0.757598
308, 0.344675, 0.00253127, 0.76013
309, 0.34653, 0.00253142, 0.762661
310, 0.349348, 0.00253229, 0.765193
311, 0.35311, 0.00253258, 0.767726
312, 0.358082, 0.00253326, 0.770259
313, 0.364265, 0.00253389, 0.772793
314, 0.371606, 0.00253437, 0.775327
315, 0.380037, 0.0025354, 0.777863
316, 0.389065, 0.00253569, 0.780399
317, 0.398475, 0.00253668, 0.782935
318, 0.407593, 0.00253728, 0.785473
319, 0.415975, 0.00253812, 0.788011
320, 0.423145, 0.00253938, 0.79055
321, 0.428536, 0.00254013, 0.79309
322, 0.432043, 0.00254158, 0.795632
323, 0.433453, 0.0025434, 0.798175
324, 0.43265, 0.00254504, 0.80072
325, 0.429876, 0.00254739, 0.803268
326, 0.425311, 0.00255042, 0.805818
327, 0.419202, 0.00255409, 0.808372
328, 0.41184, 0.0025584, 0.81093
329, 0.403532, 0.00256332, 0.813494
330, 0.394585, 0.00256889, 0.816063
331, 0.385288, 0.00257511, 0.818638
332, 0.375906, 0.00258204, 0.82122
333, 0.366668, 0.00258972, 0.82381
334, 0.357732, 0.00259795, 0.826408
335, 0.349132, 0.00260585, 0.829013
336, 0.341119, 0.00261442, 0.831628
337, 0.333776, 0.00262374, 0.834252
338, 0.327095, 0.00263338, 0.836885
339, 0.321002, 0.00264251, 0.839527
340, 0.315646, 0.00265238, 0.84218
341, 0.311019, 0.00266307, 0.844843
342, 0.306865, 0.00267265, 0.847516
343, 0.303358, 0.00268293, 0.850198
344, 0.300463, 0.00269405, 0.852892
345, 0.297922, 0.00270411, 0.855597
346, 0.29587, 0.00271475, 0.858311
347, 0.294288, 0.00272626, 0.861038
348, 0.292899, 0.0027365, 0.863774
349, 0.291883, 0.00274749, 0.866522
350, 0.291178, 0.00275905, 0.869281
351, 0.290582, 0.00276958, 0.87205
352, 0.290259, 0.00278094, 0.874831
353, 0.290103, 0.00279235, 0.877624
354, 0.290026, 0.00280322, 0.880427
355, 0.290155, 0.00281497, 0.883242
356, 0.290318, 0.00282609, 0.886068
357, 0.290576, 0.00283733, 0.888905
358, 0.290991, 0.00284941, 0.891755
359, 0.291334, 0.00286021, 0.894615
360, 0.291816, 0.00287187, 0.897487
361, 0.292337, 0.0028835, 0.90037
362, 0.292851, 0.0028947, 0.903265
363, 0.29349, 0.00290685, 0.906172
364, 0.29405, 0.00291795, 0.90909
365, 0.294688, 0.00292963, 0.912019
366, 0.295372, 0.00294156, 0.914961
367, 0.296003, 0.00295285, 0.917914
368, 0.296745, 0.00296509, 0.920879
369, 0.297413, 0.0029765, 0.923855
370, 0.298133, 0.00298834, 0.926844
371, 0.298904, 0.00300064, 0.929844
372, 0.299602, 0.00301215, 0.932856
373, 0.300405, 0.00302466, 0.935881
374, 0.30115, 0.00303656, 0.938918
375, 0.301927, 0.00304875, 0.941966
376, 0.302777, 0.00306169, 0.945028
377, 0.303532, 0.00307361, 0.948102
378, 0.304387, 0.00308661, 0.951188
379, 0.305226, 0.00309937, 0.954288
380, 0.306056, 0.00311212, 0.9574
381, 0.307013, 0.0031261, 0.960526
382, 0.307827, 0.00313873, 0.963665
383, 0.30876, 0.00315248, 0.966817
384, 0.309712, 0.00316657, 0.969984
385, 0.310625, 0.00318016, 0.973164
386, 0.311655, 0.00319511, 0.976359
387, 0.312619, 0.00320927, 0.979568
388, 0.313629, 0.00322409, 0.982792
389, 0.314752, 0.00323996, 0.986032
390, 0.314352, 0.00324026, 0.989273
391, 0.31366, 0.00323731, 0.99251
392, 0.31298, 0.00323458, 0.995744
393, 0.312386, 0.00323247, 0.998977
394, 0.311674, 0.00322927, 1.00221
395, 0.311057, 0.00322679, 1.00543
396, 0.310412, 0.00322415, 1.00866
397, 0.309767, 0.00322126, 1.01188
398, 0.309173, 0.00321904, 1.0151
399, 0.308504, 0.00321579, 1.01831
400, 0.307885, 0.00321323, 1.02153
401, 0.307257, 0.00321032, 1.02474
402, 0.306613, 0.00320741, 1.02794
403, 0.306021, 0.00320481, 1.03115
404, 0.305352, 0.00320157, 1.03435
405, 0.304772, 0.00319903, 1.03755
406, 0.3041, 0.00319569, 1.04075
407, 0.303497, 0.00319287, 1.04394
408, 0.302858, 0.00318982, 1.04713
409, 0.302232, 0.00318671, 1.05031
410, 0.30163, 0.003184, 1.0535
411, 0.30098, 0.00318061, 1.05668
412, 0.300385, 0.00317795, 1.05986
413, 0.299745, 0.00317465, 1.06303
414, 0.299131, 0.00317174, 1.0662
415, 0.298536, 0.00316891, 1.06937
416, 0.2979, 0.00316574, 1.07254
417, 0.29734, 0.00316328, 1.0757
418, 0.296701, 0.00316005, 1.07886
419, 0.296119, 0.00315736, 1.08202
420, 0.295541, 0.00315475, 1.08517
421, 0.294935, 0.00315182, 1.08833
422, 0.29439, 0.00314956, 1.09148
423, 0.293797, 0.00314676, 1.09462
424, 0.293232, 0.00314428, 1.09777
425, 0.292709, 0.00314226, 1.10091
426, 0.292123, 0.00313953, 1.10405
427, 0.291594, 0.00313746, 1.10719
428, 0.291071, 0.00313541, 1.11032
429, 0.290519, 0.00313311, 1.11345
430, 0.290028, 0.0031314, 1.11659
431, 0.289504, 0.00312942, 1.11971
432, 0.288993, 0.00312749, 1.12284
433, 0.288524, 0.00312612, 1.12597
434, 0.288019, 0.00312427, 1.12909
435, 0.28753, 0.00312268, 1.13222
436, 0.287094, 0.0031216, 1.13534
437, 0.286599, 0.00311995, 1.13846
438, 0.286142, 0.00311866, 1.14158
439, 0.285722, 0.00311783, 1.14469
440, 0.285254, 0.00311642, 1.14781
441, 0.284816, 0.00311539, 1.15093
442, 0.284418, 0.00311478, 1.15404
443, 0.283971, 0.00311364, 1.15715
444, 0.283553, 0.00311283, 1.16027
445, 0.283173, 0.00311242, 1.16338
446, 0.282747, 0.00311155, 1.16649
447, 0.28235, 0.00311094, 1.1696
448, 0.28198, 0.00311069, 1.17271
449, 0.281583, 0.00311008, 1.17582
450, 0.281194, 0.00310964, 1.17893
451, 0.280843, 0.00310954, 1.18204
452, 0.28046, 0.00310916, 1.18515
453, 0.280092, 0.00310887, 1.18826
454, 0.279744, 0.00310889, 1.19137
455, 0.279386, 0.00310872, 1.19448
456, 0.279024, 0.00310856, 1.19759
457, 0.27869, 0.00310868, 1.20069
458, 0.278344, 0.00310867, 1.2038
459, 0.277994, 0.00310863, 1.20691
460, 0.277668, 0.00310884, 1.21002
461, 0.277332, 0.00310895, 1.21313
462, 0.276993, 0.003109, 1.21624
463, 0.276674, 0.0031093, 1.21935
464, 0.276345, 0.00310947, 1.22246
465, 0.276015, 0.00310962, 1.22557
466, 0.275704, 0.00310999, 1.22868
467, 0.275377, 0.00311016, 1.23179
468, 0.275056, 0.00311039, 1.2349
469, 0.274753, 0.00311083, 1.23801
470, 0.274424, 0.00311095, 1.24112
471, 0.274112, 0.00311126, 1.24423
472, 0.273802, 0.00311158, 1.24734
473, 0.273483, 0.00311178, 1.25045
474, 0.273182, 0.00311217, 1.25357
475, 0.272858, 0.00311229, 1.25668
476, 0.272552, 0.00311259, 1.25979
477, 0.272234, 0.00311274, 1.2629
478, 0.271923, 0.00311295, 1.26602
479, 0.271603, 0.00311303, 1.26913
480, 0.271289, 0.00311317, 1.27224
481, 0.270962, 0.00311311, 1.27536
482, 0.27064, 0.00311311, 1.27847
483, 0.270305, 0.00311291, 1.28158
484, 0.269963, 0.0031126, 1.28469
485, 0.269617, 0.00311221, 1.28781
486, 0.269263, 0.0031117, 1.29092
487, 0.268886, 0.00311087, 1.29403
488, 0.268498, 0.00310989, 1.29714
489, 0.268101, 0.00310875, 1.30025
490, 0.267696, 0.00310748, 1.30336
491, 0.267268, 0.00310588, 1.30646
492, 0.266824, 0.00310407, 1.30956
493, 0.266379, 0.00310219, 1.31267
494, 0.265924, 0.00310015, 1.31577
495, 0.265443, 0.00309775, 1.31887
496, 0.264972, 0.00309542, 1.32196
497, 0.264485, 0.00309287, 1.32505
498, 0.263984, 0.0030901, 1.32814
499, 0.26351, 0.0030876, 1.33123
500, 0.262983, 0.00308443, 1.33432
501, 0.262488, 0.00308161, 1.3374
502, 0.261972, 0.00307849, 1.34048
503, 0.26146, 0.00307541, 1.34355
504, 0.260954, 0.00307235, 1.34662
505, 0.26043, 0.00306906, 1.34969
506, 0.259932, 0.00306606, 1.35276
507, 0.2594, 0.00306264, 1.35582
508, 0.258909, 0.0030597, 1.35888
509, 0.258373, 0.00305622, 1.36194
510, 0.257885, 0.00305333, 1.36499
511, 0.257349, 0.00304987, 1.36804
512, 0.256863, 0.00304702, 1.37109
513, 0.256331, 0.00304364, 1.37413
514, 0.255843, 0.00304083, 1.37717
515, 0.255317, 0.00303761, 1.38021
516, 0.254825, 0.00303483, 1.38324
517, 0.25431, 0.00303181, 1.38628
518, 0.25381, 0.00302906, 1.38931
519, 0.253307, 0.00302632, 1.39233
520, 0.252798, 0.00302357, 1.39535
521, 0.25231, 0.00302115, 1.39838
522, 0.251789, 0.0030184, 1.40139
523, 0.251319, 0.00301636, 1.40441
524, 0.250783, 0.0030136, 1.40742
525, 0.250311, 0.0030117, 1.41044
526, 0.249782, 0.00300919, 1.41345
527, 0.249296, 0.00300728, 1.41645
528, 0.248788, 0.00300519, 1.41946
529, 0.248287, 0.00300325, 1.42246
530, 0.247806, 0.00300162, 1.42546
531, 0.247292, 0.00299963, 1.42846
532, 0.246839, 0.00299844, 1.43146
533, 0.24632, 0.00299644, 1.43446
534, 0.245865, 0.00299519, 1.43745
535, 0.245391, 0.00299366, 1.44045
536, 0.244947, 0.00299235, 1.44344
537, 0.24454, 0.0029913, 1.44643
538, 0.244132, 0.00298991, 1.44942
539, 0.243821, 0.00298925, 1.45241
540, 0.243504, 0.00298786, 1.4554
541, 0.243312, 0.00298712, 1.45838
542, 0.243202, 0.00298619, 1.46137
543, 0.243229, 0.00298535, 1.46436
544, 0.243454, 0.00298489, 1.46734
545, 0.243854, 0.00298394, 1.47032
546, 0.244578, 0.00298365, 1.47331
547, 0.245589, 0.00298286, 1.47629
548, 0.247025, 0.00298245, 1.47927
549, 0.248922, 0.0029821, 1.48226
550, 0.251315, 0.00298157, 1.48524
551, 0.254311, 0.00298165, 1.48822
552, 0.257808, 0.00298099, 1.4912
553, 0.2619, 0.00298095, 1.49418
554, 0.266458, 0.00298075, 1.49716
555, 0.27139, 0.00298057, 1.50014
