1 1 0.9875 0.975 0.9625 0.95 0.9375 0.925 0.9125 0.9 0.8875 0.875 0.8625 0.85 0.8375 0.825 0.8125 0.8 0.7875 0.775 0.7625 0.75 0.7375 0.725 0.7125 0.7 0.6875 0.675 0.6625 0.65 0.6375 0.625 0.6125 0.6 0.5875 0.575 0.5625 0.55 0.5375 0.525 0.5125 0.5 0.5 
1 1 1.00979 0.989625 0.976938 0.96425 0.951563 0.938875 0.926188 0.9135 0.900813 0.888125 0.875438 0.86275 0.850063 0.837375 0.824688 0.812 0.799313 0.786625 0.773938 0.76125 0.748563 0.735875 0.723188 0.7105 0.697813 0.685125 0.672438 0.65975 0.647063 0.634375 0.621688 0.609 0.596313 0.583625 0.570938 0.55825 0.545563 0.532875 0.520188 0.503773 0.5 
1 1 0.998099 1.02102 0.991667 0.978788 0.96591 0.953031 0.940152 0.927273 0.914394 0.901516 0.888637 0.875758 0.862879 0.85 0.837122 0.824243 0.811364 0.798485 0.785606 0.772728 0.759849 0.74697 0.734091 0.721212 0.708334 0.695455 0.682576 0.669697 0.656819 0.64394 0.631061 0.618182 0.605303 0.592425 0.579546 0.566667 0.553788 0.540909 0.528031 0.512113 0.496227 
1 1 1.00033 0.993824 1.03386 0.993604 0.98053 0.967456 0.954383 0.941309 0.928235 0.915161 0.902088 0.889014 0.87594 0.862866 0.849793 0.836719 0.823645 0.810571 0.797498 0.784424 0.77135 0.758277 0.745203 0.732129 0.719055 0.705982 0.692908 0.679834 0.66676 0.653687 0.640613 0.627539 0.614465 0.601392 0.588318 0.575244 0.562171 0.549097 0.536023 0.522624 0.487887 
1 1 0.999947 1.00135 0.986747 1.04849 0.995409 0.982137 0.968865 0.955593 0.942321 0.929049 0.915776 0.902504 0.889232 0.87596 0.862688 0.849416 0.836144 0.822872 0.809599 0.796327 0.783055 0.769783 0.756511 0.743239 0.729967 0.716695 0.703423 0.69015 0.676878 0.663606 0.650334 0.637062 0.62379 0.610518 0.597246 0.583973 0.570701 0.557429 0.544157 0.530852 0.477376 
1 1 1.00001 0.999742 1.00337 0.97658 1.06502 0.997056 0.983582 0.970108 0.956635 0.943161 0.929687 0.916213 0.90274 0.889266 0.875792 0.862319 0.848845 0.835371 0.821897 0.808424 0.79495 0.781476 0.768002 0.754529 0.741055 0.727581 0.714108 0.700634 0.68716 0.673686 0.660213 0.646739 0.633265 0.619791 0.606318 0.592844 0.57937 0.565897 0.552423 0.538946 0.469148 
1 1 0.999999 1.00004 0.999277 1.00646 0.963299 1.08356 0.998514 0.984836 0.971158 0.957479 0.943801 0.930123 0.916444 0.902766 0.889088 0.87541 0.861731 0.848053 0.834375 0.820697 0.807018 0.79334 0.779662 0.765983 0.752305 0.738627 0.724949 0.71127 0.697592 0.683914 0.670236 0.656557 0.642879 0.629201 0.615522 0.601844 0.588166 0.574488 0.560809 0.547131 0.461054 
1 1 1 0.999994 1.00012 0.998482 1.01037 0.947255 1.1041 0.999754 0.985869 0.971983 0.958098 0.944212 0.930327 0.916441 0.902556 0.888671 0.874785 0.8609 0.847014 0.833129 0.819243 0.805358 0.791472 0.777587 0.763701 0.749816 0.73593 0.722045 0.708159 0.694274 0.680388 0.666503 0.652617 0.638732 0.624846 0.610961 0.597076 0.58319 0.569305 0.555419 0.452869 
1 1 1 1 0.999983 1.00026 0.997392 1.0144 0.929254 1.12657 1.00075 0.986652 0.972557 0.958462 0.944367 0.930272 0.916177 0.902082 0.887987 0.873892 0.859797 0.845702 0.831607 0.817512 0.803417 0.789322 0.775227 0.761132 0.747037 0.732942 0.718847 0.704752 0.690656 0.676561 0.662466 0.648371 0.634276 0.620181 0.606086 0.591991 0.577896 0.563801 0.444581 
1 1 1 1 1 0.999965 1.00045 0.996176 1.0174 0.910527 1.15079 1.00147 0.987159 0.972852 0.958546 0.944239 0.929932 0.915626 0.901319 0.887012 0.872706 0.858399 0.844092 0.829786 0.815479 0.801172 0.786866 0.772559 0.758252 0.743946 0.729639 0.715332 0.701026 0.686719 0.672413 0.658106 0.643799 0.629493 0.615186 0.600879 0.586573 0.572266 0.436199 
1 1 1 1 1 1 0.999944 1.00062 0.995119 1.01795 0.892572 1.17647 1.00189 0.987366 0.972846 0.958325 0.943805 0.929285 0.914765 0.900245 0.885725 0.871205 0.856685 0.842165 0.827645 0.813125 0.798605 0.784084 0.769564 0.755044 0.740524 0.726004 0.711484 0.696964 0.682444 0.667924 0.653404 0.638884 0.624364 0.609843 0.595323 0.580803 0.427734 
1 1 1 1 1 1 1 0.99993 1.00072 0.99451 1.01474 0.876897 1.20324 1.00199 0.987254 0.972519 0.957784 0.943048 0.928313 0.913578 0.898843 0.884108 0.869373 0.854638 0.839903 0.825167 0.810432 0.795697 0.780962 0.766227 0.751492 0.736757 0.722021 0.707286 0.692551 0.677816 0.663081 0.648346 0.633611 0.618876 0.60414 0.589405 0.419197 
1 1 1 1 1 1 1 1 0.999932 1.00069 0.994471 1.00692 0.864735 1.23062 1.00176 0.98681 0.971859 0.956907 0.941955 0.927004 0.912052 0.8971 0.882149 0.867197 0.852245 0.837294 0.822342 0.80739 0.792439 0.777487 0.762535 0.747584 0.732632 0.71768 0.702729 0.687777 0.672825 0.657874 0.642922 0.62797 0.613019 0.598067 0.410595 
1 1 1 1 1 1 1 1 1 0.999951 1.00052 0.994772 0.994483 0.856829 1.25814 1.0012 0.986028 0.970858 0.955689 0.940519 0.925349 0.91018 0.89501 0.87984 0.864671 0.849501 0.834331 0.819162 0.803992 0.788822 0.773653 0.758483 0.743313 0.728144 0.712974 0.697804 0.682635 0.667465 0.652295 0.637126 0.621956 0.606786 0.401933 
1 1 1 1 1 1 1 1 1 1 0.999977 1.00038 0.994757 0.978224 0.85337 1.28525 1.00029 0.984905 0.969516 0.954127 0.938738 0.923349 0.90796 0.892571 0.877181 0.861792 0.846403 0.831014 0.815625 0.800236 0.784846 0.769457 0.754068 0.738679 0.72329 0.707901 0.692512 0.677122 0.661733 0.646344 0.630955 0.615566 0.393214 
1 1 1 1 1 1 1 1 1 1 0.999999 1 1.0026 0.998363 0.952608 0.854069 1.3115 0.999057 0.983447 0.967836 0.952226 0.936616 0.921006 0.905395 0.889785 0.874175 0.858564 0.842954 0.827344 0.811734 0.796123 0.780513 0.764903 0.749293 0.733682 0.718072 0.702462 0.686852 0.671241 0.655631 0.640021 0.624411 0.384434 
1 1 1 1 1 1 1 1 1 1 1 0.999997 1.00022 1.00418 1.01122 0.915814 0.858309 1.33643 0.997493 0.98166 0.965827 0.949994 0.93416 0.918327 0.902494 0.886661 0.870827 0.854994 0.839161 0.823328 0.807495 0.791661 0.775828 0.759995 0.744162 0.728328 0.712495 0.696662 0.680829 0.664996 0.649162 0.633329 0.375589 
1 1 1 1 1 1 1 1 1 1 1 1 0.999918 0.998938 1.00663 1.02162 0.880839 0.865317 1.35971 0.995616 0.979558 0.9635 0.947441 0.931383 0.915325 0.899266 0.883208 0.86715 0.851091 0.835033 0.818975 0.802916 0.786858 0.7708 0.754741 0.738683 0.722625 0.706566 0.690508 0.67445 0.658391 0.642333 0.366671 
1 1 1 1 1 1 1 1 1 1 1 1 1.00003 0.999766 0.996399 1.01163 1.00503 0.871271 0.874295 1.38106 0.99344 0.977154 0.960869 0.944583 0.928297 0.912011 0.895725 0.879439 0.863153 0.846867 0.830581 0.814295 0.798009 0.781724 0.765438 0.749152 0.732866 0.71658 0.700294 0.684008 0.667722 0.651436 0.357667 
1 1 1 1 1 1 1 1 1 1 1 1 1 1.0001 0.999206 0.998343 1.01368 0.977436 0.870852 0.885662 1.4003 0.990982 0.974466 0.957949 0.941433 0.924917 0.9084 0.891884 0.875367 0.858851 0.842335 0.825818 0.809302 0.792786 0.776269 0.759753 0.743236 0.72672 0.710204 0.693687 0.677171 0.660655 0.348564 
1 1 1 1 1 1 1 1 1 1 1 1 0.999999 1.00002 1.00035 0.998712 1.00046 1.0234 0.940221 0.868871 0.901863 1.41736 0.988258 0.971508 0.954758 0.938008 0.921257 0.904507 0.887757 0.871007 0.854257 0.837507 0.820757 0.804007 0.787256 0.770506 0.753756 0.737006 0.720256 0.703506 0.686756 0.670005 0.339345 
1 1 1 1 1 1 1 1 1 1 1 1 1 0.999993 1.00008 1.00009 0.998241 1.00448 1.03722 0.895654 0.864422 0.923968 1.43222 0.985285 0.968298 0.95131 0.934322 0.917334 0.900347 0.883359 0.866371 0.849384 0.832396 0.815408 0.798421 0.781433 0.764445 0.747458 0.73047 0.713482 0.696495 0.679507 0.329995 
1 1 1 1 1 1 1 1 1 1 1 1 1 0.999999 1 1.00009 0.999793 0.996615 1.01185 1.0219 0.875834 0.855935 0.953955 1.4449 0.98208 0.96485 0.947621 0.930391 0.913162 0.895932 0.878703 0.861473 0.844244 0.827014 0.809785 0.792555 0.775326 0.758097 0.740867 0.723638 0.706408 0.689179 0.320493 
1 1 1 1 1 1 1 1 1 1 1 1 1 1 0.999998 1.00002 1.00016 0.999127 0.994909 1.01765 0.99814 0.863049 0.840461 0.99568 1.45551 0.978656 0.96118 0.943704 0.926228 0.908752 0.891276 0.8738 0.856324 0.838848 0.821372 0.803896 0.78642 0.768944 0.751468 0.733992 0.716516 0.69904 0.310821 
1 1 1 1 1 1 1 1 1 1 1 1 1 1 0.999999 0.999994 1.00005 1.0004 0.99795 0.998784 1.02234 0.96669 0.848339 0.812002 1.05707 1.46417 0.975029 0.957301 0.939574 0.921846 0.904118 0.88639 0.868662 0.850935 0.833207 0.815479 0.797751 0.780023 0.762296 0.744568 0.72684 0.709112 0.30096 
1 1 1 1 1 1 1 1 1 1 1 1 1 1 1 0.999998 0.999982 1.00013 0.99996 0.997761 1.00317 1.03378 0.927136 0.824229 0.757057 1.15587 1.471 0.97121 0.953225 0.93524 0.917254 0.899269 0.881283 0.863298 0.845313 0.827327 0.809342 0.791357 0.773371 0.755386 0.7374 0.719415 0.290888 
1 1 1 1 1 1 1 1 1 1 1 1 1 1 1 1 0.999994 1.00001 1.00017 0.999481 0.996539 1.01056 1.05027 0.882027 0.778259 0.685996 1.29205 1.47617 0.967211 0.948961 0.930712 0.912463 0.894214 0.875964 0.857715 0.839466 0.821217 0.802967 0.784718 0.766469 0.748219 0.72997 0.280585 
1 1 1 1 1 1 1 1 1 1 1 1 1 1 1 1 0.999999 0.999991 1.00005 1.00033 0.998645 0.993341 1.02279 1.05027 0.840499 0.712587 0.704651 1.36914 1.47981 0.963039 0.944519 0.925999 0.907479 0.888959 0.870439 0.851919 0.833399 0.814879 0.796359 0.777839 0.759319 0.740799 0.27003 
1 1 1 1 1 1 1 1 1 1 1 1 1 1 1 1 1 0.999998 0.999979 1.00012 1.00069 0.996944 0.987246 1.03864 1.04325 0.753488 0.706925 0.747738 1.41465 1.48208 0.958704 0.939906 0.921108 0.90231 0.883512 0.864714 0.845915 0.827117 0.808319 0.789521 0.770723 0.751925 0.259201 
1 1 1 1 1 1 1 1 1 1 1 1 1 1 1 1 1 1 0.999993 0.999948 1.00029 1.00148 0.993527 0.994552 1.04131 0.978238 0.72047 0.71118 0.804272 1.44208 1.48312 0.954212 0.935128 0.916043 0.896959 0.877875 0.858791 0.839706 0.820622 0.801538 0.782454 0.763369 0.248075 
1 1 1 1 1 1 1 1 1 1 1 1 1 1 1 1 1 1 1 0.999981 0.999876 1.00065 0.999946 0.993315 1.00321 1.05432 0.875754 0.713861 0.716033 0.869514 1.45867 1.48306 0.949567 0.930188 0.910809 0.89143 0.872051 0.852672 0.833293 0.813914 0.794536 0.775157 0.236631 
1 1 1 1 1 1 1 1 1 1 1 1 1 1 1 1 1 1 1 1.00001 0.999952 1.00002 1.0008 0.998377 0.991191 1.0158 1.0699 0.763268 0.714147 0.715318 0.945656 1.46849 1.48202 0.944774 0.925091 0.905408 0.885725 0.866042 0.84636 0.826677 0.806994 0.787311 0.224843 
1 1 1 1 1 1 1 1 1 1 1 1 1 1 1 1 1 1 1 1 0.999997 0.999937 1.0002 1.00132 0.996 0.985622 1.0344 1.00577 0.728593 0.714301 0.69755 1.04298 1.47392 1.48011 0.939834 0.919838 0.899841 0.879845 0.859848 0.839852 0.819855 0.799859 0.212689 
1 1 1 1 1 1 1 1 1 1 1 1 1 1 1 1 1 1 1 1 1 0.999983 0.99988 1.00052 1.00245 0.991813 0.994458 1.04104 0.916076 0.722578 0.70302 0.641116 1.18867 1.4764 1.47741 0.93475 0.91443 0.894109 0.873788 0.853468 0.833147 0.812826 0.200141 
1 1 1 1 1 1 1 1 1 1 1 1 1 1 1 1 1 1 1 1 1 1.00001 0.999955 0.999741 1.00114 1.00043 0.991256 1.0036 1.06031 0.812143 0.714188 0.669362 0.634478 1.31168 1.4768 1.47402 0.929522 0.908866 0.88821 0.867554 0.846898 0.826242 0.187174 
1 1 1 1 1 1 1 1 1 1 1 1 1 1 1 1 1 1 1 1 1 1 1.00002 0.999894 1 1.00129 0.998391 0.988546 1.01781 1.03228 0.756388 0.69112 0.643594 0.685456 1.3805 1.47902 1.46733 0.924121 0.903118 0.882116 0.861113 0.84011 0.173758 
1 1 1 1 1 1 1 1 1 1 1 1 1 1 1 1 1 1 1 1 1 0.999999 1.00001 0.999996 0.99987 1.00029 1.00192 0.995307 0.987995 1.02624 0.976174 0.722947 0.656232 0.651067 0.753639 1.42089 1.48825 1.452 0.918508 0.897147 0.875787 0.854426 0.15989 
1 1 1 1 1 1 1 1 1 1 1 1 1 1 1 1 1 1 1 1 1 1 1 1.00001 0.999967 0.999782 1.00077 1.00328 0.991192 0.995183 1.03604 0.895956 0.675694 0.652426 0.663325 0.829107 1.44829 1.51606 1.41513 0.912599 0.890871 0.869142 0.145574 
1 1 1 1 1 1 1 1 1 1 1 1 1 1 1 1 1 1 1 1 1 1 0.999999 1 1.00002 0.999912 0.999596 1.00168 1.00074 0.990472 1.00477 1.0508 0.771135 0.658487 0.654776 0.676945 0.908034 1.47585 1.58773 1.32783 0.906192 0.88409 0.130858 
1 1 1 1 1 1 1 1 1 1 1 1 1 1 1 1 1 1 1 1 1 1 1 0.999999 1.00001 1.00003 0.999795 1.00011 1.00181 0.997836 0.988541 1.02049 0.995313 0.688639 0.655696 0.660071 0.690996 0.985087 1.52179 1.73822 1.14564 0.898859 0.11591 
1 1 1 1 1 1 1 1 1 1 1 1 1 1 1 1 1 1 1 1 1 1 1 0.999999 0.999999 1.00002 0.999958 0.999783 1.00074 1.00195 0.993546 0.998335 1.02143 0.86604 0.663246 0.657085 0.670114 0.714935 1.0471 1.6124 1.82786 1.052 0.101141 
1 1 1 1 1 1 1 1 1 1 1 1 1 1 1 1 1 1 1 1 1 1 1 1 0.999999 1.00001 1.00002 0.999879 0.999798 1.00147 0.99905 0.993633 1.00769 1.00451 0.724192 0.658417 0.661558 0.686753 0.742438 1.12428 1.7024 2.00396 -0.0519958 
1 1 1 1 1 1 1 1 1 1 1 1 1 1 1 1 1 1 1 1 1 1 1 1 1 1 1.00001 0.999986 0.999822 1.00047 1.00122 0.996142 0.999266 1.00738 0.88226 0.671708 0.659694 0.671977 0.711228 0.784028 1.19205 1.82983 -1.00396 
1 1 1 1 1 1 1 1 1 1 1 1 1 1 1 1 1 1 1 1 1 1 1 1 1 1 1 1.00001 0.999921 0.999832 1.00094 0.999468 0.996197 1.00307 0.994699 0.746715 0.662305 0.663895 0.686864 0.738464 0.773689 1.371 -0.829829 
1 1 1 1 1 1 1 1 1 1 1 1 1 1 1 1 1 1 1 1 1 1 1 1 1 1 0.999998 1.00001 1.00004 0.999871 0.99997 1.0014 0.998412 0.997056 1.00565 0.958875 0.68755 0.66251 0.666786 0.70172 0.749835 0.822429 -0.371001 
1 1 1 1 1 1 1 1 1 1 1 1 1 1 1 1 1 1 1 1 1 1 1 1 1 1 1 0.999992 1.00001 1.00007 0.999793 0.999752 1.00278 0.997863 0.995382 1.04013 0.937821 0.672501 0.66169 0.660093 0.701103 0.776202 0.177571 
1 1 1 1 1 1 1 1 1 1 1 1 1 1 1 1 1 1 1 1 1 1 1 1 1 1 1 1 0.999981 1 1.00014 0.999775 0.999281 1.00497 0.996807 0.987587 1.10839 0.869299 0.666443 0.660702 0.652073 0.729032 0.223798 
1 1 1 1 1 1 1 1 1 1 1 1 1 1 1 1 1 1 1 1 1 1 1 1 1 1 1 1 1 0.999967 1 1.00036 0.99962 0.998798 1.01004 0.993098 0.971326 1.21516 0.747261 0.664808 0.656156 0.671496 0.270968 
1 1 1 1 1 1 1 1 1 1 1 1 1 1 1 1 1 1 1 1 1 1 1 1 1 1 1 0.999999 1 1 0.999949 1.00003 1.00072 0.999241 0.99889 1.01813 0.98417 0.951916 1.23022 0.695545 0.658968 0.66144 0.328504 
1 1 1 1 1 1 1 1 1 1 1 1 1 1 1 1 1 1 1 1 1 1 1 1 1 1 1 1 0.999999 1 1 0.999913 1.00008 1.00086 0.999061 0.999203 1.03269 0.967017 0.93403 1.20997 0.670887 0.659848 0.33856 
1 1 1 1 1 1 1 1 1 1 1 1 1 1 1 1 1 1 1 1 1 1 1 1 1 1 1 1 1 0.999999 1 1 0.99983 1.00017 1.00084 0.998992 0.999019 1.04782 0.949444 0.9166 1.17734 0.667072 0.340152 
1 1 1 1 1 1 1 1 1 1 1 1 1 1 1 1 1 1 1 1 1 1 1 1 1 1 1 1 1 1 0.999999 1 1 0.999649 1.00033 1.00088 0.998978 0.996929 1.06533 0.93208 0.899099 1.24607 0.332928 
1 1 1 1 1 1 1 1 1 1 1 1 1 1 1 1 1 1 1 1 1 1 1 1 1 1 1 1 1 1 1 0.999999 1 0.999988 0.999412 1.00062 1.00172 0.997984 0.997407 1.07491 0.913508 0.887674 -0.246069 
1 1 1 1 1 1 1 1 1 1 1 1 1 1 1 1 1 1 1 1 1 1 1 1 1 1 1 1 1 1 1 1 0.999998 1.00002 1.00005 0.998654 1.0011 1.00248 0.997728 0.985259 1.10573 0.913275 0.112326 
1 1 1 1 1 1 1 1 1 1 1 1 1 1 1 1 1 1 1 1 1 1 1 1 1 1 1 1 1 1 1 1 0.999999 0.999987 1.00002 1.00016 0.997699 1.00173 1.00545 0.996108 0.96904 1.21447 0.086725 
1 1 1 1 1 1 1 1 1 1 1 1 1 1 1 1 1 1 1 1 1 1 1 1 1 1 1 1 1 1 1 1 1 0.999998 0.999971 1.00004 1.00013 0.995905 1.0036 1.00993 0.990732 0.949713 -0.214474 
1 1 1 1 1 1 1 1 1 1 1 1 1 1 1 1 1 1 1 1 1 1 1 1 1 1 1 1 1 1 1 1 1 1 1 0.999916 1.00007 1.00092 0.990679 1.00614 1.0248 1.00865 0.0502867 
1 1 1 1 1 1 1 1 1 1 1 1 1 1 1 1 1 1 1 1 1 1 1 1 1 1 1 1 1 1 1 1 1 0.999999 1.00001 1.00001 0.999803 1.00001 1.00262 0.978919 1.01176 1.03738 -0.00864669 
1 1 1 1 1 1 1 1 1 1 1 1 1 1 1 1 1 1 1 1 1 1 1 1 1 1 1 1 1 1 1 1 1 1 0.999994 1.00001 1.00005 0.999653 0.999712 1.00608 0.958858 1.0221 -0.0373847 
1 1 1 1 1 1 1 1 1 1 1 1 1 1 1 1 1 1 1 1 1 1 1 1 1 1 1 1 1 1 1 1 1 1 1 0.999982 1.00001 1.00012 0.999607 0.998617 1.01332 0.948557 -0.0221041 
1 1 1 1 1 1 1 1 1 1 1 1 1 1 1 1 1 1 1 1 1 1 1 1 1 1 1 1 1 1 1 1 1 1 1 1.00001 0.999959 1.00001 1.00051 0.999487 0.995804 1.05955 0.0514433 
1 1 1 1 1 1 1 1 1 1 1 1 1 1 1 1 1 1 1 1 1 1 1 1 1 1 1 1 1 1 1 1 1 1 1 0.999999 1.00001 0.999924 0.99997 1.00123 0.999386 0.985356 -0.0595502 
1 1 1 1 1 1 1 1 1 1 1 1 1 1 1 1 1 1 1 1 1 1 1 1 1 1 1 1 1 1 1 1 1 1 1 1 0.999997 1.00003 0.999888 0.999747 1.0027 1.00919 0.014644 
1 1 1 1 1 1 1 1 1 1 1 1 1 1 1 1 1 1 1 1 1 1 1 1 1 1 1 1 1 1 1 1 1 1 1 1 1 0.999991 1.00014 0.999831 0.997425 1.00318 -0.0091948 
1 1 1 1 1 1 1 1 1 1 1 1 1 1 1 1 1 1 1 1 1 1 1 1 1 1 1 1 1 1 1 1 1 1 1 1 1 1 0.999962 1.00038 1.00011 0.996293 -0.00318302 
1 1 1 1 1 1 1 1 1 1 1 1 1 1 1 1 1 1 1 1 1 1 1 1 1 1 1 1 1 1 1 1 1 1 1 1 0.999999 1 1.00001 0.999878 1.0006 1.00299 0.00370673 
1 1 1 1 1 1 1 1 1 1 1 1 1 1 1 1 1 1 1 1 1 1 1 1 1 1 1 1 1 1 1 1 1 1 1 1 1 0.999998 1 1.00004 0.999305 1.00055 -0.00298939 
1 1 1 1 1 1 1 1 1 1 1 1 1 1 1 1 1 1 1 1 1 1 1 1 1 1 1 1 1 1 1 1 1 1 1 1 1 1 0.999996 0.999995 1.00018 0.999057 -0.00055299 
1 1 1 1 1 1 1 1 1 1 1 1 1 1 1 1 1 1 1 1 1 1 1 1 1 1 1 1 1 1 1 1 1 1 1 1 1 1 1 0.999995 0.999957 1.00108 0.000943105 
1 1 1 1 1 1 1 1 1 1 1 1 1 1 1 1 1 1 1 1 1 1 1 1 1 1 1 1 1 1 1 1 1 1 1 1 1 1 0.999999 1.00001 0.999999 0.999734 -0.00107905 
1 1 1 1 1 1 1 1 1 1 1 1 1 1 1 1 1 1 1 1 1 1 1 1 1 1 1 1 1 1 1 1 1 1 1 1 1 1 1 0.999997 1.00002 1.0002 0.000266343 
1 1 1 1 1 1 1 1 1 1 1 1 1 1 1 1 1 1 1 1 1 1 1 1 1 1 1 1 1 1 1 1 1 1 1 1 1 1 1 1 0.999983 0.999989 -0.00020467 
1 1 1 1 1 1 1 1 1 1 1 1 1 1 1 1 1 1 1 1 1 1 1 1 1 1 1 1 1 1 1 1 1 1 1 1 1 1 1 1 1 0.999982 1.10366e-05 
1 1 1 1 1 1 1 1 1 1 1 1 1 1 1 1 1 1 1 1 1 1 1 1 1 1 1 1 1 1 1 1 1 1 1 1 1 1 1 1 0.999999 1.00002 1.83395e-05 
1 1 1 1 1 1 1 1 1 1 1 1 1 1 1 1 1 1 1 1 1 1 1 1 1 1 1 1 1 1 1 1 1 1 1 1 1 1 1 1 1 0.999994 -2.2434e-05 
1 1 1 1 1 1 1 1 1 1 1 1 1 1 1 1 1 1 1 1 1 1 1 1 1 1 1 1 1 1 1 1 1 1 1 1 1 1 1 1 1 1 5.69218e-06 
1 1 1 1 1 1 1 1 1 1 1 1 1 1 1 1 1 1 1 1 1 1 1 1 1 1 1 1 1 1 1 1 1 1 1 1 1 1 1 1 1 1 -4.43872e-06 
1 1 1 1 1 1 1 1 1 1 1 1 1 1 1 1 1 1 1 1 1 1 1 1 1 1 1 1 1 1 1 1 1 1 1 1 1 1 1 1 1 1 2.77761e-07 
1 1 1 1 1 1 1 1 1 1 1 1 1 1 1 1 1 1 1 1 1 1 1 1 1 1 1 1 1 1 1 1 1 1 1 1 1 1 1 1 1 1 3.7011e-07 
1 1 1 1 1 1 1 1 1 1 1 1 1 1 1 1 1 1 1 1 1 1 1 1 1 1 1 1 1 1 1 1 1 1 1 1 1 1 1 1 1 1 -4.5897e-07 
1 1 1 1 1 1 1 1 1 1 1 1 1 1 1 1 1 1 1 1 1 1 1 1 1 1 1 1 1 1 1 1 1 1 1 1 1 1 1 1 1 1 1.19708e-07 
1 1 1 1 1 1 1 1 1 1 1 1 1 1 1 1 1 1 1 1 1 1 1 1 1 1 1 1 1 1 1 1 1 1 1 1 1 1 1 1 1 1 -1.03199e-07 
1 1 1 1 1 1 1 1 1 1 1 1 1 1 1 1 1 1 1 1 1 1 1 1 1 1 1 1 1 1 1 1 1 1 1 1 1 1 1 1 1 1 1.56323e-08 
