No, norm, delta_time
1, 0.13835, 0.75
2, 0.0709958, 0.75
3, 0.053239, 0.75
4, 0.0452444, 0.75
5, 0.0401302, 0.75
6, 0.0363976, 0.75
7, 0.0335131, 0.75
8, 0.0310623, 0.75
9, 0.029095, 0.75
10, 0.027365, 0.75
11, 0.0259645, 0.75
12, 0.0247241, 0.75
13, 0.0237037, 0.75
14, 0.0227886, 0.75
15, 0.0220065, 0.75
16, 0.0212849, 0.75
17, 0.0206329, 0.75
18, 0.0200087, 0.75
19, 0.0194138, 0.75
20, 0.0188273, 0.75
21, 0.0182488, 0.75
22, 0.0176701, 0.75
23, 0.0170909, 0.75
24, 0.01651, 0.75
25, 0.0159275, 0.75
26, 0.0153455, 0.75
27, 0.0147645, 0.75
28, 0.0141874, 0.75
29, 0.0136152, 0.75
30, 0.0130507, 0.75
31, 0.0124947, 0.75
32, 0.0119497, 0.75
33, 0.0114163, 0.75
34, 0.0108963, 0.75
35, 0.0103904, 0.75
36, 0.00989961, 0.75
37, 0.00942438, 0.75
38, 0.00896531, 0.75
39, 0.00852265, 0.75
40, 0.00809659, 0.75
41, 0.00768721, 0.75
42, 0.00729441, 0.75
43, 0.0069181, 0.75
44, 0.006558, 0.75
45, 0.00621388, 0.75
46, 0.00588532, 0.75
47, 0.00557201, 0.75
48, 0.00527345, 0.75
49, 0.00498925, 0.75
50, 0.00471888, 0.75
51, 0.00446189, 0.75
52, 0.00421776, 0.75
53, 0.00398601, 0.75
54, 0.00376613, 0.75
55, 0.00355761, 0.75
56, 0.00335997, 0.75
57, 0.00317273, 0.75
58, 0.00299541, 0.75
59, 0.00282755, 0.75
60, 0.0026687, 0.75
61, 0.00251844, 0.75
62, 0.00237633, 0.75
63, 0.00224198, 0.75
64, 0.00211498, 0.75
65, 0.00199498, 0.75
66, 0.00188161, 0.75
67, 0.00177453, 0.75
68, 0.0016734, 0.75
69, 0.00157792, 0.75
70, 0.00148778, 0.75
71, 0.0014027, 0.75
72, 0.0013224, 0.75
73, 0.00124663, 0.75
74, 0.00117513, 0.75
75, 0.00110769, 0.75
76, 0.00104406, 0.75
77, 0.000984055, 0.75
78, 0.000927457, 0.75
79, 0.000874083, 0.75
80, 0.000823752, 0.75
81, 0.000776295, 0.75
82, 0.00073155, 0.75
83, 0.000689366, 0.75
84, 0.000649597, 0.75
85, 0.000612109, 0.75
86, 0.000576771, 0.75
87, 0.000543462, 0.75
88, 0.000512067, 0.75
89, 0.000482477, 0.75
90, 0.000454589, 0.75
91, 0.000428307, 0.75
92, 0.000403539, 0.75
93, 0.000380198, 0.75
94, 0.000358202, 0.75
95, 0.000337475, 0.75
96, 0.000317945, 0.75
97, 0.000299541, 0.75
98, 0.0002822, 0.75
99, 0.000265861, 0.75
100, 0.000250466, 0.75
101, 0.00023596, 0.75
102, 0.000222294, 0.75
103, 0.000209417, 0.75
104, 0.000197285, 0.75
105, 0.000185855, 0.75
106, 0.000175086, 0.75
107, 0.00016494, 0.75
108, 0.000155382, 0.75
109, 0.000146377, 0.75
110, 0.000137893, 0.75
111, 0.0001299, 0.75
112, 0.000122371, 0.75
113, 0.000115277, 0.75
114, 0.000108595, 0.75
115, 0.000102299, 0.75
116, 9.63682e-05, 0.75
117, 9.0781e-05, 0.75
118, 8.55176e-05, 0.75
119, 8.05591e-05, 0.75
120, 7.58881e-05, 0.75
121, 7.14877e-05, 0.75
122, 6.73424e-05, 0.75
123, 6.34374e-05, 0.75
124, 5.97587e-05, 0.75
125, 5.62933e-05, 0.75
126, 5.30287e-05, 0.75
127, 4.99535e-05, 0.75
128, 4.70565e-05, 0.75
129, 4.43275e-05, 0.75
130, 4.17567e-05, 0.75
131, 3.9335e-05, 0.75
132, 3.70537e-05, 0.75
133, 3.49046e-05, 0.75
134, 3.28802e-05, 0.75
135, 3.09732e-05, 0.75
136, 2.91768e-05, 0.75
137, 2.74845e-05, 0.75
138, 2.58904e-05, 0.75
139, 2.43888e-05, 0.75
140, 2.29742e-05, 0.75
141, 2.16417e-05, 0.75
142, 2.03864e-05, 0.75
143, 1.92039e-05, 0.75
144, 1.80901e-05, 0.75
145, 1.70408e-05, 0.75
146, 1.60524e-05, 0.75
147, 1.51213e-05, 0.75
148, 1.42442e-05, 0.75
149, 1.3418e-05, 0.75
150, 1.26397e-05, 0.75
151, 1.19065e-05, 0.75
152, 1.12159e-05, 0.75
153, 1.05653e-05, 0.75
154, 9.95249e-06, 0.75
155, 9.3752e-06, 0.75
156, 8.83139e-06, 0.75
157, 8.31912e-06, 0.75
158, 7.83657e-06, 0.75
159, 7.38201e-06, 0.75
160, 6.95381e-06, 0.75
161, 6.55045e-06, 0.75
162, 6.17049e-06, 0.75
163, 5.81257e-06, 0.75
164, 5.47541e-06, 0.75
165, 5.1578e-06, 0.75
166, 4.85862e-06, 0.75
167, 4.57679e-06, 0.75
168, 4.31131e-06, 0.75
169, 4.06123e-06, 0.75
170, 3.82565e-06, 0.75
171, 3.60374e-06, 0.75
172, 3.3947e-06, 0.75
173, 3.19779e-06, 0.75
174, 3.0123e-06, 0.75
175, 2.83757e-06, 0.75
176, 2.67297e-06, 0.75
177, 2.51792e-06, 0.75
178, 2.37186e-06, 0.75
179, 2.23428e-06, 0.75
180, 2.10468e-06, 0.75
181, 1.98259e-06, 0.75
182, 1.86759e-06, 0.75
183, 1.75926e-06, 0.75
184, 1.65721e-06, 0.75
185, 1.56108e-06, 0.75
186, 1.47053e-06, 0.75
187, 1.38523e-06, 0.75
188, 1.30488e-06, 0.75
189, 1.22919e-06, 0.75
190, 1.15788e-06, 0.75
191, 1.09072e-06, 0.75
192, 1.02745e-06, 0.75
193, 9.67852e-07, 0.75
194, 9.1171e-07, 0.75
195, 8.58825e-07, 0.75
196, 8.09007e-07, 0.75
197, 7.6208e-07, 0.75
198, 7.17874e-07, 0.75
199, 6.76233e-07, 0.75
200, 6.37007e-07, 0.75
201, 6.00056e-07, 0.75
202, 5.65249e-07, 0.75
203, 5.32461e-07, 0.75
204, 5.01575e-07, 0.75
205, 4.7248e-07, 0.75
206, 4.45073e-07, 0.75
207, 4.19256e-07, 0.75
208, 3.94936e-07, 0.75
209, 3.72027e-07, 0.75
210, 3.50447e-07, 0.75
211, 3.30119e-07, 0.75
212, 3.1097e-07, 0.75
213, 2.92932e-07, 0.75
214, 2.7594e-07, 0.75
215, 2.59933e-07, 0.75
216, 2.44855e-07, 0.75
217, 2.30652e-07, 0.75
218, 2.17273e-07, 0.75
219, 2.0467e-07, 0.75
220, 1.92797e-07, 0.75
221, 1.81614e-07, 0.75
222, 1.71079e-07, 0.75
223, 1.61155e-07, 0.75
224, 1.51807e-07, 0.75
225, 1.43001e-07, 0.75
226, 1.34706e-07, 0.75
