1 1 0.95 0.9 0.85 0.8 0.75 0.7 0.65 0.6 0.55 0.5 0.45 0.4 0.35 0.3 0.25 0.2 0.15 0.1 0.05 0 -0.05 -0.1 -0.15 -0.2 -0.25 -0.3 -0.35 -0.4 -0.45 -0.5 -0.55 -0.6 -0.65 -0.7 -0.75 -0.8 -0.85 -0.9 -0.95 -1 -1 
1 1 1.00775 0.936 0.884 0.832 0.78 0.728 0.676 0.624 0.572 0.52 0.468 0.416 0.364 0.312 0.26 0.208 0.156 0.104 0.052 -2.21177e-18 -0.052 -0.104 -0.156 -0.208 -0.26 -0.312 -0.364 -0.416 -0.468 -0.52 -0.572 -0.624 -0.676 -0.728 -0.78 -0.832 -0.884 -0.936 -1.00775 -1 -1 
1 1 0.998468 1.02061 0.913397 0.866345 0.812198 0.758052 0.703905 0.649759 0.595612 0.541466 0.487319 0.433173 0.379026 0.324879 0.270733 0.216586 0.16244 0.108293 0.0541466 -4.40654e-18 -0.0541466 -0.108293 -0.16244 -0.216586 -0.270733 -0.324879 -0.379026 -0.433173 -0.487319 -0.541466 -0.595612 -0.649759 -0.703905 -0.758052 -0.812198 -0.866345 -0.913397 -1.02061 -0.998468 -1 -1 
1 1 1.00027 0.993585 1.04082 0.87767 0.849009 0.790226 0.733781 0.677336 0.620892 0.564447 0.508002 0.451557 0.395113 0.338668 0.282223 0.225779 0.169334 0.112889 0.0564447 -6.53116e-18 -0.0564447 -0.112889 -0.169334 -0.225779 -0.282223 -0.338668 -0.395113 -0.451557 -0.508002 -0.564447 -0.620892 -0.677336 -0.733781 -0.790226 -0.849009 -0.87767 -1.04082 -0.993585 -1.00027 -1 -1 
1 1 0.999959 1.00136 0.982233 1.06954 0.824828 0.835505 0.764931 0.706722 0.647829 0.588935 0.530042 0.471148 0.412255 0.353361 0.294468 0.235574 0.176681 0.117787 0.0588935 -8.73952e-18 -0.0588935 -0.117787 -0.176681 -0.235574 -0.294468 -0.353361 -0.412255 -0.471148 -0.530042 -0.588935 -0.647829 -0.706722 -0.764931 -0.835505 -0.824828 -1.06954 -0.982233 -1.00136 -0.999959 -1 -1 
1 1 1 0.999772 1.00393 0.95992 1.10373 0.755638 0.830245 0.734104 0.67654 0.614879 0.553391 0.491903 0.430415 0.368927 0.307439 0.245951 0.184464 0.122976 0.0614879 -1.08075e-17 -0.0614879 -0.122976 -0.184464 -0.245951 -0.307439 -0.368927 -0.430415 -0.491903 -0.553391 -0.614879 -0.67654 -0.734104 -0.830245 -0.755638 -1.10373 -0.95992 -1.00393 -0.999772 -1 -1 -1 
1 1 1 1.00003 0.999311 1.0079 0.921644 1.13394 0.680067 0.836302 0.695042 0.64332 0.578017 0.513826 0.449598 0.385369 0.321141 0.256913 0.192685 0.128456 0.0642282 -1.28114e-17 -0.0642282 -0.128456 -0.192685 -0.256913 -0.321141 -0.385369 -0.449598 -0.513826 -0.578017 -0.64332 -0.695042 -0.836302 -0.680067 -1.13394 -0.921644 -1.0079 -0.999311 -1.00003 -1 -1 -1 
1 1 1 0.999998 1.00008 0.998507 1.01079 0.863723 1.15011 0.613773 0.852466 0.646366 0.607589 0.536882 0.469977 0.402832 0.335693 0.268554 0.201416 0.134277 0.0671386 -1.48002e-17 -0.0671386 -0.134277 -0.201416 -0.268554 -0.335693 -0.402832 -0.469977 -0.536882 -0.607589 -0.646366 -0.852466 -0.613773 -1.15011 -0.863723 -1.01079 -0.998507 -1.00008 -0.999998 -1 -1 -1 
1 1 1 1 0.999994 1.00017 0.997329 1.00624 0.78554 1.15396 0.565545 0.872162 0.589925 0.569731 0.491184 0.421682 0.351369 0.281096 0.210822 0.140548 0.0702741 -1.78922e-17 -0.0702741 -0.140548 -0.210822 -0.281096 -0.351369 -0.421682 -0.491184 -0.569731 -0.589925 -0.872162 -0.565545 -1.15396 -0.78554 -1.00624 -0.997329 -1.00017 -0.999994 -1 -1 -1 -1 
1 1 1 1 1 0.999984 1.00034 0.995955 0.981601 0.691269 1.16074 0.533167 0.88462 0.53099 0.528955 0.440576 0.368606 0.294786 0.221093 0.147395 0.0736977 -2.21014e-17 -0.0736977 -0.147395 -0.221093 -0.294786 -0.368606 -0.440576 -0.528955 -0.53099 -0.88462 -0.533167 -1.16074 -0.691269 -0.981601 -0.995955 -1.00034 -0.999984 -1 -1 -1 -1 -1 
1 1 1 1 1 1 0.999966 1.0006 0.994716 0.915703 0.59244 1.18765 0.51375 0.875217 0.476134 0.482479 0.384625 0.309996 0.232311 0.154882 0.0774411 -2.70332e-17 -0.0774411 -0.154882 -0.232311 -0.309996 -0.384625 -0.482479 -0.476134 -0.875217 -0.51375 -1.18765 -0.59244 -0.915703 -0.994716 -1.0006 -0.999966 -1 -1 -1 -1 -1 -1 
1 1 1 1 1 1 1 0.999948 1.00085 0.988416 0.788499 0.507185 1.2462 0.510203 0.82591 0.428809 0.426107 0.322908 0.244748 0.162944 0.0814812 -3.346e-17 -0.0814812 -0.162944 -0.244748 -0.322908 -0.426107 -0.428809 -0.82591 -0.510203 -1.2462 -0.507185 -0.788499 -0.988416 -1.00085 -0.999948 -1 -1 -1 -1 -1 -1 -1 
1 1 1 1 1 1 1 1 0.999963 1.00058 0.945978 0.616234 0.45141 1.34162 0.521764 0.722428 0.385215 0.357191 0.254797 0.17174 0.0857289 -4.05593e-17 -0.0857289 -0.17174 -0.254797 -0.357191 -0.385215 -0.722428 -0.521764 -1.34162 -0.45141 -0.616234 -0.945978 -1.00058 -0.999963 -1 -1 -1 -1 -1 -1 -1 -1 
1 1 1 1 1 1 1 1 0.999997 1.00002 0.99303 0.807119 0.471555 0.430415 1.46984 0.524331 0.573052 0.336067 0.277552 0.179044 0.0902398 -4.79294e-17 -0.0902398 -0.179044 -0.277552 -0.336067 -0.573052 -0.524331 -1.46984 -0.430415 -0.471555 -0.807119 -0.99303 -1.00002 -0.999997 -1 -1 -1 -1 -1 -1 -1 -1 
1 1 1 1 1 1 1 1 0.999999 1 0.99871 0.934793 0.585242 0.409816 0.438341 1.60082 0.476649 0.420311 0.273657 0.191237 0.0942523 -5.58368e-17 -0.0942523 -0.191237 -0.273657 -0.420311 -0.476649 -1.60082 -0.438341 -0.409816 -0.585242 -0.934793 -0.99871 -1 -0.999999 -1 -1 -1 -1 -1 -1 -1 -1 
1 1 1 1 1 1 1 1 1 0.999999 0.999676 0.980026 0.746816 0.42599 0.413079 0.46227 1.66456 0.383711 0.302053 0.195641 0.0993533 -6.28806e-17 -0.0993533 -0.195641 -0.302053 -0.383711 -1.66456 -0.46227 -0.413079 -0.42599 -0.746816 -0.980026 -0.999676 -0.999999 -1 -1 -1 -1 -1 -1 -1 -1 -1 
1 1 1 1 1 1 1 1 1 1 0.999909 0.993901 0.877572 0.504482 0.390295 0.445041 0.487941 1.60145 0.301492 0.207164 0.103598 -7.424e-17 -0.103598 -0.207164 -0.301492 -1.60145 -0.487941 -0.445041 -0.390295 -0.504482 -0.877572 -0.993901 -0.999909 -1 -1 -1 -1 -1 -1 -1 -1 -1 -1 
1 1 1 1 1 1 1 1 1 1 0.999977 0.998359 0.955113 0.646939 0.387813 0.417029 0.478873 0.502854 1.44815 0.217517 0.109322 -9.28714e-17 -0.109322 -0.217517 -1.44815 -0.502854 -0.478873 -0.417029 -0.387813 -0.646939 -0.955113 -0.998359 -0.999977 -1 -1 -1 -1 -1 -1 -1 -1 -1 -1 
1 1 1 1 1 1 1 1 1 1 0.999996 0.999692 0.989282 0.820539 0.436484 0.383989 0.458549 0.501425 0.502281 1.22918 0.115907 7.55514e-17 -0.115907 -1.22918 -0.502281 -0.501425 -0.458549 -0.383989 -0.436484 -0.820539 -0.989282 -0.999692 -0.999996 -1 -1 -1 -1 -1 -1 -1 -1 -1 -1 
1 1 1 1 1 1 1 1 1 1 1 0.999987 0.999263 0.95932 0.593397 0.361789 0.420192 0.492463 0.509007 0.486001 0.940229 2.1358e-17 -0.940229 -0.486001 -0.509007 -0.492463 -0.420192 -0.361789 -0.593397 -0.95932 -0.999263 -0.999987 -1 -1 -1 -1 -1 -1 -1 -1 -1 -1 -1 
1 1 1 1 1 1 1 1 1 1 1 1 1.00013 1.00549 0.878964 0.404968 0.363614 0.461479 0.513743 0.502973 0.485212 -2.77463e-11 -0.485212 -0.502973 -0.513743 -0.461479 -0.363614 -0.404968 -0.878964 -1.00549 -1.00013 -1 -1 -1 -1 -1 -1 -1 -1 -1 -1 -1 -1 
1 1 1 1 1 1 1 1 1 1 1 1 0.999979 0.999112 1.01862 0.658438 0.328052 0.404625 0.501432 0.520425 0.493448 -1.99551e-11 -0.493448 -0.520425 -0.501432 -0.404625 -0.328052 -0.658438 -1.01862 -0.999112 -0.999979 -1 -1 -1 -1 -1 -1 -1 -1 -1 -1 -1 -1 
1 1 1 1 1 1 1 1 1 1 1 1 1 1.00012 0.994983 0.983869 0.407491 0.338006 0.459749 0.528869 0.513261 -1.41107e-11 -0.513261 -0.528869 -0.459749 -0.338006 -0.407491 -0.983869 -0.994983 -1.00012 -1 -1 -1 -1 -1 -1 -1 -1 -1 -1 -1 -1 -1 
1 1 1 1 1 1 1 1 1 1 1 1 0.999999 0.99998 1.00118 0.994982 0.784588 0.306916 0.388127 0.510308 0.538044 -9.37077e-12 -0.538044 -0.510308 -0.388127 -0.306916 -0.784588 -0.994982 -1.00118 -0.99998 -0.999999 -1 -1 -1 -1 -1 -1 -1 -1 -1 -1 -1 -1 
1 1 1 1 1 1 1 1 1 1 1 1 1 1 0.999733 1.00286 0.993247 0.489476 0.316541 0.453302 0.54679 -5.76413e-12 -0.54679 -0.453302 -0.316541 -0.489476 -0.993247 -1.00286 -0.999733 -1 -1 -1 -1 -1 -1 -1 -1 -1 -1 -1 -1 -1 -1 
1 1 1 1 1 1 1 1 1 1 1 1 1 0.999999 1.00006 0.999002 1.00596 0.85665 0.317943 0.365864 0.514829 -3.4801e-12 -0.514829 -0.365864 -0.317943 -0.85665 -1.00596 -0.999002 -1.00006 -0.999999 -1 -1 -1 -1 -1 -1 -1 -1 -1 -1 -1 -1 -1 
1 1 1 1 1 1 1 1 1 1 1 1 1 1 0.999988 1.00028 0.997206 1.01866 0.560164 0.306378 0.437162 -2.39508e-12 -0.437162 -0.306378 -0.560164 -1.01866 -0.997206 -1.00028 -0.999988 -1 -1 -1 -1 -1 -1 -1 -1 -1 -1 -1 -1 -1 -1 
1 1 1 1 1 1 1 1 1 1 1 1 1 1 1 0.999931 1.00094 0.991848 0.933254 0.336728 0.350638 -2.06279e-12 -0.350638 -0.336728 -0.933254 -0.991848 -1.00094 -0.999931 -1 -1 -1 -1 -1 -1 -1 -1 -1 -1 -1 -1 -1 -1 -1 
1 1 1 1 1 1 1 1 1 1 1 1 1 1 1 1.00002 0.999701 1.00309 0.996245 0.662685 0.300128 -2.07133e-12 -0.300128 -0.662685 -0.996245 -1.00309 -0.999701 -1.00002 -1 -1 -1 -1 -1 -1 -1 -1 -1 -1 -1 -1 -1 -1 -1 
1 1 1 1 1 1 1 1 1 1 1 1 1 1 1 0.999996 1.00009 0.998901 1.00577 0.957685 0.392561 -2.09212e-12 -0.392561 -0.957685 -1.00577 -0.998901 -1.00009 -0.999996 -1 -1 -1 -1 -1 -1 -1 -1 -1 -1 -1 -1 -1 -1 -1 
1 1 1 1 1 1 1 1 1 1 1 1 1 1 1 1 0.999977 1.00035 0.99707 1.01607 0.734424 -2.03073e-12 -0.734424 -1.01607 -0.99707 -1.00035 -0.999977 -1 -1 -1 -1 -1 -1 -1 -1 -1 -1 -1 -1 -1 -1 -1 -1 
1 1 1 1 1 1 1 1 1 1 1 1 1 1 1 1 1.00001 0.999899 1.00108 0.99209 1.00977 1.30395e-12 -1.00977 -0.99209 -1.00108 -0.999899 -1.00001 -1 -1 -1 -1 -1 -1 -1 -1 -1 -1 -1 -1 -1 -1 -1 -1 
1 1 1 1 1 1 1 1 1 1 1 1 1 1 1 1 0.999999 1.00003 0.999633 1.00319 0.98512 -7.66859e-12 -0.98512 -1.00319 -0.999633 -1.00003 -0.999999 -1 -1 -1 -1 -1 -1 -1 -1 -1 -1 -1 -1 -1 -1 -1 -1 
1 1 1 1 1 1 1 1 1 1 1 1 1 1 1 1 1 0.999992 1.00012 0.998769 1.00793 1.35287e-11 -1.00793 -0.998769 -1.00012 -0.999992 -1 -1 -1 -1 -1 -1 -1 -1 -1 -1 -1 -1 -1 -1 -1 -1 -1 
1 1 1 1 1 1 1 1 1 1 1 1 1 1 1 1 1 1 0.999965 1.00042 0.996427 -2.26189e-11 -0.996427 -1.00042 -0.999965 -1 -1 -1 -1 -1 -1 -1 -1 -1 -1 -1 -1 -1 -1 -1 -1 -1 -1 
1 1 1 1 1 1 1 1 1 1 1 1 1 1 1 1 1 0.999999 1.00001 0.999859 1.00139 2.88716e-11 -1.00139 -0.999859 -1.00001 -0.999999 -1 -1 -1 -1 -1 -1 -1 -1 -1 -1 -1 -1 -1 -1 -1 -1 -1 
1 1 1 1 1 1 1 1 1 1 1 1 1 1 1 1 1 1 0.999997 1.00004 0.999493 -3.22188e-11 -0.999493 -1.00004 -0.999997 -1 -1 -1 -1 -1 -1 -1 -1 -1 -1 -1 -1 -1 -1 -1 -1 -1 -1 
1 1 1 1 1 1 1 1 1 1 1 1 1 1 1 1 1 1 1 0.999986 1.00017 3.02133e-11 -1.00017 -0.999986 -1 -1 -1 -1 -1 -1 -1 -1 -1 -1 -1 -1 -1 -1 -1 -1 -1 -1 -1 
1 1 1 1 1 1 1 1 1 1 1 1 1 1 1 1 1 1 1 1 0.999943 -2.47378e-11 -0.999943 -1 -1 -1 -1 -1 -1 -1 -1 -1 -1 -1 -1 -1 -1 -1 -1 -1 -1 -1 -1 
1 1 1 1 1 1 1 1 1 1 1 1 1 1 1 1 1 1 1 0.999999 1.00002 1.78762e-11 -1.00002 -0.999999 -1 -1 -1 -1 -1 -1 -1 -1 -1 -1 -1 -1 -1 -1 -1 -1 -1 -1 -1 
1 1 1 1 1 1 1 1 1 1 1 1 1 1 1 1 1 1 1 1 0.999995 -1.16317e-11 -0.999995 -1 -1 -1 -1 -1 -1 -1 -1 -1 -1 -1 -1 -1 -1 -1 -1 -1 -1 -1 -1 
1 1 1 1 1 1 1 1 1 1 1 1 1 1 1 1 1 1 1 1 1 6.87966e-12 -1 -1 -1 -1 -1 -1 -1 -1 -1 -1 -1 -1 -1 -1 -1 -1 -1 -1 -1 -1 -1 
1 1 1 1 1 1 1 1 1 1 1 1 1 1 1 1 1 1 1 1 1 -3.77234e-12 -1 -1 -1 -1 -1 -1 -1 -1 -1 -1 -1 -1 -1 -1 -1 -1 -1 -1 -1 -1 -1 
1 1 1 1 1 1 1 1 1 1 1 1 1 1 1 1 1 1 1 1 1 1.9494e-12 -1 -1 -1 -1 -1 -1 -1 -1 -1 -1 -1 -1 -1 -1 -1 -1 -1 -1 -1 -1 -1 
1 1 1 1 1 1 1 1 1 1 1 1 1 1 1 1 1 1 1 1 1 -9.93938e-13 -1 -1 -1 -1 -1 -1 -1 -1 -1 -1 -1 -1 -1 -1 -1 -1 -1 -1 -1 -1 -1 
1 1 1 1 1 1 1 1 1 1 1 1 1 1 1 1 1 1 1 1 1 4.98734e-13 -1 -1 -1 -1 -1 -1 -1 -1 -1 -1 -1 -1 -1 -1 -1 -1 -1 -1 -1 -1 -1 
