1 1 0.9875 0.975 0.9625 0.95 0.9375 0.925 0.9125 0.9 0.8875 0.875 0.8625 0.85 0.8375 0.825 0.8125 0.8 0.7875 0.775 0.7625 0.75 0.7375 0.725 0.7125 0.7 0.6875 0.675 0.6625 0.65 0.6375 0.625 0.6125 0.6 0.5875 0.575 0.5625 0.55 0.5375 0.525 0.5125 0.5 0.5 
1 1 0.993072 0.978656 0.966109 0.953563 0.941016 0.928469 0.915922 0.903375 0.890828 0.878281 0.865734 0.853188 0.840641 0.828094 0.815547 0.803 0.790453 0.777906 0.765359 0.752813 0.740266 0.727719 0.715172 0.702625 0.690078 0.677531 0.664984 0.652438 0.639891 0.627344 0.614797 0.60225 0.589703 0.577156 0.564609 0.552063 0.539516 0.526969 0.514422 0.500943 0.5 
1 1 0.9972 0.982972 0.969473 0.957152 0.944558 0.931964 0.919369 0.906775 0.894181 0.881587 0.868993 0.856399 0.843805 0.831211 0.818617 0.806023 0.793428 0.780834 0.76824 0.755646 0.743052 0.730458 0.717864 0.70527 0.692676 0.680082 0.667487 0.654893 0.642299 0.629705 0.617111 0.604517 0.591923 0.579329 0.566735 0.55414 0.541546 0.528952 0.516429 0.502246 0.499057 
1 1 0.998875 0.988452 0.973292 0.960559 0.948126 0.935485 0.922843 0.910201 0.89756 0.884918 0.872276 0.859635 0.846993 0.834351 0.82171 0.809068 0.796426 0.783785 0.771143 0.758501 0.745859 0.733218 0.720576 0.707934 0.695293 0.682651 0.670009 0.657368 0.644726 0.632084 0.619443 0.606801 0.594159 0.581518 0.568876 0.556234 0.543592 0.530951 0.518491 0.503996 0.497754 
1 1 0.999549 0.993461 0.977719 0.963877 0.951649 0.939033 0.926343 0.913653 0.900964 0.888274 0.875584 0.862895 0.850205 0.837516 0.824826 0.812136 0.799447 0.786757 0.774067 0.761378 0.748688 0.735999 0.723309 0.710619 0.69793 0.68524 0.67255 0.659861 0.647171 0.634481 0.621792 0.609102 0.596413 0.583723 0.571033 0.558344 0.545654 0.532964 0.520571 0.506187 0.496004 
1 1 0.99982 0.996955 0.982864 0.967603 0.954963 0.942597 0.929869 0.917131 0.904394 0.891656 0.878918 0.86618 0.853442 0.840704 0.827966 0.815228 0.80249 0.789752 0.777014 0.764276 0.751538 0.7388 0.726062 0.713324 0.700587 0.687849 0.675111 0.662373 0.649635 0.636897 0.624159 0.611421 0.598683 0.585945 0.573207 0.560469 0.547731 0.534993 0.522636 0.508372 0.493813 
1 1 0.999928 0.998615 0.988434 0.972033 0.958206 0.946106 0.933421 0.920636 0.90785 0.895063 0.882276 0.86949 0.856703 0.843917 0.83113 0.818343 0.805557 0.79277 0.779983 0.767197 0.75441 0.741624 0.728837 0.71605 0.703264 0.690477 0.677691 0.664904 0.652117 0.639331 0.626544 0.613757 0.600971 0.588184 0.575398 0.562611 0.549824 0.537038 0.524691 0.510733 0.491628 
1 1 0.999971 0.99938 0.993497 0.976816 0.961808 0.949376 0.936987 0.924168 0.911332 0.898496 0.885661 0.872825 0.859989 0.847154 0.834318 0.821482 0.808647 0.795811 0.782975 0.77014 0.757304 0.744468 0.731633 0.718797 0.705961 0.693126 0.68029 0.667454 0.654619 0.641783 0.628947 0.616112 0.603276 0.590441 0.577605 0.564769 0.551934 0.539098 0.526725 0.513437 0.489267 
1 1 0.999988 0.999726 0.996827 0.982431 0.965895 0.952548 0.940524 0.927724 0.914841 0.901956 0.889071 0.876186 0.863301 0.850416 0.837531 0.824646 0.811761 0.798876 0.78599 0.773105 0.76022 0.747335 0.73445 0.721565 0.70868 0.695795 0.68291 0.670025 0.65714 0.644254 0.631369 0.618484 0.605599 0.592714 0.579829 0.566944 0.554059 0.541174 0.528714 0.516487 0.486563 
1 1 0.999995 0.99988 0.998482 0.988266 0.970687 0.955904 0.943838 0.931298 0.918377 0.905443 0.892508 0.879573 0.866638 0.853703 0.840768 0.827833 0.814899 0.801964 0.789029 0.776094 0.763159 0.750224 0.737289 0.724354 0.711419 0.698484 0.68555 0.672615 0.65968 0.646745 0.63381 0.620875 0.60794 0.595005 0.58207 0.569135 0.556201 0.543266 0.530656 0.519294 0.483513 
1 1 0.999998 0.999948 0.999285 0.993486 0.975806 0.959739 0.946934 0.934854 0.921939 0.908956 0.895971 0.882986 0.870001 0.857016 0.844031 0.831046 0.818061 0.805076 0.792091 0.779105 0.76612 0.753135 0.74015 0.727165 0.71418 0.701195 0.68821 0.675225 0.66224 0.649255 0.636269 0.623284 0.610299 0.597314 0.584329 0.571344 0.558359 0.545374 0.532638 0.521837 0.480706 
1 1 0.999999 0.999977 0.999667 0.996744 0.981882 0.964131 0.950106 0.938256 0.92552 0.912497 0.899462 0.886426 0.87339 0.860355 0.847319 0.834283 0.821247 0.808212 0.795176 0.78214 0.769105 0.756069 0.743033 0.729998 0.716962 0.703926 0.690891 0.677855 0.664819 0.651784 0.638748 0.625712 0.612677 0.599641 0.586605 0.57357 0.560534 0.547498 0.534653 0.524207 0.478163 
1 1 1 0.99999 0.999847 0.998399 0.988022 0.969265 0.953569 0.941407 0.929096 0.916064 0.902979 0.889892 0.876806 0.863719 0.850632 0.837546 0.824459 0.811372 0.798286 0.785199 0.772113 0.759026 0.745939 0.732853 0.719766 0.706679 0.693593 0.680506 0.667419 0.654333 0.641246 0.628159 0.615073 0.601986 0.588899 0.575813 0.562726 0.549639 0.536698 0.526468 0.475793 
1 1 1 0.999996 0.99993 0.999223 0.993448 0.97472 0.957618 0.944361 0.932628 0.919652 0.906524 0.893386 0.880248 0.86711 0.853972 0.840834 0.827696 0.814558 0.80142 0.788282 0.775144 0.762006 0.748868 0.73573 0.722592 0.709454 0.696316 0.683178 0.67004 0.656902 0.643764 0.630625 0.617487 0.604349 0.591211 0.578073 0.564935 0.551797 0.53877 0.528664 0.473532 
1 1 1 0.999998 0.999968 0.999627 0.996678 0.981257 0.962296 0.947569 0.935869 0.923253 0.910095 0.896907 0.883717 0.870528 0.857338 0.844148 0.830958 0.817768 0.804579 0.791389 0.778199 0.765009 0.751819 0.73863 0.72544 0.71225 0.69906 0.68587 0.67268 0.659491 0.646301 0.633111 0.619921 0.606731 0.593542 0.580352 0.567162 0.553972 0.540866 0.530823 0.471336 
1 1 1 0.999999 0.999986 0.999823 0.99834 0.98773 0.96777 0.95115 0.938854 0.926822 0.913692 0.900456 0.887214 0.873972 0.86073 0.847488 0.834246 0.821004 0.807762 0.79452 0.781278 0.768036 0.754794 0.741552 0.72831 0.715068 0.701826 0.688584 0.675342 0.6621 0.648858 0.635616 0.622374 0.609132 0.59589 0.582648 0.569406 0.556164 0.542986 0.532965 0.469177 
1 1 1 1 0.999994 0.999917 0.999179 0.993389 0.973565 0.955412 0.941705 0.930282 0.917305 0.904032 0.890739 0.877444 0.86415 0.850855 0.83756 0.824266 0.810971 0.797677 0.784382 0.771087 0.757793 0.744498 0.731204 0.717909 0.704614 0.69132 0.678025 0.66473 0.651436 0.638141 0.624847 0.611552 0.598257 0.584963 0.571668 0.558374 0.545127 0.535103 0.467035 
1 1 1 1 0.999997 0.999961 0.999598 0.996619 0.980573 0.960373 0.944945 0.933365 0.920917 0.907635 0.894291 0.880944 0.867596 0.854249 0.840901 0.827553 0.814206 0.800858 0.78751 0.774163 0.760815 0.747468 0.73412 0.720772 0.707425 0.694077 0.680729 0.667382 0.654034 0.640686 0.627339 0.613991 0.600644 0.587296 0.573948 0.560601 0.54729 0.537245 0.464897 
1 1 1 1 0.999999 0.999982 0.999805 0.998292 0.987399 0.966193 0.948638 0.936187 0.92447 0.91126 0.897872 0.884471 0.87107 0.857669 0.844268 0.830867 0.817466 0.804065 0.790664 0.777263 0.763862 0.750461 0.737059 0.723658 0.710257 0.696856 0.683455 0.670054 0.656653 0.643252 0.629851 0.61645 0.603049 0.589648 0.576247 0.562845 0.549472 0.539396 0.462755 
1 1 1 1 0.999999 0.999992 0.999906 0.999145 0.993314 0.97234 0.95311 0.938963 0.927823 0.914895 0.90148 0.888027 0.874572 0.861117 0.847662 0.834207 0.820752 0.807298 0.793843 0.780388 0.766933 0.753478 0.740023 0.726568 0.713113 0.699658 0.686203 0.672748 0.659293 0.645838 0.632383 0.618928 0.605473 0.592018 0.578563 0.565108 0.551674 0.541562 0.460604 
1 1 1 1 1 0.999996 0.999955 0.999576 0.996561 0.979834 0.958357 0.942228 0.930751 0.91851 0.905113 0.891611 0.878102 0.864593 0.851084 0.837575 0.824065 0.810556 0.797047 0.783538 0.770028 0.756519 0.74301 0.729501 0.715991 0.702482 0.688973 0.675463 0.661954 0.648445 0.634936 0.621426 0.607917 0.594408 0.580899 0.567389 0.553896 0.543743 0.458438 
1 1 1 1 1 0.999998 0.999979 0.999791 0.99825 0.987033 0.964532 0.946026 0.933409 0.922041 0.908765 0.895224 0.881661 0.868097 0.854533 0.840969 0.827405 0.813841 0.800277 0.786713 0.773149 0.759585 0.746021 0.732457 0.718893 0.705329 0.691765 0.678201 0.664637 0.651073 0.637509 0.623945 0.610381 0.596817 0.583253 0.569689 0.556137 0.545941 0.456257 
1 1 1 1 1 0.999999 0.99999 0.999898 0.999116 0.993215 0.971052 0.950706 0.936113 0.925274 0.91242 0.898863 0.885249 0.87163 0.85801 0.844391 0.830772 0.817153 0.803534 0.789914 0.776295 0.762676 0.749057 0.735438 0.721818 0.708199 0.69458 0.680961 0.667341 0.653722 0.640103 0.626484 0.612865 0.599245 0.585626 0.572007 0.558397 0.548157 0.454059 
1 1 1 1 1 1 0.999995 0.99995 0.999557 0.996498 0.979039 0.956247 0.939398 0.928037 0.916034 0.902527 0.888865 0.875191 0.861516 0.847841 0.834166 0.820492 0.806817 0.793142 0.779467 0.765792 0.752117 0.738442 0.724768 0.711093 0.697418 0.683743 0.670068 0.656393 0.642718 0.629044 0.615369 0.601694 0.588019 0.574344 0.560676 0.550392 0.451843 
1 1 1 1 1 1 0.999998 0.999976 0.999779 0.998209 0.986627 0.962786 0.943303 0.930522 0.919538 0.906205 0.89251 0.878781 0.86505 0.851319 0.837589 0.823858 0.810127 0.796396 0.782665 0.768934 0.755203 0.741472 0.727741 0.71401 0.700279 0.686548 0.672817 0.659086 0.645355 0.631624 0.617893 0.604162 0.590431 0.5767 0.562974 0.552645 0.449608 
1 1 1 1 1 1 0.999999 0.999988 0.999891 0.999091 0.993013 0.969771 0.948194 0.93315 0.92264 0.909878 0.896181 0.882401 0.868614 0.854826 0.841039 0.827251 0.813464 0.799676 0.785889 0.772101 0.758314 0.744526 0.730739 0.716951 0.703164 0.689376 0.675589 0.661801 0.648014 0.634226 0.620438 0.606651 0.592863 0.579076 0.565292 0.554918 0.447355 
1 1 1 1 1 1 1 0.999994 0.999946 0.999541 0.996394 0.978169 0.954092 0.936441 0.925229 0.913489 0.899874 0.88605 0.872207 0.858362 0.844518 0.830673 0.816828 0.802984 0.789139 0.775295 0.76145 0.747606 0.733761 0.719917 0.706072 0.692228 0.678383 0.664538 0.650694 0.636849 0.623005 0.60916 0.595316 0.581471 0.567629 0.557211 0.445082 
1 1 1 1 1 1 1 0.999997 0.999974 0.999769 0.998154 0.986139 0.960984 0.94049 0.927516 0.916961 0.903578 0.889727 0.875829 0.861927 0.848025 0.834123 0.820221 0.806319 0.792417 0.778515 0.764613 0.750711 0.736809 0.722907 0.709005 0.695103 0.681201 0.667298 0.653396 0.639494 0.625592 0.61169 0.597788 0.583886 0.569986 0.559523 0.442789 
1 1 1 1 1 1 1 0.999999 0.999987 0.999885 0.99906 0.992765 0.968401 0.945608 0.930075 0.919916 0.907269 0.89343 0.879481 0.865522 0.851562 0.837602 0.823642 0.809682 0.795722 0.781762 0.767802 0.753842 0.739882 0.725922 0.711962 0.698002 0.684042 0.670082 0.656121 0.642161 0.628201 0.614241 0.600281 0.586321 0.572363 0.561854 0.440477 
1 1 1 1 1 1 1 0.999999 0.999994 0.999943 0.999524 0.996268 0.977216 0.951849 0.93339 0.922317 0.910872 0.897154 0.883163 0.869147 0.855128 0.84111 0.827091 0.813073 0.799054 0.785036 0.771017 0.756999 0.74298 0.728962 0.714943 0.700925 0.686906 0.672888 0.658869 0.644851 0.630832 0.616814 0.602795 0.588777 0.57476 0.564206 0.438146 
1 1 1 1 1 1 1 1 0.999997 0.999972 0.99976 0.998088 0.985578 0.959092 0.937584 0.924406 0.914308 0.900883 0.886873 0.872802 0.858725 0.844647 0.83057 0.816492 0.802415 0.788337 0.77426 0.760182 0.746105 0.732027 0.71795 0.703873 0.689795 0.675718 0.66164 0.647563 0.633485 0.619408 0.60533 0.591253 0.577176 0.566577 0.435794 
1 1 1 1 1 1 1 1 0.999999 0.999986 0.999879 0.999026 0.992476 0.966927 0.942926 0.9269 0.917107 0.904589 0.890609 0.876487 0.862351 0.848214 0.834077 0.81994 0.805804 0.791667 0.77753 0.763393 0.749256 0.735119 0.720982 0.706845 0.692708 0.678571 0.664435 0.650298 0.636161 0.622024 0.607887 0.59375 0.579614 0.568969 0.433423 
1 1 1 1 1 1 1 1 0.999999 0.999993 0.99994 0.999505 0.996121 0.976174 0.949494 0.93024 0.919313 0.908183 0.894363 0.880202 0.866008 0.851812 0.837615 0.823418 0.809221 0.795024 0.780827 0.76663 0.752434 0.738237 0.72404 0.709843 0.695646 0.681449 0.667252 0.653056 0.638859 0.624662 0.610465 0.596268 0.582072 0.571381 0.431031 
1 1 1 1 1 1 1 1 1 0.999997 0.99997 0.99975 0.998013 0.984945 0.957093 0.934569 0.921202 0.91158 0.898116 0.883945 0.869696 0.855439 0.841182 0.826925 0.812668 0.79841 0.784153 0.769896 0.755638 0.741381 0.727124 0.712866 0.698609 0.684352 0.670094 0.655837 0.64158 0.627322 0.613065 0.598808 0.584551 0.573814 0.428619 
1 1 1 1 1 1 1 1 1 0.999998 0.999985 0.999874 0.998987 0.992149 0.96534 0.940129 0.923624 0.914219 0.901838 0.887714 0.873415 0.859098 0.84478 0.830462 0.816143 0.801825 0.787507 0.773189 0.75887 0.744552 0.730234 0.715915 0.701597 0.687279 0.67296 0.658642 0.644324 0.630005 0.615687 0.601369 0.587051 0.576268 0.426186 
1 1 1 1 1 1 1 1 1 0.999999 0.999993 0.999937 0.999485 0.995954 0.975038 0.947012 0.926984 0.916227 0.905422 0.891498 0.877164 0.862788 0.848409 0.834029 0.819649 0.805269 0.79089 0.77651 0.76213 0.74775 0.73337 0.718991 0.704611 0.690231 0.675851 0.661471 0.647091 0.632712 0.618332 0.603952 0.589572 0.578743 0.423732 
1 1 1 1 1 1 1 1 1 1 0.999996 0.999968 0.999739 0.997929 0.984238 0.954974 0.931431 0.917912 0.908778 0.895277 0.880941 0.86651 0.852069 0.837627 0.823185 0.808743 0.794301 0.77986 0.765418 0.750976 0.736534 0.722092 0.70765 0.693209 0.678767 0.664325 0.649883 0.635441 0.620999 0.606557 0.592116 0.58124 0.421257 
1 1 1 1 1 1 1 1 1 1 0.999998 0.999984 0.999868 0.998944 0.991782 0.963632 0.937202 0.920248 0.91126 0.899014 0.884742 0.870262 0.85576 0.841256 0.826752 0.812247 0.797743 0.783238 0.768734 0.75423 0.739725 0.725221 0.710716 0.696212 0.681707 0.667203 0.652699 0.638194 0.62369 0.609185 0.594681 0.583758 0.41876 
1 1 1 1 1 1 1 1 1 1 0.999999 0.999992 0.999933 0.999463 0.995767 0.973805 0.944388 0.923612 0.913068 0.902588 0.888558 0.874046 0.859484 0.844917 0.830349 0.815782 0.801214 0.786647 0.772079 0.757511 0.742944 0.728376 0.713809 0.699241 0.684674 0.670106 0.655539 0.640971 0.626404 0.611836 0.597269 0.586298 0.416242 
1 1 1 1 1 1 1 1 1 1 1 0.999996 0.999967 0.999727 0.997834 0.983455 0.952722 0.928161 0.914551 0.905894 0.892362 0.877857 0.863239 0.848609 0.833978 0.819347 0.804716 0.790084 0.775453 0.760822 0.746191 0.73156 0.716928 0.702297 0.687666 0.673035 0.658404 0.643772 0.629141 0.61451 0.599879 0.58886 0.413702 
1 1 1 1 1 1 1 1 1 1 1 0.999998 0.999983 0.999862 0.998896 0.991374 0.961793 0.934131 0.916776 0.90823 0.896113 0.881692 0.867026 0.852334 0.837639 0.822943 0.808248 0.793552 0.778857 0.764161 0.749466 0.734771 0.720075 0.70538 0.690684 0.675989 0.661294 0.646598 0.631903 0.617207 0.602512 0.591445 0.41114 
1 1 1 1 1 1 1 1 1 1 1 0.999999 0.999992 0.99993 0.999439 0.995559 0.972465 0.94161 0.920086 0.909875 0.899678 0.885539 0.870844 0.856091 0.841331 0.826571 0.811811 0.797051 0.782291 0.76753 0.75277 0.73801 0.72325 0.70849 0.693729 0.678969 0.664209 0.649449 0.634689 0.619928 0.605168 0.594052 0.408555 
1 1 1 1 1 1 1 1 1 1 1 1 0.999996 0.999965 0.999715 0.997729 0.982591 0.950326 0.924577 0.911265 0.902957 0.889368 0.874691 0.859881 0.845057 0.830231 0.815406 0.80058 0.785755 0.770929 0.756104 0.741278 0.726452 0.711627 0.696801 0.681976 0.66715 0.652325 0.637499 0.622673 0.607848 0.596683 0.405948 
1 1 1 1 1 1 1 1 1 1 1 1 0.999998 0.999982 0.999856 0.998843 0.990922 0.959814 0.930805 0.913198 0.905238 0.893138 0.87856 0.863703 0.848815 0.833924 0.819032 0.804141 0.789249 0.774358 0.759466 0.744575 0.729683 0.714792 0.6999 0.685009 0.670117 0.655226 0.640334 0.625443 0.610551 0.599336 0.403317 
1 1 1 1 1 1 1 1 1 1 1 1 0.999999 0.999991 0.999927 0.999412 0.995328 0.971013 0.938608 0.91622 0.906876 0.89671 0.882438 0.867557 0.852607 0.837649 0.822691 0.807733 0.792775 0.777817 0.762859 0.747901 0.732943 0.717985 0.703027 0.688069 0.673111 0.658153 0.643195 0.628237 0.613279 0.602014 0.400664 
1 1 1 1 1 1 1 1 1 1 1 1 0.999999 0.999996 0.999963 0.999701 0.997612 0.981649 0.947733 0.920481 0.908255 0.899993 0.886297 0.871439 0.856431 0.841408 0.826383 0.811358 0.796333 0.781308 0.766283 0.751257 0.736232 0.721207 0.706182 0.691157 0.676132 0.661107 0.646081 0.631056 0.616031 0.604715 0.397986 
1 1 1 1 1 1 1 1 1 1 1 1 1 0.999998 0.999981 0.999849 0.998784 0.990427 0.957663 0.926693 0.909915 0.902416 0.890091 0.875342 0.860289 0.845201 0.830108 0.815015 0.799922 0.784829 0.769737 0.754644 0.739551 0.724458 0.709365 0.694272 0.679179 0.664086 0.648994 0.633901 0.618808 0.607441 0.395285 
1 1 1 1 1 1 1 1 1 1 1 1 1 0.999999 0.999991 0.999923 0.999382 0.995075 0.969431 0.93505 0.912307 0.904078 0.893704 0.879255 0.864179 0.849027 0.833867 0.818705 0.803544 0.788383 0.773222 0.758061 0.742899 0.727738 0.712577 0.697416 0.682255 0.667093 0.651932 0.636771 0.62161 0.610191 0.392559 
1 1 1 1 1 1 1 1 1 1 1 1 1 0.999999 0.999995 0.999961 0.999687 0.997484 0.980659 0.944694 0.916073 0.905481 0.897028 0.883148 0.868097 0.852887 0.837659 0.822429 0.807199 0.791969 0.776739 0.761509 0.746278 0.731048 0.715818 0.700588 0.685358 0.670128 0.654897 0.639667 0.624437 0.612967 0.389809 
1 1 1 1 1 1 1 1 1 1 1 1 1 1 0.999998 0.99998 0.999841 0.99872 0.989901 0.955222 0.921908 0.906915 0.899739 0.88698 0.872037 0.856781 0.841486 0.826187 0.810887 0.795587 0.780288 0.764988 0.749688 0.734388 0.719089 0.703789 0.688489 0.673189 0.65789 0.64259 0.62729 0.615767 0.387033 
1 1 1 1 1 1 1 1 1 1 1 1 1 1 0.999999 0.99999 0.99992 0.99935 0.994803 0.967656 0.930477 0.90886 0.901455 0.890663 0.875987 0.860708 0.845348 0.829979 0.814609 0.799239 0.783869 0.768499 0.753129 0.737759 0.722389 0.707019 0.691649 0.676279 0.660909 0.645539 0.630169 0.618594 0.384233 
1 1 1 1 1 1 1 1 1 1 1 1 1 1 0.999999 0.999995 0.999959 0.99967 0.997346 0.979638 0.940856 0.911698 0.90291 0.894062 0.879923 0.864663 0.849244 0.833806 0.818365 0.802924 0.787484 0.772043 0.756602 0.741161 0.72572 0.710279 0.694838 0.679398 0.663957 0.648516 0.633075 0.621446 0.381406 
1 1 1 1 1 1 1 1 1 1 1 1 1 1 1 0.999997 0.999979 0.999833 0.99865 0.989352 0.952288 0.916775 0.904105 0.89714 0.883802 0.868642 0.853175 0.837668 0.822156 0.806644 0.791131 0.775619 0.760107 0.744594 0.729082 0.71357 0.698057 0.682545 0.667032 0.65152 0.636008 0.624325 0.378554 
1 1 1 1 1 1 1 1 1 1 1 1 1 1 1 0.999999 0.99999 0.999915 0.999315 0.994518 0.965579 0.924949 0.905817 0.899098 0.887578 0.872632 0.857139 0.841566 0.825982 0.810398 0.794813 0.779229 0.763644 0.748059 0.732475 0.71689 0.701306 0.685721 0.670137 0.654552 0.638967 0.62723 0.375675 
1 1 1 1 1 1 1 1 1 1 1 1 1 1 1 0.999999 0.999995 0.999957 0.999653 0.9972 0.978482 0.935902 0.907637 0.900647 0.891098 0.876616 0.861133 0.845499 0.829844 0.814187 0.798529 0.782872 0.767214 0.751557 0.735899 0.720242 0.704585 0.688927 0.67327 0.657612 0.641955 0.630163 0.37277 
1 1 1 1 1 1 1 1 1 1 1 1 1 1 1 1 0.999997 0.999978 0.999824 0.998576 0.988739 0.948597 0.911439 0.901933 0.894305 0.880555 0.865152 0.849467 0.833741 0.818011 0.80228 0.786549 0.770818 0.755087 0.739356 0.723625 0.707894 0.692163 0.676432 0.660701 0.64497 0.633123 0.369837 
1 1 1 1 1 1 1 1 1 1 1 1 1 1 1 1 0.999999 0.999989 0.999911 0.999278 0.994201 0.96301 0.918741 0.903216 0.896915 0.884404 0.869186 0.853469 0.837675 0.821871 0.806066 0.790261 0.774456 0.758651 0.742845 0.72704 0.711235 0.69543 0.679624 0.663819 0.648014 0.636111 0.366877 
1 1 1 1 1 1 1 1 1 1 1 1 1 1 1 1 0.999999 0.999994 0.999955 0.999634 0.99704 0.976978 0.929158 0.904917 0.898593 0.888079 0.873219 0.857503 0.841646 0.825768 0.809888 0.794008 0.778128 0.762248 0.746368 0.730487 0.714607 0.698727 0.682847 0.666967 0.651087 0.639127 0.363889 
1 1 1 1 1 1 1 1 1 1 1 1 1 1 1 1 1 0.999997 0.999977 0.999815 0.998495 0.987963 0.94359 0.906718 0.900006 0.891455 0.877223 0.861564 0.845652 0.829702 0.813747 0.797791 0.781835 0.765879 0.749923 0.733968 0.718012 0.702056 0.6861 0.670144 0.654188 0.642172 0.360873 
1 1 1 1 1 1 1 1 1 1 1 1 1 1 1 1 1 0.999999 0.999988 0.999906 0.999237 0.993811 0.959548 0.912564 0.901157 0.894497 0.881155 0.865644 0.849694 0.833673 0.817642 0.80161 0.785577 0.769545 0.753513 0.737481 0.721449 0.705416 0.689384 0.673352 0.65732 0.645246 0.357828 
1 1 1 1 1 1 1 1 1 1 1 1 1 1 1 1 1 0.999999 0.999994 0.999952 0.999613 0.996846 0.974654 0.922182 0.902694 0.896534 0.884969 0.869729 0.853768 0.837681 0.821574 0.805465 0.789356 0.773246 0.757137 0.741028 0.724919 0.708809 0.6927 0.676591 0.660481 0.648349 0.354754 
1 1 1 1 1 1 1 1 1 1 1 1 1 1 1 1 1 1 0.999997 0.999976 0.999804 0.9984 0.986805 0.936031 0.904357 0.898085 0.888523 0.873798 0.857873 0.841726 0.825544 0.809358 0.793171 0.776983 0.760796 0.744609 0.728422 0.712235 0.696048 0.67986 0.663673 0.651482 0.351651 
1 1 1 1 1 1 1 1 1 1 1 1 1 1 1 1 1 1 0.999999 0.999988 0.999901 0.99919 0.99325 0.954295 0.907764 0.899369 0.891756 0.877814 0.861999 0.845808 0.829552 0.813288 0.797022 0.780757 0.764491 0.748225 0.731959 0.715694 0.699428 0.683162 0.666896 0.654646 0.348518 
1 1 1 1 1 1 1 1 1 1 1 1 1 1 1 1 1 1 0.999999 0.999994 0.99995 0.99959 0.996576 0.97049 0.916457 0.900499 0.894529 0.88173 0.866137 0.849924 0.833599 0.817256 0.800912 0.784566 0.768221 0.751876 0.735531 0.719186 0.702841 0.686496 0.67015 0.657841 0.345354 
1 1 1 1 1 1 1 1 1 1 1 1 1 1 1 1 1 1 1 0.999997 0.999975 0.999793 0.99827 0.98478 0.928607 0.902107 0.896126 0.885596 0.870269 0.854072 0.837684 0.821263 0.804839 0.788414 0.771988 0.755563 0.739138 0.722712 0.706287 0.689862 0.673437 0.661066 0.342159 
1 1 1 1 1 1 1 1 1 1 1 1 1 1 1 1 1 1 1 0.999998 0.999987 0.999895 0.999128 0.992296 0.948048 0.90372 0.897537 0.889027 0.874383 0.858247 0.841806 0.82531 0.808805 0.792299 0.775792 0.759286 0.74278 0.726274 0.709767 0.693261 0.676755 0.664324 0.338934 
1 1 1 1 1 1 1 1 1 1 1 1 1 1 1 1 1 1 1 0.999999 0.999994 0.999947 0.99956 0.996133 0.965129 0.911473 0.89868 0.892109 0.878418 0.86244 0.845965 0.829395 0.81281 0.796222 0.779634 0.763046 0.746458 0.72987 0.713282 0.696694 0.680106 0.667613 0.335676 
1 1 1 1 1 1 1 1 1 1 1 1 1 1 1 1 1 1 1 1 0.999997 0.999973 0.999778 0.998065 0.980888 0.922391 0.900398 0.893908 0.882398 0.866638 0.850158 0.83352 0.816854 0.800184 0.783514 0.766843 0.750173 0.733502 0.716832 0.700161 0.683491 0.670936 0.332387 
1 1 1 1 1 1 1 1 1 1 1 1 1 1 1 1 1 1 1 1 0.999998 0.999986 0.999888 0.999033 0.990485 0.940094 0.902145 0.895446 0.886003 0.870828 0.854381 0.837684 0.820939 0.804186 0.787432 0.770678 0.753924 0.737171 0.720417 0.703663 0.686909 0.674291 0.329064 
1 1 1 1 1 1 1 1 1 1 1 1 1 1 1 1 1 1 1 1 0.999999 0.999993 0.999944 0.999516 0.995308 0.959168 0.907428 0.896711 0.889269 0.874957 0.858629 0.841886 0.825064 0.808228 0.79139 0.774552 0.757714 0.740876 0.724038 0.7072 0.690361 0.67768 0.325709 
1 1 1 1 1 1 1 1 1 1 1 1 1 1 1 1 1 1 1 1 1 0.999997 0.999971 0.999757 0.997693 0.975854 0.917471 0.898148 0.891727 0.878976 0.862887 0.846124 0.829229 0.81231 0.795388 0.778464 0.761541 0.744618 0.727695 0.710772 0.693849 0.681104 0.32232 
1 1 1 1 1 1 1 1 1 1 1 1 1 1 1 1 1 1 1 1 1 0.999998 0.999986 0.999878 0.998865 0.988023 0.932992 0.899872 0.893427 0.882775 0.867139 0.850396 0.833435 0.816434 0.799426 0.782417 0.765408 0.748399 0.73139 0.71438 0.697371 0.684561 0.318896 
1 1 1 1 1 1 1 1 1 1 1 1 1 1 1 1 1 1 1 1 1 0.999999 0.999993 0.999939 0.99944 0.994147 0.953242 0.903123 0.89485 0.886251 0.871349 0.854695 0.837681 0.820599 0.803505 0.786409 0.769313 0.752217 0.735122 0.718026 0.70093 0.688055 0.315439 
1 1 1 1 1 1 1 1 1 1 1 1 1 1 1 1 1 1 1 1 1 1 0.999996 0.999969 0.999723 0.997154 0.970688 0.912238 0.896002 0.88937 0.875471 0.859011 0.841965 0.824805 0.807625 0.790442 0.773259 0.756075 0.738892 0.721708 0.704525 0.691583 0.311945 
1 1 1 1 1 1 1 1 1 1 1 1 1 1 1 1 1 1 1 1 1 1 0.999998 0.999985 0.999863 0.998617 0.985335 0.925549 0.897778 0.891132 0.879539 0.863328 0.846285 0.829054 0.811788 0.794517 0.777245 0.759973 0.742701 0.725429 0.708157 0.695149 0.308417 
1 1 1 1 1 1 1 1 1 1 1 1 1 1 1 1 1 1 1 1 1 1 0.999999 0.999992 0.999932 0.999327 0.992815 0.946381 0.899561 0.892677 0.883203 0.867633 0.850635 0.833344 0.815994 0.798634 0.781272 0.763911 0.746549 0.729188 0.711826 0.698751 0.304851 
1 1 1 1 1 1 1 1 1 1 1 1 1 1 1 1 1 1 1 1 1 1 1 0.999996 0.999966 0.999671 0.996513 0.964518 0.907811 0.893942 0.886515 0.87187 0.85501 0.837674 0.820242 0.802793 0.785342 0.76789 0.750438 0.732986 0.715534 0.70239 0.301249 
1 1 1 1 1 1 1 1 1 1 1 1 1 1 1 1 1 1 1 1 1 1 1 0.999998 0.999983 0.999839 0.998313 0.981071 0.919402 0.895795 0.888585 0.875987 0.859395 0.842042 0.824534 0.806996 0.789453 0.77191 0.754367 0.736823 0.71928 0.706067 0.29761 
1 1 1 1 1 1 1 1 1 1 1 1 1 1 1 1 1 1 1 1 1 1 1 0.999999 0.999991 0.999921 0.999184 0.990763 0.938379 0.897725 0.890259 0.879818 0.86377 0.846445 0.828868 0.811242 0.793608 0.775973 0.758337 0.740701 0.723065 0.709784 0.293933 
1 1 1 1 1 1 1 1 1 1 1 1 1 1 1 1 1 1 1 1 1 1 1 0.999999 0.999996 0.999961 0.999605 0.995548 0.958316 0.903653 0.891649 0.883309 0.868093 0.850876 0.833245 0.815533 0.797807 0.780078 0.762349 0.74462 0.726891 0.713539 0.290216 
1 1 1 1 1 1 1 1 1 1 1 1 1 1 1 1 1 1 1 1 1 1 1 1 0.999998 0.999981 0.999808 0.997864 0.975765 0.914408 0.893249 0.885936 0.872313 0.855324 0.837662 0.819868 0.80205 0.784227 0.766404 0.74858 0.730757 0.717334 0.286461 
1 1 1 1 1 1 1 1 1 1 1 1 1 1 1 1 1 1 1 1 1 1 1 1 0.999999 0.99999 0.999906 0.998976 0.988122 0.931145 0.8952 0.88774 0.876315 0.859768 0.842117 0.824248 0.806338 0.78842 0.770502 0.752583 0.734664 0.721169 0.282666 
1 1 1 1 1 1 1 1 1 1 1 1 1 1 1 1 1 1 1 1 1 1 1 1 0.999999 0.999995 0.999954 0.999509 0.994278 0.952185 0.899207 0.889256 0.879986 0.864177 0.846604 0.828671 0.810671 0.792658 0.774644 0.756629 0.738614 0.725046 0.278831 
1 1 1 1 1 1 1 1 1 1 1 1 1 1 1 1 1 1 1 1 1 1 1 1 1 0.999998 0.999978 0.999764 0.997265 0.97038 0.909127 0.89058 0.8832 0.868502 0.851112 0.833138 0.81505 0.796942 0.77883 0.760718 0.742606 0.728965 0.274954 
1 1 1 1 1 1 1 1 1 1 1 1 1 1 1 1 1 1 1 1 1 1 1 1 1 0.999999 0.999989 0.999886 0.998696 0.985287 0.923685 0.892543 0.885139 0.872679 0.855626 0.837644 0.819475 0.801272 0.783062 0.764851 0.746641 0.732926 0.271035 
1 1 1 1 1 1 1 1 1 1 1 1 1 1 1 1 1 1 1 1 1 1 1 1 1 0.999999 0.999995 0.999945 0.999378 0.992857 0.94578 0.894609 0.886788 0.876538 0.860121 0.842186 0.823946 0.805648 0.78734 0.76903 0.75072 0.73693 0.267074 
1 1 1 1 1 1 1 1 1 1 1 1 1 1 1 1 1 1 1 1 1 1 1 1 1 1 0.999997 0.999973 0.999703 0.996572 0.964696 0.903663 0.888147 0.880038 0.864551 0.846756 0.828462 0.810072 0.791665 0.773254 0.754843 0.740978 0.26307 
1 1 1 1 1 1 1 1 1 1 1 1 1 1 1 1 1 1 1 1 1 1 1 1 1 1 0.999999 0.999987 0.999858 0.998363 0.981831 0.916246 0.890205 0.882166 0.868865 0.851339 0.833021 0.814543 0.796037 0.777525 0.759013 0.74507 0.259022 
1 1 1 1 1 1 1 1 1 1 1 1 1 1 1 1 1 1 1 1 1 1 1 1 1 1 0.999999 0.999994 0.999932 0.99922 0.991123 0.937147 0.892343 0.883919 0.872877 0.855915 0.837618 0.819062 0.800457 0.781843 0.763228 0.749208 0.25493 
1 1 1 1 1 1 1 1 1 1 1 1 1 1 1 1 1 1 1 1 1 1 1 1 1 1 1 0.999997 0.999967 0.999628 0.995724 0.957839 0.899404 0.885378 0.876538 0.86044 0.842248 0.823627 0.804926 0.786209 0.76749 0.753392 0.250792 
1 1 1 1 1 1 1 1 1 1 1 1 1 1 1 1 1 1 1 1 1 1 1 1 1 1 1 0.999998 0.999984 0.999823 0.997955 0.976045 0.911171 0.887234 0.879126 0.864863 0.846898 0.828238 0.809443 0.790624 0.7718 0.757623 0.246608 
1 1 1 1 1 1 1 1 1 1 1 1 1 1 1 1 1 1 1 1 1 1 1 1 1 1 1 0.999999 0.999992 0.999915 0.999025 0.988317 0.929649 0.889382 0.880999 0.86904 0.85155 0.832891 0.81401 0.795088 0.776159 0.761902 0.242377 
1 1 1 1 1 1 1 1 1 1 1 1 1 1 1 1 1 1 1 1 1 1 1 1 1 1 1 1 0.999996 0.999959 0.999535 0.9944 0.951422 0.894543 0.882574 0.872872 0.856166 0.837581 0.818626 0.799602 0.780566 0.766229 0.238098 
1 1 1 1 1 1 1 1 1 1 1 1 1 1 1 1 1 1 1 1 1 1 1 1 1 1 1 1 0.999998 0.999981 0.999779 0.997337 0.970434 0.905487 0.884153 0.876025 0.860696 0.842297 0.82329 0.804167 0.785024 0.770605 0.233771 
1 1 1 1 1 1 1 1 1 1 1 1 1 1 1 1 1 1 1 1 1 1 1 1 1 1 1 1 0.999999 0.999991 0.999894 0.998737 0.985369 0.921766 0.886299 0.87803 0.865046 0.847022 0.827998 0.808783 0.789532 0.775031 0.229395 
1 1 1 1 1 1 1 1 1 1 1 1 1 1 1 1 1 1 1 1 1 1 1 1 1 1 1 1 1 0.999995 0.99995 0.999402 0.992926 0.944678 0.889464 0.879734 0.869064 0.851728 0.832747 0.81345 0.794092 0.779509 0.224969 
1 1 1 1 1 1 1 1 1 1 1 1 1 1 1 1 1 1 1 1 1 1 1 1 1 1 1 1 1 0.999998 0.999976 0.999717 0.99662 0.964488 0.899527 0.881138 0.872708 0.856365 0.837528 0.818166 0.798704 0.784038 0.220491 
1 1 1 1 1 1 1 1 1 1 1 1 1 1 1 1 1 1 1 1 1 1 1 1 1 1 1 1 1 0.999999 0.999988 0.999866 0.998394 0.982158 0.91346 0.883356 0.874837 0.860881 0.842326 0.822931 0.803367 0.788619 0.215962 
1 1 1 1 1 1 1 1 1 1 1 1 1 1 1 1 1 1 1 1 1 1 1 1 1 1 1 1 1 0.999999 0.999994 0.999936 0.999239 0.991285 0.936363 0.885602 0.876661 0.865074 0.84712 0.82774 0.808082 0.793254 0.211381 
1 1 1 1 1 1 1 1 1 1 1 1 1 1 1 1 1 1 1 1 1 1 1 1 1 1 1 1 1 1 0.999997 0.99997 0.999639 0.995807 0.957489 0.894237 0.87818 0.8689 0.851862 0.832586 0.812848 0.797943 0.206746 
1 1 1 1 1 1 1 1 1 1 1 1 1 1 1 1 1 1 1 1 1 1 1 1 1 1 1 1 1 1 0.999999 0.999986 0.999829 0.997998 0.976507 0.907141 0.880285 0.871436 0.856499 0.837458 0.817661 0.802687 0.202057 
1 1 1 1 1 1 1 1 1 1 1 1 1 1 1 1 1 1 1 1 1 1 1 1 1 1 1 1 1 1 0.999999 0.999993 0.999919 0.999047 0.988551 0.927714 0.882611 0.87338 0.860859 0.842336 0.822517 0.807485 0.197313 
1 1 1 1 1 1 1 1 1 1 1 1 1 1 1 1 1 1 1 1 1 1 1 1 1 1 1 1 1 1 1 0.999997 0.999962 0.999548 0.994515 0.950432 0.888963 0.875014 0.864861 0.847178 0.827407 0.812338 0.192515 
1 1 1 1 1 1 1 1 1 1 1 1 1 1 1 1 1 1 1 1 1 1 1 1 1 1 1 1 1 1 1 0.999998 0.999982 0.999785 0.997394 0.970417 0.900992 0.876838 0.86797 0.851935 0.832315 0.817244 0.187662 
1 1 1 1 1 1 1 1 1 1 1 1 1 1 1 1 1 1 1 1 1 1 1 1 1 1 1 1 1 1 1 0.999999 0.999991 0.999898 0.998766 0.98541 0.919177 0.879159 0.870048 0.856486 0.837214 0.822199 0.182756 
1 1 1 1 1 1 1 1 1 1 1 1 1 1 1 1 1 1 1 1 1 1 1 1 1 1 1 1 1 1 1 1 0.999996 0.999952 0.999417 0.992968 0.943144 0.883377 0.87181 0.860698 0.842054 0.8272 0.177801 
1 1 1 1 1 1 1 1 1 1 1 1 1 1 1 1 1 1 1 1 1 1 1 1 1 1 1 1 1 1 1 1 0.999998 0.999977 0.999724 0.996649 0.964021 0.894476 0.873318 0.864472 0.846764 0.832231 0.1728 
1 1 1 1 1 1 1 1 1 1 1 1 1 1 1 1 1 1 1 1 1 1 1 1 1 1 1 1 1 1 1 1 0.999999 0.999989 0.99987 0.998412 0.981976 0.910196 0.875624 0.866754 0.851264 0.83725 0.167769 
1 1 1 1 1 1 1 1 1 1 1 1 1 1 1 1 1 1 1 1 1 1 1 1 1 1 1 1 1 1 1 1 1 0.999995 0.999938 0.999249 0.991224 0.935029 0.877942 0.868759 0.85522 0.842321 0.16275 
1 1 1 1 1 1 1 1 1 1 1 1 1 1 1 1 1 1 1 1 1 1 1 1 1 1 1 1 1 1 1 1 1 0.999998 0.999971 0.999645 0.99579 0.956773 0.887988 0.870517 0.858694 0.84711 0.157679 
1 1 1 1 1 1 1 1 1 1 1 1 1 1 1 1 1 1 1 1 1 1 1 1 1 1 1 1 1 1 1 1 1 0.999999 0.999986 0.999833 0.997996 0.976746 0.901936 0.872787 0.861008 0.85148 0.15289 
1 1 1 1 1 1 1 1 1 1 1 1 1 1 1 1 1 1 1 1 1 1 1 1 1 1 1 1 1 1 1 1 1 0.999999 0.999993 0.999921 0.99905 0.98865 0.924618 0.87585 0.862524 0.854832 0.14852 
1 1 1 1 1 1 1 1 1 1 1 1 1 1 1 1 1 1 1 1 1 1 1 1 1 1 1 1 1 1 1 1 1 1 0.999997 0.999963 0.99955 0.994558 0.948653 0.883768 0.864241 0.85706 0.145168 
1 1 1 1 1 1 1 1 1 1 1 1 1 1 1 1 1 1 1 1 1 1 1 1 1 1 1 1 1 1 1 1 1 1 0.999999 0.999982 0.999787 0.997413 0.969623 0.897648 0.866096 0.858899 0.14294 
1 1 1 1 1 1 1 1 1 1 1 1 1 1 1 1 1 1 1 1 1 1 1 1 1 1 1 1 1 1 1 1 1 1 0.999999 0.999992 0.999899 0.998776 0.985081 0.918187 0.867958 0.860745 0.141101 
1 1 1 1 1 1 1 1 1 1 1 1 1 1 1 1 1 1 1 1 1 1 1 1 1 1 1 1 1 1 1 1 1 1 1 0.999996 0.999952 0.999421 0.992839 0.942311 0.87424 0.8626 0.139255 
1 1 1 1 1 1 1 1 1 1 1 1 1 1 1 1 1 1 1 1 1 1 1 1 1 1 1 1 1 1 1 1 1 1 1 0.999998 0.999978 0.999727 0.996601 0.964472 0.886373 0.865592 0.1374 
1 1 1 1 1 1 1 1 1 1 1 1 1 1 1 1 1 1 1 1 1 1 1 1 1 1 1 1 1 1 1 1 1 1 1 0.999999 0.999989 0.999871 0.998395 0.982131 0.904375 0.870924 0.134408 
1 1 1 1 1 1 1 1 1 1 1 1 1 1 1 1 1 1 1 1 1 1 1 1 1 1 1 1 1 1 1 1 1 1 1 1 0.999995 0.999939 0.999244 0.991273 0.930534 0.879496 0.129076 
1 1 1 1 1 1 1 1 1 1 1 1 1 1 1 1 1 1 1 1 1 1 1 1 1 1 1 1 1 1 1 1 1 1 1 1 0.999998 0.999971 0.999644 0.995805 0.954022 0.898089 0.120504 
1 1 1 1 1 1 1 1 1 1 1 1 1 1 1 1 1 1 1 1 1 1 1 1 1 1 1 1 1 1 1 1 1 1 1 1 0.999999 0.999986 0.999832 0.998001 0.972985 0.920342 0.101911 
1 1 1 1 1 1 1 1 1 1 1 1 1 1 1 1 1 1 1 1 1 1 1 1 1 1 1 1 1 1 1 1 1 1 1 1 0.999999 0.999994 0.999921 0.999051 0.987041 0.942204 0.0796582 
1 1 1 1 1 1 1 1 1 1 1 1 1 1 1 1 1 1 1 1 1 1 1 1 1 1 1 1 1 1 1 1 1 1 1 1 1 0.999997 0.999963 0.999551 0.993893 0.964016 0.0577964 
1 1 1 1 1 1 1 1 1 1 1 1 1 1 1 1 1 1 1 1 1 1 1 1 1 1 1 1 1 1 1 1 1 1 1 1 1 0.999999 0.999982 0.999788 0.997143 0.979615 0.0359836 
1 1 1 1 1 1 1 1 1 1 1 1 1 1 1 1 1 1 1 1 1 1 1 1 1 1 1 1 1 1 1 1 1 1 1 1 1 0.999999 0.999992 0.9999 0.998667 0.989128 0.0203847 
1 1 1 1 1 1 1 1 1 1 1 1 1 1 1 1 1 1 1 1 1 1 1 1 1 1 1 1 1 1 1 1 1 1 1 1 1 1 0.999996 0.999953 0.999378 0.99442 0.0108721 
1 1 1 1 1 1 1 1 1 1 1 1 1 1 1 1 1 1 1 1 1 1 1 1 1 1 1 1 1 1 1 1 1 1 1 1 1 1 0.999998 0.999978 0.99971 0.997206 0.00557996 
1 1 1 1 1 1 1 1 1 1 1 1 1 1 1 1 1 1 1 1 1 1 1 1 1 1 1 1 1 1 1 1 1 1 1 1 1 1 0.999999 0.999989 0.999864 0.998623 0.00279402 
1 1 1 1 1 1 1 1 1 1 1 1 1 1 1 1 1 1 1 1 1 1 1 1 1 1 1 1 1 1 1 1 1 1 1 1 1 1 1 0.999995 0.999936 0.999329 0.0013765 
1 1 1 1 1 1 1 1 1 1 1 1 1 1 1 1 1 1 1 1 1 1 1 1 1 1 1 1 1 1 1 1 1 1 1 1 1 1 1 0.999998 0.99997 0.999676 0.000670694 
1 1 1 1 1 1 1 1 1 1 1 1 1 1 1 1 1 1 1 1 1 1 1 1 1 1 1 1 1 1 1 1 1 1 1 1 1 1 1 0.999999 0.999986 0.999844 0.000324253 
1 1 1 1 1 1 1 1 1 1 1 1 1 1 1 1 1 1 1 1 1 1 1 1 1 1 1 1 1 1 1 1 1 1 1 1 1 1 1 0.999999 0.999993 0.999925 0.000155874 
1 1 1 1 1 1 1 1 1 1 1 1 1 1 1 1 1 1 1 1 1 1 1 1 1 1 1 1 1 1 1 1 1 1 1 1 1 1 1 1 0.999997 0.999964 7.46138e-05 
1 1 1 1 1 1 1 1 1 1 1 1 1 1 1 1 1 1 1 1 1 1 1 1 1 1 1 1 1 1 1 1 1 1 1 1 1 1 1 1 0.999999 0.999983 3.56011e-05 
1 1 1 1 1 1 1 1 1 1 1 1 1 1 1 1 1 1 1 1 1 1 1 1 1 1 1 1 1 1 1 1 1 1 1 1 1 1 1 1 0.999999 0.999992 1.69447e-05 
1 1 1 1 1 1 1 1 1 1 1 1 1 1 1 1 1 1 1 1 1 1 1 1 1 1 1 1 1 1 1 1 1 1 1 1 1 1 1 1 1 0.999996 8.04967e-06 
1 1 1 1 1 1 1 1 1 1 1 1 1 1 1 1 1 1 1 1 1 1 1 1 1 1 1 1 1 1 1 1 1 1 1 1 1 1 1 1 1 0.999998 3.81847e-06 
1 1 1 1 1 1 1 1 1 1 1 1 1 1 1 1 1 1 1 1 1 1 1 1 1 1 1 1 1 1 1 1 1 1 1 1 1 1 1 1 1 0.999999 1.80934e-06 
1 1 1 1 1 1 1 1 1 1 1 1 1 1 1 1 1 1 1 1 1 1 1 1 1 1 1 1 1 1 1 1 1 1 1 1 1 1 1 1 1 1 8.56635e-07 
1 1 1 1 1 1 1 1 1 1 1 1 1 1 1 1 1 1 1 1 1 1 1 1 1 1 1 1 1 1 1 1 1 1 1 1 1 1 1 1 1 1 4.05338e-07 
1 1 1 1 1 1 1 1 1 1 1 1 1 1 1 1 1 1 1 1 1 1 1 1 1 1 1 1 1 1 1 1 1 1 1 1 1 1 1 1 1 1 1.91721e-07 
1 1 1 1 1 1 1 1 1 1 1 1 1 1 1 1 1 1 1 1 1 1 1 1 1 1 1 1 1 1 1 1 1 1 1 1 1 1 1 1 1 1 9.06612e-08 
1 1 1 1 1 1 1 1 1 1 1 1 1 1 1 1 1 1 1 1 1 1 1 1 1 1 1 1 1 1 1 1 1 1 1 1 1 1 1 1 1 1 4.28683e-08 
1 1 1 1 1 1 1 1 1 1 1 1 1 1 1 1 1 1 1 1 1 1 1 1 1 1 1 1 1 1 1 1 1 1 1 1 1 1 1 1 1 1 2.02705e-08 
