0 0 0 0 0 0 0 0 0 0 0 0 0 0 0 0 0 0 0 0 0 0.5 1 1 1 1 1 1 1 1 1 1 1 1 1 1 1 1 1 1 1 1 1 
0 -2.55501e-21 2.73834e-20 -2.96058e-19 3.20062e-18 -3.46011e-17 3.74065e-16 -4.04394e-15 4.37181e-14 -4.72627e-13 5.10947e-12 -5.52373e-11 5.97159e-10 -6.45575e-09 6.97917e-08 -7.54503e-07 8.15676e-06 -8.8181e-05 0.000953305 -0.010306 -0.0224532 0.5 1.02245 1.01031 0.999047 1.00009 0.999992 1 1 1 1 1 1 1 1 1 1 1 1 1 1 1 1 
2.55501e-21 7.46492e-20 -8.4963e-19 8.54632e-18 -8.55958e-17 8.51872e-16 -8.41497e-15 8.23839e-14 -7.97786e-13 7.62092e-12 -7.15367e-11 6.56055e-10 -5.82422e-09 4.92537e-08 -3.84248e-07 2.55161e-06 -1.02618e-05 -7.63262e-05 0.00285523 -0.0165699 -0.0447123 0.5 1.04471 1.01657 0.997145 1.00008 1.00001 0.999997 1 1 1 1 1 1 1 1 1 1 1 1 1 1 1 
-7.46492e-20 -7.05826e-19 9.0627e-18 -8.187e-17 7.28372e-16 -6.33594e-15 5.35532e-14 -4.35643e-13 3.35756e-12 -2.38125e-11 1.45501e-10 -6.12082e-10 -1.07754e-09 6.57154e-08 -9.80137e-07 1.01087e-05 -6.72243e-05 -0.000127105 0.00524733 -0.0191223 -0.0656878 0.5 1.06569 1.01912 0.994753 1.00013 1.00007 0.99999 1 1 1 1 1 1 1 1 1 1 1 1 1 1 1 
7.05826e-19 1.6702e-18 -3.30935e-17 2.36313e-16 -1.54359e-15 8.44585e-15 -2.77265e-14 -1.50478e-13 4.34936e-12 -5.77947e-11 5.88523e-10 -4.84777e-09 2.96204e-08 -6.63743e-08 -1.43917e-06 2.52962e-05 -0.000153398 -0.000334421 0.00770426 -0.0184891 -0.0845141 0.5 1.08451 1.01849 0.992296 1.00033 1.00015 0.999975 1 1 1 1 1 1 1 1 1 1 1 1 1 1 1 
-1.6702e-18 6.57073e-18 -2.28221e-17 3.84194e-16 -4.43139e-15 4.23647e-14 -3.46647e-13 2.34855e-12 -1.11662e-11 -3.77008e-13 8.15908e-10 -1.1788e-08 1.04182e-07 -4.88681e-07 -2.07317e-06 5.13593e-05 -0.00024671 -0.000732255 0.00988167 -0.0153439 -0.10059 0.5 1.10059 1.01534 0.990118 1.00073 1.00025 0.999949 1 1 1 1 1 1 1 1 1 1 1 1 1 1 1 
-6.57073e-18 -9.46013e-18 1.81281e-16 -9.30861e-16 1.94731e-15 3.45088e-14 -6.45282e-13 7.04334e-12 -5.62009e-11 2.94378e-10 -2.49403e-11 -2.07428e-08 2.55e-07 -1.31068e-06 -3.81844e-06 8.94103e-05 -0.000320465 -0.00130752 0.0115419 -0.0104385 -0.113594 0.5 1.11359 1.01044 0.988458 1.00131 1.00032 0.999911 1 1 1 1 1 1 1 1 1 1 1 1 1 1 1 
9.46013e-18 -7.08301e-17 4.95678e-16 -4.34471e-15 2.98763e-14 -1.33638e-13 -1.51009e-13 1.12329e-11 -1.40636e-10 1.04982e-09 -3.28279e-09 -3.31031e-08 5.31697e-07 -2.52637e-06 -7.98186e-06 0.000137646 -0.000350108 -0.00201441 0.012559 -0.00452742 -0.123467 0.5 1.12347 1.00453 0.987441 1.00201 1.00035 0.999862 1.00001 1 0.999999 1 1 1 1 1 1 1 1 1 1 1 1 
7.08301e-17 -1.3713e-16 3.58824e-16 -7.9492e-15 8.49913e-14 -6.25401e-13 2.61808e-12 8.10148e-12 -2.73359e-10 2.63561e-09 -1.064e-08 -5.56494e-08 9.9165e-07 -3.95845e-06 -1.58578e-05 0.000191533 -0.000318048 -0.00278839 0.0129067 0.00170055 -0.130375 0.5 1.13037 0.998299 0.987093 1.00279 1.00032 0.999808 1.00002 1 0.999999 1 1 1 1 1 1 1 1 1 1 1 1 
1.3713e-16 -1.00666e-17 -1.44196e-15 -4.93354e-15 1.5338e-13 -1.63778e-12 1.0215e-11 -1.4879e-11 -4.75991e-10 5.65211e-09 -2.35115e-08 -1.02986e-07 1.68129e-06 -5.25191e-06 -2.83482e-05 0.000244643 -0.000216324 -0.00355876 0.0126379 0.00767357 -0.134652 0.5 1.13465 0.992326 0.987362 1.00356 1.00022 0.999755 1.00003 1.00001 0.999998 1 1 1 1 1 1 1 1 1 1 1 1 
1.00666e-17 7.6562e-16 -6.85103e-15 1.96441e-14 1.8407e-13 -3.41899e-12 2.69617e-11 -7.65639e-11 -8.1295e-10 1.09687e-08 -4.20515e-08 -1.97666e-07 2.61447e-06 -5.91907e-06 -4.56789e-05 0.000289819 -4.72051e-05 -0.00425905 0.0118598 0.012966 -0.136741 0.5 1.13674 0.987034 0.98814 1.00426 1.00005 0.99971 1.00005 1.00001 0.999997 1 1 1 1 1 1 1 1 1 1 1 1 
-7.6562e-16 2.99488e-15 -1.8597e-14 9.39309e-14 6.72138e-14 -6.37012e-12 6.00332e-11 -1.99544e-10 -1.43467e-09 1.96517e-08 -6.40338e-08 -3.67362e-07 3.7548e-06 -5.42341e-06 -6.72657e-05 0.000320386 0.000177923 -0.00483483 0.0107098 0.0173066 -0.137136 0.5 1.13714 0.982693 0.98929 1.00483 0.999822 0.99968 1.00007 1.00001 0.999996 1 1 1 1 1 1 1 1 1 1 1 1 
-2.99488e-15 7.93402e-15 -4.04243e-14 2.67803e-13 -3.8581e-13 -1.13087e-11 1.20675e-10 -4.02039e-10 -2.62114e-09 3.27462e-08 -8.39829e-08 -6.39418e-07 5.00726e-06 -3.28175e-06 -9.17415e-05 0.000331178 0.00044088 -0.00524872 0.00933572 0.0205685 -0.136327 0.5 1.13633 0.979431 0.990664 1.00525 0.999559 0.999669 1.00009 1 0.999995 1 1 1 1 1 1 1 1 1 1 1 1 
-7.93402e-15 1.7476e-14 -7.79654e-14 6.26468e-13 -1.44289e-12 -1.99573e-11 2.24915e-10 -6.8326e-10 -4.80642e-09 5.09255e-08 -9.29164e-08 -1.03388e-06 6.22201e-06 8.3743e-07 -0.000117126 0.000319259 0.000719665 -0.00548266 0.00787916 0.022748 -0.13477 0.5 1.13477 0.977252 0.992121 1.00548 0.99928 0.999681 1.00012 0.999999 0.999994 1 1 1 1 1 1 1 1 1 1 1 1 
-1.7476e-14 3.45976e-14 -1.4105e-13 1.30925e-12 -3.40223e-12 -3.56507e-11 3.9287e-10 -1.00365e-09 -8.56435e-09 7.40721e-08 -7.89285e-08 -1.55655e-06 7.2102e-06 7.03876e-06 -0.000141096 0.000284259 0.000991543 -0.00553764 0.00646434 0.0239358 -0.132853 0.5 1.13285 0.976064 0.993536 1.00554 0.999008 0.999716 1.00014 0.999993 0.999993 1 1 1 1 1 1 1 1 1 1 1 1 
-3.45976e-14 6.43824e-14 -2.48477e-13 2.5301e-12 -6.45799e-12 -6.41352e-11 6.45782e-10 -1.26409e-09 -1.45426e-08 1.00889e-07 -2.86432e-08 -2.19376e-06 7.76914e-06 1.5161e-05 -0.000161305 0.000228328 0.00123581 -0.00543123 0.00519045 0.0242867 -0.130887 0.5 1.13089 0.975713 0.99481 1.00543 0.998764 0.999772 1.00016 0.999985 0.999992 1 1 1 1 1 1 1 1 1 1 1 1 
-6.43824e-14 1.16052e-13 -4.36129e-13 4.59096e-12 -1.04527e-11 -1.14205e-10 1.00031e-09 -1.29024e-09 -2.33443e-08 1.28653e-07 7.06393e-08 -2.90999e-06 7.71241e-06 2.478e-05 -0.000175697 0.000155773 0.00143596 -0.00519374 0.00412769 0.0239909 -0.129097 0.5 1.1291 0.976009 0.995872 1.00519 0.998564 0.999844 1.00018 0.999975 0.999992 1 1 1 1 1 1 1 1 1 1 1 1 
-1.16052e-13 2.06443e-13 -7.68475e-13 7.87428e-12 -1.4515e-11 -1.97827e-10 1.46034e-09 -8.28851e-10 -3.53709e-08 1.53201e-07 2.28457e-07 -3.64922e-06 6.89962e-06 3.5251e-05 -0.000182768 7.24558e-05 0.00158101 -0.00486342 0.00331638 0.0232491 -0.12763 0.5 1.12763 0.976751 0.996684 1.00486 0.998419 0.999928 1.00018 0.999965 0.999993 1 1 1 1 1 1 1 1 1 1 1 1 
-2.06443e-13 3.65148e-13 -1.35196e-12 1.27978e-11 -1.66244e-11 -3.29389e-10 2.00748e-09 4.38493e-10 -5.06526e-08 1.69202e-07 4.48804e-07 -4.33989e-06 5.26098e-06 4.57833e-05 -0.00018175 -1.49463e-05 0.00166607 -0.00448154 0.00276878 0.0222523 -0.126558 0.5 1.12656 0.977748 0.997231 1.00448 0.998334 1.00001 1.00018 0.999954 0.999995 1 1 1 1 1 1 1 1 1 1 1 1 
-3.65148e-13 6.41025e-13 -2.34678e-12 1.97176e-11 -1.31908e-11 -5.2383e-10 2.5921e-09 2.86149e-09 -6.87011e-08 1.70721e-07 7.28317e-07 -4.90288e-06 2.81266e-06 5.55337e-05 -0.00017268 -9.97029e-05 0.00169214 -0.00408792 0.00247289 0.0211672 -0.125894 0.5 1.12589 0.978833 0.997527 1.00409 0.998308 1.0001 1.00017 0.999944 0.999997 1 0.999999 1 1 1 1 1 1 1 1 1 1 
-6.41025e-13 1.109e-12 -3.97142e-12 2.87726e-11 1.22001e-12 -7.93592e-10 3.1274e-09 6.76869e-09 -8.84193e-08 1.51991e-07 1.05539e-06 -5.2614e-06 -3.39307e-07 6.37062e-05 -0.000156377 -0.000175732 0.00166526 -0.00371726 0.00239776 0.0201274 -0.125607 0.5 1.12561 0.979873 0.997602 1.00372 0.998335 1.00018 1.00016 0.999936 1 1.00001 0.999999 1 1 1 1 1 1 1 1 1 1 
-1.109e-12 1.87515e-12 -6.49343e-12 3.96808e-11 3.38699e-11 -1.14465e-09 3.48875e-09 1.24024e-08 -1.08098e-07 1.08317e-07 1.41043e-06 -5.35113e-06 -4.00713e-06 6.96423e-05 -0.000134322 -0.000238161 0.00159535 -0.0033966 0.00249968 0.019229 -0.125633 0.5 1.12563 0.980771 0.9975 1.0034 0.998405 1.00024 1.00013 0.99993 1 1.00001 0.999999 1 1 1 1 1 1 1 1 1 1 
-1.87515e-12 3.0772e-12 -1.02001e-11 5.15115e-11 9.34089e-11 -1.57219e-09 3.5202e-09 1.98507e-08 -1.25512e-07 3.69458e-08 1.76738e-06 -5.12936e-06 -7.93994e-06 7.28928e-05 -0.000108469 -0.000283712 0.00149471 -0.00314396 0.00272838 0.0185305 -0.125892 0.5 1.12589 0.98147 0.997272 1.00314 0.998505 1.00028 1.00011 0.999927 1.00001 1.00001 0.999998 1 1 1 1 1 1 1 1 1 1 
-3.0772e-12 4.87727e-12 -1.53455e-11 6.24793e-11 1.88938e-10 -2.05662e-09 3.04867e-09 2.89881e-08 -1.38123e-07 -6.22238e-08 2.09615e-06 -4.58158e-06 -1.18504e-05 7.32615e-05 -8.1017e-05 -0.000310866 0.00137658 -0.00296816 0.0030328 0.0180562 -0.126301 0.5 1.1263 0.981944 0.996967 1.00297 0.998623 1.00031 1.00008 0.999927 1.00001 1 0.999998 1 1 1 1 1 1 1 1 1 1 
-4.87727e-12 7.444e-12 -2.20747e-11 6.9815e-11 3.28588e-10 -2.56103e-09 1.90525e-09 3.94377e-08 -1.43357e-07 -1.86227e-07 2.36593e-06 -3.72472e-06 -1.54457e-05 7.08183e-05 -5.41702e-05 -0.000319841 0.00125373 -0.00286957 0.0033659 0.0178023 -0.126779 0.5 1.12678 0.982198 0.996634 1.00287 0.998746 1.00032 1.00005 0.999929 1.00002 1 0.999998 1 1 1 1 1 1 1 1 1 1 
-7.444e-12 1.09224e-11 -3.03321e-11 6.97715e-11 5.17729e-10 -3.03069e-09 -4.86825e-11 5.0563e-08 -1.38937e-07 -3.28989e-07 2.54868e-06 -2.60661e-06 -1.84584e-05 6.58817e-05 -2.99219e-05 -0.000312388 0.00113742 -0.0028415 0.00368821 0.0177431 -0.127258 0.5 1.12726 0.982257 0.996312 1.00284 0.998863 1.00031 1.00003 0.999934 1.00002 1 0.999997 1 1 1 1 1 1 1 1 1 1 
-1.09224e-11 1.5392e-11 -3.97669e-11 5.78139e-11 7.57044e-10 -3.39542e-09 -2.89399e-09 6.14978e-08 -1.23214e-07 -4.81691e-07 2.62251e-06 -1.30167e-06 -2.06741e-05 5.89755e-05 -9.87615e-06 -0.000291452 0.00103651 -0.00287213 0.00396993 0.0178394 -0.127688 0.5 1.12769 0.982161 0.99603 1.00287 0.998963 1.00029 1.00001 0.999941 1.00002 1 0.999997 1 1 1 1 1 1 1 1 1 1 
-1.5392e-11 2.08171e-11 -4.96553e-11 2.90181e-11 1.04076e-09 -3.57504e-09 -6.62894e-09 7.12117e-08 -9.54541e-08 -6.33509e-07 2.5744e-06 9.64584e-08 -2.19523e-05 5.07656e-05 4.87179e-06 -0.000260766 0.000957092 -0.00294651 0.00419172 0.018045 -0.128033 0.5 1.12803 0.981955 0.995808 1.00295 0.999043 1.00026 0.999995 0.999949 1.00002 1 0.999997 1 1 1 1 1 1 1 1 1 1 
-2.08171e-11 2.69949e-11 -5.88583e-11 -2.133e-11 1.3554e-09 -3.48753e-09 -1.11515e-08 7.86089e-08 -5.60436e-08 -7.72657e-07 2.40202e-06 1.48446e-06 -2.22379e-05 4.19877e-05 1.37917e-05 -0.000224398 0.000902288 -0.00304855 0.00434438 0.0183129 -0.128277 0.5 1.12828 0.981687 0.995656 1.00305 0.999098 1.00022 0.999986 0.999958 1.00002 0.999999 0.999998 1 1 1 1 1 1 1 1 1 1 
-2.69949e-11 3.35111e-11 -6.58372e-11 -9.69824e-11 1.67937e-09 -3.05931e-09 -1.62524e-08 8.26472e-08 -6.5624e-09 -8.87593e-07 2.11428e-06 2.75982e-06 -2.15639e-05 3.33715e-05 1.6911e-05 -0.00018634 0.000872482 -0.00316273 0.00442756 0.0186007 -0.128416 0.5 1.12842 0.981399 0.995572 1.00316 0.999128 1.00019 0.999983 0.999967 1.00002 0.999997 0.999998 1 1 1 1 1 1 1 1 1 1 
-3.35111e-11 3.97139e-11 -6.87397e-11 -1.99909e-10 1.98357e-09 -2.23629e-09 -2.1621e-08 8.24646e-08 5.02752e-08 -9.68257e-07 1.73064e-06 3.83096e-06 -2.0044e-05 2.55728e-05 1.47534e-05 -0.000150145 0.000865716 -0.00327543 0.00444791 0.0188734 -0.128461 0.5 1.12846 0.981127 0.995552 1.00328 0.999134 1.00015 0.999985 0.999974 1.00002 0.999996 0.999998 1 1 1 1 1 1 1 1 1 1 
-3.97139e-11 4.47148e-11 -6.55615e-11 -3.29522e-10 2.23333e-09 -9.94428e-10 -2.68656e-08 7.74966e-08 1.1082e-07 -1.00717e-06 1.2793e-06 4.62597e-06 -1.78576e-05 1.91181e-05 8.23415e-06 -0.000118666 0.000878264 -0.00337591 0.00441695 0.0191055 -0.128427 0.5 1.12843 0.980895 0.995583 1.00338 0.999122 1.00012 0.999992 0.999981 1.00002 0.999995 0.999999 1 1 1 1 1 1 1 1 1 1 
-4.47148e-11 4.74274e-11 -5.43771e-11 -4.82082e-10 2.39133e-09 6.52043e-10 -3.15457e-08 6.75678e-08 1.70809e-07 -1.00029e-06 7.94396e-07 5.09887e-06 -1.52289e-05 1.4368e-05 -1.46968e-06 -9.38897e-05 0.000905276 -0.00345673 0.0043489 0.0192815 -0.128337 0.5 1.12834 0.980719 0.995651 1.00346 0.999095 1.00009 1 0.999986 1.00002 0.999995 0.999999 1 1 1 1 1 1 1 1 1 1 
-4.74274e-11 4.66452e-11 -3.36183e-11 -6.50391e-10 2.42148e-09 2.64591e-09 -3.52143e-08 5.29459e-08 2.25762e-07 -9.47467e-07 3.1265e-07 5.23302e-06 -1.24031e-05 1.14991e-05 -1.30597e-05 -7.68827e-05 0.000941434 -0.00351386 0.00425868 0.0193951 -0.128213 0.5 1.12821 0.980605 0.995741 1.00351 0.999059 1.00008 1.00001 0.999989 1.00001 0.999995 1 1 1 1 1 1 1 1 1 1 1 
-4.66452e-11 4.11587e-11 -2.36881e-12 -8.23886e-10 2.29333e-09 4.88692e-09 -3.74651e-08 3.43476e-08 2.71429e-07 -8.52545e-07 -1.30182e-07 5.04132e-06 -9.62198e-06 1.05069e-05 -2.52509e-05 -6.78346e-05 0.000981528 -0.00354641 0.00416033 0.0194481 -0.128076 0.5 1.12808 0.980552 0.99584 1.00355 0.999018 1.00007 1.00003 0.999989 1.00001 0.999995 1 1 1 1 1 1 1 1 1 1 1 
-4.11587e-11 2.99027e-11 3.93661e-11 -9.89186e-10 1.98639e-09 7.2369e-09 -3.79786e-08 1.2896e-08 3.04216e-07 -7.22973e-07 -5.0267e-07 4.56339e-06 -7.10197e-06 1.12253e-05 -3.68876e-05 -6.61752e-05 0.00102094 -0.00355609 0.00406572 0.0194482 -0.127943 0.5 1.12794 0.980552 0.995934 1.00356 0.998979 1.00007 1.00004 0.999989 1.00001 0.999995 1 1 1 1 1 1 1 1 1 1 1 
-2.99027e-11 1.21197e-11 9.04572e-11 -1.13107e-09 1.49392e-09 9.52978e-09 -3.65627e-08 -9.97007e-09 3.21545e-07 -5.69095e-07 -7.80501e-07 3.86035e-06 -5.01671e-06 1.33601e-05 -4.70323e-05 -7.07489e-05 0.00105598 -0.00354654 0.00398387 0.0194068 -0.127829 0.5 1.12783 0.980593 0.996016 1.00355 0.998944 1.00007 1.00005 0.999987 1.00001 0.999996 1 1 1 1 1 1 1 1 1 1 1 
-1.21197e-11 -1.24795e-11 1.48557e-10 -1.23382e-09 8.25504e-10 1.15858e-08 -3.31814e-08 -3.26224e-08 3.22123e-07 -4.03131e-07 -9.48443e-07 3.00776e-06 -3.485e-06 1.65305e-05 -5.50216e-05 -8.00171e-05 0.00108406 -0.0035226 0.0039206 0.0193375 -0.127741 0.5 1.12774 0.980663 0.996079 1.00352 0.998916 1.00008 1.00006 0.999983 1 0.999997 1 1 1 1 1 1 1 1 1 1 1 
1.24795e-11 -4.35819e-11 2.10144e-10 -1.28287e-09 8.15897e-12 1.32284e-08 -2.79682e-08 -5.33948e-08 3.06068e-07 -2.38004e-07 -1.00131e-06 2.08768e-06 -2.56538e-06 2.03147e-05 -6.04884e-05 -9.22661e-05 0.00110376 -0.00348962 0.0038786 0.0192537 -0.127683 0.5 1.12768 0.980746 0.996121 1.00349 0.998896 1.00009 1.00006 0.99998 1 0.999998 1 1 1 1 1 1 1 1 1 1 1 
4.35819e-11 -8.01849e-11 2.70714e-10 -1.26643e-09 -9.14512e-10 1.43023e-08 -2.12221e-08 -7.07406e-08 2.74896e-07 -8.61245e-08 -9.43898e-07 1.1807e-06 -2.25705e-06 2.42936e-05 -6.33526e-05 -0.000105798 0.00111475 -0.00345277 0.00385782 0.0191674 -0.127656 0.5 1.12766 0.980833 0.996142 1.00345 0.998885 1.00011 1.00006 0.999976 1 0.999999 1 1 1 1 1 1 1 1 1 1 1 
8.01849e-11 -1.20576e-10 3.25122e-10 -1.17707e-09 -1.88499e-09 1.46898e-08 -1.33863e-08 -8.33803e-08 2.31362e-07 4.17258e-08 -7.89925e-07 3.58733e-07 -2.50625e-06 2.80887e-05 -6.37856e-05 -0.000119089 0.00111761 -0.00341659 0.00385602 0.0190885 -0.127655 0.5 1.12765 0.980911 0.996144 1.00342 0.998882 1.00012 1.00006 0.999972 1 1 1 1 1 1 1 1 1 1 1 1 1 
1.20576e-10 -1.6239e-10 3.68043e-10 -1.013e-09 -2.83628e-09 1.43248e-08 -5.01068e-09 -9.04228e-08 1.79191e-07 1.37305e-07 -5.60211e-07 -3.20644e-07 -3.21712e-06 3.13917e-05 -6.21563e-05 -0.000130907 0.00111363 -0.00338466 0.00386946 0.0190239 -0.127675 0.5 1.12767 0.980976 0.996131 1.00338 0.998886 1.00013 1.00006 0.999969 1 1 1 1 1 1 1 1 1 1 1 1 1 
1.6239e-10 -2.02749e-10 3.94505e-10 -7.78708e-10 -3.69762e-09 1.32017e-08 3.29654e-09 -9.14468e-08 1.22708e-07 1.95531e-07 -2.80278e-07 -8.18088e-07 -4.26531e-06 3.39834e-05 -5.8966e-05 -0.000140377 0.0011045 -0.00335941 0.00389357 0.0189775 -0.127709 0.5 1.12771 0.981023 0.996106 1.00336 0.998895 1.00014 1.00006 0.999966 1 1 1 1 1 1 1 1 1 1 1 1 1 
2.02749e-10 -2.38479e-10 4.00447e-10 -4.85205e-10 -4.40101e-09 1.13784e-08 1.09244e-08 -8.65362e-08 6.64286e-08 2.14765e-07 2.23147e-08 -1.11421e-06 -5.51272e-06 3.57416e-05 -5.47799e-05 -0.000147008 0.00109214 -0.00334213 0.00392362 0.0189504 -0.127751 0.5 1.12775 0.98105 0.996076 1.00334 0.998908 1.00015 1.00005 0.999964 1.00001 1 1 1 1 1 1 1 1 1 1 1 1 
2.38479e-10 -2.66382e-10 3.83223e-10 -1.49401e-10 -4.88774e-09 8.97305e-09 1.73152e-08 -7.62644e-08 1.46471e-08 1.96745e-07 3.20611e-07 -1.20927e-06 -6.82183e-06 3.66386e-05 -5.01642e-05 -0.000150671 0.00107841 -0.00333301 0.00395522 0.0189416 -0.127794 0.5 1.12779 0.981058 0.996045 1.00333 0.998922 1.00015 1.00005 0.999963 1.00001 1 1 1 1 1 1 1 1 1 1 1 1 
2.66382e-10 -2.83541e-10 3.42007e-10 2.07052e-10 -5.11432e-09 6.15491e-09 2.20152e-08 -6.16313e-08 -2.8942e-08 1.46207e-07 5.90632e-07 -1.12099e-06 -8.06823e-06 3.67299e-05 -4.56311e-05 -0.000151549 0.00106497 -0.00333137 0.00398472 0.0189481 -0.127834 0.5 1.12783 0.981052 0.996015 1.00333 0.998935 1.00015 1.00005 0.999963 1.00001 1 0.999999 1 1 1 1 1 1 1 1 1 1 
2.83541e-10 -2.87631e-10 2.78021e-10 5.59516e-10 -5.05706e-09 3.12957e-09 2.47153e-08 -4.39617e-08 -6.15415e-08 7.02443e-08 8.13251e-07 -8.81065e-07 -9.15036e-06 3.61374e-05 -4.15993e-05 -0.000150067 0.00105311 -0.00333591 0.00400941 0.0189661 -0.127866 0.5 1.12787 0.981034 0.995991 1.00334 0.998947 1.00015 1.00004 0.999964 1.00001 1 0.999999 1 1 1 1 1 1 1 1 1 1 
2.87631e-10 -2.7719e-10 1.94576e-10 8.82493e-10 -4.71487e-09 1.20802e-10 2.52765e-08 -2.47755e-08 -8.1451e-08 -2.251e-08 9.75444e-07 -5.30597e-07 -9.99581e-06 3.50273e-05 -3.83688e-05 -0.000146805 0.00104375 -0.00334494 0.00402767 0.0189912 -0.12789 0.5 1.12789 0.981009 0.995972 1.00334 0.998956 1.00015 1.00004 0.999965 1.00001 1 0.999999 1 1 1 1 1 1 1 1 1 1 
2.7719e-10 -2.51828e-10 9.68869e-11 1.15192e-09 -4.10987e-09 -2.64942e-09 2.37394e-08 -5.64396e-09 -8.81498e-08 -1.22777e-07 1.07085e-06 -1.15275e-07 -1.05641e-05 3.35883e-05 -3.61114e-05 -0.000142412 0.00103736 -0.00335662 0.00403884 0.0190194 -0.127903 0.5 1.1279 0.980981 0.995961 1.00336 0.998963 1.00014 1.00004 0.999966 1.00001 1 0.999999 1 1 1 1 1 1 1 1 1 1 
2.51828e-10 -2.12343e-10 -8.31581e-12 1.34739e-09 -3.28579e-09 -4.98077e-09 2.03154e-08 1.19516e-08 -8.22641e-08 -2.21517e-07 1.09963e-06 3.19376e-07 -1.08459e-05 3.20099e-05 -3.48756e-05 -0.000137535 0.00103402 -0.00336921 0.00404318 0.0190468 -0.127907 0.5 1.12791 0.980953 0.995957 1.00337 0.998966 1.00014 1.00003 0.999968 1.00001 1 0.999999 1 1 1 1 1 1 1 1 1 1 
2.12343e-10 -1.6073e-10 -1.13343e-10 1.45412e-09 -2.30423e-09 -6.71204e-09 1.53632e-08 2.67465e-08 -6.54288e-08 -3.10719e-07 1.06777e-06 7.32141e-07 -1.08598e-05 3.04645e-05 -3.46023e-05 -0.000132752 0.0010335 -0.00338123 0.00404159 0.0190708 -0.127904 0.5 1.1279 0.980929 0.995958 1.00338 0.998967 1.00013 1.00003 0.99997 1.00001 0.999999 0.999999 1 1 1 1 1 1 1 1 1 1 
1.6073e-10 -1.00064e-10 -2.10226e-10 1.4643e-09 -1.23931e-09 -7.73473e-09 9.35083e-09 3.7792e-08 -4.00653e-08 -3.84015e-07 9.8586e-07 1.08936e-06 -1.06463e-05 2.90934e-05 -3.51488e-05 -0.000128524 0.00103531 -0.00339151 0.00403543 0.0190893 -0.127894 0.5 1.12789 0.980911 0.995965 1.00339 0.998965 1.00013 1.00004 0.999971 1.00001 0.999999 0.999999 1 1 1 1 1 1 1 1 1 1 
1.00064e-10 -3.42821e-11 -2.91448e-10 1.37791e-09 -1.71045e-10 -8.00128e-09 2.81044e-09 4.45195e-08 -9.10252e-09 -4.37094e-07 8.67632e-07 1.36702e-06 -1.02609e-05 2.79983e-05 -3.63166e-05 -0.000125175 0.00103882 -0.00339933 0.00402627 0.0191016 -0.127881 0.5 1.12788 0.980898 0.995974 1.0034 0.998961 1.00013 1.00004 0.999972 1.00001 0.999999 0.999999 1 1 1 1 1 1 1 1 1 1 
3.42821e-11 3.21279e-11 -3.50638e-10 1.20273e-09 8.21714e-10 -7.5275e-09 -3.71211e-09 4.67649e-08 2.43266e-08 -4.67875e-07 7.28313e-07 1.55174e-06 -9.76679e-06 2.72379e-05 -3.78809e-05 -0.000122883 0.00104335 -0.00340434 0.00401567 0.0191076 -0.127867 0.5 1.12787 0.980892 0.995984 1.0034 0.998957 1.00012 1.00004 0.999973 1.00001 0.999998 0.999999 1 1 1 1 1 1 1 1 1 1 
-3.21279e-11 9.45048e-11 -3.83177e-10 9.53642e-10 1.6681e-09 -6.38893e-09 -9.70568e-09 4.47542e-08 5.71822e-08 -4.76462e-07 5.83066e-07 1.64054e-06 -9.22762e-06 2.68289e-05 -3.96165e-05 -0.000121683 0.00104823 -0.00340655 0.00400507 0.0191078 -0.127853 0.5 1.12785 0.980892 0.995995 1.00341 0.998952 1.00012 1.00004 0.999973 1.00001 0.999998 0.999999 1 1 1 1 1 1 1 1 1 1 
-9.45048e-11 1.48414e-10 -3.86638e-10 6.5122e-10 2.31118e-09 -4.71186e-09 -1.47367e-08 3.9054e-08 8.67799e-08 -4.64896e-07 4.45607e-07 1.6397e-06 -8.70142e-06 2.67513e-05 -4.13209e-05 -0.000121498 0.00105289 -0.00340628 0.00399558 0.0191034 -0.127841 0.5 1.12784 0.980897 0.996004 1.00341 0.998947 1.00012 1.00004 0.999973 1.00001 0.999998 1 1 1 1 1 1 1 1 1 1 1 
-1.48414e-10 1.90032e-10 -3.61008e-10 3.19889e-10 2.71252e-09 -2.66006e-09 -1.84823e-08 3.04942e-08 1.10996e-07 -4.36754e-07 3.27125e-07 1.56287e-06 -8.23588e-06 2.69562e-05 -4.28297e-05 -0.000122158 0.00105689 -0.00340404 0.00398801 0.0190959 -0.127831 0.5 1.12783 0.980904 0.996012 1.0034 0.998943 1.00012 1.00004 0.999973 1.00001 0.999998 1 1 1 1 1 1 1 1 1 1 1 
-1.90032e-10 2.16487e-10 -3.08695e-10 -1.43024e-11 2.85476e-09 -4.18621e-10 -2.07512e-08 2.00721e-08 1.28404e-07 -3.96647e-07 2.35581e-07 1.42877e-06 -7.86544e-06 2.73754e-05 -4.40271e-05 -0.000123442 0.00105994 -0.00340044 0.00398278 0.0190866 -0.127825 0.5 1.12783 0.980913 0.996017 1.0034 0.99894 1.00012 1.00004 0.999973 1.00001 0.999999 1 1 1 1 1 1 1 1 1 1 1 
-2.16487e-10 2.26103e-10 -2.34289e-10 -3.25982e-10 2.74237e-09 1.82326e-09 -2.14913e-08 8.84953e-09 1.38326e-07 -3.4968e-07 1.75384e-07 1.25869e-06 -7.60996e-06 2.79312e-05 -4.48486e-05 -0.000125102 0.0010619 -0.00339613 0.00398 0.0190769 -0.127822 0.5 1.12782 0.980923 0.99602 1.0034 0.998938 1.00013 1.00004 0.999972 1.00001 0.999999 1 1 1 1 1 1 1 1 1 1 1 
-2.26103e-10 2.1854e-10 -1.4413e-10 -5.92627e-10 2.40018e-09 3.88895e-09 -2.07835e-08 -2.14726e-09 1.40818e-07 -3.00929e-07 1.47463e-07 1.07411e-06 -7.47512e-06 2.85455e-05 -4.52785e-05 -0.000126901 0.00106277 -0.0033917 0.00397948 0.0190679 -0.127822 0.5 1.12782 0.980932 0.996021 1.00339 0.998937 1.00013 1.00005 0.999971 1.00001 0.999999 1 1 1 1 1 1 1 1 1 1 1 
-2.1854e-10 1.94816e-10 -4.571e-11 -7.96398e-10 1.8703e-09 5.62897e-09 -1.88242e-08 -1.20159e-08 1.36588e-07 -2.54975e-07 1.49641e-07 8.94626e-07 -7.45406e-06 2.91477e-05 -4.53434e-05 -0.000128627 0.00106266 -0.00338764 0.00398085 0.0190605 -0.127825 0.5 1.12782 0.980939 0.996019 1.00339 0.998937 1.00013 1.00005 0.999971 1.00001 0.999999 1 1 1 1 1 1 1 1 1 1 1 
-1.94816e-10 1.57197e-10 5.30098e-11 -9.25484e-10 1.20749e-09 6.93205e-09 -1.58986e-08 -2.00462e-08 1.2685e-07 -2.15548e-07 1.7727e-07 7.36368e-07 -7.53002e-06 2.96803e-05 -4.51019e-05 -0.000130116 0.00106178 -0.00338431 0.00398357 0.0190552 -0.127829 0.5 1.12783 0.980945 0.996016 1.00338 0.998938 1.00013 1.00005 0.99997 1.00001 0.999999 1 1 1 1 1 1 1 1 1 1 1 
-1.57197e-10 1.08979e-10 1.4432e-10 -9.74831e-10 4.73765e-10 7.73217e-09 -1.23476e-08 -2.57644e-08 1.13165e-07 -1.85288e-07 2.24002e-07 6.10984e-07 -7.67956e-06 3.01025e-05 -4.46332e-05 -0.000131259 0.00106036 -0.00338193 0.00398711 0.0190521 -0.127834 0.5 1.12783 0.980948 0.996013 1.00338 0.99894 1.00013 1.00004 0.99997 1.00001 0.999999 1 1 1 1 1 1 1 1 1 1 1 
-1.08979e-10 5.41896e-11 2.21429e-10 -9.46224e-10 -2.67456e-10 8.01079e-09 -8.5331e-09 -2.89513e-08 9.72539e-08 -1.65647e-07 2.8263e-07 5.25186e-07 -7.87588e-06 3.03914e-05 -4.40253e-05 -0.000132001 0.00105864 -0.00338057 0.00399092 0.0190511 -0.127839 0.5 1.12784 0.980949 0.996009 1.00338 0.998941 1.00013 1.00004 0.99997 1.00001 0.999999 1 1 1 1 1 1 1 1 1 1 1 
-5.41896e-11 -2.78041e-12 2.79028e-10 -8.47744e-10 -9.56873e-10 7.79478e-09 -4.80365e-09 -2.9635e-08 8.08235e-08 -1.56901e-07 3.45884e-07 4.80858e-07 -8.09201e-06 3.05412e-05 -4.33649e-05 -0.000132339 0.00105687 -0.00338018 0.00399453 0.019052 -0.127844 0.5 1.12784 0.980948 0.996005 1.00338 0.998943 1.00013 1.00004 0.999969 1.00001 1 1 1 1 1 1 1 1 1 1 1 1 
2.78041e-12 -5.75566e-11 3.13688e-10 -6.92691e-10 -1.54414e-09 7.15029e-09 -1.46498e-09 -2.80614e-08 6.54099e-08 -1.58288e-07 4.07135e-07 4.75609e-07 -8.30345e-06 3.0561e-05 -4.27288e-05 -0.000132312 0.00105524 -0.00338061 0.00399761 0.0190542 -0.127847 0.5 1.12785 0.980946 0.996002 1.00338 0.998945 1.00013 1.00004 0.999969 1.00001 1 1 1 1 1 1 1 1 1 1 1 1 
5.75566e-11 -1.0615e-10 3.24076e-10 -4.98085e-10 -1.99152e-09 6.17363e-09 1.24303e-09 -2.4648e-08 5.22593e-08 -1.68214e-07 4.60925e-07 5.03659e-07 -8.4902e-06 3.04715e-05 -4.21775e-05 -0.000131989 0.0010539 -0.00338166 0.00399992 0.0190573 -0.12785 0.5 1.12785 0.980943 0.996 1.00338 0.998946 1.00013 1.00004 0.99997 1.00001 0.999999 1 1 1 1 1 1 1 1 1 1 1 
1.0615e-10 -1.45275e-10 3.10963e-10 -2.82946e-10 -2.27621e-09 4.98008e-09 3.16111e-09 -1.99263e-08 4.22497e-08 -1.84515e-07 5.03324e-07 5.56923e-07 -8.63799e-06 3.03007e-05 -4.17523e-05 -0.000131459 0.00105293 -0.00338311 0.00400135 0.0190607 -0.127852 0.5 1.12785 0.980939 0.995999 1.00338 0.998947 1.00013 1.00004 0.99997 1.00001 0.999999 0.999999 1 1 1 1 1 1 1 1 1 1 
1.45275e-10 -1.72593e-10 2.77037e-10 -6.64883e-11 -2.39102e-09 3.6921e-09 4.21648e-09 -1.44808e-08 3.58557e-08 -2.04742e-07 5.32075e-07 6.26153e-07 -8.73877e-06 3.00798e-05 -4.14741e-05 -0.000130814 0.00105237 -0.00338472 0.00400194 0.0190641 -0.127852 0.5 1.12785 0.980936 0.995998 1.00338 0.998948 1.00013 1.00004 0.99997 1.00001 0.999999 0.999999 1 1 1 1 1 1 1 1 1 1 
1.72593e-10 -1.86857e-10 2.26561e-10 1.33557e-10 -2.34373e-09 2.42781e-09 4.42022e-09 -8.8888e-09 3.31569e-08 -2.26428e-07 5.46566e-07 7.02024e-07 -8.79048e-06 2.98399e-05 -4.13453e-05 -0.000130143 0.0010522 -0.00338629 0.00400176 0.019067 -0.127851 0.5 1.12785 0.980933 0.995998 1.00339 0.998948 1.00013 1.00004 0.99997 1.00001 0.999999 0.999999 1 1 1 1 1 1 1 1 1 1 
1.86857e-10 -1.87952e-10 1.64891e-10 3.02374e-10 -2.15504e-09 1.29103e-09 3.85717e-09 -3.66894e-09 3.38816e-08 -2.47327e-07 5.47646e-07 7.76054e-07 -8.79628e-06 2.96086e-05 -4.13524e-05 -0.00012952 0.00105236 -0.00338766 0.004001 0.0190693 -0.12785 0.5 1.12785 0.980931 0.995999 1.00339 0.998948 1.00013 1.00004 0.99997 1.00001 0.999999 0.999999 1 1 1 1 1 1 1 1 1 1 
1.87952e-10 -1.76838e-10 9.79414e-11 4.29113e-10 -1.85563e-09 3.63522e-10 2.67015e-09 7.59473e-10 3.74787e-08 -2.65592e-07 5.37318e-07 8.41304e-07 -8.76335e-06 2.94079e-05 -4.14703e-05 -0.000129002 0.00105278 -0.00338873 0.00399983 0.0190707 -0.127848 0.5 1.12785 0.980929 0.996 1.00339 0.998947 1.00013 1.00004 0.999971 1.00001 0.999999 0.999999 1 1 1 1 1 1 1 1 1 1 
1.76838e-10 -1.55397e-10 3.16225e-11 5.075e-10 -1.4825e-09 -3.00002e-10 1.04053e-09 4.10282e-09 4.32061e-08 -2.79897e-07 5.1838e-07 8.92814e-07 -8.70155e-06 2.92527e-05 -4.16672e-05 -0.000128623 0.00105336 -0.00338943 0.00399847 0.0190714 -0.127847 0.5 1.12785 0.980929 0.996002 1.00339 0.998947 1.00013 1.00004 0.999971 1.00001 0.999999 0.999999 1 1 1 1 1 1 1 1 1 1 
1.55397e-10 -1.26208e-10 -2.86767e-11 5.35983e-10 -1.0751e-09 -6.73873e-10 -8.32631e-10 6.20453e-09 5.02267e-08 -2.89488e-07 4.94022e-07 9.2778e-07 -8.62198e-06 2.9151e-05 -4.19084e-05 -0.000128398 0.00105402 -0.00338976 0.0039971 0.0190714 -0.127845 0.5 1.12784 0.980929 0.996003 1.00339 0.998946 1.00013 1.00004 0.999971 1.00001 0.999999 1 1 1 1 1 1 1 1 1 1 1 
1.26208e-10 -9.22754e-11 -7.85225e-11 5.17436e-10 -6.71683e-10 -7.60637e-10 -2.75272e-09 7.04227e-09 5.76999e-08 -2.94173e-07 4.67468e-07 9.4548e-07 -8.53563e-06 2.91038e-05 -4.21613e-05 -0.000128323 0.00105466 -0.00338975 0.00399587 0.0190708 -0.127843 0.5 1.12784 0.980929 0.996004 1.00339 0.998945 1.00013 1.00004 0.999971 1.00001 0.999999 1 1 1 1 1 1 1 1 1 1 1 
9.22754e-11 -5.67458e-11 -1.14751e-10 4.58488e-10 -3.05974e-10 -5.87731e-10 -4.54317e-09 6.7128e-09 6.48611e-08 -2.94254e-07 4.41648e-07 9.4702e-07 -8.45235e-06 2.91063e-05 -4.23974e-05 -0.000128378 0.00105523 -0.00338947 0.00399488 0.0190698 -0.127842 0.5 1.12784 0.98093 0.996005 1.00339 0.998945 1.00013 1.00004 0.999971 1.00001 0.999999 1 1 1 1 1 1 1 1 1 1 1 
5.67458e-11 -2.26233e-11 -1.35644e-10 3.68575e-10 -4.71093e-12 -2.02235e-10 -6.06121e-09 5.4076e-09 7.10843e-08 -2.90433e-07 4.18959e-07 9.34923e-07 -8.38e-06 2.91496e-05 -4.25953e-05 -0.000128533 0.00105567 -0.003389 0.0039942 0.0190686 -0.127841 0.5 1.12784 0.980931 0.996006 1.00339 0.998944 1.00013 1.00004 0.999971 1.00001 0.999999 1 1 1 1 1 1 1 1 1 1 1 
2.26233e-11 7.47405e-12 -1.40952e-10 2.58828e-10 2.13996e-10 3.356e-10 -7.20676e-09 3.38255e-09 7.59215e-08 -2.83679e-07 4.01116e-07 9.12655e-07 -8.32401e-06 2.92222e-05 -4.27413e-05 -0.000128754 0.00105597 -0.00338842 0.00399383 0.0190673 -0.127841 0.5 1.12784 0.980933 0.996006 1.00339 0.998944 1.00013 1.00004 0.999971 1.00001 0.999999 1 1 1 1 1 1 1 1 1 1 1 
-7.47405e-12 3.15054e-11 -1.31794e-10 1.40906e-10 3.41329e-10 9.59302e-10 -7.92635e-09 9.25512e-10 7.91209e-08 -2.75097e-07 3.89087e-07 8.84124e-07 -8.28725e-06 2.93114e-05 -4.28294e-05 -0.000129007 0.00105611 -0.00338782 0.00399377 0.0190661 -0.127841 0.5 1.12784 0.980934 0.996006 1.00339 0.998944 1.00013 1.00004 0.999971 1.00001 0.999999 1 1 1 1 1 1 1 1 1 1 1 
-3.15054e-11 4.81322e-11 -1.10428e-10 2.59068e-11 3.77518e-10 1.60292e-09 -8.21222e-09 -1.67494e-09 8.06226e-08 -2.65801e-07 3.83114e-07 8.53223e-07 -8.27017e-06 2.94053e-05 -4.28609e-05 -0.000129257 0.00105612 -0.00338726 0.00399396 0.0190652 -0.127842 0.5 1.12784 0.980935 0.996006 1.00339 0.998944 1.00013 1.00004 0.999971 1.00001 0.999999 1 1 1 1 1 1 1 1 1 1 1 
-4.81322e-11 5.67689e-11 -7.99473e-11 -7.65662e-11 3.30794e-10 2.20695e-09 -8.09722e-09 -4.15678e-09 8.05374e-08 -2.56802e-07 3.82805e-07 8.23437e-07 -8.27111e-06 2.94932e-05 -4.28425e-05 -0.000129481 0.00105601 -0.0033868 0.00399433 0.0190645 -0.127842 0.5 1.12784 0.980935 0.996006 1.00339 0.998944 1.00013 1.00004 0.999971 1.00001 0.999999 1 1 1 1 1 1 1 1 1 1 1 
-5.67689e-11 5.7563e-11 -4.39255e-11 -1.59103e-10 2.15724e-10 2.72292e-09 -7.64657e-09 -6.3056e-09 7.91113e-08 -2.48929e-07 3.87272e-07 7.97565e-07 -8.2869e-06 2.95673e-05 -4.2785e-05 -0.000129658 0.00105582 -0.00338647 0.00399481 0.0190641 -0.127843 0.5 1.12784 0.980936 0.996005 1.00339 0.998944 1.00013 1.00004 0.99997 1.00001 0.999999 1 1 1 1 1 1 1 1 1 1 1 
-5.7563e-11 5.13115e-11 -6.04897e-12 -2.16912e-10 5.11621e-11 3.11648e-09 -6.94762e-09 -7.96837e-09 7.66828e-08 -2.42772e-07 3.95295e-07 7.77551e-07 -8.31339e-06 2.96223e-05 -4.27015e-05 -0.000129778 0.00105558 -0.00338628 0.00399533 0.019064 -0.127843 0.5 1.12784 0.980936 0.996005 1.00339 0.998944 1.00013 1.00004 0.99997 1.00001 0.999999 1 1 1 1 1 1 1 1 1 1 1 
-5.13115e-11 3.93269e-11 3.02224e-11 -2.47956e-10 -1.41964e-10 3.3688e-09 -6.09883e-09 -9.05946e-09 7.36361e-08 -2.38662e-07 4.05498e-07 7.64427e-07 -8.34603e-06 2.96558e-05 -4.26052e-05 -0.00012984 0.00105533 -0.00338622 0.00399582 0.0190642 -0.127844 0.5 1.12784 0.980936 0.996004 1.00339 0.998945 1.00013 1.00004 0.99997 1.00001 0.999999 1 1 1 1 1 1 1 1 1 1 1 
-3.93269e-11 2.32709e-11 6.19417e-11 -2.52825e-10 -3.42801e-10 3.47627e-09 -5.19912e-09 -9.55938e-09 7.03581e-08 -2.36679e-07 4.16512e-07 7.58359e-07 -8.38044e-06 2.96681e-05 -4.25086e-05 -0.000129847 0.0010551 -0.00338628 0.00399623 0.0190645 -0.127845 0.5 1.12784 0.980936 0.996004 1.00339 0.998945 1.00013 1.00004 0.99997 1.00001 0.999999 1 1 1 1 1 1 1 1 1 1 1 
-2.32709e-11 4.97218e-12 8.68859e-11 -2.34375e-10 -5.3245e-10 3.44895e-09 -4.3386e-09 -9.50741e-09 6.71998e-08 -2.3668e-07 4.27105e-07 7.58775e-07 -8.41279e-06 2.96618e-05 -4.24218e-05 -0.000129808 0.00105491 -0.00338643 0.00399654 0.0190649 -0.127845 0.5 1.12784 0.980935 0.996003 1.00339 0.998945 1.00013 1.00004 0.99997 1.00001 0.999999 1 1 1 1 1 1 1 1 1 1 1 
-4.97218e-12 -1.37512e-11 1.03678e-10 -1.97208e-10 -6.95451e-10 3.30785e-09 -3.59125e-09 -8.98955e-09 6.44482e-08 -2.38351e-07 4.36289e-07 7.64543e-07 -8.44013e-06 2.96406e-05 -4.23521e-05 -0.000129736 0.00105476 -0.00338663 0.00399674 0.0190654 -0.127845 0.5 1.12785 0.980935 0.996003 1.00339 0.998945 1.00013 1.00004 0.99997 1.00001 0.999999 1 1 1 1 1 1 1 1 1 1 1 
1.37512e-11 -3.12508e-11 1.1182e-10 -1.47038e-10 -8.20758e-10 3.08158e-09 -3.01025e-09 -8.12368e-09 6.23075e-08 -2.41262e-07 4.43376e-07 7.74175e-07 -8.4605e-06 2.96094e-05 -4.23039e-05 -0.000129644 0.00105468 -0.00338686 0.00399681 0.0190659 -0.127845 0.5 1.12785 0.980934 0.996003 1.00339 0.998945 1.00013 1.00004 0.99997 1.00001 0.999999 1 1 1 1 1 1 1 1 1 1 1 
3.12508e-11 -4.61751e-11 1.11638e-10 -9.00432e-11 -9.02196e-10 2.80269e-09 -2.62575e-09 -7.04372e-09 6.08915e-08 -2.44927e-07 4.47999e-07 7.86043e-07 -8.47302e-06 2.95733e-05 -4.22783e-05 -0.000129546 0.00105465 -0.00338708 0.00399678 0.0190663 -0.127845 0.5 1.12784 0.980934 0.996003 1.00339 0.998945 1.00013 1.00004 0.99997 1.00001 0.999999 1 1 1 1 1 1 1 1 1 1 1 
4.61751e-11 -5.75552e-11 1.04163e-10 -3.22358e-11 -9.38401e-10 2.50411e-09 -2.44525e-09 -5.88447e-09 6.02263e-08 -2.48863e-07 4.501e-07 7.98562e-07 -8.47774e-06 2.95367e-05 -4.2274e-05 -0.000129453 0.00105467 -0.00338727 0.00399667 0.0190666 -0.127845 0.5 1.12784 0.980933 0.996003 1.00339 0.998945 1.00013 1.00004 0.99997 1.00001 0.999999 1 1 1 1 1 1 1 1 1 1 1 
5.75552e-11 -6.48479e-11 9.09561e-11 2.10646e-11 -9.32322e-10 2.21608e-09 -2.456e-09 -4.76853e-09 6.02607e-08 -2.52637e-07 4.49883e-07 8.10347e-07 -8.47554e-06 2.95037e-05 -4.22878e-05 -0.000129374 0.00105473 -0.00338742 0.0039965 0.0190667 -0.127845 0.5 1.12784 0.980933 0.996004 1.00339 0.998945 1.00013 1.00004 0.99997 1.00001 0.999999 1 1 1 1 1 1 1 1 1 1 1 
6.48479e-11 -6.79345e-11 7.39038e-11 6.56354e-11 -8.90388e-10 1.96365e-09 -2.62909e-09 -3.79626e-09 6.08829e-08 -2.55899e-07 4.47751e-07 8.20319e-07 -8.46782e-06 2.9477e-05 -4.23149e-05 -0.000129315 0.00105481 -0.00338752 0.00399631 0.0190668 -0.127844 0.5 1.12784 0.980933 0.996004 1.00339 0.998945 1.00013 1.00004 0.999971 1.00001 0.999999 1 1 1 1 1 1 1 1 1 1 1 
6.79345e-11 -6.70818e-11 5.50089e-11 9.86022e-11 -8.21446e-10 1.76505e-09 -2.9244e-09 -3.03931e-09 6.19407e-08 -2.58406e-07 4.44236e-07 8.27766e-07 -8.45633e-06 2.94583e-05 -4.23501e-05 -0.000129279 0.00105491 -0.00338757 0.00399611 0.0190668 -0.127844 0.5 1.12784 0.980933 0.996004 1.00339 0.998945 1.00013 1.00004 0.999971 1.00001 0.999999 1 1 1 1 1 1 1 1 1 1 1 
6.70818e-11 -6.28722e-11 3.61935e-11 1.18532e-10 -7.35626e-10 1.63096e-09 -3.29606e-09 -2.53791e-09 6.32624e-08 -2.60031e-07 4.39922e-07 8.32352e-07 -8.44292e-06 2.94481e-05 -4.23883e-05 -0.000129265 0.001055 -0.00338757 0.00399594 0.0190667 -0.127844 0.5 1.12784 0.980933 0.996004 1.00339 0.998945 1.00013 1.00004 0.999971 1.00001 0.999999 1 1 1 1 1 1 1 1 1 1 1 
6.28722e-11 -5.61134e-11 1.91329e-11 1.25381e-10 -6.43218e-10 1.56448e-09 -3.69761e-09 -2.3016e-09 6.46771e-08 -2.60751e-07 4.35378e-07 8.34092e-07 -8.4293e-06 2.94461e-05 -4.24248e-05 -0.000129271 0.00105508 -0.00338752 0.0039958 0.0190666 -0.127844 0.5 1.12784 0.980933 0.996004 1.00339 0.998945 1.00013 1.00004 0.999971 1.00001 0.999999 1 1 1 1 1 1 1 1 1 1 1 
5.61134e-11 -4.77379e-11 5.13203e-12 1.20318e-10 -5.53696e-10 1.56197e-09 -4.08654e-09 -2.31283e-09 6.60309e-08 -2.60641e-07 4.31103e-07 8.33289e-07 -8.41692e-06 2.94509e-05 -4.24563e-05 -0.000129293 0.00105515 -0.00338745 0.00399571 0.0190664 -0.127844 0.5 1.12784 0.980934 0.996004 1.00339 0.998945 1.00013 1.00004 0.999971 1.00001 0.999999 1 1 1 1 1 1 1 1 1 1 1 
4.77379e-11 -3.87035e-11 -4.94874e-12 1.05454e-10 -4.74938e-10 1.61429e-09 -4.42778e-09 -2.53269e-09 6.72e-08 -2.59846e-07 4.27488e-07 8.30457e-07 -8.40685e-06 2.9461e-05 -4.24801e-05 -0.000129325 0.00105519 -0.00338737 0.00399566 0.0190662 -0.127844 0.5 1.12784 0.980934 0.996004 1.00339 0.998945 1.00013 1.00004 0.999971 1.00001 0.999999 1 1 1 1 1 1 1 1 1 1 1 
3.87035e-11 -2.99033e-11 -1.07174e-11 8.35258e-11 -4.12711e-10 1.70844e-09 -4.69597e-09 -2.9079e-09 6.80979e-08 -2.58556e-07 4.2479e-07 8.2623e-07 -8.39974e-06 2.94743e-05 -4.24953e-05 -0.000129362 0.00105521 -0.00338728 0.00399566 0.019066 -0.127844 0.5 1.12784 0.980934 0.996004 1.00339 0.998945 1.00013 1.00004 0.999971 1.00001 0.999999 1 1 1 1 1 1 1 1 1 1 1 
2.99033e-11 -2.20925e-11 -1.22272e-11 5.75499e-11 -3.70419e-10 1.82938e-09 -4.87651e-09 -3.37811e-09 6.86785e-08 -2.56981e-07 4.23133e-07 8.2128e-07 -8.39582e-06 2.94889e-05 -4.25016e-05 -0.0001294 0.00105522 -0.0033872 0.00399569 0.0190659 -0.127844 0.5 1.12784 0.980934 0.996004 1.00339 0.998945 1.00013 1.00004 0.999971 1.00001 0.999999 1 1 1 1 1 1 1 1 1 1 1 
2.20925e-11 -1.58377e-11 -9.91502e-12 3.05065e-11 -3.4911e-10 1.96171e-09 -4.96539e-09 -3.88293e-09 6.89344e-08 -2.55326e-07 4.22513e-07 8.16241e-07 -8.39494e-06 2.95029e-05 -4.25e-05 -0.000129434 0.0010552 -0.00338714 0.00399574 0.0190658 -0.127844 0.5 1.12784 0.980934 0.996004 1.00339 0.998945 1.00013 1.00004 0.99997 1.00001 0.999999 1 1 1 1 1 1 1 1 1 1 1 
1.58377e-11 -1.14886e-11 -4.51156e-12 5.06215e-12 -3.47711e-10 2.09122e-09 -4.968e-09 -4.36778e-09 6.88915e-08 -2.53769e-07 4.22821e-07 8.11649e-07 -8.39667e-06 2.95151e-05 -4.24921e-05 -0.000129461 0.00105517 -0.00338709 0.00399582 0.0190658 -0.127844 0.5 1.12784 0.980934 0.996004 1.00339 0.998945 1.00013 1.00004 0.99997 1.00001 0.999999 1 1 1 1 1 1 1 1 1 1 1 
1.14886e-11 -9.17534e-12 3.06505e-12 -1.66377e-11 -3.63426e-10 2.20604e-09 -4.89721e-09 -4.7884e-09 6.86013e-08 -2.52453e-07 4.23872e-07 8.07901e-07 -8.40039e-06 2.95245e-05 -4.24798e-05 -0.00012948 0.00105514 -0.00338706 0.00399589 0.0190658 -0.127844 0.5 1.12784 0.980934 0.996004 1.00339 0.998945 1.00013 1.00004 0.99997 1.00001 0.999999 1 1 1 1 1 1 1 1 1 1 1 
9.17534e-12 -8.82439e-12 1.18192e-11 -3.31004e-11 -3.92248e-10 2.29747e-09 -4.77107e-09 -5.11362e-09 6.8132e-08 -2.51472e-07 4.25434e-07 8.05243e-07 -8.40535e-06 2.95305e-05 -4.24652e-05 -0.00012949 0.0010551 -0.00338705 0.00399596 0.0190658 -0.127844 0.5 1.12784 0.980934 0.996004 1.00339 0.998945 1.00013 1.00004 0.99997 1.00001 0.999999 1 1 1 1 1 1 1 1 1 1 1 
8.82439e-12 -1.0193e-11 2.07809e-11 -4.35366e-11 -4.29511e-10 2.36032e-09 -4.61023e-09 -5.32644e-09 6.75588e-08 -2.5087e-07 4.27263e-07 8.03765e-07 -8.41083e-06 2.95332e-05 -4.24503e-05 -0.000129492 0.00105506 -0.00338706 0.00399602 0.0190658 -0.127844 0.5 1.12784 0.980934 0.996004 1.00339 0.998945 1.00013 1.00004 0.99997 1.00001 0.999999 1 1 1 1 1 1 1 1 1 1 1 
1.0193e-11 -1.29138e-11 2.90935e-11 -4.78373e-11 -4.7043e-10 2.39293e-09 -4.43558e-09 -5.42352e-09 6.69554e-08 -2.50646e-07 4.29127e-07 8.03421e-07 -8.41616e-06 2.95328e-05 -4.24366e-05 -0.000129486 0.00105504 -0.00338709 0.00399606 0.0190659 -0.127844 0.5 1.12784 0.980934 0.996004 1.00339 0.998945 1.00013 1.00004 0.99997 1.00001 0.999999 1 1 1 1 1 1 1 1 1 1 1 
1.29138e-11 -1.65461e-11 3.60782e-11 -4.64893e-11 -5.10575e-10 2.39677e-09 -4.26617e-09 -5.41343e-09 6.63868e-08 -2.50762e-07 4.30827e-07 8.04054e-07 -8.42082e-06 2.95299e-05 -4.24255e-05 -0.000129475 0.00105501 -0.00338712 0.00399609 0.019066 -0.127844 0.5 1.12784 0.980934 0.996004 1.00339 0.998945 1.00013 1.00004 0.99997 1.00001 0.999999 1 1 1 1 1 1 1 1 1 1 1 
1.65461e-11 -2.06262e-11 4.12743e-11 -4.04448e-11 -5.46243e-10 2.37586e-09 -4.11763e-09 -5.31399e-09 6.59044e-08 -2.51151e-07 4.32218e-07 8.05432e-07 -8.42442e-06 2.95253e-05 -4.24176e-05 -0.000129462 0.001055 -0.00338715 0.0039961 0.019066 -0.127844 0.5 1.12784 0.980934 0.996004 1.00339 0.998945 1.00013 1.00004 0.99997 1.00001 0.999999 1 1 1 1 1 1 1 1 1 1 1 
2.06262e-11 -2.4714e-11 4.44523e-11 -3.09645e-11 -5.74707e-10 2.336e-09 -4.00117e-09 -5.14904e-09 6.55427e-08 -2.51728e-07 4.33206e-07 8.07286e-07 -8.42678e-06 2.95197e-05 -4.24133e-05 -0.000129447 0.001055 -0.00338718 0.00399609 0.0190661 -0.127844 0.5 1.12784 0.980934 0.996004 1.00339 0.998945 1.00013 1.00004 0.99997 1.00001 0.999999 1 1 1 1 1 1 1 1 1 1 1 
2.4714e-11 -2.84308e-11 4.56044e-11 -1.94538e-11 -5.94336e-10 2.28395e-09 -3.92315e-09 -4.94521e-09 6.53186e-08 -2.52405e-07 4.33758e-07 8.09341e-07 -8.42786e-06 2.95139e-05 -4.24123e-05 -0.000129432 0.001055 -0.00338721 0.00399608 0.0190661 -0.127844 0.5 1.12784 0.980934 0.996004 1.00339 0.998945 1.00013 1.00004 0.99997 1.00001 0.999999 1 1 1 1 1 1 1 1 1 1 1 
2.84308e-11 -3.1486e-11 4.49142e-11 -7.30708e-12 -6.04589e-10 2.2266e-09 -3.88519e-09 -4.72878e-09 6.52326e-08 -2.53096e-07 4.33888e-07 8.11351e-07 -8.42776e-06 2.95086e-05 -4.24141e-05 -0.00012942 0.00105501 -0.00338723 0.00399605 0.0190662 -0.127844 0.5 1.12784 0.980934 0.996004 1.00339 0.998945 1.00013 1.00004 0.99997 1.00001 0.999999 1 1 1 1 1 1 1 1 1 1 1 
3.1486e-11 -3.3692e-11 4.27126e-11 4.22413e-12 -6.05909e-10 2.17031e-09 -3.88474e-09 -4.52318e-09 6.52711e-08 -2.53728e-07 4.33654e-07 8.13112e-07 -8.42671e-06 2.95042e-05 -4.24182e-05 -0.000129411 0.00105502 -0.00338725 0.00399602 0.0190662 -0.127844 0.5 1.12784 0.980934 0.996004 1.00339 0.998945 1.00013 1.00004 0.99997 1.00001 0.999999 1 1 1 1 1 1 1 1 1 1 1 
3.3692e-11 -3.49677e-11 3.94263e-11 1.41308e-11 -5.9953e-10 2.12039e-09 -3.91597e-09 -4.3471e-09 6.54103e-08 -2.54246e-07 4.33141e-07 8.14484e-07 -8.42497e-06 2.9501e-05 -4.24236e-05 -0.000129405 0.00105504 -0.00338726 0.00399599 0.0190662 -0.127844 0.5 1.12784 0.980934 0.996004 1.00339 0.998945 1.00013 1.00004 0.99997 1.00001 0.999999 1 1 1 1 1 1 1 1 1 1 1 
3.49677e-11 -3.53307e-11 3.55232e-11 2.17083e-11 -5.87246e-10 2.08068e-09 -3.97085e-09 -4.21332e-09 6.56199e-08 -2.54617e-07 4.32447e-07 8.15388e-07 -8.42285e-06 2.94992e-05 -4.24295e-05 -0.000129403 0.00105505 -0.00338725 0.00399597 0.0190662 -0.127844 0.5 1.12784 0.980934 0.996004 1.00339 0.998945 1.00013 1.00004 0.999971 1.00001 0.999999 1 1 1 1 1 1 1 1 1 1 1 
3.53307e-11 -3.48818e-11 3.14624e-11 2.658e-11 -5.71149e-10 2.05346e-09 -4.04025e-09 -4.12842e-09 6.58674e-08 -2.54826e-07 4.31675e-07 8.15811e-07 -8.42063e-06 2.94987e-05 -4.24353e-05 -0.000129404 0.00105506 -0.00338725 0.00399595 0.0190661 -0.127844 0.5 1.12784 0.980934 0.996004 1.00339 0.998945 1.00013 1.00004 0.999971 1.00001 0.999999 1 1 1 1 1 1 1 1 1 1 1 
3.48818e-11 -3.37836e-11 2.76517e-11 2.86856e-11 -5.53381e-10 2.03943e-09 -4.11508e-09 -4.09308e-09 6.61219e-08 -2.54879e-07 4.30918e-07 8.15788e-07 -8.41857e-06 2.94994e-05 -4.24403e-05 -0.000129407 0.00105507 -0.00338724 0.00399593 0.0190661 -0.127844 0.5 1.12784 0.980934 0.996004 1.00339 0.998945 1.00013 1.00004 0.999971 1.00001 0.999999 1 1 1 1 1 1 1 1 1 1 1 
3.37836e-11 -3.22361e-11 2.44154e-11 2.82404e-11 -5.35923e-10 2.03791e-09 -4.18709e-09 -4.1029e-09 6.63564e-08 -2.54795e-07 4.30252e-07 8.15399e-07 -8.41686e-06 2.95009e-05 -4.24441e-05 -0.000129412 0.00105508 -0.00338722 0.00399593 0.0190661 -0.127844 0.5 1.12784 0.980934 0.996004 1.00339 0.998945 1.00013 1.00004 0.99997 1.00001 0.999999 1 1 1 1 1 1 1 1 1 1 1 
3.22361e-11 -3.04524e-11 2.19761e-11 2.56741e-11 -5.20421e-10 2.04707e-09 -4.24962e-09 -4.14968e-09 6.65504e-08 -2.54607e-07 4.2973e-07 8.14745e-07 -8.41562e-06 2.95029e-05 -4.24465e-05 -0.000129418 0.00105508 -0.00338721 0.00399593 0.0190661 -0.127844 0.5 1.12784 0.980934 0.996004 1.00339 0.998945 1.00013 1.00004 0.99997 1.00001 0.999999 1 1 1 1 1 1 1 1 1 1 1 
3.04524e-11 -2.86367e-11 2.04473e-11 2.15569e-11 -5.0808e-10 2.06435e-09 -4.29801e-09 -4.22284e-09 6.6691e-08 -2.54349e-07 4.29383e-07 8.1394e-07 -8.41489e-06 2.95053e-05 -4.24476e-05 -0.000129424 0.00105508 -0.0033872 0.00399593 0.019066 -0.127844 0.5 1.12784 0.980934 0.996004 1.00339 0.998945 1.00013 1.00004 0.99997 1.00001 0.999999 1 1 1 1 1 1 1 1 1 1 1 
2.86367e-11 -2.69659e-11 1.98387e-11 1.65235e-11 -4.99609e-10 2.08677e-09 -4.3297e-09 -4.31083e-09 6.67724e-08 -2.5406e-07 4.29217e-07 8.13095e-07 -8.41467e-06 2.95075e-05 -4.24474e-05 -0.000129429 0.00105508 -0.00338719 0.00399594 0.019066 -0.127844 0.5 1.12784 0.980934 0.996004 1.00339 0.998945 1.00013 1.00004 0.99997 1.00001 0.999999 1 1 1 1 1 1 1 1 1 1 1 
