0 0 0 0 0 0 0 0 0 0 0 0 0 0 0 0 0 0 0 0 0 0.5 1 1 1 1 1 1 1 1 1 1 1 1 1 1 1 1 1 1 1 1 1 
0 0 0 0 0 0 0 0 0 0 0 0 0 0 0 0 0 0 0 -0.015 0.077 0.5 0.923 1.015 1 1 1 1 1 1 1 1 1 1 1 1 1 1 1 1 1 1 1 
0 0 0 0 0 0 0 0 0 0 0 0 0 0 0 0 0 0.00045 -0.0039864 -0.0112006 0.107576 0.5 0.892424 1.0112 1.00399 0.99955 1 1 1 1 1 1 1 1 1 1 1 1 1 1 1 1 1 
0 0 0 0 0 0 0 0 0 0 0 0 0 0 0 -1.35e-05 0.0001709 8.56695e-05 -0.00606964 -0.00664371 0.123601 0.5 0.876399 1.00664 1.00607 0.999914 0.999829 1.00001 1 1 1 1 1 1 1 1 1 1 1 1 1 1 1 
0 0 0 0 0 0 0 0 0 0 0 0 0 4.05e-07 -6.66602e-06 1.09436e-05 0.00026201 -0.000376955 -0.00710358 -0.00304305 0.133064 0.5 0.866936 1.00304 1.0071 1.00038 0.999738 0.999989 1.00001 1 1 1 1 1 1 1 1 1 1 1 1 1 1 
0 0 0 0 0 0 0 0 0 0 0 -1.215e-08 2.46151e-07 -9.08889e-07 -9.39887e-06 4.33363e-05 0.000290344 -0.000767062 -0.0076223 -0.000407387 0.139036 0.5 0.860964 1.00041 1.00762 1.00077 0.99971 0.999957 1.00001 1 1 1 1 1 1 1 1 1 1 1 1 1 1 
0 0 0 0 0 0 0 0 0 3.645e-10 -8.76962e-09 4.99478e-08 2.82385e-07 -2.67406e-06 -8.2899e-06 7.14327e-05 0.000287165 -0.00106357 -0.00788851 0.00148278 0.142961 0.5 0.857039 0.998517 1.00789 1.00106 0.999713 0.999929 1.00001 1 1 1 1 1 1 1 1 1 1 1 1 1 1 
0 0 0 0 0 0 0 -1.0935e-11 3.04642e-10 -2.33677e-09 -6.51175e-09 1.30967e-07 8.88533e-08 -4.15423e-06 -5.21847e-06 9.27679e-05 0.000271568 -0.00128109 -0.00802869 0.0028306 0.145609 0.5 0.854391 0.997169 1.00803 1.00128 0.999728 0.999907 1.00001 1 1 1 1 1 1 1 1 1 1 1 1 1 1 
0 0 0 0 0 3.2805e-13 -1.03858e-11 9.99902e-11 5.93885e-11 -5.58216e-09 8.44212e-09 1.8997e-07 -2.24532e-07 -5.17443e-06 -1.57156e-06 0.000108137 0.000253025 -0.00143869 -0.00810471 0.00379057 0.147427 0.5 0.852573 0.996209 1.0081 1.00144 0.999747 0.999892 1 1.00001 1 1 1 1 1 1 1 1 1 1 1 1 1 
0 0 0 -9.8415e-15 3.48973e-13 -4.03843e-12 5.15241e-12 2.14284e-10 -8.23014e-10 -7.17915e-09 2.98542e-08 2.16916e-07 -5.64162e-07 -5.79635e-06 1.91991e-06 0.00011899 0.000235662 -0.00155248 -0.00814743 0.00447437 0.14869 0.5 0.85131 0.995526 1.00815 1.00155 0.999764 0.999881 0.999998 1.00001 1 1 1 1 1 1 1 1 1 1 1 1 1 
0 0 -1.16502e-14 1.56566e-13 -4.64452e-13 -7.48731e-12 4.97683e-11 2.18336e-10 -1.99071e-09 -6.60816e-09 5.18993e-08 2.17445e-07 -8.78094e-07 -6.13643e-06 4.9531e-06 0.000126619 0.00022095 -0.00163463 -0.00817254 0.00496159 0.149574 0.5 0.850426 0.995038 1.00817 1.00163 0.999779 0.999873 0.999995 1.00001 1 1 1 1 1 1 1 1 1 1 1 1 1 
0 -6.49063e-29 2.78284e-14 2.36481e-13 -2.48885e-12 -4.37364e-12 1.03567e-10 8.79253e-11 -3.1001e-09 -4.33445e-09 7.13121e-08 2.01117e-07 -1.14551e-06 -6.2981e-06 7.45245e-06 0.000132002 0.000209141 -0.00169399 -0.0081881 0.00530877 0.150198 0.5 0.849802 0.994691 1.00819 1.00169 0.999791 0.999868 0.999993 1.00001 1 1 1 1 1 1 1 1 1 1 1 1 1 
6.49063e-29 6.25462e-28 1.14731e-13 -3.62798e-14 -4.60959e-12 6.22796e-12 1.46973e-10 -1.42382e-10 -3.96498e-09 -1.08419e-09 8.69395e-08 1.76289e-07 -1.36298e-06 -6.35613e-06 9.44733e-06 0.000135829 0.000199971 -0.00173693 -0.00819831 0.00555609 0.150639 0.5 0.849361 0.994444 1.0082 1.00174 0.9998 0.999864 0.999991 1.00001 1 1 1 1 1 1 1 1 1 1 1 1 1 
-6.25462e-28 4.29746e-27 1.82121e-13 -6.82089e-13 -5.74933e-12 2.19001e-11 1.70104e-10 -4.22208e-10 -4.538e-09 2.51658e-09 9.88339e-08 1.48789e-07 -1.53504e-06 -6.35919e-06 1.1007e-05 0.000138576 0.000193012 -0.00176803 -0.00820539 0.00573216 0.150951 0.5 0.849049 0.994268 1.00821 1.00177 0.999807 0.999861 0.999989 1.00001 1 1 1 1 1 1 1 1 1 1 1 1 1 
-4.29746e-27 6.9519e-27 1.6712e-13 -1.5417e-12 -5.42189e-12 3.9373e-11 1.71974e-10 -7.09213e-10 -4.85104e-09 6.04367e-09 1.07566e-07 1.22128e-07 -1.66895e-06 -6.33672e-06 1.22093e-05 0.000140566 0.00018782 -0.00179055 -0.00821054 0.00585738 0.151173 0.5 0.848827 0.994143 1.00821 1.00179 0.999812 0.999859 0.999988 1.00001 1 1 1 1 1 1 1 1 1 1 1 1 1 
-6.9519e-27 2.98986e-27 4.78433e-14 -2.41628e-12 -3.69325e-12 5.60225e-11 1.56621e-10 -9.7613e-10 -4.96651e-09 9.25809e-09 1.13833e-07 9.81285e-08 -1.77216e-06 -6.30542e-06 1.31265e-05 0.000142022 0.000183997 -0.00180685 -0.0082144 0.00594632 0.151331 0.5 0.848669 0.994054 1.00821 1.00181 0.999816 0.999858 0.999987 1.00001 1 1 1 1 1 1 1 1 1 1 1 1 1 
-2.98986e-27 -9.25165e-28 -1.59062e-13 -3.15521e-12 -9.32783e-13 7.03119e-11 1.29741e-10 -1.20931e-09 -4.94887e-09 1.20547e-08 1.18272e-07 7.75217e-08 -1.85125e-06 -6.274e-06 1.38205e-05 0.000143095 0.000181214 -0.00181864 -0.00821737 0.0060094 0.151443 0.5 0.848557 0.993991 1.00822 1.00182 0.999819 0.999857 0.999986 1.00001 1 1 1 1 1 1 1 1 1 1 1 1 1 
9.25165e-28 1.30974e-26 -4.17447e-13 -3.68087e-12 2.41237e-12 8.1658e-11 9.66992e-11 -1.40467e-09 -4.85194e-09 1.44123e-08 1.21403e-07 6.03959e-08 -1.91168e-06 -6.24648e-06 1.43422e-05 0.00014389 0.000179209 -0.00182715 -0.00821968 0.00605405 0.151522 0.5 0.848478 0.993946 1.00822 1.00183 0.999821 0.999856 0.999986 1.00001 1 1 1 1 1 1 1 1 1 1 1 1 1 
-1.30974e-26 6.01879e-26 -6.89403e-13 -3.97768e-12 5.95028e-12 9.01127e-11 6.16923e-11 -1.56373e-09 -4.71557e-09 1.6356e-08 1.23616e-07 4.65002e-08 -1.95776e-06 -6.22423e-06 1.47321e-05 0.000144483 0.000177776 -0.00183329 -0.00822147 0.00608561 0.151579 0.5 0.848421 0.993914 1.00822 1.00183 0.999822 0.999856 0.999985 1.00001 1 1 1 1 1 1 1 1 1 1 1 1 1 
-6.01879e-26 1.42397e-25 -9.4538e-13 -4.06966e-12 9.39577e-12 9.60649e-11 2.7601e-11 -1.69076e-09 -4.56668e-09 1.7933e-08 1.25193e-07 3.54319e-08 -1.99286e-06 -6.20723e-06 1.50219e-05 0.000144927 0.000176763 -0.00183771 -0.00822288 0.00610786 0.151619 0.5 0.848381 0.993892 1.00822 1.00184 0.999823 0.999855 0.999985 1.00001 1 1 1 1 1 1 1 1 1 1 1 1 1 
-1.42397e-25 2.4922e-25 -1.16729e-12 -3.99969e-12 1.25721e-11 1.00025e-10 -3.83409e-12 -1.79093e-09 -4.4219e-09 1.91971e-08 1.26334e-07 2.67463e-08 -2.01959e-06 -6.19486e-06 1.52362e-05 0.000145259 0.000176052 -0.00184087 -0.00822396 0.00612352 0.151647 0.5 0.848353 0.993876 1.00822 1.00184 0.999824 0.999855 0.999985 1.00001 1 1 1 1 1 1 1 1 1 1 1 1 1 
-2.4922e-25 3.64411e-25 -1.34739e-12 -3.81499e-12 1.53905e-11 1.02499e-10 -3.17337e-11 -1.8693e-09 -4.2904e-09 2.02011e-08 1.27173e-07 2.00151e-08 -2.03992e-06 -6.18626e-06 1.53939e-05 0.000145507 0.000175557 -0.00184314 -0.0082248 0.00613452 0.151667 0.5 0.848333 0.993865 1.00822 1.00184 0.999824 0.999854 0.999985 1.00001 1 1 1 1 1 1 1 1 1 1 1 1 1 
-3.64411e-25 4.73216e-25 -1.48542e-12 -3.55867e-12 1.78238e-11 1.03925e-10 -5.58095e-11 -1.93038e-09 -4.17634e-09 2.09927e-08 1.27804e-07 1.48552e-08 -2.05536e-06 -6.18058e-06 1.55093e-05 0.000145694 0.000175217 -0.00184475 -0.00822544 0.00614222 0.151681 0.5 0.848319 0.993858 1.00823 1.00184 0.999825 0.999854 0.999984 1.00001 1 1 1 1 1 1 1 1 1 1 1 1 1 
-4.73216e-25 5.65712e-25 -1.58563e-12 -3.26599e-12 1.98839e-11 1.0465e-10 -7.61443e-11 -1.97791e-09 -4.08068e-09 2.16131e-08 1.28287e-07 1.09386e-08 -2.06709e-06 -6.17707e-06 1.55933e-05 0.000145833 0.000174985 -0.00184589 -0.00822592 0.00614761 0.151691 0.5 0.848309 0.993852 1.00823 1.00185 0.999825 0.999854 0.999984 1.00001 1 1 1 1 1 1 1 1 1 1 1 1 1 
-5.65712e-25 6.37806e-25 -1.6544e-12 -2.96343e-12 2.16033e-11 1.04934e-10 -9.30307e-11 -2.01491e-09 -4.00254e-09 2.20967e-08 1.28664e-07 7.99275e-09 -2.07597e-06 -6.1751e-06 1.56542e-05 0.000145937 0.000174828 -0.0018467 -0.00822628 0.00615137 0.151697 0.5 0.848303 0.993849 1.00823 1.00185 0.999825 0.999854 0.999984 1.00001 1 1 1 1 1 1 1 1 1 1 1 1 1 
-6.37806e-25 6.89577e-25 -1.69856e-12 -2.66939e-12 2.30239e-11 1.04963e-10 -1.06862e-10 -2.04376e-09 -3.9401e-09 2.24721e-08 1.28962e-07 5.79659e-09 -2.08268e-06 -6.17418e-06 1.5698e-05 0.000146014 0.000174723 -0.00184727 -0.00822655 0.00615399 0.151702 0.5 0.848298 0.993846 1.00823 1.00185 0.999825 0.999854 0.999984 1.00001 1 1 1 1 1 1 1 1 1 1 1 1 1 
-6.89577e-25 7.23692e-25 -1.72444e-12 -2.39558e-12 2.41891e-11 1.04859e-10 -1.18061e-10 -2.06631e-09 -3.89112e-09 2.27621e-08 1.29202e-07 4.17344e-09 -2.08774e-06 -6.17395e-06 1.57294e-05 0.000146071 0.000174654 -0.00184767 -0.00822675 0.00615581 0.151706 0.5 0.848294 0.993844 1.00823 1.00185 0.999825 0.999854 0.999984 1.00001 1 1 1 1 1 1 1 1 1 1 1 1 1 
-7.23692e-25 7.43916e-25 -1.73741e-12 -2.14854e-12 2.51398e-11 1.04703e-10 -1.27039e-10 -2.08398e-09 -3.85334e-09 2.29853e-08 1.29395e-07 2.98424e-09 -2.09154e-06 -6.17413e-06 1.57517e-05 0.000146113 0.000174609 -0.00184795 -0.00822689 0.00615708 0.151708 0.5 0.848292 0.993843 1.00823 1.00185 0.999825 0.999854 0.999984 1.00001 1 1 1 1 1 1 1 1 1 1 1 1 1 
-7.43916e-25 7.53981e-25 -1.74173e-12 -1.93102e-12 2.59127e-11 1.04542e-10 -1.34175e-10 -2.09786e-09 -3.82467e-09 2.31563e-08 1.29553e-07 2.12078e-09 -2.09439e-06 -6.17455e-06 1.57674e-05 0.000146144 0.000174581 -0.00184814 -0.008227 0.00615795 0.15171 0.5 0.84829 0.993842 1.00823 1.00185 0.999825 0.999854 0.999984 1.00001 1 1 1 1 1 1 1 1 1 1 1 1 1 
-7.53981e-25 7.57112e-25 -1.74063e-12 -1.74324e-12 2.65392e-11 1.044e-10 -1.39801e-10 -2.10878e-09 -3.80323e-09 2.32867e-08 1.2968e-07 1.49973e-09 -2.09651e-06 -6.17508e-06 1.57785e-05 0.000146167 0.000174563 -0.00184827 -0.00822707 0.00615856 0.151711 0.5 0.848289 0.993841 1.00823 1.00185 0.999825 0.999854 0.999984 1.00001 1 1 1 1 1 1 1 1 1 1 1 1 1 
-7.57112e-25 7.55933e-25 -1.73643e-12 -1.58375e-12 2.70462e-11 1.0429e-10 -1.44203e-10 -2.11739e-09 -3.78745e-09 2.33858e-08 1.29784e-07 1.05752e-09 -2.09809e-06 -6.17563e-06 1.57861e-05 0.000146183 0.000174552 -0.00184836 -0.00822712 0.00615898 0.151712 0.5 0.848288 0.993841 1.00823 1.00185 0.999825 0.999854 0.999984 1.00001 1 1 1 1 1 1 1 1 1 1 1 1 1 
-7.55933e-25 7.52299e-25 -1.73073e-12 -1.45013e-12 2.74555e-11 1.04212e-10 -1.47624e-10 -2.12417e-09 -3.77603e-09 2.34607e-08 1.29868e-07 7.46098e-10 -2.09925e-06 -6.17615e-06 1.57914e-05 0.000146195 0.000174545 -0.00184843 -0.00822716 0.00615928 0.151712 0.5 0.848288 0.993841 1.00823 1.00185 0.999825 0.999854 0.999984 1.00001 1 1 1 1 1 1 1 1 1 1 1 1 1 
-7.52299e-25 7.47465e-25 -1.72459e-12 -1.33951e-12 2.77855e-11 1.04166e-10 -1.50264e-10 -2.12952e-09 -3.7679e-09 2.35171e-08 1.29936e-07 5.2944e-10 -2.10011e-06 -6.17663e-06 1.5795e-05 0.000146204 0.000174541 -0.00184847 -0.00822718 0.00615948 0.151713 0.5 0.848287 0.993841 1.00823 1.00185 0.999825 0.999854 0.999984 1.00001 1 1 1 1 1 1 1 1 1 1 1 1 1 
-7.47465e-25 7.42301e-25 -1.71863e-12 -1.2489e-12 2.8051e-11 1.04145e-10 -1.52288e-10 -2.13372e-09 -3.76222e-09 2.35593e-08 1.2999e-07 3.80783e-10 -2.10074e-06 -6.17704e-06 1.57975e-05 0.00014621 0.000174539 -0.0018485 -0.0082272 0.00615962 0.151713 0.5 0.848287 0.99384 1.00823 1.00185 0.999825 0.999854 0.999984 1.00001 1 1 1 1 1 1 1 1 1 1 1 1 1 
-7.42301e-25 7.37332e-25 -1.71322e-12 -1.17537e-12 2.82643e-11 1.04145e-10 -1.53827e-10 -2.13703e-09 -3.75835e-09 2.35908e-08 1.30034e-07 2.80411e-10 -2.10119e-06 -6.17739e-06 1.57991e-05 0.000146214 0.000174538 -0.00184852 -0.00822721 0.00615972 0.151713 0.5 0.848287 0.99384 1.00823 1.00185 0.999825 0.999854 0.999984 1.00001 1 1 1 1 1 1 1 1 1 1 1 1 1 
-7.37332e-25 7.32896e-25 -1.70853e-12 -1.11622e-12 2.84352e-11 1.04159e-10 -1.54991e-10 -2.13963e-09 -3.75579e-09 2.36141e-08 1.30068e-07 2.13929e-10 -2.10152e-06 -6.17768e-06 1.58002e-05 0.000146217 0.000174537 -0.00184853 -0.00822721 0.00615979 0.151713 0.5 0.848287 0.99384 1.00823 1.00185 0.999825 0.999854 0.999984 1.00001 1 1 1 1 1 1 1 1 1 1 1 1 1 
-7.32896e-25 7.29085e-25 -1.70459e-12 -1.06901e-12 2.85719e-11 1.04184e-10 -1.55863e-10 -2.14165e-09 -3.75416e-09 2.36312e-08 1.30095e-07 1.70929e-10 -2.10176e-06 -6.17791e-06 1.58009e-05 0.000146219 0.000174537 -0.00184854 -0.00822722 0.00615984 0.151713 0.5 0.848287 0.99384 1.00823 1.00185 0.999825 0.999854 0.999984 1.00001 1 1 1 1 1 1 1 1 1 1 1 1 1 
-7.29085e-25 7.25846e-25 -1.70136e-12 -1.03162e-12 2.86809e-11 1.04215e-10 -1.56512e-10 -2.14323e-09 -3.75317e-09 2.36437e-08 1.30117e-07 1.43959e-10 -2.10193e-06 -6.17809e-06 1.58013e-05 0.000146221 0.000174537 -0.00184854 -0.00822722 0.00615987 0.151713 0.5 0.848287 0.99384 1.00823 1.00185 0.999825 0.999854 0.999984 1.00001 1 1 1 1 1 1 1 1 1 1 1 1 1 
