1 1 0.9875 0.975 0.9625 0.95 0.9375 0.925 0.9125 0.9 0.8875 0.875 0.8625 0.85 0.8375 0.825 0.8125 0.8 0.7875 0.775 0.7625 0.75 0.7375 0.725 0.7125 0.7 0.6875 0.675 0.6625 0.65 0.6375 0.625 0.6125 0.6 0.5875 0.575 0.5625 0.55 0.5375 0.525 0.5125 0.5 0.5 
1 1 0.99493 0.979875 0.967313 0.95475 0.942188 0.929625 0.917063 0.9045 0.891938 0.879375 0.866813 0.85425 0.841688 0.829125 0.816563 0.804 0.791438 0.778875 0.766313 0.75375 0.741188 0.728625 0.716063 0.7035 0.690938 0.678375 0.665813 0.65325 0.640688 0.628125 0.615563 0.603 0.590438 0.577875 0.565313 0.55275 0.540188 0.527625 0.515063 0.5025 0.5 
1 1 0.99796 0.987752 0.971688 0.959548 0.946922 0.934296 0.921671 0.909045 0.896419 0.883794 0.871168 0.858543 0.845917 0.833291 0.820666 0.80804 0.795414 0.782789 0.770163 0.757538 0.744912 0.732286 0.719661 0.707035 0.694409 0.681784 0.669158 0.656533 0.643907 0.631281 0.618656 0.60603 0.593404 0.580779 0.568153 0.555528 0.542902 0.530276 0.517651 0.505025 0.4975 
1 1 0.999182 0.993411 0.979081 0.96345 0.951797 0.939015 0.926325 0.913636 0.900947 0.888257 0.875568 0.862878 0.850189 0.8375 0.82481 0.812121 0.799432 0.786742 0.774053 0.761363 0.748674 0.735985 0.723295 0.710606 0.697916 0.685227 0.672538 0.659848 0.647159 0.634469 0.62178 0.609091 0.596401 0.583712 0.571023 0.558333 0.545644 0.532954 0.520265 0.507576 0.494975 
1 1 0.999673 0.996692 0.986385 0.969727 0.955473 0.944029 0.93101 0.918273 0.90552 0.892766 0.880012 0.867258 0.854504 0.841751 0.828997 0.816243 0.803489 0.790735 0.777982 0.765228 0.752474 0.73972 0.726966 0.714213 0.701459 0.688705 0.675951 0.663197 0.650444 0.63769 0.624936 0.612182 0.599428 0.586675 0.573921 0.561167 0.548413 0.535659 0.522906 0.510152 0.492424 
1 1 0.999869 0.998411 0.991908 0.977433 0.960458 0.947817 0.936154 0.922899 0.910142 0.89732 0.884501 0.871683 0.858864 0.846045 0.833226 0.820407 0.807588 0.794769 0.781951 0.769132 0.756313 0.743494 0.730675 0.717856 0.705037 0.692219 0.6794 0.666581 0.653762 0.640943 0.628124 0.615305 0.602486 0.589668 0.576849 0.56403 0.551211 0.538392 0.525573 0.512754 0.489848 
1 1 0.999948 0.999258 0.995493 0.984665 0.967464 0.951783 0.940337 0.928088 0.914695 0.901934 0.889036 0.876152 0.863268 0.850383 0.837498 0.824614 0.811729 0.798845 0.78596 0.773075 0.760191 0.747306 0.734422 0.721537 0.708652 0.695768 0.682883 0.669999 0.657114 0.64423 0.631345 0.61846 0.605576 0.592691 0.579807 0.566922 0.554037 0.541153 0.528268 0.515384 0.487246 
1 1 0.999979 0.999661 0.997606 0.990331 0.975367 0.957462 0.943842 0.932785 0.919807 0.906423 0.893647 0.880665 0.867717 0.854766 0.841815 0.828864 0.815913 0.802962 0.790011 0.77706 0.764109 0.751158 0.738207 0.725256 0.712305 0.699354 0.686403 0.673452 0.660501 0.64755 0.634599 0.621648 0.608697 0.595746 0.582795 0.569844 0.556893 0.543942 0.530991 0.51804 0.484616 
1 1 0.999992 0.999848 0.998773 0.994252 0.982719 0.964888 0.94817 0.93643 0.924938 0.91135 0.898105 0.885275 0.872205 0.859194 0.846176 0.833158 0.820139 0.807121 0.794103 0.781085 0.768067 0.755049 0.742031 0.729013 0.715995 0.702977 0.689959 0.676941 0.663922 0.650904 0.637886 0.624868 0.61185 0.598832 0.585814 0.572796 0.559778 0.54676 0.533742 0.520723 0.48196 
1 1 0.999997 0.999932 0.999389 0.996738 0.988641 0.972999 0.954298 0.939891 0.929144 0.916688 0.902801 0.889744 0.876807 0.863656 0.850583 0.837496 0.82441 0.811324 0.798238 0.785153 0.772067 0.758981 0.745895 0.732809 0.719723 0.706637 0.693551 0.680466 0.66738 0.654294 0.641208 0.628122 0.615036 0.60195 0.588864 0.575779 0.562693 0.549607 0.536521 0.523435 0.479277 
1 1 0.999999 0.99997 0.999702 0.998215 0.992926 0.98057 0.962026 0.944495 0.932455 0.921571 0.908077 0.894242 0.881323 0.868236 0.855017 0.841883 0.828725 0.815571 0.802417 0.789262 0.776108 0.762954 0.749799 0.736645 0.72349 0.710336 0.697182 0.684027 0.670873 0.657719 0.644564 0.63141 0.618255 0.605101 0.591947 0.578792 0.565638 0.552484 0.539329 0.526175 0.476565 
1 1 0.999999 0.999987 0.999857 0.999052 0.995785 0.986813 0.970366 0.950925 0.935916 0.925369 0.913456 0.899252 0.885715 0.872811 0.859561 0.846292 0.833091 0.819862 0.806639 0.793415 0.780192 0.766968 0.753744 0.740521 0.727297 0.714074 0.70085 0.687626 0.674403 0.661179 0.647956 0.634732 0.621509 0.608285 0.595061 0.581838 0.568614 0.555391 0.542167 0.528943 0.473825 
1 1 1 0.999994 0.999933 0.999509 0.997578 0.991487 0.978216 0.958895 0.9407 0.928443 0.91806 0.904777 0.890392 0.877205 0.864176 0.850787 0.837478 0.824205 0.810904 0.797612 0.784318 0.771025 0.757731 0.744438 0.731144 0.717851 0.704557 0.691264 0.67797 0.664677 0.651383 0.63809 0.624796 0.611502 0.598209 0.584915 0.571622 0.558328 0.545035 0.531741 0.471057 
1 1 1 0.999998 0.999969 0.999751 0.99865 0.994731 0.984826 0.96748 0.947333 0.931887 0.921527 0.910113 0.895713 0.88162 0.868652 0.855405 0.841923 0.828575 0.815223 0.801852 0.788489 0.775125 0.76176 0.748396 0.735032 0.721668 0.708304 0.694939 0.681575 0.668211 0.654847 0.641482 0.628118 0.614754 0.60139 0.588026 0.574661 0.561297 0.547933 0.534569 0.468259 
1 1 1 0.999999 0.999986 0.999876 0.999266 0.996852 0.989914 0.975648 0.955504 0.936762 0.924404 0.914462 0.901412 0.886535 0.872961 0.859986 0.846503 0.832976 0.819577 0.806143 0.792702 0.779269 0.765833 0.752397 0.738961 0.725526 0.71209 0.698654 0.685219 0.671783 0.658347 0.644912 0.631476 0.61804 0.604605 0.591169 0.577733 0.564298 0.550862 0.537426 0.465431 
1 1 1 1 0.999993 0.999939 0.99961 0.998175 0.993561 0.982659 0.96434 0.943519 0.927788 0.917655 0.906682 0.892138 0.877472 0.864346 0.851155 0.837491 0.823949 0.810481 0.796965 0.783455 0.769949 0.75644 0.742933 0.729425 0.715917 0.702409 0.688901 0.675393 0.661885 0.648378 0.63487 0.621362 0.607854 0.594346 0.580838 0.56733 0.553823 0.540315 0.462574 
1 1 1 1 0.999997 0.99997 0.999796 0.998969 0.996029 0.988189 0.972853 0.951855 0.932675 0.920342 0.910815 0.897971 0.882641 0.868616 0.855657 0.842148 0.828392 0.814835 0.801282 0.787688 0.774108 0.760528 0.746947 0.733366 0.719785 0.706204 0.692623 0.679043 0.665462 0.651881 0.6383 0.624719 0.611138 0.597557 0.583977 0.570396 0.556815 0.543234 0.459685 
1 1 1 1 0.999999 0.999986 0.999895 0.99943 0.997622 0.992261 0.980294 0.960941 0.939488 0.923616 0.913773 0.903185 0.888496 0.873261 0.859909 0.846792 0.832991 0.819221 0.805625 0.791977 0.778311 0.764659 0.751005 0.73735 0.723695 0.710041 0.696386 0.682731 0.669077 0.655422 0.641767 0.628113 0.614458 0.600804 0.587149 0.573494 0.55984 0.546185 0.456766 
1 1 1 1 0.999999 0.999993 0.999947 0.999691 0.998611 0.995096 0.986292 0.969816 0.947949 0.928442 0.916265 0.907145 0.894452 0.878679 0.864175 0.851195 0.837705 0.823728 0.809978 0.796309 0.782568 0.768832 0.755107 0.741377 0.727648 0.713919 0.70019 0.68646 0.672731 0.659002 0.645273 0.631544 0.617814 0.604085 0.590356 0.576627 0.562897 0.549168 0.453815 
1 1 1 1 1 0.999997 0.999974 0.999835 0.999207 0.996981 0.990815 0.977711 0.957276 0.935244 0.919378 0.909897 0.899638 0.884769 0.868967 0.855353 0.842311 0.828414 0.814396 0.80065 0.786881 0.773056 0.759251 0.74545 0.731644 0.717839 0.704035 0.69023 0.676426 0.662621 0.648816 0.635012 0.621207 0.607403 0.593598 0.579793 0.565989 0.552184 0.450832 
1 1 1 1 1 0.999999 0.999987 0.999914 0.999556 0.998188 0.994043 0.984204 0.966522 0.943788 0.924071 0.912182 0.903471 0.890855 0.874624 0.859634 0.846608 0.833162 0.818982 0.805008 0.791218 0.77734 0.76344 0.749564 0.735685 0.721803 0.707922 0.694042 0.680161 0.66628 0.652399 0.638518 0.624637 0.610757 0.596876 0.582995 0.569114 0.555233 0.447816 
1 1 1 1 1 0.999999 0.999994 0.999955 0.999756 0.998936 0.996245 0.989205 0.974891 0.953337 0.930796 0.915085 0.906042 0.896052 0.880941 0.864573 0.850684 0.837714 0.823749 0.809475 0.795553 0.781669 0.767688 0.753721 0.73977 0.725811 0.711853 0.697895 0.683937 0.669979 0.656021 0.642063 0.628106 0.614148 0.60019 0.586232 0.572274 0.558316 0.444767 
1 1 1 1 1 1 0.999997 0.999977 0.999868 0.999388 0.997691 0.992855 0.981904 0.962955 0.939374 0.919578 0.908108 0.899803 0.887177 0.870453 0.854985 0.841905 0.828516 0.814147 0.799927 0.786004 0.771996 0.75793 0.743896 0.729865 0.715827 0.701791 0.687756 0.67372 0.659684 0.645648 0.631612 0.617577 0.603541 0.589505 0.575469 0.561433 0.441684 
1 1 1 1 1 1 0.999999 0.999988 0.999929 0.999654 0.998611 0.995401 0.987414 0.971813 0.949117 0.926157 0.910756 0.90222 0.892431 0.876997 0.860059 0.845905 0.833005 0.818987 0.804453 0.790334 0.776335 0.762203 0.748067 0.733961 0.719848 0.705731 0.691617 0.677502 0.663388 0.649273 0.635158 0.621044 0.606929 0.592815 0.5787 0.564585 0.438567 
1 1 1 1 1 1 0.999999 0.999994 0.999963 0.999807 0.999181 0.997112 0.991517 0.979372 0.959098 0.934712 0.914981 0.904058 0.896151 0.883412 0.866147 0.850219 0.837093 0.823764 0.809214 0.794731 0.780664 0.766532 0.752298 0.738098 0.723912 0.709717 0.695521 0.681327 0.667133 0.652939 0.638744 0.62455 0.610356 0.596161 0.581967 0.567773 0.435415 
1 1 1 1 1 1 1 0.999997 0.999981 0.999894 0.999525 0.998225 0.994437 0.985423 0.968455 0.944609 0.921342 0.90641 0.898443 0.888774 0.872921 0.855407 0.841016 0.828189 0.814123 0.799324 0.784991 0.770875 0.756597 0.742285 0.728018 0.713748 0.699471 0.685196 0.670921 0.656646 0.642371 0.628096 0.613821 0.599546 0.585271 0.570996 0.432227 
1 1 1 1 1 1 1 0.999999 0.99999 0.999943 0.999729 0.99893 0.99644 0.990012 0.976586 0.954938 0.929809 0.910304 0.900051 0.892516 0.879548 0.861687 0.845328 0.832177 0.818907 0.804174 0.789418 0.775194 0.760943 0.746539 0.732166 0.717822 0.703466 0.689108 0.674752 0.660395 0.646039 0.631683 0.617326 0.60297 0.588613 0.574257 0.429004 
1 1 1 1 1 1 1 0.999999 0.999995 0.999969 0.999848 0.999367 0.99777 0.993341 0.983209 0.964798 0.939812 0.916373 0.902072 0.894719 0.885075 0.868697 0.850603 0.836017 0.823274 0.809151 0.794081 0.779521 0.765285 0.750863 0.736371 0.721936 0.707508 0.693066 0.678626 0.664188 0.649749 0.63531 0.620871 0.606432 0.591993 0.577555 0.425743 
1 1 1 1 1 1 1 1 0.999997 0.999984 0.999916 0.999631 0.99863 0.995665 0.988322 0.97352 0.950459 0.924677 0.905575 0.896104 0.888897 0.875571 0.857054 0.840304 0.827165 0.813947 0.799019 0.783981 0.769593 0.755223 0.74065 0.726096 0.71159 0.697071 0.682545 0.668023 0.653502 0.638979 0.624457 0.609935 0.595413 0.58089 0.422445 
1 1 1 1 1 1 1 1 0.999999 0.999992 0.999954 0.999788 0.999173 0.997238 0.992095 0.98075 0.960819 0.934724 0.911274 0.897768 0.891056 0.88132 0.864303 0.845634 0.83091 0.818263 0.804066 0.788714 0.773921 0.759561 0.744998 0.730321 0.715712 0.701121 0.686512 0.671903 0.657298 0.642691 0.628084 0.613478 0.598871 0.584265 0.41911 
1 1 1 1 1 1 1 1 0.999999 0.999996 0.999975 0.99988 0.999509 0.998274 0.994774 0.986426 0.97015 0.94565 0.919334 0.900824 0.892235 0.885289 0.871459 0.852232 0.835144 0.82206 0.808884 0.793742 0.778413 0.763857 0.749368 0.734625 0.719884 0.705211 0.690527 0.67583 0.661137 0.646446 0.631754 0.617062 0.60237 0.587678 0.415735 
1 1 1 1 1 1 1 1 1 0.999998 0.999987 0.999933 0.999712 0.998939 0.996618 0.990682 0.97802 0.956496 0.92935 0.906076 0.893527 0.887457 0.877491 0.859718 0.840491 0.8257 0.813163 0.798865 0.783215 0.768186 0.753701 0.738995 0.724129 0.709341 0.694584 0.679804 0.665022 0.650245 0.635467 0.620688 0.60591 0.591132 0.412322 
1 1 1 1 1 1 1 1 1 0.999999 0.999993 0.999963 0.999834 0.999359 0.997853 0.993753 0.9843 0.96645 0.940503 0.913801 0.896087 0.88846 0.881678 0.86719 0.847202 0.829847 0.816871 0.803718 0.788332 0.772708 0.757985 0.743375 0.728458 0.713525 0.69868 0.683827 0.668955 0.654088 0.639223 0.624358 0.609492 0.594626 0.408868 
1 1 1 1 1 1 1 1 1 0.999999 0.999996 0.99998 0.999905 0.999618 0.99866 0.9959 0.989083 0.974992 0.951812 0.923702 0.900814 0.889376 0.88392 0.873566 0.85492 0.835167 0.820391 0.807975 0.793539 0.777574 0.762311 0.747703 0.73285 0.717789 0.702816 0.68789 0.672937 0.657977 0.643024 0.628071 0.613116 0.598162 0.405374 
1 1 1 1 1 1 1 1 1 1 0.999998 0.999989 0.999947 0.999775 0.999177 0.997359 0.992586 0.981918 0.962392 0.935014 0.90811 0.891402 0.88479 0.878046 0.862733 0.841953 0.824417 0.811604 0.798445 0.78278 0.766857 0.751973 0.73724 0.722144 0.707013 0.691991 0.676966 0.661915 0.646869 0.631827 0.616784 0.60174 0.401838 
1 1 1 1 1 1 1 1 1 1 0.999999 0.999994 0.99997 0.99987 0.999501 0.998327 0.995069 0.987274 0.971635 0.946746 0.917795 0.895529 0.885342 0.880438 0.869513 0.849885 0.82966 0.814992 0.802703 0.788082 0.771781 0.756292 0.741562 0.726557 0.711297 0.696134 0.681035 0.665903 0.650762 0.635628 0.620495 0.605361 0.39826 
1 1 1 1 1 1 1 1 1 1 0.999999 0.999997 0.999984 0.999925 0.999702 0.998957 0.996782 0.991253 0.979253 0.957951 0.929182 0.902295 0.886806 0.881233 0.874368 0.858057 0.836472 0.818861 0.806264 0.793062 0.777075 0.760854 0.745818 0.730958 0.715676 0.700342 0.685139 0.669938 0.654704 0.639475 0.624251 0.609026 0.394639 
1 1 1 1 1 1 1 1 1 1 1 0.999998 0.999991 0.999958 0.999824 0.999359 0.997935 0.994112 0.98523 0.96792 0.941286 0.911654 0.890268 0.881449 0.876996 0.865296 0.84459 0.823972 0.809513 0.797347 0.782482 0.765827 0.750125 0.735277 0.720112 0.704645 0.689288 0.674011 0.658698 0.64337 0.628052 0.612735 0.390974 
1 1 1 1 1 1 1 1 1 1 1 0.999999 0.999995 0.999976 0.999898 0.999611 0.998695 0.99611 0.989733 0.976272 0.953098 0.923016 0.896401 0.88234 0.877791 0.870611 0.853129 0.830753 0.813191 0.800859 0.787562 0.771206 0.754692 0.739517 0.724526 0.709048 0.693507 0.678119 0.662738 0.647317 0.631899 0.616489 0.387265 
1 1 1 1 1 1 1 1 1 1 1 1 0.999997 0.999987 0.999941 0.999767 0.999187 0.997473 0.993012 0.982924 0.963811 0.935421 0.905314 0.885077 0.877718 0.873572 0.860876 0.839014 0.818113 0.803967 0.791904 0.776729 0.759702 0.743806 0.728844 0.713508 0.697826 0.682272 0.666814 0.651315 0.635795 0.620288 0.383511 
1 1 1 1 1 1 1 1 1 1 1 1 0.999999 0.999993 0.999966 0.999862 0.9995 0.998383 0.995331 0.988003 0.972941 0.94781 0.916533 0.890479 0.87804 0.874459 0.866734 0.847913 0.824793 0.807423 0.795393 0.781932 0.76516 0.748365 0.733068 0.717939 0.702252 0.686499 0.670924 0.655358 0.639745 0.624134 0.379712 
1 1 1 1 1 1 1 1 1 1 1 1 0.999999 0.999996 0.999981 0.999919 0.999697 0.99898 0.996932 0.991748 0.980323 0.959277 0.929147 0.898817 0.880011 0.874163 0.870135 0.856205 0.833141 0.812096 0.798366 0.786368 0.770807 0.753396 0.737332 0.722259 0.706738 0.690834 0.67508 0.659437 0.643746 0.628031 0.375866 
1 1 1 1 1 1 1 1 1 1 1 1 1 0.999998 0.999989 0.999953 0.999818 0.999365 0.998015 0.994429 0.986036 0.969223 0.942065 0.909758 0.884587 0.873943 0.87122 0.86269 0.842375 0.8186 0.801575 0.789867 0.77616 0.758925 0.741869 0.726469 0.71119 0.695282 0.679314 0.663548 0.647793 0.631982 0.371969 
1 1 1 1 1 1 1 1 1 1 1 1 1 0.999999 0.999994 0.999973 0.999892 0.99961 0.998733 0.996301 0.990299 0.977391 0.954281 0.922469 0.892216 0.87512 0.87079 0.866642 0.851237 0.82696 0.805943 0.792722 0.780729 0.764699 0.746904 0.730701 0.715519 0.699795 0.683661 0.667706 0.651874 0.635986 0.368018 
1 1 1 1 1 1 1 1 1 1 1 1 1 0.999999 0.999997 0.999985 0.999937 0.999763 0.999202 0.997581 0.993386 0.983799 0.965078 0.935845 0.90273 0.878788 0.870077 0.868048 0.858422 0.836483 0.812187 0.795671 0.784281 0.770227 0.752487 0.735201 0.719717 0.704273 0.68813 0.671943 0.655986 0.640035 0.364014 
1 1 1 1 1 1 1 1 1 1 1 1 1 1 0.999998 0.999991 0.999963 0.999857 0.999504 0.99844 0.995566 0.98864 0.974089 0.948792 0.915402 0.885574 0.870456 0.867594 0.863042 0.845918 0.820469 0.799679 0.787045 0.774972 0.758389 0.740217 0.723913 0.708618 0.69267 0.676299 0.660142 0.644118 0.359965 
1 1 1 1 1 1 1 1 1 1 1 1 1 1 0.999999 0.999995 0.999979 0.999915 0.999695 0.999006 0.997071 0.992183 0.981258 0.960465 0.92914 0.895499 0.873148 0.866465 0.864906 0.853869 0.830212 0.805575 0.789732 0.778627 0.764112 0.745836 0.728361 0.712808 0.69718 0.680786 0.66438 0.648229 0.355882 
1 1 1 1 1 1 1 1 1 1 1 1 1 1 0.999999 0.999997 0.999988 0.99995 0.999814 0.999375 0.998092 0.994711 0.986739 0.970374 0.942778 0.907972 0.878964 0.866068 0.864559 0.859272 0.840201 0.813674 0.793338 0.781344 0.769075 0.751857 0.733334 0.716966 0.701549 0.685356 0.668742 0.652384 0.351771 
1 1 1 1 1 1 1 1 1 1 1 1 1 1 1 0.999999 0.999993 0.999971 0.999888 0.999611 0.998773 0.996475 0.990796 0.978373 0.955339 0.92195 0.888128 0.867737 0.863116 0.861741 0.848962 0.823544 0.798798 0.783782 0.772892 0.757789 0.738961 0.721348 0.705741 0.689903 0.673243 0.656619 0.347616 
1 1 1 1 1 1 1 1 1 1 1 1 1 1 1 0.999999 0.999996 0.999983 0.999933 0.999761 0.99922 0.997682 0.993719 0.984565 0.966198 0.936213 0.900222 0.872465 0.861994 0.861656 0.855259 0.834039 0.806596 0.786955 0.775617 0.763012 0.745085 0.726253 0.70986 0.694306 0.677842 0.66098 0.343381 
1 1 1 1 1 1 1 1 1 1 1 1 1 1 1 1 0.999998 0.99999 0.999961 0.999854 0.99951 0.998495 0.995777 0.989199 0.975098 0.949659 0.914286 0.880696 0.862622 0.860031 0.85849 0.843634 0.816473 0.791897 0.777841 0.767054 0.751232 0.731856 0.714165 0.698508 0.682431 0.665491 0.33902 
1 1 1 1 1 1 1 1 1 1 1 1 1 1 1 1 0.999999 0.999995 0.999977 0.999912 0.999695 0.999034 0.9972 0.992569 0.982078 0.961511 0.929079 0.892209 0.866165 0.858267 0.858839 0.850922 0.827394 0.799267 0.780568 0.769859 0.756752 0.738056 0.718975 0.702595 0.686877 0.670117 0.334509 
1 1 1 1 1 1 1 1 1 1 1 1 1 1 1 1 0.999999 0.999997 0.999987 0.999948 0.999812 0.999387 0.998166 0.994964 0.987358 0.971385 0.943382 0.906177 0.873291 0.857866 0.857192 0.855072 0.837813 0.809008 0.784921 0.771922 0.761086 0.744413 0.724519 0.706815 0.691104 0.674751 0.329883 
1 1 1 1 1 1 1 1 1 1 1 1 1 1 1 1 1 0.999998 0.999992 0.999969 0.999886 0.999615 0.998812 0.996633 0.991236 0.979234 0.95626 0.921369 0.884011 0.860151 0.854904 0.856044 0.846171 0.820238 0.791733 0.774216 0.764053 0.750258 0.730758 0.711507 0.695169 0.679252 0.325249 
1 1 1 1 1 1 1 1 1 1 1 1 1 1 1 1 1 0.999999 0.999996 0.999982 0.999931 0.999761 0.999239 0.997777 0.994016 0.985239 0.967177 0.936472 0.897666 0.866015 0.853523 0.854563 0.851394 0.831435 0.801175 0.777926 0.76603 0.754949 0.737304 0.71695 0.699303 0.683519 0.320748 
1 1 1 1 1 1 1 1 1 1 1 1 1 1 1 1 1 0.999999 0.999998 0.999989 0.999959 0.999853 0.999518 0.998549 0.995969 0.989692 0.975982 0.950389 0.91309 0.87572 0.854512 0.851906 0.853192 0.840912 0.81256 0.784056 0.767929 0.758171 0.74349 0.723182 0.703856 0.687577 0.316481 
1 1 1 1 1 1 1 1 1 1 1 1 1 1 1 1 1 1 0.999999 0.999994 0.999975 0.99991 0.999697 0.999063 0.997318 0.992912 0.982798 0.962414 0.928901 0.888823 0.858978 0.849637 0.85209 0.84735 0.824446 0.793019 0.770969 0.760161 0.748597 0.729883 0.709157 0.691631 0.312423 
1 1 1 1 1 1 1 1 1 1 1 1 1 1 1 1 1 1 0.999999 0.999996 0.999986 0.999946 0.999812 0.999401 0.998236 0.995192 0.987903 0.972264 0.943845 0.904267 0.867449 0.849329 0.849254 0.850182 0.835052 0.80437 0.776307 0.761732 0.752173 0.736406 0.715326 0.696032 0.308369 
1 1 1 1 1 1 1 1 1 1 1 1 1 1 1 1 1 1 1 0.999998 0.999992 0.999967 0.999884 0.999621 0.998851 0.996778 0.991626 0.979987 0.957031 0.920651 0.879736 0.852292 0.84623 0.849696 0.842825 0.816804 0.784608 0.764108 0.754291 0.741977 0.72213 0.701151 0.303968 
1 1 1 1 1 1 1 1 1 1 1 1 1 1 1 1 1 1 1 0.999999 0.999995 0.999981 0.999929 0.999762 0.99926 0.997865 0.994283 0.985831 0.968017 0.936578 0.894951 0.859324 0.844673 0.846907 0.846896 0.828502 0.795703 0.768569 0.755637 0.746006 0.728969 0.707196 0.298849 
1 1 1 1 1 1 1 1 1 1 1 1 1 1 1 1 1 1 1 0.999999 0.999997 0.999989 0.999957 0.999852 0.999528 0.9986 0.996144 0.990129 0.976748 0.950961 0.911724 0.870519 0.846071 0.843308 0.84728 0.837694 0.808492 0.776026 0.757391 0.748384 0.735031 0.714036 0.292804 
1 1 1 1 1 1 1 1 1 1 1 1 1 1 1 1 1 1 1 1 0.999998 0.999993 0.999974 0.999909 0.999701 0.999091 0.997428 0.993218 0.983428 0.963169 0.928547 0.885218 0.851483 0.8406 0.844798 0.8432 0.821185 0.786622 0.760925 0.749635 0.739603 0.721143 0.285964 
1 1 1 1 1 1 1 1 1 1 1 1 1 1 1 1 1 1 1 1 0.999999 0.999996 0.999985 0.999944 0.999813 0.999415 0.998302 0.995398 0.988384 0.973017 0.944134 0.902143 0.861311 0.840418 0.840849 0.844719 0.831835 0.799522 0.767378 0.750855 0.742384 0.727703 0.278857 
1 1 1 1 1 1 1 1 1 1 1 1 1 1 1 1 1 1 1 1 0.999999 0.999998 0.999991 0.999966 0.999884 0.999627 0.998889 0.996911 0.991973 0.98064 0.957642 0.919725 0.875175 0.844068 0.837142 0.842832 0.838945 0.813045 0.777218 0.753458 0.7437 0.732891 0.272297 
1 1 1 1 1 1 1 1 1 1 1 1 1 1 1 1 1 1 1 1 1 0.999999 0.999995 0.99998 0.999928 0.999764 0.99928 0.997948 0.994521 0.986349 0.968719 0.936486 0.891963 0.852268 0.835426 0.838802 0.841865 0.825129 0.78994 0.758779 0.744516 0.736215 0.267109 
1 1 1 1 1 1 1 1 1 1 1 1 1 1 1 1 1 1 1 1 1 0.999999 0.999997 0.999988 0.999956 0.999852 0.999538 0.998649 0.996302 0.990514 0.977404 0.951354 0.910103 0.864959 0.837223 0.834304 0.840886 0.833972 0.804056 0.767614 0.746238 0.737779 0.263785 
1 1 1 1 1 1 1 1 1 1 1 1 1 1 1 1 1 1 1 1 1 1 0.999998 0.999993 0.999973 0.999908 0.999706 0.999119 0.997528 0.993491 0.983974 0.963771 0.927961 0.88127 0.843564 0.831161 0.837085 0.838548 0.817472 0.779831 0.750349 0.738367 0.262221 
1 1 1 1 1 1 1 1 1 1 1 1 1 1 1 1 1 1 1 1 1 1 0.999999 0.999996 0.999984 0.999943 0.999814 0.99943 0.998364 0.995583 0.988805 0.973646 0.944218 0.899704 0.854741 0.831079 0.832061 0.838806 0.828122 0.794232 0.757953 0.739316 0.261633 
1 1 1 1 1 1 1 1 1 1 1 1 1 1 1 1 1 1 1 1 1 1 0.999999 0.999998 0.99999 0.999965 0.999884 0.999635 0.998926 0.997032 0.99228 0.981198 0.958079 0.918516 0.870192 0.835377 0.827666 0.835582 0.834581 0.80879 0.769323 0.742201 0.260684 
1 1 1 1 1 1 1 1 1 1 1 1 1 1 1 1 1 1 1 1 1 1 1 0.999999 0.999994 0.999979 0.999928 0.999768 0.999301 0.998024 0.994735 0.986799 0.969281 0.936151 0.888584 0.844716 0.825748 0.830349 0.836408 0.821239 0.783636 0.748395 0.257799 
1 1 1 1 1 1 1 1 1 1 1 1 1 1 1 1 1 1 1 1 1 1 1 0.999999 0.999997 0.999987 0.999955 0.999853 0.999549 0.998696 0.996445 0.990853 0.977951 0.951544 0.908136 0.858898 0.827885 0.824945 0.834138 0.829764 0.799048 0.758583 0.251605 
1 1 1 1 1 1 1 1 1 1 1 1 1 1 1 1 1 1 1 1 1 1 1 1 0.999998 0.999992 0.999973 0.999908 0.999711 0.999146 0.997621 0.993734 0.98444 0.96421 0.92708 0.876846 0.835097 0.821315 0.829066 0.833482 0.81319 0.772385 0.241417 
1 1 1 1 1 1 1 1 1 1 1 1 1 1 1 1 1 1 1 1 1 1 1 1 0.999999 0.999995 0.999983 0.999943 0.999816 0.999446 0.998421 0.99575 0.989171 0.97415 0.94406 0.896837 0.847594 0.821249 0.822964 0.832565 0.82389 0.788266 0.227615 
1 1 1 1 1 1 1 1 1 1 1 1 1 1 1 1 1 1 1 1 1 1 1 1 0.999999 0.999997 0.99999 0.999965 0.999884 0.999643 0.998961 0.997143 0.99255 0.981664 0.958324 0.916946 0.864642 0.826108 0.817826 0.828065 0.829793 0.803879 0.211734 
1 1 1 1 1 1 1 1 1 1 1 1 1 1 1 1 1 1 1 1 1 1 1 1 1 0.999998 0.999994 0.999978 0.999928 0.999771 0.999321 0.998095 0.994926 0.987183 0.969695 0.935522 0.884684 0.836523 0.815608 0.821642 0.830634 0.816766 0.196121 
1 1 1 1 1 1 1 1 1 1 1 1 1 1 1 1 1 1 1 1 1 1 1 1 1 0.999999 0.999996 0.999987 0.999955 0.999855 0.99956 0.99874 0.996574 0.991148 0.97839 0.951502 0.905721 0.852178 0.817967 0.815283 0.827158 0.825089 0.183234 
1 1 1 1 1 1 1 1 1 1 1 1 1 1 1 1 1 1 1 1 1 1 1 1 1 0.999999 0.999998 0.999992 0.999972 0.999909 0.999717 0.999172 0.997706 0.993948 0.98483 0.964473 0.925834 0.871797 0.82595 0.811059 0.820849 0.828086 0.174911 
1 1 1 1 1 1 1 1 1 1 1 1 1 1 1 1 1 1 1 1 1 1 1 1 1 1 0.999999 0.999995 0.999983 0.999943 0.999819 0.999461 0.998475 0.995899 0.989484 0.974523 0.943616 0.893421 0.83971 0.81087 0.813637 0.82611 0.171914 
1 1 1 1 1 1 1 1 1 1 1 1 1 1 1 1 1 1 1 1 1 1 1 1 1 1 0.999999 0.999997 0.99999 0.999964 0.999885 0.999651 0.998994 0.997243 0.992786 0.982037 0.958353 0.91492 0.85836 0.81615 0.807652 0.820401 0.17389 
1 1 1 1 1 1 1 1 1 1 1 1 1 1 1 1 1 1 1 1 1 1 1 1 1 1 1 0.999998 0.999994 0.999978 0.999928 0.999776 0.999341 0.99816 0.995094 0.987504 0.96995 0.934534 0.880116 0.827537 0.80498 0.812781 0.179599 
1 1 1 1 1 1 1 1 1 1 1 1 1 1 1 1 1 1 1 1 1 1 1 1 1 1 1 0.999999 0.999996 0.999987 0.999955 0.999857 0.999571 0.998781 0.99669 0.9914 0.978716 0.951191 0.90274 0.844628 0.807387 0.805379 0.187219 
1 1 1 1 1 1 1 1 1 1 1 1 1 1 1 1 1 1 1 1 1 1 1 1 1 1 1 0.999999 0.999998 0.999992 0.999972 0.999909 0.999723 0.999197 0.997783 0.994135 0.985141 0.964539 0.924137 0.865954 0.815988 0.800406 0.194621 
1 1 1 1 1 1 1 1 1 1 1 1 1 1 1 1 1 1 1 1 1 1 1 1 1 1 1 1 0.999999 0.999995 0.999983 0.999943 0.999822 0.999475 0.998525 0.996031 0.989744 0.974757 0.942831 0.889307 0.830918 0.799896 0.199594 
1 1 1 1 1 1 1 1 1 1 1 1 1 1 1 1 1 1 1 1 1 1 1 1 1 1 1 1 0.999999 0.999997 0.999989 0.999964 0.999887 0.999659 0.999025 0.997333 0.992987 0.982314 0.958134 0.912327 0.851162 0.805396 0.200104 
1 1 1 1 1 1 1 1 1 1 1 1 1 1 1 1 1 1 1 1 1 1 1 1 1 1 1 1 1 0.999998 0.999994 0.999978 0.999928 0.99978 0.99936 0.998219 0.995241 0.987759 0.970031 0.933112 0.874707 0.817601 0.194604 
1 1 1 1 1 1 1 1 1 1 1 1 1 1 1 1 1 1 1 1 1 1 1 1 1 1 1 1 1 0.999999 0.999996 0.999986 0.999955 0.999859 0.999582 0.998819 0.996793 0.99161 0.978921 0.950563 0.899049 0.836057 0.182399 
1 1 1 1 1 1 1 1 1 1 1 1 1 1 1 1 1 1 1 1 1 1 1 1 1 1 1 1 1 0.999999 0.999998 0.999992 0.999972 0.99991 0.999729 0.999221 0.997853 0.994294 0.985371 0.964381 0.921884 0.859121 0.163943 
1 1 1 1 1 1 1 1 1 1 1 1 1 1 1 1 1 1 1 1 1 1 1 1 1 1 1 1 1 1 0.999999 0.999995 0.999982 0.999943 0.999825 0.999489 0.998571 0.996146 0.989952 0.974838 0.941635 0.884319 0.140879 
1 1 1 1 1 1 1 1 1 1 1 1 1 1 1 1 1 1 1 1 1 1 1 1 1 1 1 1 1 1 0.999999 0.999997 0.999989 0.999964 0.999888 0.999667 0.999054 0.997413 0.993154 0.982488 0.957624 0.909025 0.115681 
1 1 1 1 1 1 1 1 1 1 1 1 1 1 1 1 1 1 1 1 1 1 1 1 1 1 1 1 1 1 0.999999 0.999998 0.999993 0.999978 0.999929 0.999785 0.999378 0.998273 0.995367 0.987948 0.969913 0.931155 0.0909747 
1 1 1 1 1 1 1 1 1 1 1 1 1 1 1 1 1 1 1 1 1 1 1 1 1 1 1 1 1 1 1 0.999999 0.999996 0.999986 0.999955 0.999861 0.999593 0.998853 0.996883 0.991776 0.978994 0.949552 0.0688449 
1 1 1 1 1 1 1 1 1 1 1 1 1 1 1 1 1 1 1 1 1 1 1 1 1 1 1 1 1 1 1 0.999999 0.999998 0.999991 0.999972 0.999911 0.999735 0.999243 0.997914 0.994426 0.985515 0.963961 0.050448 
1 1 1 1 1 1 1 1 1 1 1 1 1 1 1 1 1 1 1 1 1 1 1 1 1 1 1 1 1 1 1 1 0.999999 0.999995 0.999982 0.999944 0.999829 0.999503 0.998612 0.996244 0.990103 0.974744 0.0360387 
1 1 1 1 1 1 1 1 1 1 1 1 1 1 1 1 1 1 1 1 1 1 1 1 1 1 1 1 1 1 1 1 0.999999 0.999997 0.999989 0.999964 0.99989 0.999675 0.999081 0.997482 0.993286 0.982548 0.0252556 
1 1 1 1 1 1 1 1 1 1 1 1 1 1 1 1 1 1 1 1 1 1 1 1 1 1 1 1 1 1 1 1 0.999999 0.999998 0.999993 0.999978 0.99993 0.999789 0.999394 0.998321 0.995471 0.988062 0.0174521 
1 1 1 1 1 1 1 1 1 1 1 1 1 1 1 1 1 1 1 1 1 1 1 1 1 1 1 1 1 1 1 1 1 0.999999 0.999996 0.999986 0.999955 0.999864 0.999603 0.998885 0.99696 0.991896 0.0119375 
1 1 1 1 1 1 1 1 1 1 1 1 1 1 1 1 1 1 1 1 1 1 1 1 1 1 1 1 1 1 1 1 1 0.999999 0.999997 0.999991 0.999972 0.999913 0.999741 0.999263 0.997969 0.99453 0.00810443 
1 1 1 1 1 1 1 1 1 1 1 1 1 1 1 1 1 1 1 1 1 1 1 1 1 1 1 1 1 1 1 1 1 1 0.999998 0.999995 0.999982 0.999944 0.999832 0.999516 0.998649 0.996325 0.00547041 
1 1 1 1 1 1 1 1 1 1 1 1 1 1 1 1 1 1 1 1 1 1 1 1 1 1 1 1 1 1 1 1 1 1 0.999999 0.999997 0.999989 0.999964 0.999892 0.999683 0.999105 0.997542 0.00367491 
1 1 1 1 1 1 1 1 1 1 1 1 1 1 1 1 1 1 1 1 1 1 1 1 1 1 1 1 1 1 1 1 1 1 0.999999 0.999998 0.999993 0.999978 0.99993 0.999794 0.99941 0.998362 0.00245828 
1 1 1 1 1 1 1 1 1 1 1 1 1 1 1 1 1 1 1 1 1 1 1 1 1 1 1 1 1 1 1 1 1 1 1 0.999999 0.999996 0.999986 0.999956 0.999866 0.999613 0.998913 0.00163783 
1 1 1 1 1 1 1 1 1 1 1 1 1 1 1 1 1 1 1 1 1 1 1 1 1 1 1 1 1 1 1 1 1 1 1 0.999999 0.999997 0.999991 0.999972 0.999914 0.999747 0.999282 0.00108684 
1 1 1 1 1 1 1 1 1 1 1 1 1 1 1 1 1 1 1 1 1 1 1 1 1 1 1 1 1 1 1 1 1 1 1 1 0.999998 0.999995 0.999982 0.999945 0.999835 0.999527 0.000718282 
1 1 1 1 1 1 1 1 1 1 1 1 1 1 1 1 1 1 1 1 1 1 1 1 1 1 1 1 1 1 1 1 1 1 1 1 0.999999 0.999997 0.999989 0.999965 0.999894 0.99969 0.000472711 
1 1 1 1 1 1 1 1 1 1 1 1 1 1 1 1 1 1 1 1 1 1 1 1 1 1 1 1 1 1 1 1 1 1 1 1 0.999999 0.999998 0.999993 0.999978 0.999931 0.999798 0.000309748 
1 1 1 1 1 1 1 1 1 1 1 1 1 1 1 1 1 1 1 1 1 1 1 1 1 1 1 1 1 1 1 1 1 1 1 1 1 0.999999 0.999996 0.999986 0.999956 0.999869 0.000202057 
1 1 1 1 1 1 1 1 1 1 1 1 1 1 1 1 1 1 1 1 1 1 1 1 1 1 1 1 1 1 1 1 1 1 1 1 1 0.999999 0.999997 0.999991 0.999972 0.999915 0.000131203 
1 1 1 1 1 1 1 1 1 1 1 1 1 1 1 1 1 1 1 1 1 1 1 1 1 1 1 1 1 1 1 1 1 1 1 1 1 1 0.999998 0.999994 0.999982 0.999945 8.47957e-05 
1 1 1 1 1 1 1 1 1 1 1 1 1 1 1 1 1 1 1 1 1 1 1 1 1 1 1 1 1 1 1 1 1 1 1 1 1 1 0.999999 0.999997 0.999989 0.999965 5.45425e-05 
1 1 1 1 1 1 1 1 1 1 1 1 1 1 1 1 1 1 1 1 1 1 1 1 1 1 1 1 1 1 1 1 1 1 1 1 1 1 0.999999 0.999998 0.999993 0.999978 3.49145e-05 
1 1 1 1 1 1 1 1 1 1 1 1 1 1 1 1 1 1 1 1 1 1 1 1 1 1 1 1 1 1 1 1 1 1 1 1 1 1 1 0.999999 0.999996 0.999986 2.22421e-05 
1 1 1 1 1 1 1 1 1 1 1 1 1 1 1 1 1 1 1 1 1 1 1 1 1 1 1 1 1 1 1 1 1 1 1 1 1 1 1 0.999999 0.999997 0.999991 1.41007e-05 
1 1 1 1 1 1 1 1 1 1 1 1 1 1 1 1 1 1 1 1 1 1 1 1 1 1 1 1 1 1 1 1 1 1 1 1 1 1 1 1 0.999998 0.999994 8.89619e-06 
1 1 1 1 1 1 1 1 1 1 1 1 1 1 1 1 1 1 1 1 1 1 1 1 1 1 1 1 1 1 1 1 1 1 1 1 1 1 1 1 0.999999 0.999997 5.58568e-06 
1 1 1 1 1 1 1 1 1 1 1 1 1 1 1 1 1 1 1 1 1 1 1 1 1 1 1 1 1 1 1 1 1 1 1 1 1 1 1 1 0.999999 0.999998 3.49037e-06 
1 1 1 1 1 1 1 1 1 1 1 1 1 1 1 1 1 1 1 1 1 1 1 1 1 1 1 1 1 1 1 1 1 1 1 1 1 1 1 1 1 0.999999 2.17075e-06 
1 1 1 1 1 1 1 1 1 1 1 1 1 1 1 1 1 1 1 1 1 1 1 1 1 1 1 1 1 1 1 1 1 1 1 1 1 1 1 1 1 0.999999 1.34373e-06 
1 1 1 1 1 1 1 1 1 1 1 1 1 1 1 1 1 1 1 1 1 1 1 1 1 1 1 1 1 1 1 1 1 1 1 1 1 1 1 1 1 0.999999 8.27947e-07 
1 1 1 1 1 1 1 1 1 1 1 1 1 1 1 1 1 1 1 1 1 1 1 1 1 1 1 1 1 1 1 1 1 1 1 1 1 1 1 1 1 1 5.07819e-07 
1 1 1 1 1 1 1 1 1 1 1 1 1 1 1 1 1 1 1 1 1 1 1 1 1 1 1 1 1 1 1 1 1 1 1 1 1 1 1 1 1 1 3.1007e-07 
1 1 1 1 1 1 1 1 1 1 1 1 1 1 1 1 1 1 1 1 1 1 1 1 1 1 1 1 1 1 1 1 1 1 1 1 1 1 1 1 1 1 1.88489e-07 
1 1 1 1 1 1 1 1 1 1 1 1 1 1 1 1 1 1 1 1 1 1 1 1 1 1 1 1 1 1 1 1 1 1 1 1 1 1 1 1 1 1 1.14081e-07 
1 1 1 1 1 1 1 1 1 1 1 1 1 1 1 1 1 1 1 1 1 1 1 1 1 1 1 1 1 1 1 1 1 1 1 1 1 1 1 1 1 1 6.87508e-08 
1 1 1 1 1 1 1 1 1 1 1 1 1 1 1 1 1 1 1 1 1 1 1 1 1 1 1 1 1 1 1 1 1 1 1 1 1 1 1 1 1 1 4.12579e-08 
