1 1 0.9875 0.975 0.9625 0.95 0.9375 0.925 0.9125 0.9 0.8875 0.875 0.8625 0.85 0.8375 0.825 0.8125 0.8 0.7875 0.775 0.7625 0.75 0.7375 0.725 0.7125 0.7 0.6875 0.675 0.6625 0.65 0.6375 0.625 0.6125 0.6 0.5875 0.575 0.5625 0.55 0.5375 0.525 0.5125 0.5 0.5 
1 1 1.0005 0.983531 0.970922 0.958312 0.945703 0.933094 0.920484 0.907875 0.895266 0.882656 0.870047 0.857437 0.844828 0.832219 0.819609 0.807 0.794391 0.781781 0.769172 0.756562 0.743953 0.731344 0.718734 0.706125 0.693516 0.680906 0.668297 0.655687 0.643078 0.630469 0.617859 0.60525 0.592641 0.580031 0.567422 0.554812 0.542203 0.529594 0.516984 0.502201 0.5 
1 1 1.00015 0.999635 0.979487 0.966767 0.954046 0.941326 0.928605 0.915884 0.903164 0.890443 0.877723 0.865002 0.852281 0.839561 0.82684 0.814119 0.801399 0.788678 0.775958 0.763237 0.750516 0.737796 0.725075 0.712355 0.699634 0.686913 0.674193 0.661472 0.648751 0.636031 0.62331 0.61059 0.597869 0.585148 0.572428 0.559707 0.546987 0.534266 0.521545 0.505977 0.497799 
1 1 1.00005 1.00018 0.997607 0.975374 0.96254 0.949706 0.936872 0.924039 0.911205 0.898371 0.885537 0.872703 0.859869 0.847035 0.834202 0.821368 0.808534 0.7957 0.782866 0.770032 0.757198 0.744364 0.731531 0.718697 0.705863 0.693029 0.680195 0.667361 0.654527 0.641693 0.62886 0.616026 0.603192 0.590358 0.577524 0.56469 0.551856 0.539023 0.526189 0.511372 0.494023 
1 1 0.999998 1.0001 1.0003 0.994193 0.971186 0.958237 0.945288 0.932338 0.919389 0.90644 0.893491 0.880542 0.867593 0.854644 0.841694 0.828745 0.815796 0.802847 0.789898 0.776949 0.764 0.75105 0.738101 0.725152 0.712203 0.699254 0.686305 0.673356 0.660406 0.647457 0.634508 0.621559 0.60861 0.595661 0.582712 0.569762 0.556813 0.543864 0.530915 0.517035 0.488628 
1 1 0.999999 0.999993 1.0002 1.00058 0.989272 0.96692 0.953853 0.940787 0.92772 0.914654 0.901588 0.888521 0.875455 0.862388 0.849322 0.836255 0.823189 0.810122 0.797056 0.783989 0.770923 0.757856 0.74479 0.731723 0.718657 0.70559 0.692524 0.679457 0.666391 0.653324 0.640258 0.627191 0.614125 0.601058 0.587992 0.574925 0.561859 0.548792 0.535726 0.522228 0.482965 
1 1 1 0.999997 0.999983 1.00038 1.00104 0.982719 0.962573 0.949387 0.936201 0.923015 0.909829 0.896643 0.883457 0.870271 0.857085 0.8439 0.830714 0.817528 0.804342 0.791156 0.77797 0.764784 0.751598 0.738412 0.725226 0.71204 0.698854 0.685668 0.672482 0.659297 0.646111 0.632925 0.619739 0.606553 0.593367 0.580181 0.566995 0.553809 0.540623 0.527239 0.477772 
1 1 1 1 0.999992 0.999963 1.00072 1.00169 0.974432 0.958141 0.944833 0.931526 0.918218 0.904911 0.891603 0.878296 0.864988 0.851681 0.838373 0.825066 0.811758 0.798451 0.785143 0.771836 0.758528 0.745221 0.731913 0.718606 0.705298 0.691991 0.678683 0.665376 0.652068 0.638761 0.625453 0.612146 0.598838 0.585531 0.572223 0.558916 0.545608 0.532211 0.472761 
1 1 1 1 1 0.99998 0.999926 1.00127 0.998778 0.968058 0.95362 0.940189 0.926757 0.913326 0.899895 0.886464 0.873032 0.859601 0.84617 0.832738 0.819307 0.805876 0.792445 0.779013 0.765582 0.752151 0.73872 0.725288 0.711857 0.698426 0.684995 0.671563 0.658132 0.644701 0.631269 0.617838 0.604407 0.590976 0.577544 0.564113 0.550682 0.53721 0.467789 
1 1 1 1 1 1 0.999957 1.00033 1.00139 0.993175 0.962912 0.949017 0.935459 0.921902 0.908345 0.894787 0.88123 0.867673 0.854115 0.840558 0.827 0.813443 0.799886 0.786328 0.772771 0.759213 0.745656 0.732099 0.718541 0.704984 0.691427 0.677869 0.664312 0.650754 0.637197 0.62364 0.610082 0.596525 0.582968 0.56941 0.555853 0.542277 0.46279 
1 1 1 1 1 1 0.999988 0.999938 1.00078 1.00175 0.985414 0.958124 0.944325 0.930639 0.916953 0.903267 0.889581 0.875895 0.86221 0.848524 0.834838 0.821152 0.807466 0.79378 0.780094 0.766409 0.752723 0.739037 0.725351 0.711665 0.697979 0.684293 0.670607 0.656922 0.643236 0.62955 0.615864 0.602178 0.588492 0.574806 0.561121 0.547427 0.457723 
1 1 1 1 1 1 1 0.999969 0.999897 1.00137 1.00236 0.975656 0.953393 0.939539 0.925722 0.911905 0.898089 0.884272 0.870455 0.856638 0.842822 0.829005 0.815188 0.801371 0.787555 0.773738 0.759921 0.746104 0.732288 0.718471 0.704654 0.690837 0.677021 0.663204 0.649387 0.63557 0.621754 0.607937 0.59412 0.580303 0.566487 0.552667 0.452573 
1 1 1 1 1 1 1 1 0.999936 0.999994 1.00201 1.00164 0.965443 0.948617 0.934654 0.920704 0.906754 0.892804 0.878854 0.864904 0.850954 0.837004 0.823054 0.809104 0.795154 0.781204 0.767254 0.753304 0.739354 0.725403 0.711453 0.697503 0.683553 0.669603 0.655653 0.641703 0.627753 0.613803 0.599853 0.585903 0.571953 0.558001 0.447333 
1 1 1 1 1 1 1 1 0.999983 0.999933 1.00062 1.00203 0.995834 0.958826 0.943767 0.929677 0.915591 0.901505 0.887419 0.873333 0.859247 0.845161 0.831075 0.816989 0.802903 0.788817 0.774731 0.760645 0.746559 0.732473 0.718387 0.704301 0.690215 0.676129 0.662043 0.647957 0.633871 0.619785 0.605699 0.591613 0.577527 0.56344 0.441999 
1 1 1 1 1 1 1 1 1 0.999961 0.9999 1.00129 1.00231 0.986964 0.953379 0.938827 0.924601 0.910376 0.896151 0.881927 0.867702 0.853478 0.839253 0.825028 0.810804 0.796579 0.782354 0.76813 0.753905 0.739681 0.725456 0.711231 0.697007 0.682782 0.668557 0.654333 0.640108 0.625884 0.611659 0.597434 0.58321 0.568985 0.43656 
1 1 1 1 1 1 1 1 1 1 0.999928 0.999958 1.00195 1.00289 0.975692 0.948262 0.933786 0.91942 0.905054 0.890688 0.876322 0.861956 0.84759 0.833224 0.818858 0.804492 0.790127 0.775761 0.761395 0.747029 0.732663 0.718297 0.703931 0.689565 0.675199 0.660833 0.646467 0.632101 0.617735 0.603369 0.589003 0.574637 0.431015 
1 1 1 1 1 1 1 1 1 1 0.999981 0.999927 1.00024 1.00256 1.00367 0.962254 0.943186 0.928639 0.914129 0.899619 0.885109 0.870599 0.856089 0.841579 0.827069 0.812559 0.798049 0.783539 0.769029 0.754519 0.740009 0.725499 0.710989 0.696479 0.681969 0.667459 0.652949 0.638439 0.623929 0.609419 0.594909 0.580399 0.425363 
1 1 1 1 1 1 1 1 1 1 1 0.999957 0.999912 1.00066 1.00328 0.997016 0.954255 0.938049 0.92338 0.908723 0.894066 0.879409 0.864753 0.850096 0.835439 0.820782 0.806125 0.791469 0.776812 0.762155 0.747498 0.732841 0.718184 0.703528 0.688871 0.674214 0.659557 0.6449 0.630243 0.615587 0.60093 0.586273 0.419601 
1 1 1 1 1 1 1 1 1 1 1 1.00001 0.999928 0.999877 1.00171 1.00357 0.986558 0.948157 0.932827 0.918016 0.903209 0.888402 0.873596 0.858789 0.843982 0.829176 0.814369 0.799562 0.784756 0.769949 0.755142 0.740335 0.725529 0.710722 0.695915 0.681109 0.666302 0.651495 0.636688 0.621882 0.607075 0.592268 0.413727 
1 1 1 1 1 1 1 1 1 1 1 1 1 0.999895 0.999789 1.00291 1.00419 0.973289 0.942634 0.927498 0.912537 0.897578 0.882618 0.867659 0.852699 0.837739 0.82278 0.80782 0.79286 0.777901 0.762941 0.747981 0.733022 0.718062 0.703103 0.688143 0.673183 0.658224 0.643264 0.628304 0.613345 0.598385 0.407732 
1 1 1 1 1 1 1 1 1 1 1 1 1 1 0.999826 1.00029 1.00374 1.0049 0.95774 0.937228 0.922054 0.906938 0.891822 0.876706 0.861591 0.846475 0.83136 0.816244 0.801128 0.786013 0.770897 0.755781 0.740666 0.72555 0.710435 0.695319 0.680203 0.665088 0.649972 0.634856 0.619741 0.604625 0.401615 
1 1 1 1 1 1 1 1 1 1 1 1 1 1 0.999949 0.999805 1.00108 1.0045 0.996786 0.948893 0.931781 0.916487 0.901212 0.885938 0.870663 0.855388 0.840113 0.824838 0.809564 0.794289 0.779014 0.763739 0.748465 0.73319 0.717915 0.70264 0.687365 0.672091 0.656816 0.641541 0.626266 0.610991 0.395375 
1 1 1 1 1 1 1 1 1 1 1 1 1 1 1.00001 0.999887 0.999746 1.00256 1.00484 0.98432 0.942308 0.926249 0.910805 0.895368 0.879931 0.864493 0.849056 0.833618 0.818181 0.802744 0.787306 0.771869 0.756432 0.740994 0.725557 0.710119 0.694682 0.679245 0.663807 0.64837 0.632932 0.617495 0.389009 
1 1 1 1 1 1 1 1 1 1 1 1 1 1 1.00001 1.00001 0.999802 0.999802 1.00404 1.00553 0.968752 0.936414 0.920602 0.904997 0.889393 0.87379 0.858187 0.842583 0.82698 0.811376 0.795773 0.78017 0.764566 0.748963 0.733359 0.717756 0.702153 0.686549 0.670946 0.655343 0.639739 0.624136 0.382505 
1 1 1 1 1 1 1 1 1 1 1 1 1 1 1 1.00001 0.999948 0.999802 1.00056 1.00501 1.00484 0.952177 0.93067 0.914828 0.899054 0.883281 0.867508 0.851736 0.835963 0.82019 0.804417 0.788644 0.772871 0.757098 0.741325 0.725553 0.70978 0.694007 0.678234 0.662461 0.646688 0.630915 0.375864 
1 1 1 1 1 1 1 1 1 1 1 1 1 1 1 1 1.00001 0.999883 0.999768 1.00217 1.00502 0.995102 0.942794 0.924901 0.908931 0.892985 0.877039 0.861093 0.845147 0.8292 0.813254 0.797308 0.781362 0.765416 0.74947 0.733523 0.717577 0.701631 0.685685 0.669739 0.653793 0.637846 0.369085 
1 1 1 1 1 1 1 1 1 1 1 1 1 1 1 1 1.00001 1.00001 0.999808 0.999656 1.00387 1.00544 0.980514 0.935813 0.919034 0.902903 0.88678 0.870657 0.854533 0.83841 0.822287 0.806163 0.79004 0.773917 0.757794 0.74167 0.725547 0.709424 0.693301 0.677177 0.661054 0.644931 0.362154 
1 1 1 1 1 1 1 1 1 1 1 1 1 1 1 1 0.999999 1.00001 1 0.999709 1.00038 1.00489 1.0062 0.962621 0.929565 0.913041 0.896734 0.88043 0.864126 0.847821 0.831517 0.815213 0.798909 0.782604 0.7663 0.749996 0.733692 0.717387 0.701083 0.684779 0.668475 0.65217 0.355069 
1 1 1 1 1 1 1 1 1 1 1 1 1 1 1 1 1 1 1.00001 0.999911 0.99968 1.00152 1.00574 1.00344 0.945667 0.923468 0.906906 0.890416 0.873927 0.857438 0.840949 0.82446 0.80797 0.791481 0.774992 0.758503 0.742014 0.725524 0.709035 0.692546 0.676057 0.659568 0.34783 
1 1 1 1 1 1 1 1 1 1 1 1 1 1 1 1 1 1 1.00001 1.00002 0.999806 0.999597 1.00343 1.00585 0.991312 0.935944 0.917338 0.900635 0.883957 0.867278 0.8506 0.833921 0.817243 0.800565 0.783886 0.767208 0.750529 0.733851 0.717172 0.700494 0.683816 0.667137 0.340432 
1 1 1 1 1 1 1 1 1 1 1 1 1 1 1 1 1 1 0.999999 1.00001 1.00002 0.999669 0.999914 1.005 1.00641 0.974108 0.928614 0.911097 0.894217 0.877345 0.860473 0.843601 0.826729 0.809857 0.792985 0.776113 0.759241 0.742369 0.725497 0.708625 0.691753 0.674881 0.332863 
1 1 1 1 1 1 1 1 1 1 1 1 1 1 1 1 1 1 0.999999 0.999999 1.00002 0.999916 0.999659 1.00105 1.00592 1.00721 0.953495 0.921998 0.904713 0.887641 0.870571 0.853501 0.836431 0.819361 0.802291 0.785221 0.768151 0.751081 0.734011 0.716941 0.69987 0.6828 0.325119 
1 1 1 1 1 1 1 1 1 1 1 1 1 1 1 1 1 1 1 0.999999 1.00001 1.00002 0.999802 0.999599 1.00255 1.00676 1.00044 0.937687 0.915515 0.898172 0.880899 0.863626 0.846354 0.829081 0.811809 0.794536 0.777263 0.759991 0.742718 0.725446 0.708173 0.690901 0.3172 
1 1 1 1 1 1 1 1 1 1 1 1 1 1 1 1 1 1 1 1 0.999999 1.00001 1.00003 0.999669 0.999466 1.00485 1.00704 0.984964 0.928108 0.908981 0.891478 0.873998 0.856518 0.839038 0.821558 0.804078 0.786598 0.769118 0.751638 0.734158 0.716678 0.699198 0.309099 
1 1 1 1 1 1 1 1 1 1 1 1 1 1 1 1 1 1 1 1 0.999999 0.999998 1.00002 0.999988 0.999537 1.00034 1.00628 1.00777 0.964533 0.920558 0.902317 0.884617 0.866925 0.849233 0.83154 0.813848 0.796156 0.778463 0.760771 0.743079 0.725386 0.707694 0.300802 
1 1 1 1 1 1 1 1 1 1 1 1 1 1 1 1 1 1 1 1 1 0.999999 1.00001 1.00002 0.999839 0.999503 1.00189 1.00725 1.00847 0.940831 0.913582 0.895491 0.877579 0.859669 0.841759 0.823849 0.80594 0.78803 0.77012 0.75221 0.734301 0.716391 0.292306 
1 1 1 1 1 1 1 1 1 1 1 1 1 1 1 1 1 1 1 1 1 1 0.999999 1.00001 1.00003 0.999672 0.999402 1.00392 1.00804 0.995422 0.927994 0.906681 0.888489 0.870356 0.852224 0.834091 0.815959 0.797826 0.779694 0.761562 0.743429 0.725297 0.283609 
1 1 1 1 1 1 1 1 1 1 1 1 1 1 1 1 1 1 1 1 1 1 0.999999 0.999998 1.00002 1.00002 0.999495 0.999338 1.0066 1.00855 0.975505 0.919128 0.899695 0.881315 0.862954 0.844594 0.826233 0.807872 0.789511 0.771151 0.75279 0.734429 0.274703 
1 1 1 1 1 1 1 1 1 1 1 1 1 1 1 1 1 1 1 1 1 1 1 0.999998 1.00001 1.00002 0.999907 0.999392 1.00086 1.00787 1.00935 0.951271 0.911505 0.892552 0.873952 0.855357 0.836762 0.818167 0.799573 0.780978 0.762383 0.743788 0.265571 
1 1 1 1 1 1 1 1 1 1 1 1 1 1 1 1 1 1 1 1 1 1 1 1 0.999998 1.00001 1.00003 0.999709 0.999332 1.00298 1.00883 1.00373 0.93017 0.904176 0.885224 0.866387 0.847553 0.828718 0.809884 0.791049 0.772215 0.75338 0.256212 
1 1 1 1 1 1 1 1 1 1 1 1 1 1 1 1 1 1 1 1 1 1 1 1 0.999999 0.999998 1.00002 1.00004 0.999483 0.999176 1.00602 1.00906 0.986086 0.918303 0.89683 0.877711 0.858629 0.839549 0.820468 0.801387 0.782307 0.763226 0.24662 
1 1 1 1 1 1 1 1 1 1 1 1 1 1 1 1 1 1 1 1 1 1 1 1 1 0.999998 0.999999 1.00004 0.999977 0.999282 1.0002 1.008 1.0098 0.962064 0.909465 0.88934 0.869995 0.850661 0.831328 0.811995 0.792662 0.773328 0.236774 
1 1 1 1 1 1 1 1 1 1 1 1 1 1 1 1 1 1 1 1 1 1 1 1 1 1 0.999998 1.00001 1.00004 0.999743 0.999246 1.00225 1.00917 1.01041 0.934173 0.90151 0.881658 0.862062 0.842469 0.822877 0.803285 0.783693 0.226672 
1 1 1 1 1 1 1 1 1 1 1 1 1 1 1 1 1 1 1 1 1 1 1 1 1 1 0.999999 0.999998 1.00002 1.00005 0.999488 0.999123 1.00496 1.00998 0.996002 0.917967 0.893707 0.873764 0.853905 0.834046 0.814188 0.79433 0.216307 
1 1 1 1 1 1 1 1 1 1 1 1 1 1 1 1 1 1 1 1 1 1 1 1 1 1 1 0.999998 0.999997 1.00004 1 0.99925 0.999159 1.00822 1.01052 0.972587 0.907413 0.885816 0.865658 0.845526 0.825394 0.805263 0.20567 
1 1 1 1 1 1 1 1 1 1 1 1 1 1 1 1 1 1 1 1 1 1 1 1 1 1 1 1 0.999997 1.00001 1.00004 0.99979 0.999191 1.00112 1.00972 1.0113 0.943944 0.898632 0.877738 0.857317 0.836905 0.816492 0.194737 
1 1 1 1 1 1 1 1 1 1 1 1 1 1 1 1 1 1 1 1 1 1 1 1 1 1 1 1 0.999999 0.999997 1.00002 1.00005 0.999518 0.999116 1.00385 1.01074 1.00415 0.919363 0.89029 0.869433 0.848729 0.828028 0.183508 
1 1 1 1 1 1 1 1 1 1 1 1 1 1 1 1 1 1 1 1 1 1 1 1 1 1 1 1 1 0.999998 0.999996 1.00004 1.00003 0.999255 0.998919 1.00758 1.01104 0.982726 0.905719 0.881946 0.860898 0.8399 0.171972 
1 1 1 1 1 1 1 1 1 1 1 1 1 1 1 1 1 1 1 1 1 1 1 1 1 1 1 1 1 1 0.999997 1.00001 1.00004 0.9999 0.999035 1.00036 1.00983 1.01183 0.953903 0.895641 0.873429 0.85211 0.1601 
1 1 1 1 1 1 1 1 1 1 1 1 1 1 1 1 1 1 1 1 1 1 1 1 1 1 1 1 1 1 0.999999 0.999996 1.00002 1.00005 0.999584 0.998985 1.003 1.01113 1.01212 0.92093 0.886584 0.864678 0.14789 
1 1 1 1 1 1 1 1 1 1 1 1 1 1 1 1 1 1 1 1 1 1 1 1 1 1 1 1 1 1 1 0.999998 0.999997 1.00004 1.00007 0.999238 0.998826 1.00652 1.01177 0.992721 0.903891 0.877778 0.135322 
1 1 1 1 1 1 1 1 1 1 1 1 1 1 1 1 1 1 1 1 1 1 1 1 1 1 1 1 1 1 1 1 0.999997 1 1.00006 0.999953 0.998969 0.999351 1.00994 1.01244 0.963767 0.893636 0.122222 
1 1 1 1 1 1 1 1 1 1 1 1 1 1 1 1 1 1 1 1 1 1 1 1 1 1 1 1 1 1 1 1 0.999999 0.999997 1.00002 1.00006 0.999613 0.998955 1.00184 1.01157 1.01303 0.943896 0.106364 
1 1 1 1 1 1 1 1 1 1 1 1 1 1 1 1 1 1 1 1 1 1 1 1 1 1 1 1 1 1 1 1 1 0.999998 0.999996 1.00004 1.00008 0.999255 0.998846 1.00529 1.01252 1.01277 0.0561045 
1 1 1 1 1 1 1 1 1 1 1 1 1 1 1 1 1 1 1 1 1 1 1 1 1 1 1 1 1 1 1 1 1 1 0.999997 0.999997 1.00006 0.999964 0.998987 0.998585 1.00963 1.01268 -0.0127736 
1 1 1 1 1 1 1 1 1 1 1 1 1 1 1 1 1 1 1 1 1 1 1 1 1 1 1 1 1 1 1 1 1 1 0.999999 0.999997 1.00002 1.00007 0.999766 0.998724 1.0009 1.01162 -0.0126845 
1 1 1 1 1 1 1 1 1 1 1 1 1 1 1 1 1 1 1 1 1 1 1 1 1 1 1 1 1 1 1 1 1 1 1 0.999998 0.999996 1.00004 1.00008 0.99934 0.998641 1.0049 -0.0116154 
1 1 1 1 1 1 1 1 1 1 1 1 1 1 1 1 1 1 1 1 1 1 1 1 1 1 1 1 1 1 1 1 1 1 1 1 0.999997 0.999996 1.00007 1.0001 0.998884 1.00053 -0.00490392 
1 1 1 1 1 1 1 1 1 1 1 1 1 1 1 1 1 1 1 1 1 1 1 1 1 1 1 1 1 1 1 1 1 1 1 1 0.999999 0.999996 1.00001 1.00009 0.999733 0.99938 -0.000533267 
1 1 1 1 1 1 1 1 1 1 1 1 1 1 1 1 1 1 1 1 1 1 1 1 1 1 1 1 1 1 1 1 1 1 1 1 1 0.999998 0.999996 1.00003 1.0001 0.999627 0.000620335 
1 1 1 1 1 1 1 1 1 1 1 1 1 1 1 1 1 1 1 1 1 1 1 1 1 1 1 1 1 1 1 1 1 1 1 1 1 1 0.999997 0.999994 1.00007 1.00013 0.000373192 
1 1 1 1 1 1 1 1 1 1 1 1 1 1 1 1 1 1 1 1 1 1 1 1 1 1 1 1 1 1 1 1 1 1 1 1 1 1 1 0.999995 0.999995 1.00011 -0.000127921 
1 1 1 1 1 1 1 1 1 1 1 1 1 1 1 1 1 1 1 1 1 1 1 1 1 1 1 1 1 1 1 1 1 1 1 1 1 1 1 0.999999 0.999995 1.00003 -0.000106876 
1 1 1 1 1 1 1 1 1 1 1 1 1 1 1 1 1 1 1 1 1 1 1 1 1 1 1 1 1 1 1 1 1 1 1 1 1 1 1 1 0.999997 1.00001 -2.87209e-05 
1 1 1 1 1 1 1 1 1 1 1 1 1 1 1 1 1 1 1 1 1 1 1 1 1 1 1 1 1 1 1 1 1 1 1 1 1 1 1 1 0.999999 0.999999 -5.12896e-06 
1 1 1 1 1 1 1 1 1 1 1 1 1 1 1 1 1 1 1 1 1 1 1 1 1 1 1 1 1 1 1 1 1 1 1 1 1 1 1 1 1 0.999999 5.77143e-07 
1 1 1 1 1 1 1 1 1 1 1 1 1 1 1 1 1 1 1 1 1 1 1 1 1 1 1 1 1 1 1 1 1 1 1 1 1 1 1 1 1 1 6.40642e-07 
1 1 1 1 1 1 1 1 1 1 1 1 1 1 1 1 1 1 1 1 1 1 1 1 1 1 1 1 1 1 1 1 1 1 1 1 1 1 1 1 1 1 7.76864e-09 
1 1 1 1 1 1 1 1 1 1 1 1 1 1 1 1 1 1 1 1 1 1 1 1 1 1 1 1 1 1 1 1 1 1 1 1 1 1 1 1 1 1 -6.54562e-08 
