No, norm, delta_time
1, 0.0191793, 0.0025
2, 0.0189306, 0.0025
3, 0.0187693, 0.0025
4, 0.0186871, 0.0025
5, 0.0186595, 0.0025
6, 0.018661, 0.0025
7, 0.0186744, 0.0025
8, 0.0186914, 0.0025
9, 0.0187105, 0.0025
10, 0.0187328, 0.0025
11, 0.0187596, 0.0025
12, 0.0187908, 0.0025
13, 0.0188253, 0.0025
14, 0.0188615, 0.0025
15, 0.0188985, 0.0025
16, 0.0189361, 0.0025
17, 0.0189745, 0.0025
18, 0.0190143, 0.0025
19, 0.0190558, 0.0025
20, 0.0190988, 0.0025
21, 0.0191431, 0.0025
22, 0.0191881, 0.0025
23, 0.0192335, 0.0025
24, 0.0192793, 0.0025
25, 0.0193257, 0.0025
26, 0.0193729, 0.0025
27, 0.0194212, 0.0025
28, 0.0194706, 0.0025
29, 0.0195208, 0.0025
30, 0.0195718, 0.0025
31, 0.0196231, 0.0025
32, 0.0196749, 0.0025
33, 0.019727, 0.0025
34, 0.0197798, 0.0025
35, 0.0198334, 0.0025
36, 0.019888, 0.0025
37, 0.0199434, 0.0025
38, 0.0199996, 0.0025
39, 0.0200563, 0.0025
40, 0.0201134, 0.0025
41, 0.0201709, 0.0025
42, 0.0202289, 0.0025
43, 0.0202876, 0.0025
44, 0.0203471, 0.0025
45, 0.0204076, 0.0025
46, 0.0204688, 0.0025
47, 0.0205309, 0.0025
48, 0.0205935, 0.0025
49, 0.0206566, 0.0025
50, 0.0207201, 0.0025
51, 0.0207841, 0.0025
52, 0.0208488, 0.0025
53, 0.0209144, 0.0025
54, 0.020981, 0.0025
55, 0.0210485, 0.0025
56, 0.0211168, 0.0025
57, 0.0211859, 0.0025
58, 0.0212554, 0.0025
59, 0.0213254, 0.0025
60, 0.021396, 0.0025
61, 0.0214673, 0.0025
62, 0.0215395, 0.0025
63, 0.0216127, 0.0025
64, 0.0216871, 0.0025
65, 0.0217624, 0.0025
66, 0.0218386, 0.0025
67, 0.0219155, 0.0025
68, 0.0219929, 0.0025
69, 0.0220708, 0.0025
70, 0.0221495, 0.0025
71, 0.022229, 0.0025
72, 0.0223097, 0.0025
73, 0.0223917, 0.0025
74, 0.0224749, 0.0025
75, 0.0225592, 0.0025
76, 0.0226445, 0.0025
77, 0.0227304, 0.0025
78, 0.0228169, 0.0025
79, 0.0229041, 0.0025
80, 0.0229921, 0.0025
81, 0.0230813, 0.0025
82, 0.0231718, 0.0025
83, 0.0232639, 0.0025
84, 0.0233575, 0.0025
85, 0.0234524, 0.0025
86, 0.0235484, 0.0025
87, 0.0236451, 0.0025
88, 0.0237424, 0.0025
89, 0.0238405, 0.0025
90, 0.0239395, 0.0025
91, 0.0240399, 0.0025
92, 0.024142, 0.0025
93, 0.0242461, 0.0025
94, 0.024352, 0.0025
95, 0.0244596, 0.0025
96, 0.0245685, 0.0025
97, 0.0246783, 0.0025
98, 0.0247887, 0.0025
99, 0.0248998, 0.0025
100, 0.0250119, 0.0025
101, 0.0251257, 0.0025
102, 0.0252415, 0.0025
103, 0.0253598, 0.0025
104, 0.0254806, 0.0025
105, 0.0256036, 0.0025
106, 0.0257284, 0.0025
107, 0.0258543, 0.0025
108, 0.0259808, 0.0025
109, 0.026108, 0.0025
110, 0.026236, 0.0025
111, 0.0263657, 0.0025
112, 0.0264978, 0.0025
113, 0.0266331, 0.0025
114, 0.0267717, 0.0025
115, 0.0269137, 0.0025
116, 0.0270583, 0.0025
117, 0.0272045, 0.0025
118, 0.0273517, 0.0025
119, 0.0274992, 0.0025
120, 0.0276471, 0.0025
121, 0.0277963, 0.0025
122, 0.0279478, 0.0025
123, 0.028103, 0.0025
124, 0.0282628, 0.0025
125, 0.0284276, 0.0025
126, 0.0285968, 0.0025
127, 0.0287693, 0.0025
128, 0.0289434, 0.0025
129, 0.0291179, 0.0025
130, 0.0292921, 0.0025
131, 0.0294661, 0.0025
132, 0.0296414, 0.0025
133, 0.0298198, 0.0025
134, 0.0300037, 0.0025
135, 0.0301945, 0.0025
136, 0.0303929, 0.0025
137, 0.030598, 0.0025
138, 0.0308078, 0.0025
139, 0.0310195, 0.0025
140, 0.0312307, 0.0025
141, 0.0314397, 0.0025
142, 0.0316465, 0.0025
143, 0.0318532, 0.0025
144, 0.032063, 0.0025
145, 0.0322799, 0.0025
146, 0.0325075, 0.0025
147, 0.0327475, 0.0025
148, 0.0329995, 0.0025
149, 0.0332605, 0.0025
150, 0.0335256, 0.0025
151, 0.0337892, 0.0025
152, 0.0340469, 0.0025
153, 0.0342963, 0.0025
154, 0.0345387, 0.0025
155, 0.0347788, 0.0025
156, 0.0350241, 0.0025
157, 0.035283, 0.0025
158, 0.0355625, 0.0025
159, 0.0358662, 0.0025
160, 0.0361925, 0.0025
161, 0.0365349, 0.0025
162, 0.0368822, 0.0025
163, 0.0372214, 0.0025
164, 0.0375403, 0.0025
165, 0.0378312, 0.0025
166, 0.038093, 0.0025
167, 0.0383332, 0.0025
168, 0.0385673, 0.0025
169, 0.0388163, 0.0025
170, 0.0391022, 0.0025
171, 0.0394432, 0.0025
172, 0.039848, 0.0025
173, 0.040312, 0.0025
174, 0.0408154, 0.0025
175, 0.0413235, 0.0025
176, 0.0417892, 0.0025
177, 0.0421572, 0.0025
178, 0.0423697, 0.0025
179, 0.042372, 0.0025
180, 0.0421184, 0.0025
181, 0.0415776, 0.0025
182, 0.0407361, 0.0025
183, 0.0395994, 0.0025
184, 0.0381904, 0.0025
185, 0.0365462, 0.0025
186, 0.0347137, 0.0025
187, 0.0327438, 0.0025
188, 0.0306876, 0.0025
189, 0.0285926, 0.0025
190, 0.0265004, 0.0025
191, 0.0244458, 0.0025
192, 0.0224563, 0.0025
193, 0.0205527, 0.0025
194, 0.0187495, 0.0025
195, 0.017056, 0.0025
196, 0.0154768, 0.0025
197, 0.0140136, 0.0025
198, 0.0126648, 0.0025
199, 0.0114273, 0.0025
200, 0.0102963, 0.0025
201, 0.00926605, 0.0025
202, 0.00833034, 0.0025
203, 0.00748258, 0.0025
204, 0.00671615, 0.0025
205, 0.00602451, 0.0025
206, 0.00540135, 0.0025
207, 0.00484064, 0.0025
208, 0.00433669, 0.0025
209, 0.0038842, 0.0025
210, 0.00347823, 0.0025
211, 0.00311425, 0.0025
212, 0.00278811, 0.0025
213, 0.00249599, 0.0025
214, 0.00223445, 0.0025
215, 0.00200035, 0.0025
216, 0.00179086, 0.0025
217, 0.00160342, 0.0025
218, 0.00143572, 0.0025
219, 0.0012857, 0.0025
220, 0.00115148, 0.0025
221, 0.00103142, 0.0025
222, 0.000923998, 0.0025
223, 0.000827886, 0.0025
224, 0.000741883, 0.0025
225, 0.000664916, 0.0025
226, 0.000596027, 0.0025
227, 0.000534359, 0.0025
228, 0.000479146, 0.0025
229, 0.000429704, 0.0025
230, 0.000385423, 0.0025
231, 0.000345757, 0.0025
232, 0.000310219, 0.0025
233, 0.000278373, 0.0025
234, 0.00024983, 0.0025
235, 0.000224243, 0.0025
236, 0.000201303, 0.0025
237, 0.000180731, 0.0025
238, 0.00016228, 0.0025
239, 0.000145728, 0.0025
240, 0.000130879, 0.0025
241, 0.000117553, 0.0025
242, 0.000105594, 0.0025
243, 9.48589e-05, 0.0025
244, 8.52218e-05, 0.0025
245, 7.65691e-05, 0.0025
246, 6.87993e-05, 0.0025
247, 6.18213e-05, 0.0025
248, 5.55538e-05, 0.0025
249, 4.99239e-05, 0.0025
250, 4.48661e-05, 0.0025
251, 4.0322e-05, 0.0025
252, 3.62389e-05, 0.0025
253, 3.25699e-05, 0.0025
254, 2.92728e-05, 0.0025
255, 2.63095e-05, 0.0025
256, 2.36463e-05, 0.0025
257, 2.12525e-05, 0.0025
258, 1.91009e-05, 0.0025
259, 1.71668e-05, 0.0025
260, 1.54283e-05, 0.0025
261, 1.38654e-05, 0.0025
262, 1.24605e-05, 0.0025
263, 1.11976e-05, 0.0025
264, 1.00623e-05, 0.0025
265, 9.04164e-06, 0.0025
266, 8.12416e-06, 0.0025
267, 7.2994e-06, 0.0025
268, 6.558e-06, 0.0025
269, 5.89155e-06, 0.0025
270, 5.29249e-06, 0.0025
271, 4.75403e-06, 0.0025
272, 4.27006e-06, 0.0025
273, 3.83507e-06, 0.0025
274, 3.44414e-06, 0.0025
275, 3.0928e-06, 0.0025
276, 2.77708e-06, 0.0025
277, 2.49338e-06, 0.0025
278, 2.23847e-06, 0.0025
279, 2.00943e-06, 0.0025
280, 1.80367e-06, 0.0025
281, 1.61882e-06, 0.0025
282, 1.45278e-06, 0.0025
283, 1.30363e-06, 0.0025
284, 1.16969e-06, 0.0025
285, 1.04939e-06, 0.0025
286, 9.41374e-07, 0.0025
287, 8.44384e-07, 0.0025
288, 7.57306e-07, 0.0025
289, 6.79134e-07, 0.0025
290, 6.08964e-07, 0.0025
291, 5.45983e-07, 0.0025
292, 4.8946e-07, 0.0025
293, 4.38739e-07, 0.0025
294, 3.93229e-07, 0.0025
295, 3.52399e-07, 0.0025
296, 3.15771e-07, 0.0025
297, 2.82916e-07, 0.0025
298, 2.5345e-07, 0.0025
299, 2.27026e-07, 0.0025
300, 2.03332e-07, 0.0025
301, 1.82089e-07, 0.0025
302, 1.63045e-07, 0.0025
303, 1.45975e-07, 0.0025
304, 1.30677e-07, 0.0025
305, 1.16967e-07, 0.0025
306, 1.04682e-07, 0.0025
307, 9.36762e-08, 0.0025
308, 8.38169e-08, 0.0025
309, 7.4986e-08, 0.0025
310, 6.7077e-08, 0.0025
311, 5.99947e-08, 0.0025
312, 5.36534e-08, 0.0025
313, 4.79763e-08, 0.0025
314, 4.28945e-08, 0.0025
315, 3.83461e-08, 0.0025
316, 3.42757e-08, 0.0025
317, 3.06335e-08, 0.0025
318, 2.73749e-08, 0.0025
319, 2.44598e-08, 0.0025
320, 2.18523e-08, 0.0025
321, 1.95204e-08, 0.0025
322, 1.74351e-08, 0.0025
