1 1 0.9875 0.975 0.9625 0.95 0.9375 0.925 0.9125 0.9 0.8875 0.875 0.8625 0.85 0.8375 0.825 0.8125 0.8 0.7875 0.775 0.7625 0.75 0.7375 0.725 0.7125 0.7 0.6875 0.675 0.6625 0.65 0.6375 0.625 0.6125 0.6 0.5875 0.575 0.5625 0.55 0.5375 0.525 0.5125 0.5 0.5 
1 1 0.99493 0.979875 0.967313 0.95475 0.942188 0.929625 0.917063 0.9045 0.891938 0.879375 0.866813 0.85425 0.841688 0.829125 0.816563 0.804 0.791438 0.778875 0.766313 0.75375 0.741188 0.728625 0.716063 0.7035 0.690938 0.678375 0.665813 0.65325 0.640688 0.628125 0.615563 0.603 0.590438 0.577875 0.565313 0.55275 0.540188 0.527625 0.515063 0.501258 0.5 
1 1 0.997563 0.988103 0.971736 0.959548 0.946922 0.934296 0.921671 0.909045 0.896419 0.883794 0.871168 0.858543 0.845917 0.833291 0.820666 0.80804 0.795414 0.782789 0.770163 0.757538 0.744912 0.732286 0.719661 0.707035 0.694409 0.681784 0.669158 0.656533 0.643907 0.631281 0.618656 0.60603 0.593404 0.580779 0.568153 0.555528 0.542902 0.530276 0.517645 0.50327 0.498742 
1 1 0.998771 0.993241 0.97957 0.96355 0.951789 0.939015 0.926325 0.913636 0.900947 0.888257 0.875568 0.862878 0.850189 0.8375 0.82481 0.812121 0.799432 0.786742 0.774053 0.761363 0.748674 0.735985 0.723295 0.710606 0.697916 0.685227 0.672538 0.659848 0.647159 0.634469 0.62178 0.609091 0.596401 0.583712 0.571023 0.558333 0.545644 0.532954 0.52025 0.506001 0.49673 
1 1 0.999366 0.996103 0.986837 0.970073 0.955585 0.944012 0.931011 0.918273 0.90552 0.892766 0.880012 0.867258 0.854504 0.841751 0.828997 0.816243 0.803489 0.790735 0.777982 0.765228 0.752474 0.73972 0.726966 0.714213 0.701459 0.688705 0.675951 0.663197 0.650444 0.63769 0.624936 0.612182 0.599428 0.586675 0.573921 0.561167 0.548413 0.535659 0.522887 0.509032 0.493999 
1 1 0.999667 0.997765 0.991651 0.978293 0.960651 0.947882 0.936135 0.922904 0.910142 0.89732 0.884501 0.871683 0.858864 0.846045 0.833226 0.820407 0.807588 0.794769 0.781951 0.769132 0.756313 0.743494 0.730675 0.717856 0.705037 0.692219 0.6794 0.666581 0.653762 0.640943 0.628124 0.615305 0.602486 0.589668 0.576849 0.56403 0.551211 0.538392 0.525556 0.511922 0.490968 
1 1 0.999823 0.998718 0.994785 0.985146 0.968191 0.951955 0.940334 0.928078 0.914704 0.901933 0.889036 0.876152 0.863268 0.850383 0.837498 0.824614 0.811729 0.798845 0.78596 0.773075 0.760191 0.747306 0.734422 0.721537 0.708652 0.695768 0.682883 0.669999 0.657114 0.64423 0.631345 0.61846 0.605576 0.592691 0.579807 0.566922 0.554037 0.541153 0.528254 0.514608 0.488078 
1 1 0.999905 0.999263 0.996785 0.990045 0.976452 0.957838 0.943993 0.932741 0.919809 0.906433 0.893645 0.880665 0.867717 0.854766 0.841815 0.828864 0.815913 0.802962 0.790011 0.77706 0.764109 0.751158 0.738207 0.725256 0.712305 0.699354 0.686403 0.673452 0.660501 0.64755 0.634599 0.621648 0.608697 0.595746 0.582795 0.569844 0.556893 0.543942 0.530979 0.517174 0.485392 
1 1 0.999948 0.999576 0.998032 0.993464 0.983257 0.965918 0.94841 0.936488 0.924897 0.911363 0.898113 0.885272 0.872206 0.859194 0.846176 0.833158 0.820139 0.807121 0.794103 0.781085 0.768067 0.755049 0.742031 0.729013 0.715995 0.702977 0.689959 0.676941 0.663922 0.650904 0.637886 0.624868 0.61185 0.598832 0.585814 0.572796 0.559778 0.54676 0.533731 0.519686 0.482826 
1 1 0.999972 0.999756 0.998802 0.995773 0.988367 0.974261 0.954856 0.94013 0.929099 0.916679 0.902821 0.889747 0.876804 0.863656 0.850583 0.837496 0.82441 0.811324 0.798238 0.785153 0.772067 0.758981 0.745895 0.732809 0.719723 0.706637 0.693551 0.680466 0.66738 0.654294 0.641208 0.628122 0.615036 0.60195 0.588864 0.575779 0.562693 0.549607 0.53651 0.522186 0.480314 
1 1 0.999985 0.99986 0.999274 0.997295 0.992086 0.9812 0.963289 0.944807 0.932605 0.92149 0.908096 0.894264 0.88132 0.868234 0.855018 0.841883 0.828725 0.815571 0.802417 0.789262 0.776108 0.762954 0.749799 0.736645 0.72349 0.710336 0.697182 0.684027 0.670873 0.657719 0.644564 0.63141 0.618255 0.605101 0.591947 0.578792 0.565638 0.552484 0.539316 0.524699 0.477814 
1 1 0.999991 0.999919 0.999562 0.998284 0.9947 0.986584 0.971796 0.951624 0.936248 0.925361 0.913412 0.899287 0.88573 0.872804 0.859561 0.846293 0.83309 0.819862 0.806639 0.793415 0.780192 0.766968 0.753744 0.740521 0.727297 0.714074 0.70085 0.687626 0.674403 0.661179 0.647956 0.634732 0.621509 0.608285 0.595061 0.581838 0.568614 0.555391 0.54215 0.527237 0.475301 
1 1 0.999995 0.999953 0.999736 0.998919 0.996494 0.990623 0.978971 0.960336 0.941076 0.92871 0.917952 0.904791 0.890431 0.877208 0.86417 0.850788 0.837479 0.824204 0.810904 0.797612 0.784318 0.771025 0.757731 0.744438 0.731144 0.717851 0.704557 0.691264 0.67797 0.664677 0.651383 0.63809 0.624796 0.611502 0.598209 0.584915 0.571622 0.558328 0.545014 0.529808 0.472763 
1 1 0.999997 0.999973 0.999841 0.999323 0.997704 0.993549 0.984672 0.969078 0.948121 0.932321 0.921588 0.910022 0.895761 0.881655 0.868644 0.855402 0.841925 0.828575 0.815223 0.801852 0.788489 0.775125 0.76176 0.748396 0.735032 0.721668 0.708304 0.694939 0.681575 0.668211 0.654847 0.641482 0.628118 0.614754 0.60139 0.588026 0.574661 0.561297 0.547906 0.532416 0.470192 
1 1 0.999999 0.999984 0.999905 0.999578 0.998509 0.995618 0.989051 0.976555 0.957073 0.937191 0.924806 0.914345 0.901403 0.886594 0.872981 0.859973 0.846504 0.832979 0.819577 0.806143 0.792702 0.779269 0.765833 0.752397 0.738961 0.725526 0.71209 0.698654 0.685219 0.671783 0.658347 0.644912 0.631476 0.61804 0.604605 0.591169 0.577733 0.564298 0.550829 0.535063 0.467584 
1 1 0.999999 0.999991 0.999943 0.999738 0.999038 0.997056 0.992302 0.982611 0.966105 0.944343 0.92834 0.917807 0.906542 0.892192 0.877531 0.864344 0.851144 0.837494 0.82395 0.81048 0.796965 0.783455 0.769949 0.75644 0.742933 0.729425 0.715917 0.702409 0.688901 0.675393 0.661885 0.648378 0.63487 0.621362 0.607854 0.594346 0.580838 0.56733 0.553782 0.53775 0.464937 
1 1 1 0.999995 0.999966 0.999838 0.999383 0.99804 0.994658 0.987353 0.973937 0.953501 0.93315 0.920902 0.910707 0.897926 0.882719 0.868661 0.855639 0.842144 0.828397 0.814835 0.801281 0.787688 0.774108 0.760528 0.746947 0.733366 0.719785 0.706204 0.692623 0.679043 0.665462 0.651881 0.6383 0.624719 0.611138 0.597557 0.583977 0.570396 0.556767 0.540478 0.46225 
1 1 1 0.999997 0.99998 0.9999 0.999607 0.998706 0.996335 0.990946 0.98038 0.962865 0.940293 0.924315 0.914036 0.902997 0.888546 0.873345 0.859923 0.846771 0.832994 0.819225 0.805624 0.791977 0.778311 0.764659 0.751005 0.73735 0.723695 0.710041 0.696386 0.682731 0.669077 0.655422 0.641767 0.628113 0.614458 0.600804 0.587149 0.573494 0.559784 0.543247 0.459522 
1 1 1 0.999998 0.999988 0.999938 0.99975 0.999151 0.997509 0.993603 0.985511 0.971096 0.949613 0.92897 0.917007 0.907057 0.89436 0.878771 0.864251 0.851178 0.837692 0.823736 0.809979 0.796308 0.782569 0.768832 0.755107 0.741377 0.727648 0.713919 0.70019 0.68646 0.672731 0.659002 0.645273 0.631544 0.617814 0.604085 0.590356 0.576627 0.562834 0.546057 0.456753 
1 1 1 0.999999 0.999993 0.999962 0.999842 0.999446 0.998322 0.995532 0.989466 0.977959 0.959338 0.935983 0.920262 0.910284 0.899403 0.884804 0.869077 0.855394 0.84228 0.828414 0.814404 0.800649 0.78688 0.773056 0.759251 0.745449 0.731644 0.717839 0.704035 0.69023 0.676426 0.662621 0.648816 0.635012 0.621207 0.607403 0.593598 0.579793 0.565917 0.548908 0.453943 
1 1 1 0.999999 0.999996 0.999977 0.999901 0.999641 0.998877 0.99691 0.992442 0.983505 0.968012 0.945397 0.92468 0.913134 0.903407 0.890709 0.874723 0.859748 0.8466 0.833138 0.818991 0.805013 0.791216 0.777339 0.763441 0.749564 0.735685 0.721803 0.707922 0.694042 0.680161 0.66628 0.652399 0.638518 0.624637 0.610757 0.596876 0.582995 0.569035 0.5518 0.451092 
1 1 1 1 0.999997 0.999986 0.999938 0.999768 0.999254 0.997882 0.99464 0.987847 0.975327 0.955499 0.931437 0.916206 0.906562 0.895769 0.88095 0.864707 0.850761 0.837675 0.823741 0.809487 0.795554 0.781667 0.767689 0.753722 0.73977 0.725811 0.711853 0.697895 0.683937 0.669979 0.656021 0.642063 0.628106 0.614148 0.60019 0.586232 0.572187 0.554733 0.4482 
1 1 1 1 0.999998 0.999991 0.999961 0.999851 0.999507 0.998559 0.996236 0.991163 0.981318 0.964657 0.940845 0.92032 0.909298 0.899761 0.886969 0.870553 0.855141 0.841915 0.828477 0.814154 0.799937 0.786001 0.771995 0.757931 0.743896 0.729865 0.715827 0.701791 0.687756 0.67372 0.659684 0.645648 0.631612 0.617577 0.603541 0.589505 0.575375 0.557707 0.445267 
1 1 1 1 0.999999 0.999995 0.999976 0.999905 0.999676 0.999026 0.99738 0.993647 0.986072 0.97246 0.951316 0.926691 0.912174 0.902874 0.892093 0.87697 0.860214 0.846028 0.832962 0.818968 0.804469 0.790338 0.776331 0.762203 0.748068 0.73396 0.719848 0.705731 0.691617 0.677502 0.663388 0.649273 0.635158 0.621044 0.606929 0.592814 0.578599 0.560722 0.442293 
1 1 1 1 0.999999 0.999997 0.999985 0.999939 0.999788 0.999346 0.998191 0.995479 0.989751 0.978927 0.961004 0.935955 0.91594 0.90551 0.89612 0.883134 0.866238 0.850422 0.83713 0.823709 0.809217 0.794747 0.780662 0.766529 0.752299 0.738098 0.723912 0.709717 0.695521 0.681327 0.667133 0.652939 0.638744 0.62455 0.610356 0.596161 0.581859 0.563779 0.439278 
1 1 1 1 1 0.999998 0.999991 0.999961 0.999862 0.999563 0.998759 0.996812 0.992545 0.984123 0.969333 0.946756 0.921801 0.908191 0.899224 0.888369 0.872848 0.855583 0.841195 0.828146 0.814089 0.799343 0.785 0.77087 0.756596 0.742286 0.728018 0.713748 0.699471 0.685196 0.670921 0.656646 0.642371 0.628096 0.613821 0.599546 0.585156 0.566877 0.436221 
1 1 1 1 1 0.999999 0.999994 0.999975 0.99991 0.99971 0.999155 0.997769 0.994631 0.988193 0.976308 0.957017 0.930745 0.91159 0.901782 0.892477 0.879191 0.86176 0.845585 0.832251 0.818836 0.804171 0.789441 0.775194 0.760938 0.74654 0.732167 0.717822 0.703466 0.689108 0.674752 0.660395 0.646039 0.631683 0.617326 0.60297 0.588492 0.570016 0.433123 
1 1 1 1 1 0.999999 0.999996 0.999984 0.999942 0.999808 0.999427 0.99845 0.996169 0.991319 0.98198 0.965915 0.941783 0.916845 0.904279 0.895611 0.884586 0.868566 0.8508 0.836263 0.823234 0.8091 0.794101 0.779537 0.765278 0.750861 0.736373 0.721937 0.707507 0.693066 0.678626 0.664188 0.649749 0.63531 0.620871 0.606432 0.591865 0.573197 0.429984 
1 1 1 1 1 1 0.999998 0.99999 0.999963 0.999873 0.999614 0.998931 0.997288 0.993683 0.986471 0.973435 0.952652 0.925256 0.907318 0.898119 0.888823 0.875122 0.857102 0.840627 0.827282 0.813858 0.799007 0.784011 0.769596 0.755215 0.740651 0.726098 0.71159 0.697071 0.682546 0.668024 0.653502 0.638979 0.624457 0.609935 0.595278 0.576421 0.426803 
1 1 1 1 1 1 0.999999 0.999994 0.999976 0.999917 0.999741 0.999266 0.998094 0.995444 0.989958 0.979619 0.962174 0.936367 0.91191 0.900456 0.892029 0.880726 0.864104 0.845857 0.831236 0.81823 0.803994 0.788735 0.773945 0.759554 0.744993 0.730323 0.715713 0.701121 0.686512 0.671903 0.657298 0.642691 0.628084 0.613478 0.598731 0.579686 0.423579 
1 1 1 1 1 1 0.999999 0.999996 0.999985 0.999946 0.999827 0.999499 0.998669 0.99674 0.992621 0.984566 0.970279 0.947857 0.919567 0.903162 0.894524 0.885142 0.870905 0.852247 0.835547 0.822228 0.808775 0.793717 0.77845 0.763866 0.749358 0.734625 0.719887 0.705211 0.690526 0.67583 0.661137 0.646446 0.631754 0.617062 0.602224 0.582995 0.420314 
1 1 1 1 1 1 0.999999 0.999998 0.99999 0.999965 0.999885 0.99966 0.999077 0.997685 0.994627 0.988444 0.977014 0.958068 0.930504 0.907091 0.896732 0.888468 0.876765 0.859438 0.840748 0.826118 0.813136 0.798768 0.783234 0.76822 0.753695 0.738988 0.724131 0.709342 0.694583 0.679804 0.665022 0.650245 0.635467 0.620688 0.605759 0.586346 0.417005 
1 1 1 1 1 1 1 0.999998 0.999994 0.999977 0.999924 0.99977 0.999363 0.998367 0.996119 0.991435 0.982456 0.966804 0.942567 0.913799 0.899148 0.890993 0.881413 0.866512 0.847183 0.830351 0.817094 0.803586 0.788291 0.772753 0.758 0.743363 0.728456 0.713528 0.698679 0.683826 0.668955 0.654088 0.639223 0.624357 0.609335 0.589741 0.413654 
1 1 1 1 1 1 1 0.999999 0.999996 0.999985 0.99995 0.999846 0.999563 0.998855 0.997218 0.993709 0.98676 0.974134 0.953548 0.924231 0.902466 0.893112 0.884911 0.872676 0.854546 0.835477 0.820915 0.807953 0.793415 0.777591 0.762356 0.747697 0.73284 0.717792 0.702818 0.687889 0.672936 0.657977 0.643024 0.62807 0.612954 0.59318 0.410259 
1 1 1 1 1 1 1 0.999999 0.999997 0.99999 0.999967 0.999897 0.999701 0.999202 0.998019 0.995417 0.990109 0.980115 0.962973 0.936715 0.908107 0.895286 0.887515 0.87761 0.861913 0.841901 0.825046 0.811884 0.798286 0.782721 0.766911 0.751996 0.737224 0.72214 0.707017 0.691991 0.676965 0.661915 0.646869 0.631827 0.616616 0.596664 0.40682 
1 1 1 1 1 1 1 1 0.999998 0.999994 0.999978 0.999931 0.999797 0.999446 0.998598 0.996685 0.992677 0.984884 0.970943 0.948548 0.917651 0.898084 0.889594 0.881335 0.868426 0.849405 0.830049 0.815636 0.80268 0.787925 0.771795 0.756351 0.741559 0.726543 0.7113 0.696137 0.681034 0.665903 0.650762 0.635628 0.620323 0.600193 0.403336 
1 1 1 1 1 1 1 1 0.999999 0.999996 0.999986 0.999954 0.999862 0.999618 0.999013 0.997619 0.994623 0.988625 0.977512 0.958739 0.930255 0.902659 0.891579 0.884073 0.873701 0.857076 0.836399 0.819646 0.8066 0.79287 0.776996 0.760919 0.745851 0.73094 0.71567 0.700348 0.68514 0.669937 0.654704 0.639475 0.624074 0.603768 0.399807 
1 1 1 1 1 1 1 1 0.999999 0.999997 0.999991 0.99997 0.999907 0.999738 0.999309 0.9983 0.99608 0.991518 0.982792 0.967402 0.94298 0.910945 0.893958 0.886167 0.877712 0.863977 0.843996 0.824481 0.810287 0.797314 0.782289 0.765839 0.750199 0.735276 0.720094 0.704647 0.689292 0.67401 0.658697 0.64337 0.62787 0.607389 0.396232 
1 1 1 1 1 1 1 1 1 0.999998 0.999994 0.99998 0.999938 0.999821 0.999519 0.998794 0.997162 0.993726 0.986964 0.974612 0.954048 0.923206 0.897587 0.888021 0.880644 0.869647 0.851966 0.830685 0.814165 0.801242 0.787327 0.771105 0.75477 0.739561 0.724504 0.709039 0.693513 0.67812 0.662736 0.647316 0.631712 0.611056 0.392611 
1 1 1 1 1 1 1 1 1 0.999999 0.999996 0.999987 0.999958 0.999878 0.999666 0.999148 0.997958 0.995393 0.990214 0.980455 0.963465 0.936734 0.904365 0.890076 0.882814 0.874008 0.85929 0.838304 0.818794 0.804876 0.791848 0.776494 0.759713 0.743898 0.728845 0.713485 0.697828 0.682277 0.666813 0.651313 0.635605 0.61477 0.388944 
1 1 1 1 1 1 1 1 1 0.999999 0.999997 0.999991 0.999972 0.999917 0.99977 0.999402 0.998539 0.99664 0.992713 0.985102 0.971373 0.948824 0.915698 0.892954 0.884597 0.8772 0.865407 0.846548 0.824776 0.808618 0.79581 0.781646 0.765036 0.74846 0.733123 0.717913 0.702241 0.686507 0.670926 0.655356 0.639549 0.618532 0.38523 
1 1 1 1 1 1 1 1 1 1 0.999998 0.999994 0.999981 0.999944 0.999842 0.999582 0.99896 0.997565 0.994614 0.988748 0.977838 0.959081 0.929705 0.898187 0.886413 0.879508 0.87018 0.854319 0.832326 0.813012 0.799408 0.786271 0.770525 0.75341 0.737445 0.722262 0.706709 0.690836 0.675087 0.659436 0.643546 0.622346 0.381468 
1 1 1 1 1 1 1 1 1 1 0.999999 0.999996 0.999988 0.999962 0.999892 0.999709 0.999264 0.998245 0.996045 0.99157 0.983013 0.967746 0.942958 0.907994 0.888741 0.88129 0.8737 0.860934 0.840791 0.818702 0.803019 0.790297 0.775809 0.758779 0.741986 0.726536 0.711159 0.695268 0.679323 0.663551 0.647586 0.626215 0.377654 
1 1 1 1 1 1 1 1 1 1 0.999999 0.999998 0.999992 0.999975 0.999926 0.999798 0.999481 0.998742 0.997114 0.99373 0.987096 0.974899 0.954185 0.921875 0.892633 0.882943 0.876217 0.866181 0.849018 0.826074 0.807166 0.793884 0.78057 0.764367 0.746926 0.730838 0.715521 0.69976 0.683663 0.667714 0.651663 0.630138 0.373785 
1 1 1 1 1 1 1 1 1 1 1 0.999998 0.999995 0.999983 0.99995 0.999861 0.999636 0.999103 0.997906 0.995368 0.990279 0.980662 0.963677 0.9363 0.900472 0.884881 0.878073 0.870102 0.856177 0.834674 0.812502 0.797381 0.784693 0.7698 0.752323 0.735347 0.719795 0.704235 0.688112 0.671953 0.655775 0.634108 0.369862 
1 1 1 1 1 1 1 1 1 1 1 0.999999 0.999996 0.999989 0.999966 0.999904 0.999746 0.999363 0.998489 0.996599 0.992729 0.985234 0.971589 0.948694 0.913409 0.887778 0.879634 0.872904 0.861958 0.843343 0.819574 0.801281 0.788302 0.774725 0.758003 0.740257 0.724075 0.708618 0.692629 0.676301 0.659935 0.638116 0.365892 
1 1 1 1 1 1 1 1 1 1 1 0.999999 0.999998 0.999992 0.999977 0.999934 0.999823 0.99955 0.998915 0.997517 0.994598 0.988817 0.97801 0.959107 0.928678 0.893553 0.881301 0.874906 0.866353 0.85108 0.828187 0.806223 0.791712 0.778984 0.763596 0.745659 0.728541 0.712897 0.697135 0.680765 0.664175 0.642155 0.361884 
1 1 1 1 1 1 1 1 1 1 1 1 0.999998 0.999995 0.999985 0.999955 0.999877 0.999683 0.999225 0.998197 0.996011 0.991593 0.983129 0.967849 0.94248 0.904686 0.883536 0.876457 0.869521 0.857456 0.837247 0.812878 0.79538 0.782654 0.768714 0.751418 0.733402 0.717156 0.701545 0.685308 0.668528 0.646237 0.357845 
1 1 1 1 1 1 1 1 1 1 1 1 0.999999 0.999997 0.99999 0.999969 0.999915 0.999778 0.999448 0.998697 0.997071 0.993721 0.987162 0.975008 0.953965 0.920026 0.887566 0.877945 0.871745 0.862398 0.845587 0.821342 0.799915 0.786012 0.773149 0.757174 0.738782 0.721572 0.705836 0.689846 0.673003 0.650392 0.353763 
1 1 1 1 1 1 1 1 1 1 1 1 0.999999 0.999998 0.999993 0.999979 0.999942 0.999845 0.999609 0.999063 0.997861 0.995339 0.990303 0.980744 0.963614 0.935349 0.896244 0.879753 0.873375 0.866012 0.852614 0.830698 0.806051 0.78948 0.776926 0.762511 0.744597 0.726363 0.710078 0.694291 0.677563 0.654657 0.349608 
1 1 1 1 1 1 1 1 1 1 1 1 1 0.999999 0.999995 0.999986 0.99996 0.999892 0.999724 0.999329 0.998445 0.99656 0.992723 0.985283 0.971598 0.948154 0.910564 0.882576 0.874765 0.868547 0.858171 0.839642 0.81418 0.79362 0.780277 0.767162 0.75051 0.731691 0.714439 0.698603 0.682123 0.659054 0.345343 
1 1 1 1 1 1 1 1 1 1 1 1 1 0.999999 0.999997 0.999991 0.999973 0.999925 0.999806 0.999522 0.998875 0.997474 0.994572 0.988835 0.978034 0.958818 0.927061 0.888668 0.876292 0.870337 0.862318 0.847364 0.823679 0.799172 0.783588 0.771096 0.756084 0.737529 0.719144 0.702835 0.68659 0.663566 0.340946 
1 1 1 1 1 1 1 1 1 1 1 1 1 0.999999 0.999998 0.999994 0.999981 0.999948 0.999864 0.99966 0.99919 0.998154 0.995974 0.991585 0.983144 0.967711 0.941524 0.900836 0.878391 0.871718 0.865256 0.853606 0.833188 0.806777 0.78737 0.774495 0.760992 0.743582 0.724389 0.707144 0.690915 0.668121 0.336434 
1 1 1 1 1 1 1 1 1 1 1 1 1 1 0.999999 0.999996 0.999987 0.999964 0.999905 0.99976 0.999419 0.998657 0.997029 0.993695 0.987161 0.974941 0.953379 0.91751 0.882383 0.873067 0.867287 0.858371 0.841642 0.816201 0.792323 0.777701 0.765136 0.7494 0.730209 0.711754 0.69514 0.67262 0.331879 
1 1 1 1 1 1 1 1 1 1 1 1 1 1 0.999999 0.999997 0.999991 0.999976 0.999934 0.999831 0.999585 0.999028 0.997818 0.995303 0.990285 0.980704 0.963269 0.933835 0.891568 0.874735 0.868759 0.861803 0.848636 0.826176 0.79924 0.781182 0.768643 0.7546 0.736369 0.71689 0.699414 0.676979 0.32738 
1 1 1 1 1 1 1 1 1 1 1 1 1 1 0.999999 0.999998 0.999994 0.999983 0.999954 0.999881 0.999705 0.999299 0.998405 0.996518 0.992693 0.985248 0.971398 0.947187 0.90702 0.877394 0.870016 0.864175 0.854095 0.835382 0.808322 0.785567 0.771808 0.759011 0.742428 0.722647 0.703962 0.681182 0.323021 
1 1 1 1 1 1 1 1 1 1 1 1 1 1 1 0.999999 0.999996 0.999989 0.999968 0.999917 0.999791 0.999497 0.998839 0.997431 0.994533 0.988798 0.977909 0.958198 0.92477 0.883507 0.871413 0.865829 0.858118 0.843181 0.818582 0.791692 0.775057 0.762692 0.747947 0.728867 0.709022 0.685318 0.318818 
1 1 1 1 1 1 1 1 1 1 1 1 1 1 1 0.999999 0.999997 0.999992 0.999978 0.999942 0.999852 0.99964 0.999159 0.998114 0.995931 0.991543 0.983056 0.967322 0.940063 0.896347 0.873347 0.867086 0.860936 0.849413 0.828512 0.800152 0.778945 0.765888 0.752676 0.73514 0.714719 0.68959 0.314682 
1 1 1 1 1 1 1 1 1 1 1 1 1 1 1 0.999999 0.999998 0.999995 0.999985 0.99996 0.999896 0.999743 0.999393 0.998621 0.996985 0.99365 0.98709 0.974694 0.952407 0.914224 0.877124 0.86832 0.862856 0.854127 0.837164 0.810418 0.784259 0.768982 0.756601 0.740988 0.720944 0.694268 0.31041 
1 1 1 1 1 1 1 1 1 1 1 1 1 1 1 1 0.999999 0.999996 0.99999 0.999972 0.999927 0.999818 0.999563 0.998995 0.997777 0.995255 0.990223 0.980536 0.962627 0.931707 0.88642 0.86985 0.864228 0.857489 0.844248 0.820972 0.791851 0.772467 0.759908 0.746079 0.72733 0.699566 0.305732 
1 1 1 1 1 1 1 1 1 1 1 1 1 1 1 1 0.999999 0.999998 0.999993 0.999981 0.999949 0.999871 0.999687 0.999271 0.998367 0.996472 0.992634 0.985126 0.970979 0.945768 0.902702 0.87228 0.865383 0.859788 0.849737 0.830511 0.801761 0.777031 0.762932 0.750315 0.733407 0.705512 0.300434 
1 1 1 1 1 1 1 1 1 1 1 1 1 1 1 1 0.999999 0.999998 0.999995 0.999987 0.999964 0.999909 0.999777 0.999473 0.998806 0.997387 0.994478 0.988702 0.977628 0.957229 0.921735 0.878114 0.866665 0.861369 0.853756 0.838508 0.812729 0.783606 0.766118 0.753813 0.738804 0.711883 0.294488 
1 1 1 1 1 1 1 1 1 1 1 1 1 1 1 1 1 0.999999 0.999997 0.999991 0.999975 0.999936 0.999841 0.999621 0.99913 0.998073 0.995879 0.991464 0.982859 0.96667 0.938061 0.891209 0.86843 0.862545 0.85655 0.844863 0.823137 0.792773 0.770051 0.756857 0.743351 0.7183 0.288117 
1 1 1 1 1 1 1 1 1 1 1 1 1 1 1 1 1 0.999999 0.999998 0.999994 0.999983 0.999955 0.999887 0.999728 0.999368 0.998585 0.996938 0.993581 0.986946 0.974257 0.951029 0.910108 0.871857 0.863686 0.858431 0.84965 0.832106 0.803798 0.775597 0.759854 0.747086 0.724364 0.2817 
1 1 1 1 1 1 1 1 1 1 1 1 1 1 1 1 1 1 0.999999 0.999996 0.999988 0.999969 0.99992 0.999805 0.999543 0.998965 0.997734 0.995194 0.990111 0.980234 0.961671 0.928914 0.880854 0.86509 0.859753 0.853048 0.839418 0.814968 0.783689 0.763323 0.750229 0.729759 0.275636 
1 1 1 1 1 1 1 1 1 1 1 1 1 1 1 1 1 1 0.999999 0.999997 0.999992 0.999978 0.999944 0.999861 0.999671 0.999245 0.998329 0.996418 0.992544 0.984911 0.970329 0.943868 0.897606 0.867273 0.860835 0.855357 0.845066 0.824957 0.794294 0.767993 0.753158 0.734307 0.270241 
1 1 1 1 1 1 1 1 1 1 1 1 1 1 1 1 1 1 0.999999 0.999998 0.999994 0.999985 0.99996 0.999901 0.999763 0.999452 0.998773 0.99734 0.994403 0.988543 0.977182 0.955893 0.917891 0.872583 0.862023 0.856922 0.849197 0.833293 0.805967 0.774875 0.756401 0.737976 0.265693 
1 1 1 1 1 1 1 1 1 1 1 1 1 1 1 1 1 1 1 0.999999 0.999996 0.999989 0.999972 0.99993 0.99983 0.999603 0.999102 0.998032 0.995815 0.991342 0.982546 0.965738 0.935478 0.885483 0.863633 0.858055 0.852059 0.83991 0.816962 0.784568 0.760641 0.740915 0.262024 
1 1 1 1 1 1 1 1 1 1 1 1 1 1 1 1 1 1 1 0.999999 0.999997 0.999993 0.999981 0.999951 0.999879 0.999714 0.999345 0.99855 0.996883 0.993485 0.98672 0.973616 0.949218 0.905142 0.86665 0.859126 0.853967 0.844894 0.826397 0.796241 0.766771 0.743532 0.259085 
1 1 1 1 1 1 1 1 1 1 1 1 1 1 1 1 1 1 1 0.999999 0.999998 0.999995 0.999987 0.999965 0.999914 0.999794 0.999524 0.998935 0.997687 0.995117 0.989944 0.979788 0.960383 0.925396 0.87498 0.860424 0.855287 0.84843 0.834082 0.808072 0.775581 0.746527 0.256468 
1 1 1 1 1 1 1 1 1 1 1 1 1 1 1 1 1 1 1 1 0.999999 0.999997 0.999991 0.999976 0.999939 0.999852 0.999655 0.99922 0.99829 0.996353 0.992417 0.984594 0.969429 0.941455 0.891788 0.862378 0.856324 0.850828 0.840023 0.818666 0.786759 0.750924 0.253473 
1 1 1 1 1 1 1 1 1 1 1 1 1 1 1 1 1 1 1 1 0.999999 0.999998 0.999993 0.999983 0.999957 0.999894 0.999751 0.999431 0.99874 0.997287 0.994304 0.988314 0.976558 0.954166 0.913195 0.86702 0.857439 0.852429 0.844381 0.827506 0.798727 0.757771 0.249076 
1 1 1 1 1 1 1 1 1 1 1 1 1 1 1 1 1 1 1 1 0.999999 0.999998 0.999995 0.999988 0.999969 0.999925 0.999821 0.999586 0.999074 0.997988 0.995737 0.991173 0.982106 0.964506 0.932265 0.879282 0.85892 0.853561 0.847401 0.834521 0.809949 0.76721 0.242229 
1 1 1 1 1 1 1 1 1 1 1 1 1 1 1 1 1 1 1 1 1 0.999999 0.999997 0.999992 0.999979 0.999946 0.999871 0.9997 0.999322 0.998513 0.99682 0.993357 0.986406 0.972756 0.946949 0.899358 0.861539 0.854585 0.849404 0.839805 0.819686 0.778314 0.23279 
1 1 1 1 1 1 1 1 1 1 1 1 1 1 1 1 1 1 1 1 1 0.999999 0.999998 0.999994 0.999985 0.999962 0.999908 0.999783 0.999505 0.998904 0.997636 0.995018 0.989717 0.979185 0.958741 0.92109 0.868935 0.855799 0.850768 0.843563 0.827694 0.789905 0.221686 
1 1 1 1 1 1 1 1 1 1 1 1 1 1 1 1 1 1 1 1 1 0.999999 0.999999 0.999996 0.999989 0.999973 0.999934 0.999844 0.99964 0.999195 0.998248 0.996276 0.99225 0.984166 0.968263 0.938492 0.88535 0.857566 0.851789 0.846115 0.833954 0.801035 0.210095 
1 1 1 1 1 1 1 1 1 1 1 1 1 1 1 1 1 1 1 1 1 1 0.999999 0.999997 0.999993 0.999981 0.999953 0.999888 0.999739 0.999411 0.998705 0.997225 0.994178 0.988007 0.975741 0.952027 0.907634 0.861512 0.852853 0.847795 0.838621 0.811058 0.198965 
1 1 1 1 1 1 1 1 1 1 1 1 1 1 1 1 1 1 1 1 1 1 0.999999 0.999998 0.999995 0.999987 0.999967 0.999919 0.999811 0.99957 0.999046 0.997939 0.995641 0.990951 0.981529 0.962954 0.928366 0.872745 0.854237 0.848956 0.841912 0.819627 0.188942 
1 1 1 1 1 1 1 1 1 1 1 1 1 1 1 1 1 1 1 1 1 1 1 0.999999 0.999996 0.999991 0.999976 0.999942 0.999864 0.999687 0.9993 0.998473 0.996746 0.993194 0.985995 0.971659 0.944191 0.892831 0.856532 0.849951 0.844115 0.826606 0.180373 
1 1 1 1 1 1 1 1 1 1 1 1 1 1 1 1 1 1 1 1 1 1 1 0.999999 0.999998 0.999993 0.999983 0.999959 0.999902 0.999772 0.999487 0.998872 0.997578 0.994896 0.989422 0.978413 0.956726 0.915941 0.862879 0.85113 0.845574 0.832021 0.173394 
1 1 1 1 1 1 1 1 1 1 1 1 1 1 1 1 1 1 1 1 1 1 1 0.999999 0.999998 0.999995 0.999988 0.999971 0.99993 0.999835 0.999625 0.99917 0.998202 0.996184 0.992036 0.983618 0.966809 0.934934 0.878455 0.852859 0.846577 0.836001 0.167979 
1 1 1 1 1 1 1 1 1 1 1 1 1 1 1 1 1 1 1 1 1 1 1 1 0.999999 0.999997 0.999992 0.999979 0.99995 0.999881 0.999727 0.99939 0.998669 0.997154 0.994021 0.987616 0.974715 0.94945 0.901245 0.856365 0.84763 0.838683 0.163999 
1 1 1 1 1 1 1 1 1 1 1 1 1 1 1 1 1 1 1 1 1 1 1 1 0.999999 0.999998 0.999994 0.999985 0.999964 0.999914 0.999802 0.999553 0.999017 0.997884 0.995524 0.990669 0.980803 0.961064 0.923715 0.866459 0.849215 0.840264 0.161317 
1 1 1 1 1 1 1 1 1 1 1 1 1 1 1 1 1 1 1 1 1 1 1 1 0.999999 0.999998 0.999996 0.99999 0.999974 0.999938 0.999856 0.999674 0.999276 0.99843 0.996657 0.992989 0.985477 0.970307 0.940929 0.886132 0.852088 0.840943 0.159736 
1 1 1 1 1 1 1 1 1 1 1 1 1 1 1 1 1 1 1 1 1 1 1 1 1 0.999999 0.999997 0.999993 0.999982 0.999956 0.999896 0.999762 0.999468 0.998838 0.99751 0.994746 0.989052 0.977458 0.95434 0.910167 0.858748 0.841367 0.159057 
1 1 1 1 1 1 1 1 1 1 1 1 1 1 1 1 1 1 1 1 1 1 1 1 1 0.999999 0.999998 0.999995 0.999987 0.999968 0.999925 0.999827 0.999611 0.999143 0.99815 0.996072 0.99177 0.982939 0.965067 0.930886 0.874394 0.842116 0.158633 
1 1 1 1 1 1 1 1 1 1 1 1 1 1 1 1 1 1 1 1 1 1 1 1 1 0.999999 0.999999 0.999996 0.999991 0.999978 0.999946 0.999875 0.999715 0.999369 0.998629 0.997071 0.993828 0.987132 0.973476 0.946616 0.897592 0.845316 0.157884 
1 1 1 1 1 1 1 1 1 1 1 1 1 1 1 1 1 1 1 1 1 1 1 1 1 1 0.999999 0.999997 0.999994 0.999984 0.999961 0.999909 0.999793 0.999536 0.998986 0.99782 0.995382 0.990323 0.979929 0.959049 0.920077 0.856203 0.154684 
1 1 1 1 1 1 1 1 1 1 1 1 1 1 1 1 1 1 1 1 1 1 1 1 1 1 0.999999 0.999998 0.999995 0.999989 0.999972 0.999935 0.999849 0.99966 0.999252 0.998382 0.996553 0.99274 0.984859 0.968843 0.937721 0.874517 0.143797 
1 1 1 1 1 1 1 1 1 1 1 1 1 1 1 1 1 1 1 1 1 1 1 1 1 1 1 0.999999 0.999997 0.999992 0.99998 0.999953 0.999891 0.999752 0.999449 0.998801 0.997432 0.994566 0.988611 0.97639 0.951668 0.894676 0.125483 
1 1 1 1 1 1 1 1 1 1 1 1 1 1 1 1 1 1 1 1 1 1 1 1 1 1 1 0.999999 0.999998 0.999994 0.999986 0.999966 0.999921 0.999819 0.999596 0.999114 0.998091 0.995941 0.991454 0.982158 0.962729 0.913763 0.105324 
1 1 1 1 1 1 1 1 1 1 1 1 1 1 1 1 1 1 1 1 1 1 1 1 1 1 1 0.999999 0.999998 0.999996 0.99999 0.999976 0.999943 0.999868 0.999704 0.999346 0.998584 0.996974 0.993599 0.986551 0.971424 0.930637 0.0862365 
1 1 1 1 1 1 1 1 1 1 1 1 1 1 1 1 1 1 1 1 1 1 1 1 1 1 1 1 0.999999 0.999997 0.999993 0.999983 0.999959 0.999904 0.999783 0.999519 0.998952 0.997748 0.995215 0.989884 0.978195 0.944958 0.0693625 
1 1 1 1 1 1 1 1 1 1 1 1 1 1 1 1 1 1 1 1 1 1 1 1 1 1 1 1 0.999999 0.999998 0.999995 0.999988 0.99997 0.999931 0.999842 0.999647 0.999225 0.998327 0.996429 0.992406 0.983428 0.956782 0.0550419 
1 1 1 1 1 1 1 1 1 1 1 1 1 1 1 1 1 1 1 1 1 1 1 1 1 1 1 1 0.999999 0.999999 0.999996 0.999991 0.999979 0.99995 0.999885 0.999741 0.999429 0.99876 0.99734 0.99431 0.987448 0.966352 0.0432182 
1 1 1 1 1 1 1 1 1 1 1 1 1 1 1 1 1 1 1 1 1 1 1 1 1 1 1 1 1 0.999999 0.999998 0.999994 0.999985 0.999964 0.999917 0.999811 0.99958 0.999082 0.998021 0.995744 0.990519 0.973983 0.0336481 
1 1 1 1 1 1 1 1 1 1 1 1 1 1 1 1 1 1 1 1 1 1 1 1 1 1 1 1 1 0.999999 0.999998 0.999996 0.999989 0.999974 0.99994 0.999862 0.999691 0.999322 0.998531 0.996822 0.992857 0.979998 0.026017 
1 1 1 1 1 1 1 1 1 1 1 1 1 1 1 1 1 1 1 1 1 1 1 1 1 1 1 1 1 1 0.999999 0.999997 0.999992 0.999981 0.999956 0.9999 0.999774 0.999501 0.998911 0.997631 0.99463 0.984696 0.0200019 
1 1 1 1 1 1 1 1 1 1 1 1 1 1 1 1 1 1 1 1 1 1 1 1 1 1 1 1 1 1 0.999999 0.999998 0.999995 0.999987 0.999968 0.999927 0.999835 0.999633 0.999194 0.998237 0.995972 0.988338 0.0153039 
1 1 1 1 1 1 1 1 1 1 1 1 1 1 1 1 1 1 1 1 1 1 1 1 1 1 1 1 1 1 0.999999 0.999998 0.999996 0.99999 0.999977 0.999947 0.999879 0.99973 0.999405 0.99869 0.996984 0.991145 0.0116615 
1 1 1 1 1 1 1 1 1 1 1 1 1 1 1 1 1 1 1 1 1 1 1 1 1 1 1 1 1 1 1 0.999999 0.999997 0.999993 0.999984 0.999962 0.999912 0.999802 0.999561 0.999029 0.997747 0.993298 0.0088545 
1 1 1 1 1 1 1 1 1 1 1 1 1 1 1 1 1 1 1 1 1 1 1 1 1 1 1 1 1 1 1 0.999999 0.999998 0.999995 0.999988 0.999972 0.999936 0.999855 0.999677 0.999281 0.998319 0.994941 0.00670214 
1 1 1 1 1 1 1 1 1 1 1 1 1 1 1 1 1 1 1 1 1 1 1 1 1 1 1 1 1 1 1 0.999999 0.999999 0.999997 0.999992 0.99998 0.999954 0.999894 0.999763 0.999469 0.998749 0.996191 0.00505875 
1 1 1 1 1 1 1 1 1 1 1 1 1 1 1 1 1 1 1 1 1 1 1 1 1 1 1 1 1 1 1 1 0.999999 0.999998 0.999994 0.999986 0.999966 0.999923 0.999826 0.999608 0.99907 0.997139 0.00380857 
1 1 1 1 1 1 1 1 1 1 1 1 1 1 1 1 1 1 1 1 1 1 1 1 1 1 1 1 1 1 1 1 0.999999 0.999998 0.999996 0.99999 0.999976 0.999944 0.999873 0.999711 0.99931 0.997856 0.00286057 
1 1 1 1 1 1 1 1 1 1 1 1 1 1 1 1 1 1 1 1 1 1 1 1 1 1 1 1 1 1 1 1 1 0.999999 0.999997 0.999993 0.999983 0.999959 0.999907 0.999788 0.999489 0.998397 0.00214377 
1 1 1 1 1 1 1 1 1 1 1 1 1 1 1 1 1 1 1 1 1 1 1 1 1 1 1 1 1 1 1 1 1 0.999999 0.999998 0.999995 0.999987 0.999971 0.999932 0.999844 0.999623 0.998803 0.0016032 
1 1 1 1 1 1 1 1 1 1 1 1 1 1 1 1 1 1 1 1 1 1 1 1 1 1 1 1 1 1 1 1 1 0.999999 0.999998 0.999996 0.999991 0.999979 0.999951 0.999886 0.999722 0.999109 0.00119652 
1 1 1 1 1 1 1 1 1 1 1 1 1 1 1 1 1 1 1 1 1 1 1 1 1 1 1 1 1 1 1 1 1 1 0.999999 0.999997 0.999994 0.999985 0.999964 0.999917 0.999795 0.999337 0.000891244 
1 1 1 1 1 1 1 1 1 1 1 1 1 1 1 1 1 1 1 1 1 1 1 1 1 1 1 1 1 1 1 1 1 1 0.999999 0.999998 0.999995 0.999989 0.999974 0.999939 0.999849 0.999508 0.000662588 
1 1 1 1 1 1 1 1 1 1 1 1 1 1 1 1 1 1 1 1 1 1 1 1 1 1 1 1 1 1 1 1 1 1 0.999999 0.999999 0.999997 0.999992 0.999981 0.999956 0.999889 0.999636 0.000491671 
1 1 1 1 1 1 1 1 1 1 1 1 1 1 1 1 1 1 1 1 1 1 1 1 1 1 1 1 1 1 1 1 1 1 1 0.999999 0.999998 0.999994 0.999986 0.999968 0.999919 0.999731 0.000364169 
1 1 1 1 1 1 1 1 1 1 1 1 1 1 1 1 1 1 1 1 1 1 1 1 1 1 1 1 1 1 1 1 1 1 1 0.999999 0.999998 0.999996 0.99999 0.999977 0.999941 0.999801 0.000269239 
1 1 1 1 1 1 1 1 1 1 1 1 1 1 1 1 1 1 1 1 1 1 1 1 1 1 1 1 1 1 1 1 1 1 1 1 0.999999 0.999997 0.999993 0.999983 0.999957 0.999854 0.000198695 
1 1 1 1 1 1 1 1 1 1 1 1 1 1 1 1 1 1 1 1 1 1 1 1 1 1 1 1 1 1 1 1 1 1 1 1 0.999999 0.999998 0.999995 0.999988 0.999969 0.999892 0.000146371 
1 1 1 1 1 1 1 1 1 1 1 1 1 1 1 1 1 1 1 1 1 1 1 1 1 1 1 1 1 1 1 1 1 1 1 1 0.999999 0.999999 0.999996 0.999991 0.999977 0.999921 0.000107634 
1 1 1 1 1 1 1 1 1 1 1 1 1 1 1 1 1 1 1 1 1 1 1 1 1 1 1 1 1 1 1 1 1 1 1 1 1 0.999999 0.999997 0.999994 0.999983 0.999942 7.90089e-05 
1 1 1 1 1 1 1 1 1 1 1 1 1 1 1 1 1 1 1 1 1 1 1 1 1 1 1 1 1 1 1 1 1 1 1 1 1 0.999999 0.999998 0.999995 0.999988 0.999958 5.78946e-05 
1 1 1 1 1 1 1 1 1 1 1 1 1 1 1 1 1 1 1 1 1 1 1 1 1 1 1 1 1 1 1 1 1 1 1 1 1 0.999999 0.999999 0.999997 0.999991 0.999969 4.23489e-05 
1 1 1 1 1 1 1 1 1 1 1 1 1 1 1 1 1 1 1 1 1 1 1 1 1 1 1 1 1 1 1 1 1 1 1 1 1 1 0.999999 0.999998 0.999994 0.999977 3.09237e-05 
1 1 1 1 1 1 1 1 1 1 1 1 1 1 1 1 1 1 1 1 1 1 1 1 1 1 1 1 1 1 1 1 1 1 1 1 1 1 0.999999 0.999998 0.999995 0.999984 2.25421e-05 
1 1 1 1 1 1 1 1 1 1 1 1 1 1 1 1 1 1 1 1 1 1 1 1 1 1 1 1 1 1 1 1 1 1 1 1 1 1 1 0.999999 0.999997 0.999988 1.64041e-05 
1 1 1 1 1 1 1 1 1 1 1 1 1 1 1 1 1 1 1 1 1 1 1 1 1 1 1 1 1 1 1 1 1 1 1 1 1 1 1 0.999999 0.999998 0.999991 1.19173e-05 
1 1 1 1 1 1 1 1 1 1 1 1 1 1 1 1 1 1 1 1 1 1 1 1 1 1 1 1 1 1 1 1 1 1 1 1 1 1 1 0.999999 0.999998 0.999994 8.6431e-06 
1 1 1 1 1 1 1 1 1 1 1 1 1 1 1 1 1 1 1 1 1 1 1 1 1 1 1 1 1 1 1 1 1 1 1 1 1 1 1 1 0.999999 0.999995 6.25804e-06 
1 1 1 1 1 1 1 1 1 1 1 1 1 1 1 1 1 1 1 1 1 1 1 1 1 1 1 1 1 1 1 1 1 1 1 1 1 1 1 1 0.999999 0.999997 4.52366e-06 
1 1 1 1 1 1 1 1 1 1 1 1 1 1 1 1 1 1 1 1 1 1 1 1 1 1 1 1 1 1 1 1 1 1 1 1 1 1 1 1 0.999999 0.999998 3.26462e-06 
1 1 1 1 1 1 1 1 1 1 1 1 1 1 1 1 1 1 1 1 1 1 1 1 1 1 1 1 1 1 1 1 1 1 1 1 1 1 1 1 1 0.999998 2.35219e-06 
1 1 1 1 1 1 1 1 1 1 1 1 1 1 1 1 1 1 1 1 1 1 1 1 1 1 1 1 1 1 1 1 1 1 1 1 1 1 1 1 1 0.999999 1.69206e-06 
1 1 1 1 1 1 1 1 1 1 1 1 1 1 1 1 1 1 1 1 1 1 1 1 1 1 1 1 1 1 1 1 1 1 1 1 1 1 1 1 1 0.999999 1.21527e-06 
1 1 1 1 1 1 1 1 1 1 1 1 1 1 1 1 1 1 1 1 1 1 1 1 1 1 1 1 1 1 1 1 1 1 1 1 1 1 1 1 1 0.999999 8.71468e-07 
1 1 1 1 1 1 1 1 1 1 1 1 1 1 1 1 1 1 1 1 1 1 1 1 1 1 1 1 1 1 1 1 1 1 1 1 1 1 1 1 1 1 6.23962e-07 
1 1 1 1 1 1 1 1 1 1 1 1 1 1 1 1 1 1 1 1 1 1 1 1 1 1 1 1 1 1 1 1 1 1 1 1 1 1 1 1 1 1 4.46068e-07 
1 1 1 1 1 1 1 1 1 1 1 1 1 1 1 1 1 1 1 1 1 1 1 1 1 1 1 1 1 1 1 1 1 1 1 1 1 1 1 1 1 1 3.18412e-07 
1 1 1 1 1 1 1 1 1 1 1 1 1 1 1 1 1 1 1 1 1 1 1 1 1 1 1 1 1 1 1 1 1 1 1 1 1 1 1 1 1 1 2.2695e-07 
1 1 1 1 1 1 1 1 1 1 1 1 1 1 1 1 1 1 1 1 1 1 1 1 1 1 1 1 1 1 1 1 1 1 1 1 1 1 1 1 1 1 1.61522e-07 
1 1 1 1 1 1 1 1 1 1 1 1 1 1 1 1 1 1 1 1 1 1 1 1 1 1 1 1 1 1 1 1 1 1 1 1 1 1 1 1 1 1 1.1479e-07 
1 1 1 1 1 1 1 1 1 1 1 1 1 1 1 1 1 1 1 1 1 1 1 1 1 1 1 1 1 1 1 1 1 1 1 1 1 1 1 1 1 1 8.14619e-08 
1 1 1 1 1 1 1 1 1 1 1 1 1 1 1 1 1 1 1 1 1 1 1 1 1 1 1 1 1 1 1 1 1 1 1 1 1 1 1 1 1 1 5.77286e-08 
