1 1 0.95 0.9 0.85 0.8 0.75 0.7 0.65 0.6 0.55 0.5 0.45 0.4 0.35 0.3 0.25 0.2 0.15 0.1 0.05 0 -0.05 -0.1 -0.15 -0.2 -0.25 -0.3 -0.35 -0.4 -0.45 -0.5 -0.55 -0.6 -0.65 -0.7 -0.75 -0.8 -0.85 -0.9 -0.95 -1 -1 
1 1 0.971656 0.9135 0.86275 0.812 0.76125 0.7105 0.65975 0.609 0.55825 0.5075 0.45675 0.406 0.35525 0.3045 0.25375 0.203 0.15225 0.1015 0.05075 -8.29415e-19 -0.05075 -0.1015 -0.15225 -0.203 -0.25375 -0.3045 -0.35525 -0.406 -0.45675 -0.5075 -0.55825 -0.609 -0.65975 -0.7105 -0.76125 -0.812 -0.86275 -0.9135 -0.971656 -1 -1 
1 1 0.983274 0.934481 0.874972 0.824363 0.77284 0.721317 0.669795 0.618272 0.566749 0.515227 0.463704 0.412181 0.360659 0.309136 0.257613 0.206091 0.154568 0.103045 0.0515227 -1.67509e-18 -0.0515227 -0.103045 -0.154568 -0.206091 -0.257613 -0.309136 -0.360659 -0.412181 -0.463704 -0.515227 -0.566749 -0.618272 -0.669795 -0.721317 -0.77284 -0.824363 -0.874972 -0.934481 -0.983274 -1 -1 
1 1 0.989759 0.953628 0.892082 0.835844 0.784896 0.732467 0.680148 0.627829 0.575509 0.52319 0.470871 0.418552 0.366233 0.313914 0.261595 0.209276 0.156957 0.104638 0.052319 -2.53703e-18 -0.052319 -0.104638 -0.156957 -0.209276 -0.261595 -0.313914 -0.366233 -0.418552 -0.470871 -0.52319 -0.575509 -0.627829 -0.680148 -0.732467 -0.784896 -0.835844 -0.892082 -0.953628 -0.989759 -1 -1 
1 1 0.993612 0.96784 0.912707 0.849259 0.796282 0.744158 0.690811 0.637683 0.584543 0.531402 0.478262 0.425122 0.371982 0.318841 0.265701 0.212561 0.159421 0.10628 0.0531402 -3.35018e-18 -0.0531402 -0.10628 -0.159421 -0.212561 -0.265701 -0.318841 -0.371982 -0.425122 -0.478262 -0.531402 -0.584543 -0.637683 -0.690811 -0.744158 -0.796282 -0.849259 -0.912707 -0.96784 -0.993612 -1 -1 
1 1 0.995967 0.977834 0.932765 0.866472 0.807773 0.755696 0.702 0.647825 0.593862 0.539874 0.485887 0.431899 0.377912 0.323924 0.269937 0.21595 0.161962 0.107975 0.0539874 -4.19586e-18 -0.0539874 -0.107975 -0.161962 -0.21595 -0.269937 -0.323924 -0.377912 -0.431899 -0.485887 -0.539874 -0.593862 -0.647825 -0.702 -0.755696 -0.807773 -0.866472 -0.932765 -0.977834 -0.995967 -1 -1 
1 1 0.99743 0.984784 0.949644 0.886956 0.821058 0.766773 0.713488 0.658402 0.603456 0.54862 0.493756 0.438894 0.384033 0.329171 0.274309 0.219447 0.164585 0.109724 0.0548618 -4.97649e-18 -0.0548618 -0.109724 -0.164585 -0.219447 -0.274309 -0.329171 -0.384033 -0.438894 -0.493756 -0.54862 -0.603456 -0.658402 -0.713488 -0.766773 -0.821058 -0.886956 -0.949644 -0.984784 -0.99743 -1 -1 
1 1 0.99835 0.989582 0.962888 0.908172 0.837568 0.778026 0.724781 0.669471 0.613391 0.557636 0.501885 0.446118 0.390353 0.334588 0.278824 0.223059 0.167294 0.111529 0.0557647 -5.72459e-18 -0.0557647 -0.111529 -0.167294 -0.223059 -0.278824 -0.334588 -0.390353 -0.446118 -0.501885 -0.557636 -0.613391 -0.669471 -0.724781 -0.778026 -0.837568 -0.908172 -0.962888 -0.989582 -0.99835 -1 -1 
1 1 0.998934 0.992877 0.972957 0.92762 0.857505 0.790668 0.735687 0.680799 0.623785 0.566935 0.510279 0.453582 0.396883 0.340186 0.283488 0.226791 0.170093 0.113395 0.0566976 -6.50521e-18 -0.0566976 -0.113395 -0.170093 -0.226791 -0.283488 -0.340186 -0.396883 -0.453582 -0.510279 -0.566935 -0.623785 -0.680799 -0.735687 -0.790668 -0.857505 -0.92762 -0.972957 -0.992877 -0.998934 -1 -1 
1 1 0.999308 0.995134 0.980463 0.9441 0.879415 0.805984 0.746612 0.691996 0.634667 0.576589 0.518936 0.4613 0.403634 0.345972 0.28831 0.230648 0.172986 0.115324 0.057662 -7.31836e-18 -0.057662 -0.115324 -0.172986 -0.230648 -0.28831 -0.345972 -0.403634 -0.4613 -0.518936 -0.576589 -0.634667 -0.691996 -0.746612 -0.805984 -0.879415 -0.9441 -0.980463 -0.995134 -0.999308 -1 -1 
1 1 0.999549 0.996677 0.985976 0.957467 0.901056 0.824726 0.758447 0.702838 0.645858 0.586703 0.527877 0.469275 0.410619 0.351957 0.293297 0.234638 0.175979 0.117319 0.0586595 -8.16404e-18 -0.0586595 -0.117319 -0.175979 -0.234638 -0.293297 -0.351957 -0.410619 -0.469275 -0.527877 -0.586703 -0.645858 -0.702838 -0.758447 -0.824726 -0.901056 -0.957467 -0.985976 -0.996677 -0.999549 -1 -1 
1 1 0.999705 0.997731 0.989983 0.968015 0.920685 0.84644 0.772317 0.713506 0.657035 0.59732 0.537166 0.477509 0.417848 0.358151 0.298459 0.238767 0.179075 0.119384 0.0596918 -8.94467e-18 -0.0596918 -0.119384 -0.179075 -0.238767 -0.298459 -0.358151 -0.417848 -0.477509 -0.537166 -0.59732 -0.657035 -0.713506 -0.772317 -0.84644 -0.920685 -0.968015 -0.989983 -0.997731 -0.999705 -1 -1 
1 1 0.999806 0.998451 0.992873 0.976172 0.937525 0.869483 0.789262 0.724606 0.667922 0.608335 0.546897 0.486017 0.425327 0.364567 0.303803 0.243043 0.182282 0.121521 0.0607607 -9.69277e-18 -0.0607607 -0.121521 -0.182282 -0.243043 -0.303803 -0.364567 -0.425327 -0.486017 -0.546897 -0.608335 -0.667922 -0.724606 -0.789262 -0.869483 -0.937525 -0.976172 -0.992873 -0.998451 -0.999806 -1 -1 
1 1 0.999873 0.998942 0.994945 0.982381 0.95147 0.891886 0.809686 0.737051 0.678501 0.619492 0.55714 0.494851 0.433058 0.371217 0.309342 0.247473 0.185605 0.123737 0.0618683 -1.04734e-17 -0.0618683 -0.123737 -0.185605 -0.247473 -0.309342 -0.371217 -0.433058 -0.494851 -0.55714 -0.619492 -0.678501 -0.737051 -0.809686 -0.891886 -0.95147 -0.982381 -0.994945 -0.998942 -0.999873 -1 -1 
1 1 0.999916 0.999278 0.996424 0.987052 0.962731 0.912234 0.832869 0.751904 0.689105 0.630496 0.567865 0.504093 0.441052 0.378107 0.315085 0.252066 0.18905 0.126033 0.0630166 -1.13191e-17 -0.0630166 -0.126033 -0.18905 -0.252066 -0.315085 -0.378107 -0.441052 -0.504093 -0.567865 -0.630496 -0.689105 -0.751904 -0.832869 -0.912234 -0.962731 -0.987052 -0.996424 -0.999278 -0.999916 -1 -1 
1 1 0.999944 0.999507 0.997475 0.990532 0.971647 0.929884 0.85714 0.770088 0.700394 0.641171 0.578907 0.513829 0.449341 0.385241 0.321047 0.256831 0.192624 0.128416 0.0642079 -1.22298e-17 -0.0642079 -0.128416 -0.192624 -0.256831 -0.321047 -0.385241 -0.449341 -0.513829 -0.578907 -0.641171 -0.700394 -0.770088 -0.85714 -0.929884 -0.971647 -0.990532 -0.997475 -0.999507 -0.999944 -1 -1 
1 1 0.999963 0.999663 0.99822 0.993106 0.978597 0.944718 0.880669 0.791865 0.713273 0.651597 0.590001 0.524097 0.457992 0.392625 0.327234 0.26178 0.196334 0.130889 0.0654447 -1.33682e-17 -0.0654447 -0.130889 -0.196334 -0.26178 -0.327234 -0.392625 -0.457992 -0.524097 -0.590001 -0.651597 -0.713273 -0.791865 -0.880669 -0.944718 -0.978597 -0.993106 -0.99822 -0.999663 -0.999963 -1 -1 
1 1 0.999976 0.99977 0.998747 0.994998 0.983948 0.956894 0.902157 0.816433 0.728788 0.662161 0.600884 0.534831 0.467089 0.400278 0.333655 0.266923 0.200188 0.133459 0.0667296 -1.45066e-17 -0.0667296 -0.133459 -0.200188 -0.266923 -0.333655 -0.400278 -0.467089 -0.534831 -0.600884 -0.662161 -0.728788 -0.816433 -0.902157 -0.956894 -0.983948 -0.994998 -0.998747 -0.99977 -0.999976 -1 -1 
1 1 0.999984 0.999842 0.99912 0.996382 0.988027 0.966698 0.92098 0.842125 0.747847 0.673527 0.611432 0.54585 0.47671 0.40824 0.340313 0.272272 0.204196 0.136131 0.0680655 -1.56776e-17 -0.0680655 -0.136131 -0.204196 -0.272272 -0.340313 -0.40824 -0.47671 -0.54585 -0.611432 -0.673527 -0.747847 -0.842125 -0.92098 -0.966698 -0.988027 -0.996382 -0.99912 -0.999842 -0.999984 -1 -1 
1 1 0.999989 0.999892 0.999382 0.99739 0.991112 0.974472 0.936988 0.867136 0.770722 0.686592 0.621754 0.556894 0.486878 0.416582 0.347218 0.277835 0.208368 0.13891 0.0694553 -1.6881e-17 -0.0694553 -0.13891 -0.208368 -0.277835 -0.347218 -0.416582 -0.486878 -0.556894 -0.621754 -0.686592 -0.770722 -0.867136 -0.936988 -0.974472 -0.991112 -0.99739 -0.999382 -0.999892 -0.999989 -1 -1 
1 1 0.999993 0.999926 0.999566 0.998122 0.993429 0.980561 0.950291 0.890154 0.796642 0.702412 0.632238 0.567717 0.497524 0.425386 0.35439 0.283619 0.212713 0.141804 0.0709025 -1.81495e-17 -0.0709025 -0.141804 -0.212713 -0.283619 -0.35439 -0.425386 -0.497524 -0.567717 -0.632238 -0.702412 -0.796642 -0.890154 -0.950291 -0.980561 -0.993429 -0.998122 -0.999566 -0.999926 -0.999993 -1 -1 
1 1 0.999995 0.99995 0.999696 0.998651 0.995159 0.985281 0.961141 0.910506 0.823954 0.72196 0.643528 0.578202 0.508472 0.434728 0.361872 0.28963 0.217243 0.144821 0.0724105 -1.93205e-17 -0.0724105 -0.144821 -0.217243 -0.28963 -0.361872 -0.434728 -0.508472 -0.578202 -0.643528 -0.72196 -0.823954 -0.910506 -0.961141 -0.985281 -0.995159 -0.998651 -0.999696 -0.99995 -0.999995 -1 -1 
1 1 0.999997 0.999965 0.999787 0.999033 0.996445 0.988909 0.969858 0.927986 0.850798 0.745641 0.656505 0.588445 0.519472 0.444637 0.369728 0.295877 0.221966 0.147968 0.0739833 -2.08492e-17 -0.0739833 -0.147968 -0.221966 -0.295877 -0.369728 -0.444637 -0.519472 -0.588445 -0.656505 -0.745641 -0.850798 -0.927986 -0.969858 -0.988909 -0.996445 -0.999033 -0.999787 -0.999965 -0.999997 -1 -1 
1 1 0.999998 0.999976 0.999851 0.999308 0.997396 0.991679 0.976774 0.942664 0.875748 0.772827 0.672244 0.598798 0.53028 0.455061 0.378041 0.30238 0.22689 0.151256 0.0756252 -2.23779e-17 -0.0756252 -0.151256 -0.22689 -0.30238 -0.378041 -0.455061 -0.53028 -0.598798 -0.672244 -0.772827 -0.875748 -0.942664 -0.976774 -0.991679 -0.997396 -0.999308 -0.999851 -0.999976 -0.999998 -1 -1 
1 1 0.999999 0.999984 0.999896 0.999505 0.998098 0.993781 0.982205 0.954761 0.89802 0.801915 0.691832 0.609864 0.540757 0.465848 0.38689 0.309175 0.232022 0.154692 0.077341 -2.41994e-17 -0.077341 -0.154692 -0.232022 -0.309175 -0.38689 -0.465848 -0.540757 -0.609864 -0.691832 -0.801915 -0.89802 -0.954761 -0.982205 -0.993781 -0.998098 -0.999505 -0.999896 -0.999984 -0.999999 -1 -1 
1 1 0.999999 0.999989 0.999927 0.999647 0.998614 0.995368 0.986434 0.96458 0.917325 0.830935 0.715911 0.622487 0.550948 0.476766 0.39632 0.316319 0.237369 0.158286 0.0791361 -2.63136e-17 -0.0791361 -0.158286 -0.237369 -0.316319 -0.39632 -0.476766 -0.550948 -0.622487 -0.715911 -0.830935 -0.917325 -0.96458 -0.986434 -0.995368 -0.998614 -0.999647 -0.999927 -0.999989 -0.999999 -1 -1 
1 1 0.999999 0.999992 0.999949 0.999748 0.998992 0.99656 0.989703 0.97245 0.933681 0.858257 0.744131 0.637745 0.56114 0.487568 0.406312 0.323886 0.242948 0.162045 0.0810164 -2.84278e-17 -0.0810164 -0.162045 -0.242948 -0.323886 -0.406312 -0.487568 -0.56114 -0.637745 -0.744131 -0.858257 -0.933681 -0.97245 -0.989703 -0.99656 -0.998992 -0.999748 -0.999949 -0.999992 -0.999999 -1 -1 
1 1 1 0.999995 0.999964 0.999821 0.999268 0.997452 0.992215 0.978694 0.94728 0.882905 0.775031 0.656845 0.571869 0.498072 0.416758 0.331959 0.248785 0.165977 0.082988 -3.08998e-17 -0.082988 -0.165977 -0.248785 -0.331959 -0.416758 -0.498072 -0.571869 -0.656845 -0.775031 -0.882905 -0.94728 -0.978694 -0.992215 -0.997452 -0.999268 -0.999821 -0.999964 -0.999995 -1 -1 -1 
1 1 1 0.999996 0.999975 0.999873 0.999469 0.998118 0.994135 0.983605 0.958413 0.904465 0.806531 0.680741 0.583915 0.508249 0.427462 0.340604 0.254922 0.170089 0.0850576 -3.34043e-17 -0.0850576 -0.170089 -0.254922 -0.340604 -0.427462 -0.508249 -0.583915 -0.680741 -0.806531 -0.904465 -0.958413 -0.983605 -0.994135 -0.998118 -0.999469 -0.999873 -0.999975 -0.999996 -1 -1 -1 
1 1 1 0.999998 0.999983 0.999909 0.999616 0.998613 0.995595 0.987439 0.967411 0.922885 0.836706 0.709518 0.598318 0.518289 0.438182 0.349842 0.261423 0.174391 0.0872311 -3.60389e-17 -0.0872311 -0.174391 -0.261423 -0.349842 -0.438182 -0.518289 -0.598318 -0.709518 -0.836706 -0.922885 -0.967411 -0.987439 -0.995595 -0.998613 -0.999616 -0.999909 -0.999983 -0.999998 -1 -1 -1 
1 1 1 0.999998 0.999988 0.999936 0.999723 0.99898 0.996701 0.990415 0.974607 0.938322 0.864279 0.742031 0.61636 0.528628 0.448695 0.359626 0.26836 0.178899 0.0895145 -3.87711e-17 -0.0895145 -0.178899 -0.26836 -0.359626 -0.448695 -0.528628 -0.61636 -0.742031 -0.864279 -0.938322 -0.974607 -0.990415 -0.996701 -0.99898 -0.999723 -0.999936 -0.999988 -0.999998 -1 -1 -1 
1 1 1 0.999999 0.999992 0.999954 0.9998 0.999251 0.997536 0.992711 0.980313 0.951052 0.88864 0.776183 0.63931 0.539952 0.458884 0.369819 0.275812 0.183641 0.0919133 -4.20887e-17 -0.0919133 -0.183641 -0.275812 -0.369819 -0.458884 -0.539952 -0.63931 -0.776183 -0.88864 -0.951052 -0.980313 -0.992711 -0.997536 -0.999251 -0.9998 -0.999954 -0.999992 -0.999999 -1 -1 -1 
1 1 1 0.999999 0.999994 0.999968 0.999856 0.999451 0.998164 0.994475 0.984804 0.961412 0.909627 0.809699 0.667828 0.553211 0.468813 0.380216 0.283837 0.188656 0.0944335 -4.54714e-17 -0.0944335 -0.188656 -0.283837 -0.380216 -0.468813 -0.553211 -0.667828 -0.809699 -0.909627 -0.961412 -0.984804 -0.994475 -0.998164 -0.999451 -0.999856 -0.999968 -0.999994 -0.999999 -1 -1 -1 
1 1 1 0.999999 0.999996 0.999977 0.999896 0.999599 0.998635 0.995824 0.988316 0.969753 0.927347 0.84086 0.701348 0.569664 0.47878 0.390581 0.292449 0.194001 0.0970826 -4.89192e-17 -0.0970826 -0.194001 -0.292449 -0.390581 -0.47878 -0.569664 -0.701348 -0.84086 -0.927347 -0.969753 -0.988316 -0.995824 -0.998635 -0.999599 -0.999896 -0.999977 -0.999996 -0.999999 -1 -1 -1 
1 1 1 1 0.999997 0.999984 0.999925 0.999707 0.998987 0.996852 0.991047 0.976409 0.942059 0.868723 0.738002 0.590797 0.489335 0.400717 0.301597 0.199742 0.0998722 -5.2432e-17 -0.0998722 -0.199742 -0.301597 -0.400717 -0.489335 -0.590797 -0.738002 -0.868723 -0.942059 -0.976409 -0.991047 -0.996852 -0.998987 -0.999707 -0.999925 -0.999984 -0.999997 -1 -1 -1 -1 
1 1 1 1 0.999998 0.999989 0.999946 0.999786 0.99925 0.997633 0.993162 0.981681 0.954105 0.892948 0.775236 0.617882 0.501293 0.41055 0.311151 0.205949 0.10282 -5.65303e-17 -0.10282 -0.205949 -0.311151 -0.41055 -0.501293 -0.617882 -0.775236 -0.892948 -0.954105 -0.981681 -0.993162 -0.997633 -0.99925 -0.999786 -0.999946 -0.999989 -0.999998 -1 -1 -1 -1 
1 1 1 1 0.999999 0.999992 0.999962 0.999844 0.999446 0.998224 0.994792 0.985829 0.963856 0.913559 0.810735 0.651213 0.515783 0.420201 0.320915 0.212681 0.105954 -6.09538e-17 -0.105954 -0.212681 -0.320915 -0.420201 -0.515783 -0.651213 -0.810735 -0.913559 -0.963856 -0.985829 -0.994792 -0.998224 -0.999446 -0.999844 -0.999962 -0.999992 -0.999999 -1 -1 -1 -1 
1 1 1 1 0.999999 0.999994 0.999972 0.999887 0.999591 0.99867 0.996044 0.989076 0.971678 0.930784 0.843007 0.689582 0.534305 0.430037 0.330669 0.219963 0.109311 -6.55075e-17 -0.109311 -0.219963 -0.330669 -0.430037 -0.534305 -0.689582 -0.843007 -0.930784 -0.971678 -0.989076 -0.996044 -0.99867 -0.999591 -0.999887 -0.999972 -0.999994 -0.999999 -1 -1 -1 -1 
1 1 1 1 0.999999 0.999996 0.99998 0.999918 0.999699 0.999006 0.997003 0.991605 0.977903 0.944967 0.871381 0.730485 0.558569 0.440686 0.34023 0.227766 0.112938 -7.03864e-17 -0.112938 -0.227766 -0.34023 -0.440686 -0.558569 -0.730485 -0.871381 -0.944967 -0.977903 -0.991605 -0.997003 -0.999006 -0.999699 -0.999918 -0.99998 -0.999996 -0.999999 -1 -1 -1 -1 
1 1 1 1 1 0.999997 0.999986 0.99994 0.999778 0.999259 0.997734 0.993567 0.982826 0.956504 0.895728 0.771005 0.58986 0.453069 0.349532 0.235994 0.11689 -7.60459e-17 -0.11689 -0.235994 -0.349532 -0.453069 -0.58986 -0.771005 -0.895728 -0.956504 -0.982826 -0.993567 -0.997734 -0.999259 -0.999778 -0.99994 -0.999986 -0.999997 -1 -1 -1 -1 -1 
1 1 1 1 1 0.999998 0.99999 0.999957 0.999837 0.999448 0.998291 0.995083 0.986697 0.965796 0.916218 0.808808 0.628149 0.468489 0.358707 0.244492 0.121218 -8.24861e-17 -0.121218 -0.244492 -0.358707 -0.468489 -0.628149 -0.808808 -0.916218 -0.965796 -0.986697 -0.995083 -0.998291 -0.999448 -0.999837 -0.999957 -0.99999 -0.999998 -1 -1 -1 -1 -1 
1 1 1 1 1 0.999999 0.999993 0.999969 0.999881 0.99959 0.998713 0.996251 0.989727 0.97322 0.933186 0.842583 0.671662 0.488708 0.368137 0.253065 0.125962 -8.97719e-17 -0.125962 -0.253065 -0.368137 -0.488708 -0.671662 -0.842583 -0.933186 -0.97322 -0.989727 -0.996251 -0.998713 -0.99959 -0.999881 -0.999969 -0.999993 -0.999999 -1 -1 -1 -1 -1 
1 1 1 1 1 0.999999 0.999995 0.999977 0.999913 0.999696 0.999033 0.997148 0.992089 0.979112 0.947051 0.871873 0.717308 0.515726 0.378475 0.261535 0.131129 -9.83588e-17 -0.131129 -0.261535 -0.378475 -0.515726 -0.717308 -0.871873 -0.947051 -0.979112 -0.992089 -0.997148 -0.999033 -0.999696 -0.999913 -0.999977 -0.999995 -0.999999 -1 -1 -1 -1 -1 
1 1 1 1 1 0.999999 0.999996 0.999984 0.999936 0.999775 0.999275 0.997835 0.993923 0.983763 0.958259 0.896721 0.761774 0.550974 0.390699 0.269811 0.136683 -1.07466e-16 -0.136683 -0.269811 -0.390699 -0.550974 -0.761774 -0.896721 -0.958259 -0.983763 -0.993923 -0.997835 -0.999275 -0.999775 -0.999936 -0.999984 -0.999996 -0.999999 -1 -1 -1 -1 -1 
1 1 1 1 1 1 0.999997 0.999988 0.999953 0.999833 0.999457 0.998359 0.995343 0.987415 0.96724 0.917431 0.802617 0.594283 0.406239 0.277974 0.142538 -1.17354e-16 -0.142538 -0.277974 -0.406239 -0.594283 -0.802617 -0.917431 -0.96724 -0.987415 -0.995343 -0.998359 -0.999457 -0.999833 -0.999953 -0.999988 -0.999997 -1 -1 -1 -1 -1 -1 
1 1 1 1 1 1 0.999998 0.999991 0.999966 0.999877 0.999594 0.998759 0.996438 0.990272 0.974387 0.934438 0.838618 0.643467 0.427116 0.286345 0.148562 -1.27112e-16 -0.148562 -0.286345 -0.427116 -0.643467 -0.838618 -0.934438 -0.974387 -0.990272 -0.996438 -0.998759 -0.999594 -0.999877 -0.999966 -0.999991 -0.999998 -1 -1 -1 -1 -1 -1 
1 1 1 1 1 1 0.999999 0.999994 0.999975 0.999909 0.999697 0.999063 0.997282 0.992498 0.98004 0.948234 0.869476 0.694853 0.455741 0.295507 0.154602 -1.36479e-16 -0.154602 -0.295507 -0.455741 -0.694853 -0.869476 -0.948234 -0.98004 -0.992498 -0.997282 -0.999063 -0.999697 -0.999909 -0.999975 -0.999994 -0.999999 -1 -1 -1 -1 -1 -1 
1 1 1 1 1 1 0.999999 0.999996 0.999982 0.999933 0.999774 0.999294 0.99793 0.994228 0.984491 0.959316 0.895395 0.744559 0.493994 0.306376 0.160533 -1.45196e-16 -0.160533 -0.306376 -0.493994 -0.744559 -0.895395 -0.959316 -0.984491 -0.994228 -0.99793 -0.999294 -0.999774 -0.999933 -0.999982 -0.999996 -0.999999 -1 -1 -1 -1 -1 -1 
1 1 1 1 1 1 0.999999 0.999997 0.999987 0.999951 0.999832 0.999469 0.998426 0.995568 0.987981 0.96815 0.916809 0.789795 0.541972 0.320369 0.166337 -1.52482e-16 -0.166337 -0.320369 -0.541972 -0.789795 -0.916809 -0.96815 -0.987981 -0.995568 -0.998426 -0.999469 -0.999832 -0.999951 -0.999987 -0.999997 -0.999999 -1 -1 -1 -1 -1 -1 
1 1 1 1 1 1 1 0.999998 0.99999 0.999964 0.999875 0.999601 0.998805 0.996604 0.990706 0.975148 0.934254 0.829268 0.597409 0.33965 0.172166 -1.57947e-16 -0.172166 -0.33965 -0.597409 -0.829268 -0.934254 -0.975148 -0.990706 -0.996604 -0.998805 -0.999601 -0.999875 -0.999964 -0.99999 -0.999998 -1 -1 -1 -1 -1 -1 -1 
1 1 1 1 1 1 1 0.999998 0.999993 0.999973 0.999907 0.999701 0.999095 0.997402 0.992829 0.980664 0.948306 0.862773 0.656114 0.367132 0.178377 -1.6263e-16 -0.178377 -0.367132 -0.656114 -0.862773 -0.948306 -0.980664 -0.992829 -0.997402 -0.999095 -0.999701 -0.999907 -0.999973 -0.999993 -0.999998 -1 -1 -1 -1 -1 -1 -1 
1 1 1 1 1 1 1 0.999999 0.999995 0.999981 0.999931 0.999776 0.999315 0.998016 0.994478 0.984993 0.959521 0.890665 0.713324 0.405621 0.185586 -1.64061e-16 -0.185586 -0.405621 -0.713324 -0.890665 -0.959521 -0.984993 -0.994478 -0.998016 -0.999315 -0.999776 -0.999931 -0.999981 -0.999995 -0.999999 -1 -1 -1 -1 -1 -1 -1 
1 1 1 1 1 1 1 0.999999 0.999996 0.999986 0.999949 0.999832 0.999483 0.998488 0.995755 0.988379 0.968412 0.913526 0.765401 0.456267 0.194836 -1.65883e-16 -0.194836 -0.456267 -0.765401 -0.913526 -0.968412 -0.988379 -0.995755 -0.998488 -0.999483 -0.999832 -0.999949 -0.999986 -0.999996 -0.999999 -1 -1 -1 -1 -1 -1 -1 
1 1 1 1 1 1 1 0.999999 0.999997 0.99999 0.999962 0.999875 0.99961 0.998849 0.996742 0.991018 0.97542 0.932015 0.810607 0.51754 0.207959 -1.67444e-16 -0.207959 -0.51754 -0.810607 -0.932015 -0.97542 -0.991018 -0.996742 -0.998849 -0.99961 -0.999875 -0.999962 -0.99999 -0.999997 -0.999999 -1 -1 -1 -1 -1 -1 -1 
1 1 1 1 1 1 1 1 0.999998 0.999992 0.999972 0.999907 0.999706 0.999125 0.997504 0.993071 0.98092 0.946803 0.848686 0.585268 0.228003 -1.69526e-16 -0.228003 -0.585268 -0.848686 -0.946803 -0.98092 -0.993071 -0.997504 -0.999125 -0.999706 -0.999907 -0.999972 -0.999992 -0.999998 -1 -1 -1 -1 -1 -1 -1 -1 
1 1 1 1 1 1 1 1 0.999999 0.999994 0.999979 0.99993 0.999779 0.999336 0.998091 0.994663 0.985221 0.95853 0.880139 0.653628 0.259013 -1.73559e-16 -0.259013 -0.653628 -0.880139 -0.95853 -0.985221 -0.994663 -0.998091 -0.999336 -0.999779 -0.99993 -0.999979 -0.999994 -0.999999 -1 -1 -1 -1 -1 -1 -1 -1 
1 1 1 1 1 1 1 1 0.999999 0.999996 0.999985 0.999948 0.999834 0.999497 0.998542 0.995896 0.988573 0.967768 0.905736 0.717173 0.304443 -1.82016e-16 -0.304443 -0.717173 -0.905736 -0.967768 -0.988573 -0.995896 -0.998542 -0.999497 -0.999834 -0.999948 -0.999985 -0.999996 -0.999999 -1 -1 -1 -1 -1 -1 -1 -1 
1 1 1 1 1 1 1 1 0.999999 0.999997 0.999989 0.999962 0.999875 0.999619 0.998888 0.996849 0.99118 0.975009 0.926306 0.772696 0.365295 -2.04914e-16 -0.365295 -0.772696 -0.926306 -0.975009 -0.99118 -0.996849 -0.998888 -0.999619 -0.999875 -0.999962 -0.999989 -0.999997 -0.999999 -1 -1 -1 -1 -1 -1 -1 -1 
1 1 1 1 1 1 1 1 0.999999 0.999998 0.999992 0.999971 0.999907 0.999712 0.999153 0.997583 0.993202 0.980664 0.942655 0.819343 0.43951 -2.55915e-16 -0.43951 -0.819343 -0.942655 -0.980664 -0.993202 -0.997583 -0.999153 -0.999712 -0.999907 -0.999971 -0.999992 -0.999998 -0.999999 -1 -1 -1 -1 -1 -1 -1 -1 
1 1 1 1 1 1 1 1 1 0.999998 0.999994 0.999979 0.99993 0.999783 0.999355 0.998149 0.994768 0.985065 0.955533 0.857631 0.522008 -3.55835e-16 -0.522008 -0.857631 -0.955533 -0.985065 -0.994768 -0.998149 -0.999355 -0.999783 -0.99993 -0.999979 -0.999994 -0.999998 -1 -1 -1 -1 -1 -1 -1 -1 -1 
1 1 1 1 1 1 1 1 1 0.999999 0.999996 0.999984 0.999948 0.999836 0.99951 0.998585 0.995978 0.988482 0.965611 0.888595 0.605209 -5.59839e-16 -0.605209 -0.888595 -0.965611 -0.988482 -0.995978 -0.998585 -0.99951 -0.999836 -0.999948 -0.999984 -0.999996 -0.999999 -1 -1 -1 -1 -1 -1 -1 -1 -1 
1 1 1 1 1 1 1 1 1 0.999999 0.999997 0.999988 0.999961 0.999877 0.999628 0.998919 0.996912 0.991129 0.97346 0.913352 0.681552 -8.34619e-16 -0.681552 -0.913352 -0.97346 -0.991129 -0.996912 -0.998919 -0.999628 -0.999877 -0.999961 -0.999988 -0.999997 -0.999999 -1 -1 -1 -1 -1 -1 -1 -1 -1 
1 1 1 1 1 1 1 1 1 0.999999 0.999998 0.999991 0.999971 0.999907 0.999718 0.999175 0.997632 0.993175 0.979552 0.932941 0.746736 -1.13438e-15 -0.746736 -0.932941 -0.979552 -0.993175 -0.997632 -0.999175 -0.999718 -0.999907 -0.999971 -0.999991 -0.999998 -0.999999 -1 -1 -1 -1 -1 -1 -1 -1 -1 
1 1 1 1 1 1 1 1 1 1 0.999998 0.999994 0.999978 0.99993 0.999787 0.999372 0.998186 0.994755 0.984267 0.948291 0.800102 -1.44247e-15 -0.800102 -0.948291 -0.984267 -0.994755 -0.998186 -0.999372 -0.999787 -0.99993 -0.999978 -0.999994 -0.999998 -1 -1 -1 -1 -1 -1 -1 -1 -1 -1 
1 1 1 1 1 1 1 1 1 1 0.999999 0.999995 0.999984 0.999948 0.999839 0.999522 0.998612 0.995974 0.987909 0.960225 0.842894 -1.67561e-15 -0.842894 -0.960225 -0.987909 -0.995974 -0.998612 -0.999522 -0.999839 -0.999948 -0.999984 -0.999995 -0.999999 -1 -1 -1 -1 -1 -1 -1 -1 -1 -1 
1 1 1 1 1 1 1 1 1 1 0.999999 0.999997 0.999988 0.999961 0.999878 0.999636 0.998939 0.996912 0.990717 0.969451 0.876864 -1.90876e-15 -0.876864 -0.969451 -0.990717 -0.996912 -0.998939 -0.999636 -0.999878 -0.999961 -0.999988 -0.999997 -0.999999 -1 -1 -1 -1 -1 -1 -1 -1 -1 -1 
1 1 1 1 1 1 1 1 1 1 0.999999 0.999997 0.999991 0.999971 0.999908 0.999724 0.99919 0.997634 0.992879 0.976556 0.903689 -2.09195e-15 -0.903689 -0.976556 -0.992879 -0.997634 -0.99919 -0.999724 -0.999908 -0.999971 -0.999991 -0.999997 -0.999999 -1 -1 -1 -1 -1 -1 -1 -1 -1 -1 
1 1 1 1 1 1 1 1 1 1 1 0.999998 0.999993 0.999978 0.999931 0.999791 0.999382 0.998188 0.994541 0.982016 0.924799 -2.25848e-15 -0.924799 -0.982016 -0.994541 -0.998188 -0.999382 -0.999791 -0.999931 -0.999978 -0.999993 -0.999998 -1 -1 -1 -1 -1 -1 -1 -1 -1 -1 -1 
1 1 1 1 1 1 1 1 1 1 1 0.999999 0.999995 0.999984 0.999948 0.999841 0.999529 0.998614 0.995817 0.986207 0.941371 -2.3584e-15 -0.941371 -0.986207 -0.995817 -0.998614 -0.999529 -0.999841 -0.999948 -0.999984 -0.999995 -0.999999 -1 -1 -1 -1 -1 -1 -1 -1 -1 -1 -1 
1 1 1 1 1 1 1 1 1 1 1 0.999999 0.999996 0.999988 0.999961 0.99988 0.999642 0.998941 0.996797 0.989422 0.954354 -2.45832e-15 -0.954354 -0.989422 -0.996797 -0.998941 -0.999642 -0.99988 -0.999961 -0.999988 -0.999996 -0.999999 -1 -1 -1 -1 -1 -1 -1 -1 -1 -1 -1 
1 1 1 1 1 1 1 1 1 1 1 0.999999 0.999997 0.999991 0.999971 0.999909 0.999727 0.999191 0.997549 0.991888 0.964507 -2.54159e-15 -0.964507 -0.991888 -0.997549 -0.999191 -0.999727 -0.999909 -0.999971 -0.999991 -0.999997 -0.999999 -1 -1 -1 -1 -1 -1 -1 -1 -1 -1 -1 
1 1 1 1 1 1 1 1 1 1 1 0.999999 0.999998 0.999993 0.999978 0.999931 0.999793 0.999383 0.998125 0.99378 0.972433 -2.6082e-15 -0.972433 -0.99378 -0.998125 -0.999383 -0.999793 -0.999931 -0.999978 -0.999993 -0.999998 -0.999999 -1 -1 -1 -1 -1 -1 -1 -1 -1 -1 -1 
1 1 1 1 1 1 1 1 1 1 1 1 0.999999 0.999995 0.999983 0.999948 0.999843 0.999529 0.998566 0.99523 0.978612 -2.67481e-15 -0.978612 -0.99523 -0.998566 -0.999529 -0.999843 -0.999948 -0.999983 -0.999995 -0.999999 -1 -1 -1 -1 -1 -1 -1 -1 -1 -1 -1 -1 
1 1 1 1 1 1 1 1 1 1 1 1 0.999999 0.999996 0.999988 0.999961 0.999881 0.999641 0.998904 0.996343 0.983423 -2.75808e-15 -0.983423 -0.996343 -0.998904 -0.999641 -0.999881 -0.999961 -0.999988 -0.999996 -0.999999 -1 -1 -1 -1 -1 -1 -1 -1 -1 -1 -1 -1 
1 1 1 1 1 1 1 1 1 1 1 1 0.999999 0.999997 0.999991 0.999971 0.99991 0.999727 0.999163 0.997197 0.987164 -2.77473e-15 -0.987164 -0.997197 -0.999163 -0.999727 -0.99991 -0.999971 -0.999991 -0.999997 -0.999999 -1 -1 -1 -1 -1 -1 -1 -1 -1 -1 -1 -1 
1 1 1 1 1 1 1 1 1 1 1 1 0.999999 0.999998 0.999993 0.999978 0.999932 0.999792 0.999361 0.997852 0.99007 -2.82469e-15 -0.99007 -0.997852 -0.999361 -0.999792 -0.999932 -0.999978 -0.999993 -0.999998 -0.999999 -1 -1 -1 -1 -1 -1 -1 -1 -1 -1 -1 -1 
1 1 1 1 1 1 1 1 1 1 1 1 1 0.999998 0.999995 0.999983 0.999948 0.999842 0.999512 0.998354 0.992324 -2.858e-15 -0.992324 -0.998354 -0.999512 -0.999842 -0.999948 -0.999983 -0.999995 -0.999998 -1 -1 -1 -1 -1 -1 -1 -1 -1 -1 -1 -1 -1 
1 1 1 1 1 1 1 1 1 1 1 1 1 0.999999 0.999996 0.999988 0.999961 0.99988 0.999628 0.998739 0.994071 -2.89131e-15 -0.994071 -0.998739 -0.999628 -0.99988 -0.999961 -0.999988 -0.999996 -0.999999 -1 -1 -1 -1 -1 -1 -1 -1 -1 -1 -1 -1 -1 
1 1 1 1 1 1 1 1 1 1 1 1 1 0.999999 0.999997 0.999991 0.999971 0.999909 0.999716 0.999035 0.995424 -2.90796e-15 -0.995424 -0.999035 -0.999716 -0.999909 -0.999971 -0.999991 -0.999997 -0.999999 -1 -1 -1 -1 -1 -1 -1 -1 -1 -1 -1 -1 -1 
1 1 1 1 1 1 1 1 1 1 1 1 1 0.999999 0.999998 0.999993 0.999978 0.999931 0.999784 0.999261 0.996471 -2.90796e-15 -0.996471 -0.999261 -0.999784 -0.999931 -0.999978 -0.999993 -0.999998 -0.999999 -1 -1 -1 -1 -1 -1 -1 -1 -1 -1 -1 -1 -1 
1 1 1 1 1 1 1 1 1 1 1 1 1 1 0.999998 0.999995 0.999983 0.999948 0.999836 0.999435 0.99728 -2.90796e-15 -0.99728 -0.999435 -0.999836 -0.999948 -0.999983 -0.999995 -0.999998 -1 -1 -1 -1 -1 -1 -1 -1 -1 -1 -1 -1 -1 -1 
1 1 1 1 1 1 1 1 1 1 1 1 1 1 0.999999 0.999996 0.999987 0.99996 0.999875 0.999568 0.997905 -2.90796e-15 -0.997905 -0.999568 -0.999875 -0.99996 -0.999987 -0.999996 -0.999999 -1 -1 -1 -1 -1 -1 -1 -1 -1 -1 -1 -1 -1 -1 
1 1 1 1 1 1 1 1 1 1 1 1 1 1 0.999999 0.999997 0.999991 0.99997 0.999905 0.99967 0.998388 -2.89131e-15 -0.998388 -0.99967 -0.999905 -0.99997 -0.999991 -0.999997 -0.999999 -1 -1 -1 -1 -1 -1 -1 -1 -1 -1 -1 -1 -1 -1 
1 1 1 1 1 1 1 1 1 1 1 1 1 1 0.999999 0.999998 0.999993 0.999977 0.999928 0.999748 0.99876 -2.89131e-15 -0.99876 -0.999748 -0.999928 -0.999977 -0.999993 -0.999998 -0.999999 -1 -1 -1 -1 -1 -1 -1 -1 -1 -1 -1 -1 -1 -1 
1 1 1 1 1 1 1 1 1 1 1 1 1 1 1 0.999998 0.999995 0.999983 0.999945 0.999807 0.999047 -2.858e-15 -0.999047 -0.999807 -0.999945 -0.999983 -0.999995 -0.999998 -1 -1 -1 -1 -1 -1 -1 -1 -1 -1 -1 -1 -1 -1 -1 
1 1 1 1 1 1 1 1 1 1 1 1 1 1 1 0.999999 0.999996 0.999987 0.999958 0.999853 0.999268 -2.858e-15 -0.999268 -0.999853 -0.999958 -0.999987 -0.999996 -0.999999 -1 -1 -1 -1 -1 -1 -1 -1 -1 -1 -1 -1 -1 -1 -1 
1 1 1 1 1 1 1 1 1 1 1 1 1 1 1 0.999999 0.999997 0.99999 0.999968 0.999888 0.999438 -2.858e-15 -0.999438 -0.999888 -0.999968 -0.99999 -0.999997 -0.999999 -1 -1 -1 -1 -1 -1 -1 -1 -1 -1 -1 -1 -1 -1 -1 
1 1 1 1 1 1 1 1 1 1 1 1 1 1 1 0.999999 0.999998 0.999993 0.999976 0.999915 0.999569 -2.89131e-15 -0.999569 -0.999915 -0.999976 -0.999993 -0.999998 -0.999999 -1 -1 -1 -1 -1 -1 -1 -1 -1 -1 -1 -1 -1 -1 -1 
1 1 1 1 1 1 1 1 1 1 1 1 1 1 1 0.999999 0.999998 0.999994 0.999982 0.999935 0.999669 -2.858e-15 -0.999669 -0.999935 -0.999982 -0.999994 -0.999998 -0.999999 -1 -1 -1 -1 -1 -1 -1 -1 -1 -1 -1 -1 -1 -1 -1 
1 1 1 1 1 1 1 1 1 1 1 1 1 1 1 1 0.999999 0.999996 0.999986 0.999951 0.999747 -2.82469e-15 -0.999747 -0.999951 -0.999986 -0.999996 -0.999999 -1 -1 -1 -1 -1 -1 -1 -1 -1 -1 -1 -1 -1 -1 -1 -1 
1 1 1 1 1 1 1 1 1 1 1 1 1 1 1 1 0.999999 0.999997 0.99999 0.999962 0.999806 -2.79139e-15 -0.999806 -0.999962 -0.99999 -0.999997 -0.999999 -1 -1 -1 -1 -1 -1 -1 -1 -1 -1 -1 -1 -1 -1 -1 -1 
1 1 1 1 1 1 1 1 1 1 1 1 1 1 1 1 0.999999 0.999998 0.999992 0.999971 0.999852 -2.75808e-15 -0.999852 -0.999971 -0.999992 -0.999998 -0.999999 -1 -1 -1 -1 -1 -1 -1 -1 -1 -1 -1 -1 -1 -1 -1 -1 
1 1 1 1 1 1 1 1 1 1 1 1 1 1 1 1 0.999999 0.999998 0.999994 0.999978 0.999886 -2.74143e-15 -0.999886 -0.999978 -0.999994 -0.999998 -0.999999 -1 -1 -1 -1 -1 -1 -1 -1 -1 -1 -1 -1 -1 -1 -1 -1 
1 1 1 1 1 1 1 1 1 1 1 1 1 1 1 1 1 0.999999 0.999996 0.999983 0.999913 -2.72477e-15 -0.999913 -0.999983 -0.999996 -0.999999 -1 -1 -1 -1 -1 -1 -1 -1 -1 -1 -1 -1 -1 -1 -1 -1 -1 
1 1 1 1 1 1 1 1 1 1 1 1 1 1 1 1 1 0.999999 0.999997 0.999987 0.999934 -2.72477e-15 -0.999934 -0.999987 -0.999997 -0.999999 -1 -1 -1 -1 -1 -1 -1 -1 -1 -1 -1 -1 -1 -1 -1 -1 -1 
1 1 1 1 1 1 1 1 1 1 1 1 1 1 1 1 1 0.999999 0.999997 0.999991 0.999949 -2.72477e-15 -0.999949 -0.999991 -0.999997 -0.999999 -1 -1 -1 -1 -1 -1 -1 -1 -1 -1 -1 -1 -1 -1 -1 -1 -1 
1 1 1 1 1 1 1 1 1 1 1 1 1 1 1 1 1 0.999999 0.999998 0.999993 0.999961 -2.70812e-15 -0.999961 -0.999993 -0.999998 -0.999999 -1 -1 -1 -1 -1 -1 -1 -1 -1 -1 -1 -1 -1 -1 -1 -1 -1 
1 1 1 1 1 1 1 1 1 1 1 1 1 1 1 1 1 1 0.999999 0.999995 0.999971 -2.70812e-15 -0.999971 -0.999995 -0.999999 -1 -1 -1 -1 -1 -1 -1 -1 -1 -1 -1 -1 -1 -1 -1 -1 -1 -1 
1 1 1 1 1 1 1 1 1 1 1 1 1 1 1 1 1 1 0.999999 0.999996 0.999978 -2.72477e-15 -0.999978 -0.999996 -0.999999 -1 -1 -1 -1 -1 -1 -1 -1 -1 -1 -1 -1 -1 -1 -1 -1 -1 -1 
1 1 1 1 1 1 1 1 1 1 1 1 1 1 1 1 1 1 0.999999 0.999997 0.999983 -2.72477e-15 -0.999983 -0.999997 -0.999999 -1 -1 -1 -1 -1 -1 -1 -1 -1 -1 -1 -1 -1 -1 -1 -1 -1 -1 
1 1 1 1 1 1 1 1 1 1 1 1 1 1 1 1 1 1 0.999999 0.999998 0.999987 -2.72477e-15 -0.999987 -0.999998 -0.999999 -1 -1 -1 -1 -1 -1 -1 -1 -1 -1 -1 -1 -1 -1 -1 -1 -1 -1 
1 1 1 1 1 1 1 1 1 1 1 1 1 1 1 1 1 1 1 0.999998 0.99999 -2.75808e-15 -0.99999 -0.999998 -1 -1 -1 -1 -1 -1 -1 -1 -1 -1 -1 -1 -1 -1 -1 -1 -1 -1 -1 
1 1 1 1 1 1 1 1 1 1 1 1 1 1 1 1 1 1 1 0.999999 0.999992 -2.75808e-15 -0.999992 -0.999999 -1 -1 -1 -1 -1 -1 -1 -1 -1 -1 -1 -1 -1 -1 -1 -1 -1 -1 -1 
1 1 1 1 1 1 1 1 1 1 1 1 1 1 1 1 1 1 1 0.999999 0.999994 -2.75808e-15 -0.999994 -0.999999 -1 -1 -1 -1 -1 -1 -1 -1 -1 -1 -1 -1 -1 -1 -1 -1 -1 -1 -1 
1 1 1 1 1 1 1 1 1 1 1 1 1 1 1 1 1 1 1 0.999999 0.999996 -2.75808e-15 -0.999996 -0.999999 -1 -1 -1 -1 -1 -1 -1 -1 -1 -1 -1 -1 -1 -1 -1 -1 -1 -1 -1 
1 1 1 1 1 1 1 1 1 1 1 1 1 1 1 1 1 1 1 0.999999 0.999997 -2.75808e-15 -0.999997 -0.999999 -1 -1 -1 -1 -1 -1 -1 -1 -1 -1 -1 -1 -1 -1 -1 -1 -1 -1 -1 
1 1 1 1 1 1 1 1 1 1 1 1 1 1 1 1 1 1 1 1 0.999997 -2.75808e-15 -0.999997 -1 -1 -1 -1 -1 -1 -1 -1 -1 -1 -1 -1 -1 -1 -1 -1 -1 -1 -1 -1 
1 1 1 1 1 1 1 1 1 1 1 1 1 1 1 1 1 1 1 1 0.999998 -2.75808e-15 -0.999998 -1 -1 -1 -1 -1 -1 -1 -1 -1 -1 -1 -1 -1 -1 -1 -1 -1 -1 -1 -1 
1 1 1 1 1 1 1 1 1 1 1 1 1 1 1 1 1 1 1 1 0.999999 -2.75808e-15 -0.999999 -1 -1 -1 -1 -1 -1 -1 -1 -1 -1 -1 -1 -1 -1 -1 -1 -1 -1 -1 -1 
1 1 1 1 1 1 1 1 1 1 1 1 1 1 1 1 1 1 1 1 0.999999 -2.75808e-15 -0.999999 -1 -1 -1 -1 -1 -1 -1 -1 -1 -1 -1 -1 -1 -1 -1 -1 -1 -1 -1 -1 
1 1 1 1 1 1 1 1 1 1 1 1 1 1 1 1 1 1 1 1 0.999999 -2.75808e-15 -0.999999 -1 -1 -1 -1 -1 -1 -1 -1 -1 -1 -1 -1 -1 -1 -1 -1 -1 -1 -1 -1 
1 1 1 1 1 1 1 1 1 1 1 1 1 1 1 1 1 1 1 1 0.999999 -2.75808e-15 -0.999999 -1 -1 -1 -1 -1 -1 -1 -1 -1 -1 -1 -1 -1 -1 -1 -1 -1 -1 -1 -1 
1 1 1 1 1 1 1 1 1 1 1 1 1 1 1 1 1 1 1 1 1 -2.77473e-15 -1 -1 -1 -1 -1 -1 -1 -1 -1 -1 -1 -1 -1 -1 -1 -1 -1 -1 -1 -1 -1 
1 1 1 1 1 1 1 1 1 1 1 1 1 1 1 1 1 1 1 1 1 -2.77473e-15 -1 -1 -1 -1 -1 -1 -1 -1 -1 -1 -1 -1 -1 -1 -1 -1 -1 -1 -1 -1 -1 
1 1 1 1 1 1 1 1 1 1 1 1 1 1 1 1 1 1 1 1 1 -2.75808e-15 -1 -1 -1 -1 -1 -1 -1 -1 -1 -1 -1 -1 -1 -1 -1 -1 -1 -1 -1 -1 -1 
1 1 1 1 1 1 1 1 1 1 1 1 1 1 1 1 1 1 1 1 1 -2.75808e-15 -1 -1 -1 -1 -1 -1 -1 -1 -1 -1 -1 -1 -1 -1 -1 -1 -1 -1 -1 -1 -1 
1 1 1 1 1 1 1 1 1 1 1 1 1 1 1 1 1 1 1 1 1 -2.75808e-15 -1 -1 -1 -1 -1 -1 -1 -1 -1 -1 -1 -1 -1 -1 -1 -1 -1 -1 -1 -1 -1 
1 1 1 1 1 1 1 1 1 1 1 1 1 1 1 1 1 1 1 1 1 -2.75808e-15 -1 -1 -1 -1 -1 -1 -1 -1 -1 -1 -1 -1 -1 -1 -1 -1 -1 -1 -1 -1 -1 
