1 1 0.9875 0.975 0.9625 0.95 0.9375 0.925 0.9125 0.9 0.8875 0.875 0.8625 0.85 0.8375 0.825 0.8125 0.8 0.7875 0.775 0.7625 0.75 0.7375 0.725 0.7125 0.7 0.6875 0.675 0.6625 0.65 0.6375 0.625 0.6125 0.6 0.5875 0.575 0.5625 0.55 0.5375 0.525 0.5125 0.5 0.5 
1 1 1.00236 0.98475 0.972125 0.9595 0.946875 0.93425 0.921625 0.909 0.896375 0.88375 0.871125 0.8585 0.845875 0.83325 0.820625 0.808 0.795375 0.78275 0.770125 0.7575 0.744875 0.73225 0.719625 0.707 0.694375 0.68175 0.669125 0.6565 0.643875 0.63125 0.618625 0.606 0.593375 0.58075 0.568125 0.5555 0.542875 0.53025 0.517625 0.502516 0.5 
1 1 1.00047 1.0056 0.979977 0.969168 0.956416 0.943664 0.930912 0.918159 0.905407 0.892655 0.879903 0.86715 0.854398 0.841646 0.828894 0.816142 0.803389 0.790637 0.777885 0.765133 0.752381 0.739628 0.726876 0.714124 0.701372 0.688619 0.675867 0.663115 0.650363 0.637611 0.624858 0.612106 0.599354 0.586602 0.57385 0.561097 0.548345 0.535593 0.523347 0.507576 0.497484 
1 1 0.999719 1.00189 1.0086 0.974068 0.966119 0.953237 0.940356 0.927474 0.914592 0.901711 0.888829 0.875948 0.863066 0.850184 0.837303 0.824421 0.81154 0.798658 0.785777 0.772895 0.760013 0.747132 0.73425 0.721369 0.708487 0.695605 0.682724 0.669842 0.656961 0.644079 0.631198 0.618316 0.605434 0.592553 0.579671 0.56679 0.553908 0.541026 0.529063 0.513944 0.492424 
1 1 0.999942 0.998441 1.00497 1.00733 0.971038 0.962977 0.949964 0.93695 0.923937 0.910924 0.897911 0.884898 0.871884 0.858871 0.845858 0.832845 0.819832 0.806818 0.793805 0.780792 0.767779 0.754766 0.741752 0.728739 0.715726 0.702713 0.6897 0.676686 0.663673 0.65066 0.637647 0.624634 0.61162 0.598607 0.585594 0.572581 0.559568 0.546554 0.534542 0.522656 0.486056 
1 1 1.00003 0.999586 0.997889 1.00733 1.00574 0.967936 0.959781 0.946634 0.933486 0.920338 0.90719 0.894043 0.880895 0.867747 0.8546 0.841452 0.828304 0.815157 0.802009 0.788861 0.775714 0.762566 0.749418 0.736271 0.723123 0.709975 0.696827 0.68368 0.670532 0.657384 0.644237 0.631089 0.617941 0.604794 0.591646 0.578498 0.565351 0.552203 0.539427 0.529988 0.477344 
1 1 1.00001 1.0003 0.998879 0.999814 1.00829 1.00254 0.964775 0.956518 0.943233 0.929948 0.916663 0.903378 0.890093 0.876808 0.863523 0.850238 0.836953 0.823668 0.810383 0.797098 0.783813 0.770528 0.757243 0.743958 0.730673 0.717388 0.704103 0.690818 0.677533 0.664249 0.650964 0.637679 0.624394 0.611109 0.597824 0.584539 0.571254 0.557969 0.54482 0.535213 0.470012 
1 1 0.999996 1.00007 1 0.998331 1.00228 1.01168 0.995982 0.961541 0.953175 0.93975 0.926325 0.9129 0.899475 0.88605 0.872625 0.8592 0.845775 0.83235 0.818925 0.8055 0.792075 0.77865 0.765225 0.7518 0.738375 0.72495 0.711525 0.6981 0.684675 0.67125 0.657825 0.6444 0.630975 0.61755 0.604125 0.5907 0.577275 0.56385 0.550474 0.540547 0.464787 
1 1 0.999999 1.00001 1.00011 0.999599 0.996022 1.00733 1.02071 0.982264 0.958217 0.949727 0.936159 0.922591 0.909024 0.895456 0.881889 0.868321 0.854754 0.841186 0.827619 0.814051 0.800484 0.786916 0.773349 0.759781 0.746214 0.732646 0.719079 0.705511 0.691944 0.678376 0.664809 0.651241 0.637674 0.624106 0.610538 0.596971 0.583403 0.569836 0.556286 0.54614 0.459453 
1 1 1 0.999992 1.00004 1.0004 0.998417 0.993151 1.01538 1.0271 0.968196 0.954758 0.946114 0.932402 0.91869 0.904979 0.891267 0.877555 0.863843 0.850131 0.83642 0.822708 0.808996 0.795284 0.781572 0.767861 0.754149 0.740437 0.726725 0.713013 0.699302 0.68559 0.671878 0.658166 0.644454 0.630743 0.617031 0.603319 0.589607 0.575895 0.56219 0.55189 0.45386 
1 1 1 0.999998 0.999963 1.00016 1.00151 0.995692 0.989155 1.02661 1.02403 0.959737 0.952568 0.94236 0.928502 0.914644 0.900785 0.886927 0.873069 0.859211 0.845353 0.831494 0.817636 0.803778 0.78992 0.776061 0.762203 0.748345 0.734487 0.720628 0.70677 0.692912 0.679054 0.665195 0.651337 0.637479 0.623621 0.609762 0.595904 0.582046 0.56819 0.557762 0.44811 
1 1 1 1 0.999988 0.999851 1.00062 1.00275 0.991679 0.997192 1.02815 1.01272 0.956346 0.951188 0.938529 0.924521 0.910513 0.896505 0.882497 0.86849 0.854482 0.840474 0.826466 0.812458 0.79845 0.784442 0.770434 0.756426 0.742419 0.728411 0.714403 0.700395 0.686387 0.672379 0.658371 0.644363 0.630355 0.616347 0.60234 0.588332 0.574324 0.563778 0.442238 
1 1 1 1 1.00001 0.999948 0.999425 1.00168 1.00027 0.988636 1.00805 1.03704 0.991291 0.954996 0.949124 0.934598 0.920437 0.906277 0.892116 0.877956 0.863795 0.849635 0.835474 0.821313 0.807153 0.792992 0.778832 0.764671 0.750511 0.73635 0.722189 0.708029 0.693868 0.679708 0.665547 0.651386 0.637226 0.623065 0.608905 0.594744 0.580584 0.56992 0.436222 
1 1 1 1 1 1.00004 0.999782 0.99994 1.00245 0.99647 0.981745 1.02552 1.04437 0.969266 0.95341 0.946083 0.930361 0.916177 0.901862 0.887546 0.873231 0.858916 0.844601 0.830285 0.81597 0.801655 0.78734 0.773024 0.758709 0.744394 0.730078 0.715763 0.701448 0.687133 0.672817 0.658502 0.644187 0.629872 0.615556 0.601241 0.586926 0.576145 0.43008 
1 1 1 1 0.999998 1.00001 0.999981 0.999698 1.00065 1.0056 0.988352 0.976924 1.04437 1.03886 0.95874 0.951372 0.941949 0.925634 0.911751 0.897279 0.882807 0.868334 0.853862 0.83939 0.824918 0.810445 0.795973 0.781501 0.767029 0.752557 0.738084 0.723612 0.70914 0.694668 0.680195 0.665723 0.651251 0.636779 0.622306 0.607834 0.593362 0.582463 0.423855 
1 1 1 1 1 1 1.00003 0.999889 0.999192 1.00252 1.00802 0.979026 0.992155 1.04763 1.02106 0.954797 0.951218 0.937202 0.920796 0.907226 0.892593 0.877961 0.863328 0.848695 0.834063 0.81943 0.804797 0.790165 0.775532 0.760899 0.746267 0.731634 0.717001 0.702369 0.687736 0.673103 0.658471 0.643838 0.629205 0.614573 0.59994 0.58892 0.417537 
1 1 1 1 1 0.999998 1.00001 1.00011 0.999615 0.997867 1.00591 1.00103 0.97226 1.01444 1.06248 0.986955 0.953813 0.950558 0.932332 0.916003 0.902567 0.887771 0.872975 0.858179 0.843382 0.828586 0.81379 0.798994 0.784198 0.769402 0.754605 0.739809 0.725013 0.710217 0.695421 0.680624 0.665828 0.651032 0.636236 0.62144 0.606644 0.5955 0.41108 
1 1 1 1 1 0.999999 0.999992 1.00004 1.00035 0.998813 0.999842 1.00838 0.989958 0.964324 1.04348 1.06945 0.956147 0.952884 0.949292 0.926606 0.911168 0.897662 0.882701 0.867739 0.852778 0.837817 0.822856 0.807895 0.792934 0.777973 0.763012 0.748051 0.73309 0.718129 0.703168 0.688207 0.673246 0.658285 0.643324 0.628363 0.613402 0.602135 0.4045 
1 1 1 1 1 1 0.999997 0.999966 1.00016 0.999965 0.998302 1.00274 1.01316 0.973632 0.963518 1.06945 1.04432 0.954163 0.953114 0.947791 0.919204 0.906562 0.892579 0.877451 0.862322 0.847194 0.832065 0.816937 0.801809 0.78668 0.771552 0.756423 0.741295 0.726166 0.711038 0.695909 0.680781 0.665652 0.650524 0.635395 0.620267 0.608873 0.397865 
1 1 1 1 1 1 1 0.999987 1.00002 1.00026 0.999399 0.996083 1.00864 1.01033 0.963518 0.988901 1.08358 1.0029 0.953861 0.954592 0.944036 0.911285 0.902295 0.887381 0.872081 0.856782 0.841482 0.826182 0.810883 0.795583 0.780283 0.764984 0.749684 0.734384 0.719085 0.703785 0.688485 0.673185 0.657886 0.642586 0.627286 0.615764 0.391127 
1 1 1 1 1 1 1 0.999998 0.999973 1.0001 1.00067 0.997893 0.998083 1.01033 0.99763 0.951837 1.02992 1.09431 0.960017 0.954077 0.95875 0.932419 0.907242 0.897277 0.881932 0.866459 0.850987 0.835514 0.820042 0.804569 0.789097 0.773624 0.758152 0.74268 0.727207 0.711735 0.696262 0.68079 0.665317 0.649845 0.634372 0.622719 0.384236 
1 1 1 1 1 1 1 1 0.999989 0.999915 1.00034 0.999918 0.997806 1.00148 1.01616 0.975262 0.943406 1.07426 1.06501 0.954077 0.955483 0.959532 0.921834 0.902288 0.891866 0.87626 0.860613 0.844965 0.829318 0.81367 0.798023 0.782375 0.766728 0.75108 0.735433 0.719785 0.704138 0.68849 0.672843 0.657195 0.641548 0.629763 0.377281 
1 1 1 1 1 1 1 1 1.00001 0.999961 1.00002 1.00055 0.999061 0.996001 1.00787 1.02028 0.951469 0.975953 1.07968 1.03018 0.953482 0.957646 0.96105 0.909287 0.897458 0.886457 0.870641 0.854811 0.838981 0.823152 0.807322 0.791492 0.775662 0.759832 0.744002 0.728173 0.712343 0.696513 0.680683 0.664853 0.649023 0.637102 0.370237 
1 1 1 1 1 1 1 1 1 0.999996 0.999931 1.00021 1.00127 0.997159 0.994411 1.01561 1.00174 0.940542 1.01861 1.0976 0.98112 0.953219 0.960109 0.953073 0.901378 0.894978 0.880849 0.864838 0.848822 0.832807 0.816791 0.800776 0.78476 0.768745 0.752729 0.736713 0.720698 0.704682 0.688667 0.672651 0.656636 0.644574 0.362898 
1 1 1 1 1 1 1 1 1 1.00001 0.999973 0.999804 1.0007 1.00164 0.994914 1.00008 1.02199 0.973802 0.932982 1.06657 1.08903 0.953219 0.955305 0.962848 0.935635 0.899138 0.890949 0.874932 0.85873 0.842528 0.826326 0.810123 0.793921 0.777718 0.761516 0.745313 0.729111 0.712908 0.696706 0.680503 0.664301 0.652098 0.355426 
1 1 1 1 1 1 1 1 0.999999 1 1.00002 0.999903 0.999693 1.0013 0.999849 0.992489 1.00952 1.02615 0.944548 0.95068 1.08903 1.05509 0.952378 0.958999 0.967031 0.916697 0.896168 0.885285 0.868951 0.852556 0.836161 0.819765 0.80337 0.786975 0.77058 0.754184 0.737789 0.721394 0.704998 0.688603 0.672208 0.65986 0.347902 
1 1 1 1 1 1 1 1 1 0.999998 1.00001 1.00007 0.99977 1.00012 1.00197 0.996813 0.990654 1.02006 1.00361 0.942115 0.989676 1.1077 1.00223 0.951515 0.964184 0.965193 0.902887 0.890974 0.879397 0.862824 0.846231 0.829639 0.813046 0.796453 0.77986 0.763268 0.746675 0.730082 0.713489 0.696896 0.680304 0.667807 0.34014 
1 1 1 1 1 1 1 1 1 0.999999 0.999993 1.00004 0.999985 0.999616 1.00088 1.00275 0.992861 0.998709 1.02746 0.973502 0.921686 1.05312 1.11837 0.951515 0.954717 0.965193 0.952634 0.894794 0.888216 0.873157 0.856372 0.839581 0.822789 0.805998 0.789206 0.772414 0.755623 0.738831 0.722039 0.705248 0.688456 0.67581 0.332193 
1 1 1 1 1 1 1 1 1 1 0.999997 1 1.00006 0.999844 0.999307 1.00208 0.99992 0.990353 1.01081 1.03064 0.938283 0.909611 1.11837 1.07504 0.950344 0.96019 0.96975 0.928706 0.89238 0.883697 0.866657 0.849665 0.832672 0.815679 0.798685 0.781692 0.764699 0.747706 0.730712 0.713719 0.696726 0.683928 0.32419 
1 1 1 1 1 1 1 1 1 1 0.999999 0.999993 1.00003 1.00015 0.99954 1.0001 1.00301 0.99562 0.988735 1.0236 1.02227 0.909611 0.96695 1.14168 1.00803 0.950072 0.966541 0.970058 0.908073 0.889056 0.87722 0.859978 0.842794 0.825594 0.808394 0.791194 0.773994 0.756794 0.739595 0.722395 0.705195 0.692241 0.316072 
1 1 1 1 1 1 1 1 1 1 1 0.999997 0.99998 1.00008 0.999966 0.999316 1.00135 1.00337 0.990948 0.999018 1.02417 0.984918 0.889248 1.0526 1.14845 0.950072 0.953095 0.970058 0.960834 0.894948 0.883927 0.870368 0.852929 0.835544 0.818137 0.80073 0.783323 0.765916 0.748508 0.731101 0.713694 0.700584 0.307759 
1 1 1 1 1 1 1 1 1 1 1 1 0.999989 1.00001 1.00013 0.999686 0.999223 1.00267 0.999576 0.987785 1.01209 1.03878 0.925302 0.87991 1.13718 1.09507 0.94908 0.960706 0.973182 0.938219 0.888085 0.879755 0.863291 0.845653 0.828058 0.810439 0.792821 0.775203 0.757585 0.739966 0.722348 0.709079 0.299416 
1 1 1 1 1 1 1 1 1 1 1 1 0.999998 0.99998 1.00006 1.00016 0.999386 1.00024 1.00393 0.993853 0.985425 1.02909 1.03253 0.87991 0.954644 1.15995 1.02224 0.948667 0.968925 0.978049 0.909147 0.884826 0.873642 0.856146 0.838302 0.820484 0.802648 0.784811 0.766974 0.749138 0.731301 0.717868 0.290921 
1 1 1 1 1 1 1 1 1 1 1 1 1 0.999991 0.999972 1.00013 0.999921 0.99906 1.00198 1.00424 0.987732 0.996315 1.03253 0.980558 0.856233 1.06137 1.17277 0.951758 0.949403 0.978049 0.969034 0.891607 0.878887 0.866579 0.848619 0.830565 0.812521 0.794465 0.776409 0.758353 0.740297 0.726699 0.282132 
1 1 1 1 1 1 1 1 1 1 1 1 1 1 0.999978 1.00002 1.0002 0.999506 0.998988 1.00369 0.998949 0.984648 1.01333 1.05008 0.900281 0.849354 1.16573 1.11344 0.949403 0.959217 0.980953 0.942492 0.882686 0.875388 0.859042 0.840794 0.822522 0.804251 0.785972 0.767694 0.749415 0.73565 0.273301 
1 1 1 1 1 1 1 1 1 1 1 1 0.999999 1 0.999997 0.999962 1.00011 1.00022 0.999104 1.00046 1.00545 0.991141 0.980771 1.03695 1.0311 0.849354 0.946976 1.19336 1.02649 0.946296 0.972976 0.98691 0.90551 0.879754 0.869755 0.85133 0.832836 0.814337 0.795831 0.777324 0.758816 0.744877 0.26435 
1 1 1 1 1 1 1 1 1 1 1 1 1 1 1.00001 0.999981 0.999961 1.00019 0.999854 0.998642 1.003 1.00545 0.98289 0.998956 1.03919 0.959882 0.823029 1.08177 1.20368 0.946296 0.947051 0.986518 0.972556 0.885618 0.875098 0.861864 0.843163 0.824438 0.805705 0.786968 0.768231 0.754119 0.255123 
1 1 1 1 1 1 1 1 1 1 1 1 1 0.999999 1 1.00001 0.999966 1.00004 1.00031 0.999221 0.998647 1.00527 0.997797 0.977622 1.02269 1.05467 0.862015 0.825398 1.20368 1.13019 0.9461 0.961634 0.990605 0.936498 0.878931 0.870996 0.853649 0.8347 0.815737 0.796768 0.777798 0.76351 0.245881 
1 1 1 1 1 1 1 1 1 1 1 1 1 1 0.999999 1 0.999992 0.999942 1.00018 1.0003 0.998667 1.00086 1.00771 0.985928 0.977246 1.04808 1.00525 0.825398 0.948607 1.24059 1.01971 0.942458 0.981138 0.988788 0.900635 0.875569 0.864364 0.845216 0.82602 0.806814 0.787605 0.773137 0.23649 
1 1 1 1 1 1 1 1 1 1 1 1 1 1 0.999999 1 1.00001 0.999966 0.99995 1.0003 0.999721 0.998029 1.00469 1.00543 0.977246 1.00182 1.06078 0.904389 0.79787 1.11476 1.22956 0.942458 0.952289 0.988788 0.968693 0.881855 0.869671 0.855666 0.836248 0.816807 0.797361 0.782715 0.226863 
1 1 1 1 1 1 1 1 1 1 1 1 1 1 1 0.999999 1 1 0.99995 1.00007 1.00047 0.998754 0.999871 1.00543 0.995422 0.969783 1.03744 1.04839 0.812836 0.83003 1.22956 1.14532 0.940107 0.971862 0.994024 0.928542 0.873618 0.864955 0.846819 0.82714 0.807449 0.792619 0.217285 
1 1 1 1 1 1 1 1 1 1 1 1 1 1 1 0.999999 1 1 0.999985 0.999913 1.00029 0.999871 0.998418 1.00253 1.00838 0.979728 0.985826 1.04839 0.955463 0.811458 0.971247 1.27087 1.01887 0.941988 0.989973 0.988929 0.891286 0.869806 0.857458 0.837734 0.817794 0.802775 0.207381 
1 1 1 1 1 1 1 1 1 1 1 1 1 1 1 1 0.999999 1 1.00001 0.999946 1.00005 1.0004 0.999068 0.998091 1.00653 0.997657 0.978258 1.01213 1.05575 0.849869 0.782933 1.15808 1.24793 0.941988 0.960795 0.990229 0.960328 0.87565 0.863619 0.848192 0.828059 0.812853 0.197225 
1 1 1 1 1 1 1 1 1 1 1 1 1 1 1 1 0.999999 0.999998 1.00001 0.999987 0.999915 1.00025 1.00035 0.99829 1.00111 1.009 0.984897 0.976216 1.04114 1.01065 0.782933 0.855391 1.24793 1.15674 0.940191 0.980956 0.997143 0.914068 0.86787 0.857846 0.838746 0.82339 0.187147 
1 1 1 1 1 1 1 1 1 1 1 1 1 1 1 1 1 0.999999 1 1.00001 0.999948 0.999969 1.00035 0.999608 0.997492 1.00572 1.00576 0.976216 0.999158 1.05016 0.894396 0.775925 1.0247 1.29198 1.02078 0.945589 0.997143 0.988747 0.876015 0.863068 0.849016 0.834496 0.17661 
1 1 1 1 1 1 1 1 1 1 1 1 1 1 1 1 1 1 0.999998 1.00001 0.999989 0.999943 1.00013 1.00052 0.998343 1.0006 1.00576 0.994344 0.970771 1.03216 1.02942 0.795938 0.795692 1.1906 1.26075 0.945589 0.966135 0.999028 0.942951 0.866808 0.856525 0.845701 0.165504 
1 1 1 1 1 1 1 1 1 1 1 1 1 1 1 1 1 1 0.999999 1 1.00001 0.99996 0.999893 1.00039 0.999725 0.997735 1.0039 1.00875 0.978308 0.993147 1.03299 0.929498 0.795692 0.887172 1.26075 1.1662 0.943505 0.988688 0.999822 0.89383 0.859458 0.854386 0.154299 
1 1 1 1 1 1 1 1 1 1 1 1 1 1 1 1 1 1 1 0.999998 1.00001 1.00001 0.999914 1.00007 1.00057 0.998577 0.998018 1.00762 0.997498 0.974443 1.0168 1.03198 0.830892 0.784175 1.06032 1.30613 1.02544 0.953965 0.999822 0.976631 0.862215 0.857127 0.145614 
1 1 1 1 1 1 1 1 1 1 1 1 1 1 1 1 1 1 1 0.999999 0.999999 1.00001 0.999976 0.999878 1.00036 1.00014 0.998018 1.00172 1.00987 0.982212 0.981448 1.03198 0.968718 0.784175 0.808825 1.2235 1.26919 0.953965 0.972384 1.00438 0.915619 0.85979 0.142873 
1 1 1 1 1 1 1 1 1 1 1 1 1 1 1 1 1 1 1 1 0.999999 1 1.00002 0.999916 1.00006 1.00042 0.999209 0.997045 1.00705 1.00005 0.981448 0.999914 1.04597 0.848759 0.783691 0.934754 1.26919 1.17483 0.951317 0.99433 0.994318 0.89531 0.14021 
1 1 1 1 1 1 1 1 1 1 1 1 1 1 1 1 1 1 1 1 0.999999 0.999997 1.00002 0.999984 0.999879 1.00028 1.00065 0.997725 1.00073 1.00887 0.988667 0.976637 1.02802 1 0.783691 0.756742 1.13309 1.31459 1.03402 0.967954 0.994333 1.00705 0.10469 
1 1 1 1 1 1 1 1 1 1 1 1 1 1 1 1 1 1 1 1 1 0.999998 1 1.00002 0.999924 0.999914 1.00055 0.999506 0.99707 1.00573 1.007 0.977783 0.996678 1.0341 0.896909 0.756742 0.781504 1.31459 1.27476 0.967954 0.970838 1.00705 -0.00704986 
1 1 1 1 1 1 1 1 1 1 1 1 1 1 1 1 1 1 1 1 1 0.999999 0.999996 1.00002 0.99999 0.999914 1.00016 1.00077 0.997916 0.999674 1.007 0.995426 0.973869 1.02243 1.01428 0.790511 0.757951 0.986552 1.33655 1.14691 0.967431 0.986963 -0.00704986 
1 1 1 1 1 1 1 1 1 1 1 1 1 1 1 1 1 1 1 1 1 1 0.999998 1 1.00002 0.999944 0.999865 1.00056 0.999626 0.99757 1.00365 1.00875 0.980187 0.993419 1.02418 0.921533 0.757951 0.754698 1.20572 1.35026 1.0186 0.975538 0.013037 
1 1 1 1 1 1 1 1 1 1 1 1 1 1 1 1 1 1 1 1 1 1 0.999999 0.999996 1.00001 1.00001 0.999888 1.00015 1.00073 0.998235 0.998235 1.00752 0.997015 0.977843 1.01364 1.02337 0.79812 0.754698 0.83434 1.35026 1.27678 0.999878 0.0244616 
1 1 1 1 1 1 1 1 1 1 1 1 1 1 1 1 1 1 1 1 1 1 1 0.999998 1 1.00001 0.999961 0.999841 1.00054 0.999712 0.998235 1.002 1.00889 0.983424 0.986642 1.02337 0.939642 0.754698 0.755602 1.05762 1.38795 1.27397 0.000121713 
1 1 1 1 1 1 1 1 1 1 1 1 1 1 1 1 1 1 1 1 1 1 1 0.999999 0.999997 1.00001 1.00002 0.999879 1.00014 1.00061 0.99866 0.99784 1.00689 0.998045 0.982982 1.00393 1.03034 0.801677 0.754815 0.791646 1.26368 1.44136 -0.273971 
1 1 1 1 1 1 1 1 1 1 1 1 1 1 1 1 1 1 1 1 1 1 1 1 0.999998 0.999999 1.00002 0.999959 0.999861 1.00048 1.0002 0.99784 1.00186 1.00712 0.987107 0.984972 1.02284 0.938175 0.754815 0.75928 0.877616 1.44136 -0.441362 
1 1 1 1 1 1 1 1 1 1 1 1 1 1 1 1 1 1 1 1 1 1 1 1 0.999999 0.999997 1.00001 1.00002 0.999888 1.00014 1.00051 0.998991 0.99816 1.00565 0.999352 0.984972 1.00174 1.02635 0.798867 0.755516 0.764219 1.14009 -0.441362 
1 1 1 1 1 1 1 1 1 1 1 1 1 1 1 1 1 1 1 1 1 1 1 1 1 0.999998 0.999997 1.00002 0.999981 0.99983 1.00038 1.00059 0.99821 1.00039 1.00819 0.99058 0.981351 1.01754 0.96818 0.755516 0.754885 0.893654 -0.140091 
1 1 1 1 1 1 1 1 1 1 1 1 1 1 1 1 1 1 1 1 1 1 1 1 1 1 0.999997 1 1.00004 0.99992 0.999782 1.00059 1.00008 0.996963 1.00374 1.01124 0.981678 0.989103 1.04332 0.863377 0.754885 0.803725 0.106346 
1 1 1 1 1 1 1 1 1 1 1 1 1 1 1 1 1 1 1 1 1 1 1 1 1 1 1 0.999994 1.00001 1.00006 0.999835 0.99997 1.00086 0.998959 0.995649 1.00834 1.00427 0.977841 1.00673 1.05138 0.765736 0.774541 0.196275 
1 1 1 1 1 1 1 1 1 1 1 1 1 1 1 1 1 1 1 1 1 1 1 1 1 1 1 0.999998 0.999985 1.00004 1.00001 0.999764 1.00029 1.00166 0.996904 0.998664 1.01049 0.994663 0.967624 1.03371 0.963209 0.769381 0.225459 
1 1 1 1 1 1 1 1 1 1 1 1 1 1 1 1 1 1 1 1 1 1 1 1 1 1 1 1 0.999993 0.999997 1.00006 0.99993 0.999478 1.001 1.00059 0.995943 1.00266 1.01728 0.977819 0.982531 1.06831 0.949575 0.230619 
1 1 1 1 1 1 1 1 1 1 1 1 1 1 1 1 1 1 1 1 1 1 1 1 1 1 1 1 1 0.999991 1.00001 1.00012 0.999722 0.99986 1.00121 0.999101 0.992575 1.01128 1.0073 0.975598 1.00592 1.11844 0.0504251 
1 1 1 1 1 1 1 1 1 1 1 1 1 1 1 1 1 1 1 1 1 1 1 1 1 1 1 1 1 0.999997 0.99998 1.00006 1.00001 0.999662 1.00034 1.00211 0.995719 0.997875 1.01304 0.995214 0.962286 1.05509 -0.118441 
1 1 1 1 1 1 1 1 1 1 1 1 1 1 1 1 1 1 1 1 1 1 1 1 1 1 1 1 1 1 0.999989 1 1.00009 0.99988 0.99931 1.00129 1.00056 0.994612 1.00311 1.0211 0.974402 0.984114 -0.055095 
1 1 1 1 1 1 1 1 1 1 1 1 1 1 1 1 1 1 1 1 1 1 1 1 1 1 1 1 0.999999 1 1 0.999983 1.00003 1.00021 0.999591 0.999737 1.0017 0.998696 0.989753 1.01354 1.01091 0.976662 0.0158864 
1 1 1 1 1 1 1 1 1 1 1 1 1 1 1 1 1 1 1 1 1 1 1 1 1 1 1 1 1 1 1 0.999996 0.999957 1.0001 1.00008 0.999507 1.00026 1.00343 0.994409 0.994734 1.01511 1.02736 0.0233376 
1 1 1 1 1 1 1 1 1 1 1 1 1 1 1 1 1 1 1 1 1 1 1 1 1 1 1 1 1 1 1 1.00001 0.999982 0.999989 1.00011 0.999936 0.999084 1.00155 1.00142 0.99423 0.991324 1.02571 -0.0273628 
1 1 1 1 1 1 1 1 1 1 1 1 1 1 1 1 1 1 1 1 1 1 1 1 1 1 1 1 1 1 0.999999 1 1 0.999978 1.00002 1.00021 0.999609 0.999626 1.00162 1.00198 0.991324 0.998663 -0.0257143 
1 1 1 1 1 1 1 1 1 1 1 1 1 1 1 1 1 1 1 1 1 1 1 1 1 1 1 1 1 1 1 1 1 0.999996 0.999952 1.0001 1.00009 0.999598 0.999754 1.00198 0.999804 0.992833 0.00133657 
1 1 1 1 1 1 1 1 1 1 1 1 1 1 1 1 1 1 1 1 1 1 1 1 1 1 1 1 1 1 1 0.999999 1 1.00001 0.999981 0.999981 1.0001 0.999989 0.999505 1.00033 1.00328 1.00215 0.00716702 
1 1 1 1 1 1 1 1 1 1 1 1 1 1 1 1 1 1 1 1 1 1 1 1 1 1 1 1 1 1 1 1 0.999999 1 1 0.99998 1.00001 1.00016 0.999804 0.999017 1.00157 1.00395 -0.00214858 
1 1 1 1 1 1 1 1 1 1 1 1 1 1 1 1 1 1 1 1 1 1 1 1 1 1 1 1 1 1 1 1 1 1 1 0.999998 0.999965 1.00006 1.00038 0.999356 0.998515 1.00307 -0.00395428 
1 1 1 1 1 1 1 1 1 1 1 1 1 1 1 1 1 1 1 1 1 1 1 1 1 1 1 1 1 1 1 1 1 0.999999 1 1.00001 0.999987 0.999911 1.0002 1.00058 0.998778 0.999435 -0.00307348 
1 1 1 1 1 1 1 1 1 1 1 1 1 1 1 1 1 1 1 1 1 1 1 1 1 1 1 1 1 1 1 1 1 1 0.999999 1 1.00002 0.999955 0.999815 1.00043 1.00022 0.99891 0.000564989 
1 1 1 1 1 1 1 1 1 1 1 1 1 1 1 1 1 1 1 1 1 1 1 1 1 1 1 1 1 1 1 1 1 1 1 0.999997 1.00001 1.00006 0.999876 0.999937 1.00055 1.00083 0.00108972 
1 1 1 1 1 1 1 1 1 1 1 1 1 1 1 1 1 1 1 1 1 1 1 1 1 1 1 1 1 1 1 1 1 1 1 0.999999 0.99999 1.00003 1.00002 0.99984 0.999883 1.00083 -0.000831125 
1 1 1 1 1 1 1 1 1 1 1 1 1 1 1 1 1 1 1 1 1 1 1 1 1 1 1 1 1 1 1 1 1 1 1 1 0.999995 0.999997 1.00003 0.999979 0.999814 1.00011 -0.000831125 
1 1 1 1 1 1 1 1 1 1 1 1 1 1 1 1 1 1 1 1 1 1 1 1 1 1 1 1 1 1 1 1 1 1 1 1 1 0.999994 1.00001 1.00006 0.999903 0.999873 -0.000107737 
1 1 1 1 1 1 1 1 1 1 1 1 1 1 1 1 1 1 1 1 1 1 1 1 1 1 1 1 1 1 1 1 1 1 1 1 1 0.999999 0.999987 1.00003 1.00006 0.999897 0.000126894 
1 1 1 1 1 1 1 1 1 1 1 1 1 1 1 1 1 1 1 1 1 1 1 1 1 1 1 1 1 1 1 1 1 1 1 1 1 1 0.999995 0.999979 1.00005 1.00015 0.000102654 
1 1 1 1 1 1 1 1 1 1 1 1 1 1 1 1 1 1 1 1 1 1 1 1 1 1 1 1 1 1 1 1 1 1 1 1 1 1 1.00001 0.999985 0.999952 1.00011 -0.000150999 
1 1 1 1 1 1 1 1 1 1 1 1 1 1 1 1 1 1 1 1 1 1 1 1 1 1 1 1 1 1 1 1 1 1 1 1 1 0.999999 1 1.00002 0.999965 0.999984 -0.000110183 
1 1 1 1 1 1 1 1 1 1 1 1 1 1 1 1 1 1 1 1 1 1 1 1 1 1 1 1 1 1 1 1 1 1 1 1 1 0.999999 0.999996 1.00001 1.00001 0.999969 1.63727e-05 
1 1 1 1 1 1 1 1 1 1 1 1 1 1 1 1 1 1 1 1 1 1 1 1 1 1 1 1 1 1 1 1 1 1 1 1 1 1 0.999998 0.999999 1.00001 1.00003 3.10569e-05 
1 1 1 1 1 1 1 1 1 1 1 1 1 1 1 1 1 1 1 1 1 1 1 1 1 1 1 1 1 1 1 1 1 1 1 1 1 1 1 0.999998 0.999996 1.00002 -2.51736e-05 
1 1 1 1 1 1 1 1 1 1 1 1 1 1 1 1 1 1 1 1 1 1 1 1 1 1 1 1 1 1 1 1 1 1 1 1 1 1 1 1 0.999997 1 -1.96654e-05 
1 1 1 1 1 1 1 1 1 1 1 1 1 1 1 1 1 1 1 1 1 1 1 1 1 1 1 1 1 1 1 1 1 1 1 1 1 1 1 1 1 0.999997 -9.34771e-07 
1 1 1 1 1 1 1 1 1 1 1 1 1 1 1 1 1 1 1 1 1 1 1 1 1 1 1 1 1 1 1 1 1 1 1 1 1 1 1 1 1 1 2.50544e-06 
1 1 1 1 1 1 1 1 1 1 1 1 1 1 1 1 1 1 1 1 1 1 1 1 1 1 1 1 1 1 1 1 1 1 1 1 1 1 1 1 1 1 -4.43049e-07 
1 1 1 1 1 1 1 1 1 1 1 1 1 1 1 1 1 1 1 1 1 1 1 1 1 1 1 1 1 1 1 1 1 1 1 1 1 1 1 1 1 1 -1.26876e-06 
1 1 1 1 1 1 1 1 1 1 1 1 1 1 1 1 1 1 1 1 1 1 1 1 1 1 1 1 1 1 1 1 1 1 1 1 1 1 1 1 1 1 -9.26691e-07 
1 1 1 1 1 1 1 1 1 1 1 1 1 1 1 1 1 1 1 1 1 1 1 1 1 1 1 1 1 1 1 1 1 1 1 1 1 1 1 1 1 1 1.3661e-07 
1 1 1 1 1 1 1 1 1 1 1 1 1 1 1 1 1 1 1 1 1 1 1 1 1 1 1 1 1 1 1 1 1 1 1 1 1 1 1 1 1 1 2.57118e-07 
1 1 1 1 1 1 1 1 1 1 1 1 1 1 1 1 1 1 1 1 1 1 1 1 1 1 1 1 1 1 1 1 1 1 1 1 1 1 1 1 1 1 -2.18733e-07 
1 1 1 1 1 1 1 1 1 1 1 1 1 1 1 1 1 1 1 1 1 1 1 1 1 1 1 1 1 1 1 1 1 1 1 1 1 1 1 1 1 1 -1.65855e-07 
1 1 1 1 1 1 1 1 1 1 1 1 1 1 1 1 1 1 1 1 1 1 1 1 1 1 1 1 1 1 1 1 1 1 1 1 1 1 1 1 1 1 -2.20726e-09 
