0 0 0 0 0 0 0 0 0 0 0 0 0 0 0 0 0 0 0 0 0 0.5 1 1 1 1 1 1 1 1 1 1 1 1 1 1 1 1 1 1 1 1 1 
0 -5.557e-14 2.23619e-13 -9.55881e-13 4.07197e-12 -1.73496e-11 7.3921e-11 -3.14954e-10 1.34192e-09 -5.7175e-09 2.43605e-08 -1.03792e-07 4.42227e-07 -1.88419e-06 8.02794e-06 -3.42045e-05 0.000145735 -0.00062093 0.00264559 -0.011272 -0.0272747 0.5 1.02727 1.01127 0.997354 1.00062 0.999854 1.00003 0.999992 1 1 1 1 1 1 1 1 1 1 1 1 1 1 
5.557e-14 3.17158e-13 -1.44343e-12 5.59329e-12 -2.17291e-11 8.35584e-11 -3.1759e-10 1.18942e-09 -4.37018e-09 1.56478e-08 -5.40066e-08 1.7615e-07 -5.20632e-07 1.23877e-06 -1.10483e-06 -1.30738e-05 0.000131479 -0.000882259 0.00515482 -0.0162381 -0.0524813 0.5 1.05248 1.01624 0.994845 1.00088 0.999869 1.00001 1 0.999999 1 1 1 1 1 1 1 1 1 1 1 1 1 
-3.17158e-13 -2.94554e-13 2.13934e-12 -6.51768e-12 1.92019e-11 -4.97182e-11 9.51166e-11 6.93077e-12 -1.42312e-09 1.0456e-08 -5.66823e-08 2.65149e-07 -1.11095e-06 4.1443e-06 -1.29781e-05 2.61109e-05 5.23725e-05 -0.00108958 0.007373 -0.0168691 -0.0739274 0.5 1.07393 1.01687 0.992627 1.00109 0.999948 0.999974 1.00001 0.999996 1 1 1 1 1 1 1 1 1 1 1 1 1 
2.94554e-13 -6.48073e-13 1.72188e-12 -7.96369e-12 3.38846e-11 -1.33142e-10 4.8399e-10 -1.60013e-09 4.58132e-09 -9.65288e-09 1.0697e-09 1.43098e-07 -1.07861e-06 5.64628e-06 -2.33688e-05 6.98449e-05 -3.61569e-05 -0.00136837 0.00916964 -0.0148094 -0.0909619 0.5 1.09096 1.01481 0.99083 1.00137 1.00004 0.99993 1.00002 0.999994 1 1 1 1 1 1 1 1 1 1 1 1 1 
6.48073e-13 -3.57362e-14 -1.80562e-12 2.20071e-12 6.13615e-12 -7.51626e-11 4.48406e-10 -2.113e-09 8.49979e-09 -2.90877e-08 7.76701e-08 -9.64046e-08 -5.86389e-07 5.91224e-06 -3.20755e-05 0.000113396 -0.000101884 -0.00174503 0.0104911 -0.0113627 -0.103646 0.5 1.10365 1.01136 0.989509 1.00175 1.0001 0.999887 1.00003 0.999994 1 1 1 1 1 1 1 1 1 1 1 1 1 
3.57362e-14 1.04426e-12 -4.3097e-12 1.31501e-11 -3.64783e-11 6.79342e-11 4.7628e-11 -1.32672e-09 8.59274e-09 -4.00207e-08 1.45921e-07 -3.74365e-07 1.61047e-07 5.47195e-06 -4.01932e-05 0.000154751 -0.000129079 -0.00219515 0.0113535 -0.00748224 -0.112473 0.5 1.11247 1.00748 0.988647 1.0022 1.00013 0.999845 1.00004 0.999995 1 1 1 1 1 1 1 1 1 1 1 1 1 
-1.04426e-12 1.67471e-12 -3.59802e-12 1.6955e-11 -6.58859e-11 2.11008e-10 -4.99544e-10 3.24258e-10 5.28426e-09 -4.10844e-08 1.95753e-07 -6.50148e-07 1.01525e-06 4.86249e-06 -4.88754e-05 0.000192453 -0.000114251 -0.00267405 0.0118184 -0.00379442 -0.118149 0.5 1.11815 1.00379 0.988182 1.00267 1.00011 0.999808 1.00005 0.999995 0.999999 1 1 1 1 1 1 1 1 1 1 1 1 
-1.67471e-12 1.27459e-12 -9.1498e-14 1.18519e-11 -6.89019e-11 2.9725e-10 -1.00088e-09 2.309e-09 -2.53318e-10 -3.4166e-08 2.28331e-07 -9.14093e-07 1.88842e-06 4.50816e-06 -5.88174e-05 0.000225077 -6.23074e-05 -0.00313583 0.0119702 -0.00065131 -0.121427 0.5 1.12143 1.00065 0.98803 1.00314 1.00006 0.999775 1.00006 0.999995 0.999998 1 1 1 1 1 1 1 1 1 1 1 1 
-1.27459e-12 -1.50884e-13 4.44118e-12 1.67635e-13 -4.58302e-11 3.07094e-10 -1.35077e-09 4.24857e-09 -6.92645e-09 -2.20604e-08 2.50164e-07 -1.17386e-06 2.73218e-06 4.68855e-06 -7.01308e-05 0.000251339 1.7039e-05 -0.00354411 0.0118987 0.00180261 -0.123007 0.5 1.12301 0.998197 0.988101 1.00354 0.999983 0.999749 1.00007 0.999995 0.999997 1 1 1 1 1 1 1 1 1 1 1 1 
1.50884e-13 -2.15282e-12 8.20929e-12 -1.44926e-11 -4.04275e-12 2.46873e-10 -1.5229e-09 5.96735e-09 -1.4035e-08 -7.26653e-09 2.69106e-07 -1.44247e-06 3.51615e-06 5.54188e-06 -8.24343e-05 0.00027036 0.000112288 -0.00387639 0.0116872 0.00356411 -0.12348 0.5 1.12348 0.996436 0.988313 1.00388 0.999888 0.99973 1.00008 0.999994 0.999996 1 1 1 1 1 1 1 1 1 1 1 1 
2.15282e-12 -4.12335e-12 1.0117e-11 -2.906e-11 4.76853e-11 1.34337e-10 -1.5405e-09 7.45241e-09 -2.12841e-08 8.3968e-09 2.92137e-07 -1.7303e-06 4.21454e-06 7.08378e-06 -9.50404e-05 0.000281865 0.000212396 -0.00412417 0.0114062 0.00471406 -0.123306 0.5 1.12331 0.995286 0.988594 1.00412 0.999788 0.999718 1.0001 0.999993 0.999996 1 1 1 1 1 1 1 1 1 1 1 1 
4.12335e-12 -5.53947e-12 9.88819e-12 -4.16788e-11 1.0245e-10 -1.1964e-11 -1.44772e-09 8.78758e-09 -2.86607e-08 2.37293e-08 3.24384e-07 -2.04098e-06 4.80139e-06 9.23332e-06 -0.00010716 0.000286247 0.0003082 -0.00429037 0.0111098 0.00537324 -0.12282 0.5 1.12282 0.994627 0.98889 1.00429 0.999692 0.999714 1.00011 0.999991 0.999995 1 1 1 1 1 1 1 1 1 1 1 1 
5.53947e-12 -6.09092e-12 7.84753e-12 -5.16507e-11 1.56344e-10 -1.78114e-10 -1.29045e-09 1.00948e-08 -3.6282e-08 3.79268e-08 3.68861e-07 -2.37046e-06 5.25205e-06 1.18424e-05 -0.000118072 0.000284484 0.000393107 -0.0043858 0.0108352 0.00567147 -0.122242 0.5 1.12224 0.994329 0.989165 1.00439 0.999607 0.999716 1.00012 0.999988 0.999995 1 1 1 1 1 1 1 1 1 1 1 1 
6.09092e-12 -5.6959e-12 4.59919e-12 -5.90715e-11 2.08238e-10 -3.5615e-10 -1.107e-09 1.14938e-08 -4.42673e-08 5.03677e-08 4.26564e-07 -2.70834e-06 5.54759e-06 1.47252e-05 -0.00012724 0.000277967 0.000463221 -0.00442544 0.0106045 0.00572822 -0.121704 0.5 1.1217 0.994272 0.989396 1.00443 0.999537 0.999722 1.00013 0.999985 0.999994 1 1 1 1 1 1 1 1 1 1 1 1 
5.6959e-12 -4.44556e-12 7.55898e-13 -6.44437e-11 2.58942e-10 -5.42951e-10 -9.26111e-10 1.30788e-08 -5.26558e-08 6.04871e-08 4.96733e-07 -3.04026e-06 5.67915e-06 1.76862e-05 -0.00013436 0.000268274 0.000517071 -0.00442534 0.0104269 0.00564249 -0.121272 0.5 1.12127 0.994358 0.989573 1.00443 0.999483 0.999732 1.00013 0.999982 0.999994 1 1 1 1 1 1 1 1 1 1 1 1 
4.44556e-12 -2.5226e-12 -3.2212e-12 -6.83942e-11 3.10284e-10 -7.3815e-10 -7.68643e-10 1.49093e-08 -6.13704e-08 6.7748e-08 5.77193e-07 -3.35073e-06 5.65056e-06 2.05434e-05 -0.000139369 0.000256958 0.000555118 -0.00440043 0.0103025 0.0054892 -0.120966 0.5 1.12097 0.994511 0.989698 1.0044 0.999445 0.999743 1.00014 0.999979 0.999994 1 0.999999 1 1 1 1 1 1 1 1 1 1 
2.5226e-12 -1.27834e-13 -7.07364e-12 -7.152e-11 3.64324e-10 -9.42052e-10 -6.50497e-10 1.70083e-08 -7.02194e-08 7.16849e-08 6.64731e-07 -3.62563e-06 5.47859e-06 2.31459e-05 -0.000142405 0.000245382 0.000579167 -0.0043631 0.0102252 0.00531992 -0.120778 0.5 1.12078 0.99468 0.989775 1.00436 0.999421 0.999755 1.00014 0.999977 0.999995 1 0.999999 1 1 1 1 1 1 1 1 1 1 
1.27834e-13 2.5685e-12 -1.07204e-11 -7.4336e-11 4.22832e-10 -1.15406e-09 -5.84922e-10 1.93646e-08 -7.89239e-08 7.19808e-08 7.55508e-07 -3.85417e-06 5.19071e-06 2.53851e-05 -0.000143754 0.000234607 0.000591796 -0.00432267 0.0101858 0.00516613 -0.120686 0.5 1.12069 0.994834 0.989814 1.00432 0.999408 0.999765 1.00014 0.999975 0.999995 1 0.999999 1 1 1 1 1 1 1 1 1 1 
-2.5685e-12 5.44748e-12 -1.41951e-11 -7.72793e-11 4.86981e-10 -1.37181e-09 -5.83585e-10 2.19377e-08 -8.71598e-08 6.85409e-08 8.45473e-07 -4.02995e-06 4.82145e-06 2.71986e-05 -0.000143782 0.000225349 0.00059586 -0.00428535 0.010174 0.00504366 -0.120664 0.5 1.12066 0.994956 0.989826 1.00429 0.999404 0.999775 1.00014 0.999973 0.999995 1 0.999999 1 1 1 1 1 1 1 1 1 1 
-5.44748e-12 8.43997e-12 -1.7577e-11 -8.07343e-11 5.57225e-10 -1.59092e-09 -6.56393e-10 2.46635e-08 -9.46034e-08 6.15371e-08 9.30768e-07 -4.15134e-06 4.40797e-06 2.85681e-05 -0.000142886 0.000217988 0.000594109 -0.00425466 0.0101801 0.00495716 -0.120685 0.5 1.12068 0.995043 0.98982 1.00425 0.999406 0.999782 1.00014 0.999971 0.999996 1 0.999999 1 1 1 1 1 1 1 1 1 1 
-8.43997e-12 1.15117e-11 -2.09365e-11 -8.5052e-11 6.33286e-10 -1.80533e-09 -8.10456e-10 2.74613e-08 -1.00973e-07 5.14106e-08 1.00807e-06 -4.2211e-06 3.98584e-06 2.95137e-05 -0.000141436 0.000212611 0.000588945 -0.00423194 0.0101961 0.0049042 -0.120728 0.5 1.12073 0.995096 0.989804 1.00423 0.999411 0.999787 1.00014 0.99997 0.999996 1 0.999999 1 1 1 1 1 1 1 1 1 1 
-1.15117e-11 1.46439e-11 -2.4301e-11 -9.05548e-11 7.14223e-10 -2.00789e-09 -1.04876e-09 3.02406e-08 -1.06063e-07 3.88335e-08 1.07484e-06 -4.24548e-06 3.58556e-06 3.00836e-05 -0.000139751 0.000209089 0.000582276 -0.00421704 0.0102159 0.0048786 -0.120778 0.5 1.12078 0.995121 0.989784 1.00422 0.999418 0.999791 1.00014 0.99997 0.999996 1 0.999999 1 1 1 1 1 1 1 1 1 1 
-1.46439e-11 1.7816e-11 -2.76437e-11 -9.75234e-11 7.98533e-10 -2.19121e-09 -1.36904e-09 3.29095e-08 -1.0976e-07 2.46374e-08 1.12951e-06 -4.23316e-06 3.23036e-06 3.03444e-05 -0.000138077 0.000207145 0.000575481 -0.00420886 0.0102352 0.00487283 -0.120825 0.5 1.12082 0.995127 0.989765 1.00421 0.999425 0.999793 1.00014 0.99997 0.999997 1 0.999999 1 1 1 1 1 1 1 1 1 1 
-1.7816e-11 2.09934e-11 -3.08885e-11 -1.06174e-10 8.8429e-10 -2.34852e-09 -1.76325e-09 3.53818e-08 -1.12054e-07 9.7246e-09 1.17148e-06 -4.19398e-06 2.93516e-06 3.03705e-05 -0.000136583 0.000206431 0.000569447 -0.00420586 0.0102515 0.00487962 -0.120862 0.5 1.12086 0.99512 0.989748 1.00421 0.999431 0.999794 1.00014 0.99997 0.999997 1 0.999999 1 1 1 1 1 1 1 1 1 1 
-2.09934e-11 2.41234e-11 -3.39259e-11 -1.16629e-10 9.69294e-10 -2.47432e-09 -2.21776e-09 3.75842e-08 -1.13029e-07 -5.02369e-09 1.20105e-06 -4.13783e-06 2.70671e-06 3.02355e-05 -0.000135365 0.000206586 0.000564635 -0.00420643 0.0102639 0.0048929 -0.120889 0.5 1.12089 0.995107 0.989736 1.00421 0.999435 0.999793 1.00014 0.99997 0.999997 1 0.999999 1 1 1 1 1 1 1 1 1 1 
-2.41234e-11 2.71358e-11 -3.66331e-11 -1.28895e-10 1.05124e-09 -2.56504e-09 -2.71435e-09 3.94615e-08 -1.12851e-07 -1.88288e-08 1.21932e-06 -4.07372e-06 2.54465e-06 3.00059e-05 -0.000134461 0.000207276 0.000561187 -0.00420911 0.0102721 0.00490812 -0.120906 0.5 1.12091 0.995092 0.989728 1.00421 0.999439 0.999793 1.00013 0.99997 0.999997 1 0.999999 1 1 1 1 1 1 1 1 1 1 
-2.71358e-11 2.99493e-11 -3.88937e-11 -1.4285e-10 1.12788e-09 -2.61931e-09 -3.23173e-09 4.09803e-08 -1.1174e-07 -3.10752e-08 1.22793e-06 -4.00916e-06 2.44311e-06 2.97366e-05 -0.000133861 0.000208226 0.000559024 -0.00421272 0.0102767 0.00492231 -0.120914 0.5 1.12091 0.995078 0.989723 1.00421 0.999441 0.999792 1.00013 0.99997 0.999998 1 0.999999 1 1 1 1 1 1 1 1 1 1 
-2.99493e-11 3.24802e-11 -4.06149e-11 -1.58239e-10 1.19719e-09 -2.63804e-09 -3.74751e-09 4.21299e-08 -1.09949e-07 -4.1346e-08 1.22885e-06 -3.9498e-06 2.39251e-06 2.9469e-05 -0.000133526 0.000209226 0.000557934 -0.00421641 0.0102784 0.00493383 -0.120915 0.5 1.12092 0.995066 0.989722 1.00422 0.999442 0.999791 1.00013 0.999971 0.999998 1 0.999999 1 1 1 1 1 1 1 1 1 1 
-3.24802e-11 3.46512e-11 -4.17383e-11 -1.7469e-10 1.25752e-09 -2.62429e-09 -4.24012e-09 4.29219e-08 -1.07737e-07 -4.94321e-08 1.22417e-06 -3.89933e-06 2.38142e-06 2.92309e-05 -0.0001334 0.000210136 0.000557651 -0.00421965 0.0102781 0.0049421 -0.120913 0.5 1.12091 0.995058 0.989722 1.00422 0.999442 0.99979 1.00013 0.999971 0.999998 1 0.999999 1 1 1 1 1 1 1 1 1 1 
-3.46512e-11 3.64002e-11 -4.22462e-11 -1.91741e-10 1.30769e-09 -2.58286e-09 -4.69071e-09 4.33868e-08 -1.05345e-07 -5.53184e-08 1.2159e-06 -3.85966e-06 2.39809e-06 2.9038e-05 -0.000133423 0.000210878 0.000557906 -0.00422217 0.0102767 0.00494721 -0.120908 0.5 1.12091 0.995053 0.989723 1.00422 0.999442 0.999789 1.00013 0.999971 0.999998 1 0.999999 1 1 1 1 1 1 1 1 1 1 
-3.64002e-11 3.76867e-11 -4.2162e-11 -2.08874e-10 1.34706e-09 -2.51979e-09 -5.08449e-09 4.35698e-08 -1.02981e-07 -5.91521e-08 1.2058e-06 -3.83116e-06 2.43168e-06 2.88959e-05 -0.00013354 0.000211421 0.00055846 -0.00422391 0.0102748 0.00494967 -0.120903 0.5 1.1209 0.99505 0.989725 1.00422 0.999442 0.999789 1.00013 0.999971 0.999998 1 0.999999 1 1 1 1 1 1 1 1 1 1 
-3.76867e-11 3.84953e-11 -4.15458e-11 -2.25558e-10 1.37558e-09 -2.44184e-09 -5.41163e-09 4.35255e-08 -1.00809e-07 -6.12008e-08 1.19532e-06 -3.81304e-06 2.47305e-06 2.88029e-05 -0.000133702 0.00021177 0.000559128 -0.00422492 0.0102728 0.00495019 -0.120899 0.5 1.1209 0.99505 0.989727 1.00422 0.999441 0.999788 1.00013 0.999971 0.999998 1 0.999999 1 1 1 1 1 1 1 1 1 1 
-3.84953e-11 3.88367e-11 -4.04877e-11 -2.4129e-10 1.3937e-09 -2.35582e-09 -5.66758e-09 4.33129e-08 -9.8941e-08 -6.18057e-08 1.18554e-06 -3.80377e-06 2.51518e-06 2.87524e-05 -0.000133874 0.000211953 0.000559779 -0.00422535 0.0102711 0.00494945 -0.120895 0.5 1.12089 0.995051 0.989729 1.00423 0.99944 0.999788 1.00013 0.999971 0.999997 1 0.999999 1 1 1 1 1 1 1 1 1 1 
-3.88367e-11 3.87466e-11 -3.90978e-11 -2.55631e-10 1.4024e-09 -2.26813e-09 -5.85284e-09 4.29898e-08 -9.744e-08 -6.13372e-08 1.17715e-06 -3.8014e-06 2.55325e-06 2.87352e-05 -0.000134031 0.000212007 0.000560332 -0.00422536 0.0102698 0.00494805 -0.120892 0.5 1.12089 0.995052 0.98973 1.00423 0.99944 0.999788 1.00013 0.999971 0.999997 1 0.999999 1 1 1 1 1 1 1 1 1 1 
-3.87466e-11 3.82811e-11 -3.74958e-11 -2.68238e-10 1.403e-09 -2.18428e-09 -5.97226e-09 4.2609e-08 -9.63251e-08 -6.01568e-08 1.17052e-06 -3.80391e-06 2.58443e-06 2.87416e-05 -0.000134159 0.000211974 0.000560751 -0.0042251 0.0102689 0.00494645 -0.120891 0.5 1.12089 0.995054 0.989731 1.00423 0.999439 0.999788 1.00013 0.999971 0.999997 1 0.999999 1 1 1 1 1 1 1 1 1 1 
-3.82811e-11 3.7512e-11 -3.5801e-11 -2.78882e-10 1.39707e-09 -2.10863e-09 -6.03405e-09 4.22154e-08 -9.55792e-08 -5.8588e-08 1.16575e-06 -3.80941e-06 2.6076e-06 2.87625e-05 -0.000134252 0.000211889 0.00056103 -0.00422473 0.0102684 0.00494495 -0.12089 0.5 1.12089 0.995055 0.989732 1.00422 0.999439 0.999788 1.00013 0.999971 0.999997 1 0.999999 1 1 1 1 1 1 1 1 1 1 
-3.7512e-11 3.65201e-11 -3.41234e-11 -2.87455e-10 1.3863e-09 -2.0442e-09 -6.04862e-09 4.18437e-08 -9.51588e-08 -5.68967e-08 1.16272e-06 -3.81631e-06 2.62288e-06 2.87903e-05 -0.000134312 0.000211783 0.000561184 -0.00422432 0.0102682 0.00494374 -0.12089 0.5 1.12089 0.995056 0.989732 1.00422 0.999439 0.999788 1.00013 0.999971 0.999997 1 0.999999 1 1 1 1 1 1 1 1 1 1 
-3.65201e-11 3.53893e-11 -3.25562e-11 -2.93971e-10 1.37238e-09 -1.99268e-09 -6.02743e-09 4.15182e-08 -9.50044e-08 -5.52833e-08 1.16116e-06 -3.82339e-06 2.63125e-06 2.8819e-05 -0.000134343 0.000211677 0.000561241 -0.00422396 0.0102682 0.00494288 -0.12089 0.5 1.12089 0.995057 0.989732 1.00422 0.999439 0.999788 1.00013 0.999971 0.999997 1 0.999999 1 1 1 1 1 1 1 1 1 1 
-3.53893e-11 3.41999e-11 -3.11715e-11 -2.98544e-10 1.35688e-09 -1.95452e-09 -5.98188e-09 4.12531e-08 -9.50497e-08 -5.3881e-08 1.16077e-06 -3.82979e-06 2.63413e-06 2.8845e-05 -0.000134351 0.000211585 0.000561228 -0.00422367 0.0102683 0.00494235 -0.120891 0.5 1.12089 0.995058 0.989732 1.00422 0.999439 0.999788 1.00013 0.999971 0.999997 1 0.999999 1 1 1 1 1 1 1 1 1 1 
-3.41999e-11 3.30241e-11 -3.00177e-11 -3.01378e-10 1.34114e-09 -1.92913e-09 -5.92243e-09 4.10537e-08 -9.52292e-08 -5.27627e-08 1.16119e-06 -3.83503e-06 2.6331e-06 2.8866e-05 -0.000134345 0.000211514 0.000561174 -0.00422347 0.0102686 0.0049421 -0.120891 0.5 1.12089 0.995058 0.989731 1.00422 0.999439 0.999788 1.00013 0.999971 0.999997 1 0.999999 1 1 1 1 1 1 1 1 1 1 
-3.30241e-11 3.19219e-11 -2.91193e-11 -3.02735e-10 1.32625e-09 -1.91512e-09 -5.858e-09 4.09182e-08 -9.54842e-08 -5.1951e-08 1.16211e-06 -3.83891e-06 2.62965e-06 2.88811e-05 -0.000134329 0.000211466 0.000561101 -0.00422335 0.0102688 0.00494207 -0.120892 0.5 1.12089 0.995058 0.989731 1.00422 0.999439 0.999789 1.00013 0.999971 0.999997 1 0.999999 1 1 1 1 1 1 1 1 1 1 
-3.19219e-11 3.09389e-11 -2.84791e-11 -3.02911e-10 1.31301e-09 -1.91057e-09 -5.7956e-09 4.08397e-08 -9.57662e-08 -5.14305e-08 1.16327e-06 -3.84146e-06 2.62503e-06 2.88907e-05 -0.00013431 0.000211438 0.000561027 -0.00422329 0.010269 0.00494216 -0.120892 0.5 1.12089 0.995058 0.989731 1.00422 0.999439 0.999789 1.00013 0.999971 0.999997 1 0.999999 1 1 1 1 1 1 1 1 1 1 
-3.09389e-11 3.01053e-11 -2.80814e-11 -3.02211e-10 1.30191e-09 -1.9133e-09 -5.74018e-09 4.0808e-08 -9.60386e-08 -5.11611e-08 1.16445e-06 -3.84283e-06 2.62022e-06 2.88955e-05 -0.000134291 0.000211427 0.000560961 -0.00422329 0.0102691 0.00494233 -0.120892 0.5 1.12089 0.995058 0.989731 1.00422 0.999439 0.999789 1.00013 0.999971 0.999997 1 0.999999 1 1 1 1 1 1 1 1 1 1 
-3.01053e-11 2.94363e-11 -2.78969e-11 -3.00926e-10 1.2932e-09 -1.9211e-09 -5.69471e-09 4.08116e-08 -9.6277e-08 -5.10891e-08 1.16552e-06 -3.84327e-06 2.61586e-06 2.88966e-05 -0.000134274 0.000211428 0.000560911 -0.00422332 0.0102692 0.00494251 -0.120893 0.5 1.12089 0.995057 0.989731 1.00422 0.999439 0.999789 1.00013 0.999971 0.999997 1 0.999999 1 1 1 1 1 1 1 1 1 1 
-2.94363e-11 2.89338e-11 -2.78869e-11 -2.99316e-10 1.28687e-09 -1.9319e-09 -5.66047e-09 4.08392e-08 -9.64679e-08 -5.11572e-08 1.16639e-06 -3.84306e-06 2.61234e-06 2.88952e-05 -0.000134262 0.000211437 0.000560876 -0.00422336 0.0102693 0.00494268 -0.120893 0.5 1.12089 0.995057 0.989731 1.00422 0.999439 0.999789 1.00013 0.999971 0.999997 1 0.999999 1 1 1 1 1 1 1 1 1 1 
-2.89338e-11 2.85884e-11 -2.80086e-11 -2.97597e-10 1.28273e-09 -1.94396e-09 -5.63735e-09 4.08803e-08 -9.66068e-08 -5.13116e-08 1.16703e-06 -3.84244e-06 2.60978e-06 2.88924e-05 -0.000134253 0.000211449 0.000560856 -0.00422341 0.0102693 0.00494282 -0.120893 0.5 1.12089 0.995057 0.989731 1.00422 0.999439 0.999789 1.00013 0.999971 0.999997 1 0.999999 1 1 1 1 1 1 1 1 1 1 
-2.85884e-11 2.83825e-11 -2.82191e-11 -2.9594e-10 1.28051e-09 -1.95586e-09 -5.62421e-09 4.09265e-08 -9.66961e-08 -5.15066e-08 1.16745e-06 -3.84163e-06 2.60816e-06 2.88891e-05 -0.000134248 0.000211461 0.000560848 -0.00422346 0.0102693 0.00494292 -0.120893 0.5 1.12089 0.995057 0.989731 1.00422 0.999439 0.999789 1.00013 0.999971 0.999997 1 0.999999 1 1 1 1 1 1 1 1 1 1 
-2.83825e-11 2.82931e-11 -2.84787e-11 -2.94461e-10 1.27981e-09 -1.96662e-09 -5.61933e-09 4.09714e-08 -9.67426e-08 -5.17069e-08 1.16767e-06 -3.84079e-06 2.60736e-06 2.88858e-05 -0.000134246 0.000211473 0.000560849 -0.00422349 0.0102693 0.00494297 -0.120893 0.5 1.12089 0.995057 0.989731 1.00422 0.999439 0.999789 1.00013 0.999971 0.999997 1 0.999999 1 1 1 1 1 1 1 1 1 1 
-2.82931e-11 2.82946e-11 -2.87537e-11 -2.93232e-10 1.28024e-09 -1.9756e-09 -5.62068e-09 4.10106e-08 -9.67554e-08 -5.18882e-08 1.16774e-06 -3.84004e-06 2.60718e-06 2.8883e-05 -0.000134247 0.000211482 0.000560855 -0.00422351 0.0102693 0.004943 -0.120892 0.5 1.12089 0.995057 0.989731 1.00422 0.999439 0.999789 1.00013 0.999971 0.999997 1 0.999999 1 1 1 1 1 1 1 1 1 1 
-2.82946e-11 2.83612e-11 -2.90173e-11 -2.92284e-10 1.28144e-09 -1.98252e-09 -5.62622e-09 4.10418e-08 -9.67444e-08 -5.20364e-08 1.16769e-06 -3.83944e-06 2.60742e-06 2.88808e-05 -0.000134248 0.000211488 0.000560864 -0.00422353 0.0102692 0.004943 -0.120892 0.5 1.12089 0.995057 0.989731 1.00422 0.999439 0.999789 1.00013 0.999971 0.999997 1 0.999999 1 1 1 1 1 1 1 1 1 1 
-2.83612e-11 2.8469e-11 -2.92507e-11 -2.91616e-10 1.28306e-09 -1.98736e-09 -5.63411e-09 4.10642e-08 -9.67188e-08 -5.21458e-08 1.16758e-06 -3.83901e-06 2.60791e-06 2.88794e-05 -0.00013425 0.000211492 0.000560873 -0.00422353 0.0102692 0.00494299 -0.120892 0.5 1.12089 0.995057 0.989731 1.00422 0.999439 0.999789 1.00013 0.999971 0.999997 1 0.999999 1 1 1 1 1 1 1 1 1 1 
-2.8469e-11 2.85973e-11 -2.94424e-11 -2.91201e-10 1.28482e-09 -1.9903e-09 -5.64282e-09 4.10782e-08 -9.66863e-08 -5.2217e-08 1.16744e-06 -3.83874e-06 2.60849e-06 2.88786e-05 -0.000134253 0.000211494 0.000560881 -0.00422353 0.0102692 0.00494297 -0.120892 0.5 1.12089 0.995057 0.989731 1.00422 0.999439 0.999789 1.00013 0.999971 0.999997 1 0.999999 1 1 1 1 1 1 1 1 1 1 
-2.85973e-11 2.87293e-11 -2.95878e-11 -2.91e-10 1.28653e-09 -1.99164e-09 -5.65121e-09 4.1085e-08 -9.66531e-08 -5.22548e-08 1.1673e-06 -3.83861e-06 2.60906e-06 2.88783e-05 -0.000134255 0.000211494 0.000560887 -0.00422353 0.0102692 0.00494294 -0.120892 0.5 1.12089 0.995057 0.989731 1.00422 0.999439 0.999789 1.00013 0.999971 0.999997 1 0.999999 1 1 1 1 1 1 1 1 1 1 
-2.87293e-11 2.88526e-11 -2.96871e-11 -2.90964e-10 1.28803e-09 -1.99175e-09 -5.65851e-09 4.10862e-08 -9.66232e-08 -5.22663e-08 1.16717e-06 -3.83858e-06 2.60955e-06 2.88784e-05 -0.000134257 0.000211493 0.000560891 -0.00422352 0.0102692 0.00494292 -0.120892 0.5 1.12089 0.995057 0.989731 1.00422 0.999439 0.999789 1.00013 0.999971 0.999997 1 0.999999 1 1 1 1 1 1 1 1 1 1 
