0 0 0 0 0 0 0 0 0 0 0 0 0 0 0 0 0 0 0 0 0 0.5 1 1 1 1 1 1 1 1 1 1 1 1 1 1 1 1 1 1 1 1 1 
0 -6.71479e-16 3.601e-15 -1.99883e-14 1.10823e-13 -6.14467e-13 3.40697e-12 -1.88902e-11 1.04739e-10 -5.80732e-10 3.21992e-09 -1.78531e-08 9.89883e-08 -5.4885e-07 3.04315e-06 -1.6873e-05 9.35538e-05 -0.000518717 0.00287607 -0.0159467 -0.011984 0.5 1.01198 1.01595 0.997124 1.00052 0.999906 1.00002 0.999997 1 1 1 1 1 1 1 1 1 1 1 1 1 1 
6.71479e-16 1.07331e-14 -6.04778e-14 3.1111e-13 -1.5969e-12 8.1429e-12 -4.12056e-11 2.06603e-10 -1.0243e-09 5.00713e-09 -2.40355e-08 1.12602e-07 -5.09758e-07 2.19112e-06 -8.62657e-06 2.82995e-05 -4.86416e-05 -0.000330631 0.00518385 -0.0264438 -0.0262859 0.5 1.02629 1.02644 0.994816 1.00033 1.00005 0.999972 1.00001 0.999998 1 1 1 1 1 1 1 1 1 1 1 1 1 
-1.07331e-14 -5.80537e-14 3.57983e-13 -1.64796e-12 7.52109e-12 -3.35455e-11 1.45343e-10 -6.05768e-10 2.38959e-09 -8.65386e-09 2.68161e-08 -5.52455e-08 -7.91458e-08 1.84074e-06 -1.39018e-05 7.49718e-05 -0.000278652 8.58579e-05 0.00736522 -0.0330627 -0.0408778 0.5 1.04088 1.03306 0.992635 0.999914 1.00028 0.999925 1.00001 0.999998 1 1 1 1 1 1 1 1 1 1 1 1 1 
5.80537e-14 9.56495e-14 -7.65291e-13 2.79391e-12 -9.51719e-12 2.7542e-11 -5.17538e-11 -8.63827e-11 1.67774e-09 -1.20192e-08 6.49079e-08 -2.8483e-07 9.53725e-07 -1.50993e-06 -9.57532e-06 0.000109815 -0.000539806 0.000502252 0.00952089 -0.0368605 -0.054558 0.5 1.05456 1.03686 0.990479 0.999498 1.00054 0.99989 1.00001 1 0.999999 1 1 1 1 1 1 1 1 1 1 1 1 
-9.56495e-14 1.10742e-13 -1.78125e-13 2.14219e-12 -1.38819e-11 7.20214e-11 -3.1836e-10 1.18287e-09 -3.30893e-09 3.15327e-09 4.05701e-08 -3.75307e-07 1.99536e-06 -6.65293e-06 2.50443e-06 0.000135339 -0.000808781 0.000815855 0.0116177 -0.0386158 -0.0666629 0.5 1.06666 1.03862 0.988382 0.999184 1.00081 0.999865 0.999997 1.00001 0.999998 1 1 1 1 1 1 1 1 1 1 1 1 
-1.10742e-13 -1.96482e-13 1.53505e-12 -4.55008e-12 9.06088e-12 1.27455e-11 -2.6515e-10 1.7888e-09 -8.51249e-09 2.91221e-08 -4.66168e-08 -2.51214e-07 2.7133e-06 -1.26796e-05 1.96369e-05 0.000157695 -0.00107326 0.000989802 0.0135849 -0.0389346 -0.07689 0.5 1.07689 1.03893 0.986415 0.99901 1.00107 0.999842 0.99998 1.00001 0.999997 1 1 1 1 1 1 1 1 1 1 1 1 
1.96482e-13 -4.93079e-13 1.79023e-12 -9.39868e-12 3.93161e-11 -1.23199e-10 1.89236e-10 9.15162e-10 -1.01944e-08 5.45086e-08 -1.75934e-07 8.34715e-08 3.01466e-06 -1.91425e-05 3.94143e-05 0.000182305 -0.0013243 0.00102263 0.0153565 -0.0382977 -0.0851794 0.5 1.08518 1.0383 0.984643 0.998977 1.00132 0.999818 0.999961 1.00002 0.999997 1 1 1 1 1 1 1 1 1 1 1 1 
4.93079e-13 -2.90606e-13 -5.84822e-13 -5.66634e-12 4.86487e-11 -2.48308e-10 8.71092e-10 -1.46118e-09 -6.44508e-09 7.0592e-08 -3.25305e-07 5.93107e-07 2.95081e-06 -2.5903e-05 5.99055e-05 0.000212613 -0.00155443 0.000931693 0.0168866 -0.0370827 -0.0916298 0.5 1.09163 1.03708 0.983113 0.999068 1.00155 0.999787 0.99994 1.00003 0.999997 0.999999 1 1 1 1 1 1 1 1 1 1 1 
2.90606e-13 5.9676e-13 -4.46348e-12 7.49937e-12 2.02932e-11 -2.78175e-10 1.51508e-09 -4.87916e-09 3.02698e-09 7.27762e-08 -4.7955e-07 1.23694e-06 2.64058e-06 -3.29604e-05 7.9606e-05 0.000250038 -0.00175758 0.000743456 0.0181526 -0.0355779 -0.0964346 0.5 1.09643 1.03558 0.981847 0.999257 1.00176 0.99975 0.99992 1.00003 0.999997 0.999999 1 1 1 1 1 1 1 1 1 1 1 
-5.9676e-13 1.87e-12 -7.43447e-12 2.57792e-11 -4.61673e-11 -1.62961e-10 1.88446e-09 -8.73704e-09 1.75967e-08 5.99139e-08 -6.31702e-07 1.97912e-06 2.22256e-06 -4.03339e-05 9.73726e-05 0.000294354 -0.0019295 0.000487368 0.0191529 -0.033994 -0.0998364 0.5 1.09984 1.03399 0.980847 0.999513 1.00193 0.999706 0.999903 1.00004 0.999998 0.999998 1 1 1 1 1 1 1 1 1 1 1 
-1.87e-12 2.85897e-12 -7.20368e-12 4.25154e-11 -1.38986e-10 1.09522e-10 1.82206e-09 -1.25134e-08 3.63344e-08 3.3133e-08 -7.81337e-07 2.78997e-06 1.82852e-06 -4.80007e-05 0.000112382 0.000344172 -0.00206798 0.000191994 0.0199022 -0.032476 -0.102092 0.5 1.10209 1.03248 0.980098 0.999808 1.00207 0.999656 0.999888 1.00005 0.999998 0.999997 1 1 1 1 1 1 1 1 1 1 1 
-2.85897e-12 2.78384e-12 -2.502e-12 5.12574e-11 -2.40957e-10 5.24773e-10 1.25343e-09 -1.58625e-08 5.83738e-08 -5.15964e-09 -9.32105e-07 3.64408e-06 1.56935e-06 -5.58751e-05 0.000124108 0.000397422 -0.00217285 -0.000117395 0.0204268 -0.031115 -0.103451 0.5 1.10345 1.03111 0.979573 1.00012 1.00217 0.999603 0.999876 1.00006 0.999998 0.999996 1 1 1 1 1 1 1 1 1 1 1 
-2.78384e-12 1.01088e-12 6.67948e-12 4.71658e-11 -3.34976e-10 1.05548e-09 1.67984e-10 -1.8628e-08 8.30629e-08 -5.19459e-08 -1.08946e-06 4.51798e-06 1.52834e-06 -6.38119e-05 0.0001323 0.000451754 -0.00224577 -0.000420136 0.0207596 -0.0299599 -0.104139 0.5 1.10414 1.02996 0.97924 1.00042 1.00225 0.999548 0.999868 1.00006 0.999998 0.999995 1 1 1 1 1 1 1 1 1 1 1 
-1.01088e-12 -2.78664e-12 1.93381e-11 2.73675e-11 -4.07377e-10 1.67272e-09 -1.40394e-09 -2.08142e-08 1.09973e-07 -1.03991e-07 -1.25887e-06 5.38867e-06 1.75865e-06 -7.16248e-05 0.000136957 0.000504864 -0.00228982 -0.000700683 0.0209366 -0.0290281 -0.104351 0.5 1.10435 1.02903 0.979063 1.0007 1.00229 0.999495 0.999863 1.00007 0.999998 0.999995 1 1 1 1 1 1 1 1 1 1 1 
2.78664e-12 -8.58376e-12 3.39201e-11 -9.32035e-12 -4.49256e-10 2.35285e-09 -3.40982e-09 -2.25442e-08 1.38835e-07 -1.58064e-07 -1.44463e-06 6.23321e-06 2.28379e-06 -7.911e-05 0.000138291 0.000554725 -0.00230911 -0.000948535 0.0209933 -0.0283147 -0.104249 0.5 1.10425 1.02831 0.979007 1.00095 1.00231 0.999445 0.999862 1.00008 0.999998 0.999994 1 1 1 1 1 1 1 1 1 1 1 
8.58376e-12 -1.60535e-11 4.87802e-11 -6.29065e-11 -4.56492e-10 3.08052e-09 -5.78698e-09 -2.40171e-08 1.69451e-07 -2.11078e-07 -1.64913e-06 7.02924e-06 3.10009e-06 -8.60692e-05 0.000136682 0.000599731 -0.00230832 -0.00115776 0.0209632 -0.0278003 -0.103959 0.5 1.10396 1.0278 0.979037 1.00116 1.00231 0.9994 0.999863 1.00009 0.999997 0.999993 1 1 1 1 1 1 1 1 1 1 1 
1.60535e-11 -2.46711e-11 6.25258e-11 -1.32727e-10 -4.29075e-10 3.84887e-09 -8.46872e-09 -2.5471e-08 2.01613e-07 -2.60192e-07 -1.87254e-06 7.75592e-06 4.18074e-06 -9.23295e-05 0.000132629 0.000638763 -0.00229227 -0.00132631 0.0208755 -0.0274572 -0.103578 0.5 1.10358 1.02746 0.979125 1.00133 1.00229 0.999361 0.999867 1.00009 0.999996 0.999992 1 1 1 1 1 1 1 1 1 1 1 
2.46711e-11 -3.38347e-11 7.42097e-11 -2.17818e-10 -3.70221e-10 4.65806e-09 -1.13863e-08 -2.71522e-08 2.35041e-07 -3.02902e-07 -2.11285e-06 8.39529e-06 5.48091e-06 -9.77578e-05 0.000126698 0.000671204 -0.00226563 -0.00145517 0.0207546 -0.0272543 -0.103173 0.5 1.10317 1.02725 0.979245 1.00146 1.00227 0.999329 0.999873 1.0001 0.999995 0.999992 1 1 1 1 1 1 1 1 1 1 1 
3.38347e-11 -4.29736e-11 8.33881e-11 -3.17129e-10 -2.85497e-10 5.51296e-09 -1.4469e-08 -2.92915e-08 2.6935e-07 -3.37136e-07 -2.36615e-06 8.93333e-06 6.94342e-06 -0.000102269 0.000119476 0.000696895 -0.00223261 -0.00154753 0.0206201 -0.0271601 -0.102792 0.5 1.10279 1.02716 0.97938 1.00155 1.00223 0.999303 0.999881 1.0001 0.999993 0.999991 1 1 1 1 1 1 1 1 1 1 1 
4.29736e-11 -5.16289e-11 9.00804e-11 -4.2961e-10 -1.82081e-10 6.42064e-09 -1.76431e-08 -3.2085e-08 3.04037e-07 -3.61326e-07 -2.62703e-06 9.36089e-06 8.50445e-06 -0.00010583 0.000111528 0.00071607 -0.00219682 -0.00160805 0.0204865 -0.0271454 -0.10246 0.5 1.10246 1.02715 0.979514 1.00161 1.0022 0.999284 0.999888 1.00011 0.999991 0.999991 1 1 1 1 1 1 1 1 1 1 1 
5.16289e-11 -5.95007e-11 9.4673e-11 -5.54204e-10 -6.81561e-11 7.38801e-09 -2.08322e-08 -3.5681e-08 3.38501e-07 -3.74478e-07 -2.88912e-06 9.67414e-06 1.0099e-05 -0.000108455 0.000103367 0.000729266 -0.00216116 -0.00164212 0.0203638 -0.0271845 -0.102192 0.5 1.10219 1.02718 0.979636 1.00164 1.00216 0.999271 0.999897 1.00011 0.99999 0.99999 1 1 1 1 1 1 1 1 1 1 1 
5.95007e-11 -6.64641e-11 9.78e-11 -6.89789e-10 4.75779e-11 8.41983e-09 -2.39573e-08 -4.01705e-08 3.72071e-07 -3.76191e-07 -3.14568e-06 9.87458e-06 1.16654e-05 -0.000110202 9.54286e-05 0.000737235 -0.00212782 -0.00165535 0.020258 -0.0272563 -0.101989 0.5 1.10199 1.02726 0.979742 1.00166 1.00213 0.999263 0.999905 1.00011 0.999988 0.99999 1 1 1 1 1 1 1 1 1 1 1 
6.64641e-11 -7.25607e-11 1.00226e-10 -8.35104e-10 1.56322e-10 9.51724e-09 -2.69393e-08 -4.55828e-08 4.04049e-07 -3.66661e-07 -3.39012e-06 9.96868e-06 1.31493e-05 -0.00011116 8.80566e-05 0.000740851 -0.00209829 -0.00165313 0.0201723 -0.0273437 -0.101849 0.5 1.10185 1.02734 0.979828 1.00165 1.0021 0.999259 0.999912 1.00011 0.999987 0.99999 1 1 1 1 1 1 1 1 1 1 1 
7.25607e-11 -7.79719e-11 1.02746e-10 -9.88678e-10 2.4955e-10 1.06768e-08 -2.97015e-08 -5.18851e-08 4.33758e-07 -3.46638e-07 -3.61646e-06 9.9671e-06 1.45062e-05 -0.000111445 8.15008e-05 0.000741035 -0.00207343 -0.00164032 0.0201071 -0.0274344 -0.101764 0.5 1.10176 1.02743 0.979893 1.00164 1.00207 0.999259 0.999918 1.00011 0.999985 0.99999 1 1 1 1 1 1 1 1 1 1 1 
7.79719e-11 -8.29839e-11 1.06103e-10 -1.14878e-09 3.19366e-10 1.18901e-08 -3.2173e-08 -5.89863e-08 4.60586e-07 -3.17354e-07 -3.81972e-06 9.88374e-06 1.57031e-05 -0.000111185 7.59173e-05 0.000738687 -0.0020536 -0.00162112 0.0200612 -0.0275196 -0.101722 0.5 1.10172 1.02752 0.979939 1.00162 1.00205 0.999261 0.999924 1.00011 0.999984 0.99999 1 1 1 1 1 1 1 1 1 1 1 
8.29839e-11 -8.79471e-11 1.10933e-10 -1.31341e-09 3.58832e-10 1.31437e-08 -3.42921e-08 -6.67448e-08 4.84026e-07 -2.80419e-07 -3.99618e-06 9.73464e-06 1.6719e-05 -0.000110512 7.13772e-05 0.000734635 -0.00203872 -0.00159891 0.0200323 -0.0275938 -0.101714 0.5 1.10171 1.02759 0.979968 1.0016 1.00204 0.999265 0.999929 1.00011 0.999983 0.99999 1 1 1 1 1 1 1 1 1 1 1 
8.79471e-11 -9.32376e-11 1.17732e-10 -1.48029e-09 3.62283e-10 1.442e-08 -3.60101e-08 -7.49785e-08 5.0371e-07 -2.37705e-07 -4.14353e-06 9.5368e-06 1.75444e-05 -0.000109555 6.78794e-05 0.000729604 -0.00202841 -0.00157629 0.0200175 -0.0276544 -0.10173 0.5 1.10173 1.02765 0.979983 1.00158 1.00203 0.99927 0.999932 1.00011 0.999982 0.99999 1 1 0.999999 1 1 1 1 1 1 1 1 
9.32376e-11 -9.92218e-11 1.26827e-10 -1.64694e-09 3.25586e-10 1.56979e-08 -3.72938e-08 -8.34776e-08 5.19422e-07 -1.91222e-07 -4.26088e-06 9.30717e-06 1.81804e-05 -0.00010843 6.53645e-05 0.000724191 -0.00202209 -0.00155511 0.0200136 -0.0277006 -0.10176 0.5 1.10176 1.0277 0.979986 1.00156 1.00202 0.999276 0.999935 1.00011 0.999982 0.999991 1 1 0.999999 1 1 1 1 1 1 1 1 
9.92218e-11 -1.06227e-10 1.38381e-10 -1.8107e-09 2.46348e-10 1.6954e-08 -3.8127e-08 -9.20184e-08 5.31113e-07 -1.42989e-07 -4.34868e-06 9.06166e-06 1.86371e-05 -0.00010724 6.37313e-05 0.000718865 -0.00201906 -0.00153658 0.0200176 -0.0277331 -0.101798 0.5 1.1018 1.02773 0.979982 1.00154 1.00202 0.999281 0.999936 1.00011 0.999981 0.999991 1 1 0.999999 1 1 1 1 1 1 1 1 
1.06227e-10 -1.14517e-10 1.5239e-10 -1.9689e-09 1.24032e-10 1.8164e-08 -3.85116e-08 -1.00377e-07 5.38889e-07 -9.49206e-08 -4.40857e-06 8.81444e-06 1.89311e-05 -0.000106067 6.2851e-05 0.000713962 -0.0020186 -0.00152133 0.0200269 -0.0277533 -0.101838 0.5 1.10184 1.02775 0.979973 1.00152 1.00202 0.999286 0.999937 1.00011 0.999981 0.999991 1 1 0.999999 1 1 1 1 1 1 1 1 
1.14517e-10 -1.24277e-10 1.68697e-10 -2.11888e-09 -4.00088e-11 1.93041e-08 -3.84669e-08 -1.08341e-07 5.43002e-07 -4.87351e-08 -4.44317e-06 8.5774e-06 1.90844e-05 -0.000104975 6.25815e-05 0.000709703 -0.00202001 -0.00150956 0.0200389 -0.0277635 -0.101875 0.5 1.10188 1.02776 0.979961 1.00151 1.00202 0.99929 0.999937 1.0001 0.999981 0.999991 1 1 0.999999 1 1 1 1 1 1 1 1 
1.24277e-10 -1.35603e-10 1.87013e-10 -2.25817e-09 -2.4261e-10 2.03525e-08 -3.80285e-08 -1.15725e-07 5.43823e-07 -5.87738e-09 -4.4558e-06 8.35987e-06 1.91213e-05 -0.000104009 6.27785e-05 0.000706205 -0.00202265 -0.00150116 0.020052 -0.0277659 -0.101908 0.5 1.10191 1.02777 0.979948 1.0015 1.00202 0.999294 0.999937 1.0001 0.999981 0.999992 1 1 0.999999 1 1 1 1 1 1 1 1 
1.35603e-10 -1.48498e-10 2.06936e-10 -2.38458e-09 -4.78969e-10 2.12904e-08 -3.72453e-08 -1.22372e-07 5.41817e-07 3.25275e-08 -4.45024e-06 8.16849e-06 1.90674e-05 -0.000103195 6.33054e-05 0.000703502 -0.00202596 -0.00149577 0.0200648 -0.0277627 -0.101935 0.5 1.10194 1.02776 0.979935 1.0015 1.00203 0.999296 0.999937 1.0001 0.999981 0.999992 1 1 0.999999 1 1 1 1 1 1 1 1 
1.48498e-10 -1.62875e-10 2.27983e-10 -2.49627e-09 -7.42904e-10 2.21028e-08 -3.61769e-08 -1.28169e-07 5.37509e-07 6.56976e-08 -4.43047e-06 8.00733e-06 1.89475e-05 -0.000102546 6.40391e-05 0.000701564 -0.00202952 -0.00149294 0.0200763 -0.0277558 -0.101956 0.5 1.10196 1.02776 0.979924 1.00149 1.00203 0.999298 0.999936 1.0001 0.999981 0.999992 1 1 0.999999 1 1 1 1 1 1 1 1 
1.62875e-10 -1.78561e-10 2.49613e-10 -2.59189e-09 -1.02719e-09 2.27798e-08 -3.48898e-08 -1.33041e-07 5.31452e-07 9.31921e-08 -4.40043e-06 7.87809e-06 1.87846e-05 -0.00010206 6.48754e-05 0.000700316 -0.00203298 -0.00149213 0.0200859 -0.0277471 -0.10197 0.5 1.10197 1.02775 0.979914 1.00149 1.00203 0.9993 0.999935 1.0001 0.999981 0.999992 1 1 0.999999 1 1 1 1 1 1 1 1 
1.78561e-10 -1.95312e-10 2.71262e-10 -2.67058e-09 -1.32394e-09 2.33162e-08 -3.34534e-08 -1.36957e-07 5.24198e-07 1.14891e-07 -4.36381e-06 7.78045e-06 1.85989e-05 -0.000101725 6.573e-05 0.000699656 -0.00203612 -0.0014928 0.0200935 -0.0277376 -0.101979 0.5 1.10198 1.02774 0.979906 1.00149 1.00204 0.9993 0.999934 1.0001 0.999981 0.999992 1 1 0.999999 1 1 1 1 1 1 1 1 
1.95312e-10 -2.12826e-10 2.92371e-10 -2.73203e-09 -1.62501e-09 2.37123e-08 -3.1937e-08 -1.39928e-07 5.16269e-07 1.30955e-07 -4.32392e-06 7.71247e-06 1.84071e-05 -0.000101524 6.65397e-05 0.000699468 -0.00203878 -0.00149448 0.020099 -0.0277286 -0.101983 0.5 1.10198 1.02773 0.979901 1.00149 1.00204 0.999301 0.999933 1.0001 0.999982 0.999992 1 1 0.999999 1 1 1 1 1 1 1 1 
2.12826e-10 -2.30758e-10 3.12412e-10 -2.77646e-09 -1.9224e-09 2.39729e-08 -3.04057e-08 -1.42e-07 5.08136e-07 1.41779e-07 -4.28359e-06 7.67102e-06 1.82225e-05 -0.000101436 6.72608e-05 0.000699633 -0.0020409 -0.00149673 0.0201027 -0.0277205 -0.101984 0.5 1.10198 1.02772 0.979897 1.0015 1.00204 0.9993 0.999933 1.0001 0.999982 0.999992 1 1 0.999999 1 1 1 1 1 1 1 1 
2.30758e-10 -2.48743e-10 3.30914e-10 -2.80463e-09 -2.20862e-09 2.41075e-08 -2.89183e-08 -1.43248e-07 5.00204e-07 1.47935e-07 -4.24507e-06 7.65215e-06 1.80547e-05 -0.000101437 6.78671e-05 0.000700041 -0.00204248 -0.00149921 0.0201047 -0.0277138 -0.101982 0.5 1.10198 1.02771 0.979895 1.0015 1.00204 0.9993 0.999932 1.0001 0.999982 0.999992 1 1 0.999999 1 1 1 1 1 1 1 1 
2.48743e-10 -2.6641e-10 3.47484e-10 -2.81772e-09 -2.47703e-09 2.41289e-08 -2.75247e-08 -1.43772e-07 4.92798e-07 1.50113e-07 -4.21007e-06 7.65154e-06 1.791e-05 -0.000101503 6.83474e-05 0.000700595 -0.00204355 -0.00150165 0.0201053 -0.0277085 -0.101978 0.5 1.10198 1.02771 0.979895 1.0015 1.00204 0.999299 0.999932 1.0001 0.999982 0.999992 1 1 1 1 1 1 1 1 1 1 1 
2.6641e-10 -2.83403e-10 3.61821e-10 -2.81732e-09 -2.72207e-09 2.40531e-08 -2.62643e-08 -1.43686e-07 4.86162e-07 1.49068e-07 -4.17972e-06 7.66479e-06 1.77918e-05 -0.000101613 6.87018e-05 0.000701212 -0.00204417 -0.00150388 0.020105 -0.0277048 -0.101974 0.5 1.10197 1.0277 0.979895 1.0015 1.00204 0.999299 0.999931 1.0001 0.999982 0.999992 1 1 1 1 1 1 1 1 1 1 1 
2.83403e-10 -2.99397e-10 3.73724e-10 -2.80532e-09 -2.93946e-09 2.38976e-08 -2.5166e-08 -1.43113e-07 4.80461e-07 1.45567e-07 -4.15466e-06 7.68771e-06 1.77008e-05 -0.000101748 6.89394e-05 0.000701829 -0.00204443 -0.00150578 0.0201041 -0.0277024 -0.101969 0.5 1.10197 1.0277 0.979896 1.00151 1.00204 0.999298 0.999931 1.0001 0.999982 0.999992 1 1 1 1 1 1 1 1 1 1 1 
2.99397e-10 -3.14108e-10 3.83098e-10 -2.78379e-09 -3.1263e-09 2.36809e-08 -2.42473e-08 -1.42176e-07 4.75781e-07 1.40348e-07 -4.13509e-06 7.7165e-06 1.7636e-05 -0.000101892 6.90751e-05 0.0007024 -0.0020444 -0.0015073 0.0201027 -0.0277012 -0.101965 0.5 1.10197 1.0277 0.979897 1.00151 1.00204 0.999298 0.999931 1.0001 0.999982 0.999992 1 1 1 1 1 1 1 1 1 1 1 
3.14108e-10 -3.27309e-10 3.8995e-10 -2.7549e-09 -3.28103e-09 2.34214e-08 -2.35153e-08 -1.40995e-07 4.7214e-07 1.34087e-07 -4.12085e-06 7.74792e-06 1.7595e-05 -0.000102032 6.91267e-05 0.000702896 -0.00204416 -0.00150842 0.0201011 -0.0277009 -0.101961 0.5 1.10196 1.0277 0.979899 1.00151 1.00204 0.999297 0.999931 1.0001 0.999982 0.999992 1 1 1 1 1 1 1 1 1 1 1 
3.27309e-10 -3.38835e-10 3.94379e-10 -2.72081e-09 -3.40347e-09 2.31366e-08 -2.29679e-08 -1.39677e-07 4.695e-07 1.27371e-07 -4.11151e-06 7.77933e-06 1.75742e-05 -0.00010216 6.91134e-05 0.0007033 -0.00204381 -0.00150917 0.0200996 -0.0277013 -0.101958 0.5 1.10196 1.0277 0.9799 1.00151 1.00204 0.999297 0.999931 1.0001 0.999982 0.999992 1 1 1 1 1 1 1 1 1 1 1 
3.38835e-10 -3.48586e-10 3.96569e-10 -2.68361e-09 -3.49461e-09 2.28426e-08 -2.25949e-08 -1.38318e-07 4.67782e-07 1.20685e-07 -4.10644e-06 7.80874e-06 1.75699e-05 -0.00010227 6.90539e-05 0.000703607 -0.00204339 -0.0015096 0.0200982 -0.0277021 -0.101956 0.5 1.10196 1.0277 0.979902 1.00151 1.00204 0.999296 0.999931 1.0001 0.999982 0.999992 1 1 1 1 1 1 1 1 1 1 1 
3.48586e-10 -3.56526e-10 3.96767e-10 -2.6452e-09 -3.55648e-09 2.25532e-08 -2.23799e-08 -1.36996e-07 4.6687e-07 1.14406e-07 -4.10493e-06 7.83475e-06 1.75781e-05 -0.00010236 6.89651e-05 0.000703821 -0.00204295 -0.00150977 0.020097 -0.0277031 -0.101954 0.5 1.10195 1.0277 0.979903 1.00151 1.00204 0.999296 0.999931 1.0001 0.999982 0.999992 1 1 1 1 1 1 1 1 1 1 1 
3.56526e-10 -3.62683e-10 3.9527e-10 -2.60725e-09 -3.59194e-09 2.22801e-08 -2.23019e-08 -1.35773e-07 4.66631e-07 1.08803e-07 -4.10619e-06 7.85654e-06 1.75949e-05 -0.000102428 6.88614e-05 0.000703951 -0.00204255 -0.00150973 0.020096 -0.0277042 -0.101953 0.5 1.10195 1.0277 0.979904 1.00151 1.00204 0.999296 0.999931 1.0001 0.999982 0.999992 1 1 1 1 1 1 1 1 1 1 1 
3.62683e-10 -3.67138e-10 3.92404e-10 -2.57116e-09 -3.60444e-09 2.20322e-08 -2.23372e-08 -1.34691e-07 4.66925e-07 1.04048e-07 -4.10946e-06 7.87375e-06 1.7617e-05 -0.000102475 6.87545e-05 0.000704012 -0.00204219 -0.00150955 0.0200953 -0.0277053 -0.101953 0.5 1.10195 1.02771 0.979905 1.00151 1.00204 0.999296 0.999931 1.0001 0.999982 0.999992 1 1 1 1 1 1 1 1 1 1 1 
3.67138e-10 -3.70024e-10 3.8851e-10 -2.53806e-09 -3.59782e-09 2.18156e-08 -2.24609e-08 -1.33779e-07 4.67611e-07 1.00221e-07 -4.11405e-06 7.88641e-06 1.76414e-05 -0.000102503 6.86532e-05 0.000704017 -0.00204189 -0.00150928 0.0200948 -0.0277063 -0.101953 0.5 1.10195 1.02771 0.979905 1.00151 1.00204 0.999296 0.999931 1.0001 0.999982 0.999992 1 1 1 1 1 1 1 1 1 1 1 
3.70024e-10 -3.71507e-10 3.8392e-10 -2.50874e-09 -3.57605e-09 2.16342e-08 -2.26486e-08 -1.3305e-07 4.68558e-07 9.73299e-08 -4.11933e-06 7.89483e-06 1.76659e-05 -0.000102516 6.85634e-05 0.000703982 -0.00204166 -0.00150898 0.0200946 -0.0277072 -0.101953 0.5 1.10195 1.02771 0.979905 1.00151 1.00204 0.999296 0.999931 1.0001 0.999982 0.999992 1 1 1 1 1 1 1 1 1 1 1 
3.71507e-10 -3.71781e-10 3.78948e-10 -2.48371e-09 -3.54308e-09 2.14893e-08 -2.28772e-08 -1.32503e-07 4.69648e-07 9.53251e-08 -4.12479e-06 7.89953e-06 1.76888e-05 -0.000102517 6.84887e-05 0.000703921 -0.0020415 -0.00150867 0.0200945 -0.0277078 -0.101953 0.5 1.10195 1.02771 0.979906 1.00151 1.00204 0.999296 0.999932 1.0001 0.999982 0.999992 1 1 1 1 1 1 1 1 1 1 1 
3.71781e-10 -3.71058e-10 3.73876e-10 -2.46321e-09 -3.50262e-09 2.13806e-08 -2.31262e-08 -1.32129e-07 4.70783e-07 9.41141e-08 -4.13004e-06 7.90115e-06 1.77088e-05 -0.000102508 6.84305e-05 0.000703845 -0.00204141 -0.00150838 0.0200945 -0.0277083 -0.101954 0.5 1.10195 1.02771 0.979905 1.00151 1.00204 0.999296 0.999932 1.0001 0.999982 0.999992 1 1 1 1 1 1 1 1 1 1 1 
3.71058e-10 -3.69553e-10 3.68947e-10 -2.44724e-09 -3.45807e-09 2.13057e-08 -2.33781e-08 -1.3191e-07 4.71883e-07 9.35781e-08 -4.13479e-06 7.90037e-06 1.77253e-05 -0.000102494 6.83886e-05 0.000703764 -0.00204136 -0.00150813 0.0200946 -0.0277086 -0.101955 0.5 1.10195 1.02771 0.979905 1.00151 1.00204 0.999296 0.999932 1.0001 0.999982 0.999992 1 1 1 1 1 1 1 1 1 1 1 
3.69553e-10 -3.67477e-10 3.64357e-10 -2.43559e-09 -3.41234e-09 2.12614e-08 -2.36187e-08 -1.31823e-07 4.72889e-07 9.35843e-08 -4.13885e-06 7.89786e-06 1.7738e-05 -0.000102476 6.83618e-05 0.000703687 -0.00204135 -0.00150792 0.0200948 -0.0277087 -0.101955 0.5 1.10196 1.02771 0.979905 1.00151 1.00204 0.999296 0.999932 1.0001 0.999982 0.999992 1 1 1 1 1 1 1 1 1 1 1 
3.67477e-10 -3.65029e-10 3.60251e-10 -2.42789e-09 -3.36786e-09 2.12434e-08 -2.38375e-08 -1.31843e-07 4.73762e-07 9.3998e-08 -4.14213e-06 7.89423e-06 1.77472e-05 -0.000102457 6.83479e-05 0.000703617 -0.00204137 -0.00150777 0.020095 -0.0277088 -0.101956 0.5 1.10196 1.02771 0.979905 1.00151 1.00204 0.999296 0.999932 1.0001 0.999982 0.999992 1 1 1 1 1 1 1 1 1 1 1 
3.65029e-10 -3.62388e-10 3.56731e-10 -2.42368e-09 -3.32651e-09 2.1247e-08 -2.40272e-08 -1.31946e-07 4.74478e-07 9.46911e-08 -4.14461e-06 7.89003e-06 1.77529e-05 -0.000102438 6.83445e-05 0.000703558 -0.00204142 -0.00150766 0.0200952 -0.0277087 -0.101956 0.5 1.10196 1.02771 0.979905 1.00151 1.00204 0.999296 0.999932 1.0001 0.999982 0.999992 1 1 1 1 1 1 1 1 1 1 1 
3.62388e-10 -3.5971e-10 3.53848e-10 -2.42241e-09 -3.28966e-09 2.12674e-08 -2.41837e-08 -1.32104e-07 4.75031e-07 9.55486e-08 -4.14633e-06 7.88569e-06 1.77558e-05 -0.000102422 6.83489e-05 0.000703512 -0.00204147 -0.0015076 0.0200954 -0.0277086 -0.101956 0.5 1.10196 1.02771 0.979905 1.00151 1.00204 0.999296 0.999932 1.0001 0.999982 0.999992 1 1 1 1 1 1 1 1 1 1 1 
3.5971e-10 -3.57124e-10 3.51617e-10 -2.42348e-09 -3.25818e-09 2.12997e-08 -2.43056e-08 -1.32297e-07 4.75426e-07 9.64732e-08 -4.14736e-06 7.88155e-06 1.77564e-05 -0.000102407 6.83588e-05 0.000703479 -0.00204153 -0.00150758 0.0200956 -0.0277085 -0.101956 0.5 1.10196 1.02771 0.979904 1.00151 1.00204 0.999297 0.999932 1.0001 0.999982 0.999992 1 1 1 1 1 1 1 1 1 1 1 
3.57124e-10 -3.54729e-10 3.50017e-10 -2.42633e-09 -3.23249e-09 2.13398e-08 -2.43938e-08 -1.32504e-07 4.75674e-07 9.73867e-08 -4.14781e-06 7.87784e-06 1.77552e-05 -0.000102396 6.83718e-05 0.000703457 -0.00204159 -0.00150758 0.0200957 -0.0277083 -0.101957 0.5 1.10196 1.02771 0.979904 1.00151 1.00204 0.999297 0.999932 1.0001 0.999982 0.999992 1 1 1 1 1 1 1 1 1 1 1 
3.54729e-10 -3.52598e-10 3.49e-10 -2.43042e-09 -3.21262e-09 2.13836e-08 -2.44507e-08 -1.3271e-07 4.75797e-07 9.8231e-08 -4.14781e-06 7.87472e-06 1.77528e-05 -0.000102388 6.83862e-05 0.000703446 -0.00204164 -0.0015076 0.0200958 -0.0277082 -0.101957 0.5 1.10196 1.02771 0.979904 1.00151 1.00204 0.999297 0.999932 1.0001 0.999982 0.999992 1 1 1 1 1 1 1 1 1 1 1 
3.52598e-10 -3.50777e-10 3.48498e-10 -2.43524e-09 -3.1983e-09 2.1428e-08 -2.44803e-08 -1.32901e-07 4.75816e-07 9.8967e-08 -4.14746e-06 7.87225e-06 1.77497e-05 -0.000102382 6.84004e-05 0.000703443 -0.00204168 -0.00150763 0.0200959 -0.0277081 -0.101957 0.5 1.10196 1.02771 0.979904 1.00151 1.00204 0.999297 0.999932 1.0001 0.999982 0.999992 1 1 1 1 1 1 1 1 1 1 1 
3.50777e-10 -3.49288e-10 3.48428e-10 -2.44037e-09 -3.18904e-09 2.14704e-08 -2.44869e-08 -1.3307e-07 4.75756e-07 9.95721e-08 -4.14688e-06 7.87043e-06 1.77463e-05 -0.000102379 6.84135e-05 0.000703446 -0.00204171 -0.00150768 0.0200959 -0.0277079 -0.101957 0.5 1.10196 1.02771 0.979904 1.00151 1.00204 0.999297 0.999932 1.0001 0.999982 0.999992 1 1 1 1 1 1 1 1 1 1 1 
3.49288e-10 -3.48133e-10 3.48705e-10 -2.44546e-09 -3.18419e-09 2.1509e-08 -2.44756e-08 -1.33212e-07 4.75639e-07 1.00038e-07 -4.14617e-06 7.86923e-06 1.77429e-05 -0.000102378 6.84247e-05 0.000703454 -0.00204173 -0.00150772 0.0200959 -0.0277079 -0.101957 0.5 1.10196 1.02771 0.979904 1.00151 1.00204 0.999297 0.999932 1.0001 0.999982 0.999992 1 1 1 1 1 1 1 1 1 1 1 
3.48133e-10 -3.47297e-10 3.4924e-10 -2.45025e-09 -3.18298e-09 2.15423e-08 -2.4451e-08 -1.33323e-07 4.75489e-07 1.00369e-07 -4.14542e-06 7.86856e-06 1.77398e-05 -0.000102379 6.84337e-05 0.000703464 -0.00204175 -0.00150776 0.0200959 -0.0277078 -0.101956 0.5 1.10196 1.02771 0.979904 1.00151 1.00204 0.999297 0.999932 1.0001 0.999982 0.999992 1 1 1 1 1 1 1 1 1 1 1 
3.47297e-10 -3.46751e-10 3.49949e-10 -2.45452e-09 -3.18463e-09 2.15698e-08 -2.44177e-08 -1.33404e-07 4.75322e-07 1.00576e-07 -4.14468e-06 7.86834e-06 1.77371e-05 -0.00010238 6.84404e-05 0.000703475 -0.00204176 -0.00150779 0.0200959 -0.0277078 -0.101956 0.5 1.10196 1.02771 0.979904 1.00151 1.00204 0.999297 0.999932 1.0001 0.999982 0.999992 1 1 1 1 1 1 1 1 1 1 1 
3.46751e-10 -3.46459e-10 3.50757e-10 -2.45818e-09 -3.1884e-09 2.15913e-08 -2.43797e-08 -1.33457e-07 4.75154e-07 1.00676e-07 -4.14401e-06 7.86846e-06 1.77349e-05 -0.000102382 6.8445e-05 0.000703485 -0.00204176 -0.00150782 0.0200959 -0.0277077 -0.101956 0.5 1.10196 1.02771 0.979904 1.00151 1.00204 0.999297 0.999932 1.0001 0.999982 0.999992 1 1 1 1 1 1 1 1 1 1 1 
3.46459e-10 -3.4638e-10 3.51598e-10 -2.46114e-09 -3.19355e-09 2.16068e-08 -2.43404e-08 -1.33486e-07 4.74997e-07 1.0069e-07 -4.14343e-06 7.86883e-06 1.77332e-05 -0.000102385 6.84475e-05 0.000703495 -0.00204176 -0.00150784 0.0200958 -0.0277077 -0.101956 0.5 1.10196 1.02771 0.979904 1.00151 1.00204 0.999297 0.999932 1.0001 0.999982 0.999992 1 1 1 1 1 1 1 1 1 1 1 
3.4638e-10 -3.46468e-10 3.52419e-10 -2.4634e-09 -3.19947e-09 2.1617e-08 -2.43025e-08 -1.33494e-07 4.74858e-07 1.00638e-07 -4.14297e-06 7.86935e-06 1.77321e-05 -0.000102388 6.84485e-05 0.000703504 -0.00204175 -0.00150786 0.0200958 -0.0277077 -0.101956 0.5 1.10196 1.02771 0.979904 1.00151 1.00204 0.999296 0.999932 1.0001 0.999982 0.999992 1 1 1 1 1 1 1 1 1 1 1 
3.46468e-10 -3.46682e-10 3.53178e-10 -2.465e-09 -3.20564e-09 2.16224e-08 -2.4268e-08 -1.33485e-07 4.74743e-07 1.00541e-07 -4.14262e-06 7.86994e-06 1.77314e-05 -0.00010239 6.84482e-05 0.000703511 -0.00204174 -0.00150787 0.0200958 -0.0277078 -0.101956 0.5 1.10196 1.02771 0.979904 1.00151 1.00204 0.999296 0.999932 1.0001 0.999982 0.999992 1 1 1 1 1 1 1 1 1 1 1 
3.46682e-10 -3.4698e-10 3.53848e-10 -2.466e-09 -3.21162e-09 2.16239e-08 -2.42381e-08 -1.33465e-07 4.74653e-07 1.00416e-07 -4.14239e-06 7.87055e-06 1.77311e-05 -0.000102393 6.8447e-05 0.000703516 -0.00204173 -0.00150787 0.0200958 -0.0277078 -0.101956 0.5 1.10196 1.02771 0.979904 1.00151 1.00204 0.999296 0.999932 1.0001 0.999982 0.999992 1 1 1 1 1 1 1 1 1 1 1 
3.4698e-10 -3.47326e-10 3.5441e-10 -2.46649e-09 -3.21712e-09 2.16223e-08 -2.42137e-08 -1.33437e-07 4.74588e-07 1.00281e-07 -4.14225e-06 7.87112e-06 1.77311e-05 -0.000102394 6.84453e-05 0.000703519 -0.00204173 -0.00150787 0.0200957 -0.0277078 -0.101956 0.5 1.10196 1.02771 0.979904 1.00151 1.00204 0.999296 0.999932 1.0001 0.999982 0.999992 1 1 1 1 1 1 1 1 1 1 1 
3.47326e-10 -3.4769e-10 3.54856e-10 -2.46655e-09 -3.22192e-09 2.16185e-08 -2.41948e-08 -1.33405e-07 4.74547e-07 1.00147e-07 -4.1422e-06 7.87162e-06 1.77314e-05 -0.000102396 6.84433e-05 0.000703521 -0.00204172 -0.00150787 0.0200957 -0.0277078 -0.101956 0.5 1.10196 1.02771 0.979904 1.00151 1.00204 0.999296 0.999932 1.0001 0.999982 0.999992 1 1 1 1 1 1 1 1 1 1 1 
3.4769e-10 -3.48046e-10 3.55189e-10 -2.46629e-09 -3.2259e-09 2.16132e-08 -2.41815e-08 -1.33372e-07 4.74527e-07 1.00023e-07 -4.14221e-06 7.87204e-06 1.77318e-05 -0.000102397 6.84412e-05 0.000703522 -0.00204171 -0.00150786 0.0200957 -0.0277078 -0.101956 0.5 1.10196 1.02771 0.979904 1.00151 1.00204 0.999296 0.999932 1.0001 0.999982 0.999992 1 1 1 1 1 1 1 1 1 1 1 
3.48046e-10 -3.48377e-10 3.55413e-10 -2.4658e-09 -3.22902e-09 2.16071e-08 -2.41731e-08 -1.33341e-07 4.74523e-07 9.99164e-08 -4.14227e-06 7.87236e-06 1.77322e-05 -0.000102397 6.84392e-05 0.000703521 -0.00204171 -0.00150786 0.0200957 -0.0277079 -0.101956 0.5 1.10196 1.02771 0.979904 1.00151 1.00204 0.999296 0.999932 1.0001 0.999982 0.999992 1 1 1 1 1 1 1 1 1 1 1 
