1 1 0.975 0.95 0.925 0.9 0.875 0.85 0.825 0.8 0.775 0.75 0.725 0.7 0.675 0.65 0.625 0.6 0.575 0.55 0.525 0.5 0.475 0.45 0.425 0.4 0.375 0.35 0.325 0.3 0.275 0.25 0.225 0.2 0.175 0.15 0.125 0.1 0.075 0.05 0.025 0 0 
1 1 0.989813 0.964438 0.939063 0.913688 0.888313 0.862938 0.837563 0.812188 0.786813 0.761438 0.736063 0.710688 0.685313 0.659938 0.634563 0.609188 0.583813 0.558438 0.533063 0.507688 0.482313 0.456938 0.431563 0.406188 0.380813 0.355438 0.330063 0.304688 0.279313 0.253938 0.228563 0.203188 0.177813 0.152438 0.127063 0.101688 0.0763125 0.0509375 0.0255625 0.0001875 0 
1 1 0.995894 0.979314 0.953553 0.927792 0.90203 0.876269 0.850508 0.824746 0.798985 0.773224 0.747462 0.721701 0.69594 0.670178 0.644417 0.618656 0.592894 0.567133 0.541372 0.51561 0.489849 0.464088 0.438326 0.412565 0.386804 0.361042 0.335281 0.30952 0.283758 0.257997 0.232236 0.206474 0.180713 0.154952 0.12919 0.103429 0.0776675 0.0519062 0.0261449 0.000383522 -0.0001875 
1 1 0.998352 0.989139 0.968491 0.942331 0.916172 0.890012 0.863853 0.837693 0.811534 0.785374 0.759215 0.733055 0.706896 0.680736 0.654577 0.628417 0.602258 0.576098 0.549939 0.523779 0.497619 0.47146 0.4453 0.419141 0.392981 0.366822 0.340662 0.314503 0.288343 0.262184 0.236024 0.209865 0.183705 0.157546 0.131386 0.105227 0.0790671 0.0529076 0.0267481 0.000588544 -0.000383522 
1 1 0.99934 0.994632 0.980617 0.957327 0.930757 0.904187 0.877617 0.851047 0.824477 0.797907 0.771336 0.744766 0.718196 0.691626 0.665056 0.638486 0.611916 0.585346 0.558775 0.532205 0.505635 0.479065 0.452495 0.425925 0.399355 0.372785 0.346215 0.319644 0.293074 0.266504 0.239934 0.213364 0.186794 0.160224 0.133654 0.107084 0.0805134 0.0539433 0.0273732 0.000803078 -0.000588544 
1 1 0.999736 0.997449 0.988922 0.970868 0.945807 0.918813 0.89182 0.864826 0.837832 0.810839 0.783845 0.756851 0.729857 0.702864 0.67587 0.648876 0.621883 0.594889 0.567895 0.540902 0.513908 0.486914 0.459921 0.432927 0.405933 0.378939 0.351946 0.324952 0.297958 0.270965 0.243971 0.216977 0.189984 0.16299 0.135996 0.109002 0.0820088 0.0550151 0.0280214 0.00102767 -0.000803078 
1 1 0.999894 0.998819 0.994003 0.981483 0.960217 0.933913 0.906482 0.879051 0.851621 0.82419 0.796759 0.769328 0.741897 0.714466 0.687035 0.659604 0.632173 0.604743 0.577312 0.549881 0.52245 0.495019 0.467588 0.440157 0.412726 0.385295 0.357865 0.330434 0.303003 0.275572 0.248141 0.22071 0.193279 0.165848 0.138417 0.110986 0.0835556 0.0561247 0.0286938 0.00126291 -0.00102767 
1 1 0.999958 0.999464 0.996882 0.988903 0.972604 0.94886 0.921627 0.893745 0.865863 0.83798 0.810098 0.782216 0.754333 0.726451 0.698569 0.670686 0.642804 0.614921 0.587039 0.559157 0.531274 0.503392 0.47551 0.447627 0.419745 0.391863 0.36398 0.336098 0.308215 0.280333 0.252451 0.224568 0.196686 0.168804 0.140921 0.113039 0.0851565 0.0572742 0.0293918 0.00150944 -0.00126291 
1 1 0.999983 0.99976 0.998428 0.993657 0.982195 0.962547 0.936909 0.90893 0.880581 0.852233 0.823884 0.795535 0.767186 0.738837 0.710488 0.68214 0.653791 0.625442 0.597093 0.568744 0.540396 0.512047 0.483698 0.455349 0.427 0.398651 0.370303 0.341954 0.313605 0.285256 0.256907 0.228558 0.20021 0.171861 0.143512 0.115163 0.0868144 0.0584656 0.0301167 0.00176792 -0.00150944 
1 1 0.999993 0.999894 0.999227 0.996508 0.988989 0.97401 0.951519 0.924423 0.895801 0.86697 0.838139 0.809307 0.780476 0.751645 0.722814 0.693983 0.665152 0.636321 0.60749 0.578659 0.549828 0.520997 0.492166 0.463335 0.434504 0.405673 0.376842 0.348011 0.31918 0.290349 0.261518 0.232687 0.203856 0.175025 0.146194 0.117363 0.0885321 0.0597011 0.0308701 0.00203908 -0.00176792 
1 1 0.999997 0.999953 0.999627 0.998136 0.993468 0.982831 0.964511 0.939672 0.911431 0.882216 0.852887 0.823557 0.794227 0.764897 0.735568 0.706238 0.676908 0.647578 0.618248 0.588919 0.559589 0.530259 0.500929 0.4716 0.44227 0.41294 0.38361 0.354281 0.324951 0.295621 0.266291 0.236962 0.207632 0.178302 0.148972 0.119643 0.090313 0.0609832 0.0316535 0.00232372 -0.00203908 
1 1 0.999999 0.99998 0.999823 0.999029 0.996257 0.989138 0.975214 0.953862 0.927114 0.897936 0.868154 0.838308 0.808462 0.778616 0.74877 0.718924 0.689078 0.659232 0.629386 0.599541 0.569695 0.539849 0.510003 0.480157 0.450311 0.420465 0.390619 0.360773 0.330927 0.301082 0.271236 0.24139 0.211544 0.181698 0.151852 0.122006 0.0921604 0.0623145 0.0324686 0.00262269 -0.00232372 
1 1 1 0.999991 0.999917 0.999505 0.997916 0.993378 0.983419 0.966219 0.942207 0.913912 0.883933 0.853587 0.823207 0.792826 0.762446 0.732065 0.701685 0.671305 0.640924 0.610544 0.580164 0.549783 0.519403 0.489023 0.458642 0.428262 0.397882 0.367501 0.337121 0.30674 0.27636 0.24598 0.215599 0.185219 0.154839 0.124458 0.094078 0.0636976 0.0333172 0.00293689 -0.00262269 
1 1 1 0.999996 0.999962 0.999752 0.998868 0.996089 0.989325 0.976279 0.955954 0.929668 0.900102 0.869405 0.838489 0.807555 0.776621 0.745687 0.714752 0.683818 0.652884 0.62195 0.591016 0.560082 0.529148 0.498214 0.467279 0.436345 0.405411 0.374477 0.343543 0.312609 0.281675 0.25074 0.219806 0.188872 0.157938 0.127004 0.0960697 0.0651356 0.0342014 0.00326731 -0.00293689 
1 1 1 0.999998 0.999982 0.999878 0.999398 0.997753 0.993354 0.983972 0.967736 0.944538 0.916332 0.885701 0.854329 0.822831 0.791322 0.759814 0.728306 0.696797 0.665289 0.633781 0.602273 0.570764 0.539256 0.507748 0.476239 0.444731 0.413223 0.381715 0.350206 0.318698 0.28719 0.255681 0.224173 0.192665 0.161156 0.129648 0.0981399 0.0666316 0.0351233 0.00361503 -0.00326731 
1 1 1 0.999999 0.999992 0.999941 0.999686 0.998739 0.995981 0.989537 0.977242 0.957846 0.932078 0.90226 0.870706 0.838679 0.80658 0.774476 0.742372 0.710268 0.678164 0.64606 0.613956 0.581852 0.549748 0.517644 0.485541 0.453437 0.421333 0.389229 0.357125 0.325021 0.292917 0.260813 0.228709 0.196605 0.164501 0.132397 0.100293 0.0681891 0.0360852 0.0039812 -0.00361503 
1 1 1 1 0.999996 0.999971 0.999839 0.999307 0.997631 0.993376 0.984497 0.969106 0.946688 0.918669 0.887489 0.855103 0.822423 0.789704 0.756981 0.724259 0.691536 0.658814 0.626092 0.593369 0.560647 0.527925 0.495202 0.46248 0.429758 0.397035 0.364313 0.331591 0.298868 0.266146 0.233424 0.200701 0.167979 0.135256 0.102534 0.0698118 0.0370894 0.00436709 -0.0039812 
1 1 1 1 0.999998 0.999986 0.999918 0.999626 0.998635 0.995918 0.989765 0.978126 0.959573 0.934349 0.904384 0.872034 0.83887 0.805528 0.772165 0.7388 0.705435 0.67207 0.638705 0.605341 0.571976 0.538611 0.505246 0.471881 0.438517 0.405152 0.371787 0.338422 0.305057 0.271692 0.238328 0.204963 0.171598 0.138233 0.104868 0.0715037 0.0381389 0.00477406 -0.00436709 
1 1 1 1 0.999999 0.999994 0.999959 0.999801 0.999229 0.997544 0.99343 0.984998 0.970358 0.94868 0.920913 0.889274 0.855892 0.821976 0.787956 0.753924 0.719891 0.685858 0.651825 0.617793 0.58376 0.549727 0.515695 0.481662 0.447629 0.413596 0.379564 0.345531 0.311498 0.277465 0.243433 0.2094 0.175367 0.141335 0.107302 0.0732691 0.0392363 0.00520359 -0.00477406 
1 1 1 1 1 0.999997 0.99998 0.999896 0.999572 0.998553 0.995887 0.990003 0.978946 0.96116 0.936487 0.906456 0.873369 0.839048 0.804387 0.769666 0.734938 0.700211 0.665483 0.630755 0.596028 0.5613 0.526572 0.491845 0.457117 0.422389 0.387662 0.352934 0.318206 0.283479 0.248751 0.214023 0.179296 0.144568 0.10984 0.0751126 0.040385 0.00565731 -0.00520359 
1 1 1 1 1 0.999999 0.99999 0.999946 0.999766 0.999164 0.997482 0.993508 0.985477 0.971512 0.950533 0.923059 0.891035 0.856679 0.821476 0.786062 0.750614 0.715162 0.679711 0.64426 0.608809 0.573357 0.537906 0.502455 0.467004 0.431552 0.396101 0.36065 0.325198 0.289747 0.254296 0.218845 0.183393 0.147942 0.112491 0.0770395 0.0415883 0.006137 -0.00565731 
1 1 1 1 1 0.999999 0.999995 0.999973 0.999874 0.999525 0.99849 0.995882 0.990245 0.979711 0.96263 0.938502 0.908464 0.874693 0.839199 0.803141 0.766955 0.730751 0.694546 0.658341 0.622135 0.58593 0.549725 0.513519 0.477314 0.441109 0.404903 0.368698 0.332493 0.296287 0.260082 0.223877 0.187671 0.151466 0.115261 0.0790553 0.0428499 0.00664457 -0.006137 
1 1 1 1 1 1 0.999998 0.999986 0.999933 0.999735 0.99911 0.997442 0.993604 0.985936 0.972583 0.952263 0.925108 0.892759 0.857449 0.820907 0.784 0.747018 0.710027 0.673035 0.636044 0.599052 0.56206 0.525068 0.488076 0.451084 0.414092 0.377101 0.340109 0.303117 0.266125 0.229133 0.192141 0.15515 0.118158 0.0811659 0.044174 0.00718216 -0.00664457 
1 1 1 1 1 1 0.999999 0.999993 0.999965 0.999854 0.999485 0.998441 0.995896 0.99049 0.980429 0.963997 0.940402 0.9104 0.875989 0.839306 0.801769 0.764004 0.726196 0.688384 0.650571 0.612758 0.574945 0.537132 0.49932 0.461507 0.423694 0.385881 0.348068 0.310255 0.272442 0.234629 0.196817 0.159004 0.121191 0.0833779 0.045565 0.00775209 -0.00718216 
1 1 1 1 1 1 0.999999 0.999997 0.999982 0.99992 0.999706 0.999067 0.997419 0.993712 0.986378 0.973582 0.953882 0.927059 0.89443 0.858182 0.820249 0.781744 0.743099 0.704431 0.66576 0.627089 0.588418 0.549748 0.511077 0.472406 0.433735 0.395065 0.356394 0.317723 0.279052 0.240382 0.201711 0.16304 0.124369 0.0856985 0.0470277 0.00835691 -0.00775209 
1 1 1 1 1 1 1 0.999998 0.999991 0.999957 0.999835 0.99945 0.998406 0.995926 0.990734 0.981106 0.965274 0.942195 0.91226 0.877241 0.83935 0.800249 0.760777 0.721223 0.681656 0.642088 0.60252 0.562952 0.523384 0.483816 0.444248 0.40468 0.365112 0.325544 0.285976 0.246408 0.20684 0.167272 0.127704 0.0881355 0.0485675 0.00899944 -0.00835691 
1 1 1 1 1 1 1 0.999999 0.999995 0.999977 0.999908 0.999681 0.999032 0.99741 0.993829 0.986802 0.974518 0.955401 0.928914 0.896041 0.858863 0.819482 0.779262 0.738808 0.698308 0.657801 0.617294 0.576786 0.536279 0.495772 0.455264 0.414757 0.374249 0.333742 0.293235 0.252727 0.21222 0.171712 0.131205 0.0906976 0.0501902 0.00968279 -0.00899944 
1 1 1 1 1 1 1 1 0.999998 0.999988 0.99995 0.999817 0.999421 0.998381 0.995968 0.990977 0.981746 0.96647 0.943887 0.914038 0.878436 0.83931 0.798553 0.757232 0.715769 0.674281 0.632789 0.591297 0.549805 0.508313 0.466821 0.42533 0.383838 0.342346 0.300854 0.259362 0.21787 0.176378 0.134886 0.0933942 0.0519023 0.0104104 -0.00968279 
1 1 1 1 1 1 1 1 0.999999 0.999994 0.999973 0.999897 0.999659 0.999004 0.997412 0.993952 0.987209 0.975398 0.956829 0.930675 0.897581 0.859473 0.818579 0.776518 0.734092 0.691582 0.649059 0.606534 0.564009 0.521484 0.47896 0.436435 0.39391 0.351385 0.30886 0.266335 0.22381 0.181285 0.138761 0.0962357 0.0537109 0.011186 -0.0104104 
1 1 1 1 1 1 1 1 0.999999 0.999997 0.999985 0.999942 0.999801 0.999397 0.998366 0.996019 0.991217 0.982352 0.967593 0.945485 0.915732 0.87956 0.839166 0.796645 0.753318 0.709763 0.666161 0.622552 0.578942 0.535333 0.491723 0.448113 0.404503 0.360893 0.317283 0.273673 0.230063 0.186453 0.142844 0.0992337 0.0556238 0.0120139 -0.011186 
1 1 1 1 1 1 1 1 1 0.999998 0.999992 0.999968 0.999886 0.999639 0.998984 0.997423 0.99408 0.987601 0.976227 0.958173 0.932345 0.899042 0.859994 0.817512 0.773465 0.728881 0.684159 0.639412 0.594661 0.549911 0.50516 0.460409 0.415658 0.370907 0.326156 0.281405 0.236654 0.191903 0.147152 0.102401 0.0576498 0.0128988 -0.0120139 
1 1 1 1 1 1 1 1 1 0.999999 0.999996 0.999983 0.999935 0.999787 0.999377 0.998358 0.996077 0.991452 0.982928 0.96865 0.946994 0.917339 0.8806 0.838891 0.794488 0.748975 0.703117 0.65718 0.611229 0.565277 0.519324 0.473372 0.427419 0.381466 0.335514 0.289561 0.243609 0.197656 0.151704 0.105751 0.0597985 0.013846 -0.0128988 
1 1 1 1 1 1 1 1 1 1 0.999998 0.999991 0.999964 0.999876 0.999623 0.998968 0.997442 0.99421 0.987977 0.977009 0.959439 0.933925 0.900417 0.860407 0.816246 0.770049 0.723094 0.675926 0.628714 0.581496 0.534276 0.487057 0.439837 0.392618 0.345398 0.298179 0.250959 0.203739 0.15652 0.1093 0.0620808 0.0148612 -0.013846 
1 1 1 1 1 1 1 1 1 1 0.999999 0.999995 0.99998 0.999929 0.999775 0.999361 0.998356 0.996141 0.991683 0.983475 0.969646 0.948417 0.918856 0.881542 0.838459 0.792034 0.744127 0.695723 0.647193 0.598639 0.550082 0.501525 0.452967 0.40441 0.355853 0.307295 0.258738 0.210181 0.161623 0.113066 0.0645085 0.0159512 -0.0148612 
1 1 1 1 1 1 1 1 1 1 0.999999 0.999997 0.999989 0.999959 0.999867 0.999609 0.998958 0.997466 0.994342 0.988339 0.977749 0.960633 0.935416 0.901696 0.86069 0.814743 0.766205 0.716632 0.666744 0.616786 0.566816 0.516844 0.466872 0.4169 0.366928 0.316956 0.266983 0.217011 0.167039 0.117067 0.0670953 0.0171232 -0.0159512 
1 1 1 1 1 1 1 1 1 1 1 0.999999 0.999994 0.999977 0.999922 0.999764 0.999349 0.99836 0.996209 0.991909 0.983995 0.970586 0.94976 0.92028 0.88237 0.837837 0.789226 0.738684 0.687448 0.636023 0.584559 0.533089 0.481619 0.430149 0.378678 0.327208 0.275738 0.224267 0.172797 0.121327 0.0698562 0.0183858 -0.0171232 
1 1 1 1 1 1 1 1 1 1 1 0.999999 0.999997 0.999987 0.999955 0.999859 0.999598 0.998952 0.997496 0.994474 0.988686 0.978449 0.961758 0.936819 0.902872 0.860819 0.812954 0.761851 0.709369 0.656441 0.603404 0.550347 0.497287 0.444228 0.391168 0.338108 0.285048 0.231988 0.178928 0.125868 0.0728083 0.0197484 -0.0183858 
1 1 1 1 1 1 1 1 1 1 1 1 0.999998 0.999993 0.999974 0.999917 0.999754 0.999339 0.998368 0.99628 0.992129 0.98449 0.971473 0.951023 0.921607 0.883069 0.836988 0.785994 0.732533 0.678128 0.623449 0.568711 0.513963 0.459214 0.404465 0.349716 0.294967 0.240218 0.185469 0.13072 0.0759708 0.0212217 -0.0197484 
1 1 1 1 1 1 1 1 1 1 1 1 0.999999 0.999996 0.999986 0.999951 0.999852 0.999588 0.99895 0.99753 0.994605 0.98902 0.979111 0.962818 0.938133 0.903934 0.860767 0.810823 0.756888 0.701152 0.6448 0.588288 0.531746 0.475199 0.418651 0.362104 0.305556 0.249008 0.192461 0.135913 0.0793656 0.022818 -0.0212217 
1 1 1 1 1 1 1 1 1 1 1 1 1 0.999998 0.999992 0.999972 0.999912 0.999746 0.999333 0.99838 0.996353 0.992344 0.984962 0.97231 0.95221 0.922833 0.88362 0.835869 0.782254 0.725531 0.667554 0.609193 0.550745 0.492281 0.433815 0.375348 0.316882 0.258416 0.19995 0.141484 0.0830177 0.0245515 -0.022818 
1 1 1 1 1 1 1 1 1 1 1 1 1 0.999999 0.999995 0.999984 0.999948 0.999845 0.999581 0.998951 0.997566 0.994736 0.989341 0.979739 0.963815 0.939358 0.904871 0.860501 0.808281 0.751189 0.691784 0.631547 0.571084 0.510574 0.450058 0.389541 0.329024 0.268507 0.20799 0.147473 0.0869554 0.0264383 -0.0245515 
1 1 1 1 1 1 1 1 1 1 1 1 1 0.999999 0.999998 0.999991 0.999969 0.999907 0.99974 0.999329 0.998396 0.996427 0.992552 0.985411 0.9731 0.953322 0.923952 0.884 0.834424 0.777899 0.7175 0.655461 0.592898 0.53021 0.467498 0.404784 0.34207 0.279355 0.216641 0.153926 0.0912115 0.0284969 -0.0264383 
1 1 1 1 1 1 1 1 1 1 1 1 1 1 0.999999 0.999995 0.999982 0.999944 0.99984 0.999575 0.998955 0.997605 0.994864 0.989648 0.980333 0.964752 0.940492 0.905669 0.859982 0.80524 0.744596 0.681014 0.616329 0.551331 0.486269 0.421195 0.356121 0.291047 0.225972 0.160898 0.0958236 0.0307492 -0.0284969 
1 1 1 1 1 1 1 1 1 1 1 1 1 1 0.999999 0.999997 0.99999 0.999967 0.999903 0.999734 0.999327 0.998414 0.996503 0.992754 0.985838 0.973844 0.954359 0.924956 0.884182 0.832587 0.772793 0.708207 0.641504 0.5741 0.506521 0.438911 0.371296 0.303681 0.236066 0.168451 0.100835 0.0332202 -0.0307492 
1 1 1 1 1 1 1 1 1 1 1 1 1 1 1 0.999998 0.999994 0.999981 0.999941 0.999835 0.999571 0.998961 0.997646 0.994991 0.989943 0.980896 0.96563 0.941533 0.906312 0.85916 0.80159 0.736902 0.668513 0.598681 0.528429 0.458087 0.387731 0.317373 0.247014 0.176656 0.106298 0.0359394 -0.0332202 
1 1 1 1 1 1 1 1 1 1 1 1 1 1 1 0.999999 0.999997 0.999989 0.999965 0.999899 0.999729 0.999327 0.998434 0.996578 0.992949 0.986245 0.974545 0.95532 0.925837 0.884134 0.830273 0.766759 0.697348 0.625228 0.552184 0.478905 0.405583 0.332256 0.258927 0.185599 0.11227 0.0389417 -0.0359394 
1 1 1 1 1 1 1 1 1 1 1 1 1 1 1 1 0.999998 0.999994 0.999979 0.999938 0.999831 0.999568 0.998969 0.997689 0.995115 0.990226 0.981427 0.96645 0.942476 0.906778 0.857975 0.797189 0.727835 0.653843 0.577985 0.501572 0.425039 0.348487 0.271932 0.195378 0.118823 0.0422681 -0.0389417 
1 1 1 1 1 1 1 1 1 1 1 1 1 1 1 1 0.999999 0.999996 0.999988 0.999963 0.999895 0.999726 0.999328 0.998456 0.996654 0.993138 0.986631 0.975202 0.956205 0.926582 0.883812 0.827372 0.759565 0.684513 0.606018 0.52632 0.446314 0.366251 0.286181 0.20611 0.126039 0.0459678 -0.0422681 
1 1 1 1 1 1 1 1 1 1 1 1 1 1 1 1 0.999999 0.999998 0.999993 0.999978 0.999936 0.999828 0.999567 0.998979 0.997732 0.995237 0.990496 0.981929 0.967213 0.943314 0.907041 0.856346 0.791847 0.717028 0.636408 0.553393 0.469659 0.385768 0.301853 0.217935 0.134018 0.0500996 -0.0459678 
1 1 1 1 1 1 1 1 1 1 1 1 1 1 1 1 1 0.999999 0.999996 0.999987 0.999961 0.999893 0.999723 0.999331 0.998479 0.996729 0.99332 0.986998 0.975818 0.957012 0.927177 0.883165 0.823739 0.750896 0.669142 0.583025 0.495358 0.407297 0.319164 0.231021 0.142878 0.0547349 -0.0500996 
1 1 1 1 1 1 1 1 1 1 1 1 1 1 1 1 1 0.999999 0.999998 0.999992 0.999977 0.999934 0.999825 0.999566 0.99899 0.997776 0.995355 0.990754 0.982401 0.967917 0.944041 0.907068 0.854169 0.785306 0.70397 0.615375 0.52372 0.431144 0.338371 0.24557 0.152765 0.0599603 -0.0547349 
1 1 1 1 1 1 1 1 1 1 1 1 1 1 1 1 1 1 0.999999 0.999996 0.999986 0.999959 0.99989 0.999721 0.999335 0.998503 0.996803 0.993496 0.987346 0.976392 0.957736 0.9276 0.882119 0.819176 0.74031 0.650441 0.555041 0.457663 0.359788 0.261827 0.163855 0.0658829 -0.0599603 
1 1 1 1 1 1 1 1 1 1 1 1 1 1 1 1 1 1 0.999999 0.999997 0.999992 0.999975 0.999932 0.999823 0.999567 0.999002 0.997821 0.99547 0.991 0.982845 0.968561 0.944645 0.906812 0.851302 0.777207 0.687937 0.589542 0.487247 0.383791 0.280095 0.176367 0.0726353 -0.0658829 
1 1 1 1 1 1 1 1 1 1 1 1 1 1 1 1 1 1 1 0.999999 0.999995 0.999985 0.999958 0.999888 0.99972 0.999341 0.998528 0.996876 0.993664 0.987674 0.976923 0.958372 0.927826 0.88058 0.813406 0.727175 0.627251 0.520292 0.410825 0.300748 0.190571 0.0803841 -0.0726353 
1 1 1 1 1 1 1 1 1 1 1 1 1 1 1 1 1 1 1 0.999999 0.999997 0.999991 0.999974 0.99993 0.999821 0.999568 0.999015 0.997865 0.995582 0.991235 0.983259 0.969142 0.94511 0.906212 0.847543 0.767029 0.667853 0.557114 0.441403 0.324246 0.206811 0.0893408 -0.0803841 
1 1 1 1 1 1 1 1 1 1 1 1 1 1 1 1 1 1 1 1 0.999998 0.999995 0.999984 0.999957 0.999886 0.99972 0.999347 0.998554 0.996947 0.993826 0.987983 0.977411 0.958911 0.927816 0.87841 0.806028 0.710544 0.59781 0.476065 0.351156 0.22552 0.0997775 -0.0893408 
1 1 1 1 1 1 1 1 1 1 1 1 1 1 1 1 1 1 1 1 0.999999 0.999997 0.999991 0.999973 0.999928 0.99982 0.999571 0.999029 0.997909 0.99569 0.991457 0.983645 0.969658 0.945416 0.905182 0.842605 0.753987 0.642059 0.515287 0.382155 0.247256 0.112049 -0.0997775 
1 1 1 1 1 1 1 1 1 1 1 1 1 1 1 1 1 1 1 1 0.999999 0.999998 0.999994 0.999984 0.999955 0.999885 0.99972 0.999354 0.99858 0.997017 0.993981 0.988274 0.977854 0.959344 0.927519 0.875416 0.796433 0.688936 0.559302 0.417998 0.272728 0.126623 -0.112049 
1 1 1 1 1 1 1 1 1 1 1 1 1 1 1 1 1 1 1 1 1 0.999999 0.999997 0.99999 0.999972 0.999927 0.999819 0.999573 0.999044 0.997953 0.995794 0.991667 0.984 0.970101 0.945534 0.903598 0.836047 0.736837 0.607846 0.459427 0.30283 0.144127 -0.126623 
1 1 1 1 1 1 1 1 1 1 1 1 1 1 1 1 1 1 1 1 1 0.999999 0.999998 0.999994 0.999983 0.999954 0.999884 0.999721 0.999361 0.998606 0.997085 0.994128 0.988544 0.978249 0.959652 0.926861 0.871301 0.783651 0.659882 0.506948 0.33864 0.165407 -0.144127 
1 1 1 1 1 1 1 1 1 1 1 1 1 1 1 1 1 1 1 1 1 1 0.999999 0.999996 0.99999 0.999972 0.999926 0.999819 0.999577 0.999059 0.997996 0.995895 0.991866 0.984324 0.970464 0.945419 0.901273 0.827168 0.713481 0.560483 0.381336 0.191602 -0.165407 
1 1 1 1 1 1 1 1 1 1 1 1 1 1 1 1 1 1 1 1 1 1 0.999999 0.999998 0.999994 0.999982 0.999953 0.999883 0.999722 0.999369 0.998633 0.997152 0.994268 0.988795 0.978592 0.959814 0.925731 0.865594 0.766027 0.618957 0.431953 0.224214 -0.191602 
1 1 1 1 1 1 1 1 1 1 1 1 1 1 1 1 1 1 1 1 1 1 1 0.999999 0.999996 0.999989 0.999971 0.999925 0.999819 0.999581 0.999074 0.998039 0.995991 0.992051 0.984614 0.970734 0.94501 0.897911 0.814764 0.680064 0.49091 0.265108 -0.224214 
1 1 1 1 1 1 1 1 1 1 1 1 1 1 1 1 1 1 1 1 1 1 1 0.999999 0.999998 0.999993 0.999982 0.999953 0.999883 0.999723 0.999378 0.998659 0.997216 0.994401 0.989024 0.978876 0.959794 0.923951 0.857485 0.74047 0.557359 0.316321 -0.265108 
1 1 1 1 1 1 1 1 1 1 1 1 1 1 1 1 1 1 1 1 1 1 1 1 0.999999 0.999996 0.999989 0.99997 0.999925 0.999819 0.999585 0.99909 0.99808 0.996083 0.992223 0.984867 0.970892 0.944207 0.893007 0.796565 0.628653 0.379498 -0.316321 
1 1 1 1 1 1 1 1 1 1 1 1 1 1 1 1 1 1 1 1 1 1 1 1 0.999999 0.999998 0.999993 0.999981 0.999952 0.999882 0.999725 0.999387 0.998685 0.997278 0.994525 0.98923 0.979092 0.959538 0.921226 0.845449 0.700446 0.454853 -0.379498 
1 1 1 1 1 1 1 1 1 1 1 1 1 1 1 1 1 1 1 1 1 1 1 1 1 0.999999 0.999996 0.999988 0.99997 0.999924 0.999819 0.99959 0.999106 0.99812 0.99617 0.992382 0.985079 0.97091 0.942843 0.885611 0.767694 0.539973 -0.454853 
1 1 1 1 1 1 1 1 1 1 1 1 1 1 1 1 1 1 1 1 1 1 1 1 1 0.999999 0.999997 0.999993 0.999981 0.999951 0.999882 0.999728 0.999396 0.998711 0.997337 0.994642 0.989411 0.979224 0.958957 0.917005 0.82618 0.629308 -0.539973 
1 1 1 1 1 1 1 1 1 1 1 1 1 1 1 1 1 1 1 1 1 1 1 1 1 0.999999 0.999998 0.999996 0.999988 0.999969 0.999924 0.99982 0.999595 0.999122 0.99816 0.996252 0.992524 0.98524 0.970742 0.940615 0.873677 0.715271 -0.629308 
1 1 1 1 1 1 1 1 1 1 1 1 1 1 1 1 1 1 1 1 1 1 1 1 1 1 0.999999 0.999997 0.999993 0.99998 0.999951 0.999882 0.99973 0.999405 0.998736 0.997394 0.994749 0.989562 0.979249 0.95789 0.910111 0.790781 -0.715271 
1 1 1 1 1 1 1 1 1 1 1 1 1 1 1 1 1 1 1 1 1 1 1 1 1 1 0.999999 0.999998 0.999995 0.999988 0.999969 0.999923 0.999821 0.9996 0.999137 0.998197 0.996329 0.99265 0.985341 0.970303 0.936886 0.851671 -0.790781 
1 1 1 1 1 1 1 1 1 1 1 1 1 1 1 1 1 1 1 1 1 1 1 1 1 1 1 0.999999 0.999997 0.999992 0.99998 0.999951 0.999883 0.999733 0.999415 0.998761 0.997447 0.994845 0.989678 0.979125 0.956006 0.897395 -0.851671 
1 1 1 1 1 1 1 1 1 1 1 1 1 1 1 1 1 1 1 1 1 1 1 1 1 1 1 0.999999 0.999998 0.999995 0.999987 0.999968 0.999923 0.999823 0.999606 0.999153 0.998234 0.9964 0.992754 0.985358 0.969428 0.929984 -0.897395 
1 1 1 1 1 1 1 1 1 1 1 1 1 1 1 1 1 1 1 1 1 1 1 1 1 1 1 1 0.999999 0.999997 0.999992 0.99998 0.99995 0.999883 0.999736 0.999424 0.998784 0.997497 0.99493 0.989747 0.97877 0.95246 -0.929984 
1 1 1 1 1 1 1 1 1 1 1 1 1 1 1 1 1 1 1 1 1 1 1 1 1 1 1 1 0.999999 0.999998 0.999995 0.999987 0.999968 0.999923 0.999824 0.999611 0.999168 0.998268 0.996465 0.992833 0.985253 0.967703 -0.95246 
1 1 1 1 1 1 1 1 1 1 1 1 1 1 1 1 1 1 1 1 1 1 1 1 1 1 1 1 1 0.999999 0.999997 0.999992 0.99998 0.99995 0.999884 0.999739 0.999434 0.998807 0.997544 0.995 0.989751 0.977985 -0.967703 
1 1 1 1 1 1 1 1 1 1 1 1 1 1 1 1 1 1 1 1 1 1 1 1 1 1 1 1 1 0.999999 0.999998 0.999995 0.999987 0.999968 0.999924 0.999826 0.999617 0.999183 0.998301 0.996521 0.992877 0.984931 -0.977985 
1 1 1 1 1 1 1 1 1 1 1 1 1 1 1 1 1 1 1 1 1 1 1 1 1 1 1 1 1 1 0.999999 0.999997 0.999992 0.999979 0.99995 0.999884 0.999742 0.999443 0.998829 0.997586 0.995052 0.989645 -0.984931 
1 1 1 1 1 1 1 1 1 1 1 1 1 1 1 1 1 1 1 1 1 1 1 1 1 1 1 1 1 1 0.999999 0.999998 0.999995 0.999987 0.999968 0.999924 0.999828 0.999622 0.999197 0.998331 0.996567 0.992864 -0.989645 
1 1 1 1 1 1 1 1 1 1 1 1 1 1 1 1 1 1 1 1 1 1 1 1 1 1 1 1 1 1 1 0.999999 0.999997 0.999992 0.999979 0.99995 0.999885 0.999745 0.999452 0.99885 0.997622 0.995074 -0.992864 
1 1 1 1 1 1 1 1 1 1 1 1 1 1 1 1 1 1 1 1 1 1 1 1 1 1 1 1 1 1 1 0.999999 0.999998 0.999995 0.999987 0.999968 0.999924 0.999829 0.999628 0.999211 0.998358 0.996597 -0.995074 
1 1 1 1 1 1 1 1 1 1 1 1 1 1 1 1 1 1 1 1 1 1 1 1 1 1 1 1 1 1 1 1 0.999999 0.999997 0.999991 0.999979 0.99995 0.999886 0.999749 0.999461 0.998869 0.997651 -0.996597 
1 1 1 1 1 1 1 1 1 1 1 1 1 1 1 1 1 1 1 1 1 1 1 1 1 1 1 1 1 1 1 1 0.999999 0.999998 0.999995 0.999986 0.999967 0.999925 0.999831 0.999634 0.999224 0.99838 -0.997651 
1 1 1 1 1 1 1 1 1 1 1 1 1 1 1 1 1 1 1 1 1 1 1 1 1 1 1 1 1 1 1 1 1 0.999999 0.999997 0.999991 0.999979 0.99995 0.999887 0.999752 0.99947 0.998886 -0.99838 
1 1 1 1 1 1 1 1 1 1 1 1 1 1 1 1 1 1 1 1 1 1 1 1 1 1 1 1 1 1 1 1 1 0.999999 0.999998 0.999994 0.999986 0.999967 0.999925 0.999833 0.999639 0.999236 -0.998886 
1 1 1 1 1 1 1 1 1 1 1 1 1 1 1 1 1 1 1 1 1 1 1 1 1 1 1 1 1 1 1 1 1 1 0.999999 0.999997 0.999991 0.999979 0.99995 0.999888 0.999756 0.999478 -0.999236 
1 1 1 1 1 1 1 1 1 1 1 1 1 1 1 1 1 1 1 1 1 1 1 1 1 1 1 1 1 1 1 1 1 1 0.999999 0.999998 0.999994 0.999986 0.999967 0.999926 0.999835 0.999644 -0.999478 
1 1 1 1 1 1 1 1 1 1 1 1 1 1 1 1 1 1 1 1 1 1 1 1 1 1 1 1 1 1 1 1 1 1 0.999999 0.999999 0.999996 0.999991 0.999979 0.999951 0.999889 0.999759 -0.999644 
1 1 1 1 1 1 1 1 1 1 1 1 1 1 1 1 1 1 1 1 1 1 1 1 1 1 1 1 1 1 1 1 1 1 1 0.999999 0.999998 0.999994 0.999986 0.999968 0.999926 0.999837 -0.999759 
1 1 1 1 1 1 1 1 1 1 1 1 1 1 1 1 1 1 1 1 1 1 1 1 1 1 1 1 1 1 1 1 1 1 1 0.999999 0.999999 0.999996 0.999991 0.999979 0.999951 0.999891 -0.999837 
1 1 1 1 1 1 1 1 1 1 1 1 1 1 1 1 1 1 1 1 1 1 1 1 1 1 1 1 1 1 1 1 1 1 1 1 0.999999 0.999998 0.999994 0.999986 0.999968 0.999927 -0.999891 
1 1 1 1 1 1 1 1 1 1 1 1 1 1 1 1 1 1 1 1 1 1 1 1 1 1 1 1 1 1 1 1 1 1 1 1 0.999999 0.999999 0.999996 0.999991 0.999979 0.999951 -0.999927 
1 1 1 1 1 1 1 1 1 1 1 1 1 1 1 1 1 1 1 1 1 1 1 1 1 1 1 1 1 1 1 1 1 1 1 1 1 0.999999 0.999998 0.999994 0.999986 0.999968 -0.999951 
1 1 1 1 1 1 1 1 1 1 1 1 1 1 1 1 1 1 1 1 1 1 1 1 1 1 1 1 1 1 1 1 1 1 1 1 1 0.999999 0.999999 0.999996 0.999991 0.999979 -0.999968 
1 1 1 1 1 1 1 1 1 1 1 1 1 1 1 1 1 1 1 1 1 1 1 1 1 1 1 1 1 1 1 1 1 1 1 1 1 1 0.999999 0.999998 0.999994 0.999986 -0.999979 
1 1 1 1 1 1 1 1 1 1 1 1 1 1 1 1 1 1 1 1 1 1 1 1 1 1 1 1 1 1 1 1 1 1 1 1 1 1 0.999999 0.999998 0.999996 0.999991 -0.999986 
1 1 1 1 1 1 1 1 1 1 1 1 1 1 1 1 1 1 1 1 1 1 1 1 1 1 1 1 1 1 1 1 1 1 1 1 1 1 1 0.999999 0.999998 0.999994 -0.999991 
1 1 1 1 1 1 1 1 1 1 1 1 1 1 1 1 1 1 1 1 1 1 1 1 1 1 1 1 1 1 1 1 1 1 1 1 1 1 1 0.999999 0.999998 0.999996 -0.999994 
1 1 1 1 1 1 1 1 1 1 1 1 1 1 1 1 1 1 1 1 1 1 1 1 1 1 1 1 1 1 1 1 1 1 1 1 1 1 1 1 0.999999 0.999998 -0.999996 
1 1 1 1 1 1 1 1 1 1 1 1 1 1 1 1 1 1 1 1 1 1 1 1 1 1 1 1 1 1 1 1 1 1 1 1 1 1 1 1 0.999999 0.999998 -0.999998 
1 1 1 1 1 1 1 1 1 1 1 1 1 1 1 1 1 1 1 1 1 1 1 1 1 1 1 1 1 1 1 1 1 1 1 1 1 1 1 1 1 0.999999 -0.999998 
1 1 1 1 1 1 1 1 1 1 1 1 1 1 1 1 1 1 1 1 1 1 1 1 1 1 1 1 1 1 1 1 1 1 1 1 1 1 1 1 1 0.999999 -0.999999 
1 1 1 1 1 1 1 1 1 1 1 1 1 1 1 1 1 1 1 1 1 1 1 1 1 1 1 1 1 1 1 1 1 1 1 1 1 1 1 1 1 1 -0.999999 
1 1 1 1 1 1 1 1 1 1 1 1 1 1 1 1 1 1 1 1 1 1 1 1 1 1 1 1 1 1 1 1 1 1 1 1 1 1 1 1 1 1 -1 
1 1 1 1 1 1 1 1 1 1 1 1 1 1 1 1 1 1 1 1 1 1 1 1 1 1 1 1 1 1 1 1 1 1 1 1 1 1 1 1 1 1 -1 
1 1 1 1 1 1 1 1 1 1 1 1 1 1 1 1 1 1 1 1 1 1 1 1 1 1 1 1 1 1 1 1 1 1 1 1 1 1 1 1 1 1 -1 
1 1 1 1 1 1 1 1 1 1 1 1 1 1 1 1 1 1 1 1 1 1 1 1 1 1 1 1 1 1 1 1 1 1 1 1 1 1 1 1 1 1 -1 
