No, norm, delta_time
1, 0.0612443, 0.025
2, 0.0649965, 0.0248491
3, 0.0724298, 0.0246331
4, 0.0822511, 0.0244121
5, 0.0933357, 0.0242256
6, 0.104935, 0.0240823
7, 0.116356, 0.0239832
8, 0.126834, 0.0239248
9, 0.135835, 0.0238985
10, 0.14325, 0.0238934
11, 0.149235, 0.0238997
12, 0.15401, 0.0239112
13, 0.157779, 0.0239256
14, 0.160709, 0.0239434
15, 0.162922, 0.0239667
16, 0.164496, 0.0239981
17, 0.165493, 0.024041
18, 0.166031, 0.0241003
19, 0.166428, 0.024182
20, 0.167244, 0.0242461
21, 0.170086, 0.0242957
22, 0.178386, 0.0243652
23, 0.193939, 0.0242969
24, 0.213299, 0.0239806
25, 0.232452, 0.0237354
26, 0.249452, 0.0235704
27, 0.263638, 0.0234701
28, 0.275184, 0.023413
29, 0.284644, 0.0233795
30, 0.29291, 0.0233531
31, 0.300931, 0.0233174
32, 0.309759, 0.023259
33, 0.320066, 0.0231757
34, 0.331113, 0.0230872
35, 0.340219, 0.0230287
36, 0.347461, 0.0230191
37, 0.35273, 0.0230507
38, 0.409905, 0.0231027
39, 0.416008, 0.0214847
40, 0.391593, 0.0236086
41, 0.368448, 0.0215869
42, 0.341858, 0.0238861
43, 0.316124, 0.0219089
44, 0.295516, 0.0240527
45, 0.274174, 0.0222014
46, 0.257639, 0.0241713
47, 0.240634, 0.0224634
48, 0.226983, 0.0242669
49, 0.213382, 0.0226976
50, 0.201959, 0.0243475
51, 0.190925, 0.022905
52, 0.181303, 0.0244161
53, 0.172205, 0.0230871
54, 0.164063, 0.0244742
55, 0.156449, 0.0232459
56, 0.149526, 0.0245232
57, 0.143075, 0.0233841
58, 0.137154, 0.0245646
59, 0.131629, 0.0235045
60, 0.126529, 0.0245997
61, 0.121754, 0.0236097
62, 0.117327, 0.0246298
63, 0.113167, 0.0237021
64, 0.109293, 0.0246559
65, 0.10564, 0.0237838
66, 0.102224, 0.0246787
67, 0.0989922, 0.0238566
68, 0.0959567, 0.0246989
69, 0.093078, 0.0239217
70, 0.0903621, 0.0247168
71, 0.0877812, 0.0239805
72, 0.0853363, 0.0247329
73, 0.0830087, 0.0240337
74, 0.080796, 0.0247474
75, 0.0786863, 0.0240821
76, 0.0766746, 0.0247606
77, 0.074754, 0.0241263
78, 0.0729182, 0.0247726
79, 0.0711632, 0.0241669
80, 0.0694823, 0.0247835
81, 0.0678734, 0.0242042
82, 0.0663296, 0.0247935
83, 0.0648501, 0.0242386
84, 0.0634279, 0.0248027
85, 0.062063, 0.0242705
86, 0.0607484, 0.0248112
87, 0.0594846, 0.0243
88, 0.0582647, 0.0248191
89, 0.0570896, 0.0243274
90, 0.0559528, 0.0248264
91, 0.054855, 0.024353
92, 0.0537904, 0.0248332
93, 0.0527599, 0.0243771
94, 0.0517581, 0.0248397
95, 0.0507865, 0.0243998
96, 0.04984, 0.0248458
97, 0.0489206, 0.0244213
98, 0.0480241, 0.0248515
99, 0.0471528, 0.0244417
100, 0.0463033, 0.0248569
101, 0.0454783, 0.0244611
102, 0.0446752, 0.0248621
103, 0.0438969, 0.0244795
104, 0.0431415, 0.0248668
105, 0.0424119, 0.0244968
106, 0.0417065, 0.0248713
107, 0.0410279, 0.0245131
108, 0.0403743, 0.0248754
109, 0.0397478, 0.0245281
110, 0.0391461, 0.0248792
111, 0.0385698, 0.024542
112, 0.0380156, 0.0248826
113, 0.0374827, 0.0245548
114, 0.036966, 0.0248858
115, 0.0364628, 0.0245667
116, 0.0359657, 0.024889
117, 0.0354701, 0.0245781
118, 0.0349662, 0.0248922
119, 0.0344473, 0.0245896
120, 0.0339017, 0.0248958
121, 0.0333215, 0.024602
122, 0.0326935, 0.0249
123, 0.0320099, 0.0246162
124, 0.0312579, 0.0249052
125, 0.0304313, 0.0246332
126, 0.0295199, 0.0249114
127, 0.0285215, 0.024654
128, 0.0274304, 0.0249189
129, 0.0262503, 0.024679
130, 0.024982, 0.0249275
131, 0.0236356, 0.0247083
132, 0.0222191, 0.0249369
133, 0.0207484, 0.0247414
134, 0.0192375, 0.0249467
135, 0.017706, 0.0247769
136, 0.0161713, 0.0249564
137, 0.0146539, 0.0248133
138, 0.0131713, 0.0249656
139, 0.0117415, 0.0248487
140, 0.0103792, 0.0249737
141, 0.00909745, 0.0248814
142, 0.00790584, 0.0249807
143, 0.00681152, 0.0249102
144, 0.00581822, 0.0249863
145, 0.0049272, 0.0249344
146, 0.00413696, 0.0249906
147, 0.00344399, 0.0249537
148, 0.00284294, 0.0249937
149, 0.00232725, 0.0249684
150, 0.00188941, 0.024996
151, 0.0015215, 0.0249792
152, 0.00121544, 0.0249975
153, 0.000963318, 0.0249867
154, 0.000757601, 0.0249985
155, 0.000591306, 0.0249918
156, 0.000458088, 0.0249991
157, 0.000352305, 0.0249951
158, 0.000269021, 0.0249995
159, 0.000203996, 0.0249971
160, 0.000153635, 0.0249997
161, 0.000114936, 0.0249984
162, 8.54255e-05, 0.0249999
163, 6.30878e-05, 0.0249991
164, 4.63012e-05, 0.0249999
165, 3.37745e-05, 0.0249995
166, 2.44903e-05, 0.025
167, 1.76548e-05, 0.0249997
168, 1.26546e-05, 0.025
169, 9.01999e-06, 0.0249999
170, 6.39417e-06, 0.025
171, 4.50849e-06, 0.0249999
172, 3.16222e-06, 0.025
173, 2.20653e-06, 0.025
174, 1.53187e-06, 0.025
175, 1.0582e-06, 0.025
176, 7.27411e-07, 0.025
177, 4.97603e-07, 0.025
178, 3.38768e-07, 0.025
179, 2.29539e-07, 0.025
180, 1.54796e-07, 0.025
181, 1.03902e-07, 0.025
182, 6.9415e-08, 0.025
183, 4.61583e-08, 0.025
