1 1 0.975 0.95 0.925 0.9 0.875 0.85 0.825 0.8 0.775 0.75 0.725 0.7 0.675 0.65 0.625 0.6 0.575 0.55 0.525 0.5 0.475 0.45 0.425 0.4 0.375 0.35 0.325 0.3 0.275 0.25 0.225 0.2 0.175 0.15 0.125 0.1 0.075 0.05 0.025 0 0 
1 1 0.984875 0.959625 0.934375 0.909125 0.883875 0.858625 0.833375 0.808125 0.782875 0.757625 0.732375 0.707125 0.681875 0.656625 0.631375 0.606125 0.580875 0.555625 0.530375 0.505125 0.479875 0.454625 0.429375 0.404125 0.378875 0.353625 0.328375 0.303125 0.277875 0.252625 0.227375 0.202125 0.176875 0.151625 0.126375 0.101125 0.075875 0.050625 0.025375 0.000125 0 
1 1 0.990879 0.969445 0.94394 0.918435 0.89293 0.867425 0.84192 0.816415 0.79091 0.765405 0.7399 0.714394 0.688889 0.663384 0.637879 0.612374 0.586869 0.561364 0.535859 0.510354 0.484849 0.459344 0.433839 0.408334 0.382829 0.357324 0.331819 0.306314 0.280809 0.255304 0.229799 0.204294 0.178789 0.153284 0.127779 0.102274 0.0767689 0.0512638 0.0257588 0.000253775 -0.000125 
1 1 0.994511 0.977848 0.9537 0.927935 0.902169 0.876404 0.850639 0.824874 0.799109 0.773343 0.747578 0.721813 0.696048 0.670282 0.644517 0.618752 0.592987 0.567221 0.541456 0.515691 0.489926 0.464161 0.438395 0.41263 0.386865 0.3611 0.335334 0.309569 0.283804 0.258039 0.232274 0.206508 0.180743 0.154978 0.129213 0.103447 0.0776821 0.0519169 0.0261517 0.000386465 -0.000253775 
1 1 0.996701 0.984421 0.963029 0.937631 0.9116 0.885569 0.859539 0.833508 0.807477 0.781446 0.755415 0.729385 0.703354 0.677323 0.651292 0.625262 0.599231 0.5732 0.547169 0.521139 0.495108 0.469077 0.443046 0.417015 0.390985 0.364954 0.338923 0.312892 0.286862 0.260831 0.2348 0.208769 0.182739 0.156708 0.130677 0.104646 0.0786155 0.0525848 0.026554 0.000523218 -0.000386465 
1 1 0.998018 0.989287 0.971361 0.947285 0.921227 0.894926 0.868624 0.842322 0.81602 0.789718 0.763417 0.737115 0.710813 0.684511 0.658209 0.631908 0.605606 0.579304 0.553002 0.5267 0.500399 0.474097 0.447795 0.421493 0.395191 0.368889 0.342588 0.316286 0.289984 0.263682 0.23738 0.211079 0.184777 0.158475 0.132173 0.105871 0.0795696 0.0532678 0.026966 0.000664186 -0.000523218 
1 1 0.99881 0.992757 0.97839 0.956524 0.930965 0.904479 0.877901 0.851322 0.824744 0.798165 0.771587 0.745008 0.71843 0.691851 0.665273 0.638694 0.612116 0.585537 0.558958 0.53238 0.505801 0.479223 0.452644 0.426066 0.399487 0.372909 0.34633 0.319752 0.293173 0.266595 0.240016 0.213438 0.186859 0.160281 0.133702 0.107124 0.0805451 0.0539666 0.0273881 0.00080953 -0.000664186 
1 1 0.999286 0.995168 0.984054 0.964986 0.940614 0.914202 0.887375 0.860514 0.833653 0.806792 0.779931 0.75307 0.726209 0.699348 0.672487 0.645626 0.618764 0.591903 0.565042 0.538181 0.51132 0.484459 0.457598 0.430737 0.403876 0.377015 0.350154 0.323292 0.296431 0.26957 0.242709 0.215848 0.188987 0.162126 0.135265 0.108404 0.0815427 0.0546816 0.0278205 0.00095942 -0.00080953 
1 1 0.999571 0.996811 0.988453 0.972419 0.949902 0.924 0.897041 0.869904 0.842755 0.815605 0.788455 0.761305 0.734156 0.707006 0.679856 0.652707 0.625557 0.598407 0.571258 0.544108 0.516958 0.489809 0.462659 0.435509 0.408359 0.38121 0.35406 0.32691 0.299761 0.272611 0.245461 0.218312 0.191162 0.164012 0.136863 0.109713 0.0825631 0.0554134 0.0282637 0.00111403 -0.00095942 
1 1 0.999743 0.997913 0.991772 0.978707 0.958559 0.933708 0.90686 0.879494 0.852054 0.82461 0.797165 0.769721 0.742276 0.714832 0.687387 0.659942 0.632498 0.605053 0.577609 0.550164 0.52272 0.495275 0.467831 0.440386 0.412942 0.385497 0.358053 0.330608 0.303163 0.275719 0.248274 0.22083 0.193385 0.165941 0.138496 0.111052 0.0836072 0.0561626 0.0287181 0.00127355 -0.00111403 
1 1 0.999846 0.998644 0.994215 0.983856 0.966365 0.943113 0.916743 0.889271 0.861557 0.833813 0.806067 0.778321 0.750575 0.722829 0.695084 0.667338 0.639592 0.611846 0.5841 0.556355 0.528609 0.500863 0.473117 0.445371 0.417625 0.38988 0.362134 0.334388 0.306642 0.278896 0.251151 0.223405 0.195659 0.167913 0.140167 0.112421 0.0846756 0.0569298 0.029184 0.00143817 -0.00127355 
1 1 0.999907 0.999124 0.995981 0.987954 0.973187 0.951993 0.926552 0.899194 0.871262 0.84322 0.815167 0.787113 0.759059 0.731006 0.702952 0.674898 0.646844 0.618791 0.590737 0.562683 0.534629 0.506576 0.478522 0.450468 0.422414 0.394361 0.366307 0.338253 0.310199 0.282146 0.254092 0.226038 0.197984 0.169931 0.141877 0.113823 0.0857694 0.0577156 0.0296619 0.0016081 -0.00143817 
1 1 0.999944 0.999437 0.997235 0.991139 0.978979 0.960154 0.93611 0.909184 0.881152 0.852835 0.824471 0.796103 0.767735 0.739366 0.710997 0.682629 0.65426 0.625892 0.597523 0.569155 0.540786 0.512418 0.484049 0.45568 0.427312 0.398943 0.370575 0.342206 0.313838 0.285469 0.257101 0.228732 0.200363 0.171995 0.143626 0.115258 0.0868892 0.0585207 0.0301521 0.00178355 -0.0016081 
1 1 0.999967 0.99964 0.998114 0.993563 0.983771 0.967455 0.945229 0.919121 0.891189 0.862656 0.833986 0.805298 0.776607 0.747917 0.719226 0.690536 0.661845 0.633155 0.604465 0.575774 0.547084 0.518393 0.489703 0.461012 0.432322 0.403631 0.374941 0.34625 0.31756 0.288869 0.260179 0.231488 0.202798 0.174108 0.145417 0.116727 0.0880361 0.0593457 0.0306552 0.00196474 -0.00178355 
1 1 0.99998 0.999771 0.998724 0.995376 0.987643 0.973822 0.953731 0.928856 0.901302 0.872664 0.843715 0.814704 0.785684 0.756665 0.727645 0.698625 0.669606 0.640586 0.611566 0.582546 0.553527 0.524507 0.495487 0.466467 0.437448 0.408428 0.379408 0.350389 0.321369 0.292349 0.263329 0.23431 0.20529 0.17627 0.147251 0.118231 0.0892111 0.0601914 0.0311716 0.00215192 -0.00196474 
1 1 0.999988 0.999854 0.999142 0.996711 0.99071 0.979244 0.961476 0.938222 0.911388 0.882825 0.853652 0.824326 0.794973 0.765616 0.73626 0.706903 0.677547 0.64819 0.618834 0.589477 0.56012 0.530764 0.501407 0.472051 0.442694 0.413337 0.383981 0.354624 0.325268 0.295911 0.266555 0.237198 0.207841 0.178485 0.149128 0.119772 0.0904151 0.0610585 0.0317019 0.00234533 -0.00215192 
1 1 0.999993 0.999908 0.999427 0.997682 0.993096 0.983761 0.968373 0.947057 0.921314 0.893074 0.863784 0.834168 0.804479 0.774779 0.745078 0.715377 0.685675 0.655974 0.626273 0.596571 0.56687 0.537169 0.507467 0.477766 0.448065 0.418363 0.388662 0.358961 0.32926 0.299558 0.269857 0.240156 0.210454 0.180753 0.151052 0.12135 0.0916491 0.0619478 0.0322465 0.00254523 -0.00234533 
1 1 0.999996 0.999942 0.999619 0.998379 0.994922 0.987452 0.974381 0.955223 0.930934 0.903322 0.874076 0.844225 0.814209 0.78416 0.754106 0.724052 0.693998 0.663944 0.633889 0.603835 0.573781 0.543727 0.513673 0.483619 0.453564 0.42351 0.393456 0.363402 0.333348 0.303294 0.273239 0.243185 0.213131 0.183077 0.153023 0.122969 0.0929144 0.0628602 0.0328061 0.0027519 -0.00254523 
1 1 0.999997 0.999963 0.999748 0.998875 0.9963 0.990413 0.97951 0.962616 0.940096 0.913451 0.884472 0.854484 0.824165 0.793766 0.763352 0.732937 0.702521 0.672106 0.641691 0.611275 0.58086 0.550444 0.520029 0.489613 0.459198 0.428782 0.398367 0.367951 0.337536 0.30712 0.276705 0.246289 0.215874 0.185458 0.155043 0.124628 0.0942121 0.0637966 0.0333811 0.00296563 -0.0027519 
1 1 0.999998 0.999977 0.999834 0.999224 0.997327 0.992752 0.983805 0.969178 0.948666 0.923329 0.894893 0.864913 0.834344 0.803603 0.772824 0.742039 0.711254 0.680468 0.649683 0.618897 0.588111 0.557326 0.52654 0.495755 0.464969 0.434184 0.403398 0.372613 0.341827 0.311042 0.280256 0.249471 0.218685 0.1879 0.157114 0.126329 0.0955433 0.0647578 0.0339722 0.00318673 -0.00296563 
1 1 0.999999 0.999986 0.999891 0.999468 0.998085 0.994573 0.987342 0.974891 0.956534 0.932815 0.905233 0.875465 0.844733 0.813673 0.782528 0.751366 0.720202 0.689037 0.657872 0.626708 0.595543 0.564379 0.533214 0.502049 0.470885 0.43972 0.408555 0.377391 0.346226 0.315062 0.283897 0.252732 0.221568 0.190403 0.159239 0.128074 0.0969094 0.0657448 0.0345801 0.00341553 -0.00318673 
1 1 0.999999 0.999991 0.999929 0.999637 0.998637 0.995973 0.990209 0.979778 0.963625 0.941778 0.915373 0.886067 0.855306 0.823975 0.792471 0.760926 0.729374 0.697821 0.666268 0.634714 0.603161 0.571608 0.540055 0.508502 0.476949 0.445396 0.413843 0.38229 0.350737 0.319183 0.28763 0.256077 0.224524 0.192971 0.161418 0.129865 0.0983117 0.0667586 0.0352055 0.00365235 -0.00341553 
1 1 1 0.999994 0.999954 0.999754 0.999037 0.997036 0.992498 0.983887 0.969903 0.950103 0.92518 0.896625 0.866019 0.834498 0.802656 0.770726 0.738778 0.706827 0.674876 0.642924 0.610973 0.579022 0.54707 0.515119 0.483168 0.451216 0.419265 0.387314 0.355362 0.323411 0.29146 0.259508 0.227557 0.195606 0.163654 0.131703 0.0997516 0.0678003 0.0358489 0.00389757 -0.00365235 
1 1 1 0.999996 0.99997 0.999834 0.999324 0.997835 0.994304 0.987291 0.975368 0.957707 0.934528 0.90703 0.876809 0.845218 0.813082 0.780774 0.748423 0.716065 0.683705 0.651346 0.618986 0.586626 0.554266 0.521907 0.489547 0.457187 0.424828 0.392468 0.360108 0.327749 0.295389 0.263029 0.230669 0.19831 0.16595 0.13359 0.101231 0.068871 0.0365113 0.00415156 -0.00389757 
1 1 1 0.999998 0.999981 0.999888 0.999528 0.998429 0.99571 0.99007 0.980048 0.964535 0.9433 0.917158 0.887591 0.856098 0.82374 0.791072 0.758317 0.725543 0.692764 0.659986 0.627207 0.594429 0.56165 0.528872 0.496093 0.463315 0.430536 0.397757 0.364979 0.3322 0.299422 0.266643 0.233865 0.201086 0.168308 0.135529 0.10275 0.0699718 0.0371933 0.00441473 -0.00415156 
1 1 1 0.999999 0.999987 0.999925 0.999672 0.998868 0.996795 0.99231 0.983997 0.970568 0.951402 0.926885 0.898263 0.867081 0.834611 0.801623 0.768467 0.735269 0.702062 0.668854 0.635646 0.602438 0.569229 0.536021 0.502812 0.469604 0.436396 0.403187 0.369979 0.336771 0.303562 0.270354 0.237146 0.203937 0.170729 0.137521 0.104312 0.0711042 0.0378958 0.0046875 -0.00441473 
1 1 1 0.999999 0.999992 0.99995 0.999773 0.999189 0.997622 0.994094 0.987283 0.975818 0.958769 0.936095 0.908711 0.87809 0.845662 0.812418 0.778879 0.745253 0.711608 0.677959 0.64431 0.61066 0.577011 0.543362 0.509712 0.476063 0.442413 0.408764 0.375114 0.341465 0.307815 0.274166 0.240516 0.206867 0.173218 0.139568 0.105919 0.0722692 0.0386198 0.00497032 -0.0046875 
1 1 1 0.999999 0.999995 0.999967 0.999844 0.999423 0.998248 0.9955 0.989982 0.980319 0.965366 0.944688 0.918814 0.889033 0.856842 0.823442 0.789553 0.755503 0.721411 0.687311 0.653209 0.619106 0.585004 0.550902 0.516799 0.482697 0.448594 0.414492 0.38039 0.346287 0.312185 0.278083 0.24398 0.209878 0.175776 0.141673 0.107571 0.0734684 0.039366 0.00526368 -0.00497032 
1 1 1 1 0.999997 0.999978 0.999893 0.999591 0.998717 0.996596 0.992173 0.984127 0.971185 0.952587 0.928458 0.899801 0.868082 0.834666 0.800486 0.766025 0.731482 0.696918 0.662352 0.627784 0.593216 0.558649 0.524081 0.489514 0.454946 0.420379 0.385811 0.351244 0.316676 0.282109 0.247541 0.212973 0.178406 0.143838 0.109271 0.0747032 0.0401356 0.00556807 -0.00526368 
1 1 1 1 0.999998 0.999986 0.999927 0.999712 0.999067 0.997442 0.993932 0.987307 0.976246 0.959743 0.937535 0.910279 0.879297 0.846046 0.811664 0.776822 0.741827 0.706792 0.671749 0.636703 0.601658 0.566612 0.531567 0.496521 0.461476 0.42643 0.391385 0.356339 0.321294 0.286248 0.251203 0.216157 0.181112 0.146066 0.111021 0.0759751 0.0409296 0.00588404 -0.00556807 
1 1 1 1 0.999999 0.99999 0.99995 0.999798 0.999325 0.998091 0.99533 0.989932 0.98059 0.966133 0.945962 0.920352 0.890386 0.85752 0.823063 0.787891 0.752456 0.716943 0.681411 0.645874 0.610338 0.574801 0.539264 0.503727 0.468191 0.432654 0.397117 0.36158 0.326043 0.290507 0.25497 0.219433 0.183896 0.148359 0.112823 0.0772858 0.041749 0.00621217 -0.00588404 
1 1 1 1 0.999999 0.999994 0.999966 0.999859 0.999514 0.998584 0.996431 0.992076 0.984272 0.971761 0.953676 0.929911 0.901238 0.869009 0.834645 0.799223 0.763373 0.72738 0.691348 0.655308 0.619266 0.583224 0.547182 0.51114 0.475098 0.439056 0.403014 0.366972 0.330931 0.294889 0.258847 0.222805 0.186763 0.150721 0.114679 0.0786369 0.042595 0.00655304 -0.00621217 
1 1 1 1 0.999999 0.999996 0.999977 0.999902 0.999652 0.998955 0.99729 0.993808 0.987356 0.976656 0.96064 0.938864 0.911739 0.88042 0.846354 0.810798 0.774577 0.738111 0.701572 0.665014 0.628454 0.591892 0.555331 0.518769 0.482207 0.445646 0.409084 0.372523 0.335961 0.2994 0.262838 0.226277 0.189715 0.153154 0.116592 0.0800304 0.0434689 0.00690732 -0.00655304 
1 1 1 1 1 0.999997 0.999985 0.999932 0.999752 0.999234 0.997955 0.995194 0.989913 0.980859 0.966846 0.947137 0.921778 0.891646 0.858119 0.822582 0.786061 0.749143 0.712093 0.675006 0.637912 0.600816 0.563719 0.526623 0.489527 0.452431 0.415334 0.378238 0.341142 0.304046 0.266949 0.229853 0.192757 0.155661 0.118564 0.0814682 0.0443719 0.00727569 -0.00690732 
1 1 1 1 1 0.999998 0.99999 0.999953 0.999824 0.999441 0.998466 0.996295 0.99201 0.984427 0.972304 0.954681 0.931257 0.902574 0.869851 0.834527 0.797811 0.760479 0.722921 0.685295 0.647652 0.610006 0.572359 0.534713 0.497066 0.459419 0.421773 0.384126 0.346479 0.308832 0.271186 0.233539 0.195892 0.158246 0.120599 0.0829523 0.0453056 0.00765887 -0.00727569 
1 1 1 1 1 0.999999 0.999993 0.999968 0.999876 0.999594 0.998855 0.997161 0.993714 0.987425 0.977049 0.961473 0.940092 0.913094 0.881451 0.846569 0.809798 0.772114 0.734063 0.695892 0.657687 0.619475 0.581262 0.543048 0.504835 0.466621 0.428407 0.390194 0.35198 0.313767 0.275553 0.237339 0.199126 0.160912 0.122698 0.0844849 0.0462713 0.00805766 -0.00765887 
1 1 1 1 1 0.999999 0.999995 0.999978 0.999913 0.999707 0.999151 0.997837 0.995086 0.989916 0.981125 0.967512 0.948224 0.923101 0.892808 0.858624 0.821979 0.784036 0.745525 0.706808 0.66803 0.629236 0.590439 0.551641 0.512843 0.474046 0.435248 0.39645 0.357652 0.318855 0.280057 0.241259 0.202461 0.163664 0.124866 0.0860683 0.0472706 0.00847288 -0.00805766 
1 1 1 1 1 1 0.999997 0.999985 0.999939 0.999789 0.999373 0.998362 0.996183 0.991969 0.984591 0.972817 0.955614 0.932503 0.90381 0.870598 0.834296 0.796224 0.757306 0.718054 0.678693 0.639301 0.599903 0.560503 0.521103 0.481703 0.442304 0.402904 0.363504 0.324104 0.284704 0.245304 0.205905 0.166505 0.127105 0.0877051 0.0483053 0.00890543 -0.00847288 
1 1 1 1 1 1 0.999998 0.99999 0.999957 0.999849 0.999539 0.998766 0.997052 0.993644 0.987507 0.977426 0.962249 0.94123 0.914348 0.882385 0.846674 0.808639 0.769398 0.729637 0.689688 0.649685 0.609667 0.569647 0.529626 0.489605 0.449585 0.409564 0.369543 0.329522 0.289502 0.249481 0.20946 0.169439 0.129419 0.0893978 0.049377 0.00935624 -0.00890543 
1 1 1 1 1 1 0.999999 0.999993 0.99997 0.999892 0.999663 0.999075 0.997736 0.995001 0.989939 0.981388 0.968137 0.949232 0.924324 0.89387 0.859023 0.821231 0.781783 0.741557 0.701028 0.660401 0.619746 0.579086 0.538425 0.497764 0.457102 0.416441 0.375779 0.335118 0.294456 0.253795 0.213134 0.172472 0.131811 0.0911492 0.0504878 0.00982635 -0.00935624 
1 1 1 1 1 1 0.999999 0.999995 0.999979 0.999923 0.999755 0.99931 0.998271 0.996091 0.991949 0.98476 0.973304 0.956482 0.933658 0.904945 0.87124 0.833931 0.79443 0.753813 0.712722 0.671463 0.630155 0.588835 0.547513 0.50619 0.464867 0.423545 0.382222 0.340899 0.299576 0.258253 0.216931 0.175608 0.134285 0.0929624 0.0516396 0.0103168 -0.00982635 
1 1 1 1 1 1 0.999999 0.999997 0.999986 0.999946 0.999822 0.999488 0.998686 0.996961 0.993596 0.987602 0.97779 0.962974 0.942286 0.915503 0.883213 0.846655 0.807295 0.76639 0.724774 0.682885 0.640908 0.598909 0.556904 0.514898 0.472893 0.430887 0.388881 0.346875 0.304869 0.262864 0.220858 0.178852 0.136846 0.0948405 0.0528347 0.0108289 -0.0103168 
1 1 1 1 1 1 1 0.999998 0.99999 0.999962 0.999872 0.999622 0.999006 0.997649 0.994935 0.989977 0.981647 0.968725 0.950169 0.925454 0.894829 0.859303 0.820315 0.779264 0.737185 0.694678 0.652022 0.609323 0.566614 0.523903 0.481191 0.43848 0.395768 0.353057 0.310345 0.267633 0.224922 0.18221 0.139499 0.0967869 0.0540753 0.0113637 -0.0108289 
1 1 1 1 1 1 1 0.999999 0.999993 0.999973 0.999908 0.999722 0.999252 0.998191 0.996017 0.991945 0.984931 0.973765 0.95729 0.934725 0.905978 0.871767 0.833412 0.792397 0.749947 0.706851 0.663511 0.620095 0.576659 0.533218 0.489777 0.446336 0.402895 0.359453 0.316012 0.272571 0.229129 0.185688 0.142247 0.0988054 0.055364 0.0119227 -0.0113637 
1 1 1 1 1 1 1 0.999999 0.999995 0.999981 0.999934 0.999796 0.99944 0.998615 0.996884 0.993564 0.987705 0.97814 0.963653 0.943264 0.916561 0.883931 0.846492 0.805733 0.763042 0.719407 0.675389 0.631241 0.587055 0.542861 0.498665 0.454469 0.410273 0.366077 0.321881 0.277684 0.233488 0.189292 0.145096 0.1009 0.0567035 0.0125073 -0.0119227 
1 1 1 1 1 1 1 0.999999 0.999997 0.999987 0.999953 0.999851 0.999582 0.998945 0.997575 0.994886 0.990026 0.9819 0.969279 0.95104 0.926494 0.895681 0.859449 0.819202 0.776436 0.732345 0.687669 0.642778 0.597821 0.552848 0.507871 0.462894 0.417916 0.372939 0.327962 0.282984 0.238007 0.193029 0.148052 0.103074 0.0580966 0.0131191 -0.0125073 
1 1 1 1 1 1 1 1 0.999998 0.999991 0.999966 0.999892 0.99969 0.9992 0.998122 0.995957 0.991955 0.985105 0.974204 0.958045 0.935711 0.90691 0.872167 0.832714 0.790084 0.74565 0.700357 0.654723 0.608976 0.563198 0.517413 0.471626 0.42584 0.380053 0.334266 0.28848 0.242693 0.196906 0.15112 0.105333 0.0595464 0.0137597 -0.0131191 
1 1 1 1 1 1 1 1 0.999999 0.999994 0.999976 0.999922 0.999771 0.999396 0.998552 0.996821 0.993547 0.987814 0.978476 0.96429 0.94417 0.917524 0.884529 0.846167 0.80392 0.759297 0.713455 0.66709 0.620538 0.57393 0.527308 0.480683 0.434058 0.387433 0.340808 0.294182 0.247557 0.200932 0.154307 0.107682 0.0610563 0.014431 -0.0137597 
1 1 1 1 1 1 1 1 0.999999 0.999996 0.999983 0.999943 0.999831 0.999545 0.998889 0.997512 0.99485 0.990086 0.982148 0.969802 0.95185 0.927445 0.896421 0.859446 0.817862 0.773248 0.726958 0.679892 0.632526 0.585064 0.537576 0.490083 0.442588 0.395093 0.347599 0.300104 0.252609 0.205114 0.157619 0.110125 0.0626298 0.0151349 -0.014431 
1 1 1 1 1 1 1 1 0.999999 0.999997 0.999988 0.999959 0.999876 0.99966 0.999152 0.998062 0.995911 0.991977 0.985279 0.974622 0.958749 0.936618 0.907738 0.87243 0.831812 0.787445 0.740847 0.693135 0.644959 0.596622 0.548239 0.499844 0.451448 0.403051 0.354653 0.306256 0.257859 0.209462 0.161065 0.112668 0.0642707 0.0158736 -0.0151349 
1 1 1 1 1 1 1 1 1 0.999998 0.999992 0.999971 0.999909 0.999746 0.999355 0.998497 0.996768 0.993541 0.987928 0.978799 0.964887 0.945007 0.918391 0.885001 0.845657 0.801814 0.75509 0.706819 0.657852 0.608625 0.559317 0.509989 0.460655 0.411322 0.361988 0.312654 0.26332 0.213985 0.164651 0.115317 0.0659834 0.0166494 -0.0158736 
1 1 1 1 1 1 1 1 1 0.999999 0.999994 0.999979 0.999934 0.999811 0.999511 0.99884 0.997458 0.994826 0.990152 0.98239 0.970295 0.952601 0.92831 0.897044 0.859275 0.81626 0.769639 0.720932 0.671217 0.621094 0.570835 0.520538 0.470232 0.419925 0.369618 0.31931 0.269003 0.218695 0.168387 0.11808 0.0677723 0.0174647 -0.0166494 
1 1 1 1 1 1 1 1 1 0.999999 0.999996 0.999985 0.999952 0.99986 0.999631 0.999108 0.99801 0.995875 0.992008 0.985452 0.975018 0.959406 0.937448 0.908458 0.872542 0.830674 0.784426 0.735453 0.685059 0.634049 0.582816 0.531517 0.480201 0.428881 0.377562 0.326242 0.274922 0.223602 0.172282 0.120962 0.0696422 0.0183223 -0.0174647 
1 1 1 1 1 1 1 1 1 0.999999 0.999997 0.999989 0.999965 0.999897 0.999723 0.999317 0.998449 0.996726 0.993545 0.988045 0.979109 0.965446 0.945778 0.919161 0.885335 0.844936 0.799365 0.750339 0.699376 0.647506 0.595285 0.54295 0.490584 0.438212 0.385839 0.333466 0.281092 0.228719 0.176345 0.123972 0.0715986 0.0192252 -0.0183223 
1 1 1 1 1 1 1 1 1 1 0.999998 0.999993 0.999975 0.999924 0.999793 0.999479 0.998796 0.997413 0.994811 0.990225 0.982625 0.97076 0.953296 0.929089 0.897543 0.858916 0.814352 0.765534 0.714152 0.661479 0.608265 0.554863 0.501408 0.447941 0.394471 0.341 0.287529 0.234059 0.180588 0.127118 0.0736471 0.0201765 -0.0192252 
1 1 1 1 1 1 1 1 1 1 0.999999 0.999995 0.999982 0.999945 0.999845 0.999605 0.999069 0.997965 0.995848 0.992046 0.985623 0.975395 0.960016 0.938202 0.909067 0.872486 0.829265 0.78096 0.729358 0.675971 0.621778 0.567286 0.512701 0.458093 0.403479 0.348865 0.294251 0.239637 0.185023 0.130408 0.0757941 0.0211799 -0.0201765 
1 1 1 1 1 1 1 1 1 1 0.999999 0.999996 0.999987 0.99996 0.999885 0.999701 0.999283 0.998406 0.996692 0.993557 0.988164 0.979407 0.965969 0.946484 0.919831 0.88552 0.843975 0.796516 0.744945 0.690976 0.635844 0.580245 0.524491 0.468695 0.41289 0.357083 0.301276 0.245468 0.189661 0.133854 0.0780464 0.0222391 -0.0211799 
1 1 1 1 1 1 1 1 1 1 0.999999 0.999997 0.999991 0.999971 0.999915 0.999774 0.99945 0.998756 0.997376 0.994805 0.990301 0.982853 0.971197 0.953937 0.92978 0.897909 0.858346 0.812088 0.760844 0.706475 0.650474 0.593768 0.53681 0.479778 0.422729 0.365677 0.308624 0.251571 0.194518 0.137465 0.0804116 0.0233585 -0.0222391 
1 1 1 1 1 1 1 1 1 1 1 0.999998 0.999993 0.999979 0.999937 0.999831 0.99958 0.999034 0.997927 0.99583 0.992089 0.985792 0.975752 0.960583 0.938881 0.909559 0.872242 0.827542 0.776965 0.722431 0.665672 0.607879 0.549689 0.491374 0.433027 0.374673 0.316318 0.257963 0.199608 0.141253 0.0828977 0.0245425 -0.0233585 
1 1 1 1 1 1 1 1 1 1 1 0.999999 0.999995 0.999985 0.999954 0.999873 0.99968 0.999252 0.998369 0.996666 0.993576 0.988283 0.979691 0.966457 0.947125 0.920399 0.88554 0.842738 0.793195 0.738784 0.68143 0.6226 0.563161 0.503516 0.443814 0.3841 0.324383 0.264665 0.204948 0.145231 0.0855137 0.0257965 -0.0245425 
1 1 1 1 1 1 1 1 1 1 1 0.999999 0.999997 0.999989 0.999966 0.999905 0.999757 0.999423 0.998722 0.997346 0.994806 0.990381 0.983073 0.971608 0.954524 0.930381 0.898131 0.857533 0.809405 0.755455 0.697721 0.637943 0.577257 0.51624 0.455126 0.393987 0.332844 0.271701 0.210557 0.149413 0.0882696 0.0271259 -0.0257965 
1 1 1 1 1 1 1 1 1 1 1 0.999999 0.999998 0.999992 0.999975 0.99993 0.999817 0.999557 0.999002 0.997895 0.995818 0.992138 0.985958 0.97609 0.961105 0.939483 0.909925 0.871788 0.82545 0.77234 0.7145 0.653911 0.592006 0.529585 0.466998 0.40437 0.341732 0.279094 0.216454 0.153815 0.0911762 0.028537 -0.0271259 
1 1 1 1 1 1 1 1 1 1 1 1 0.999998 0.999994 0.999982 0.999948 0.999862 0.999661 0.999224 0.998337 0.996646 0.993601 0.988403 0.979962 0.966911 0.947702 0.920858 0.885378 0.841179 0.789312 0.7317 0.670494 0.607432 0.543587 0.479473 0.415284 0.351079 0.286871 0.222663 0.158454 0.0942454 0.0300368 -0.028537 
1 1 1 1 1 1 1 1 1 1 1 1 0.999999 0.999996 0.999987 0.999961 0.999896 0.999741 0.999398 0.998691 0.997321 0.994813 0.990463 0.983285 0.971993 0.955057 0.93089 0.898195 0.856442 0.806226 0.749226 0.687658 0.623549 0.558284 0.492591 0.426771 0.36092 0.295063 0.229206 0.163348 0.0974905 0.0316328 -0.0300368 
1 1 1 1 1 1 1 1 1 1 1 1 0.999999 0.999997 0.99999 0.999972 0.999922 0.999803 0.999535 0.998974 0.997868 0.995812 0.992191 0.986119 0.976409 0.961585 0.940006 0.910155 0.871094 0.822924 0.766958 0.705351 0.640361 0.573711 0.506398 0.438874 0.371294 0.303704 0.236111 0.168519 0.100926 0.0333335 -0.0316328 
1 1 1 1 1 1 1 1 1 1 1 1 0.999999 0.999998 0.999993 0.999979 0.999942 0.999851 0.999642 0.999198 0.99831 0.996632 0.993631 0.988521 0.98022 0.96733 0.948212 0.921201 0.88501 0.839244 0.784754 0.723492 0.657853 0.589894 0.520939 0.451639 0.382244 0.312828 0.243409 0.173989 0.104569 0.0351485 -0.0333335 
1 1 1 1 1 1 1 1 1 1 1 1 1 0.999999 0.999995 0.999985 0.999957 0.999887 0.999726 0.999376 0.998665 0.997301 0.994825 0.990547 0.983489 0.972351 0.955537 0.9313 0.898083 0.855027 0.802452 0.741972 0.675987 0.606853 0.536259 0.465119 0.393818 0.322478 0.251131 0.179784 0.108436 0.0370884 -0.0351485 
1 1 1 1 1 1 1 1 1 1 1 1 1 0.999999 0.999996 0.999989 0.999968 0.999915 0.99979 0.999516 0.998949 0.997846 0.995812 0.992246 0.986275 0.976708 0.96202 0.940446 0.910237 0.870123 0.81988 0.760653 0.6947 0.624591 0.552398 0.479367 0.406067 0.332698 0.259317 0.185933 0.112549 0.0391649 -0.0370884 
1 1 1 1 1 1 1 1 1 1 1 1 1 0.999999 0.999997 0.999992 0.999976 0.999936 0.99984 0.999626 0.999175 0.998286 0.996623 0.993664 0.988638 0.980464 0.967715 0.948655 0.921418 0.884406 0.836863 0.779375 0.713897 0.64309 0.569392 0.494437 0.419047 0.343539 0.268005 0.192468 0.11693 0.0413916 -0.0391649 
1 1 1 1 1 1 1 1 1 1 1 1 1 0.999999 0.999998 0.999994 0.999983 0.999952 0.999879 0.999711 0.999355 0.998641 0.997286 0.994841 0.99063 0.983683 0.972682 0.95596 0.931605 0.897774 0.85323 0.797958 0.733452 0.662307 0.587264 0.510385 0.432821 0.355055 0.277244 0.199424 0.121604 0.0437835 -0.0413916 
1 1 1 1 1 1 1 1 1 1 1 1 1 1 0.999999 0.999996 0.999987 0.999964 0.999908 0.999778 0.999498 0.998927 0.997827 0.995816 0.992303 0.986426 0.976987 0.96241 0.940799 0.910152 0.868829 0.816211 0.753209 0.682167 0.606018 0.527262 0.447452 0.367309 0.287084 0.206843 0.1266 0.0463576 -0.0437835 
1 1 1 1 1 1 1 1 1 1 1 1 1 1 0.999999 0.999997 0.999991 0.999974 0.999931 0.99983 0.99961 0.999155 0.998266 0.996618 0.993699 0.988752 0.980693 0.968064 0.949025 0.921497 0.883532 0.833944 0.772984 0.702561 0.625637 0.545113 0.463011 0.380368 0.297583 0.21477 0.131952 0.0491333 -0.0463576 
1 1 1 1 1 1 1 1 1 1 1 1 1 1 0.999999 0.999998 0.999993 0.99998 0.999948 0.99987 0.999698 0.999337 0.998621 0.997276 0.994861 0.990713 0.983867 0.972986 0.956325 0.931796 0.897237 0.850977 0.792576 0.723344 0.646071 0.563967 0.479565 0.394308 0.308808 0.223256 0.137695 0.0521327 -0.0491333 
1 1 1 1 1 1 1 1 1 1 1 1 1 1 1 0.999998 0.999995 0.999985 0.999961 0.999901 0.999767 0.999481 0.998907 0.997813 0.995823 0.992361 0.986571 0.977245 0.962754 0.941059 0.909879 0.867151 0.811773 0.744334 0.667235 0.583837 0.49718 0.409209 0.320831 0.232359 0.143871 0.0553811 -0.0521327 
1 1 1 1 1 1 1 1 1 1 1 1 1 1 1 0.999999 0.999996 0.999989 0.999971 0.999925 0.999821 0.999595 0.999137 0.99825 0.996616 0.993737 0.988862 0.980908 0.968377 0.949319 0.921421 0.882337 0.830368 0.765322 0.689001 0.604704 0.515915 0.425156 0.333735 0.242148 0.15053 0.0589075 -0.0553811 
1 1 1 1 1 1 1 1 1 1 1 1 1 1 1 0.999999 0.999997 0.999992 0.999978 0.999943 0.999862 0.999686 0.99932 0.998604 0.997268 0.994883 0.990795 0.984042 0.973262 0.956629 0.931859 0.896437 0.84817 0.786081 0.7112 0.626515 0.535815 0.442238 0.347611 0.252697 0.157725 0.0627453 -0.0589075 
1 1 1 1 1 1 1 1 1 1 1 1 1 1 1 0.999999 0.999998 0.999994 0.999984 0.999957 0.999895 0.999756 0.999466 0.99889 0.997801 0.995834 0.992419 0.986709 0.977482 0.963049 0.941215 0.909389 0.865011 0.806375 0.733624 0.649172 0.5569 0.460543 0.362559 0.264092 0.165521 0.0669333 -0.0627453 
1 1 1 1 1 1 1 1 1 1 1 1 1 1 1 1 0.999999 0.999996 0.999988 0.999968 0.99992 0.999812 0.999582 0.99912 0.998236 0.996618 0.993777 0.988969 0.981107 0.96865 0.94953 0.921169 0.88076 0.825975 0.756031 0.672528 0.579157 0.48015 0.378689 0.276433 0.17399 0.0715167 -0.0669333 
1 1 1 1 1 1 1 1 1 1 1 1 1 1 1 1 0.999999 0.999997 0.999991 0.999976 0.999939 0.999855 0.999674 0.999305 0.998589 0.997264 0.994908 0.990876 0.984205 0.973508 0.956865 0.93178 0.895323 0.844676 0.778161 0.696386 0.602531 0.501126 0.396117 0.289831 0.183219 0.0765483 -0.0715167 
1 1 1 1 1 1 1 1 1 1 1 1 1 1 1 1 0.999999 0.999998 0.999993 0.999982 0.999954 0.999889 0.999746 0.999453 0.998875 0.997793 0.995847 0.992477 0.98684 0.977696 0.963291 0.941255 0.908645 0.862301 0.79975 0.720502 0.626913 0.52351 0.414961 0.304412 0.193305 0.0820902 -0.0765483 
1 1 1 1 1 1 1 1 1 1 1 1 1 1 1 1 0.999999 0.999998 0.999995 0.999987 0.999965 0.999915 0.999803 0.99957 0.999106 0.998225 0.996623 0.993817 0.989071 0.981289 0.968883 0.949649 0.92071 0.878716 0.820543 0.744597 0.652134 0.547301 0.435335 0.320318 0.204365 0.0882158 -0.0820902 
1 1 1 1 1 1 1 1 1 1 1 1 1 1 1 1 1 0.999999 0.999996 0.99999 0.999974 0.999935 0.999848 0.999663 0.999291 0.998577 0.997262 0.994934 0.990953 0.984356 0.973721 0.957029 0.931535 0.893829 0.840313 0.76837 0.677963 0.572449 0.457339 0.3377 0.216533 0.0950125 -0.0882158 
1 1 1 1 1 1 1 1 1 1 1 1 1 1 1 1 1 0.999999 0.999997 0.999993 0.99998 0.99995 0.999883 0.999737 0.99944 0.998863 0.997787 0.995861 0.992534 0.986962 0.977886 0.963475 0.941165 0.907594 0.858874 0.791517 0.704115 0.598836 0.481047 0.356724 0.229964 0.102584 -0.0950125 
1 1 1 1 1 1 1 1 1 1 1 1 1 1 1 1 1 0.999999 0.999998 0.999994 0.999985 0.999962 0.99991 0.999795 0.999559 0.999093 0.998216 0.996629 0.993857 0.989168 0.981453 0.96907 0.949663 0.920007 0.876086 0.81375 0.730259 0.626271 0.506487 0.377555 0.244838 0.111056 -0.102584 
1 1 1 1 1 1 1 1 1 1 1 1 1 1 1 1 1 1 0.999999 0.999996 0.999989 0.999971 0.999931 0.999841 0.999653 0.999279 0.998567 0.997262 0.994961 0.991028 0.984493 0.973901 0.957111 0.931096 0.891863 0.834818 0.756041 0.654484 0.533624 0.400351 0.261358 0.120579 -0.111056 
1 1 1 1 1 1 1 1 1 1 1 1 1 1 1 1 1 1 0.999999 0.999997 0.999992 0.999978 0.999947 0.999877 0.999728 0.999429 0.998852 0.997783 0.995878 0.99259 0.987075 0.97805 0.963595 0.94092 0.906167 0.854518 0.781106 0.683134 0.562343 0.425246 0.279753 0.131332 -0.120579 
1 1 1 1 1 1 1 1 1 1 1 1 1 1 1 1 1 1 0.999999 0.999998 0.999994 0.999984 0.99996 0.999905 0.999788 0.999549 0.999082 0.99821 0.996638 0.993898 0.989259 0.981597 0.969208 0.949557 0.919006 0.872705 0.805121 0.711824 0.592431 0.452325 0.300267 0.143535 -0.131332 
1 1 1 1 1 1 1 1 1 1 1 1 1 1 1 1 1 1 0.999999 0.999998 0.999995 0.999988 0.999969 0.999927 0.999835 0.999644 0.999269 0.998558 0.997265 0.994988 0.991099 0.984617 0.974042 0.957098 0.930423 0.889297 0.8278 0.740129 0.623575 0.4816 0.323154 0.157447 -0.143535 
1 1 1 1 1 1 1 1 1 1 1 1 1 1 1 1 1 1 1 0.999999 0.999997 0.999991 0.999977 0.999944 0.999871 0.99972 0.999419 0.998842 0.997781 0.995895 0.992644 0.987178 0.978184 0.963642 0.940493 0.904265 0.848919 0.767622 0.655364 0.512982 0.348656 0.173375 -0.157447 
1 1 1 1 1 1 1 1 1 1 1 1 1 1 1 1 1 1 1 0.999999 0.999997 0.999993 0.999982 0.999957 0.9999 0.999781 0.999539 0.999073 0.998205 0.996647 0.993937 0.989342 0.98172 0.96929 0.949309 0.917631 0.868325 0.793906 0.687312 0.546252 0.376974 0.191675 -0.173375 
1 1 1 1 1 1 1 1 1 1 1 1 1 1 1 1 1 1 1 0.999999 0.999998 0.999995 0.999987 0.999967 0.999923 0.999829 0.999636 0.999259 0.998551 0.997269 0.995016 0.991165 0.984725 0.97414 0.956976 0.929459 0.885937 0.818646 0.71889 0.581053 0.408231 0.212749 -0.191675 
1 1 1 1 1 1 1 1 1 1 1 1 1 1 1 1 1 1 1 1 0.999999 0.999996 0.99999 0.999975 0.999941 0.999866 0.999713 0.99941 0.998834 0.997781 0.995914 0.992695 0.98727 0.978287 0.963605 0.939841 0.901739 0.841587 0.749566 0.616889 0.442425 0.237027 -0.212749 
1 1 1 1 1 1 1 1 1 1 1 1 1 1 1 1 1 1 1 1 0.999999 0.999997 0.999992 0.999981 0.999954 0.999896 0.999774 0.999531 0.999064 0.998201 0.996658 0.993975 0.989418 0.981818 0.969307 0.948888 0.915773 0.86256 0.77885 0.653149 0.479387 0.264939 -0.237027 
1 1 1 1 1 1 1 1 1 1 1 1 1 1 1 1 1 1 1 1 0.999999 0.999998 0.999994 0.999986 0.999965 0.999919 0.999823 0.999628 0.999251 0.998546 0.997274 0.995043 0.991226 0.984814 0.974189 0.956721 0.928122 0.881486 0.80633 0.689149 0.518745 0.296863 -0.264939 
1 1 1 1 1 1 1 1 1 1 1 1 1 1 1 1 1 1 1 1 0.999999 0.999998 0.999996 0.999989 0.999973 0.999938 0.999862 0.999706 0.999402 0.998828 0.997782 0.995932 0.992742 0.987348 0.978352 0.963467 0.938903 0.898364 0.8317 0.724198 0.559911 0.333057 -0.296863 
1 1 1 1 1 1 1 1 1 1 1 1 1 1 1 1 1 1 1 1 1 0.999999 0.999997 0.999992 0.99998 0.999952 0.999892 0.999768 0.999523 0.999057 0.998199 0.99667 0.994011 0.989484 0.981889 0.969248 0.948249 0.913261 0.854767 0.75765 0.602104 0.373571 -0.333057 
1 1 1 1 1 1 1 1 1 1 1 1 1 1 1 1 1 1 1 1 1 0.999999 0.999998 0.999994 0.999984 0.999963 0.999916 0.999818 0.999621 0.999244 0.998542 0.99728 0.995069 0.99128 0.984883 0.974181 0.956302 0.926287 0.87545 0.788969 0.644405 0.418166 -0.373571 
1 1 1 1 1 1 1 1 1 1 1 1 1 1 1 1 1 1 1 1 1 0.999999 0.999998 0.999995 0.999988 0.999972 0.999935 0.999857 0.9997 0.999395 0.998822 0.997784 0.99595 0.992785 0.987412 0.978374 0.963205 0.937588 0.893769 0.817757 0.685847 0.466245 -0.418166 
1 1 1 1 1 1 1 1 1 1 1 1 1 1 1 1 1 1 1 1 1 1 0.999999 0.999996 0.999991 0.999978 0.999949 0.999888 0.999763 0.999517 0.999051 0.998198 0.996681 0.994044 0.98954 0.981927 0.969096 0.947327 0.909819 0.843776 0.725515 0.516845 -0.466245 
1 1 1 1 1 1 1 1 1 1 1 1 1 1 1 1 1 1 1 1 1 1 0.999999 0.999997 0.999993 0.999983 0.999961 0.999913 0.999813 0.999615 0.999237 0.998539 0.997287 0.995094 0.991327 0.984929 0.974103 0.95567 0.92375 0.866939 0.762633 0.568694 -0.516845 
1 1 1 1 1 1 1 1 1 1 1 1 1 1 1 1 1 1 1 1 1 1 0.999999 0.999998 0.999995 0.999987 0.99997 0.999932 0.999853 0.999694 0.999388 0.998818 0.997787 0.995968 0.992823 0.987458 0.978344 0.962784 0.935749 0.887285 0.796627 0.620333 -0.568694 
1 1 1 1 1 1 1 1 1 1 1 1 1 1 1 1 1 1 1 1 1 1 0.999999 0.999999 0.999996 0.99999 0.999977 0.999947 0.999884 0.999758 0.999511 0.999046 0.998198 0.996693 0.994074 0.989583 0.981927 0.968825 0.946014 0.904955 0.827159 0.670294 -0.620333 
1 1 1 1 1 1 1 1 1 1 1 1 1 1 1 1 1 1 1 1 1 1 1 0.999999 0.999997 0.999993 0.999982 0.999959 0.99991 0.999808 0.999609 0.999232 0.998537 0.997294 0.995117 0.991365 0.984946 0.973937 0.95475 0.920155 0.85411 0.717273 -0.670294 
1 1 1 1 1 1 1 1 1 1 1 1 1 1 1 1 1 1 1 1 1 1 1 0.999999 0.999998 0.999994 0.999986 0.999968 0.999929 0.999849 0.999689 0.999383 0.998814 0.99779 0.995984 0.992855 0.987483 0.97825 0.962151 0.933128 0.877546 0.760278 -0.717273 
1 1 1 1 1 1 1 1 1 1 1 1 1 1 1 1 1 1 1 1 1 1 1 0.999999 0.999998 0.999996 0.99999 0.999976 0.999945 0.999881 0.999753 0.999505 0.999042 0.998199 0.996704 0.9941 0.989611 0.98188 0.968399 0.944129 0.897674 0.798691 -0.760278 
1 1 1 1 1 1 1 1 1 1 1 1 1 1 1 1 1 1 1 1 1 1 1 1 0.999999 0.999997 0.999992 0.999981 0.999957 0.999907 0.999804 0.999604 0.999227 0.998536 0.997301 0.995137 0.991392 0.984928 0.973657 0.953412 0.914786 0.832273 -0.798691 
1 1 1 1 1 1 1 1 1 1 1 1 1 1 1 1 1 1 1 1 1 1 1 1 0.999999 0.999998 0.999994 0.999986 0.999967 0.999927 0.999845 0.999684 0.999378 0.998812 0.997794 0.995999 0.99288 0.987483 0.978072 0.961215 0.929219 0.861104 -0.832273 
1 1 1 1 1 1 1 1 1 1 1 1 1 1 1 1 1 1 1 1 1 1 1 1 0.999999 0.999998 0.999995 0.999989 0.999974 0.999943 0.999878 0.999748 0.9995 0.999038 0.9982 0.996715 0.994121 0.989621 0.981772 0.967753 0.941316 0.885494 -0.861104 
1 1 1 1 1 1 1 1 1 1 1 1 1 1 1 1 1 1 1 1 1 1 1 1 0.999999 0.999999 0.999997 0.999992 0.99998 0.999955 0.999904 0.9998 0.999599 0.999223 0.998535 0.997307 0.995153 0.991406 0.984866 0.973219 0.95141 0.905889 -0.885494 
1 1 1 1 1 1 1 1 1 1 1 1 1 1 1 1 1 1 1 1 1 1 1 1 1 0.999999 0.999997 0.999994 0.999985 0.999965 0.999924 0.999842 0.99968 0.999373 0.99881 0.997797 0.996012 0.992895 0.987451 0.97778 0.959805 0.922798 -0.905889 
1 1 1 1 1 1 1 1 1 1 1 1 1 1 1 1 1 1 1 1 1 1 1 1 1 0.999999 0.999998 0.999995 0.999988 0.999973 0.999941 0.999875 0.999744 0.999496 0.999035 0.998202 0.996724 0.994135 0.989607 0.981581 0.966771 0.936732 -0.922798 
1 1 1 1 1 1 1 1 1 1 1 1 1 1 1 1 1 1 1 1 1 1 1 1 1 0.999999 0.999999 0.999996 0.999991 0.999979 0.999954 0.999901 0.999797 0.999595 0.999219 0.998534 0.997313 0.995166 0.991404 0.984746 0.972542 0.948168 -0.936732 
1 1 1 1 1 1 1 1 1 1 1 1 1 1 1 1 1 1 1 1 1 1 1 1 1 1 0.999999 0.999997 0.999993 0.999984 0.999964 0.999922 0.999838 0.999676 0.999369 0.998808 0.997801 0.996021 0.992898 0.987377 0.977319 0.957531 -0.948168 
1 1 1 1 1 1 1 1 1 1 1 1 1 1 1 1 1 1 1 1 1 1 1 1 1 1 0.999999 0.999998 0.999995 0.999988 0.999972 0.999939 0.999872 0.999741 0.999492 0.999032 0.998203 0.996731 0.994141 0.989564 0.981271 0.965188 -0.957531 
1 1 1 1 1 1 1 1 1 1 1 1 1 1 1 1 1 1 1 1 1 1 1 1 1 1 0.999999 0.999998 0.999996 0.99999 0.999978 0.999952 0.999899 0.999793 0.999591 0.999216 0.998534 0.997318 0.995172 0.99138 0.98454 0.971449 -0.965188 
1 1 1 1 1 1 1 1 1 1 1 1 1 1 1 1 1 1 1 1 1 1 1 1 1 1 1 0.999999 0.999997 0.999993 0.999983 0.999962 0.99992 0.999835 0.999672 0.999366 0.998807 0.997804 0.996027 0.992886 0.987243 0.97657 -0.971449 
1 1 1 1 1 1 1 1 1 1 1 1 1 1 1 1 1 1 1 1 1 1 1 1 1 1 1 0.999999 0.999998 0.999994 0.999987 0.999971 0.999937 0.999869 0.999737 0.999488 0.99903 0.998204 0.996736 0.994136 0.989478 0.980762 -0.97657 
1 1 1 1 1 1 1 1 1 1 1 1 1 1 1 1 1 1 1 1 1 1 1 1 1 1 1 0.999999 0.999998 0.999996 0.99999 0.999977 0.99995 0.999896 0.99979 0.999588 0.999213 0.998534 0.997322 0.995171 0.991326 0.984196 -0.980762 
1 1 1 1 1 1 1 1 1 1 1 1 1 1 1 1 1 1 1 1 1 1 1 1 1 1 1 0.999999 0.999999 0.999997 0.999992 0.999982 0.999961 0.999918 0.999833 0.999669 0.999363 0.998806 0.997806 0.996028 0.992853 0.987013 -0.984196 
1 1 1 1 1 1 1 1 1 1 1 1 1 1 1 1 1 1 1 1 1 1 1 1 1 1 1 1 0.999999 0.999997 0.999994 0.999986 0.99997 0.999935 0.999867 0.999734 0.999485 0.999028 0.998205 0.996737 0.994116 0.989326 -0.987013 
1 1 1 1 1 1 1 1 1 1 1 1 1 1 1 1 1 1 1 1 1 1 1 1 1 1 1 1 0.999999 0.999998 0.999995 0.999989 0.999976 0.999949 0.999894 0.999787 0.999585 0.999211 0.998534 0.997323 0.99516 0.991226 -0.989326 
1 1 1 1 1 1 1 1 1 1 1 1 1 1 1 1 1 1 1 1 1 1 1 1 1 1 1 1 0.999999 0.999999 0.999996 0.999992 0.999981 0.99996 0.999916 0.99983 0.999666 0.99936 0.998804 0.997806 0.996022 0.992789 -0.991226 
1 1 1 1 1 1 1 1 1 1 1 1 1 1 1 1 1 1 1 1 1 1 1 1 1 1 1 1 1 0.999999 0.999997 0.999994 0.999986 0.999969 0.999934 0.999864 0.999731 0.999483 0.999027 0.998205 0.996733 0.994075 -0.992789 
1 1 1 1 1 1 1 1 1 1 1 1 1 1 1 1 1 1 1 1 1 1 1 1 1 1 1 1 1 0.999999 0.999998 0.999995 0.999989 0.999975 0.999948 0.999892 0.999785 0.999582 0.999209 0.998533 0.99732 0.995133 -0.994075 
1 1 1 1 1 1 1 1 1 1 1 1 1 1 1 1 1 1 1 1 1 1 1 1 1 1 1 1 1 0.999999 0.999998 0.999996 0.999991 0.999981 0.999959 0.999914 0.999828 0.999663 0.999358 0.998803 0.997804 0.996005 -0.995133 
1 1 1 1 1 1 1 1 1 1 1 1 1 1 1 1 1 1 1 1 1 1 1 1 1 1 1 1 1 1 0.999999 0.999997 0.999993 0.999985 0.999967 0.999932 0.999862 0.999729 0.99948 0.999025 0.998203 0.996722 -0.996005 
1 1 1 1 1 1 1 1 1 1 1 1 1 1 1 1 1 1 1 1 1 1 1 1 1 1 1 1 1 1 0.999999 0.999998 0.999995 0.999988 0.999974 0.999946 0.99989 0.999782 0.99958 0.999207 0.998531 0.997313 -0.996722 
1 1 1 1 1 1 1 1 1 1 1 1 1 1 1 1 1 1 1 1 1 1 1 1 1 1 1 1 1 1 0.999999 0.999998 0.999996 0.999991 0.99998 0.999958 0.999913 0.999825 0.999661 0.999356 0.998801 0.997799 -0.997313 
1 1 1 1 1 1 1 1 1 1 1 1 1 1 1 1 1 1 1 1 1 1 1 1 1 1 1 1 1 1 0.999999 0.999999 0.999997 0.999993 0.999984 0.999967 0.999931 0.99986 0.999726 0.999478 0.999023 0.9982 -0.997799 
1 1 1 1 1 1 1 1 1 1 1 1 1 1 1 1 1 1 1 1 1 1 1 1 1 1 1 1 1 1 1 0.999999 0.999998 0.999995 0.999988 0.999974 0.999945 0.999888 0.99978 0.999577 0.999205 0.998528 -0.9982 
1 1 1 1 1 1 1 1 1 1 1 1 1 1 1 1 1 1 1 1 1 1 1 1 1 1 1 1 1 1 1 0.999999 0.999998 0.999996 0.99999 0.999979 0.999956 0.999911 0.999823 0.999658 0.999354 0.998799 -0.998528 
1 1 1 1 1 1 1 1 1 1 1 1 1 1 1 1 1 1 1 1 1 1 1 1 1 1 1 1 1 1 1 0.999999 0.999999 0.999997 0.999993 0.999984 0.999966 0.999929 0.999858 0.999724 0.999475 0.99902 -0.998799 
1 1 1 1 1 1 1 1 1 1 1 1 1 1 1 1 1 1 1 1 1 1 1 1 1 1 1 1 1 1 1 1 0.999999 0.999997 0.999994 0.999987 0.999973 0.999944 0.999887 0.999778 0.999575 0.999202 -0.99902 
1 1 1 1 1 1 1 1 1 1 1 1 1 1 1 1 1 1 1 1 1 1 1 1 1 1 1 1 1 1 1 1 0.999999 0.999998 0.999996 0.99999 0.999979 0.999955 0.99991 0.999821 0.999656 0.999351 -0.999202 
1 1 1 1 1 1 1 1 1 1 1 1 1 1 1 1 1 1 1 1 1 1 1 1 1 1 1 1 1 1 1 1 0.999999 0.999999 0.999997 0.999992 0.999983 0.999965 0.999928 0.999857 0.999722 0.999473 -0.999351 
1 1 1 1 1 1 1 1 1 1 1 1 1 1 1 1 1 1 1 1 1 1 1 1 1 1 1 1 1 1 1 1 1 0.999999 0.999997 0.999994 0.999987 0.999972 0.999943 0.999885 0.999776 0.999573 -0.999473 
1 1 1 1 1 1 1 1 1 1 1 1 1 1 1 1 1 1 1 1 1 1 1 1 1 1 1 1 1 1 1 1 1 0.999999 0.999998 0.999995 0.99999 0.999978 0.999954 0.999908 0.99982 0.999654 -0.999573 
1 1 1 1 1 1 1 1 1 1 1 1 1 1 1 1 1 1 1 1 1 1 1 1 1 1 1 1 1 1 1 1 1 0.999999 0.999998 0.999996 0.999992 0.999983 0.999964 0.999927 0.999855 0.99972 -0.999654 
1 1 1 1 1 1 1 1 1 1 1 1 1 1 1 1 1 1 1 1 1 1 1 1 1 1 1 1 1 1 1 1 1 0.999999 0.999999 0.999997 0.999994 0.999986 0.999971 0.999942 0.999884 0.999774 -0.99972 
1 1 1 1 1 1 1 1 1 1 1 1 1 1 1 1 1 1 1 1 1 1 1 1 1 1 1 1 1 1 1 1 1 1 0.999999 0.999998 0.999995 0.999989 0.999977 0.999953 0.999907 0.999818 -0.999774 
1 1 1 1 1 1 1 1 1 1 1 1 1 1 1 1 1 1 1 1 1 1 1 1 1 1 1 1 1 1 1 1 1 1 0.999999 0.999998 0.999996 0.999992 0.999982 0.999963 0.999925 0.999853 -0.999818 
1 1 1 1 1 1 1 1 1 1 1 1 1 1 1 1 1 1 1 1 1 1 1 1 1 1 1 1 1 1 1 1 1 1 0.999999 0.999999 0.999997 0.999993 0.999986 0.999971 0.99994 0.999882 -0.999853 
1 1 1 1 1 1 1 1 1 1 1 1 1 1 1 1 1 1 1 1 1 1 1 1 1 1 1 1 1 1 1 1 1 1 1 0.999999 0.999998 0.999995 0.999989 0.999977 0.999953 0.999906 -0.999882 
1 1 1 1 1 1 1 1 1 1 1 1 1 1 1 1 1 1 1 1 1 1 1 1 1 1 1 1 1 1 1 1 1 1 1 0.999999 0.999998 0.999996 0.999991 0.999982 0.999962 0.999924 -0.999906 
1 1 1 1 1 1 1 1 1 1 1 1 1 1 1 1 1 1 1 1 1 1 1 1 1 1 1 1 1 1 1 1 1 1 1 0.999999 0.999999 0.999997 0.999993 0.999986 0.99997 0.99994 -0.999924 
1 1 1 1 1 1 1 1 1 1 1 1 1 1 1 1 1 1 1 1 1 1 1 1 1 1 1 1 1 1 1 1 1 1 1 1 0.999999 0.999998 0.999995 0.999989 0.999976 0.999952 -0.99994 
1 1 1 1 1 1 1 1 1 1 1 1 1 1 1 1 1 1 1 1 1 1 1 1 1 1 1 1 1 1 1 1 1 1 1 1 0.999999 0.999998 0.999996 0.999991 0.999981 0.999962 -0.999952 
1 1 1 1 1 1 1 1 1 1 1 1 1 1 1 1 1 1 1 1 1 1 1 1 1 1 1 1 1 1 1 1 1 1 1 1 0.999999 0.999999 0.999997 0.999993 0.999985 0.999969 -0.999962 
1 1 1 1 1 1 1 1 1 1 1 1 1 1 1 1 1 1 1 1 1 1 1 1 1 1 1 1 1 1 1 1 1 1 1 1 1 0.999999 0.999997 0.999994 0.999988 0.999976 -0.999969 
1 1 1 1 1 1 1 1 1 1 1 1 1 1 1 1 1 1 1 1 1 1 1 1 1 1 1 1 1 1 1 1 1 1 1 1 1 0.999999 0.999998 0.999996 0.999991 0.999981 -0.999976 
1 1 1 1 1 1 1 1 1 1 1 1 1 1 1 1 1 1 1 1 1 1 1 1 1 1 1 1 1 1 1 1 1 1 1 1 1 0.999999 0.999998 0.999997 0.999993 0.999985 -0.999981 
1 1 1 1 1 1 1 1 1 1 1 1 1 1 1 1 1 1 1 1 1 1 1 1 1 1 1 1 1 1 1 1 1 1 1 1 1 0.999999 0.999999 0.999997 0.999994 0.999988 -0.999985 
1 1 1 1 1 1 1 1 1 1 1 1 1 1 1 1 1 1 1 1 1 1 1 1 1 1 1 1 1 1 1 1 1 1 1 1 1 1 0.999999 0.999998 0.999996 0.99999 -0.999988 
1 1 1 1 1 1 1 1 1 1 1 1 1 1 1 1 1 1 1 1 1 1 1 1 1 1 1 1 1 1 1 1 1 1 1 1 1 1 0.999999 0.999998 0.999996 0.999992 -0.99999 
1 1 1 1 1 1 1 1 1 1 1 1 1 1 1 1 1 1 1 1 1 1 1 1 1 1 1 1 1 1 1 1 1 1 1 1 1 1 0.999999 0.999999 0.999997 0.999994 -0.999992 
1 1 1 1 1 1 1 1 1 1 1 1 1 1 1 1 1 1 1 1 1 1 1 1 1 1 1 1 1 1 1 1 1 1 1 1 1 1 1 0.999999 0.999998 0.999995 -0.999994 
1 1 1 1 1 1 1 1 1 1 1 1 1 1 1 1 1 1 1 1 1 1 1 1 1 1 1 1 1 1 1 1 1 1 1 1 1 1 1 0.999999 0.999998 0.999996 -0.999995 
1 1 1 1 1 1 1 1 1 1 1 1 1 1 1 1 1 1 1 1 1 1 1 1 1 1 1 1 1 1 1 1 1 1 1 1 1 1 1 0.999999 0.999999 0.999997 -0.999996 
1 1 1 1 1 1 1 1 1 1 1 1 1 1 1 1 1 1 1 1 1 1 1 1 1 1 1 1 1 1 1 1 1 1 1 1 1 1 1 1 0.999999 0.999998 -0.999997 
1 1 1 1 1 1 1 1 1 1 1 1 1 1 1 1 1 1 1 1 1 1 1 1 1 1 1 1 1 1 1 1 1 1 1 1 1 1 1 1 0.999999 0.999998 -0.999998 
1 1 1 1 1 1 1 1 1 1 1 1 1 1 1 1 1 1 1 1 1 1 1 1 1 1 1 1 1 1 1 1 1 1 1 1 1 1 1 1 0.999999 0.999999 -0.999998 
1 1 1 1 1 1 1 1 1 1 1 1 1 1 1 1 1 1 1 1 1 1 1 1 1 1 1 1 1 1 1 1 1 1 1 1 1 1 1 1 1 0.999999 -0.999999 
1 1 1 1 1 1 1 1 1 1 1 1 1 1 1 1 1 1 1 1 1 1 1 1 1 1 1 1 1 1 1 1 1 1 1 1 1 1 1 1 1 0.999999 -0.999999 
1 1 1 1 1 1 1 1 1 1 1 1 1 1 1 1 1 1 1 1 1 1 1 1 1 1 1 1 1 1 1 1 1 1 1 1 1 1 1 1 1 0.999999 -0.999999 
1 1 1 1 1 1 1 1 1 1 1 1 1 1 1 1 1 1 1 1 1 1 1 1 1 1 1 1 1 1 1 1 1 1 1 1 1 1 1 1 1 1 -0.999999 
1 1 1 1 1 1 1 1 1 1 1 1 1 1 1 1 1 1 1 1 1 1 1 1 1 1 1 1 1 1 1 1 1 1 1 1 1 1 1 1 1 1 -1 
1 1 1 1 1 1 1 1 1 1 1 1 1 1 1 1 1 1 1 1 1 1 1 1 1 1 1 1 1 1 1 1 1 1 1 1 1 1 1 1 1 1 -1 
1 1 1 1 1 1 1 1 1 1 1 1 1 1 1 1 1 1 1 1 1 1 1 1 1 1 1 1 1 1 1 1 1 1 1 1 1 1 1 1 1 1 -1 
1 1 1 1 1 1 1 1 1 1 1 1 1 1 1 1 1 1 1 1 1 1 1 1 1 1 1 1 1 1 1 1 1 1 1 1 1 1 1 1 1 1 -1 
1 1 1 1 1 1 1 1 1 1 1 1 1 1 1 1 1 1 1 1 1 1 1 1 1 1 1 1 1 1 1 1 1 1 1 1 1 1 1 1 1 1 -1 
1 1 1 1 1 1 1 1 1 1 1 1 1 1 1 1 1 1 1 1 1 1 1 1 1 1 1 1 1 1 1 1 1 1 1 1 1 1 1 1 1 1 -1 
