0 0 0 0 0 0 0 0 0 0 0 0 0 0 0 0 0 0 0 0 0 0.5 1 1 1 1 1 1 1 1 1 1 1 1 1 1 1 1 1 1 1 1 1 
0 -1.03778e-18 8.34392e-18 -6.81325e-17 5.56208e-16 -4.54068e-15 3.70685e-14 -3.02613e-13 2.47043e-12 -2.01677e-11 1.64642e-10 -1.34407e-09 1.09725e-08 -8.95759e-08 7.31265e-07 -5.96978e-06 4.87352e-05 -0.000397856 0.00324795 -0.0265151 0.0156567 0.5 0.984343 1.02652 0.996752 1.0004 0.999951 1.00001 0.999999 1 1 1 1 1 1 1 1 1 1 1 1 1 1 
1.03778e-18 6.76836e-17 -5.51477e-16 4.21419e-15 -3.20909e-14 2.43097e-13 -1.83042e-12 1.36845e-11 -1.01443e-10 7.44283e-10 -5.39144e-09 3.84248e-08 -2.6806e-07 1.81587e-06 -1.17834e-05 7.13706e-05 -0.000380032 0.00144675 0.00169531 -0.0419241 0.0198058 0.5 0.980194 1.04192 0.998305 0.998553 1.00038 0.999929 1.00001 0.999998 1 1 1 1 1 1 1 1 1 1 1 1 1 
-6.76836e-17 -1.80304e-15 1.49722e-14 -1.05503e-13 7.36956e-13 -5.07941e-12 3.44595e-11 -2.29345e-10 1.49074e-09 -9.40372e-09 5.70338e-08 -3.27736e-07 1.73974e-06 -8.11213e-06 2.91474e-05 -3.84901e-05 -0.000470831 0.0033804 -0.00060317 -0.0523977 0.0184609 0.5 0.981539 1.0524 1.0006 0.99662 1.00047 1.00004 0.999971 1.00001 0.999998 1 1 1 1 1 1 1 1 1 1 1 1 
1.80304e-15 2.49725e-14 -2.13447e-13 1.35644e-12 -8.46575e-12 5.14025e-11 -3.01688e-10 1.69561e-09 -8.99785e-09 4.40413e-08 -1.90313e-07 6.54335e-07 -1.14745e-06 -5.61971e-06 6.36266e-05 -0.000239808 -0.000287997 0.0050484 -0.00253792 -0.0602994 0.0143677 0.5 0.985632 1.0603 1.00254 0.994952 1.00029 1.00024 0.999936 1.00001 1 0.999999 1 1 1 1 1 1 1 1 1 1 1 
-2.49725e-14 -1.8688e-13 1.67795e-12 -9.25044e-12 4.90969e-11 -2.45671e-10 1.13399e-09 -4.63786e-09 1.53189e-08 -2.84069e-08 -9.21849e-08 1.22884e-06 -6.20381e-06 1.12137e-05 6.8408e-05 -0.000458943 2.48712e-05 0.00647638 -0.00387481 -0.0666221 0.00892295 0.5 0.991077 1.06662 1.00387 0.993524 0.999975 1.00046 0.999932 0.999989 1.00001 0.999999 1 1 1 1 1 1 1 1 1 1 1 
1.8688e-13 6.76059e-13 -6.74829e-12 2.942e-11 -1.15051e-10 3.65126e-10 -6.66084e-10 -1.91762e-09 2.66076e-08 -1.46249e-07 4.27843e-07 3.0809e-07 -9.74271e-06 3.63153e-05 4.49962e-05 -0.000666885 0.000371221 0.00773626 -0.00463665 -0.0718272 0.00290282 0.5 0.997097 1.07183 1.00464 0.992264 0.999629 1.00067 0.999955 0.999964 1.00001 1 1 1 1 1 1 1 1 1 1 1 1 
-6.76059e-13 -5.13179e-13 8.87475e-12 -1.49901e-11 -4.76863e-11 6.25446e-10 -3.52036e-09 1.20562e-08 -1.10028e-08 -1.59358e-07 1.05497e-06 -2.07517e-06 -1.00089e-05 6.41964e-05 2.27531e-06 -0.000858028 0.000698909 0.00888054 -0.00491363 -0.0761569 -0.0032336 0.5 1.00323 1.07616 1.00491 0.991119 0.999301 1.00086 0.999998 0.999936 1.00001 1 0.999999 1 1 1 1 1 1 1 1 1 1 
5.13179e-13 -2.43877e-12 1.60035e-11 -8.71905e-11 3.19551e-10 -5.34357e-10 -2.43261e-09 2.40368e-08 -8.75083e-08 7.05093e-09 1.46472e-06 -5.4035e-06 -6.8476e-06 9.17975e-05 -5.10261e-05 -0.00103528 0.000983117 0.0099386 -0.00480487 -0.0797573 -0.00920478 0.5 1.0092 1.07976 1.0048 0.990061 0.999017 1.00104 1.00005 0.999908 1.00001 1.00001 0.999999 1 1 1 1 1 1 1 1 1 1 
2.43877e-12 1.64407e-13 -1.8452e-11 -3.47937e-11 5.25543e-10 -2.4918e-09 4.547e-09 2.00226e-08 -1.68356e-07 3.44451e-07 1.47332e-06 -9.14684e-06 -8.70385e-07 0.00011798 -0.000108344 -0.00120316 0.00121402 0.0109239 -0.00440117 -0.0827303 -0.0148371 0.5 1.01484 1.08273 1.0044 0.989076 0.998786 1.0012 1.00011 0.999882 1 1.00001 0.999999 1 1 1 1 1 1 1 1 1 1 
-1.64407e-13 8.51275e-12 -6.72891e-11 1.79225e-10 1.10804e-10 -3.63283e-09 1.54316e-08 -6.60523e-09 -2.1924e-07 8.01466e-07 1.03347e-06 -1.29407e-05 7.10793e-06 0.000142685 -0.000165251 -0.00136533 0.00138972 0.0118408 -0.00378093 -0.085156 -0.0200265 0.5 1.02003 1.08516 1.00378 0.988159 0.99861 1.00137 1.00017 0.999857 0.999993 1.00001 0.999999 0.999999 1 1 1 1 1 1 1 1 1 
-8.51275e-12 1.5712e-11 -6.65326e-11 4.32945e-10 -1.01487e-09 -2.49926e-09 2.61943e-08 -5.48047e-08 -2.17912e-07 1.31977e-06 1.8313e-07 -1.65984e-05 1.63334e-05 0.000166311 -0.000218936 -0.00152398 0.0015124 0.012689 -0.00301011 -0.0871036 -0.0247168 0.5 1.02472 1.0871 1.00301 0.987311 0.998488 1.00152 1.00022 0.999834 0.999984 1.00002 1 0.999999 1 1 1 1 1 1 1 1 1 
-1.5712e-11 1.00469e-11 2.95838e-11 5.32811e-10 -2.55962e-09 1.59829e-09 3.28022e-08 -1.18979e-07 -1.55473e-07 1.85289e-06 -1.00172e-06 -2.00644e-05 2.61982e-05 0.00018936 -0.000267691 -0.00167997 0.00158634 0.0134668 -0.00214336 -0.088635 -0.0288843 0.5 1.02888 1.08863 1.00214 0.986533 0.998414 1.00168 1.00027 0.999811 0.999974 1.00002 1 0.999998 1 1 1 1 1 1 1 1 1 
-1.00469e-11 -1.80983e-11 2.16084e-10 3.14799e-10 -4.02772e-09 8.5474e-09 3.23548e-08 -1.92188e-07 -3.29596e-08 2.37166e-06 -2.43704e-06 -2.3361e-05 3.6243e-05 0.000212265 -0.00031054 -0.00183318 0.00161687 0.0141722 -0.00122536 -0.0898069 -0.0325293 0.5 1.03253 1.08981 1.00123 0.985828 0.998383 1.00183 1.00031 0.999788 0.999964 1.00002 1 0.999998 1 1 1 1 1 1 1 1 1 
1.80983e-11 -7.0453e-11 4.39329e-10 -3.01454e-10 -4.91198e-09 1.76992e-08 2.33645e-08 -2.68248e-07 1.42858e-07 2.86258e-06 -4.04574e-06 -2.65476e-05 4.61311e-05 0.000235322 -0.000346991 -0.00198284 0.00160971 0.014804 -0.000292028 -0.0906718 -0.0356683 0.5 1.03567 1.09067 1.00029 0.985196 0.99839 1.00198 1.00035 0.999765 0.999954 1.00003 1 0.999997 1 1 1 1 1 1 1 1 1 
7.0453e-11 -1.3867e-10 6.2006e-10 -1.3081e-09 -4.81735e-09 2.81846e-08 5.54277e-09 -3.42675e-07 3.62816e-07 3.32372e-06 -5.76292e-06 -2.96932e-05 5.56186e-05 0.000258683 -0.000376877 -0.00212784 0.00157066 0.0153622 0.000628276 -0.0912776 -0.0383294 0.5 1.03833 1.09128 0.999372 0.984638 0.998429 1.00213 1.00038 0.999741 0.999944 1.00003 1.00001 0.999997 1 1 1 1 1 1 1 1 1 
1.3867e-10 -2.05711e-10 6.79915e-10 -2.63285e-09 -3.50695e-09 3.9157e-08 -2.05847e-08 -4.1284e-07 6.17455e-07 3.76038e-06 -7.53625e-06 -3.28608e-05 6.4529e-05 0.000282371 -0.000400262 -0.0022669 0.0015054 0.0158481 0.00151375 -0.091668 -0.0405481 0.5 1.04055 1.09167 0.998486 0.984152 0.998495 1.00227 1.0004 0.999718 0.999935 1.00003 1.00001 0.999996 0.999999 1 1 1 1 1 1 1 1 
2.05711e-10 -2.49441e-10 5.60611e-10 -4.17016e-09 -8.93797e-10 4.99321e-08 -5.40478e-08 -4.77711e-07 8.98113e-07 4.18158e-06 -9.32411e-06 -3.60995e-05 7.27353e-05 0.000306307 -0.000417372 -0.00239879 0.00141932 0.0162641 0.00234822 -0.0918826 -0.0423646 0.5 1.04236 1.09188 0.997652 0.983736 0.998581 1.0024 1.00042 0.999694 0.999927 1.00004 1.00001 0.999996 0.999999 1 1 1 1 1 1 1 1 
2.49441e-10 -2.46844e-10 2.32567e-10 -5.80766e-09 2.99416e-09 6.00407e-08 -9.37089e-08 -5.3745e-07 1.19732e-06 4.59757e-06 -1.10933e-05 -3.94422e-05 8.01472e-05 0.000330338 -0.000428558 -0.00252238 0.00131747 0.0166136 0.00312029 -0.0919564 -0.0438211 0.5 1.04382 1.09196 0.99688 0.983386 0.998683 1.00252 1.00043 0.99967 0.99992 1.00004 1.00001 0.999995 0.999999 1 1 1 1 1 1 1 1 
2.46844e-10 -1.77661e-10 -3.05428e-10 -7.4435e-09 8.05551e-09 6.92258e-08 -1.38439e-07 -5.93001e-07 1.50881e-06 5.01816e-06 -1.2817e-05 -4.29048e-05 8.67035e-05 0.00035426 -0.000434259 -0.00263674 0.00120444 0.016901 0.00382264 -0.0919203 -0.0449603 0.5 1.04496 1.09192 0.996177 0.983099 0.998796 1.00264 1.00043 0.999646 0.999913 1.00004 1.00001 0.999995 0.999998 1 1 1 1 1 1 1 1 
1.77661e-10 -2.68399e-11 -1.03211e-09 -8.9953e-09 1.4152e-08 7.74096e-08 -1.87207e-07 -6.4575e-07 1.82736e-06 5.45177e-06 -1.44731e-05 -4.64885e-05 9.23664e-05 0.000377845 -0.000434984 -0.00274117 0.00108436 0.017131 0.00445127 -0.0918013 -0.0458241 0.5 1.04582 1.0918 0.995549 0.982869 0.998916 1.00274 1.00043 0.999622 0.999908 1.00005 1.00001 0.999995 0.999998 1 1 1 1 1 1 1 1 
2.68399e-11 2.14344e-10 -1.91189e-09 -1.04028e-08 2.11355e-08 8.46508e-08 -2.39117e-07 -6.9726e-07 2.14855e-06 5.90495e-06 -1.60432e-05 -5.01815e-05 9.7119e-05 0.000400856 -0.000431283 -0.00283522 0.000960884 0.0173091 0.00500497 -0.0916224 -0.0464524 0.5 1.04645 1.09162 0.994995 0.982691 0.999039 1.00284 1.00043 0.999599 0.999903 1.00005 1.00002 0.999994 0.999998 1 1 1 1 1 1 1 1 
-2.14344e-10 5.48294e-10 -2.9028e-09 -1.16269e-08 2.88656e-08 9.11023e-08 -2.934e-07 -7.49086e-07 2.46859e-06 6.38216e-06 -1.75118e-05 -5.39623e-05 0.000100962 0.000423061 -0.000423739 -0.00291865 0.000837154 0.0174408 0.0054847 -0.091403 -0.0468825 0.5 1.04688 1.0914 0.994515 0.982559 0.999163 1.00292 1.00042 0.999577 0.999899 1.00005 1.00002 0.999994 0.999998 1 1 1 1 1 1 1 1 
-5.48294e-10 9.7191e-10 -3.96304e-09 -1.26472e-08 3.72184e-08 9.69745e-08 -3.494e-07 -8.02651e-07 2.78409e-06 6.88583e-06 -1.88661e-05 -5.78014e-05 0.000103913 0.000444246 -0.000412943 -0.00299148 0.00071583 0.0175319 0.00589315 -0.0911594 -0.0471488 0.5 1.04715 1.09116 0.994107 0.982468 0.999284 1.00299 1.00041 0.999556 0.999896 1.00006 1.00002 0.999993 0.999997 1 1 1 1 1 1 1 1 
-9.7191e-10 1.47786e-09 -5.05541e-09 -1.34584e-08 4.60892e-08 1.02507e-07 -4.06542e-07 -8.59173e-07 3.09201e-06 7.41648e-06 -2.00957e-05 -6.16647e-05 0.000106004 0.000464224 -0.000399484 -0.00305391 0.000599097 0.0175879 0.00623433 -0.0909047 -0.0472824 0.5 1.04728 1.0909 0.993766 0.982412 0.999401 1.00305 1.0004 0.999536 0.999894 1.00006 1.00002 0.999993 0.999997 1 1 1 1 1 1 1 1 
-1.47786e-09 2.05599e-09 -6.1499e-09 -1.40674e-08 5.53919e-08 1.07947e-07 -4.64312e-07 -9.19627e-07 3.38955e-06 7.97293e-06 -2.11925e-05 -6.55147e-05 0.00010728 0.000482838 -0.000383937 -0.00310633 0.000488693 0.0176142 0.00651315 -0.0906496 -0.0473108 0.5 1.04731 1.09065 0.993487 0.982386 0.999511 1.00311 1.00038 0.999517 0.999893 1.00007 1.00002 0.999992 0.999997 1 1 1 1 1 1 1 1 
-2.05599e-09 2.69472e-09 -7.22453e-09 -1.44904e-08 6.50549e-08 1.13532e-07 -5.22234e-07 -9.8472e-07 3.67414e-06 8.55259e-06 -2.2151e-05 -6.93131e-05 0.000107795 0.000499964 -0.000366848 -0.00314927 0.000385937 0.0176161 0.00673516 -0.0904021 -0.0472584 0.5 1.04726 1.0904 0.993265 0.982384 0.999614 1.00315 1.00037 0.9995 0.999892 1.00007 1.00002 0.999991 0.999996 1 1 1 1 1 1 1 1 
-2.69472e-09 3.38216e-09 -8.26512e-09 -1.47508e-08 7.50177e-08 1.19484e-07 -5.79851e-07 -1.0549e-06 3.94343e-06 9.15164e-06 -2.29679e-05 -7.30224e-05 0.000107616 0.000515514 -0.000348731 -0.00318339 0.000291765 0.0175982 0.00690624 -0.0901684 -0.0471463 0.5 1.04715 1.09017 0.993094 0.982402 0.999708 1.00318 1.00035 0.999484 0.999892 1.00007 1.00002 0.999991 0.999996 1 1 1 1 1 1 1 1 
-3.38216e-09 4.10699e-09 -9.26424e-09 -1.48768e-08 8.5226e-08 1.25996e-07 -6.36722e-07 -1.13036e-06 4.1953e-06 9.76539e-06 -2.36422e-05 -7.66067e-05 0.000106813 0.000529437 -0.000330057 -0.00320942 0.000206773 0.0175649 0.00703242 -0.0899529 -0.0469922 0.5 1.04699 1.08995 0.992968 0.982435 0.999793 1.00321 1.00033 0.999471 0.999893 1.00008 1.00002 0.99999 0.999996 1 1 1 1 1 1 1 1 
-4.10699e-09 4.85907e-09 -1.02198e-08 -1.49e-08 9.56283e-08 1.33234e-07 -6.92414e-07 -1.21106e-06 4.4279e-06 1.03885e-05 -2.41753e-05 -8.00335e-05 0.000105463 0.000541713 -0.000311248 -0.00322815 0.000131254 0.0175203 0.00711967 -0.0897584 -0.0468113 0.5 1.04681 1.08976 0.99288 0.98248 0.999869 1.00323 1.00031 0.999458 0.999895 1.00008 1.00002 0.99999 0.999996 1 1 1 1 1 1 1 1 
-4.85907e-09 5.62975e-09 -1.11335e-08 -1.48538e-08 1.06173e-07 1.41328e-07 -7.46502e-07 -1.29676e-06 4.63965e-06 1.10151e-05 -2.45708e-05 -8.3274e-05 0.000103646 0.000552354 -0.000292676 -0.00324043 6.5241e-05 0.0174677 0.00717377 -0.0895865 -0.0466158 0.5 1.04662 1.08959 0.992826 0.982532 0.999935 1.00324 1.00029 0.999448 0.999896 1.00008 1.00002 0.999989 0.999995 1 1 1 1 1 1 1 1 
-5.62975e-09 6.41199e-09 -1.20096e-08 -1.47724e-08 1.16805e-07 1.50375e-07 -7.98576e-07 -1.387e-06 4.82932e-06 1.16392e-05 -2.48343e-05 -8.6304e-05 0.000101442 0.0005614 -0.000274661 -0.00324709 8.5494e-06 0.0174103 0.0072002 -0.0894377 -0.0464158 0.5 1.04642 1.08944 0.9928 0.98259 0.999991 1.00325 1.00027 0.999439 0.999899 1.00009 1.00002 0.999988 0.999995 1 1 1 1 1 1 1 1 
-6.41199e-09 7.2003e-09 -1.28531e-08 -1.4689e-08 1.27468e-07 1.6044e-07 -8.4824e-07 -1.4812e-06 4.996e-06 1.2255e-05 -2.49731e-05 -8.91041e-05 9.89315e-05 0.000568915 -0.000257469 -0.00324896 -3.91862e-05 0.0173505 0.00720407 -0.0893118 -0.0462189 0.5 1.04622 1.08931 0.992796 0.98265 1.00004 1.00325 1.00026 0.999431 0.999901 1.00009 1.00002 0.999988 0.999995 1 1 1 1 1 1 1 1 
-7.2003e-09 7.99055e-09 -1.36697e-08 -1.46357e-08 1.38099e-07 1.71552e-07 -8.95128e-07 -1.57864e-06 5.13915e-06 1.28565e-05 -2.49962e-05 -9.16598e-05 9.61917e-05 0.000574983 -0.000241314 -0.00324685 -7.84725e-05 0.0172905 0.00719003 -0.0892079 -0.046031 0.5 1.04603 1.08921 0.99281 0.982709 1.00008 1.00325 1.00024 0.999425 0.999904 1.00009 1.00002 0.999987 0.999995 1 1 1 1 1 1 1 1 
-7.99055e-09 8.77972e-09 -1.4464e-08 -1.46418e-08 1.48635e-07 1.83708e-07 -9.38903e-07 -1.67849e-06 5.25858e-06 1.34384e-05 -2.49138e-05 -9.39619e-05 9.32964e-05 0.000579705 -0.00022636 -0.00324151 -0.000109923 0.0172321 0.00716229 -0.0891247 -0.0458566 0.5 1.04586 1.08912 0.992838 0.982768 1.00011 1.00324 1.00023 0.99942 0.999907 1.00009 1.00002 0.999987 0.999995 1 1 1 1 1 1 1 1 
-8.77972e-09 9.56567e-09 -1.52399e-08 -1.47337e-08 1.59007e-07 1.96876e-07 -9.7927e-07 -1.77986e-06 5.35446e-06 1.39957e-05 -2.47371e-05 -9.60057e-05 9.03145e-05 0.000583195 -0.000212723 -0.00323366 -0.000134227 0.0171766 0.00712455 -0.0890604 -0.0456983 0.5 1.0457 1.08906 0.992875 0.982823 1.00013 1.00323 1.00021 0.999417 0.99991 1.0001 1.00002 0.999986 0.999995 1 1 1 1 1 1 1 1 
-9.56567e-09 1.03468e-08 -1.59998e-08 -1.49341e-08 1.69146e-07 2.10997e-07 -1.01598e-06 -1.88182e-06 5.42731e-06 1.45239e-05 -2.4478e-05 -9.77912e-05 8.73087e-05 0.000585573 -0.000200477 -0.00322394 -0.000152119 0.0171249 0.00708004 -0.0890132 -0.0455581 0.5 1.04556 1.08901 0.99292 0.982875 1.00015 1.00322 1.0002 0.999414 0.999913 1.0001 1.00002 0.999985 0.999995 1 1 1 1 1 1 1 1 
-1.03468e-08 1.11219e-08 -1.67447e-08 -1.52615e-08 1.78984e-07 2.25985e-07 -1.04883e-06 -1.9834e-06 5.47796e-06 1.50193e-05 -2.41489e-05 -9.93229e-05 8.43353e-05 0.000586967 -0.000189656 -0.00321293 -0.000164357 0.017078 0.00703151 -0.0889809 -0.0454366 0.5 1.04544 1.08898 0.992968 0.982922 1.00016 1.00321 1.00019 0.999413 0.999916 1.0001 1.00002 0.999985 0.999995 1 1 1 1 1 1 1 1 
-1.11219e-08 1.18897e-08 -1.74743e-08 -1.57302e-08 1.88454e-07 2.41734e-07 -1.07768e-06 -2.08367e-06 5.50755e-06 1.54789e-05 -2.37622e-05 -0.000100609 8.14435e-05 0.000587504 -0.000180258 -0.00320115 -0.000171699 0.017036 0.00698126 -0.0889616 -0.0453338 0.5 1.04533 1.08896 0.993019 0.982964 1.00017 1.0032 1.00018 0.999412 0.999919 1.0001 1.00002 0.999985 0.999994 1 1 1 1 1 1 1 1 
-1.18897e-08 1.26492e-08 -1.8187e-08 -1.63501e-08 1.97491e-07 2.5812e-07 -1.10244e-06 -2.18172e-06 5.51746e-06 1.59001e-05 -2.33304e-05 -0.00010166 7.86751e-05 0.000587313 -0.000172255 -0.00318903 -0.000174884 0.0169994 0.00693117 -0.0889531 -0.0452492 0.5 1.04525 1.08895 0.993069 0.983001 1.00017 1.00319 1.00017 0.999413 0.999921 1.0001 1.00002 0.999984 0.999994 1 1 1 1 1 1 1 1 
-1.26492e-08 1.33989e-08 -1.88805e-08 -1.71266e-08 2.06035e-07 2.75005e-07 -1.12309e-06 -2.27668e-06 5.5093e-06 1.62815e-05 -2.28653e-05 -0.00010249 7.60644e-05 0.000586515 -0.000165589 -0.00317694 -0.000174621 0.0169681 0.00688272 -0.0889537 -0.0451817 0.5 1.04518 1.08895 0.993117 0.983032 1.00017 1.00318 1.00017 0.999413 0.999924 1.0001 1.00002 0.999984 0.999994 1 1 1 1 1 1 1 1 
-1.33989e-08 1.41374e-08 -1.95513e-08 -1.80607e-08 2.14034e-07 2.9224e-07 -1.13966e-06 -2.36778e-06 5.48483e-06 1.66221e-05 -2.23784e-05 -0.000103116 7.36387e-05 0.00058523 -0.000160186 -0.00316521 -0.000171574 0.016942 0.00683705 -0.0889613 -0.0451299 0.5 1.04513 1.08896 0.993163 0.983058 1.00017 1.00317 1.00016 0.999415 0.999926 1.0001 1.00002 0.999983 0.999995 1 1 1 1 1 1 1 1 
-1.41374e-08 1.48627e-08 -2.01958e-08 -1.91497e-08 2.21442e-07 3.0967e-07 -1.15224e-06 -2.4543e-06 5.44598e-06 1.69216e-05 -2.18804e-05 -0.000103555 7.14178e-05 0.000583566 -0.000155954 -0.00315406 -0.000166357 0.0169208 0.00679498 -0.0889745 -0.0450923 0.5 1.04509 1.08897 0.993205 0.983079 1.00017 1.00315 1.00016 0.999416 0.999929 1.0001 1.00002 0.999983 0.999995 1 1 1 1 1 1 1 1 
-1.48627e-08 1.55727e-08 -2.08101e-08 -2.03868e-08 2.2822e-07 3.27136e-07 -1.16096e-06 -2.53563e-06 5.39472e-06 1.71805e-05 -2.13809e-05 -0.000103826 6.94154e-05 0.000581624 -0.000152791 -0.00314369 -0.000159524 0.0169042 0.00675708 -0.0889916 -0.0450672 0.5 1.04507 1.08899 0.993243 0.983096 1.00016 1.00314 1.00015 0.999418 0.999931 1.0001 1.00002 0.999983 0.999995 1 1 1 1 1 1 1 1 
-1.55727e-08 1.62651e-08 -2.13902e-08 -2.17622e-08 2.34339e-07 3.44482e-07 -1.16602e-06 -2.61126e-06 5.33309e-06 1.73998e-05 -2.08886e-05 -0.00010395 6.76388e-05 0.000579498 -0.000150586 -0.00313424 -0.000151569 0.0168919 0.00672365 -0.0890114 -0.0450528 0.5 1.04505 1.08901 0.993276 0.983108 1.00015 1.00313 1.00015 0.999421 0.999932 1.0001 1.00002 0.999983 0.999995 1 1 1 1 1 1 1 1 
-1.62651e-08 1.69375e-08 -2.19324e-08 -2.32629e-08 2.39779e-07 3.61555e-07 -1.16764e-06 -2.6808e-06 5.26311e-06 1.7581e-05 -2.04113e-05 -0.000103945 6.60899e-05 0.000577266 -0.000149227 -0.00312577 -0.000142925 0.0168833 0.00669482 -0.0890327 -0.0450475 0.5 1.04505 1.08903 0.993305 0.983117 1.00014 1.00313 1.00015 0.999423 0.999934 1.0001 1.00002 0.999982 0.999995 1 1 1 1 1 1 1 1 
-1.69375e-08 1.75872e-08 -2.24334e-08 -2.48737e-08 2.44529e-07 3.78208e-07 -1.16608e-06 -2.74394e-06 5.18676e-06 1.77261e-05 -1.99555e-05 -0.000103832 6.47658e-05 0.000575001 -0.000148598 -0.00311835 -0.000133961 0.016878 0.00667056 -0.0890546 -0.0450495 0.5 1.04505 1.08905 0.993329 0.983122 1.00013 1.00312 1.00015 0.999425 0.999935 1.0001 1.00002 0.999982 0.999995 1 1 1 1 1 1 1 1 
-1.75872e-08 1.82117e-08 -2.28904e-08 -2.65776e-08 2.48588e-07 3.94305e-07 -1.16166e-06 -2.80051e-06 5.10596e-06 1.78373e-05 -1.95264e-05 -0.000103629 6.36594e-05 0.000572761 -0.000148588 -0.00311198 -0.000124987 0.0168755 0.00665069 -0.0890763 -0.0450574 0.5 1.04506 1.08908 0.993349 0.983124 1.00012 1.00311 1.00015 0.999427 0.999936 1.0001 1.00002 0.999982 0.999995 1 1 1 1 1 1 1 1 
-1.82117e-08 1.88083e-08 -2.33012e-08 -2.83561e-08 2.51963e-07 4.09723e-07 -1.15467e-06 -2.85044e-06 5.02251e-06 1.79174e-05 -1.91284e-05 -0.000103354 6.27601e-05 0.000570597 -0.000149087 -0.00310665 -0.000116254 0.0168754 0.00663496 -0.0890971 -0.0450698 0.5 1.04507 1.0891 0.993365 0.983125 1.00012 1.00311 1.00015 0.999429 0.999937 1.0001 1.00002 0.999982 0.999995 1 1 1 1 1 1 1 1 
-1.88083e-08 1.93747e-08 -2.36644e-08 -3.01896e-08 2.54671e-07 4.24351e-07 -1.14546e-06 -2.89375e-06 4.93807e-06 1.79692e-05 -1.87646e-05 -0.000103024 6.20547e-05 0.000568549 -0.000149994 -0.0031023 -0.000107962 0.0168772 0.00662304 -0.0891167 -0.0450853 0.5 1.04509 1.08912 0.993377 0.983123 1.00011 1.0031 1.00015 0.999431 0.999938 1.0001 1.00002 0.999982 0.999995 1 1 1 1 1 1 1 1 
-1.93747e-08 1.99086e-08 -2.39791e-08 -3.20586e-08 2.56736e-07 4.38096e-07 -1.13437e-06 -2.93056e-06 4.85418e-06 1.79957e-05 -1.8437e-05 -0.000102656 6.15276e-05 0.000566646 -0.000151214 -0.00309889 -0.000100261 0.0168805 0.00661454 -0.0891346 -0.0451029 0.5 1.0451 1.08913 0.993385 0.98312 1.0001 1.0031 1.00015 0.999433 0.999938 1.0001 1.00002 0.999982 0.999995 1 1 1 1 1 1 1 1 
-1.99086e-08 2.04082e-08 -2.42453e-08 -3.39431e-08 2.58188e-07 4.50879e-07 -1.12174e-06 -2.96107e-06 4.77218e-06 1.8e-05 -1.81469e-05 -0.000102262 6.11619e-05 0.000564912 -0.000152661 -0.00309633 -9.32568e-05 0.0168849 0.00660906 -0.0891507 -0.0451216 0.5 1.04512 1.08915 0.993391 0.983115 1.00009 1.0031 1.00015 0.999435 0.999939 1.0001 1.00002 0.999982 0.999995 1 1 1 1 1 1 1 1 
-2.04082e-08 2.08719e-08 -2.44637e-08 -3.58239e-08 2.59064e-07 4.62639e-07 -1.1079e-06 -2.98557e-06 4.69325e-06 1.79852e-05 -1.78946e-05 -0.000101857 6.09397e-05 0.00056336 -0.000154258 -0.00309454 -8.70171e-05 0.0168901 0.00660618 -0.0891647 -0.0451406 0.5 1.04514 1.08916 0.993394 0.98311 1.00009 1.00309 1.00015 0.999437 0.999939 1.0001 1.00002 0.999982 0.999995 1 1 1 1 1 1 1 1 
-2.08719e-08 2.12983e-08 -2.46355e-08 -3.76825e-08 2.59407e-07 4.73334e-07 -1.09319e-06 -3.00439e-06 4.61838e-06 1.79542e-05 -1.76795e-05 -0.00010145 6.08427e-05 0.000561999 -0.000155937 -0.00309343 -8.15759e-05 0.0168958 0.00660549 -0.0891767 -0.0451593 0.5 1.04516 1.08918 0.993395 0.983104 1.00008 1.00309 1.00016 0.999438 0.999939 1.0001 1.00002 0.999982 0.999995 1 1 1 1 1 1 1 1 
-2.12983e-08 2.16866e-08 -2.47628e-08 -3.95016e-08 2.59264e-07 4.82937e-07 -1.07791e-06 -3.01795e-06 4.54839e-06 1.79102e-05 -1.75005e-05 -0.000101051 6.08526e-05 0.000560829 -0.00015764 -0.00309291 -7.69393e-05 0.0169017 0.00660659 -0.0891867 -0.0451771 0.5 1.04518 1.08919 0.993393 0.983098 1.00008 1.00309 1.00016 0.999439 0.999939 1.0001 1.00002 0.999982 0.999995 1 1 1 1 1 1 1 1 
-2.16866e-08 2.20365e-08 -2.48479e-08 -4.12653e-08 2.58684e-07 4.91437e-07 -1.06236e-06 -3.02667e-06 4.4839e-06 1.78559e-05 -1.73559e-05 -0.000100668 6.09515e-05 0.000559848 -0.000159319 -0.00309288 -7.30896e-05 0.0169077 0.0066091 -0.0891948 -0.0451937 0.5 1.04519 1.08919 0.993391 0.983092 1.00007 1.00309 1.00016 0.99944 0.999939 1.0001 1.00002 0.999982 0.999996 1 1 1 1 1 1 1 1 
-2.20365e-08 2.23478e-08 -2.48937e-08 -4.29593e-08 2.57719e-07 4.9884e-07 -1.04681e-06 -3.03103e-06 4.42537e-06 1.77939e-05 -1.72435e-05 -0.000100307 6.11226e-05 0.000559049 -0.000160933 -0.00309327 -6.99911e-05 0.0169134 0.00661269 -0.0892011 -0.0452088 0.5 1.04521 1.0892 0.993387 0.983087 1.00007 1.00309 1.00016 0.999441 0.999939 1.0001 1.00002 0.999982 0.999996 1 1 1 1 1 1 1 1 
-2.23478e-08 2.2621e-08 -2.49035e-08 -4.45711e-08 2.56422e-07 5.05167e-07 -1.03151e-06 -3.03151e-06 4.37309e-06 1.77266e-05 -1.71608e-05 -9.99722e-05 6.13496e-05 0.00055842 -0.000162452 -0.00309398 -6.75935e-05 0.0169189 0.00661704 -0.0892057 -0.0452223 0.5 1.04522 1.08921 0.993383 0.983081 1.00007 1.00309 1.00016 0.999442 0.999939 1.0001 1.00002 0.999982 0.999996 1 1 0.999999 1 1 1 1 1 
-2.2621e-08 2.28569e-08 -2.48809e-08 -4.60902e-08 2.54845e-07 5.1045e-07 -1.01666e-06 -3.02863e-06 4.32721e-06 1.76563e-05 -1.7105e-05 -9.96681e-05 6.1618e-05 0.000557949 -0.000163851 -0.00309494 -6.58364e-05 0.016924 0.00662188 -0.0892088 -0.0452339 0.5 1.04523 1.08921 0.993378 0.983076 1.00007 1.00309 1.00016 0.999442 0.999938 1.0001 1.00002 0.999982 0.999996 1 1 0.999999 1 1 1 1 1 
-2.28569e-08 2.30566e-08 -2.48295e-08 -4.75078e-08 2.5304e-07 5.14735e-07 -1.00245e-06 -3.02287e-06 4.28773e-06 1.75848e-05 -1.70731e-05 -9.93965e-05 6.19143e-05 0.00055762 -0.000165116 -0.00309607 -6.46525e-05 0.0169286 0.00662697 -0.0892106 -0.0452438 0.5 1.04524 1.08921 0.993373 0.983071 1.00006 1.0031 1.00017 0.999442 0.999938 1.0001 1.00002 0.999982 0.999996 1 1 0.999999 1 1 1 1 1 
-2.30566e-08 2.32215e-08 -2.47532e-08 -4.88175e-08 2.51059e-07 5.18077e-07 -9.89036e-07 -3.01473e-06 4.25452e-06 1.7514e-05 -1.70621e-05 -9.91584e-05 6.22266e-05 0.000557418 -0.000166236 -0.00309732 -6.3971e-05 0.0169326 0.00663211 -0.0892114 -0.0452519 0.5 1.04525 1.08921 0.993368 0.983067 1.00006 1.0031 1.00017 0.999443 0.999938 1.0001 1.00002 0.999982 0.999996 1 1 0.999999 1 1 1 1 1 
-2.32215e-08 2.33536e-08 -2.4656e-08 -5.00146e-08 2.4895e-07 5.20539e-07 -9.76547e-07 -3.00467e-06 4.22738e-06 1.74451e-05 -1.7069e-05 -9.89542e-05 6.25446e-05 0.000557327 -0.000167206 -0.00309862 -6.37197e-05 0.0169362 0.00663715 -0.0892112 -0.0452584 0.5 1.04526 1.08921 0.993363 0.983064 1.00006 1.0031 1.00017 0.999443 0.999937 1.0001 1.00002 0.999983 0.999996 1 1 0.999999 1 1 1 1 1 
-2.33536e-08 2.34547e-08 -2.45417e-08 -5.10963e-08 2.46758e-07 5.2219e-07 -9.65077e-07 -2.99316e-06 4.20597e-06 1.73795e-05 -1.70908e-05 -9.87831e-05 6.28595e-05 0.000557329 -0.000168027 -0.00309994 -6.38276e-05 0.0169391 0.00664194 -0.0892102 -0.0452633 0.5 1.04526 1.08921 0.993358 0.983061 1.00006 1.0031 1.00017 0.999443 0.999937 1.0001 1.00002 0.999983 0.999996 1 1 0.999999 1 1 1 1 1 
-2.34547e-08 2.35271e-08 -2.44139e-08 -5.20616e-08 2.44526e-07 5.23106e-07 -9.54694e-07 -2.98059e-06 4.18993e-06 1.73181e-05 -1.71247e-05 -9.86438e-05 6.3164e-05 0.000557409 -0.000168702 -0.00310123 -6.42266e-05 0.0169416 0.0066464 -0.0892087 -0.0452668 0.5 1.04527 1.08921 0.993354 0.983058 1.00006 1.0031 1.00017 0.999443 0.999937 1.0001 1.00002 0.999983 0.999996 1 1 0.999999 1 1 1 1 1 
-2.35271e-08 2.35733e-08 -2.42764e-08 -5.29115e-08 2.42291e-07 5.23365e-07 -9.45439e-07 -2.96737e-06 4.17881e-06 1.72615e-05 -1.71679e-05 -9.85345e-05 6.34522e-05 0.000557551 -0.00016924 -0.00310246 -6.48527e-05 0.0169435 0.00665045 -0.0892068 -0.0452691 0.5 1.04527 1.08921 0.99335 0.983057 1.00006 1.0031 1.00017 0.999442 0.999937 1.0001 1.00002 0.999983 0.999996 1 1 0.999999 1 1 1 1 1 
-2.35733e-08 2.35957e-08 -2.41324e-08 -5.3648e-08 2.40088e-07 5.23046e-07 -9.3733e-07 -2.95384e-06 4.17213e-06 1.72104e-05 -1.7218e-05 -9.8453e-05 6.37196e-05 0.000557742 -0.000169649 -0.00310361 -6.56471e-05 0.0169449 0.00665405 -0.0892046 -0.0452703 0.5 1.04527 1.0892 0.993346 0.983055 1.00007 1.0031 1.00017 0.999442 0.999936 1.0001 1.00002 0.999983 0.999996 1 1 0.999999 1 1 1 1 1 
-2.35957e-08 2.3597e-08 -2.39851e-08 -5.42748e-08 2.37947e-07 5.22228e-07 -9.30361e-07 -2.94031e-06 4.16938e-06 1.7165e-05 -1.72726e-05 -9.83966e-05 6.39629e-05 0.000557967 -0.00016994 -0.00310466 -6.65568e-05 0.016946 0.00665717 -0.0892022 -0.0452706 0.5 1.04527 1.0892 0.993343 0.983054 1.00007 1.0031 1.00017 0.999442 0.999936 1.0001 1.00002 0.999983 0.999996 1 1 0.999999 1 1 1 1 1 
-2.3597e-08 2.35798e-08 -2.38373e-08 -5.47969e-08 2.35895e-07 5.20991e-07 -9.24509e-07 -2.92704e-06 4.17005e-06 1.71255e-05 -1.73299e-05 -9.83626e-05 6.418e-05 0.000558214 -0.000170128 -0.0031056 -6.75351e-05 0.0169466 0.00665982 -0.0891998 -0.0452701 0.5 1.04527 1.0892 0.99334 0.983053 1.00007 1.00311 1.00017 0.999442 0.999936 1.0001 1.00002 0.999983 0.999996 1 1 0.999999 1 1 1 1 1 
-2.35798e-08 2.35466e-08 -2.36917e-08 -5.522e-08 2.33952e-07 5.19411e-07 -9.1973e-07 -2.91428e-06 4.17363e-06 1.70919e-05 -1.73879e-05 -9.83482e-05 6.43699e-05 0.000558474 -0.000170223 -0.00310642 -6.8542e-05 0.0169469 0.006662 -0.0891973 -0.045269 0.5 1.04527 1.0892 0.993338 0.983053 1.00007 1.00311 1.00017 0.999442 0.999936 1.0001 1.00002 0.999983 0.999996 1 1 0.999999 1 1 1 1 1 
-2.35466e-08 2.35e-08 -2.35502e-08 -5.55507e-08 2.32136e-07 5.17561e-07 -9.15969e-07 -2.90219e-06 4.17961e-06 1.70641e-05 -1.74452e-05 -9.83504e-05 6.45322e-05 0.000558738 -0.000170241 -0.00310712 -6.95436e-05 0.016947 0.00666373 -0.089195 -0.0452675 0.5 1.04527 1.08919 0.993336 0.983053 1.00007 1.00311 1.00017 0.999441 0.999935 1.0001 1.00002 0.999983 0.999996 1 1 0.999999 1 1 1 1 1 
-2.35e-08 2.34425e-08 -2.3415e-08 -5.57964e-08 2.30459e-07 5.15508e-07 -9.13159e-07 -2.89094e-06 4.1875e-06 1.70417e-05 -1.75004e-05 -9.83665e-05 6.46673e-05 0.000558997 -0.000170193 -0.0031077 -7.05123e-05 0.0169468 0.00666504 -0.0891928 -0.0452657 0.5 1.04527 1.08919 0.993335 0.983053 1.00007 1.00311 1.00017 0.999441 0.999935 1.0001 1.00002 0.999983 0.999996 1 1 0.999999 1 1 1 1 1 
-2.34425e-08 2.33763e-08 -2.32875e-08 -5.59648e-08 2.28932e-07 5.13318e-07 -9.11223e-07 -2.88063e-06 4.19685e-06 1.70245e-05 -1.75527e-05 -9.83938e-05 6.47765e-05 0.000559246 -0.000170093 -0.00310817 -7.14263e-05 0.0169464 0.00666597 -0.0891908 -0.0452636 0.5 1.04526 1.08919 0.993334 0.983054 1.00007 1.00311 1.00017 0.999441 0.999935 1.0001 1.00002 0.999983 0.999996 1 1 0.999999 1 1 1 1 1 
-2.33763e-08 2.33038e-08 -2.3169e-08 -5.6064e-08 2.2756e-07 5.11047e-07 -9.10078e-07 -2.87135e-06 4.20723e-06 1.70121e-05 -1.76011e-05 -9.84297e-05 6.48612e-05 0.00055948 -0.000169952 -0.00310853 -7.22695e-05 0.0169459 0.00666657 -0.089189 -0.0452615 0.5 1.04526 1.08919 0.993333 0.983054 1.00007 1.00311 1.00017 0.999441 0.999935 1.0001 1.00002 0.999983 0.999996 1 1 0.999999 1 1 1 1 1 
-2.33038e-08 2.3227e-08 -2.30603e-08 -5.6102e-08 2.26345e-07 5.08747e-07 -9.09636e-07 -2.86314e-06 4.21827e-06 1.7004e-05 -1.76452e-05 -9.84718e-05 6.49233e-05 0.000559695 -0.000169781 -0.0031088 -7.30303e-05 0.0169453 0.00666687 -0.0891874 -0.0452593 0.5 1.04526 1.08919 0.993333 0.983055 1.00007 1.00311 1.00017 0.99944 0.999935 1.0001 1.00002 0.999983 0.999996 1 1 0.999999 1 1 1 1 1 
-2.3227e-08 2.31477e-08 -2.29623e-08 -5.6087e-08 2.25286e-07 5.06465e-07 -9.09808e-07 -2.85602e-06 4.2296e-06 1.69997e-05 -1.76844e-05 -9.85181e-05 6.49651e-05 0.000559889 -0.00016959 -0.00310897 -7.37017e-05 0.0169446 0.00666693 -0.0891861 -0.0452572 0.5 1.04526 1.08919 0.993333 0.983055 1.00007 1.00311 1.00017 0.99944 0.999935 1.0001 1.00002 0.999983 0.999996 1 1 0.999999 1 1 1 1 1 
-2.31477e-08 2.30675e-08 -2.28752e-08 -5.6027e-08 2.24381e-07 5.04239e-07 -9.10505e-07 -2.84997e-06 4.24095e-06 1.69988e-05 -1.77187e-05 -9.85667e-05 6.49889e-05 0.000560059 -0.000169388 -0.00310907 -7.42805e-05 0.0169439 0.00666677 -0.0891849 -0.0452551 0.5 1.04526 1.08918 0.993333 0.983056 1.00007 1.00311 1.00017 0.99944 0.999935 1.0001 1.00002 0.999983 0.999996 1 1 0.999999 1 1 1 1 1 
-2.30675e-08 2.29881e-08 -2.27991e-08 -5.59296e-08 2.23623e-07 5.02105e-07 -9.11639e-07 -2.84499e-06 4.25203e-06 1.70007e-05 -1.7748e-05 -9.8616e-05 6.4997e-05 0.000560206 -0.000169182 -0.00310909 -7.47665e-05 0.0169432 0.00666646 -0.089184 -0.0452532 0.5 1.04525 1.08918 0.993334 0.983057 1.00007 1.00311 1.00017 0.99944 0.999935 1.0001 1.00002 0.999983 0.999996 1 1 0.999999 1 1 1 1 1 
-2.29881e-08 2.29105e-08 -2.27341e-08 -5.58021e-08 2.23006e-07 5.00087e-07 -9.13126e-07 -2.84101e-06 4.26265e-06 1.7005e-05 -1.77723e-05 -9.86645e-05 6.4992e-05 0.00056033 -0.000168978 -0.00310907 -7.51624e-05 0.0169425 0.00666602 -0.0891834 -0.0452515 0.5 1.04525 1.08918 0.993334 0.983058 1.00008 1.00311 1.00017 0.99944 0.999935 1.0001 1.00002 0.999983 0.999996 1 1 0.999999 1 1 1 1 1 
-2.29105e-08 2.28361e-08 -2.26797e-08 -5.56514e-08 2.22521e-07 4.98209e-07 -9.14886e-07 -2.83798e-06 4.27263e-06 1.70112e-05 -1.77918e-05 -9.87112e-05 6.49762e-05 0.000560431 -0.000168782 -0.003109 -7.54727e-05 0.0169418 0.00666549 -0.0891829 -0.04525 0.5 1.04525 1.08918 0.993335 0.983058 1.00008 1.00311 1.00017 0.99944 0.999935 1.0001 1.00002 0.999983 0.999996 1 1 1 1 1 1 1 1 
-2.28361e-08 2.27655e-08 -2.26357e-08 -5.54839e-08 2.22156e-07 4.96486e-07 -9.16845e-07 -2.83582e-06 4.28184e-06 1.70188e-05 -1.78069e-05 -9.87551e-05 6.49518e-05 0.00056051 -0.000168597 -0.00310889 -7.57038e-05 0.0169412 0.0066649 -0.0891825 -0.0452487 0.5 1.04525 1.08918 0.993335 0.983059 1.00008 1.00311 1.00017 0.999439 0.999935 1.0001 1.00002 0.999983 0.999996 1 1 1 1 1 1 1 1 
-2.27655e-08 2.26996e-08 -2.26013e-08 -5.53052e-08 2.21903e-07 4.94929e-07 -9.18935e-07 -2.83445e-06 4.29017e-06 1.70274e-05 -1.78177e-05 -9.87955e-05 6.49209e-05 0.00056057 -0.000168428 -0.00310875 -7.58629e-05 0.0169406 0.00666429 -0.0891823 -0.0452476 0.5 1.04525 1.08918 0.993336 0.983059 1.00008 1.00311 1.00017 0.999439 0.999935 1.0001 1.00002 0.999983 0.999996 1 1 1 1 1 1 1 1 
-2.26996e-08 2.26389e-08 -2.25759e-08 -5.51206e-08 2.21748e-07 4.93544e-07 -9.21094e-07 -2.8338e-06 4.29757e-06 1.70367e-05 -1.78249e-05 -9.8832e-05 6.48855e-05 0.000560611 -0.000168275 -0.0031086 -7.59583e-05 0.0169401 0.00666366 -0.0891823 -0.0452467 0.5 1.04525 1.08918 0.993336 0.98306 1.00008 1.00311 1.00017 0.999439 0.999935 1.0001 1.00002 0.999983 0.999996 1 1 1 1 1 1 1 1 
-2.26389e-08 2.25837e-08 -2.25588e-08 -5.49345e-08 2.2168e-07 4.92333e-07 -9.23267e-07 -2.83376e-06 4.30401e-06 1.70464e-05 -1.78287e-05 -9.88643e-05 6.48472e-05 0.000560635 -0.00016814 -0.00310844 -7.59983e-05 0.0169397 0.00666305 -0.0891823 -0.045246 0.5 1.04525 1.08918 0.993337 0.98306 1.00008 1.00311 1.00017 0.999439 0.999935 1.0001 1.00002 0.999983 0.999996 1 1 1 1 1 1 1 1 
-2.25837e-08 2.25342e-08 -2.2549e-08 -5.4751e-08 2.21688e-07 4.91294e-07 -9.25409e-07 -2.83425e-06 4.30948e-06 1.7056e-05 -1.78296e-05 -9.88922e-05 6.48075e-05 0.000560646 -0.000168024 -0.00310827 -7.59917e-05 0.0169393 0.00666247 -0.0891825 -0.0452455 0.5 1.04525 1.08918 0.993338 0.983061 1.00008 1.00311 1.00017 0.999439 0.999935 1.0001 1.00002 0.999983 0.999996 1 1 1 1 1 1 1 1 
-2.25342e-08 2.24907e-08 -2.25459e-08 -5.45734e-08 2.2176e-07 4.90424e-07 -9.27479e-07 -2.83518e-06 4.31399e-06 1.70655e-05 -1.78281e-05 -9.89156e-05 6.47678e-05 0.000560645 -0.000167926 -0.00310811 -7.59467e-05 0.016939 0.00666193 -0.0891827 -0.0452451 0.5 1.04525 1.08918 0.993338 0.983061 1.00008 1.00311 1.00017 0.999439 0.999935 1.0001 1.00002 0.999983 0.999996 1 1 1 1 1 1 1 1 
-2.24907e-08 2.24529e-08 -2.25484e-08 -5.44043e-08 2.21884e-07 4.89713e-07 -9.29445e-07 -2.83647e-06 4.31759e-06 1.70745e-05 -1.78245e-05 -9.89349e-05 6.47291e-05 0.000560634 -0.000167847 -0.00310795 -7.58713e-05 0.0169388 0.00666144 -0.0891829 -0.0452449 0.5 1.04524 1.08918 0.993339 0.983061 1.00008 1.00311 1.00017 0.999439 0.999935 1.0001 1.00002 0.999983 0.999996 1 1 1 1 1 1 1 1 
-2.24529e-08 2.24208e-08 -2.25557e-08 -5.4246e-08 2.22051e-07 4.89153e-07 -9.31281e-07 -2.83803e-06 4.32034e-06 1.7083e-05 -1.78194e-05 -9.895e-05 6.46924e-05 0.000560615 -0.000167785 -0.0031078 -7.57731e-05 0.0169386 0.00666101 -0.0891832 -0.0452448 0.5 1.04524 1.08918 0.993339 0.983061 1.00008 1.00311 1.00017 0.999439 0.999935 1.0001 1.00002 0.999983 0.999996 1 1 1 1 1 1 1 1 
-2.24208e-08 2.23942e-08 -2.2567e-08 -5.41e-08 2.2225e-07 4.88733e-07 -9.32967e-07 -2.83979e-06 4.32228e-06 1.70908e-05 -1.7813e-05 -9.89613e-05 6.46581e-05 0.000560589 -0.000167739 -0.00310766 -7.56587e-05 0.0169385 0.00666063 -0.0891835 -0.0452448 0.5 1.04524 1.08918 0.993339 0.983062 1.00008 1.00311 1.00017 0.999439 0.999935 1.0001 1.00002 0.999983 0.999996 1 1 1 1 1 1 1 1 
-2.23942e-08 2.23728e-08 -2.25815e-08 -5.39676e-08 2.22472e-07 4.8844e-07 -9.34491e-07 -2.84168e-06 4.3235e-06 1.70978e-05 -1.78058e-05 -9.89691e-05 6.4627e-05 0.00056056 -0.000167707 -0.00310753 -7.55343e-05 0.0169384 0.00666031 -0.0891839 -0.0452449 0.5 1.04524 1.08918 0.99334 0.983062 1.00008 1.00311 1.00017 0.999439 0.999935 1.0001 1.00002 0.999983 0.999996 1 1 1 1 1 1 1 1 
-2.23728e-08 2.23561e-08 -2.25985e-08 -5.38494e-08 2.22709e-07 4.88261e-07 -9.35843e-07 -2.84364e-06 4.32408e-06 1.7104e-05 -1.7798e-05 -9.89738e-05 6.45992e-05 0.000560528 -0.000167688 -0.00310742 -7.54052e-05 0.0169384 0.00666005 -0.0891842 -0.045245 0.5 1.04525 1.08918 0.99334 0.983062 1.00008 1.00311 1.00017 0.999439 0.999935 1.0001 1.00002 0.999983 0.999996 1 1 1 1 1 1 1 1 
-2.23561e-08 2.23439e-08 -2.26171e-08 -5.37457e-08 2.22954e-07 4.88182e-07 -9.37021e-07 -2.84561e-06 4.3241e-06 1.71094e-05 -1.77901e-05 -9.89758e-05 6.45751e-05 0.000560495 -0.000167681 -0.00310733 -7.52758e-05 0.0169384 0.00665984 -0.0891845 -0.0452452 0.5 1.04525 1.08918 0.99334 0.983062 1.00008 1.00311 1.00017 0.99944 0.999935 1.0001 1.00002 0.999983 0.999996 1 1 1 1 1 1 1 1 
-2.23439e-08 2.23357e-08 -2.26368e-08 -5.36566e-08 2.232e-07 4.8819e-07 -9.38026e-07 -2.84756e-06 4.32365e-06 1.71139e-05 -1.77821e-05 -9.89755e-05 6.45545e-05 0.000560461 -0.000167683 -0.00310725 -7.51499e-05 0.0169384 0.00665969 -0.0891847 -0.0452455 0.5 1.04525 1.08918 0.99334 0.983062 1.00008 1.00311 1.00017 0.99944 0.999935 1.0001 1.00002 0.999983 0.999996 1 1 1 1 1 1 1 1 
-2.23357e-08 2.23311e-08 -2.26571e-08 -5.35816e-08 2.23442e-07 4.8827e-07 -9.38862e-07 -2.84943e-06 4.3228e-06 1.71175e-05 -1.77743e-05 -9.89733e-05 6.45375e-05 0.000560428 -0.000167692 -0.00310718 -7.50305e-05 0.0169385 0.00665958 -0.089185 -0.0452458 0.5 1.04525 1.08918 0.99334 0.983062 1.00008 1.00311 1.00017 0.99944 0.999935 1.0001 1.00002 0.999983 0.999996 1 1 1 1 1 1 1 1 
-2.23311e-08 2.23295e-08 -2.26773e-08 -5.35202e-08 2.23676e-07 4.88411e-07 -9.39536e-07 -2.8512e-06 4.32164e-06 1.71203e-05 -1.77669e-05 -9.89694e-05 6.4524e-05 0.000560396 -0.000167708 -0.00310713 -7.49197e-05 0.0169385 0.00665951 -0.0891852 -0.045246 0.5 1.04525 1.08919 0.99334 0.983061 1.00007 1.00311 1.00017 0.99944 0.999935 1.0001 1.00002 0.999983 0.999996 1 1 1 1 1 1 1 1 
-2.23295e-08 2.23306e-08 -2.26972e-08 -5.34717e-08 2.23897e-07 4.886e-07 -9.40059e-07 -2.85285e-06 4.32024e-06 1.71224e-05 -1.77601e-05 -9.89644e-05 6.45137e-05 0.000560367 -0.000167728 -0.0031071 -7.48193e-05 0.0169386 0.00665948 -0.0891854 -0.0452463 0.5 1.04525 1.08919 0.993341 0.983061 1.00007 1.00311 1.00017 0.99944 0.999935 1.0001 1.00002 0.999983 0.999996 1 1 1 1 1 1 1 1 
-2.23306e-08 2.2334e-08 -2.27163e-08 -5.3435e-08 2.24102e-07 4.88825e-07 -9.40442e-07 -2.85436e-06 4.31866e-06 1.71239e-05 -1.77538e-05 -9.89586e-05 6.45064e-05 0.00056034 -0.000167752 -0.00310707 -7.47304e-05 0.0169387 0.00665948 -0.0891856 -0.0452466 0.5 1.04525 1.08919 0.993341 0.983061 1.00007 1.00311 1.00017 0.99944 0.999935 1.0001 1.00002 0.999983 0.999996 1 1 1 1 1 1 1 1 
-2.2334e-08 2.23391e-08 -2.27343e-08 -5.34091e-08 2.24291e-07 4.89075e-07 -9.40698e-07 -2.8557e-06 4.31699e-06 1.71247e-05 -1.77482e-05 -9.89521e-05 6.45017e-05 0.000560317 -0.000167778 -0.00310706 -7.46533e-05 0.0169388 0.00665951 -0.0891857 -0.0452469 0.5 1.04525 1.08919 0.99334 0.983061 1.00007 1.00311 1.00017 0.99944 0.999935 1.0001 1.00002 0.999983 0.999996 1 1 1 1 1 1 1 1 
-2.23391e-08 2.23457e-08 -2.2751e-08 -5.3393e-08 2.2446e-07 4.89342e-07 -9.40842e-07 -2.85689e-06 4.31526e-06 1.71249e-05 -1.77434e-05 -9.89454e-05 6.44995e-05 0.000560296 -0.000167805 -0.00310705 -7.45884e-05 0.0169389 0.00665956 -0.0891858 -0.0452471 0.5 1.04525 1.08919 0.99334 0.983061 1.00007 1.00311 1.00017 0.99944 0.999936 1.0001 1.00002 0.999983 0.999996 1 1 1 1 1 1 1 1 
-2.23457e-08 2.23534e-08 -2.27663e-08 -5.33854e-08 2.2461e-07 4.89617e-07 -9.40886e-07 -2.85791e-06 4.31353e-06 1.71247e-05 -1.77393e-05 -9.89386e-05 6.44992e-05 0.000560278 -0.000167831 -0.00310705 -7.45353e-05 0.016939 0.00665962 -0.0891859 -0.0452473 0.5 1.04525 1.08919 0.99334 0.983061 1.00007 1.00311 1.00017 0.99944 0.999936 1.0001 1.00002 0.999983 0.999996 1 1 1 1 1 1 1 1 
-2.23534e-08 2.23618e-08 -2.278e-08 -5.33851e-08 2.2474e-07 4.89891e-07 -9.40846e-07 -2.85876e-06 4.31183e-06 1.71242e-05 -1.77359e-05 -9.8932e-05 6.45006e-05 0.000560264 -0.000167858 -0.00310706 -7.44934e-05 0.0169391 0.00665969 -0.0891859 -0.0452475 0.5 1.04525 1.08919 0.99334 0.983061 1.00007 1.00311 1.00017 0.99944 0.999935 1.0001 1.00002 0.999983 0.999996 1 1 1 1 1 1 1 1 
-2.23618e-08 2.23706e-08 -2.2792e-08 -5.33911e-08 2.2485e-07 4.9016e-07 -9.40735e-07 -2.85946e-06 4.31021e-06 1.71233e-05 -1.77332e-05 -9.89256e-05 6.45034e-05 0.000560252 -0.000167882 -0.00310708 -7.44621e-05 0.0169392 0.00665977 -0.089186 -0.0452476 0.5 1.04525 1.08919 0.99334 0.983061 1.00007 1.00311 1.00017 0.99944 0.999935 1.0001 1.00002 0.999983 0.999996 1 1 1 1 1 1 1 1 
-2.23706e-08 2.23796e-08 -2.28025e-08 -5.34022e-08 2.24941e-07 4.90418e-07 -9.40568e-07 -2.86001e-06 4.3087e-06 1.71221e-05 -1.77311e-05 -9.89196e-05 6.45073e-05 0.000560243 -0.000167905 -0.00310709 -7.44403e-05 0.0169392 0.00665985 -0.089186 -0.0452478 0.5 1.04525 1.08919 0.99334 0.983061 1.00007 1.00311 1.00017 0.99944 0.999935 1.0001 1.00002 0.999983 0.999996 1 1 1 1 1 1 1 1 
-2.23796e-08 2.23886e-08 -2.28113e-08 -5.34174e-08 2.25014e-07 4.90661e-07 -9.40356e-07 -2.86042e-06 4.3073e-06 1.71208e-05 -1.77297e-05 -9.89142e-05 6.45119e-05 0.000560237 -0.000167926 -0.00310711 -7.44271e-05 0.0169393 0.00665994 -0.089186 -0.0452479 0.5 1.04525 1.08919 0.99334 0.983061 1.00007 1.00311 1.00017 0.99944 0.999935 1.0001 1.00002 0.999983 0.999996 1 1 1 1 1 1 1 1 
-2.23886e-08 2.23973e-08 -2.28185e-08 -5.34356e-08 2.25071e-07 4.90886e-07 -9.40112e-07 -2.8607e-06 4.30604e-06 1.71194e-05 -1.77288e-05 -9.89094e-05 6.4517e-05 0.000560233 -0.000167945 -0.00310713 -7.44214e-05 0.0169394 0.00666002 -0.089186 -0.045248 0.5 1.04525 1.08919 0.99334 0.983061 1.00007 1.00311 1.00017 0.99944 0.999935 1.0001 1.00002 0.999983 0.999996 1 1 1 1 1 1 1 1 
-2.23973e-08 2.24057e-08 -2.28243e-08 -5.3456e-08 2.25112e-07 4.9109e-07 -9.39846e-07 -2.86087e-06 4.30492e-06 1.71179e-05 -1.77284e-05 -9.89051e-05 6.45225e-05 0.000560231 -0.000167961 -0.00310716 -7.44219e-05 0.0169394 0.0066601 -0.089186 -0.045248 0.5 1.04525 1.08919 0.99334 0.983061 1.00007 1.00311 1.00017 0.99944 0.999935 1.0001 1.00002 0.999983 0.999996 1 1 1 1 1 1 1 1 
-2.24057e-08 2.24135e-08 -2.28286e-08 -5.34778e-08 2.25138e-07 4.91272e-07 -9.39568e-07 -2.86094e-06 4.30396e-06 1.71164e-05 -1.77284e-05 -9.89015e-05 6.4528e-05 0.000560231 -0.000167974 -0.00310718 -7.44276e-05 0.0169395 0.00666017 -0.0891859 -0.0452481 0.5 1.04525 1.08919 0.99334 0.983061 1.00007 1.00311 1.00017 0.99944 0.999935 1.0001 1.00002 0.999983 0.999996 1 1 1 1 1 1 1 1 
-2.24135e-08 2.24208e-08 -2.28317e-08 -5.35002e-08 2.25153e-07 4.91432e-07 -9.39286e-07 -2.86092e-06 4.30314e-06 1.71149e-05 -1.77288e-05 -9.88985e-05 6.45334e-05 0.000560232 -0.000167985 -0.0031072 -7.44375e-05 0.0169395 0.00666023 -0.0891859 -0.0452481 0.5 1.04525 1.08919 0.99334 0.983061 1.00007 1.00311 1.00017 0.99944 0.999935 1.0001 1.00002 0.999983 0.999996 1 1 1 1 1 1 1 1 
-2.24208e-08 2.24273e-08 -2.28337e-08 -5.35227e-08 2.25157e-07 4.91569e-07 -9.39008e-07 -2.86083e-06 4.30247e-06 1.71135e-05 -1.77295e-05 -9.88962e-05 6.45387e-05 0.000560235 -0.000167994 -0.00310722 -7.44505e-05 0.0169395 0.00666029 -0.0891859 -0.0452481 0.5 1.04525 1.08919 0.99334 0.98306 1.00007 1.00311 1.00017 0.99944 0.999935 1.0001 1.00002 0.999983 0.999996 1 1 1 1 1 1 1 1 
-2.24273e-08 2.24332e-08 -2.28346e-08 -5.35446e-08 2.25151e-07 4.91684e-07 -9.38738e-07 -2.86068e-06 4.30194e-06 1.71121e-05 -1.77304e-05 -9.88944e-05 6.45436e-05 0.000560238 -0.000168 -0.00310724 -7.44657e-05 0.0169395 0.00666034 -0.0891858 -0.0452481 0.5 1.04525 1.08919 0.99334 0.98306 1.00007 1.00311 1.00017 0.99944 0.999935 1.0001 1.00002 0.999983 0.999996 1 1 1 1 1 1 1 1 
-2.24332e-08 2.24383e-08 -2.28347e-08 -5.35656e-08 2.25139e-07 4.91777e-07 -9.38483e-07 -2.86049e-06 4.30155e-06 1.71109e-05 -1.77315e-05 -9.88931e-05 6.4548e-05 0.000560242 -0.000168005 -0.00310726 -7.44823e-05 0.0169395 0.00666038 -0.0891858 -0.0452481 0.5 1.04525 1.08919 0.99334 0.98306 1.00007 1.00311 1.00017 0.99944 0.999935 1.0001 1.00002 0.999983 0.999996 1 1 1 1 1 1 1 1 
-2.24383e-08 2.24427e-08 -2.2834e-08 -5.35854e-08 2.2512e-07 4.9185e-07 -9.38246e-07 -2.86026e-06 4.30127e-06 1.71098e-05 -1.77327e-05 -9.88923e-05 6.4552e-05 0.000560247 -0.000168008 -0.00310727 -7.44996e-05 0.0169395 0.00666042 -0.0891857 -0.0452481 0.5 1.04525 1.08919 0.99334 0.98306 1.00007 1.00311 1.00017 0.99944 0.999935 1.0001 1.00002 0.999983 0.999996 1 1 1 1 1 1 1 1 
-2.24427e-08 2.24463e-08 -2.28327e-08 -5.36036e-08 2.25096e-07 4.91904e-07 -9.38029e-07 -2.86e-06 4.3011e-06 1.71088e-05 -1.77339e-05 -9.8892e-05 6.45555e-05 0.000560251 -0.000168009 -0.00310728 -7.4517e-05 0.0169395 0.00666044 -0.0891857 -0.045248 0.5 1.04525 1.08919 0.99334 0.98306 1.00007 1.00311 1.00017 0.99944 0.999935 1.0001 1.00002 0.999983 0.999996 1 1 1 1 1 1 1 1 
-2.24463e-08 2.24493e-08 -2.28309e-08 -5.36202e-08 2.2507e-07 4.91942e-07 -9.37835e-07 -2.85974e-06 4.30102e-06 1.71079e-05 -1.77352e-05 -9.8892e-05 6.45585e-05 0.000560256 -0.000168009 -0.00310729 -7.45339e-05 0.0169395 0.00666046 -0.0891856 -0.045248 0.5 1.04525 1.08919 0.99334 0.98306 1.00007 1.00311 1.00017 0.99944 0.999935 1.0001 1.00002 0.999983 0.999996 1 1 1 1 1 1 1 1 
-2.24493e-08 2.24517e-08 -2.28288e-08 -5.36348e-08 2.25041e-07 4.91964e-07 -9.37665e-07 -2.85946e-06 4.30103e-06 1.71072e-05 -1.77365e-05 -9.88923e-05 6.4561e-05 0.00056026 -0.000168007 -0.0031073 -7.455e-05 0.0169395 0.00666048 -0.0891856 -0.0452479 0.5 1.04525 1.08919 0.99334 0.98306 1.00007 1.00311 1.00017 0.99944 0.999935 1.0001 1.00002 0.999983 0.999996 1 1 1 1 1 1 1 1 
-2.24517e-08 2.24534e-08 -2.28264e-08 -5.36477e-08 2.25011e-07 4.91973e-07 -9.37518e-07 -2.85919e-06 4.30111e-06 1.71066e-05 -1.77377e-05 -9.88929e-05 6.45629e-05 0.000560265 -0.000168005 -0.00310731 -7.45648e-05 0.0169395 0.00666049 -0.0891856 -0.0452479 0.5 1.04525 1.08919 0.99334 0.98306 1.00007 1.00311 1.00017 0.99944 0.999935 1.0001 1.00002 0.999983 0.999996 1 1 1 1 1 1 1 1 
-2.24534e-08 2.24546e-08 -2.28238e-08 -5.36586e-08 2.2498e-07 4.9197e-07 -9.37395e-07 -2.85893e-06 4.30124e-06 1.71061e-05 -1.77388e-05 -9.88937e-05 6.45644e-05 0.000560269 -0.000168002 -0.00310731 -7.45783e-05 0.0169395 0.00666049 -0.0891856 -0.0452479 0.5 1.04525 1.08919 0.99334 0.98306 1.00007 1.00311 1.00017 0.99944 0.999935 1.0001 1.00002 0.999983 0.999996 1 1 1 1 1 1 1 1 
-2.24546e-08 2.24553e-08 -2.28211e-08 -5.36677e-08 2.2495e-07 4.91958e-07 -9.37295e-07 -2.85869e-06 4.30142e-06 1.71058e-05 -1.77399e-05 -9.88946e-05 6.45654e-05 0.000560273 -0.000167999 -0.00310732 -7.45903e-05 0.0169395 0.00666049 -0.0891855 -0.0452478 0.5 1.04525 1.08919 0.99334 0.983061 1.00007 1.00311 1.00017 0.99944 0.999935 1.0001 1.00002 0.999983 0.999996 1 1 1 1 1 1 1 1 
-2.24553e-08 2.24556e-08 -2.28185e-08 -5.3675e-08 2.24922e-07 4.91939e-07 -9.37216e-07 -2.85845e-06 4.30163e-06 1.71055e-05 -1.77409e-05 -9.88956e-05 6.45661e-05 0.000560276 -0.000167996 -0.00310732 -7.46006e-05 0.0169395 0.00666048 -0.0891855 -0.0452478 0.5 1.04525 1.08919 0.99334 0.983061 1.00007 1.00311 1.00017 0.99944 0.999935 1.0001 1.00002 0.999983 0.999996 1 1 1 1 1 1 1 1 
-2.24556e-08 2.24556e-08 -2.28159e-08 -5.36807e-08 2.24895e-07 4.91913e-07 -9.37157e-07 -2.85824e-06 4.30186e-06 1.71054e-05 -1.77417e-05 -9.88967e-05 6.45663e-05 0.000560279 -0.000167992 -0.00310732 -7.46093e-05 0.0169395 0.00666048 -0.0891855 -0.0452478 0.5 1.04525 1.08919 0.99334 0.983061 1.00007 1.00311 1.00017 0.99944 0.999935 1.0001 1.00002 0.999983 0.999996 1 1 1 1 1 1 1 1 
-2.24556e-08 2.24552e-08 -2.28134e-08 -5.36848e-08 2.2487e-07 4.91883e-07 -9.37117e-07 -2.85806e-06 4.30211e-06 1.71053e-05 -1.77424e-05 -9.88978e-05 6.45663e-05 0.000560281 -0.000167988 -0.00310732 -7.46164e-05 0.0169395 0.00666047 -0.0891855 -0.0452477 0.5 1.04525 1.08919 0.99334 0.983061 1.00007 1.00311 1.00017 0.99944 0.999935 1.0001 1.00002 0.999983 0.999996 1 1 1 1 1 1 1 1 
-2.24552e-08 2.24546e-08 -2.2811e-08 -5.36876e-08 2.24847e-07 4.91851e-07 -9.37092e-07 -2.85789e-06 4.30236e-06 1.71053e-05 -1.77431e-05 -9.88988e-05 6.4566e-05 0.000560283 -0.000167985 -0.00310732 -7.4622e-05 0.0169394 0.00666046 -0.0891855 -0.0452477 0.5 1.04525 1.08919 0.99334 0.983061 1.00007 1.00311 1.00017 0.99944 0.999935 1.0001 1.00002 0.999983 0.999996 1 1 1 1 1 1 1 1 
-2.24546e-08 2.24538e-08 -2.28089e-08 -5.36891e-08 2.24827e-07 4.91816e-07 -9.37083e-07 -2.85775e-06 4.30261e-06 1.71054e-05 -1.77436e-05 -9.88999e-05 6.45656e-05 0.000560285 -0.000167981 -0.00310732 -7.46261e-05 0.0169394 0.00666045 -0.0891855 -0.0452477 0.5 1.04525 1.08919 0.99334 0.983061 1.00007 1.00311 1.00017 0.99944 0.999935 1.0001 1.00002 0.999983 0.999996 1 1 1 1 1 1 1 1 
