0
-6.68409e-10
5.1763e-10
-1.26745e-09
-3.20037e-10
1.88794e-09
-5.06654e-10
-1.00381e-09
6.2367e-10
-7.47831e-10
2.3037e-10
-1.87746e-10
-8.82266e-10
-5.33076e-10
1.43975e-09
2.10362e-10
2.30197e-09
-4.98989e-10
5.13262e-10
2.2151e-10
-7.65346e-10
1.5382e-10
1.04459e-09
8.51397e-11
1.14583e-09
-2.05164e-09
1.34603e-10
-1.20056e-09
-9.21001e-10
-3.46512e-10
1.12115e-09
-5.2888e-10
-8.85904e-10
1.69875e-09
1.44741e-09
-8.81676e-10
1.35467e-10
1.54257e-09
-5.5369e-10
1.84897e-10
7.63032e-10
-9.10686e-10
4.88401e-10
-9.32446e-10
9.92759e-10
-6.63843e-10
1.07761e-09
1.02098e-09
-5.17419e-10
4.22021e-10
2.59828e-10
-9.53079e-10
-4.73035e-10
6.10862e-10
1.64549e-10
1.52216e-09
-4.8982e-10
9.30601e-10
3.40677e-10
-3.95078e-10
4.38833e-10
6.77974e-10
-1.39624e-10
1.52399e-10
-1.10723e-09
-2.36847e-10
-2.55578e-10
2.87381e-10
7.88456e-10
4.47365e-10
-1.73778e-09
-4.56042e-10
7.91625e-11
9.52105e-11
5.30437e-10
1.167e-09
-1.23618e-09
1.02213e-09
-4.27155e-10
7.06065e-10
2.21307e-10
2.04995e-09
-3.75111e-10
-8.40229e-10
-8.43837e-10
1.57577e-09
6.60987e-10
6.26554e-10
-1.76343e-10
4.98463e-11
2.65388e-11
1.91513e-09
1.06939e-09
9.33633e-10
9.32631e-10
1.12543e-09
3.39985e-10
-1.04217e-10
-1.23968e-10
9.87828e-10
8.3448e-10
-4.98843e-10
-4.47328e-10
4.43431e-10
-5.5329e-10
-8.96712e-10
1.63165e-09
-3.87029e-10
1.13515e-09
-9.42453e-10
-1.19538e-10
4.60644e-10
-1.74551e-09
-3.01312e-10
-2.80054e-10
-5.70962e-10
-3.99457e-10
6.7193e-10
-9.8255e-10
9.17223e-10
2.04857e-10
6.18613e-10
-1.89419e-09
1.3115e-09
-8.67386e-11
1.11529e-11
-8.67377e-11
3.80184e-10
8.99777e-10
1.54994e-09
-7.26461e-10
9.17229e-10
-9.82544e-10
-2.59385e-10
-1.33077e-09
3.6037e-10
6.51279e-10
-1.23262e-09
1.04847e-09
4.60657e-10
-1.19524e-10
-9.42438e-10
-7.27479e-10
1.47563e-09
-2.3098e-10
-8.96694e-10
1.30937e-09
-1.41919e-09
-4.47306e-10
4.32501e-10
-9.68197e-11
9.87851e-10
8.07379e-10
-1.04192e-10
1.27133e-09
-1.66851e-09
9.3266e-10
2.33902e-12
1.381e-10
5.25187e-11
-9.04752e-10
4.9879e-11
7.55013e-10
6.26588e-10
-1.20162e-09
-2.8684e-10
8.75229e-11
9.11315e-11
5.56251e-10
1.87345e-10
-7.09975e-10
7.06107e-10
-4.27113e-10
1.02218e-09
-1.23613e-09
1.16704e-09
-4.0084e-10
9.52574e-11
7.92104e-11
-4.55993e-10
1.24911e-10
-1.41523e-09
1.71983e-09
-1.57521e-09
-2.55525e-10
1.62585e-09
-1.75854e-10
1.52454e-10
-2.00221e-09
-2.53291e-10
-1.42375e-09
-3.95019e-10
1.27206e-09
-6.60805e-13
-4.89758e-10
5.909e-10
1.09593e-09
-3.20396e-10
4.58353e-10
9.09632e-10
2.59894e-10
-5.09234e-10
4.13972e-10
1.02105e-09
-7.84962e-10
1.19887e-09
6.15075e-11
-9.32374e-10
-4.42848e-10
-9.10613e-10
7.63107e-10
-7.46351e-10
-5.53614e-10
-3.20001e-10
1.06687e-09
4.97251e-11
-4.15157e-10
7.67505e-10
4.54996e-11
4.02524e-10
-7.41411e-10
5.84893e-10
1.0405e-11
-2.69152e-10
1.34688e-10
-1.12023e-09
2.07724e-09
-8.46095e-10
1.13352e-10
1.53908e-10
-7.65257e-10
2.21601e-10
1.44468e-09
4.32426e-10
-4.91901e-10
1.14178e-09
-4.22797e-10
-5.32982e-10
9.80474e-10
7.43672e-10
1.16179e-09
-7.47734e-10
1.55509e-09
-1.00372e-09
-5.06555e-10
-9.0593e-10
-3.19936e-10
-3.3603e-10
-1.34491e-09
-1.59963e-09
9.31426e-10
1.12362e-09
6.75703e-10
-2.62307e-10
6.46084e-10
-4.4813e-10
4.00396e-10
4.02599e-11
3.4063e-10
1.68217e-09
-7.57994e-10
1.63045e-09
-7.63577e-10
1.49075e-09
5.55079e-10
2.03381e-10
-9.31244e-10
-3.27096e-11
1.52685e-09
6.04949e-11
-1.78194e-10
-2.27404e-11
2.05065e-10
-1.15651e-09
-5.7885e-10
1.35484e-09
-3.93333e-11
-4.96237e-10
-7.6035e-10
8.76114e-10
2.02629e-10
-7.91067e-10
5.08516e-10
-1.00473e-10
3.46132e-10
-1.17102e-10
8.32012e-12
1.08553e-10
2.63096e-10
1.25655e-09
-6.61615e-11
3.87882e-10
1.70597e-12
-1.22642e-09
-6.70974e-10
-5.17761e-10
6.30086e-10
1.24496e-09
-3.19121e-10
-2.26334e-10
6.08599e-10
1.18932e-09
-1.4125e-09
9.93742e-10
1.6529e-09
2.96986e-10
-5.67692e-10
-1.23592e-09
-1.34431e-10
6.02749e-10
7.34858e-10
-1.79824e-09
1.24385e-09
-4.56254e-10
-3.70657e-10
6.72201e-10
-8.43006e-10
7.0234e-11
-7.81959e-10
2.86876e-12
3.97945e-10
4.10839e-10
-6.97497e-10
2.56938e-10
1.08104e-09
7.36945e-10
-6.44811e-10
1.04181e-09
-1.00964e-09
-2.90445e-10
6.84703e-10
6.35559e-10
4.60921e-10
4.57969e-10
-5.95714e-10
-7.7218e-10
3.63659e-10
8.36107e-10
-2.60181e-12
-5.27531e-10
3.78453e-10
-3.87122e-10
-8.19602e-10
6.1838e-10
-5.77484e-10
-9.69781e-10
-3.4167e-10
-7.5196e-10
-2.24454e-12
-5.17608e-12
-2.51565e-10
-5.90691e-10
6.46015e-10
1.39394e-10
7.72136e-10
4.66609e-10
-3.50831e-10
-5.98751e-10
5.41777e-10
-8.43523e-11
6.52028e-10
1.00227e-09
-5.83906e-11
9.08284e-10
-1.22122e-09
1.30207e-09
-6.88882e-10
2.64284e-10
-6.11832e-10
1.80529e-10
-4.77042e-10
7.33232e-10
-3.90688e-10
1.207e-09
-1.56665e-09
-9.31103e-10
6.35765e-10
-2.75236e-10
3.91127e-10
1.98529e-10
-1.38517e-09
7.51232e-10
6.1227e-10
-1.19517e-09
2.55197e-09
-1.30163e-09
2.90337e-10
2.34762e-11
9.9015e-10
8.60816e-10
-1.58291e-09
1.01611e-09
-5.41341e-10
5.99187e-10
2.21391e-09
-4.66174e-10
1.59621e-10
-1.3896e-10
2.85742e-10
5.91125e-10
-6.79324e-10
9.36932e-10
9.34e-10
-1.7893e-10
3.42101e-10
-8.92433e-10
1.50924e-09
-1.54927e-09
8.20032e-10
-5.43771e-10
5.53298e-10
5.27959e-10
9.34352e-10
1.02697e-09
-3.63233e-10
7.72605e-10
-3.35184e-10
-4.57546e-10
1.40215e-09
2.96185e-10
-6.84281e-10
-6.40457e-10
7.87345e-11
8.21258e-10
-2.86094e-10
-7.36528e-10
1.71335e-09
-2.11917e-09
1.62923e-09
-4.10425e-10
5.3379e-10
9.28866e-10
-1.08028e-09
-1.00115e-09
8.43415e-10
-6.71794e-10
3.71064e-10
-4.74663e-10
6.192e-10
-9.95327e-10
-7.34455e-10
3.28975e-10
-1.72781e-09
3.04997e-10
-3.63232e-10
6.34733e-10
1.14146e-09
-9.93347e-10
4.81568e-10
6.7372e-10
-6.08207e-10
2.26723e-10
-6.11813e-10
-3.13246e-10
-6.297e-10
-1.3445e-09
6.71357e-10
-6.35846e-10
1.86132e-09
5.43819e-10
6.65392e-11
-1.25618e-09
1.59992e-09
-1.08179e-10
-7.94798e-12
1.0488e-09
5.8556e-10
1.03216e-09
-5.0815e-10
-1.07121e-09
7.29056e-10
9.86893e-10
-1.10194e-09
4.96596e-10
-8.91632e-10
-4.23159e-10
1.51053e-09
2.25537e-10
-2.04715e-10
-9.08234e-10
-7.52782e-10
-9.91473e-10
-5.95187e-10
3.30511e-11
-9.31061e-10
7.2828e-10
-5.54743e-10
-1.49042e-09
7.6391e-10
1.16385e-09
-1.72999e-10
-7.50523e-10
5.91018e-10
-9.71259e-10
5.31248e-10
4.4845e-10
1.21688e-09
2.62623e-10
2.55933e-10
-1.91989e-10
9.31529e-10
-2.62708e-10
-5.17426e-10
3.36334e-10
3.20238e-10
9.06231e-10
1.43818e-09
1.00401e-09
-6.23473e-10
7.48026e-10
-2.30177e-10
-1.67471e-09
-4.88654e-11
5.33266e-10
1.3544e-09
-2.10175e-10
-4.39144e-10
-4.3215e-10
4.18243e-10
7.09993e-10
7.65525e-10
7.77681e-10
-1.13087e-10
-1.01629e-09
7.1699e-10
1.89163e-10
7.96891e-10
-6.61917e-10
-1.01537e-11
-5.84644e-10
7.41657e-10
5.29043e-10
-9.7658e-10
1.64058e-10
4.15395e-10
-4.949e-11
7.96011e-10
-6.1109e-10
-3.77481e-10
-1.84746e-10
-7.62883e-10
9.10834e-10
-1.41958e-09
1.26743e-12
8.70029e-10
6.63985e-10
-1.46152e-10
-1.02084e-09
5.17555e-10
-4.21887e-10
1.60295e-09
-1.84076e-09
4.73164e-10
3.20588e-10
7.66901e-10
3.4061e-10
-4.4138e-10
-9.3048e-10
5.90766e-10
-1.46745e-09
1.42393e-09
2.53463e-10
-7.91585e-10
-1.08361e-09
1.76018e-10
-6.94368e-10
-6.75638e-10
1.57537e-09
-1.71968e-09
1.41538e-09
8.06561e-10
-4.75183e-10
-1.01039e-09
-1.02644e-09
4.00978e-10
-1.16691e-09
1.23627e-09
-9.07234e-11
-5.04082e-10
-7.05982e-10
-2.21225e-10
-1.87225e-10
-5.56134e-10
-1.02234e-09
1.77523e-09
-6.44374e-10
-6.60916e-10
1.23616e-09
-7.54912e-10
-4.97806e-11
1.83617e-09
-9.83748e-10
7.93313e-10
9.29071e-10
9.30071e-10
7.37266e-10
1.52271e-09
-8.27054e-10
-8.07305e-10
-9.8778e-10
-1.76576e-09
4.98887e-10
4.47369e-10
-1.37471e-09
-3.77994e-10
-3.45737e-11
2.31032e-10
-5.44261e-10
7.27525e-10
-9.20163e-10
1.05089e-09
-4.60619e-10
8.14211e-10
1.23266e-09
-1.58257e-09
-3.60342e-10
-5.31849e-10
1.19073e-09
5.12408e-11
1.41105e-11
7.26475e-10
1.24404e-09
-8.99769e-10
-3.80178e-10
-8.44582e-10
-1.11529e-11
1.01806e-09
-3.80188e-10
9.62863e-10
3.12698e-10
1.65777e-09
9.45406e-10
5.12088e-11
-6.71952e-10
-5.3189e-10
1.50226e-09
2.80024e-10
3.01279e-10
-1.04849e-09
4.7064e-10
-8.11826e-10
-9.20237e-10
-2.03875e-10
3.86979e-10
-7.00378e-10
-3.46652e-11
-3.7809e-10
-1.37481e-09
-4.84058e-10
4.98777e-10
-8.34549e-10
-5.65765e-11
1.98654e-09
-8.27182e-10
1.52258e-09
-1.94194e-10
-1.39355e-12
9.28925e-10
-1.3816e-10
8.78742e-10
-2.66347e-11
-4.99447e-11
1.76242e-10
3.04665e-10
1.20155e-09
2.86767e-10
8.43725e-10
-9.12082e-11
3.74994e-10
-1.87425e-10
-1.15275e-09
2.25132e-10
-5.04295e-10
-9.09406e-11
3.04721e-10
6.95511e-10
1.33207e-09
-1.02667e-09
8.52016e-10
4.55895e-10
-1.98765e-09
-4.47516e-10
1.07403e-09
-1.21886e-09
2.55419e-10
-6.94638e-10
1.75744e-10
1.71008e-09
1.39455e-10
-6.78146e-10
-2.30165e-09
3.94901e-10
5.90467e-10
5.39568e-13
-4.41688e-10
3.40298e-10
-1.64738e-10
-1.54238e-09
2.33549e-09
2.15592e-11
6.71295e-10
5.09099e-10
-1.34543e-09
-8.98637e-11
7.84822e-10
-2.6769e-10
-9.92972e-10
1.86355e-09
-4.88619e-10
9.10466e-10
-7.63255e-10
-1.85122e-10
5.53462e-10
-6.11475e-10
-1.06702e-09
1.81276e-09
-5.16323e-10
1.09498e-09
-4.56608e-11
1.45996e-09
-1.90076e-10
2.20891e-09
9.2075e-10
-6.62339e-10
7.96464e-10
1.88733e-10
-1.14609e-09
-8.54021e-11
-1.13527e-10
7.77237e-10
7.65078e-10
7.09542e-10
-5.13535e-10
-4.32609e-10
4.91716e-10
-2.10642e-10
-2.37136e-09
1.46411e-09
8.8198e-10
1.87459e-10
-2.3066e-10
7.4754e-10
-6.23964e-10
-8.59127e-10
5.06356e-10
9.0573e-10
3.19734e-10
1.26715e-09
4.13386e-10
-2.63222e-10
1.86233e-09
-1.92509e-10
2.5541e-10
1.19342e-09
-6.46296e-10
1.37924e-09
-4.00611e-10
8.90847e-10
5.90476e-10
-1.68239e-09
1.6891e-09
2.31973e-10
7.63356e-10
-5.59652e-10
1.30734e-09
7.27716e-10
-3.05311e-13
3.24819e-11
-5.95759e-10
8.70597e-10
1.77963e-10
9.5383e-10
-2.05299e-10
-7.06372e-10
5.78615e-10
-4.23751e-10
-1.82355e-09
-4.35324e-10
-2.03386e-09
9.8629e-10
-2.02872e-10
-1.07182e-09
-5.0876e-10
1.03155e-09
5.84944e-10
1.16855e-10
-9.3989e-10
-1.08801e-10
-2.63345e-10
-1.25681e-09
6.59093e-11
5.43187e-10
-1.95999e-12
2.94839e-10
-2.12325e-09
-4.13819e-10
3.00979e-10
-3.13891e-10
3.18862e-10
-7.05249e-10
-1.54018e-09
1.60439e-09
-4.5041e-10
-9.94006e-10
-7.21845e-10
6.34071e-10
5.67426e-10
-6.26992e-10
-1.72848e-09
3.28306e-10
-7.35126e-10
8.66645e-10
-1.24412e-09
-4.7534e-10
3.70386e-10
2.58849e-10
-8.85898e-11
-1.00183e-09
-1.08096e-09
9.28179e-10
5.33102e-10
-4.11114e-10
6.9722e-10
6.74107e-10
-1.08132e-09
1.94099e-10
1.57585e-09
-1.10763e-10
1.00936e-09
2.90164e-10
2.46339e-10
-6.35841e-10
1.40144e-09
4.73072e-10
5.95432e-10
-1.59425e-10
-3.63942e-10
-8.3639e-10
9.3364e-10
-1.3354e-09
-3.78738e-10
3.86836e-10
8.19316e-10
-6.18667e-10
-3.54125e-10
3.81721e-11
3.41383e-10
7.51673e-10
1.8646e-09
9.36211e-10
2.51277e-10
5.90402e-10
2.85018e-10
-1.39685e-10
-7.72427e-10
4.64423e-10
-5.80782e-10
5.98461e-10
3.89254e-10
-8.47261e-10
-6.52319e-10
-7.1235e-11
9.89422e-10
2.2747e-11
1.22093e-09
-3.71041e-10
6.8859e-10
-1.1959e-09
2.47419e-09
7.50502e-10
-1.3859e-09
1.12912e-09
-5.40927e-10
-2.75968e-10
-2.96288e-10
-5.12146e-13
2.95264e-10
2.74943e-10
-3.18539e-09
7.32502e-10
-4.77772e-10
1.79799e-10
3.1876e-10
1.19488e-09
-6.89612e-10
2.23266e-09
-2.90629e-10
-2.37685e-11
8.72203e-10
-8.61108e-10
-2.80022e-10
-8.50793e-11
5.41051e-10
-5.99477e-10
5.79766e-10
4.65883e-10
7.71411e-10
-7.92652e-10
-2.14868e-09
1.27123e-09
6.79034e-10
-9.3722e-10
9.28357e-10
1.10997e-09
5.88934e-10
8.92145e-10
3.53121e-10
-1.24498e-09
1.04233e-09
-3.87837e-10
3.77738e-10
-5.28245e-10
9.28008e-10
1.76672e-09
-5.68373e-10
1.58434e-10
3.34901e-10
-4.7406e-10
4.60215e-10
1.56618e-09
-2.47323e-10
-2.91147e-10
-7.90154e-11
-8.21539e-10
1.21714e-09
-1.95073e-10
-7.82302e-10
2.11889e-09
-6.98189e-10
-5.21174e-10
3.97257e-10
2.18175e-12
1.48678e-10
1.00087e-09
-8.43689e-10
-1.19112e-09
-3.71335e-10
-4.56931e-10
2.1745e-09
6.3735e-11
7.34186e-10
1.5334e-09
-1.06642e-09
-3.05264e-10
3.62966e-10
-6.34999e-10
7.2092e-10
9.93084e-10
4.49492e-10
2.57342e-10
-3.23376e-10
-2.26984e-10
6.11553e-10
-6.18335e-10
6.29443e-10
-5.18403e-10
2.59709e-10
-2.95732e-10
1.07181e-12
3.87251e-10
-6.67909e-11
-1.53804e-09
2.62471e-10
-8.23392e-10
1.87035e-09
-1.04904e-09
-5.85806e-10
8.30237e-10
-4.23417e-10
-7.91675e-10
2.02025e-10
-9.87133e-10
1.1017e-09
-4.96834e-10
8.91395e-10
-5.08399e-10
3.51884e-10
-2.25771e-10
2.06713e-09
-2.33212e-11
-1.78772e-10
-1.80273e-09
-3.36365e-10
8.98044e-10
-9.3181e-10
1.13414e-09
-3.76804e-10
5.58872e-10
1.09851e-09
6.98577e-10
-7.58543e-10
7.50304e-10
3.40087e-10
3.97202e-11
-5.31463e-10
4.8266e-10
6.45554e-10
6.68489e-10
-1.18747e-09
-7.39542e-10
-4.54747e-13
