8.4281e-05
-0.000524163
-0.00011611
-0.000400305
0.000332713
-0.000358582
-3.23057e-05
0.000823379
-0.0021857
-0.000270367
-0.000266314
0.00270963
0.000844955
-0.000977039
0.00017345
0.00039041
-0.0013026
0.000954151
0.00130153
-0.0022136
0.00017488
-0.00129855
-0.000774384
0.00174761
-0.00349784
0.00106752
0.00177193
-0.00138426
-0.000588536
0.00220644
-0.00276494
0.000122428
0.00305653
0.00603724
-0.00265372
0.000421047
-0.00426924
-0.00109947
-0.00569451
-0.00242937
0.00479031
0.00424552
-0.00406313
-0.00060463
0.00290275
-0.00135362
0.00225174
0.00200009
-0.00210834
0.00164521
0.00154233
-0.00241685
0.00148642
-0.00627887
0.00553751
-0.00212681
0.00197828
0.00613415
-0.00528395
0.014599
-0.0123419
0.0154562
-0.00356925
0.00870705
0.00540996
0.00216484
-0.00884068
0.00364351
0.0005548
0.00533116
-0.0132775
0.00722897
0.00435066
-0.0140996
-0.00124705
0.0116587
0.00899255
-0.00143266
0.00382042
0.00131464
0.00667489
-0.00353611
-0.00588083
0.00745344
0.0052166
-0.00477862
-0.0147198
0.0066433
0.00462341
-0.0129673
0.000746608
0.00670266
-0.00291181
-0.00465906
0.00927353
-0.0158014
0.00605321
-0.00328696
0.0108653
0.00944781
-0.0153522
-0.0010345
-0.0100989
-0.0112958
-0.00462461
-0.0057106
0.00107145
9.63211e-05
-0.000823259
-0.00168729
-0.00249577
0.00456405
0.00386691
0.0110378
0.026077
0.00992203
0.00944757
0.00902915
-0.00695872
-0.00726581
0.00810802
0.0235376
0.00777316
-0.00793564
0.0232865
0.00768936
-0.0234768
-0.00771236
0.00810802
-0.00726581
-0.00695872
-0.00659597
0.00944769
-0.021328
0.026077
0.0110378
-0.0195706
0.0123765
-0.0337456
-0.00168729
-0.0164483
0.0157213
-0.0145535
-0.0291481
0.00318789
0.00432932
-0.0257239
0.022403
-0.00753975
0.00944781
0.0108654
-0.00328684
-0.00175917
-0.000176549
-0.014164
0.0187786
0.0205257
-0.00892234
0.00855923
-0.00515461
-0.00318909
-0.0167941
-0.0147197
0.0342839
0.0052166
0.00745344
0.0253692
-0.0191611
-0.0011375
0.0325646
-0.0118045
-0.00924516
-0.00663233
0.0116587
-0.00124705
0.0015254
0.0199758
-0.00839591
0.04141
0.0287687
-0.0306952
0.0192685
-0.00884056
0.00997746
-0.00240254
-0.0147305
0.00424337
0.0076437
-0.00452936
-0.00102592
-0.0287215
-0.00949085
0.0097909
0.0134983
0.00163126
0.00544
-0.0219511
-0.00241685
0.00154233
0.00555146
0.00961041
-0.0175312
0.00225186
0.006459
0.0263402
-0.00060451
-0.0275006
-0.00747311
-0.0186472
0.048352
-0.00960088
0.0106194
-0.000362873
-0.0112976
0.02469
-0.0330253
0.0343065
-0.0545651
0.0128601
0.0178314
0.0228491
-0.0345873
0.033022
0.00692689
0.0121273
-0.0138773
-0.00858688
-0.0345017
0.0646281
-0.054948
-0.0182297
0.0185324
-0.00716186
0.0296873
-0.0584202
0.00976527
-0.0157565
-0.0412357
0.0583274
-0.0295672
0.03883
-0.0489812
-0.0430009
-0.00572956
0.0315827
-0.0248142
-0.0186707
0.0500131
-0.0375134
5.96046e-08
-0.024947
-0.049855
0.0190262
-0.00580406
0.0319044
-0.0240992
-0.0175648
0.0202575
-0.00438303
0.00226384
-0.0223024
0.015668
0.0224248
-0.00203246
-0.0264536
-0.0195892
-0.0126895
0.0254951
0.0324647
-0.0230314
0.0465069
-0.00892109
0.0294347
-0.0259261
-0.0500039
0.0197013
-0.0355611
0.0342089
-0.0522393
0.0175941
-0.00629091
-0.030145
-0.0227181
0.0472391
-0.0077734
-0.0315059
-0.0239591
0.0148674
0.0537227
-0.0323931
0.0377692
0.01421
-0.00932157
-0.00157583
-0.0250524
0.0139975
-0.0406758
-0.00157285
0.00630617
0.0142106
-0.00910938
-0.0324045
0.00682497
-0.0164208
0.0228572
-0.0315907
0.00773442
0.0158331
-0.00729561
-0.0304019
0.00901425
0.0172019
-0.00583857
0.0648919
-0.0206065
0.0189154
-0.00404251
-0.0582302
0.0438513
-0.0102976
-0.001928
0.0377106
-0.0163826
-0.0079582
0.000484139
0.0401934
0.0174199
-0.00533706
0.00317222
0.0741972
-0.042262
0.0287937
-0.0563857
0.0146999
0.0232996
0.000663221
-0.02196
0.0804304
-0.0671666
0.00399876
-0.0185733
0.0526165
-0.00118226
0.0075298
0.0475031
0.0249864
-0.0600198
0.0112337
0.0512464
-0.00248146
0.00629896
0.0463382
0.0238851
0.00144005
0.0102524
-0.0746787
-0.00335282
-0.0257709
0.0768173
-0.00808895
-0.0304899
0.0408637
-0.0440281
-0.00391543
0.0362008
0.0138208
-0.0398059
-0.0309299
0.00919819
-0.0444215
0.0269608
0.00459421
-0.0177709
-0.0088855
0.0312504
-0.0848641
0.0490211
0.0579058
-0.0269604
-0.0180781
0.0220522
-0.0315694
0.00855631
0.0174292
-0.00495076
-0.0273342
-0.0184715
0.0216367
-0.000759363
0.0705894
-0.0143169
0.0257713
-0.0278968
0.0434291
0.0209981
-0.0639397
-0.0238851
0.0474122
-0.0375487
0.00248188
0.0112539
-0.0112334
0.0912701
-0.0562364
-0.0162527
-0.0075295
0.0324326
0.00988388
0.0498233
0.0585013
0.00466704
0.0133203
-0.0405397
-0.0319126
0.101701
-0.0146998
-0.0686143
0.0649566
0.0110127
-0.0429468
0.0280784
-0.0259126
-0.0799199
-0.00894305
0.0620162
-0.0545415
-0.0461171
-0.0377102
-0.029322
-0.020952
0.112399
-0.0667695
0.00404274
0.0123348
-0.041893
0.0288582
-0.0254111
0.107798
0.053486
-0.125848
0.00729585
0.0154172
-0.0389842
0.0315914
-0.022857
-0.0148289
-0.00682479
0.0636547
-0.0533903
0.0170398
0.0249444
0.0328231
0.0406759
0.111003
-0.00619745
0.0640758
-0.0531781
0.0170404
-0.0377691
0.0323933
-0.0849725
-0.0148671
-0.0072906
-0.0622438
-0.0547262
0.140261
0.0227183
-0.0948548
-0.0249588
0.0449062
0.11474
-0.00295848
0.0043112
-0.050951
0.0187541
0.0259263
0.0330656
-0.0223288
-0.0152565
-0.0707185
-0.00121439
0.0682552
0.0126897
0.0820895
-0.0360463
-0.0292174
-0.0224246
0.0468322
-0.00894731
0.0602363
-0.0581168
0.0109927
-0.0449351
0.0865995
0.0305961
0.0370543
0.043474
0.0498551
0.0561971
-0.0624999
0.00626361
0.0749873
0.0186709
0.0873144
-0.0315828
-0.15052
0.0430013
-0.0760186
-0.00757992
-0.0641824
-0.0583273
0.0724858
-0.0467433
0.146485
-0.0353293
0.032813
0.038412
0.106468
-0.07552
-0.00755191
-0.00212777
0.0657518
-0.0539131
-0.0486224
0.019123
0.0243233
-0.0330219
0.0345874
0.0396513
-0.0178313
0.11214
0.0545651
-0.00305629
0.0017755
-0.0559398
0.0112977
0.0159879
0.020631
0.0877261
-0.0952268
-0.0282277
0.0387235
0.0431259
0.0474797
-0.073215
-0.00645888
-0.00225151
0.00190628
0.0060147
-0.0524265
0.0140827
-0.0444579
-0.0405487
0.0258101
0.154619
-0.0291231
0.0370843
-0.021759
-0.0806534
-0.014599
-0.0735954
0.0548564
-0.0667433
-0.000894427
0.00240254
-0.0568522
-0.0536592
0.0119816
-0.10993
0.0181065
0.0835903
-0.0384789
0.0268993
-0.0327754
-0.0300028
0.0977163
0.162882
-0.0220048
-0.0194453
-0.0794395
-0.0144873
-0.0120889
-0.00974417
-0.00745332
-0.00521648
0.0594664
-0.000905275
0.00116909
0.00318921
0.00515485
-0.0554341
0.0714223
-0.0517756
0.0124717
-0.173336
0.0783015
-0.107616
0.0189121
-0.0421153
0.0218023
0.0231647
0.024472
0.0882241
-0.0355792
-0.0344379
-0.0333519
0.0301785
0.0936537
0.0320733
-0.0295627
-0.0912544
-0.0280015
-0.0273043
-0.0891628
0.098923
-0.025547
0.0374274
0.037846
-0.0242913
-0.0239842
0.101267
-0.0235376
0.101602
-0.0858144
-0.0232865
-0.0233144
-0.0858982
-0.0235376
0.101267
0.0385158
0.0382087
0.100346
-0.0250726
0.099453
-0.026077
0.0358372
0.0351956
0.0344985
-0.0287545
0.0329372
0.0320731
-0.0313463
0.0301785
0.0916481
-0.0344379
-0.0355793
-0.0367761
0.024472
-0.0393353
-0.0406978
0.145385
0.018912
0.0173841
0.0158015
-0.048336
0.0124714
-0.0517757
-0.0535778
0.0695658
-0.119845
0.0656891
0.00116897
-0.000905275
-0.0655339
0.0572834
-0.0699533
0.0527556
0.0504111
-0.0144875
-0.0169398
-0.0194454
-0.0220051
-0.0246177
-0.0272838
0.0324969
-0.0952755
-0.0356009
0.0240209
0.0835899
-0.106894
0.01507
0.0119815
0.0713406
0.00564742
-0.0600977
-0.000894785
-0.00424325
-0.0701437
0.0514042
-0.0145991
-0.0181538
0.103241
-0.0254159
-0.0291233
0.0296185
0.0258098
0.0219511
0.0180418
0.0140824
0.0725732
0.00601459
0.00190604
-0.00225186
-0.00645912
-0.0107155
0.0474796
0.0431256
-0.148777
0.034272
-0.0952272
-0.0372742
-0.0418694
0.0159878
0.0112975
0.0690597
0.0642751
-0.00305653
-0.00793505
0.0496397
-0.0803318
0.0396509
-0.0279131
-0.0955222
0.0243229
-0.0433772
-0.0486227
-0.0539132
0.00325155
-0.0646284
0.054948
-0.0755203
-0.0185324
0.100912
-0.0296875
0.0271703
0.0839844
0.0157564
0.00998545
0.00417221
-0.00168276
-0.0075804
-0.0135189
-0.0819992
0.0369797
-0.0940831
-0.0376858
0.0811707
-0.0500132
0.0687635
0.0624995
-0.00630301
-0.0751452
-0.0190264
-0.0254458
0.0305953
0.0240992
-0.107435
0.0734923
-0.0581174
0.122736
-0.0714477
0.0468318
0.0400755
-0.0292181
-0.0985464
-0.0429109
-0.0498106
0.00575507
-0.126215
0.0542814
-0.0777569
0.0401708
-0.0294351
0.0259256
0.0187538
0.0115486
-0.0581892
0.122041
-0.0102611
-0.0175942
-0.0249591
0.0301448
-0.0397822
0.0777605
0.0077734
0.000255883
-0.00729126
-0.0148677
-0.0849727
-0.0301069
-0.0377695
-0.10796
0.0718212
0.00157571
0.0563024
-0.0139978
-0.0218245
-0.0921775
-0.037556
0.142039
0.00910938
0.126154
-0.0693255
-0.014829
-0.085358
0.0940906
0.0860151
0.0154171
0.0697957
-0.125848
0.178486
-0.0172024
0.0370888
-0.0336419
0.0206065
0.0123343
-0.058458
0.0582304
-0.0126021
-0.0209525
-0.0293225
0.0247889
0.0788828
0.0079574
-0.0629843
-0.0089438
-0.14242
0.0365866
0.090578
0.0195527
-0.113988
0.0649565
-0.131115
0.0478001
0.0392003
0.0305867
0.0219601
0.0133191
-0.0578334
0.121001
0.0498229
-0.146367
-0.0300682
0.02372
0.0149968
0.00626379
0.0600193
-0.136234
0.0425035
0.0337313
-0.0375488
0.0161614
0.0698648
0.0610599
-0.0102525
-0.0190717
0.0971024
0.0257708
-0.0455674
-0.0544112
0.0617398
-0.00961417
0.106528
-0.0898347
0.0262988
0.0174287
-0.0539445
0.0621801
-0.134198
-0.018079
-0.0894613
0.0266557
-0.0447292
-0.0536146
0.0624995
-0.00888634
-0.0177712
0.0358441
-0.0980397
-0.106922
0.00919741
-0.0621804
-0.00855643
0.10757
-0.0262997
0.0273337
-0.0440283
0.0096125
0.000759244
-0.00808978
0.108067
-0.0882711
-0.0346033
0.0815707
0.0102515
0.00143993
0.055135
-0.0786623
0.162549
0.0287677
0.0824963
0.0112326
0.00247967
-0.00626409
0.0475023
-0.0237203
-0.0324335
0.021366
0.0126762
0.00399899
-0.0671675
-0.01332
0.0405396
-0.0305876
-0.0392006
0.014699
0.00611418
-0.00245675
-0.0110128
0.0429471
0.0344211
0.0259125
-0.107581
-0.0535571
0.0629834
-0.070459
-0.0788831
-0.0247898
0.0293222
0.0209516
0.0126006
0.00426933
-0.129043
-0.0748346
0.0418926
-0.0288583
0.025411
0.0172015
-0.0534865
0.000847459
-0.00729591
0.0470827
-0.023516
-0.0940914
0.0228565
0.0148288
0.0693246
-0.00115514
-0.13411
-0.0170401
0.0375558
-0.0328233
0.0218237
-0.048503
0.00619733
-0.00157595
-0.071822
0.107959
0.0377687
-0.157393
0.0224724
-0.0476331
-0.0552095
-0.000256658
-0.0702736
-0.0152612
-0.0227186
-0.0926455
-0.0375416
-0.0449061
-0.0522403
0.00295842
0.120688
-0.0115488
-0.143754
0.0990736
-0.0330657
-0.0401716
-0.0472433
0.0707184
0.00121433
-0.0682552
-0.0751901
0.0429107
-0.0889543
0.0292174
-0.0400757
-0.0468326
-0.0535526
0.0647631
-0.129383
0.051507
0.0449352
-0.0240993
-0.0305965
0.0879456
-0.0434743
0.0126451
0
