1.24345e-14
-6.43929e-15
-2.73115e-14
-3.37508e-14
5.32907e-14
2.29372e-13
3.30846e-14
-1.55431e-13
3.90799e-13
-2.08722e-13
-1.66533e-13
-6.88338e-15
2.25153e-13
-3.8014e-13
4.15223e-14
-3.19744e-14
-1.14575e-13
-1.44773e-13
6.01741e-14
-2.21156e-13
4.95382e-13
7.36966e-13
-3.71481e-13
3.65041e-13
5.58109e-13
6.9722e-14
5.21694e-13
2.66898e-13
2.31593e-13
-7.62945e-13
4.40759e-13
4.96214e-13
-1.46883e-13
-1.71607e-12
-5.44342e-13
-7.99361e-14
-1.37579e-12
9.04832e-13
1.42619e-12
6.88338e-14
3.25295e-13
-1.25083e-12
-8.34888e-14
4.16445e-13
1.15408e-12
1.0556e-12
-3.58602e-13
2.79998e-13
-1.95399e-13
1.11622e-12
-7.4829e-14
-2.69118e-13
1.32871e-12
1.09246e-12
1.33005e-12
5.691e-13
7.4829e-13
-2.03704e-12
8.09575e-13
4.81837e-13
4.21441e-13
-2.11386e-13
-2.34479e-13
-5.56888e-13
3.67484e-13
6.50147e-13
4.8761e-13
2.31948e-12
1.18749e-12
-1.73106e-12
-1.09868e-12
9.1771e-13
1.10223e-12
3.51497e-13
1.50835e-12
-2.56339e-12
-2.98206e-13
8.55094e-13
4.2566e-13
-1.31695e-12
-2.54685e-13
-1.68099e-12
7.75435e-13
1.43063e-12
-1.56275e-12
6.98108e-13
1.73972e-13
2.44138e-12
1.02252e-13
5.51004e-13
1.20759e-12
-1.75909e-12
7.17149e-13
1.13354e-12
4.04232e-13
-1.30729e-12
1.16684e-13
1.30784e-12
-1.81899e-12
