5.07117
5.08117
5.09128
5.10149
5.11182
5.12227
5.13283
5.14352
5.15433
5.16526
5.17632
5.1875
5.1988
5.21022
5.22177
5.23342
5.24519
5.25706
5.26903
5.28109
5.29324
5.30548
5.31778
5.33015
5.34258
5.35505
5.36755
5.38008
5.39263
5.40517
5.41771
5.43022
5.4427
5.45514
5.46751
5.4798
5.49201
5.50412
5.51612
5.52798
5.5397
5.55126
5.56265
5.57386
5.58487
5.59566
5.60623
5.61656
5.62664
5.63646
5.646
5.65525
5.6642
5.67284
5.68116
5.68915
5.6968
5.70409
5.71103
5.7176
5.7238
5.72961
5.73504
5.74007
5.74471
5.74894
5.75276
5.75616
5.75916
5.76173
5.76388
5.76561
5.76692
5.76781
5.76827
5.7683
5.76792
5.76711
5.76588
5.76423
5.76216
5.75968
5.75679
5.75348
5.74977
5.74566
5.74114
5.73623
5.73092
5.72523
5.71914
5.71267
5.70582
5.69859
5.69098
5.683
5.67465
5.66593
5.65684
5.64739
5.63757
