4.29153e-06
-1.63317e-05
3.96967e-05
-4.88758e-05
-6.3777e-05
1.15633e-05
-3.99351e-05
-2.81334e-05
9.42945e-05
-7.36713e-05
-0.000222445
5.84126e-05
5.84126e-05
-0.000100374
4.82798e-05
-2.77758e-05
9.39369e-05
-0.000284076
-4.94719e-05
0.000180364
0.000256181
0.00025332
-0.000260472
-2.6226e-05
-0.000244081
-0.000177681
0.000161707
-0.000228167
7.73668e-05
5.02467e-05
-0.000372648
0.000444233
0.000466406
-0.000395775
-4.04119e-05
0.000211537
-0.000476182
0.000476241
-0.000211775
4.01139e-05
0.000395834
2.16365e-05
4.372e-05
0.000128448
-5.04255e-05
0.000166416
-0.000504255
-0.000405967
-0.000310838
1.19209e-07
-0.000218034
-0.000716209
0.000234962
-1.22786e-05
0.000796199
4.94719e-05
-0.000448346
-0.000338197
0.000271797
-0.000170469
0.000222445
0.000429869
0.000429749
-0.000265837
-0.000170469
-0.000704527
0.000638604
0.000528336
0.00102615
0.000307918
0.000476241
-0.00025332
0.000260472
-0.000706196
-0.000976562
0.000665843
-0.000406086
0.000961065
0.00114369
-0.00053823
0.000128269
-0.00142121
2.21431e-05
-9.23276e-05
0.000528932
-0.00167614
-0.000500143
-0.000476062
-0.000276625
0.000448048
0.00106931
-0.000997603
0.000444412
-0.000128508
-0.000438035
0.00178635
-0.000960171
-0.000570178
0
