1 1 0.975 0.95 0.925 0.9 0.875 0.85 0.825 0.8 0.775 0.75 0.725 0.7 0.675 0.65 0.625 0.6 0.575 0.55 0.525 0.5 0.475 0.45 0.425 0.4 0.375 0.35 0.325 0.3 0.275 0.25 0.225 0.2 0.175 0.15 0.125 0.1 0.075 0.05 0.025 0 0 
1 1 1.00216 0.976469 0.950781 0.925094 0.899406 0.873719 0.848031 0.822344 0.796656 0.770969 0.745281 0.719594 0.693906 0.668219 0.642531 0.616844 0.591156 0.565469 0.539781 0.514094 0.488406 0.462719 0.437031 0.411344 0.385656 0.359969 0.334281 0.308594 0.282906 0.257219 0.231531 0.205844 0.180156 0.154469 0.128781 0.103094 0.0774063 0.0517188 0.0260313 0.00034375 0 
1 1 0.999787 1.00436 0.977951 0.951539 0.925128 0.898716 0.872304 0.845892 0.81948 0.793069 0.766657 0.740245 0.713833 0.687422 0.66101 0.634598 0.608186 0.581775 0.555363 0.528951 0.502539 0.476127 0.449716 0.423304 0.396892 0.37048 0.344069 0.317657 0.291245 0.264833 0.238422 0.21201 0.185598 0.159186 0.132774 0.106363 0.0799509 0.0535391 0.0271273 0.000715578 -0.00034375 
1 1 1.00002 0.999341 1.00662 0.979446 0.95227 0.925095 0.897919 0.870743 0.843567 0.816392 0.789216 0.76204 0.734864 0.707688 0.680513 0.653337 0.626161 0.598985 0.57181 0.544634 0.517458 0.490282 0.463106 0.435931 0.408755 0.381579 0.354403 0.327228 0.300052 0.272876 0.2457 0.218524 0.191349 0.164173 0.136997 0.109821 0.0826456 0.0554698 0.0282941 0.00111828 -0.000715578 
1 1 0.999998 1.00008 0.998642 1.00894 0.980953 0.95297 0.924988 0.897005 0.869022 0.841039 0.813056 0.785074 0.757091 0.729108 0.701125 0.673142 0.64516 0.617177 0.589194 0.561211 0.533228 0.505246 0.477263 0.44928 0.421297 0.393314 0.365332 0.337349 0.309366 0.281383 0.2534 0.225417 0.197435 0.169452 0.141469 0.113486 0.0855034 0.0575206 0.0295378 0.001555 -0.00111828 
1 1 1 0.99999 1.00021 0.99767 1.01131 0.982471 0.953634 0.924798 0.895961 0.867125 0.838288 0.809452 0.780615 0.751779 0.722942 0.694106 0.665269 0.636433 0.607596 0.57876 0.549923 0.521087 0.49225 0.463414 0.434577 0.405741 0.376904 0.348068 0.319231 0.290395 0.261558 0.232721 0.203885 0.175048 0.146212 0.117375 0.0885389 0.0597023 0.0308658 0.0020293 -0.001555 
1 1 1 1 0.999971 1.00043 0.996407 1.01374 0.983998 0.954257 0.924516 0.894775 0.865034 0.835293 0.805552 0.775811 0.74607 0.716329 0.686588 0.656847 0.627106 0.597365 0.567624 0.537883 0.508142 0.478401 0.44866 0.418919 0.389178 0.359437 0.329696 0.299955 0.270214 0.240473 0.210732 0.180991 0.15125 0.121509 0.0917682 0.0620272 0.0322862 0.00254519 -0.0020293 
1 1 1 1 1 0.999932 1.00077 0.994837 1.01623 0.985532 0.954832 0.924131 0.89343 0.862729 0.832028 0.801328 0.770627 0.739926 0.709225 0.678525 0.647824 0.617123 0.586422 0.555721 0.525021 0.49432 0.463619 0.432918 0.402217 0.371517 0.340816 0.310115 0.279414 0.248714 0.218013 0.187312 0.156611 0.12591 0.0952096 0.0645088 0.033808 0.00310722 -0.00254519 
1 1 1 1 1 1.00001 0.999862 1.00124 0.992945 1.01879 0.987072 0.955351 0.92363 0.891909 0.860188 0.828467 0.796746 0.765025 0.733304 0.701583 0.669862 0.638141 0.60642 0.574699 0.542978 0.511257 0.479536 0.447815 0.416094 0.384373 0.352652 0.320931 0.28921 0.257489 0.225768 0.194047 0.162326 0.130605 0.0988836 0.0671626 0.0354416 0.00372059 -0.00310722 
1 1 1 1 1 0.999999 1.00002 0.999752 1.00188 0.990721 1.02142 0.988615 0.955807 0.923 0.890192 0.857385 0.824577 0.79177 0.758962 0.726155 0.693348 0.66054 0.627733 0.594925 0.562118 0.52931 0.496503 0.463695 0.430888 0.398081 0.365273 0.332466 0.299658 0.266851 0.234043 0.201236 0.168428 0.135621 0.102814 0.0700061 0.0371987 0.00439124 -0.00372059 
1 1 1 1 1 1 0.999997 1.00004 0.999586 1.00269 0.988159 1.02412 0.990157 0.95619 0.922223 0.888257 0.85429 0.820324 0.786357 0.752391 0.718424 0.684457 0.650491 0.616524 0.582558 0.548591 0.514625 0.480658 0.446691 0.412725 0.378758 0.344792 0.310825 0.276859 0.242892 0.208925 0.174959 0.140992 0.107026 0.0730591 0.0390925 0.00512595 -0.00439124 
1 1 1 1 1 1 1 0.999994 1.00008 0.999352 1.0037 0.985257 1.0269 0.991694 0.956489 0.921283 0.886077 0.850871 0.815666 0.78046 0.745254 0.710048 0.674842 0.639637 0.604431 0.569225 0.534019 0.498814 0.463608 0.428402 0.393196 0.35799 0.322785 0.287579 0.252373 0.217167 0.181961 0.146756 0.11155 0.0763441 0.0411383 0.00593256 -0.00512595 
1 1 1 1 1 1 1 1 0.999988 1.00013 0.999036 1.0049 0.982021 1.02976 0.993224 0.95669 0.920157 0.883623 0.84709 0.810556 0.774023 0.737489 0.700956 0.664422 0.627889 0.591355 0.554822 0.518289 0.481755 0.445222 0.408688 0.372155 0.335621 0.299088 0.262554 0.226021 0.189487 0.152954 0.116421 0.079887 0.0433536 0.00682013 -0.00593256 
1 1 1 1 1 1 1 1 1 0.999978 1.0002 0.998623 1.0063 0.978465 1.0327 0.994738 0.956779 0.91882 0.880861 0.842901 0.804942 0.766983 0.729024 0.691065 0.653105 0.615146 0.577187 0.539228 0.501269 0.46331 0.42535 0.387391 0.349432 0.311473 0.273514 0.235554 0.197595 0.159636 0.121677 0.0837176 0.0457584 0.00779916 -0.00682013 
1 1 1 1 1 1 1 1 1 1 0.999964 1.0003 0.998103 1.00789 0.974608 1.03573 0.996232 0.956738 0.917244 0.87775 0.838256 0.798762 0.759268 0.719774 0.68028 0.640786 0.601292 0.561798 0.522304 0.48281 0.443316 0.403822 0.364328 0.324834 0.28534 0.245846 0.206352 0.166858 0.127364 0.0878699 0.0483759 0.00888191 -0.00779916 
1 1 1 1 1 1 1 1 1 1 1.00001 0.999943 1.00044 0.997465 1.00965 0.97048 1.03885 0.997697 0.956546 0.915395 0.874245 0.833094 0.791944 0.750793 0.709642 0.668492 0.627341 0.586191 0.54504 0.50389 0.462739 0.421588 0.380438 0.339287 0.298137 0.256986 0.215836 0.174685 0.133534 0.0923839 0.0512333 0.0100827 -0.00888191 
1 1 1 1 1 1 1 1 1 1 0.999999 1.00001 0.999914 1.00061 0.996702 1.01154 0.966118 1.04207 0.999122 0.956178 0.913235 0.870291 0.827347 0.784404 0.74146 0.698517 0.655573 0.612629 0.569686 0.526742 0.483798 0.440855 0.397911 0.354968 0.312024 0.26908 0.226137 0.183193 0.140249 0.0973059 0.0543622 0.0114186 -0.0100827 
1 1 1 1 1 1 1 1 1 1 1 0.999999 1.00001 0.999875 1.00082 0.995812 1.01353 0.961567 1.04539 1.0005 0.955606 0.910716 0.865825 0.820935 0.776045 0.731154 0.686264 0.641374 0.596484 0.551593 0.506703 0.461813 0.416922 0.372032 0.327142 0.282251 0.237361 0.192471 0.14758 0.10269 0.0577999 0.0129096 -0.0114186 
1 1 1 1 1 1 1 1 1 1 1 1 0.999998 1.00002 0.999825 1.00107 0.9948 1.01556 0.956882 1.04882 1.0018 0.954794 0.907783 0.860773 0.813762 0.766751 0.71974 0.67273 0.625719 0.578708 0.531698 0.484687 0.437676 0.390665 0.343655 0.296644 0.249633 0.202622 0.155612 0.108601 0.0615903 0.0145796 -0.0129096 
1 1 1 1 1 1 1 1 1 1 1 1 1 0.999997 1.00003 0.999764 1.00137 0.993673 1.01758 0.95212 1.05236 1.00303 0.9537 0.904372 0.855043 0.805715 0.756386 0.707058 0.657729 0.6084 0.559072 0.509743 0.460415 0.411086 0.361757 0.312429 0.2631 0.213772 0.164443 0.115115 0.0657859 0.0164573 -0.0145796 
1 1 1 1 1 1 1 1 1 1 1 1 1 1 0.999995 1.00004 0.99969 1.00169 0.992451 1.01951 0.947348 1.05602 1.00415 0.952275 0.900403 0.848531 0.796658 0.744786 0.692914 0.641042 0.58917 0.537298 0.485426 0.433554 0.381682 0.32981 0.277938 0.226066 0.174194 0.122322 0.0704497 0.0185776 -0.0164573 
1 1 1 1 1 1 1 1 1 1 1 1 1 1 1 0.999993 1.00006 0.999605 1.00205 0.991155 1.02126 0.942631 1.0598 1.00513 0.950455 0.89578 0.841105 0.78643 0.731756 0.677081 0.622406 0.567731 0.513056 0.458381 0.403707 0.349032 0.294357 0.239682 0.185007 0.130332 0.0756576 0.0209828 -0.0185776 
1 1 1 1 1 1 1 1 1 1 1 1 1 1 1 1 0.999991 1.00008 0.99951 1.00243 0.989819 1.02277 0.938039 1.06372 1.00594 0.948166 0.890388 0.832611 0.774833 0.717055 0.659278 0.6015 0.543723 0.485945 0.428168 0.37039 0.312613 0.254835 0.197058 0.13928 0.0815025 0.0237249 -0.0209828 
1 1 1 1 1 1 1 1 1 1 1 1 1 1 1 1 1 0.999988 1.00009 0.999408 1.00281 0.988481 1.02395 0.933638 1.06777 1.00654 0.945313 0.884083 0.822854 0.761624 0.700395 0.639165 0.577935 0.516706 0.455476 0.394246 0.333017 0.271787 0.210557 0.149328 0.0880981 0.0268685 -0.0237249 
1 1 1 1 1 1 1 1 1 1 1 1 1 1 1 1 1 1 0.999984 1.00012 0.999301 1.00317 0.987183 1.0247 0.929492 1.07196 1.00687 0.941781 0.876689 0.811597 0.746505 0.681413 0.616321 0.551229 0.486137 0.421046 0.355954 0.290862 0.22577 0.160678 0.0955863 0.0304944 -0.0268685 
1 1 1 1 1 1 1 1 1 1 1 1 1 1 1 1 1 1 1 0.999981 1.00014 0.999195 1.00351 0.985973 1.02495 0.92566 1.0763 1.00686 0.93742 0.867981 0.798541 0.729101 0.659662 0.590222 0.520783 0.451343 0.381903 0.312464 0.243024 0.173584 0.104145 0.0347051 -0.0304944 
1 1 1 1 1 1 1 1 1 1 1 1 1 1 1 1 1 1 1 1 0.999978 1.00016 0.999094 1.0038 0.984898 1.02463 0.922192 1.08078 1.00641 0.932044 0.857676 0.783309 0.708941 0.634573 0.560206 0.485838 0.41147 0.337103 0.262735 0.188367 0.114 0.0396321 -0.0347051 
1 1 1 1 1 1 1 1 1 1 1 1 1 1 1 1 1 1 1 1 1 0.999974 1.00018 0.999004 1.00403 0.983998 1.02368 0.919132 1.0854 1.00541 0.925409 0.845412 0.765416 0.685419 0.605422 0.525426 0.445429 0.365433 0.285436 0.20544 0.125443 0.0454464 -0.0396321 
1 1 1 1 1 1 1 1 1 1 1 1 1 1 1 1 1 1 1 1 1 1 0.999972 1.00019 0.998928 1.00418 0.98331 1.02206 0.916514 1.09016 1.00368 0.917195 0.830712 0.74423 0.657748 0.571266 0.484784 0.398302 0.31182 0.225338 0.138856 0.0523736 -0.0454464 
1 1 1 1 1 1 1 1 1 1 1 1 1 1 1 1 1 1 1 1 1 1 1 0.99997 1.0002 0.998873 1.00424 0.982855 1.01974 0.914361 1.09503 1.001 0.906976 0.812947 0.718919 0.62489 0.530861 0.436832 0.342803 0.248775 0.154746 0.0607172 -0.0523736 
1 1 1 1 1 1 1 1 1 1 1 1 1 1 1 1 1 1 1 1 1 1 1 1 0.999969 1.00021 0.99884 1.0042 0.98264 1.01673 0.912689 1.1 0.997085 0.894175 0.791265 0.688355 0.585444 0.482534 0.379624 0.276714 0.173803 0.070893 -0.0607172 
1 1 1 1 1 1 1 1 1 1 1 1 1 1 1 1 1 1 1 1 1 1 1 1 1 0.999969 1.00021 0.998832 1.00405 0.982651 1.01306 0.911501 1.10499 0.991491 0.87799 0.764489 0.650988 0.537487 0.423986 0.310486 0.196985 0.0834839 -0.070893 
1 1 1 1 1 1 1 1 1 1 1 1 1 1 1 1 1 1 1 1 1 1 1 1 1 1 0.99997 1.0002 0.998848 1.00381 0.982853 1.00879 0.910786 1.10993 0.983604 0.857279 0.730954 0.604629 0.478304 0.351979 0.225654 0.0993287 -0.0834839 
1 1 1 1 1 1 1 1 1 1 1 1 1 1 1 1 1 1 1 1 1 1 1 1 1 1 1 0.999972 1.00019 0.998886 1.00349 0.983192 1.004 0.910524 1.11465 0.972514 0.830374 0.688233 0.546093 0.403953 0.261812 0.119672 -0.0993287 
1 1 1 1 1 1 1 1 1 1 1 1 1 1 1 1 1 1 1 1 1 1 1 1 1 1 1 1 0.999974 1.00017 0.998941 1.00309 0.983597 0.998833 0.910671 1.1189 0.956821 0.794742 0.632663 0.470585 0.308506 0.146427 -0.119672 
1 1 1 1 1 1 1 1 1 1 1 1 1 1 1 1 1 1 1 1 1 1 1 1 1 1 1 1 1 0.999978 1.00015 0.999007 1.00263 0.983986 0.993422 0.911162 1.12219 0.93429 0.746385 0.558481 0.370577 0.182672 -0.146427 
1 1 1 1 1 1 1 1 1 1 1 1 1 1 1 1 1 1 1 1 1 1 1 1 1 1 1 1 1 1 0.999981 1.00012 0.999075 1.00214 0.984277 0.987948 0.911885 1.12368 0.901166 0.678651 0.456137 0.233623 -0.182672 
1 1 1 1 1 1 1 1 1 1 1 1 1 1 1 1 1 1 1 1 1 1 1 1 1 1 1 1 1 1 1 0.999984 1.0001 0.999138 1.00165 0.984405 0.982616 0.912662 1.1217 0.850713 0.57973 0.308747 -0.233623 
1 1 1 1 1 1 1 1 1 1 1 1 1 1 1 1 1 1 1 1 1 1 1 1 1 1 1 1 1 1 1 1 0.999986 1.00008 0.999186 1.00119 0.984341 0.977671 0.913184 1.11279 0.769794 0.426799 -0.308747 
1 1 1 1 1 1 1 1 1 1 1 1 1 1 1 1 1 1 1 1 1 1 1 1 1 1 1 1 1 1 1 1 1 0.999987 1.00007 0.999208 1.00088 0.984139 0.973451 0.912915 1.08894 0.629654 -0.426799 
1 1 1 1 1 1 1 1 1 1 1 1 1 1 1 1 1 1 1 1 1 1 1 1 1 1 1 1 1 1 1 1 1 1 0.999987 1.00008 0.999191 1.00092 0.984019 0.970592 0.910963 1.02833 -0.629654 
1 1 1 1 1 1 1 1 1 1 1 1 1 1 1 1 1 1 1 1 1 1 1 1 1 1 1 1 1 1 1 1 1 1 1 0.99998 1.00014 0.999071 1.00197 0.984629 0.97097 0.906593 -1.02833 
1 1 1 1 1 1 1 1 1 1 1 1 1 1 1 1 1 1 1 1 1 1 1 1 1 1 1 1 1 1 1 1 1 1 1 1 0.999964 1.00025 0.998786 1.00353 0.985632 0.972942 -0.906593 
1 1 1 1 1 1 1 1 1 1 1 1 1 1 1 1 1 1 1 1 1 1 1 1 1 1 1 1 1 1 1 1 1 1 1 0.999999 1.00001 0.999937 1.00039 0.998323 1.00515 0.986564 -0.972942 
1 1 1 1 1 1 1 1 1 1 1 1 1 1 1 1 1 1 1 1 1 1 1 1 1 1 1 1 1 1 1 1 1 1 1 1 0.999998 1.00002 0.999894 1.00058 0.997666 1.00682 -0.986564 
1 1 1 1 1 1 1 1 1 1 1 1 1 1 1 1 1 1 1 1 1 1 1 1 1 1 1 1 1 1 1 1 1 1 1 1 1 0.999997 1.00003 0.999831 1.00085 0.996797 -1.00682 
1 1 1 1 1 1 1 1 1 1 1 1 1 1 1 1 1 1 1 1 1 1 1 1 1 1 1 1 1 1 1 1 1 1 1 1 1 1 0.999994 1.00005 0.99973 1.00124 -0.996797 
1 1 1 1 1 1 1 1 1 1 1 1 1 1 1 1 1 1 1 1 1 1 1 1 1 1 1 1 1 1 1 1 1 1 1 1 1 1 1 0.999989 1.00008 0.99958 -1.00124 
1 1 1 1 1 1 1 1 1 1 1 1 1 1 1 1 1 1 1 1 1 1 1 1 1 1 1 1 1 1 1 1 1 1 1 1 1 1 1 1 0.99998 1.00013 -0.99958 
1 1 1 1 1 1 1 1 1 1 1 1 1 1 1 1 1 1 1 1 1 1 1 1 1 1 1 1 1 1 1 1 1 1 1 1 1 1 1 0.999999 1 0.999965 -1.00013 
1 1 1 1 1 1 1 1 1 1 1 1 1 1 1 1 1 1 1 1 1 1 1 1 1 1 1 1 1 1 1 1 1 1 1 1 1 1 1 1 0.999999 1.00001 -0.999965 
1 1 1 1 1 1 1 1 1 1 1 1 1 1 1 1 1 1 1 1 1 1 1 1 1 1 1 1 1 1 1 1 1 1 1 1 1 1 1 1 1 0.999998 -1.00001 
1 1 1 1 1 1 1 1 1 1 1 1 1 1 1 1 1 1 1 1 1 1 1 1 1 1 1 1 1 1 1 1 1 1 1 1 1 1 1 1 1 1 -0.999998 
1 1 1 1 1 1 1 1 1 1 1 1 1 1 1 1 1 1 1 1 1 1 1 1 1 1 1 1 1 1 1 1 1 1 1 1 1 1 1 1 1 1 -1 
1 1 1 1 1 1 1 1 1 1 1 1 1 1 1 1 1 1 1 1 1 1 1 1 1 1 1 1 1 1 1 1 1 1 1 1 1 1 1 1 1 1 -1 
1 1 1 1 1 1 1 1 1 1 1 1 1 1 1 1 1 1 1 1 1 1 1 1 1 1 1 1 1 1 1 1 1 1 1 1 1 1 1 1 1 1 -1 
