0 0 0 0 0 0 0 0 0 0 0 0 0 0 0 0 0 0 0 0 0 0.5 1 1 1 1 1 1 1 1 1 1 1 1 1 1 1 1 1 1 1 1 1 
0 -2.02152e-15 1.0841e-14 -6.01755e-14 3.33636e-13 -1.84988e-12 1.02568e-11 -5.68698e-11 3.1532e-10 -1.74832e-09 9.69371e-09 -5.37476e-08 2.98009e-07 -1.65233e-06 9.16152e-06 -5.07968e-05 0.000281648 -0.00156162 0.00865854 -0.0480081 0.0319146 0.5 0.968085 1.04801 0.991341 1.00156 0.999718 1.00005 0.999991 1 1 1 1 1 1 1 1 1 1 1 1 1 1 
2.02152e-15 1.27143e-13 -6.9063e-13 3.5856e-12 -1.85647e-11 9.56311e-11 -4.89746e-10 2.49094e-09 -1.25665e-08 6.27745e-08 -3.09792e-07 1.5055e-06 -7.17097e-06 3.32372e-05 -0.000148124 0.000620697 -0.00233109 0.00673658 -0.00330711 -0.058125 0.0297905 0.5 0.970209 1.05812 1.00331 0.993263 1.00233 0.999379 1.00015 0.999967 1.00001 0.999998 1 1 1 1 1 1 1 1 1 1 1 
-1.27143e-13 -3.37828e-12 1.86696e-11 -8.95671e-11 4.27314e-10 -2.01336e-09 9.34977e-09 -4.26717e-08 1.90673e-07 -8.29819e-07 3.4913e-06 -1.40426e-05 5.30327e-05 -0.00018215 0.000532075 -0.00109436 0.000159484 0.00757879 -0.00693067 -0.0682621 0.0239621 0.5 0.976038 1.06826 1.00693 0.992421 0.999841 1.00109 0.999468 1.00018 0.999947 1.00001 0.999997 1 1 1 1 1 1 1 1 1 1 
3.37828e-12 4.92423e-11 -2.7876e-10 1.21606e-09 -5.24952e-09 2.2134e-08 -9.07535e-08 3.59499e-07 -1.36331e-06 4.88312e-06 -1.6172e-05 4.77171e-05 -0.000116262 0.000187747 2.83368e-05 -0.00110001 0.000975194 0.0093006 -0.00972452 -0.0755423 0.0158886 0.5 0.984111 1.07554 1.00972 0.990699 0.999025 1.0011 0.999972 0.999812 1.00012 0.999952 1.00002 0.999995 1 1 1 1 1 1 1 1 1 
-4.92423e-11 -4.2706e-10 2.50427e-09 -9.71533e-09 3.6964e-08 -1.34961e-07 4.68392e-07 -1.52229e-06 4.52679e-06 -1.18332e-05 2.50512e-05 -3.37176e-05 -1.10271e-05 0.000165064 -9.05203e-05 -0.00138645 0.00198416 0.0104612 -0.0108191 -0.0816678 0.00771936 0.5 0.992281 1.08167 1.01082 0.989539 0.998016 1.00139 1.00009 0.999835 1.00001 1.00003 0.999975 1.00001 0.999995 1 1 1 1 1 1 1 1 
4.2706e-10 2.22555e-09 -1.37915e-08 4.60461e-08 -1.48143e-07 4.43114e-07 -1.20401e-06 2.85059e-06 -5.40344e-06 6.37733e-06 2.20003e-06 -2.39749e-05 -4.81891e-07 0.000227256 -0.000324228 -0.00147384 0.00262722 0.0117252 -0.011149 -0.0865482 1.23437e-05 0.5 0.999988 1.08655 1.01115 0.988275 0.997373 1.00147 1.00032 0.999773 1 1.00002 0.999998 0.999994 1.00001 0.999997 1 1 1 1 1 1 1 
-2.22555e-09 -6.61712e-09 4.516e-08 -1.2301e-07 3.10163e-07 -6.76787e-07 1.17784e-06 -1.28705e-06 -2.3916e-07 3.06943e-06 3.41292e-06 -3.98347e-05 4.98382e-05 0.000223263 -0.000475613 -0.0016135 0.00315013 0.0129143 -0.0108782 -0.0904384 -0.00685487 0.5 1.00685 1.09044 1.01088 0.987086 0.99685 1.00161 1.00048 0.999777 0.99995 1.00004 0.999997 0.999997 1 1 0.999999 1 1 1 1 1 1 
6.61712e-09 9.45989e-09 -7.94941e-08 1.59344e-07 -2.61401e-07 2.79388e-07 -3.3786e-08 -2.55166e-07 -1.3011e-06 7.30153e-06 -7.44568e-06 -3.61715e-05 7.89154e-05 0.000232168 -0.000620602 -0.00174939 0.00352101 0.0140599 -0.0102639 -0.0934485 -0.0127657 0.5 1.01277 1.09345 1.01026 0.98594 0.996479 1.00175 1.00062 0.999768 0.999921 1.00004 1.00001 0.999993 1 1 1 1 1 1 1 1 1 
-9.45989e-09 -2.84811e-09 5.63933e-08 -6.42143e-08 3.22769e-08 -2.73669e-08 3.81593e-07 -1.38243e-06 1.09554e-06 6.13246e-06 -1.25366e-05 -3.59967e-05 0.000110158 0.000235329 -0.000738534 -0.00190735 0.00378786 0.015116 -0.00944273 -0.0957197 -0.0176992 0.5 1.0177 1.09572 1.00944 0.984884 0.996212 1.00191 1.00074 0.999765 0.99989 1.00004 1.00001 0.999994 0.999999 1 1 1 1 1 1 1 1 
2.84811e-09 -1.55887e-09 -4.02004e-09 2.12806e-08 -1.01166e-07 2.69226e-07 -1.61919e-07 -1.06031e-06 1.91469e-06 6.04709e-06 -1.88296e-05 -3.29084e-05 0.000135784 0.000244382 -0.000841593 -0.00207462 0.00396329 0.0160684 -0.00852825 -0.097373 -0.0217067 0.5 1.02171 1.09737 1.00853 0.983932 0.996037 1.00207 1.00084 0.999756 0.999864 1.00003 1.00002 0.999994 0.999998 1 1 1 1 1 1 1 1 
1.55887e-09 -5.38249e-09 2.20892e-08 -5.04784e-08 2.45505e-08 1.82347e-07 -2.74598e-07 -1.08775e-06 3.18521e-06 4.93634e-06 -2.3666e-05 -3.08609e-05 0.000159822 0.000256714 -0.000928511 -0.00224819 0.00406684 0.0169028 -0.00759594 -0.0985239 -0.024874 0.5 1.02487 1.09852 1.0076 0.983097 0.995933 1.00225 1.00093 0.999743 0.99984 1.00003 1.00002 0.999995 0.999997 1 1 1 1 1 1 1 1 
5.38249e-09 -3.15433e-09 -6.4802e-09 -3.09611e-08 3.56085e-08 2.05728e-07 -5.38903e-07 -8.01818e-07 4.0467e-06 4.02178e-06 -2.83474e-05 -2.9081e-05 0.000181502 0.000273332 -0.00100176 -0.00242085 0.00411222 0.0176151 -0.00669946 -0.0992748 -0.0273056 0.5 1.02731 1.09927 1.0067 0.982385 0.995888 1.00242 1.001 0.999727 0.999818 1.00003 1.00003 0.999996 0.999996 1 1 1 1 1 1 1 1 
3.15433e-09 -5.46902e-10 -1.07781e-08 -4.13332e-08 9.17233e-08 1.4009e-07 -6.88606e-07 -5.6654e-07 4.89812e-06 3.02336e-06 -3.25879e-05 -2.81934e-05 0.000201501 0.000293123 -0.00106193 -0.00258757 0.00411257 0.0182069 -0.00587322 -0.0997161 -0.0291116 0.5 1.02911 1.09972 1.00587 0.981793 0.995887 1.00259 1.00106 0.999707 0.999798 1.00003 1.00003 0.999997 0.999995 1 1 1 1 1 1 1 1 
5.46902e-10 3.59533e-09 -2.16582e-08 -2.93642e-08 1.16833e-07 8.99241e-08 -8.41994e-07 -2.82578e-07 5.63278e-06 2.16207e-06 -3.66455e-05 -2.80647e-05 0.000219716 0.000315386 -0.00111012 -0.00274386 0.00407905 0.0186847 -0.00513774 -0.099925 -0.0303995 0.5 1.0304 1.09993 1.00514 0.981315 0.995921 1.00274 1.00111 0.999685 0.99978 1.00003 1.00004 0.999998 0.999994 1 1 1 1 1 1 1 1 
-3.59533e-09 7.39223e-09 -2.40151e-08 -2.02001e-08 1.43989e-07 2.27782e-08 -9.61198e-07 -1.8953e-08 6.33759e-06 1.4077e-06 -4.05009e-05 -2.87217e-05 0.000236193 0.000339151 -0.00114724 -0.00288658 0.00402148 0.0190582 -0.00450274 -0.099966 -0.0312694 0.5 1.03127 1.09997 1.0045 0.980942 0.995979 1.00289 1.00115 0.999661 0.999764 1.00003 1.00004 0.999999 0.999994 1 1 1 1 1 1 1 1 
-7.39223e-09 1.0624e-08 -2.48424e-08 -5.15397e-09 1.61933e-07 -4.09257e-08 -1.07259e-06 2.36295e-07 7.00943e-06 7.97279e-07 -4.4189e-05 -3.00601e-05 0.000250863 0.000363566 -0.00117441 -0.00301364 0.00394819 0.0193395 -0.00397011 -0.0998917 -0.031811 0.5 1.03181 1.09989 1.00397 0.980661 0.996052 1.00301 1.00117 0.999636 0.999749 1.00003 1.00004 0.999999 0.999993 1 1 1 1 1 1 1 1 
-1.0624e-08 1.28362e-08 -2.26581e-08 1.06206e-08 1.78223e-07 -1.05354e-07 -1.17447e-06 4.7017e-07 7.66796e-06 3.24825e-07 -4.76892e-05 -3.19866e-05 0.000263696 0.00038784 -0.00119278 -0.00312399 0.00386614 0.0195412 -0.00353613 -0.0997442 -0.0321025 0.5 1.0321 1.09974 1.00354 0.980459 0.996134 1.00312 1.00119 0.999612 0.999736 1.00003 1.00005 1 0.999992 1 1 1 1 1 1 1 1 
-1.28362e-08 1.40531e-08 -1.95685e-08 2.79483e-08 1.92309e-07 -1.66468e-07 -1.27378e-06 6.83415e-07 8.31396e-06 -8.96516e-09 -5.09821e-05 -3.43843e-05 0.00027468 0.00041131 -0.00120359 -0.00321744 0.00378094 0.0196763 -0.00319335 -0.0995558 -0.0322101 0.5 1.03221 1.09956 1.00319 0.980324 0.996219 1.00322 1.0012 0.999589 0.999725 1.00003 1.00005 1 0.999992 0.999999 1 1 1 1 1 1 1 
-1.40531e-08 1.43663e-08 -1.59584e-08 4.54881e-08 2.06213e-07 -2.24505e-07 -1.37173e-06 8.73435e-07 8.94819e-06 -2.12107e-07 -5.40392e-05 -3.71378e-05 0.000283845 0.000433439 -0.00120807 -0.00329448 0.00369701 0.0197575 -0.00293202 -0.0993509 -0.0321886 0.5 1.03219 1.09935 1.00293 0.980243 0.996303 1.00329 1.00121 0.999567 0.999716 1.00004 1.00005 1 0.999991 0.999999 1 1 1 1 1 1 1 
-1.43663e-08 1.39811e-08 -1.25312e-08 6.29938e-08 2.20272e-07 -2.78585e-07 -1.46992e-06 1.04003e-06 9.56656e-06 -2.93522e-07 -5.68354e-05 -4.01326e-05 0.000291261 0.000453821 -0.00120745 -0.00335613 0.00361759 0.0197962 -0.00274125 -0.0991471 -0.0320818 0.5 1.03208 1.09915 1.00274 0.980204 0.996382 1.00336 1.00121 0.999546 0.999709 1.00004 1.00006 1 0.99999 0.999999 1 1 1 1 1 1 1 
-1.39811e-08 1.31071e-08 -9.51879e-09 7.99941e-08 2.34958e-07 -3.2859e-07 -1.56844e-06 1.18276e-06 1.0164e-05 -2.64926e-07 -5.93499e-05 -4.32612e-05 0.000297038 0.000472177 -0.0012029 -0.00340377 0.00354499 0.0198029 -0.00260986 -0.0989563 -0.0319244 0.5 1.03192 1.09896 1.00261 0.980197 0.996455 1.0034 1.0012 0.999528 0.999703 1.00004 1.00006 1 0.99999 0.999999 1 1 1 1 1 1 1 
-1.31071e-08 1.19421e-08 -7.07021e-09 9.62837e-08 2.50316e-07 -3.74289e-07 -1.66702e-06 1.30178e-06 1.07345e-05 -1.39364e-07 -6.1569e-05 -4.64255e-05 0.000301314 0.000488345 -0.00119548 -0.00343902 0.00348062 0.0197866 -0.00252697 -0.0987859 -0.0317424 0.5 1.03174 1.09879 1.00253 0.980213 0.996519 1.00344 1.0012 0.999512 0.999699 1.00005 1.00006 1 0.999989 0.999999 1 1 1 1 1 1 1 
-1.19421e-08 1.06463e-08 -5.18448e-09 1.11697e-07 2.66322e-07 -4.15601e-07 -1.76496e-06 1.39749e-06 1.12722e-05 6.88745e-08 -6.34871e-05 -4.95394e-05 0.000304254 0.000502265 -0.00118615 -0.00346361 0.0034252 0.0197548 -0.00248245 -0.0986398 -0.031555 0.5 1.03155 1.09864 1.00248 0.980245 0.996575 1.00346 1.00119 0.999498 0.999696 1.00005 1.00006 1 0.999989 0.999999 1 1 1 1 1 1 1 
-1.06463e-08 9.33973e-09 -3.81061e-09 1.2616e-07 2.82845e-07 -4.52455e-07 -1.86135e-06 1.4707e-06 1.17719e-05 3.44864e-07 -6.51065e-05 -5.253e-05 0.000306036 0.000513963 -0.00117572 -0.00347928 0.00337889 0.0197138 -0.00246722 -0.0985194 -0.0313755 0.5 1.03138 1.09852 1.00247 0.980286 0.996621 1.00348 1.00118 0.999486 0.999694 1.00005 1.00007 1 0.999988 0.999999 1 1 1 1 1 1 1 
-9.33973e-09 8.10428e-09 -2.86433e-09 1.39638e-07 2.99729e-07 -4.84829e-07 -1.95521e-06 1.52254e-06 1.22293e-05 6.73453e-07 -6.64371e-05 -5.53385e-05 0.000306845 0.000523534 -0.0011649 -0.00348771 0.0033414 0.0196685 -0.00247335 -0.0984242 -0.0312126 0.5 1.03121 1.09842 1.00247 0.980332 0.996659 1.00349 1.00116 0.999476 0.999693 1.00006 1.00007 0.999999 0.999988 0.999998 1 1 1 1 1 1 1 
-8.10428e-09 6.98997e-09 -2.25863e-09 1.52128e-07 3.16802e-07 -5.12735e-07 -2.04557e-06 1.55447e-06 1.26413e-05 1.03975e-06 -6.74952e-05 -5.79201e-05 0.000306862 0.000531128 -0.00115422 -0.00349046 0.00331213 0.0196226 -0.00249412 -0.0983522 -0.031071 0.5 1.03107 1.09835 1.00249 0.980377 0.996688 1.00349 1.00115 0.999469 0.999693 1.00006 1.00007 0.999999 0.999987 0.999998 1 1 1 1 1 1 1 
-6.98997e-09 6.02247e-09 -1.91377e-09 1.63642e-07 3.33898e-07 -5.36226e-07 -2.1315e-06 1.5683e-06 1.30062e-05 1.42956e-06 -6.83021e-05 -6.02438e-05 0.000306263 0.000536932 -0.0011441 -0.00348897 0.00329025 0.0195788 -0.00252402 -0.0983008 -0.030953 0.5 1.03095 1.0983 1.00252 0.980421 0.99671 1.00349 1.00114 0.999463 0.999694 1.00006 1.00007 0.999999 0.999987 0.999998 1 1 1 1 1 1 1 
-6.02247e-09 5.21036e-09 -1.76404e-09 1.74201e-07 3.50859e-07 -5.55403e-07 -2.21219e-06 1.56604e-06 1.33232e-05 1.82972e-06 -6.88831e-05 -6.22913e-05 0.00030521 0.000541156 -0.00113484 -0.00348444 0.00327483 0.019539 -0.0025587 -0.0982671 -0.0308586 0.5 1.03086 1.09827 1.00256 0.980461 0.996725 1.00348 1.00113 0.999459 0.999695 1.00006 1.00007 0.999998 0.999987 0.999998 1 1 1 1 1 1 1 
-5.21036e-09 4.55106e-09 -1.75841e-09 1.83826e-07 3.67538e-07 -5.70419e-07 -2.28695e-06 1.54991e-06 1.35931e-05 2.22849e-06 -6.92661e-05 -6.40556e-05 0.000303847 0.000544021 -0.00112663 -0.00347795 0.00326485 0.0195041 -0.00259478 -0.0982479 -0.0307864 0.5 1.03079 1.09825 1.00259 0.980496 0.996735 1.00348 1.00113 0.999456 0.999696 1.00006 1.00007 0.999998 0.999986 0.999998 1 1 1 1 1 1 1 
-4.55106e-09 4.03546e-09 -1.85908e-09 1.92541e-07 3.83796e-07 -5.81479e-07 -2.35525e-06 1.52226e-06 1.38174e-05 2.61568e-06 -6.948e-05 -6.55396e-05 0.000302301 0.00054575 -0.00111958 -0.00347034 0.00325935 0.0194748 -0.00262984 -0.09824 -0.0307342 0.5 1.03073 1.09824 1.00263 0.980525 0.996741 1.00347 1.00112 0.999454 0.999698 1.00007 1.00007 0.999997 0.999986 0.999998 1 1 1 1 1 1 1 
-4.03546e-09 3.65107e-09 -2.03888e-09 2.00369e-07 3.99508e-07 -5.88843e-07 -2.41671e-06 1.48544e-06 1.39987e-05 2.98287e-06 -6.95536e-05 -6.67547e-05 0.000300677 0.000546557 -0.00111371 -0.00346231 0.00325736 0.019451 -0.00266217 -0.0982408 -0.0306993 0.5 1.0307 1.09824 1.00266 0.980549 0.996743 1.00346 1.00111 0.999453 0.999699 1.00007 1.00007 0.999997 0.999986 0.999999 1 1 1 1 1 1 1 
-3.65107e-09 3.38416e-09 -2.27835e-09 2.07335e-07 4.14558e-07 -5.92816e-07 -2.47112e-06 1.4418e-06 1.41403e-05 3.32344e-06 -6.95151e-05 -6.77184e-05 0.000299062 0.000546643 -0.001109 -0.00345437 0.00325804 0.0194326 -0.00269075 -0.0982477 -0.0306787 0.5 1.03068 1.09825 1.00269 0.980567 0.996742 1.00345 1.00111 0.999453 0.999701 1.00007 1.00007 0.999997 0.999986 0.999999 1 1 1 1 1 1 1 
-3.38416e-09 3.22094e-09 -2.56321e-09 2.13468e-07 4.28843e-07 -5.93746e-07 -2.51843e-06 1.39357e-06 1.42458e-05 3.63255e-06 -6.93906e-05 -6.84533e-05 0.00029752 0.000546188 -0.00110536 -0.00344692 0.00326062 0.0194191 -0.00271502 -0.0982585 -0.0306694 0.5 1.03067 1.09826 1.00272 0.980581 0.996739 1.00345 1.00111 0.999454 0.999702 1.00007 1.00007 0.999996 0.999986 0.999999 1 1 1 1 1 1 1 
-3.22094e-09 3.14816e-09 -2.88237e-09 2.18801e-07 4.42274e-07 -5.9201e-07 -2.55873e-06 1.3428e-06 1.43196e-05 3.90705e-06 -6.92042e-05 -6.89848e-05 0.0002961 0.000545353 -0.0011027 -0.0034402 0.00326446 0.0194098 -0.00273485 -0.0982716 -0.0306688 0.5 1.03067 1.09827 1.00273 0.98059 0.996736 1.00344 1.0011 0.999455 0.999704 1.00007 1.00007 0.999996 0.999986 0.999999 1 1 1 1 1 1 1 
-3.14816e-09 3.15334e-09 -3.22652e-09 2.23371e-07 4.54775e-07 -5.88006e-07 -2.59225e-06 1.29135e-06 1.43659e-05 4.14538e-06 -6.89769e-05 -6.93404e-05 0.000294834 0.000544274 -0.0011009 -0.00343436 0.00326901 0.0194041 -0.00275036 -0.0982855 -0.0306745 0.5 1.03067 1.09829 1.00275 0.980596 0.996731 1.00343 1.0011 0.999456 0.999705 1.00007 1.00007 0.999996 0.999986 0.999999 1 1 1 1 1 1 1 
-3.15334e-09 3.2248e-09 -3.58724e-09 2.27222e-07 4.6629e-07 -5.82141e-07 -2.61934e-06 1.24083e-06 1.43891e-05 4.34734e-06 -6.87269e-05 -6.95476e-05 0.000293741 0.000543064 -0.00109981 -0.00342947 0.00327384 0.0194014 -0.0027619 -0.0982993 -0.0306842 0.5 1.03068 1.0983 1.00276 0.980599 0.996726 1.00343 1.0011 0.999457 0.999706 1.00007 1.00007 0.999996 0.999986 0.999999 1 1 1 1 1 1 1 
-3.2248e-09 3.35159e-09 -3.95657e-09 2.30403e-07 4.76778e-07 -5.74817e-07 -2.64045e-06 1.19257e-06 1.43934e-05 4.51389e-06 -6.84693e-05 -6.96338e-05 0.000292827 0.000541814 -0.00109931 -0.00342553 0.00327862 0.0194009 -0.00276993 -0.0983121 -0.0306964 0.5 1.0307 1.09831 1.00277 0.980599 0.996721 1.00343 1.0011 0.999458 0.999707 1.00007 1.00007 0.999995 0.999986 0.999999 1 1 1 1 1 1 1 
-3.35159e-09 3.52342e-09 -4.32689e-09 2.32967e-07 4.86217e-07 -5.66425e-07 -2.65611e-06 1.14764e-06 1.43829e-05 4.64698e-06 -6.82163e-05 -6.96244e-05 0.000292089 0.000540594 -0.00109927 -0.00342248 0.00328312 0.0194021 -0.00277497 -0.0983235 -0.0307096 0.5 1.03071 1.09832 1.00277 0.980598 0.996717 1.00342 1.0011 0.999459 0.999708 1.00007 1.00007 0.999995 0.999986 0.999999 1 1 1 1 1 1 1 
-3.52342e-09 3.73058e-09 -4.69096e-09 2.34972e-07 4.94604e-07 -5.57329e-07 -2.66689e-06 1.10683e-06 1.43612e-05 4.74926e-06 -6.79771e-05 -6.95429e-05 0.000291518 0.000539454 -0.00109957 -0.00342026 0.00328718 0.0194045 -0.00277757 -0.0983333 -0.0307228 0.5 1.03072 1.09833 1.00278 0.980596 0.996713 1.00342 1.0011 0.999461 0.999708 1.00007 1.00007 0.999995 0.999986 0.999999 1 1 1 1 1 1 1 
-3.73058e-09 3.96397e-09 -5.04214e-09 2.36478e-07 5.01953e-07 -5.47865e-07 -2.67341e-06 1.07067e-06 1.43318e-05 4.82391e-06 -6.77583e-05 -6.94104e-05 0.000291099 0.00053843 -0.00110011 -0.00341876 0.00329069 0.0194075 -0.00277825 -0.0983414 -0.0307352 0.5 1.03074 1.09834 1.00278 0.980592 0.996709 1.00342 1.0011 0.999462 0.999709 1.00007 1.00007 0.999995 0.999986 0.999999 1 1 0.999999 1 1 1 1 
-3.96397e-09 4.21512e-09 -5.3745e-09 2.37545e-07 5.08295e-07 -5.38329e-07 -2.67628e-06 1.03946e-06 1.42974e-05 4.87441e-06 -6.75643e-05 -6.92449e-05 0.000290814 0.00053754 -0.00110081 -0.00341786 0.00329362 0.019411 -0.0027775 -0.0983477 -0.0307463 0.5 1.03075 1.09835 1.00278 0.980589 0.996706 1.00342 1.0011 0.999462 0.999709 1.00007 1.00007 0.999995 0.999986 0.999999 1 1 0.999999 1 1 1 1 
-4.21512e-09 4.47622e-09 -5.68308e-09 2.38235e-07 5.13675e-07 -5.28978e-07 -2.67613e-06 1.01329e-06 1.42606e-05 4.9044e-06 -6.73974e-05 -6.90618e-05 0.000290642 0.000536795 -0.00110158 -0.00341745 0.00329596 0.0194145 -0.00277576 -0.0983524 -0.0307559 0.5 1.03076 1.09835 1.00278 0.980586 0.996704 1.00342 1.0011 0.999463 0.999709 1.00007 1.00007 0.999995 0.999986 0.999999 1 1 0.999999 1 1 1 1 
-4.47622e-09 4.74024e-09 -5.96399e-09 2.38608e-07 5.18149e-07 -5.20024e-07 -2.67356e-06 9.92052e-07 1.42235e-05 4.91747e-06 -6.72583e-05 -6.88735e-05 0.000290565 0.000536194 -0.00110238 -0.00341743 0.00329775 0.0194178 -0.00277339 -0.0983556 -0.0307638 0.5 1.03076 1.09836 1.00277 0.980582 0.996702 1.00342 1.0011 0.999464 0.999709 1.00007 1.00007 0.999995 0.999986 0.999999 1 1 0.999999 1 1 1 1 
-4.74024e-09 5.00094e-09 -6.21447e-09 2.38719e-07 5.21787e-07 -5.11635e-07 -2.66911e-06 9.75507e-07 1.41876e-05 4.91708e-06 -6.71463e-05 -6.86895e-05 0.000290563 0.000535729 -0.00110314 -0.0034177 0.00329905 0.0194209 -0.0027707 -0.0983577 -0.03077 0.5 1.03077 1.09836 1.00277 0.980579 0.996701 1.00342 1.0011 0.999464 0.999709 1.00007 1.00007 0.999995 0.999986 0.999999 1 1 0.999999 1 1 1 1 
-5.00094e-09 5.25298e-09 -6.43292e-09 2.38623e-07 5.24664e-07 -5.03936e-07 -2.66331e-06 9.63296e-07 1.41542e-05 4.90645e-06 -6.70598e-05 -6.85172e-05 0.000290616 0.000535389 -0.00110385 -0.00341816 0.0032999 0.0194235 -0.00276791 -0.0983587 -0.0307747 0.5 1.03077 1.09836 1.00277 0.980576 0.9967 1.00342 1.0011 0.999465 0.999709 1.00007 1.00007 0.999995 0.999986 0.999999 1 1 0.999999 1 1 1 1 
-5.25298e-09 5.49193e-09 -6.61881e-09 2.38367e-07 5.26858e-07 -4.97014e-07 -2.65662e-06 9.54979e-07 1.41241e-05 4.88849e-06 -6.69964e-05 -6.83613e-05 0.000290709 0.000535159 -0.00110448 -0.00341874 0.00330038 0.0194258 -0.00276522 -0.0983589 -0.030778 0.5 1.03078 1.09836 1.00277 0.980574 0.9967 1.00342 1.0011 0.999465 0.999709 1.00007 1.00007 0.999995 0.999986 0.999999 1 1 0.999999 1 1 1 1 
-5.49193e-09 5.71429e-09 -6.77263e-09 2.37996e-07 5.28453e-07 -4.90916e-07 -2.64943e-06 9.50064e-07 1.40978e-05 4.86574e-06 -6.69534e-05 -6.82251e-05 0.000290828 0.000535023 -0.00110502 -0.00341938 0.00330057 0.0194276 -0.00276274 -0.0983585 -0.03078 0.5 1.03078 1.09836 1.00276 0.980572 0.996699 1.00342 1.00111 0.999465 0.999709 1.00007 1.00007 0.999995 0.999986 0.999999 1 1 0.999999 1 1 1 1 
-5.71429e-09 5.91748e-09 -6.89572e-09 2.37547e-07 5.29532e-07 -4.85659e-07 -2.64209e-06 9.48034e-07 1.40757e-05 4.84038e-06 -6.69277e-05 -6.81099e-05 0.000290961 0.000534964 -0.00110546 -0.00342003 0.00330053 0.019429 -0.00276056 -0.0983577 -0.0307811 0.5 1.03078 1.09836 1.00276 0.980571 0.996699 1.00342 1.00111 0.999465 0.999709 1.00007 1.00007 0.999995 0.999986 0.999999 1 1 0.999999 1 1 1 1 
-5.91748e-09 6.09977e-09 -6.99013e-09 2.37053e-07 5.30174e-07 -4.81231e-07 -2.63486e-06 9.48369e-07 1.40576e-05 4.81416e-06 -6.69162e-05 -6.80158e-05 0.000291097 0.000534964 -0.00110581 -0.00342065 0.00330032 0.01943 -0.00275871 -0.0983567 -0.0307814 0.5 1.03078 1.09836 1.00276 0.98057 0.9967 1.00342 1.00111 0.999465 0.999709 1.00007 1.00007 0.999995 0.999986 0.999999 1 1 0.999999 1 1 1 1 
-6.09977e-09 6.26026e-09 -7.05844e-09 2.36542e-07 5.30458e-07 -4.77598e-07 -2.62798e-06 9.50566e-07 1.40436e-05 4.78851e-06 -6.69159e-05 -6.79419e-05 0.000291229 0.00053501 -0.00110607 -0.00342122 0.0033 0.0194307 -0.00275721 -0.0983555 -0.0307811 0.5 1.03078 1.09836 1.00276 0.980569 0.9967 1.00342 1.00111 0.999465 0.999709 1.00007 1.00007 0.999995 0.999986 0.999999 1 1 0.999999 1 1 1 1 
-6.26026e-09 6.39876e-09 -7.10359e-09 2.36036e-07 5.30453e-07 -4.74709e-07 -2.6216e-06 9.54156e-07 1.40333e-05 4.76448e-06 -6.69241e-05 -6.78868e-05 0.000291353 0.000535087 -0.00110625 -0.00342171 0.00329962 0.0194311 -0.00275604 -0.0983543 -0.0307803 0.5 1.03078 1.09835 1.00276 0.980569 0.9967 1.00342 1.00111 0.999465 0.999709 1.00007 1.00007 0.999995 0.999986 0.999999 1 1 0.999999 1 1 1 1 
-6.39876e-09 6.51572e-09 -7.12877e-09 2.35551e-07 5.30228e-07 -4.72496e-07 -2.61585e-06 9.58712e-07 1.40263e-05 4.74281e-06 -6.69383e-05 -6.78483e-05 0.000291463 0.000535184 -0.00110637 -0.00342213 0.0032992 0.0194313 -0.0027552 -0.0983531 -0.0307793 0.5 1.03078 1.09835 1.00276 0.980569 0.996701 1.00342 1.00111 0.999465 0.999709 1.00007 1.00007 0.999995 0.999986 0.999999 1 1 0.999999 1 1 1 1 
-6.51572e-09 6.61209e-09 -7.1372e-09 2.35101e-07 5.29839e-07 -4.70888e-07 -2.61078e-06 9.63858e-07 1.40222e-05 4.72396e-06 -6.69562e-05 -6.78241e-05 0.000291559 0.000535291 -0.00110642 -0.00342247 0.00329879 0.0194313 -0.00275462 -0.0983521 -0.0307782 0.5 1.03078 1.09835 1.00275 0.980569 0.996701 1.00342 1.00111 0.999465 0.999708 1.00007 1.00007 0.999995 0.999986 0.999999 1 1 0.999999 1 1 1 1 
-6.61209e-09 6.68924e-09 -7.13206e-09 2.34694e-07 5.29339e-07 -4.69804e-07 -2.60643e-06 9.69273e-07 1.40206e-05 4.70817e-06 -6.69761e-05 -6.78118e-05 0.000291638 0.0005354 -0.00110643 -0.00342274 0.0032984 0.0194311 -0.00275429 -0.0983511 -0.0307771 0.5 1.03078 1.09835 1.00275 0.980569 0.996702 1.00342 1.00111 0.999465 0.999708 1.00007 1.00007 0.999995 0.999986 0.999999 1 1 0.999999 1 1 1 1 
-6.68924e-09 6.74886e-09 -7.11639e-09 2.34336e-07 5.28771e-07 -4.69167e-07 -2.6028e-06 9.74693e-07 1.40209e-05 4.69547e-06 -6.69965e-05 -6.78089e-05 0.000291702 0.000535505 -0.00110641 -0.00342293 0.00329805 0.0194309 -0.00275414 -0.0983503 -0.0307759 0.5 1.03078 1.09835 1.00275 0.980569 0.996702 1.00342 1.00111 0.999464 0.999708 1.00007 1.00007 0.999995 0.999986 0.999999 1 1 0.999999 1 1 1 1 
-6.74886e-09 6.79281e-09 -7.09298e-09 2.34028e-07 5.28173e-07 -4.68896e-07 -2.59986e-06 9.79908e-07 1.40228e-05 4.68575e-06 -6.70162e-05 -6.78132e-05 0.000291751 0.000535602 -0.00110636 -0.00342305 0.00329775 0.0194306 -0.00275415 -0.0983497 -0.0307749 0.5 1.03077 1.09835 1.00275 0.980569 0.996702 1.00342 1.00111 0.999464 0.999708 1.00007 1.00007 0.999995 0.999986 0.999999 1 1 0.999999 1 1 1 1 
-6.79281e-09 6.82309e-09 -7.06434e-09 2.3377e-07 5.27573e-07 -4.68919e-07 -2.59757e-06 9.8476e-07 1.40258e-05 4.67879e-06 -6.70344e-05 -6.78227e-05 0.000291786 0.000535688 -0.0011063 -0.00342313 0.00329749 0.0194302 -0.00275426 -0.0983492 -0.030774 0.5 1.03077 1.09835 1.00275 0.98057 0.996703 1.00342 1.00111 0.999464 0.999708 1.00007 1.00007 0.999995 0.999986 0.999999 1 1 0.999999 1 1 1 1 
-6.82309e-09 6.84173e-09 -7.03266e-09 2.33562e-07 5.26996e-07 -4.69167e-07 -2.59587e-06 9.8914e-07 1.40295e-05 4.67429e-06 -6.70506e-05 -6.78356e-05 0.000291809 0.000535762 -0.00110622 -0.00342316 0.00329729 0.0194299 -0.00275445 -0.0983489 -0.0307732 0.5 1.03077 1.09835 1.00275 0.98057 0.996703 1.00342 1.00111 0.999464 0.999708 1.00007 1.00007 0.999995 0.999986 0.999999 1 1 0.999999 1 1 1 1 
-6.84173e-09 6.85071e-09 -6.99978e-09 2.33399e-07 5.26457e-07 -4.69578e-07 -2.59469e-06 9.92979e-07 1.40337e-05 4.6719e-06 -6.70644e-05 -6.78503e-05 0.000291822 0.000535822 -0.00110615 -0.00342315 0.00329714 0.0194296 -0.00275468 -0.0983487 -0.0307726 0.5 1.03077 1.09835 1.00275 0.98057 0.996703 1.00342 1.00111 0.999464 0.999708 1.00007 1.00007 0.999995 0.999986 0.999999 1 1 0.999999 1 1 1 1 
-6.85071e-09 6.85191e-09 -6.96721e-09 2.33277e-07 5.25968e-07 -4.70098e-07 -2.59395e-06 9.96245e-07 1.4038e-05 4.67127e-06 -6.70757e-05 -6.78657e-05 0.000291827 0.00053587 -0.00110607 -0.00342312 0.00329703 0.0194294 -0.00275493 -0.0983485 -0.0307721 0.5 1.03077 1.09835 1.00275 0.980571 0.996703 1.00342 1.00111 0.999464 0.999708 1.00007 1.00007 0.999995 0.999986 0.999999 1 1 0.999999 1 1 1 1 
-6.85191e-09 6.84709e-09 -6.93611e-09 2.33191e-07 5.25538e-07 -4.70682e-07 -2.59359e-06 9.98934e-07 1.40423e-05 4.67203e-06 -6.70845e-05 -6.78807e-05 0.000291826 0.000535906 -0.001106 -0.00342307 0.00329697 0.0194291 -0.00275519 -0.0983485 -0.0307718 0.5 1.03077 1.09835 1.00276 0.980571 0.996703 1.00342 1.00111 0.999464 0.999708 1.00007 1.00007 0.999995 0.999986 0.999999 1 1 0.999999 1 1 1 1 
-6.84709e-09 6.83782e-09 -6.90737e-09 2.33137e-07 5.25169e-07 -4.71291e-07 -2.59353e-06 1.00107e-06 1.40463e-05 4.67384e-06 -6.7091e-05 -6.78947e-05 0.00029182 0.000535931 -0.00110594 -0.00342301 0.00329693 0.0194289 -0.00275543 -0.0983485 -0.0307715 0.5 1.03077 1.09835 1.00276 0.980571 0.996703 1.00342 1.00111 0.999464 0.999708 1.00007 1.00007 0.999995 0.999986 0.999999 1 1 0.999999 1 1 1 1 
-6.83782e-09 6.82549e-09 -6.88158e-09 2.33108e-07 5.24861e-07 -4.71895e-07 -2.5937e-06 1.00269e-06 1.405e-05 4.67638e-06 -6.70953e-05 -6.79071e-05 0.000291811 0.000535947 -0.00110589 -0.00342295 0.00329692 0.0194288 -0.00275565 -0.0983486 -0.0307714 0.5 1.03077 1.09835 1.00276 0.980571 0.996703 1.00342 1.00111 0.999464 0.999708 1.00007 1.00007 0.999995 0.999986 0.999999 1 1 0.999999 1 1 1 1 
-6.82549e-09 6.81131e-09 -6.85908e-09 2.33101e-07 5.24613e-07 -4.7247e-07 -2.59405e-06 1.00384e-06 1.40532e-05 4.67937e-06 -6.70979e-05 -6.79178e-05 0.0002918 0.000535956 -0.00110584 -0.00342289 0.00329694 0.0194287 -0.00275584 -0.0983486 -0.0307713 0.5 1.03077 1.09835 1.00276 0.980571 0.996703 1.00342 1.00111 0.999464 0.999708 1.00007 1.00007 0.999995 0.999986 0.999999 1 1 0.999999 1 1 1 1 
-6.81131e-09 6.79626e-09 -6.84002e-09 2.33109e-07 5.2442e-07 -4.73e-07 -2.59451e-06 1.00458e-06 1.4056e-05 4.68259e-06 -6.70988e-05 -6.79265e-05 0.000291789 0.000535958 -0.00110581 -0.00342283 0.00329696 0.0194286 -0.00275599 -0.0983488 -0.0307714 0.5 1.03077 1.09835 1.00276 0.980571 0.996703 1.00342 1.00111 0.999464 0.999708 1.00007 1.00007 0.999995 0.999986 0.999999 1 1 0.999999 1 1 1 1 
-6.79626e-09 6.78115e-09 -6.8244e-09 2.3313e-07 5.24278e-07 -4.73474e-07 -2.59505e-06 1.00499e-06 1.40583e-05 4.68582e-06 -6.70986e-05 -6.79333e-05 0.000291777 0.000535955 -0.00110578 -0.00342277 0.003297 0.0194285 -0.00275612 -0.0983489 -0.0307714 0.5 1.03077 1.09835 1.00276 0.980571 0.996703 1.00342 1.00111 0.999464 0.999708 1.00007 1.00007 0.999995 0.999986 0.999999 1 1 0.999999 1 1 1 1 
-6.78115e-09 6.7666e-09 -6.81204e-09 2.33158e-07 5.24179e-07 -4.73884e-07 -2.59561e-06 1.0051e-06 1.40601e-05 4.68893e-06 -6.70974e-05 -6.79383e-05 0.000291766 0.000535949 -0.00110576 -0.00342272 0.00329704 0.0194285 -0.00275621 -0.098349 -0.0307715 0.5 1.03077 1.09835 1.00276 0.980571 0.996703 1.00342 1.00111 0.999464 0.999708 1.00007 1.00007 0.999995 0.999986 0.999999 1 1 0.999999 1 1 1 1 
-6.7666e-09 6.75306e-09 -6.80271e-09 2.33192e-07 5.24118e-07 -4.7423e-07 -2.59618e-06 1.005e-06 1.40615e-05 4.69181e-06 -6.70955e-05 -6.79417e-05 0.000291756 0.000535941 -0.00110575 -0.00342268 0.00329708 0.0194285 -0.00275628 -0.0983491 -0.0307716 0.5 1.03077 1.09835 1.00276 0.980571 0.996703 1.00342 1.00111 0.999464 0.999708 1.00007 1.00007 0.999995 0.999986 0.999999 1 1 0.999999 1 1 1 1 
-6.75306e-09 6.74086e-09 -6.7961e-09 2.33228e-07 5.24088e-07 -4.74512e-07 -2.59672e-06 1.00473e-06 1.40625e-05 4.69436e-06 -6.70932e-05 -6.79436e-05 0.000291748 0.000535932 -0.00110574 -0.00342265 0.00329713 0.0194285 -0.00275632 -0.0983492 -0.0307717 0.5 1.03077 1.09835 1.00276 0.980571 0.996703 1.00342 1.00111 0.999464 0.999708 1.00007 1.00007 0.999995 0.999986 0.999999 1 1 0.999999 1 1 1 1 
-6.74086e-09 6.73017e-09 -6.79184e-09 2.33265e-07 5.24083e-07 -4.74733e-07 -2.59723e-06 1.00434e-06 1.40631e-05 4.69657e-06 -6.70907e-05 -6.79443e-05 0.000291741 0.000535923 -0.00110574 -0.00342262 0.00329717 0.0194285 -0.00275634 -0.0983493 -0.0307718 0.5 1.03077 1.09835 1.00276 0.980571 0.996703 1.00342 1.00111 0.999464 0.999708 1.00007 1.00007 0.999995 0.999986 0.999999 1 1 0.999999 1 1 1 1 
-6.73017e-09 6.72109e-09 -6.78957e-09 2.333e-07 5.24097e-07 -4.74898e-07 -2.59768e-06 1.00388e-06 1.40635e-05 4.69839e-06 -6.70881e-05 -6.79441e-05 0.000291735 0.000535914 -0.00110574 -0.0034226 0.0032972 0.0194286 -0.00275634 -0.0983493 -0.0307719 0.5 1.03077 1.09835 1.00276 0.980571 0.996703 1.00342 1.00111 0.999464 0.999708 1.00007 1.00007 0.999995 0.999986 0.999999 1 1 0.999999 1 1 1 1 
-6.72109e-09 6.7136e-09 -6.78892e-09 2.33332e-07 5.24125e-07 -4.75014e-07 -2.59807e-06 1.00339e-06 1.40635e-05 4.69984e-06 -6.70856e-05 -6.79432e-05 0.000291731 0.000535905 -0.00110575 -0.00342259 0.00329723 0.0194286 -0.00275633 -0.0983494 -0.030772 0.5 1.03077 1.09835 1.00276 0.980571 0.996703 1.00342 1.00111 0.999464 0.999708 1.00007 1.00007 0.999995 0.999986 0.999999 1 1 0.999999 1 1 1 1 
-6.7136e-09 6.70765e-09 -6.78953e-09 2.33361e-07 5.24162e-07 -4.75087e-07 -2.5984e-06 1.00289e-06 1.40634e-05 4.70094e-06 -6.70833e-05 -6.79417e-05 0.000291728 0.000535898 -0.00110575 -0.00342258 0.00329726 0.0194286 -0.00275631 -0.0983494 -0.0307721 0.5 1.03077 1.09835 1.00276 0.980571 0.996703 1.00342 1.00111 0.999464 0.999708 1.00007 1.00007 0.999995 0.999986 0.999999 1 1 0.999999 1 1 1 1 
-6.70765e-09 6.70312e-09 -6.7911e-09 2.33386e-07 5.24205e-07 -4.75125e-07 -2.59867e-06 1.00241e-06 1.40632e-05 4.70172e-06 -6.70812e-05 -6.79399e-05 0.000291727 0.000535892 -0.00110576 -0.00342258 0.00329728 0.0194287 -0.00275629 -0.0983495 -0.0307722 0.5 1.03077 1.09835 1.00276 0.980571 0.996703 1.00342 1.00111 0.999464 0.999708 1.00007 1.00007 0.999995 0.999986 0.999999 1 1 0.999999 1 1 1 1 
-6.70312e-09 6.69986e-09 -6.79332e-09 2.33408e-07 5.24251e-07 -4.75134e-07 -2.59888e-06 1.00196e-06 1.40628e-05 4.70221e-06 -6.70795e-05 -6.7938e-05 0.000291726 0.000535886 -0.00110577 -0.00342258 0.00329729 0.0194287 -0.00275626 -0.0983495 -0.0307722 0.5 1.03077 1.09835 1.00276 0.980571 0.996703 1.00342 1.00111 0.999464 0.999708 1.00007 1.00007 0.999995 0.999986 0.999999 1 1 0.999999 1 1 1 1 
-6.69986e-09 6.69771e-09 -6.79595e-09 2.33425e-07 5.24296e-07 -4.7512e-07 -2.59903e-06 1.00155e-06 1.40624e-05 4.70245e-06 -6.7078e-05 -6.79361e-05 0.000291726 0.000535883 -0.00110577 -0.00342258 0.0032973 0.0194287 -0.00275623 -0.0983495 -0.0307723 0.5 1.03077 1.09835 1.00276 0.980571 0.996703 1.00342 1.00111 0.999464 0.999708 1.00007 1.00007 0.999995 0.999986 0.999999 1 1 0.999999 1 1 1 1 
