1 1 0.95 0.9 0.85 0.8 0.75 0.7 0.65 0.6 0.55 0.5 0.45 0.4 0.35 0.3 0.25 0.2 0.15 0.1 0.05 0 -0.05 -0.1 -0.15 -0.2 -0.25 -0.3 -0.35 -0.4 -0.45 -0.5 -0.55 -0.6 -0.65 -0.7 -0.75 -0.8 -0.85 -0.9 -0.95 -1 -1 
1 1 1.02219 0.945 0.8925 0.84 0.7875 0.735 0.6825 0.63 0.5775 0.525 0.4725 0.42 0.3675 0.315 0.2625 0.21 0.1575 0.105 0.0525 -1.35525e-18 -0.0525 -0.105 -0.1575 -0.21 -0.2625 -0.315 -0.3675 -0.42 -0.4725 -0.525 -0.5775 -0.63 -0.6825 -0.735 -0.7875 -0.84 -0.8925 -0.945 -1.02219 -1 -1 
1 1 1.00024 1.0432 0.938339 0.883143 0.827946 0.77275 0.717554 0.662357 0.607161 0.551964 0.496768 0.441571 0.386375 0.331179 0.275982 0.220786 0.165589 0.110393 0.0551964 -2.78716e-18 -0.0551964 -0.110393 -0.165589 -0.220786 -0.275982 -0.331179 -0.386375 -0.441571 -0.496768 -0.551964 -0.607161 -0.662357 -0.717554 -0.77275 -0.827946 -0.883143 -0.938339 -1.0432 -1.00024 -1 -1 
1 1 0.999894 1.00124 1.06239 0.92987 0.871753 0.813636 0.75552 0.697403 0.639286 0.581169 0.523052 0.464935 0.406818 0.348701 0.290584 0.232468 0.174351 0.116234 0.0581169 -4.24218e-18 -0.0581169 -0.116234 -0.174351 -0.232468 -0.290584 -0.348701 -0.406818 -0.464935 -0.523052 -0.581169 -0.639286 -0.697403 -0.75552 -0.813636 -0.871753 -0.92987 -1.06239 -1.00124 -0.999894 -1 -1 
1 1 0.999994 0.999338 1.00364 1.07916 0.919442 0.858145 0.796849 0.735553 0.674257 0.612961 0.551665 0.490369 0.429073 0.367777 0.306481 0.245184 0.183888 0.122592 0.0612961 -6.0281e-18 -0.0612961 -0.122592 -0.183888 -0.245184 -0.306481 -0.367777 -0.429073 -0.490369 -0.551665 -0.612961 -0.674257 -0.735553 -0.796849 -0.858145 -0.919442 -1.07916 -1.00364 -0.999338 -0.999994 -1 -1 
1 1 1 0.999943 0.997647 1.00828 1.09302 0.906888 0.84211 0.777332 0.712555 0.647777 0.582999 0.518222 0.453444 0.388666 0.323889 0.259111 0.194333 0.129555 0.0647777 -8.08767e-18 -0.0647777 -0.129555 -0.194333 -0.259111 -0.323889 -0.388666 -0.453444 -0.518222 -0.582999 -0.647777 -0.712555 -0.777332 -0.84211 -0.906888 -1.09302 -1.00828 -0.997647 -0.999943 -1 -1 -1 
1 1 1 1.00002 0.999717 0.993606 1.01648 1.10357 0.892018 0.823401 0.754784 0.686167 0.617551 0.548934 0.480317 0.4117 0.343084 0.274467 0.20585 0.137233 0.0686167 -1.06667e-17 -0.0686167 -0.137233 -0.20585 -0.274467 -0.343084 -0.4117 -0.480317 -0.548934 -0.617551 -0.686167 -0.754784 -0.823401 -0.892018 -1.10357 -1.01648 -0.993606 -0.999717 -1.00002 -1 -1 -1 
1 1 1 1 1.00013 0.998986 0.985054 1.03051 1.11049 0.874598 0.801715 0.728832 0.655948 0.583065 0.510182 0.437299 0.364416 0.291533 0.218649 0.145766 0.0728832 -1.37123e-17 -0.0728832 -0.145766 -0.218649 -0.291533 -0.364416 -0.437299 -0.510182 -0.583065 -0.655948 -0.728832 -0.801715 -0.874598 -1.11049 -1.03051 -0.985054 -0.998986 -1.00013 -1 -1 -1 -1 
1 1 1 0.999999 1.00002 1.00054 0.996983 0.967935 1.05471 1.11354 0.854333 0.776666 0.698999 0.621333 0.543666 0.466 0.388333 0.310666 0.233 0.155333 0.0776666 -1.71295e-17 -0.0776666 -0.155333 -0.233 -0.310666 -0.388333 -0.466 -0.543666 -0.621333 -0.698999 -0.776666 -0.854333 -1.11354 -1.05471 -0.967935 -0.996983 -1.00054 -1.00002 -0.999999 -1 -1 -1 
1 1 1 1 0.999993 1.00008 1.00176 0.991975 0.947655 1.08451 1.11248 0.830837 0.747753 0.664669 0.581586 0.498502 0.415418 0.332335 0.249251 0.166167 0.0830837 -2.13162e-17 -0.0830837 -0.166167 -0.249251 -0.332335 -0.415418 -0.498502 -0.581586 -0.664669 -0.747753 -0.830837 -1.11248 -1.08451 -0.947655 -0.991975 -1.00176 -1.00008 -0.999993 -1 -1 -1 -1 
1 1 1 1 0.999999 0.999963 1.00028 1.00509 0.981939 0.945792 1.09859 1.10708 0.803597 0.714309 0.62502 0.535732 0.446443 0.357154 0.267866 0.178577 0.0892886 -2.78459e-17 -0.0892886 -0.178577 -0.267866 -0.357154 -0.446443 -0.535732 -0.62502 -0.714309 -0.803597 -1.10708 -1.09859 -0.945792 -0.981939 -1.00509 -1.00028 -0.999963 -0.999999 -1 -1 -1 -1 
1 1 1 1 1 0.999995 0.999849 1.00088 1.01293 0.967054 0.953286 1.10284 1.09699 0.771919 0.675429 0.57894 0.48245 0.38596 0.28947 0.19298 0.0964899 -3.58764e-17 -0.0964899 -0.19298 -0.28947 -0.38596 -0.48245 -0.57894 -0.675429 -0.771919 -1.09699 -1.10284 -0.953286 -0.967054 -1.01293 -1.00088 -0.999849 -0.999995 -1 -1 -1 -1 -1 
1 1 1 1 1 1 0.999979 0.999475 1.0024 1.01425 0.959258 0.963427 1.10573 1.07716 0.734524 0.629592 0.52466 0.419728 0.314796 0.209864 0.104932 -4.66905e-17 -0.104932 -0.209864 -0.314796 -0.419728 -0.52466 -0.629592 -0.734524 -1.07716 -1.10573 -0.963427 -0.959258 -1.01425 -1.0024 -0.999475 -0.999979 -1 -1 -1 -1 -1 -1 
1 1 1 1 1 1 1.00001 0.99992 0.998425 1.00477 1.00833 0.957984 0.974402 1.11919 1.03501 0.689339 0.574449 0.459559 0.34467 0.22978 0.11489 -5.90451e-17 -0.11489 -0.22978 -0.34467 -0.459559 -0.574449 -0.689339 -1.03501 -1.11919 -0.974402 -0.957984 -1.00833 -1.00477 -0.998425 -0.99992 -1.00001 -1 -1 -1 -1 -1 -1 
1 1 1 1 1 1 1 1.00004 0.99972 0.997493 1.00673 1.00221 0.953052 0.990944 1.15416 0.9514 0.633419 0.506735 0.380052 0.253368 0.126684 -7.53199e-17 -0.126684 -0.253368 -0.380052 -0.506735 -0.633419 -0.9514 -1.15416 -0.990944 -0.953052 -1.00221 -1.00673 -0.997493 -0.99972 -1.00004 -1 -1 -1 -1 -1 -1 -1 
1 1 1 1 1 1 0.999999 1.00001 1.00014 0.999281 0.99871 1.0081 0.992734 0.94261 1.01891 1.21546 0.805644 0.562356 0.421767 0.281178 0.140589 -9.63623e-17 -0.140589 -0.281178 -0.421767 -0.562356 -0.805644 -1.21546 -1.01891 -0.94261 -0.992734 -1.0081 -0.99871 -0.999281 -1.00014 -1.00001 -0.999999 -1 -1 -1 -1 -1 -1 
1 1 1 1 1 1 1 0.999998 1.00003 1.00022 0.998944 1.00035 1.01164 0.976264 0.924764 1.06738 1.22092 0.655214 0.470552 0.313701 0.156851 -1.20268e-16 -0.156851 -0.313701 -0.470552 -0.655214 -1.22092 -1.06738 -0.924764 -0.976264 -1.01164 -1.00035 -0.998944 -1.00022 -1.00003 -0.999998 -1 -1 -1 -1 -1 -1 -1 
1 1 1 1 1 1 1 0.999999 0.999989 1.00008 0.999989 0.998623 1.00291 1.01907 0.950844 0.886606 1.14145 1.13592 0.537335 0.354002 0.177001 -1.4975e-16 -0.177001 -0.354002 -0.537335 -1.13592 -1.14145 -0.886606 -0.950844 -1.01907 -1.00291 -0.998623 -0.999989 -1.00008 -0.999989 -0.999999 -1 -1 -1 -1 -1 -1 -1 
1 1 1 1 1 1 1 1 0.999998 1 1.00011 0.999778 0.997266 1.00664 1.03602 0.912006 0.915056 1.14419 1.01279 0.410128 0.204448 -1.87744e-16 -0.204448 -0.410128 -1.01279 -1.14419 -0.915056 -0.912006 -1.03602 -1.00664 -0.997266 -0.999778 -1.00011 -1 -0.999998 -1 -1 -1 -1 -1 -1 -1 -1 
1 1 1 1 1 1 1 1 1 0.999997 1.00002 1.00022 0.999312 0.994297 1.01393 1.01758 0.9114 0.93922 1.19292 0.76083 0.241145 -2.33228e-16 -0.241145 -0.76083 -1.19292 -0.93922 -0.9114 -1.01758 -1.01393 -0.994297 -0.999312 -1.00022 -1.00002 -0.999997 -1 -1 -1 -1 -1 -1 -1 -1 -1 
1 1 1 1 1 1 1 1 1 0.999999 0.999992 1.00006 1.00045 0.998109 0.995855 1.01602 0.997246 0.906609 0.977229 1.23289 0.359449 -2.95031e-16 -0.359449 -1.23289 -0.977229 -0.906609 -0.997246 -1.01602 -0.995855 -0.998109 -1.00045 -1.00006 -0.999992 -0.999999 -1 -1 -1 -1 -1 -1 -1 -1 -1 
1 1 1 1 1 1 1 1 1 1 0.999998 0.999978 1.00016 1.00092 0.996766 0.999568 1.02014 0.969032 0.894782 1.03223 0.962795 -8.35333e-16 -0.962795 -1.03223 -0.894782 -0.969032 -1.02014 -0.999568 -0.996766 -1.00092 -1.00016 -0.999978 -0.999998 -1 -1 -1 -1 -1 -1 -1 -1 -1 -1 
1 1 1 1 1 1 1 1 1 1 1 0.999996 0.999897 1.00027 1.00078 0.995501 1.00137 1.04195 0.938144 0.903933 1.06169 -8.35333e-16 -1.06169 -0.903933 -0.938144 -1.04195 -1.00137 -0.995501 -1.00078 -1.00027 -0.999897 -0.999996 -1 -1 -1 -1 -1 -1 -1 -1 -1 -1 -1 
1 1 1 1 1 1 1 1 1 1 1 1 0.999988 0.999745 1.00047 1.00047 0.993078 1.00567 1.04992 0.918634 0.915654 1.23438e-18 -0.915654 -0.918634 -1.04992 -1.00567 -0.993078 -1.00047 -1.00047 -0.999745 -0.999988 -1 -1 -1 -1 -1 -1 -1 -1 -1 -1 -1 -1 
1 1 1 1 1 1 1 1 1 1 1 1 1.00001 0.999969 0.99978 1.00047 1.00009 0.987633 1.01266 1.04301 0.918253 -7.91844e-16 -0.918253 -1.04301 -1.01266 -0.987633 -1.00009 -1.00047 -0.99978 -0.999969 -1.00001 -1 -1 -1 -1 -1 -1 -1 -1 -1 -1 -1 -1 
1 1 1 1 1 1 1 1 1 1 1 1 1 1.00003 0.999941 0.999808 1.00064 0.999322 0.976438 1.02532 1.0886 -2.17561e-15 -1.0886 -1.02532 -0.976438 -0.999322 -1.00064 -0.999808 -0.999941 -1.00003 -1 -1 -1 -1 -1 -1 -1 -1 -1 -1 -1 -1 -1 
1 1 1 1 1 1 1 1 1 1 1 1 0.999999 1 1.00006 0.99989 0.999875 1.00113 0.996601 0.957082 1.05046 -2.17561e-15 -1.05046 -0.957082 -0.996601 -1.00113 -0.999875 -0.99989 -1.00006 -1 -0.999999 -1 -1 -1 -1 -1 -1 -1 -1 -1 -1 -1 -1 
1 1 1 1 1 1 1 1 1 1 1 1 1 0.999997 1.00001 1.00006 0.999882 0.999935 1.00306 0.991685 0.961232 -3.65527e-15 -0.961232 -0.991685 -1.00306 -0.999935 -0.999882 -1.00006 -1.00001 -0.999997 -1 -1 -1 -1 -1 -1 -1 -1 -1 -1 -1 -1 -1 
1 1 1 1 1 1 1 1 1 1 1 1 1 1 0.999992 1.00001 1.00006 0.999856 0.999966 1.0086 0.999748 -1.99501e-15 -0.999748 -1.0086 -0.999966 -0.999856 -1.00006 -1.00001 -0.999992 -1 -1 -1 -1 -1 -1 -1 -1 -1 -1 -1 -1 -1 -1 
1 1 1 1 1 1 1 1 1 1 1 1 1 1 1 0.99998 1.00003 1.00006 0.999802 1.00006 1.01294 5.98549e-15 -1.01294 -1.00006 -0.999802 -1.00006 -1.00003 -0.99998 -1 -1 -1 -1 -1 -1 -1 -1 -1 -1 -1 -1 -1 -1 -1 
1 1 1 1 1 1 1 1 1 1 1 1 1 1 1 0.999999 0.999965 1.00004 1.00005 0.999679 1.00027 -1.24841e-15 -1.00027 -0.999679 -1.00005 -1.00004 -0.999965 -0.999999 -1 -1 -1 -1 -1 -1 -1 -1 -1 -1 -1 -1 -1 -1 -1 
1 1 1 1 1 1 1 1 1 1 1 1 1 1 1 1 0.999998 0.999959 1.00005 1.00005 0.999679 -2.58032e-15 -0.999679 -1.00005 -1.00005 -0.999959 -0.999998 -1 -1 -1 -1 -1 -1 -1 -1 -1 -1 -1 -1 -1 -1 -1 -1 
1 1 1 1 1 1 1 1 1 1 1 1 1 1 1 1 1 0.999997 0.999956 1.00005 1.00024 -1.02609e-15 -1.00024 -1.00005 -0.999956 -0.999997 -1 -1 -1 -1 -1 -1 -1 -1 -1 -1 -1 -1 -1 -1 -1 -1 -1 
1 1 1 1 1 1 1 1 1 1 1 1 1 1 1 1 1 1.00001 0.999995 0.999909 1.0001 -1.47007e-15 -1.0001 -0.999909 -0.999995 -1.00001 -1 -1 -1 -1 -1 -1 -1 -1 -1 -1 -1 -1 -1 -1 -1 -1 -1 
1 1 1 1 1 1 1 1 1 1 1 1 1 1 1 1 1 1 1.00001 0.999989 0.999909 -1.47007e-15 -0.999909 -0.999989 -1.00001 -1 -1 -1 -1 -1 -1 -1 -1 -1 -1 -1 -1 -1 -1 -1 -1 -1 -1 
1 1 1 1 1 1 1 1 1 1 1 1 1 1 1 1 1 1 1 1.00002 1.00002 -1.47007e-15 -1.00002 -1.00002 -1 -1 -1 -1 -1 -1 -1 -1 -1 -1 -1 -1 -1 -1 -1 -1 -1 -1 -1 
1 1 1 1 1 1 1 1 1 1 1 1 1 1 1 1 1 1 1 1 1.00002 -1.47007e-15 -1.00002 -1 -1 -1 -1 -1 -1 -1 -1 -1 -1 -1 -1 -1 -1 -1 -1 -1 -1 -1 -1 
1 1 1 1 1 1 1 1 1 1 1 1 1 1 1 1 1 1 1 0.999999 1 -1.47007e-15 -1 -0.999999 -1 -1 -1 -1 -1 -1 -1 -1 -1 -1 -1 -1 -1 -1 -1 -1 -1 -1 -1 
1 1 1 1 1 1 1 1 1 1 1 1 1 1 1 1 1 1 1 1 0.999999 -1.47007e-15 -0.999999 -1 -1 -1 -1 -1 -1 -1 -1 -1 -1 -1 -1 -1 -1 -1 -1 -1 -1 -1 -1 
1 1 1 1 1 1 1 1 1 1 1 1 1 1 1 1 1 1 1 1 1 -1.47007e-15 -1 -1 -1 -1 -1 -1 -1 -1 -1 -1 -1 -1 -1 -1 -1 -1 -1 -1 -1 -1 -1 
1 1 1 1 1 1 1 1 1 1 1 1 1 1 1 1 1 1 1 1 1 -1.47007e-15 -1 -1 -1 -1 -1 -1 -1 -1 -1 -1 -1 -1 -1 -1 -1 -1 -1 -1 -1 -1 -1 
1 1 1 1 1 1 1 1 1 1 1 1 1 1 1 1 1 1 1 1 1 -1.47007e-15 -1 -1 -1 -1 -1 -1 -1 -1 -1 -1 -1 -1 -1 -1 -1 -1 -1 -1 -1 -1 -1 
