0 0 0 0 0 0 0 0 0 0 0 0 0 0 0 0 0 0 0 0 0 0.5 1 1 1 1 1 1 1 1 1 1 1 1 1 1 1 1 1 1 1 1 1 
0 0 0 0 0 0 0 0 0 0 0 0 0 0 0 0 0 0 0 0 0.0340909 0.5 0.965909 1 1 1 1 1 1 1 1 1 1 1 1 1 1 1 1 1 1 1 1 
0 0 0 0 0 0 0 0 0 0 0 0 0 0 0 0 0 0 0 0.000389986 0.0589907 0.5 0.941009 0.99961 1 1 1 1 1 1 1 1 1 1 1 1 1 1 1 1 1 1 1 
0 0 0 0 0 0 0 0 0 0 0 0 0 0 0 0 0 0 9.1197e-08 0.00105243 0.0772801 0.5 0.92272 0.998948 1 1 1 1 1 1 1 1 1 1 1 1 1 1 1 1 1 1 1 
0 0 0 0 0 0 0 0 0 0 0 0 0 0 0 0 0 1.00725e-14 4.50572e-07 0.00186493 0.0908029 0.5 0.909197 0.998135 1 1 1 1 1 1 1 1 1 1 1 1 1 1 1 1 1 1 1 
0 0 0 0 0 0 0 0 0 0 0 0 0 0 0 0 3.49262e-28 1.3228e-13 1.24214e-06 0.00273038 0.100873 0.5 0.899127 0.99727 0.999999 1 1 1 1 1 1 1 1 1 1 1 1 1 1 1 1 1 1 
0 0 0 0 0 0 0 0 0 0 0 0 0 0 0 0 2.49585e-26 7.51009e-13 2.55399e-06 0.00358183 0.108428 0.5 0.891572 0.996418 0.999997 1 1 1 1 1 1 1 1 1 1 1 1 1 1 1 1 1 1 
0 0 0 0 0 0 0 0 0 0 0 0 0 0 0 0 4.96524e-25 2.71098e-12 4.3849e-06 0.00437823 0.114139 0.5 0.885861 0.995622 0.999996 1 1 1 1 1 1 1 1 1 1 1 1 1 1 1 1 1 1 
0 0 0 0 0 0 0 0 0 0 0 0 0 0 0 0 4.76884e-24 7.31701e-12 6.66227e-06 0.00509788 0.118488 0.5 0.881512 0.994902 0.999993 1 1 1 1 1 1 1 1 1 1 1 1 1 1 1 1 1 1 
0 0 0 0 0 0 0 0 0 0 0 0 0 0 0 0 2.83246e-23 1.61145e-11 9.27124e-06 0.00573232 0.121823 0.5 0.878177 0.994268 0.999991 1 1 1 1 1 1 1 1 1 1 1 1 1 1 1 1 1 1 
0 0 0 0 0 0 0 0 0 0 0 0 0 0 0 0 1.19446e-22 3.05485e-11 1.20822e-05 0.00628154 0.124397 0.5 0.875603 0.993718 0.999988 1 1 1 1 1 1 1 1 1 1 1 1 1 1 1 1 1 1 
0 0 0 0 0 0 0 0 0 0 0 0 0 0 0 0 3.89869e-22 5.16425e-11 1.4971e-05 0.00675049 0.126397 0.5 0.873603 0.99325 0.999985 1 1 1 1 1 1 1 1 1 1 1 1 1 1 1 1 1 1 
0 0 0 0 0 0 0 0 0 0 0 0 0 0 0 0 1.04381e-21 7.98007e-11 1.78314e-05 0.00714669 0.127958 0.5 0.872042 0.992853 0.999982 1 1 1 1 1 1 1 1 1 1 1 1 1 1 1 1 1 1 
0 0 0 0 0 0 0 0 0 0 0 0 0 0 0 0 2.38842e-21 1.14763e-10 2.05802e-05 0.00747867 0.129183 0.5 0.870817 0.992521 0.999979 1 1 1 1 1 1 1 1 1 1 1 1 1 1 1 1 1 1 
0 0 0 0 0 0 0 0 0 0 0 0 0 0 0 0 4.81396e-21 1.55689e-10 2.31581e-05 0.00775506 0.130149 0.5 0.869851 0.992245 0.999977 1 1 1 1 1 1 1 1 1 1 1 1 1 1 1 1 1 1 
0 0 0 0 0 0 0 0 0 0 0 0 0 0 0 0 8.74411e-21 2.01325e-10 2.55275e-05 0.00798398 0.130914 0.5 0.869086 0.992016 0.999974 1 1 1 1 1 1 1 1 1 1 1 1 1 1 1 1 1 1 
0 0 0 0 0 0 0 0 0 0 0 0 0 0 0 0 1.45694e-20 2.50189e-10 2.7669e-05 0.0081728 0.131521 0.5 0.868479 0.991827 0.999972 1 1 1 1 1 1 1 1 1 1 1 1 1 1 1 1 1 1 
0 0 0 0 0 0 0 0 0 0 0 0 0 0 0 0 2.25817e-20 3.00753e-10 2.95774e-05 0.00832804 0.132004 0.5 0.867996 0.991672 0.99997 1 1 1 1 1 1 1 1 1 1 1 1 1 1 1 1 1 1 
0 0 0 0 0 0 0 0 0 0 0 0 0 0 0 0 3.29263e-20 3.51578e-10 3.12577e-05 0.00845532 0.13239 0.5 0.86761 0.991545 0.999969 1 1 1 1 1 1 1 1 1 1 1 1 1 1 1 1 1 1 
0 0 0 0 0 0 0 0 0 0 0 0 0 0 0 0 4.558e-20 4.0141e-10 3.27221e-05 0.00855947 0.132699 0.5 0.867301 0.991441 0.999967 1 1 1 1 1 1 1 1 1 1 1 1 1 1 1 1 1 1 
0 0 0 0 0 0 0 0 0 0 0 0 0 0 0 0 6.03569e-20 4.49234e-10 3.39872e-05 0.00864453 0.132947 0.5 0.867053 0.991355 0.999966 1 1 1 1 1 1 1 1 1 1 1 1 1 1 1 1 1 1 
0 0 0 0 0 0 0 0 0 0 0 0 0 0 0 0 7.69355e-20 4.94287e-10 3.50719e-05 0.00871391 0.133146 0.5 0.866854 0.991286 0.999965 1 1 1 1 1 1 1 1 1 1 1 1 1 1 1 1 1 1 
0 0 0 0 0 0 0 0 0 0 0 0 0 0 0 0 9.48993e-20 5.3605e-10 3.59957e-05 0.00877044 0.133306 0.5 0.866694 0.99123 0.999964 1 1 1 1 1 1 1 1 1 1 1 1 1 1 1 1 1 1 
0 0 0 0 0 0 0 0 0 0 0 0 0 0 0 0 1.13782e-19 5.7422e-10 3.6778e-05 0.00881644 0.133434 0.5 0.866566 0.991184 0.999963 1 1 1 1 1 1 1 1 1 1 1 1 1 1 1 1 1 1 
0 0 0 0 0 0 0 0 0 0 0 0 0 0 0 0 1.3311e-19 6.08676e-10 3.74373e-05 0.00885386 0.133538 0.5 0.866462 0.991146 0.999963 1 1 1 1 1 1 1 1 1 1 1 1 1 1 1 1 1 1 
0 0 0 0 0 0 0 0 0 0 0 0 0 0 0 0 1.52435e-19 6.39441e-10 3.79904e-05 0.00888427 0.133622 0.5 0.866378 0.991116 0.999962 1 1 1 1 1 1 1 1 1 1 1 1 1 1 1 1 1 1 
0 0 0 0 0 0 0 0 0 0 0 0 0 0 0 0 1.71363e-19 6.66647e-10 3.84526e-05 0.00890897 0.133689 0.5 0.866311 0.991091 0.999962 1 1 1 1 1 1 1 1 1 1 1 1 1 1 1 1 1 1 
0 0 0 0 0 0 0 0 0 0 0 0 0 0 0 0 1.89567e-19 6.905e-10 3.88376e-05 0.00892903 0.133744 0.5 0.866256 0.991071 0.999961 1 1 1 1 1 1 1 1 1 1 1 1 1 1 1 1 1 1 
0 0 0 0 0 0 0 0 0 0 0 0 0 0 0 0 2.06792e-19 7.11254e-10 3.91574e-05 0.00894532 0.133788 0.5 0.866212 0.991055 0.999961 1 1 1 1 1 1 1 1 1 1 1 1 1 1 1 1 1 1 
0 0 0 0 0 0 0 0 0 0 0 0 0 0 0 0 2.22857e-19 7.29189e-10 3.94222e-05 0.00895853 0.133823 0.5 0.866177 0.991041 0.999961 1 1 1 1 1 1 1 1 1 1 1 1 1 1 1 1 1 1 
0 0 0 0 0 0 0 0 0 0 0 0 0 0 0 0 2.37649e-19 7.44596e-10 3.9641e-05 0.00896926 0.133852 0.5 0.866148 0.991031 0.99996 1 1 1 1 1 1 1 1 1 1 1 1 1 1 1 1 1 1 
0 0 0 0 0 0 0 0 0 0 0 0 0 0 0 0 2.51111e-19 7.57758e-10 3.98214e-05 0.00897795 0.133876 0.5 0.866124 0.991022 0.99996 1 1 1 1 1 1 1 1 1 1 1 1 1 1 1 1 1 1 
0 0 0 0 0 0 0 0 0 0 0 0 0 0 0 0 2.63238e-19 7.68947e-10 3.99699e-05 0.00898501 0.133894 0.5 0.866106 0.991015 0.99996 1 1 1 1 1 1 1 1 1 1 1 1 1 1 1 1 1 1 
0 0 0 0 0 0 0 0 0 0 0 0 0 0 0 0 2.74061e-19 7.78418e-10 4.00919e-05 0.00899073 0.13391 0.5 0.86609 0.991009 0.99996 1 1 1 1 1 1 1 1 1 1 1 1 1 1 1 1 1 1 
0 0 0 0 0 0 0 0 0 0 0 0 0 0 0 0 2.8364e-19 7.86403e-10 4.01921e-05 0.00899537 0.133922 0.5 0.866078 0.991005 0.99996 1 1 1 1 1 1 1 1 1 1 1 1 1 1 1 1 1 1 
0 0 0 0 0 0 0 0 0 0 0 0 0 0 0 0 2.92054e-19 7.93111e-10 4.02741e-05 0.00899913 0.133932 0.5 0.866068 0.991001 0.99996 1 1 1 1 1 1 1 1 1 1 1 1 1 1 1 1 1 1 
0 0 0 0 0 0 0 0 0 0 0 0 0 0 0 0 2.99394e-19 7.98729e-10 4.03413e-05 0.00900218 0.13394 0.5 0.86606 0.990998 0.99996 1 1 1 1 1 1 1 1 1 1 1 1 1 1 1 1 1 1 
0 0 0 0 0 0 0 0 0 0 0 0 0 0 0 0 3.05758e-19 8.03419e-10 4.03962e-05 0.00900465 0.133947 0.5 0.866053 0.990995 0.99996 1 1 1 1 1 1 1 1 1 1 1 1 1 1 1 1 1 1 
0 0 0 0 0 0 0 0 0 0 0 0 0 0 0 0 3.11246e-19 8.07325e-10 4.04411e-05 0.00900666 0.133952 0.5 0.866048 0.990993 0.99996 1 1 1 1 1 1 1 1 1 1 1 1 1 1 1 1 1 1 
0 0 0 0 0 0 0 0 0 0 0 0 0 0 0 0 3.15953e-19 8.10569e-10 4.04777e-05 0.00900828 0.133956 0.5 0.866044 0.990992 0.99996 1 1 1 1 1 1 1 1 1 1 1 1 1 1 1 1 1 1 
0 0 0 0 0 0 0 0 0 0 0 0 0 0 0 0 3.19973e-19 8.13259e-10 4.05076e-05 0.0090096 0.13396 0.5 0.86604 0.99099 0.999959 1 1 1 1 1 1 1 1 1 1 1 1 1 1 1 1 1 1 
0 0 0 0 0 0 0 0 0 0 0 0 0 0 0 0 3.23391e-19 8.15484e-10 4.05319e-05 0.00901067 0.133963 0.5 0.866037 0.990989 0.999959 1 1 1 1 1 1 1 1 1 1 1 1 1 1 1 1 1 1 
0 0 0 0 0 0 0 0 0 0 0 0 0 0 0 0 3.26286e-19 8.17322e-10 4.05518e-05 0.00901153 0.133965 0.5 0.866035 0.990988 0.999959 1 1 1 1 1 1 1 1 1 1 1 1 1 1 1 1 1 1 
0 0 0 0 0 0 0 0 0 0 0 0 0 0 0 0 3.28729e-19 8.18837e-10 4.05679e-05 0.00901223 0.133967 0.5 0.866033 0.990988 0.999959 1 1 1 1 1 1 1 1 1 1 1 1 1 1 1 1 1 1 
0 0 0 0 0 0 0 0 0 0 0 0 0 0 0 0 3.30786e-19 8.20085e-10 4.05811e-05 0.0090128 0.133968 0.5 0.866032 0.990987 0.999959 1 1 1 1 1 1 1 1 1 1 1 1 1 1 1 1 1 1 
0 0 0 0 0 0 0 0 0 0 0 0 0 0 0 0 3.32511e-19 8.2111e-10 4.05918e-05 0.00901326 0.133969 0.5 0.866031 0.990987 0.999959 1 1 1 1 1 1 1 1 1 1 1 1 1 1 1 1 1 1 
0 0 0 0 0 0 0 0 0 0 0 0 0 0 0 0 3.33954e-19 8.21953e-10 4.06004e-05 0.00901364 0.13397 0.5 0.86603 0.990986 0.999959 1 1 1 1 1 1 1 1 1 1 1 1 1 1 1 1 1 1 
0 0 0 0 0 0 0 0 0 0 0 0 0 0 0 0 3.35158e-19 8.22643e-10 4.06075e-05 0.00901394 0.133971 0.5 0.866029 0.990986 0.999959 1 1 1 1 1 1 1 1 1 1 1 1 1 1 1 1 1 1 
0 0 0 0 0 0 0 0 0 0 0 0 0 0 0 0 3.36162e-19 8.23209e-10 4.06133e-05 0.00901418 0.133972 0.5 0.866028 0.990986 0.999959 1 1 1 1 1 1 1 1 1 1 1 1 1 1 1 1 1 1 
0 0 0 0 0 0 0 0 0 0 0 0 0 0 0 0 3.36995e-19 8.23673e-10 4.06179e-05 0.00901438 0.133972 0.5 0.866028 0.990986 0.999959 1 1 1 1 1 1 1 1 1 1 1 1 1 1 1 1 1 1 
0 0 0 0 0 0 0 0 0 0 0 0 0 0 0 0 3.37687e-19 8.24051e-10 4.06217e-05 0.00901454 0.133973 0.5 0.866027 0.990985 0.999959 1 1 1 1 1 1 1 1 1 1 1 1 1 1 1 1 1 1 
0 0 0 0 0 0 0 0 0 0 0 0 0 0 0 0 3.38259e-19 8.24361e-10 4.06248e-05 0.00901467 0.133973 0.5 0.866027 0.990985 0.999959 1 1 1 1 1 1 1 1 1 1 1 1 1 1 1 1 1 1 
0 0 0 0 0 0 0 0 0 0 0 0 0 0 0 0 3.38732e-19 8.24614e-10 4.06273e-05 0.00901478 0.133973 0.5 0.866027 0.990985 0.999959 1 1 1 1 1 1 1 1 1 1 1 1 1 1 1 1 1 1 
0 0 0 0 0 0 0 0 0 0 0 0 0 0 0 0 3.39123e-19 8.2482e-10 4.06293e-05 0.00901487 0.133974 0.5 0.866026 0.990985 0.999959 1 1 1 1 1 1 1 1 1 1 1 1 1 1 1 1 1 1 
0 0 0 0 0 0 0 0 0 0 0 0 0 0 0 0 3.39445e-19 8.24989e-10 4.0631e-05 0.00901494 0.133974 0.5 0.866026 0.990985 0.999959 1 1 1 1 1 1 1 1 1 1 1 1 1 1 1 1 1 1 
0 0 0 0 0 0 0 0 0 0 0 0 0 0 0 0 3.3971e-19 8.25126e-10 4.06323e-05 0.00901499 0.133974 0.5 0.866026 0.990985 0.999959 1 1 1 1 1 1 1 1 1 1 1 1 1 1 1 1 1 1 
0 0 0 0 0 0 0 0 0 0 0 0 0 0 0 0 3.39928e-19 8.25238e-10 4.06334e-05 0.00901504 0.133974 0.5 0.866026 0.990985 0.999959 1 1 1 1 1 1 1 1 1 1 1 1 1 1 1 1 1 1 
0 0 0 0 0 0 0 0 0 0 0 0 0 0 0 0 3.40107e-19 8.25329e-10 4.06343e-05 0.00901507 0.133974 0.5 0.866026 0.990985 0.999959 1 1 1 1 1 1 1 1 1 1 1 1 1 1 1 1 1 1 
0 0 0 0 0 0 0 0 0 0 0 0 0 0 0 0 3.40254e-19 8.25403e-10 4.0635e-05 0.00901511 0.133974 0.5 0.866026 0.990985 0.999959 1 1 1 1 1 1 1 1 1 1 1 1 1 1 1 1 1 1 
0 0 0 0 0 0 0 0 0 0 0 0 0 0 0 0 3.40374e-19 8.25463e-10 4.06356e-05 0.00901513 0.133974 0.5 0.866026 0.990985 0.999959 1 1 1 1 1 1 1 1 1 1 1 1 1 1 1 1 1 1 
0 0 0 0 0 0 0 0 0 0 0 0 0 0 0 0 3.40473e-19 8.25513e-10 4.0636e-05 0.00901515 0.133974 0.5 0.866026 0.990985 0.999959 1 1 1 1 1 1 1 1 1 1 1 1 1 1 1 1 1 1 
0 0 0 0 0 0 0 0 0 0 0 0 0 0 0 0 3.40553e-19 8.25552e-10 4.06364e-05 0.00901517 0.133974 0.5 0.866026 0.990985 0.999959 1 1 1 1 1 1 1 1 1 1 1 1 1 1 1 1 1 1 
0 0 0 0 0 0 0 0 0 0 0 0 0 0 0 0 3.40619e-19 8.25585e-10 4.06367e-05 0.00901518 0.133974 0.5 0.866026 0.990985 0.999959 1 1 1 1 1 1 1 1 1 1 1 1 1 1 1 1 1 1 
0 0 0 0 0 0 0 0 0 0 0 0 0 0 0 0 3.40673e-19 8.25611e-10 4.0637e-05 0.00901519 0.133974 0.5 0.866026 0.990985 0.999959 1 1 1 1 1 1 1 1 1 1 1 1 1 1 1 1 1 1 
