1 1 0.9875 0.975 0.9625 0.95 0.9375 0.925 0.9125 0.9 0.8875 0.875 0.8625 0.85 0.8375 0.825 0.8125 0.8 0.7875 0.775 0.7625 0.75 0.7375 0.725 0.7125 0.7 0.6875 0.675 0.6625 0.65 0.6375 0.625 0.6125 0.6 0.5875 0.575 0.5625 0.55 0.5375 0.525 0.5125 0.5 0.5 
1 1 1.00236 0.98475 0.972125 0.9595 0.946875 0.93425 0.921625 0.909 0.896375 0.88375 0.871125 0.8585 0.845875 0.83325 0.820625 0.808 0.795375 0.78275 0.770125 0.7575 0.744875 0.73225 0.719625 0.707 0.694375 0.68175 0.669125 0.6565 0.643875 0.63125 0.618625 0.606 0.593375 0.58075 0.568125 0.5555 0.542875 0.53025 0.517625 0.502516 0.5 
1 1 0.999671 1.00512 0.98126 0.969168 0.956416 0.943664 0.930912 0.918159 0.905407 0.892655 0.879903 0.86715 0.854398 0.841646 0.828894 0.816142 0.803389 0.790637 0.777885 0.765133 0.752381 0.739628 0.726876 0.714124 0.701372 0.688619 0.675867 0.663115 0.650363 0.637611 0.624858 0.612106 0.599354 0.586602 0.57385 0.561097 0.548345 0.535593 0.523049 0.507073 0.497484 
1 1 1.00006 0.99905 1.00736 0.977683 0.966257 0.953242 0.94036 0.927478 0.914597 0.901715 0.888833 0.875952 0.86307 0.850189 0.837307 0.824425 0.811544 0.798662 0.78578 0.772899 0.760017 0.747135 0.734254 0.721372 0.70849 0.695609 0.682727 0.669846 0.656964 0.644082 0.631201 0.618319 0.605437 0.592556 0.579674 0.566792 0.553911 0.541007 0.528519 0.513753 0.492927 
1 1 0.999991 1.00021 0.998172 1.00863 0.974379 0.963411 0.949955 0.936966 0.923953 0.91094 0.897926 0.884913 0.871899 0.858886 0.845873 0.832859 0.819846 0.806832 0.793819 0.780805 0.767792 0.754779 0.741765 0.728752 0.715738 0.702725 0.689711 0.676698 0.663685 0.650671 0.637658 0.624644 0.611631 0.598617 0.585604 0.572591 0.55958 0.546508 0.533914 0.520624 0.486247 
1 1 1 0.999955 1.0005 0.997018 1.00904 0.971338 0.96057 0.946539 0.933494 0.920342 0.907194 0.894047 0.880899 0.867751 0.854603 0.841456 0.828308 0.81516 0.802012 0.788865 0.775717 0.762569 0.749421 0.736274 0.723126 0.709978 0.69683 0.683683 0.670535 0.657387 0.644239 0.631092 0.617944 0.604796 0.591648 0.5785 0.565361 0.552127 0.539267 0.526724 0.479376 
1 1 1 1.00001 0.999874 1.00085 0.9956 1.00882 0.968451 0.957649 0.942998 0.929958 0.91665 0.903366 0.890081 0.876796 0.863512 0.850227 0.836942 0.823657 0.810372 0.797088 0.783803 0.770518 0.757233 0.743949 0.730664 0.717379 0.704094 0.690809 0.677525 0.66424 0.650955 0.63767 0.624385 0.611101 0.597816 0.58453 0.57126 0.557889 0.544692 0.532369 0.473276 
1 1 1 0.999998 1.00003 0.999725 1.00114 0.994016 1.00821 0.96561 0.95456 0.939358 0.926369 0.912878 0.899458 0.886033 0.872609 0.859184 0.845759 0.832334 0.81891 0.805485 0.79206 0.778635 0.765211 0.751786 0.738361 0.724936 0.711512 0.698087 0.684662 0.671237 0.657813 0.644388 0.630963 0.617538 0.604114 0.590687 0.577281 0.563797 0.550274 0.537867 0.467631 
1 1 1 1 0.999993 1.00007 0.999493 1.0012 0.992403 1.00737 0.962713 0.951238 0.93566 0.922733 0.909024 0.895473 0.881904 0.868336 0.854768 0.841201 0.827633 0.814065 0.800497 0.78693 0.773362 0.759794 0.746226 0.732659 0.719091 0.705523 0.691955 0.678388 0.66482 0.651252 0.637684 0.624117 0.610549 0.596978 0.583428 0.569842 0.556052 0.543401 0.462133 
1 1 1 1 1 0.99998 1.00011 0.999181 1.00096 0.990838 1.00638 0.959667 0.947654 0.931941 0.919042 0.905085 0.89141 0.877692 0.863978 0.850265 0.836551 0.822837 0.809123 0.795409 0.781695 0.767981 0.754267 0.740553 0.726839 0.713125 0.699411 0.685697 0.671983 0.658269 0.644555 0.630841 0.617128 0.60341 0.589708 0.576017 0.56203 0.549075 0.456599 
1 1 1 1 1 1 0.999956 1.0001 0.998841 1.00039 0.989323 1.0053 0.956399 0.943836 0.928226 0.915283 0.901058 0.88727 0.873396 0.859534 0.84567 0.831807 0.817943 0.80408 0.790216 0.776353 0.76249 0.748626 0.734763 0.720899 0.707036 0.693172 0.679309 0.665445 0.651582 0.637718 0.623856 0.609989 0.596128 0.582317 0.56819 0.554939 0.450925 
1 1 1 1 1 0.999999 1.00001 0.999923 0.999952 0.998581 0.999511 0.987819 1.00408 0.952869 0.939867 0.924521 0.911431 0.896945 0.883052 0.869014 0.855 0.840984 0.826967 0.812951 0.798934 0.784918 0.770902 0.756885 0.742869 0.728852 0.714836 0.70082 0.686803 0.672787 0.65877 0.644754 0.630738 0.61672 0.602697 0.588746 0.574511 0.561001 0.445061 
1 1 1 1 1 1 0.999997 0.999988 0.999924 0.999603 0.998514 0.998266 0.986282 1.00263 0.949095 0.935855 0.920816 0.907465 0.892751 0.878755 0.864543 0.850376 0.836202 0.822029 0.807857 0.793684 0.779511 0.765338 0.751165 0.736992 0.722819 0.708646 0.694473 0.6803 0.666127 0.651954 0.637782 0.623609 0.609422 0.595314 0.580974 0.567252 0.438999 
1 1 1 1 1 1 1 0.999997 1 0.999983 0.999344 0.998449 0.996487 0.984675 1.00081 0.94516 0.931896 0.917082 0.903367 0.888485 0.874377 0.859982 0.84566 0.831325 0.816992 0.802659 0.788326 0.773993 0.759659 0.745326 0.730993 0.71666 0.702327 0.687994 0.67366 0.659327 0.644994 0.630663 0.616313 0.602033 0.587575 0.573673 0.432748 
1 1 1 1 1 1 1 1 0.999997 1 1.00014 0.999305 0.998507 0.993953 0.982957 0.998528 0.941178 0.928045 0.913278 0.899137 0.884158 0.869916 0.855331 0.840853 0.826352 0.811855 0.797358 0.782861 0.768363 0.753866 0.739368 0.724871 0.710373 0.695876 0.681379 0.666881 0.652383 0.63789 0.623377 0.608917 0.59432 0.580253 0.426327 
1 1 1 1 1 1 1 1 1 0.999995 0.99999 1.00034 0.999183 0.999401 0.990316 0.981111 0.995648 0.937237 0.924283 0.90934 0.894774 0.879761 0.865352 0.850576 0.83594 0.821269 0.806604 0.791939 0.777273 0.762608 0.747942 0.733277 0.718611 0.703946 0.68928 0.674615 0.659948 0.645287 0.630609 0.61597 0.601212 0.586978 0.419747 
1 1 1 1 1 1 1 1 1 1 0.999994 0.999968 1.00013 0.99921 1.00124 0.985699 0.979108 0.992117 0.933379 0.920554 0.905208 0.890295 0.875284 0.860668 0.845707 0.83091 0.816063 0.801227 0.78639 0.771552 0.756714 0.741877 0.727039 0.712202 0.697364 0.682527 0.667688 0.652855 0.638009 0.623191 0.608258 0.593846 0.413022 
1 1 1 1 1 1 1 1 1 0.999999 1 0.999994 0.999941 1.00016 0.998756 1.00186 0.982167 0.977025 0.987937 0.929592 0.916769 0.900845 0.885729 0.87071 0.855849 0.840715 0.82575 0.810724 0.795713 0.780699 0.765686 0.750672 0.735659 0.720645 0.705632 0.690619 0.675604 0.660593 0.645575 0.63058 0.615465 0.600862 0.406154 
1 1 1 1 1 1 1 1 1 1 0.999999 1.00001 0.999993 0.999898 1.0002 0.998105 1.00116 0.979538 0.975121 0.983164 0.925827 0.912831 0.896267 0.881108 0.866023 0.850894 0.8356 0.820459 0.805248 0.790059 0.774865 0.759672 0.744478 0.729285 0.714091 0.698898 0.683704 0.668512 0.653315 0.638142 0.622844 0.608039 0.399138 
1 1 1 1 1 1 1 1 1 1 1 1 1.00001 0.999991 0.999833 1.00006 0.997512 0.999676 0.977171 0.973607 0.977813 0.922007 0.908657 0.89154 0.876457 0.861216 0.845814 0.830372 0.815044 0.799646 0.784273 0.768894 0.753517 0.738139 0.722761 0.707383 0.692005 0.676628 0.661246 0.645891 0.630411 0.615399 0.391961 
1 1 1 1 1 1 1 1 1 1 1 1 1 1.00002 0.999962 0.999782 0.999557 0.997248 0.997313 0.974939 0.972893 0.971673 0.918034 0.904187 0.886745 0.871771 0.85627 0.840617 0.82503 0.809503 0.793915 0.778354 0.762786 0.747219 0.731652 0.716085 0.700518 0.684951 0.669379 0.653837 0.638174 0.622954 0.384601 
1 1 1 1 1 1 1 1 1 1 1 1 1 1 1.00004 0.999976 0.999756 0.998969 0.997261 0.993478 0.974182 0.972547 0.964065 0.913796 0.899409 0.881934 0.867008 0.851158 0.835297 0.819558 0.80382 0.78804 0.772287 0.756524 0.740763 0.725002 0.709241 0.693481 0.677715 0.661978 0.646129 0.630701 0.377046 
1 1 1 1 1 1 1 1 1 1 1 1 1 1 1 1.00007 1.00001 0.999873 0.999067 0.997398 0.988325 0.973866 0.973612 0.954068 0.909221 0.894404 0.877133 0.86212 0.845877 0.829857 0.813947 0.797991 0.782017 0.766065 0.750103 0.734144 0.718184 0.702225 0.686259 0.670322 0.654281 0.638645 0.369299 
1 1 1 1 1 1 1 1 1 1 1 1 1 1 1 1.00002 1.00008 1.00001 1.00004 0.999106 0.998946 0.981137 0.973809 0.977981 0.940132 0.904309 0.889306 0.87233 0.857057 0.840437 0.824295 0.808186 0.792009 0.775838 0.759682 0.743516 0.727353 0.711191 0.695021 0.678878 0.662637 0.646791 0.361355 
1 1 1 1 1 1 1 1 1 1 1 1 1 1 1 0.999997 1.00004 1.00006 1.00001 0.999935 0.999066 0.998641 0.975547 0.973817 0.9843 0.923559 0.899171 0.884241 0.867474 0.851776 0.834856 0.818607 0.802268 0.785871 0.769499 0.753131 0.736756 0.720386 0.704008 0.687654 0.671206 0.655145 0.353209 
1 1 1 1 1 1 1 1 1 1 1 1 1 1 1 1 0.999991 1.00005 1.00008 1 0.999932 0.998949 0.994331 0.974992 0.972219 0.98402 0.91243 0.894167 0.879272 0.862491 0.846262 0.829155 0.812778 0.796185 0.779572 0.762993 0.746408 0.72982 0.71323 0.69666 0.679998 0.663716 0.344855 
1 1 1 1 1 1 1 1 1 1 1 1 1 1 1 1 1 0.999985 1.00006 1.0001 0.99999 1.00016 0.999707 0.989285 0.97395 0.97022 0.978326 0.905338 0.889562 0.874339 0.857297 0.840532 0.823346 0.806791 0.78993 0.773108 0.756312 0.739505 0.722693 0.705904 0.689022 0.672512 0.336284 
1 1 1 1 1 1 1 1 1 1 1 1 1 1 1 1 1 1 0.999978 1.00008 1.0001 0.999976 1.0003 1.00211 0.982971 0.972061 0.968574 0.969716 0.89977 0.885171 0.869286 0.851825 0.834629 0.817423 0.800627 0.7835 0.76647 0.749448 0.732408 0.715393 0.698287 0.681543 0.327488 
1 1 1 1 1 1 1 1 1 1 1 1 1 1 1 1 1 0.999999 1.00001 0.999983 1.00009 1.00011 0.999868 1.00015 1.00384 0.977137 0.969389 0.968666 0.958444 0.894871 0.880799 0.86395 0.846045 0.828585 0.811349 0.794251 0.776875 0.759634 0.742371 0.72512 0.707785 0.690802 0.318457 
1 1 1 1 1 1 1 1 1 1 1 1 1 1 1 1 1 1 0.999999 1.00001 0.999988 1.00009 1.00007 0.999795 0.99977 1.00305 0.97212 0.969219 0.9704 0.943231 0.890256 0.876289 0.858232 0.840005 0.822435 0.805094 0.787656 0.770054 0.752586 0.735099 0.717525 0.700299 0.309198 
1 1 1 1 1 1 1 1 1 1 1 1 1 1 1 1 1 1 1 0.999999 1.00002 1.00001 1.00009 1.00002 0.999789 0.99926 0.998859 0.970014 0.969282 0.976537 0.922686 0.885689 0.871506 0.852133 0.833817 0.816208 0.798652 0.78087 0.763054 0.745367 0.727544 0.710067 0.299701 
1 1 1 1 1 1 1 1 1 1 1 1 1 1 1 1 1 1 1 1 1 1.00002 1.00002 1.00011 1.00005 0.99975 0.999163 0.992857 0.969812 0.968226 0.981472 0.90301 0.880993 0.866316 0.845744 0.827585 0.809894 0.792018 0.773914 0.755913 0.737886 0.720141 0.289933 
1 1 1 1 1 1 1 1 1 1 1 1 1 1 1 1 1 1 1 1 0.999999 1 1.00002 1.00005 1.00012 1.00011 0.999742 1.00059 0.985595 0.969334 0.966397 0.975733 0.89327 0.876381 0.860547 0.839174 0.821309 0.803409 0.785142 0.766786 0.748488 0.730518 0.279859 
1 1 1 1 1 1 1 1 1 1 1 1 1 1 1 1 1 1 1 1 1 0.999997 1 1.00002 1.00008 1.00012 1.00011 0.999523 1.00393 0.977229 0.968077 0.964582 0.965014 0.887087 0.871939 0.854046 0.832567 0.81497 0.796682 0.778045 0.75938 0.74116 0.269482 
1 1 1 1 1 1 1 1 1 1 1 1 1 1 1 1 1 1 1 1 1 1 0.999996 1 1.00002 1.00011 1.00011 1.00018 0.998779 1.00401 0.972525 0.965506 0.96466 0.950889 0.882058 0.867267 0.846768 0.825993 0.808461 0.78966 0.770611 0.752049 0.25884 
1 1 1 1 1 1 1 1 1 1 1 1 1 1 1 1 1 1 1 1 1 1 1 0.999994 1 1.00004 1.00011 1.00011 1.00031 0.997756 1.00218 0.968123 0.965295 0.96705 0.932333 0.877327 0.861928 0.839097 0.819504 0.801744 0.782271 0.763294 0.247951 
1 1 1 1 1 1 1 1 1 1 1 1 1 1 1 1 1 1 1 1 1 1 1 0.999998 0.999991 0.999994 1.00007 1.00011 1.00007 1.00018 0.99681 0.997595 0.966118 0.96524 0.974199 0.908518 0.872316 0.85551 0.831542 0.813089 0.794648 0.77498 0.236706 
1 1 1 1 1 1 1 1 1 1 1 1 1 1 1 1 1 1 1 1 1 1 1 1 0.999996 0.999991 0.999993 1.0001 1.00011 1.00004 0.99932 0.996891 0.991492 0.965872 0.963983 0.976402 0.889658 0.866622 0.847969 0.824414 0.806548 0.787584 0.22502 
1 1 1 1 1 1 1 1 1 1 1 1 1 1 1 1 1 1 1 1 1 1 1 1 1 0.999993 0.999992 1.00001 1.0001 1.00013 1.00022 0.999652 0.997097 0.98423 0.965266 0.962077 0.968097 0.880213 0.86066 0.839781 0.817562 0.799905 0.212416 
1 1 1 1 1 1 1 1 1 1 1 1 1 1 1 1 1 1 1 1 1 1 1 1 1 1 0.999992 0.999987 1.00002 1.00011 1.00013 1.00039 1.00005 0.999051 0.975648 0.963588 0.960836 0.955303 0.87321 0.854254 0.831424 0.81079 0.200095 
1 1 1 1 1 1 1 1 1 1 1 1 1 1 1 1 1 1 1 1 1 1 1 1 1 0.999999 1 0.99999 0.999975 1.00004 1.00011 1.00018 1.00051 1.0001 0.999324 0.968564 0.962985 0.960516 0.938673 0.866634 0.84698 0.824056 0.18921 
1 1 1 1 1 1 1 1 1 1 1 1 1 1 1 1 1 1 1 1 1 1 1 1 1 1 0.999999 1.00001 0.999987 0.999957 1.00006 1.00012 1.00026 1.00063 1.00006 0.994914 0.965972 0.96231 0.963933 0.916926 0.859512 0.840044 0.175944 
1 1 1 1 1 1 1 1 1 1 1 1 1 1 1 1 1 1 1 1 1 1 1 1 1 1 1 0.999998 1.00001 0.99998 0.99994 1.00007 1.00011 1.00036 1.00081 1.00111 0.987889 0.963276 0.962371 0.971371 0.889763 0.851971 0.159956 
1 1 1 1 1 1 1 1 1 1 1 1 1 1 1 1 1 1 1 1 1 1 1 1 1 1 1 1 0.999998 1.00002 0.999968 0.999936 1.00008 1.00006 1.00043 1.00089 1.00471 0.976626 0.963017 0.961031 0.969505 0.875651 0.148029 
1 1 1 1 1 1 1 1 1 1 1 1 1 1 1 1 1 1 1 1 1 1 1 1 1 1 1 1 1 0.999997 1.00003 0.999955 0.999961 1.00008 0.999973 1.00049 1.00056 1.00641 0.968045 0.962249 0.959483 0.982718 0.124349 
1 1 1 1 1 1 1 1 1 1 1 1 1 1 1 1 1 1 1 1 1 1 1 1 1 1 1 1 1 1 0.999997 1.00002 0.999956 0.99999 1.00009 1.00001 1.0005 0.999832 1.0026 0.965462 0.96124 0.954964 0.0172815 
1 1 1 1 1 1 1 1 1 1 1 1 1 1 1 1 1 1 1 1 1 1 1 1 1 1 1 1 1 1 1 0.999995 1.00001 0.999952 1.00003 1.00009 1.00005 1.00059 0.999177 0.99743 0.964562 0.960303 0.0450364 
1 1 1 1 1 1 1 1 1 1 1 1 1 1 1 1 1 1 1 1 1 1 1 1 1 1 1 1 1 1 1 1 0.999993 1 0.999936 1.00007 1.00009 1.00003 1.00104 0.998937 0.991432 0.963399 0.0396971 
1 1 1 1 1 1 1 1 1 1 1 1 1 1 1 1 1 1 1 1 1 1 1 1 1 1 1 1 1 1 1 0.999999 1 0.999991 1 0.999944 1.00008 1.00011 1.00004 1.00179 0.999912 0.992811 0.0366014 
1 1 1 1 1 1 1 1 1 1 1 1 1 1 1 1 1 1 1 1 1 1 1 1 1 1 1 1 1 1 1 1 0.999999 1 0.999989 1.00001 0.999948 1.00009 1.00013 1.00034 1.00233 1.0004 0.00718872 
1 1 1 1 1 1 1 1 1 1 1 1 1 1 1 1 1 1 1 1 1 1 1 1 1 1 1 1 1 1 1 1 1 0.999998 1 0.999987 1.00001 0.99995 1.0001 1.00009 1.00085 1.00269 -0.000404958 
1 1 1 1 1 1 1 1 1 1 1 1 1 1 1 1 1 1 1 1 1 1 1 1 1 1 1 1 1 1 1 1 1 1 0.999998 1 0.999985 1.00002 0.999972 1.0001 0.999872 1.00084 -0.00269473 
1 1 1 1 1 1 1 1 1 1 1 1 1 1 1 1 1 1 1 1 1 1 1 1 1 1 1 1 1 1 1 1 1 1 1 0.999998 1 0.999987 1.00002 0.99997 1.00014 0.999613 -0.000844334 
1 1 1 1 1 1 1 1 1 1 1 1 1 1 1 1 1 1 1 1 1 1 1 1 1 1 1 1 1 1 1 1 1 1 1 1 0.999997 1 0.999988 1.00003 0.999949 1.00028 0.000387272 
1 1 1 1 1 1 1 1 1 1 1 1 1 1 1 1 1 1 1 1 1 1 1 1 1 1 1 1 1 1 1 1 1 1 1 1 1 0.999997 1 0.999986 1.00004 0.999861 -0.000280949 
1 1 1 1 1 1 1 1 1 1 1 1 1 1 1 1 1 1 1 1 1 1 1 1 1 1 1 1 1 1 1 1 1 1 1 1 1 0.999999 0.999996 1.00001 0.999979 1.00009 0.00013934 
1 1 1 1 1 1 1 1 1 1 1 1 1 1 1 1 1 1 1 1 1 1 1 1 1 1 1 1 1 1 1 1 1 1 1 1 1 1 0.999999 0.999995 1.00001 0.999949 -8.95882e-05 
1 1 1 1 1 1 1 1 1 1 1 1 1 1 1 1 1 1 1 1 1 1 1 1 1 1 1 1 1 1 1 1 1 1 1 1 1 1 1 1 0.999992 1.00003 5.10402e-05 
1 1 1 1 1 1 1 1 1 1 1 1 1 1 1 1 1 1 1 1 1 1 1 1 1 1 1 1 1 1 1 1 1 1 1 1 1 1 1 1 1 0.999983 -2.66442e-05 
1 1 1 1 1 1 1 1 1 1 1 1 1 1 1 1 1 1 1 1 1 1 1 1 1 1 1 1 1 1 1 1 1 1 1 1 1 1 1 1 0.999999 1 1.65223e-05 
1 1 1 1 1 1 1 1 1 1 1 1 1 1 1 1 1 1 1 1 1 1 1 1 1 1 1 1 1 1 1 1 1 1 1 1 1 1 1 1 1 0.999998 -3.9592e-06 
1 1 1 1 1 1 1 1 1 1 1 1 1 1 1 1 1 1 1 1 1 1 1 1 1 1 1 1 1 1 1 1 1 1 1 1 1 1 1 1 1 1 1.70816e-06 
1 1 1 1 1 1 1 1 1 1 1 1 1 1 1 1 1 1 1 1 1 1 1 1 1 1 1 1 1 1 1 1 1 1 1 1 1 1 1 1 1 1 -4.12174e-07 
1 1 1 1 1 1 1 1 1 1 1 1 1 1 1 1 1 1 1 1 1 1 1 1 1 1 1 1 1 1 1 1 1 1 1 1 1 1 1 1 1 1 1.85671e-07 
1 1 1 1 1 1 1 1 1 1 1 1 1 1 1 1 1 1 1 1 1 1 1 1 1 1 1 1 1 1 1 1 1 1 1 1 1 1 1 1 1 1 -1.21596e-08 
