1 1 0.95 0.9 0.85 0.8 0.75 0.7 0.65 0.6 0.55 0.5 0.45 0.4 0.35 0.3 0.25 0.2 0.15 0.1 0.05 0 -0.05 -0.1 -0.15 -0.2 -0.25 -0.3 -0.35 -0.4 -0.45 -0.5 -0.55 -0.6 -0.65 -0.7 -0.75 -0.8 -0.85 -0.9 -0.95 -1 -1 
1 1 0.986094 0.9225 0.87125 0.82 0.76875 0.7175 0.66625 0.615 0.56375 0.5125 0.46125 0.41 0.35875 0.3075 0.25625 0.205 0.15375 0.1025 0.05125 -6.77626e-19 -0.05125 -0.1025 -0.15375 -0.205 -0.25625 -0.3075 -0.35875 -0.41 -0.46125 -0.5125 -0.56375 -0.615 -0.66625 -0.7175 -0.76875 -0.82 -0.87125 -0.9225 -0.986094 -1 -1 
1 1 0.996415 0.961083 0.893576 0.841012 0.788449 0.735886 0.683323 0.630759 0.578196 0.525633 0.47307 0.420506 0.367943 0.31538 0.262816 0.210253 0.15769 0.105127 0.0525633 -1.38236e-18 -0.0525633 -0.105127 -0.15769 -0.210253 -0.262816 -0.31538 -0.367943 -0.420506 -0.47307 -0.525633 -0.578196 -0.630759 -0.683323 -0.735886 -0.788449 -0.841013 -0.893576 -0.961083 -0.996415 -1 -1 
1 1 0.999096 0.985892 0.928035 0.863116 0.809171 0.755226 0.701281 0.647337 0.593392 0.539447 0.485503 0.431558 0.377613 0.323668 0.269724 0.215779 0.161834 0.107889 0.0539447 -2.08709e-18 -0.0539447 -0.107889 -0.161834 -0.215779 -0.269724 -0.323668 -0.377613 -0.431558 -0.485503 -0.539447 -0.593392 -0.647337 -0.701281 -0.755226 -0.809171 -0.863116 -0.928035 -0.985892 -0.999096 -1 -1 
1 1 0.999774 0.995463 0.965689 0.89043 0.830996 0.775596 0.720197 0.664797 0.609397 0.553997 0.498598 0.443198 0.387798 0.332398 0.276999 0.221599 0.166199 0.110799 0.0553997 -2.87314e-18 -0.0553997 -0.110799 -0.166199 -0.221599 -0.276999 -0.332398 -0.387798 -0.443198 -0.498598 -0.553997 -0.609397 -0.664797 -0.720197 -0.775596 -0.830996 -0.89043 -0.965689 -0.995463 -0.999774 -1 -1 
1 1 0.999943 0.998628 0.986348 0.931229 0.854882 0.79708 0.740146 0.683212 0.626277 0.569343 0.512409 0.455475 0.39854 0.341606 0.284672 0.227737 0.170803 0.113869 0.0569343 -3.65918e-18 -0.0569343 -0.113869 -0.170803 -0.227737 -0.284672 -0.341606 -0.39854 -0.455475 -0.512409 -0.569343 -0.626277 -0.683212 -0.740146 -0.79708 -0.854882 -0.931229 -0.986348 -0.998628 -0.999943 -1 -1 
1 1 0.999986 0.999599 0.995132 0.967276 0.888475 0.81995 0.761216 0.702661 0.644106 0.585551 0.526996 0.468441 0.409886 0.35133 0.292775 0.23422 0.175665 0.11711 0.0585551 -4.63496e-18 -0.0585551 -0.11711 -0.175665 -0.23422 -0.292775 -0.35133 -0.409886 -0.468441 -0.526996 -0.585551 -0.644106 -0.702661 -0.761216 -0.81995 -0.888475 -0.967276 -0.995132 -0.999599 -0.999986 -1 -1 
1 1 0.999996 0.999886 0.998373 0.98652 0.933274 0.846114 0.783538 0.723233 0.662964 0.602694 0.542425 0.482155 0.421886 0.361617 0.301347 0.241078 0.180808 0.120539 0.0602694 -5.66496e-18 -0.0602694 -0.120539 -0.180808 -0.241078 -0.301347 -0.361617 -0.421886 -0.482155 -0.542425 -0.602694 -0.662964 -0.723233 -0.783538 -0.846114 -0.933274 -0.98652 -0.998373 -0.999886 -0.999996 -1 -1 
1 1 0.999999 0.999968 0.999478 0.994939 0.968161 0.885633 0.807626 0.745034 0.682942 0.620856 0.558771 0.496685 0.434599 0.372514 0.310428 0.248342 0.186257 0.124171 0.0620856 -6.74916e-18 -0.0620856 -0.124171 -0.186257 -0.248342 -0.310428 -0.372514 -0.434599 -0.496685 -0.558771 -0.620856 -0.682942 -0.745034 -0.807626 -0.885633 -0.968161 -0.994939 -0.999478 -0.999968 -0.999999 -1 -1 
1 1 1 0.999991 0.999838 0.998208 0.986612 0.934335 0.836149 0.768261 0.704143 0.640129 0.576116 0.512103 0.448091 0.384078 0.320065 0.256052 0.192039 0.128026 0.0640129 -7.94178e-18 -0.0640129 -0.128026 -0.192039 -0.256052 -0.320065 -0.384078 -0.448091 -0.512103 -0.576116 -0.640129 -0.704143 -0.768261 -0.836149 -0.934335 -0.986612 -0.998208 -0.999838 -0.999991 -1 -1 -1 
1 1 1 0.999998 0.999951 0.99939 0.994811 0.968629 0.881471 0.793646 0.7267 0.660618 0.594556 0.528494 0.462432 0.396371 0.330309 0.264247 0.198185 0.132124 0.0660618 -9.29703e-18 -0.0660618 -0.132124 -0.198185 -0.264247 -0.330309 -0.396371 -0.462432 -0.528494 -0.594556 -0.660618 -0.7267 -0.793646 -0.881471 -0.968629 -0.994811 -0.99939 -0.999951 -0.999998 -1 -1 -1 
1 1 1 0.999999 0.999985 0.999798 0.998092 0.986641 0.934218 0.824696 0.750875 0.682442 0.614195 0.545951 0.477707 0.409463 0.341219 0.272975 0.204732 0.136488 0.0682438 -1.07607e-17 -0.0682438 -0.136488 -0.204732 -0.272975 -0.341219 -0.409463 -0.477707 -0.545951 -0.614195 -0.682442 -0.750875 -0.824696 -0.934218 -0.986641 -0.998092 -0.999798 -0.999985 -0.999999 -1 -1 -1 
1 1 1 1 0.999996 0.999935 0.999323 0.994713 0.968648 0.875664 0.777627 0.705763 0.635153 0.56458 0.494007 0.423435 0.352862 0.28229 0.211717 0.141145 0.0705725 -1.2387e-17 -0.0705725 -0.141145 -0.211717 -0.28229 -0.352862 -0.423435 -0.494007 -0.56458 -0.635153 -0.705763 -0.777627 -0.875664 -0.968648 -0.994713 -0.999323 -0.999935 -0.999996 -1 -1 -1 -1 
1 1 1 1 0.999999 0.999979 0.999767 0.998003 0.986566 0.932082 0.81198 0.730912 0.657571 0.584502 0.511439 0.438376 0.365313 0.292251 0.219188 0.146125 0.0730627 -1.43928e-17 -0.0730627 -0.146125 -0.219188 -0.292251 -0.365313 -0.438376 -0.511439 -0.584502 -0.657571 -0.730912 -0.81198 -0.932082 -0.986566 -0.998003 -0.999767 -0.999979 -0.999999 -1 -1 -1 -1 
1 1 1 1 1 0.999994 0.999921 0.999271 0.994614 0.967914 0.867882 0.759202 0.681643 0.605855 0.530122 0.454391 0.378659 0.302927 0.227195 0.151464 0.0757318 -1.6507e-17 -0.0757318 -0.151464 -0.227195 -0.302927 -0.378659 -0.454391 -0.530122 -0.605855 -0.681643 -0.759202 -0.867882 -0.967914 -0.994614 -0.999271 -0.999921 -0.999994 -1 -1 -1 -1 -1 
1 1 1 1 1 0.999998 0.999974 0.99974 0.997929 0.986273 0.928454 0.796676 0.707791 0.628806 0.550196 0.471596 0.392997 0.314398 0.235798 0.157199 0.0785994 -1.91091e-17 -0.0785994 -0.157199 -0.235798 -0.314398 -0.392997 -0.471596 -0.550196 -0.628806 -0.707791 -0.796676 -0.928454 -0.986273 -0.997929 -0.99974 -0.999974 -0.999998 -1 -1 -1 -1 -1 
1 1 1 1 1 0.999999 0.999992 0.99991 0.999227 0.994469 0.966477 0.857507 0.7376 0.653584 0.57182 0.49013 0.408442 0.326753 0.245065 0.163377 0.0816883 -2.23075e-17 -0.0816883 -0.163377 -0.245065 -0.326753 -0.408442 -0.49013 -0.57182 -0.653584 -0.7376 -0.857507 -0.966477 -0.994469 -0.999227 -0.99991 -0.999992 -0.999999 -1 -1 -1 -1 -1 
1 1 1 1 1 1 0.999997 0.999969 0.999718 0.997851 0.985733 0.923101 0.777849 0.680695 0.595187 0.510149 0.425124 0.340099 0.255075 0.17005 0.0850248 -2.62648e-17 -0.0850248 -0.17005 -0.255075 -0.340099 -0.425124 -0.510149 -0.595187 -0.680695 -0.777849 -0.923101 -0.985733 -0.997851 -0.999718 -0.999969 -0.999997 -1 -1 -1 -1 -1 -1 
1 1 1 1 1 1 0.999999 0.99999 0.999899 0.999186 0.994254 0.964221 0.84371 0.711912 0.620569 0.531839 0.443197 0.354558 0.265918 0.177279 0.0886395 -3.10353e-17 -0.0886395 -0.177279 -0.265918 -0.354558 -0.443197 -0.531839 -0.620569 -0.711912 -0.84371 -0.964221 -0.994254 -0.999186 -0.999899 -0.99999 -0.999999 -1 -1 -1 -1 -1 -1 
1 1 1 1 1 1 1 0.999997 0.999965 0.999698 0.997759 0.984884 0.915507 0.754393 0.648535 0.555423 0.46284 0.370272 0.277704 0.185136 0.0925679 -3.483e-17 -0.0925679 -0.185136 -0.277704 -0.370272 -0.46284 -0.555423 -0.648535 -0.754393 -0.915507 -0.984884 -0.997759 -0.999698 -0.999965 -0.999997 -1 -1 -1 -1 -1 -1 -1 
1 1 1 1 1 1 1 0.999999 0.999988 0.99989 0.999144 0.993942 0.960886 0.82534 0.680954 0.581214 0.484264 0.387409 0.290557 0.193705 0.0968523 -3.93836e-17 -0.0968523 -0.193705 -0.290557 -0.387409 -0.484264 -0.581214 -0.680954 -0.82534 -0.960886 -0.993942 -0.999144 -0.99989 -0.999988 -0.999999 -1 -1 -1 -1 -1 -1 -1 
1 1 1 1 1 1 1 1 0.999996 0.999961 0.999679 0.997639 0.983622 0.904817 0.724864 0.609828 0.507728 0.40617 0.304628 0.203085 0.101543 -4.4371e-17 -0.101543 -0.203085 -0.304628 -0.40617 -0.507728 -0.609828 -0.724864 -0.904817 -0.983622 -0.997639 -0.999679 -0.999961 -0.999996 -1 -1 -1 -1 -1 -1 -1 -1 
1 1 1 1 1 1 1 1 0.999999 0.999986 0.999881 0.999095 0.99349 0.956025 0.800761 0.643107 0.533586 0.426794 0.320094 0.213396 0.106698 -5.00088e-17 -0.106698 -0.213396 -0.320094 -0.426794 -0.533586 -0.643107 -0.800761 -0.956025 -0.99349 -0.999095 -0.999881 -0.999986 -0.999999 -1 -1 -1 -1 -1 -1 -1 -1 
1 1 1 1 1 1 1 1 1 0.999995 0.999957 0.999658 0.997476 0.981761 0.889661 0.687299 0.562478 0.449574 0.337171 0.22478 0.11239 -5.67309e-17 -0.11239 -0.22478 -0.337171 -0.449574 -0.562478 -0.687299 -0.889661 -0.981761 -0.997476 -0.999658 -0.999957 -0.999995 -1 -1 -1 -1 -1 -1 -1 -1 -1 
1 1 1 1 1 1 1 1 1 0.999998 0.999984 0.999872 0.999035 0.992835 0.948864 0.767597 0.596084 0.474905 0.35612 0.237412 0.118706 -6.42119e-17 -0.118706 -0.237412 -0.35612 -0.474905 -0.596084 -0.767597 -0.948864 -0.992835 -0.999035 -0.999872 -0.999984 -0.999998 -1 -1 -1 -1 -1 -1 -1 -1 -1 
1 1 1 1 1 1 1 1 1 0.999999 0.999994 0.999953 0.999635 0.99725 0.978982 0.866146 0.640622 0.503431 0.377265 0.251503 0.125752 -7.28855e-17 -0.125752 -0.251503 -0.377265 -0.503431 -0.640622 -0.866146 -0.978982 -0.99725 -0.999635 -0.999953 -0.999994 -0.999999 -1 -1 -1 -1 -1 -1 -1 -1 -1 
1 1 1 1 1 1 1 1 1 1 0.999998 0.999983 0.999863 0.998955 0.991863 0.937383 0.722733 0.536758 0.401032 0.267317 0.133658 -8.3077e-17 -0.133658 -0.267317 -0.401032 -0.536758 -0.722733 -0.937383 -0.991863 -0.998955 -0.999863 -0.999983 -0.999998 -1 -1 -1 -1 -1 -1 -1 -1 -1 -1 
1 1 1 1 1 1 1 1 1 1 0.999999 0.999994 0.999949 0.999605 0.996921 0.974486 0.830678 0.580937 0.428079 0.285187 0.142591 -9.41359e-17 -0.142591 -0.285187 -0.428079 -0.580937 -0.830678 -0.974486 -0.996921 -0.999605 -0.999949 -0.999994 -0.999999 -1 -1 -1 -1 -1 -1 -1 -1 -1 -1 
1 1 1 1 1 1 1 1 1 1 1 0.999998 0.999981 0.999852 0.998844 0.990309 0.918715 0.66124 0.459914 0.305546 0.152757 -1.06496e-16 -0.152757 -0.305546 -0.459914 -0.66124 -0.918715 -0.990309 -0.998844 -0.999852 -0.999981 -0.999998 -1 -1 -1 -1 -1 -1 -1 -1 -1 -1 -1 
1 1 1 1 1 1 1 1 1 1 1 0.999999 0.999993 0.999945 0.999567 0.99641 0.966898 0.777564 0.501855 0.329039 0.164426 -1.21458e-16 -0.164426 -0.329039 -0.501855 -0.777564 -0.966898 -0.99641 -0.999567 -0.999945 -0.999993 -0.999999 -1 -1 -1 -1 -1 -1 -1 -1 -1 -1 -1 
1 1 1 1 1 1 1 1 1 1 1 1 0.999998 0.99998 0.999838 0.998676 0.987677 0.887621 0.575293 0.356969 0.177956 -1.38154e-16 -0.177956 -0.356969 -0.575293 -0.887621 -0.987677 -0.998676 -0.999838 -0.99998 -0.999998 -1 -1 -1 -1 -1 -1 -1 -1 -1 -1 -1 -1 
1 1 1 1 1 1 1 1 1 1 1 1 0.999999 0.999993 0.99994 0.999511 0.995558 0.953398 0.696364 0.393405 0.19386 -1.58537e-16 -0.19386 -0.393405 -0.696364 -0.953398 -0.995558 -0.999511 -0.99994 -0.999993 -0.999999 -1 -1 -1 -1 -1 -1 -1 -1 -1 -1 -1 -1 
1 1 1 1 1 1 1 1 1 1 1 1 1 0.999997 0.999978 0.999819 0.998406 0.982895 0.833056 0.452462 0.213067 -1.83257e-16 -0.213067 -0.452462 -0.833056 -0.982895 -0.998406 -0.999819 -0.999978 -0.999997 -1 -1 -1 -1 -1 -1 -1 -1 -1 -1 -1 -1 -1 
1 1 1 1 1 1 1 1 1 1 1 1 1 0.999999 0.999992 0.999933 0.999425 0.994021 0.927087 0.568472 0.237912 -2.13615e-16 -0.237912 -0.568472 -0.927087 -0.994021 -0.999425 -0.999933 -0.999992 -0.999999 -1 -1 -1 -1 -1 -1 -1 -1 -1 -1 -1 -1 -1 
1 1 1 1 1 1 1 1 1 1 1 1 1 1 0.999997 0.999975 0.999791 0.997928 0.973127 0.72747 0.275016 -2.51345e-16 -0.275016 -0.72747 -0.973127 -0.997928 -0.999791 -0.999975 -0.999997 -1 -1 -1 -1 -1 -1 -1 -1 -1 -1 -1 -1 -1 -1 
1 1 1 1 1 1 1 1 1 1 1 1 1 1 0.999999 0.999991 0.999924 0.999277 0.990879 0.866821 0.361687 -3.05122e-16 -0.361687 -0.866821 -0.990879 -0.999277 -0.999924 -0.999991 -0.999999 -1 -1 -1 -1 -1 -1 -1 -1 -1 -1 -1 -1 -1 -1 
1 1 1 1 1 1 1 1 1 1 1 1 1 1 1 0.999997 0.999972 0.999745 0.996972 0.948283 0.515433 -3.91858e-16 -0.515433 -0.948283 -0.996972 -0.999745 -0.999972 -0.999997 -1 -1 -1 -1 -1 -1 -1 -1 -1 -1 -1 -1 -1 -1 -1 
1 1 1 1 1 1 1 1 1 1 1 1 1 1 1 0.999999 0.99999 0.999909 0.99899 0.982665 0.706497 -7.70027e-16 -0.706497 -0.982665 -0.99899 -0.999909 -0.99999 -0.999999 -1 -1 -1 -1 -1 -1 -1 -1 -1 -1 -1 -1 -1 -1 -1 
1 1 1 1 1 1 1 1 1 1 1 1 1 1 1 1 0.999996 0.999967 0.999659 0.994517 0.863137 -1.33902e-15 -0.863137 -0.994517 -0.999659 -0.999967 -0.999996 -1 -1 -1 -1 -1 -1 -1 -1 -1 -1 -1 -1 -1 -1 -1 -1 
1 1 1 1 1 1 1 1 1 1 1 1 1 1 1 1 0.999999 0.999988 0.999883 0.99828 0.950146 -1.75535e-15 -0.950146 -0.99828 -0.999883 -0.999988 -0.999999 -1 -1 -1 -1 -1 -1 -1 -1 -1 -1 -1 -1 -1 -1 -1 -1 
1 1 1 1 1 1 1 1 1 1 1 1 1 1 1 1 1 0.999996 0.999959 0.999454 0.984481 -2.08842e-15 -0.984481 -0.999454 -0.999959 -0.999996 -1 -1 -1 -1 -1 -1 -1 -1 -1 -1 -1 -1 -1 -1 -1 -1 -1 
1 1 1 1 1 1 1 1 1 1 1 1 1 1 1 1 1 0.999998 0.999986 0.999824 0.995453 -2.33822e-15 -0.995453 -0.999824 -0.999986 -0.999998 -1 -1 -1 -1 -1 -1 -1 -1 -1 -1 -1 -1 -1 -1 -1 -1 -1 
1 1 1 1 1 1 1 1 1 1 1 1 1 1 1 1 1 0.999999 0.999995 0.999942 0.998679 -2.33822e-15 -0.998679 -0.999942 -0.999995 -0.999999 -1 -1 -1 -1 -1 -1 -1 -1 -1 -1 -1 -1 -1 -1 -1 -1 -1 
1 1 1 1 1 1 1 1 1 1 1 1 1 1 1 1 1 1 0.999998 0.999981 0.999612 -2.33822e-15 -0.999612 -0.999981 -0.999998 -1 -1 -1 -1 -1 -1 -1 -1 -1 -1 -1 -1 -1 -1 -1 -1 -1 -1 
1 1 1 1 1 1 1 1 1 1 1 1 1 1 1 1 1 1 0.999999 0.999993 0.999884 -2.33822e-15 -0.999884 -0.999993 -0.999999 -1 -1 -1 -1 -1 -1 -1 -1 -1 -1 -1 -1 -1 -1 -1 -1 -1 -1 
1 1 1 1 1 1 1 1 1 1 1 1 1 1 1 1 1 1 1 0.999998 0.999965 -2.33822e-15 -0.999965 -0.999998 -1 -1 -1 -1 -1 -1 -1 -1 -1 -1 -1 -1 -1 -1 -1 -1 -1 -1 -1 
1 1 1 1 1 1 1 1 1 1 1 1 1 1 1 1 1 1 1 0.999999 0.999989 -2.33822e-15 -0.999989 -0.999999 -1 -1 -1 -1 -1 -1 -1 -1 -1 -1 -1 -1 -1 -1 -1 -1 -1 -1 -1 
1 1 1 1 1 1 1 1 1 1 1 1 1 1 1 1 1 1 1 1 0.999996 -2.33822e-15 -0.999996 -1 -1 -1 -1 -1 -1 -1 -1 -1 -1 -1 -1 -1 -1 -1 -1 -1 -1 -1 -1 
1 1 1 1 1 1 1 1 1 1 1 1 1 1 1 1 1 1 1 1 0.999999 -2.33822e-15 -0.999999 -1 -1 -1 -1 -1 -1 -1 -1 -1 -1 -1 -1 -1 -1 -1 -1 -1 -1 -1 -1 
1 1 1 1 1 1 1 1 1 1 1 1 1 1 1 1 1 1 1 1 1 -2.33822e-15 -1 -1 -1 -1 -1 -1 -1 -1 -1 -1 -1 -1 -1 -1 -1 -1 -1 -1 -1 -1 -1 
1 1 1 1 1 1 1 1 1 1 1 1 1 1 1 1 1 1 1 1 1 -2.33822e-15 -1 -1 -1 -1 -1 -1 -1 -1 -1 -1 -1 -1 -1 -1 -1 -1 -1 -1 -1 -1 -1 
1 1 1 1 1 1 1 1 1 1 1 1 1 1 1 1 1 1 1 1 1 -2.33822e-15 -1 -1 -1 -1 -1 -1 -1 -1 -1 -1 -1 -1 -1 -1 -1 -1 -1 -1 -1 -1 -1 
1 1 1 1 1 1 1 1 1 1 1 1 1 1 1 1 1 1 1 1 1 -2.33822e-15 -1 -1 -1 -1 -1 -1 -1 -1 -1 -1 -1 -1 -1 -1 -1 -1 -1 -1 -1 -1 -1 
