1 1 0.9875 0.975 0.9625 0.95 0.9375 0.925 0.9125 0.9 0.8875 0.875 0.8625 0.85 0.8375 0.825 0.8125 0.8 0.7875 0.775 0.7625 0.75 0.7375 0.725 0.7125 0.7 0.6875 0.675 0.6625 0.65 0.6375 0.625 0.6125 0.6 0.5875 0.575 0.5625 0.55 0.5375 0.525 0.5125 0.5 0.5 
1 1 1.00607 0.987188 0.974531 0.961875 0.949219 0.936562 0.923906 0.91125 0.898594 0.885938 0.873281 0.860625 0.847969 0.835313 0.822656 0.81 0.797344 0.784687 0.772031 0.759375 0.746719 0.734062 0.721406 0.70875 0.696094 0.683438 0.670781 0.658125 0.645469 0.632812 0.620156 0.6075 0.594844 0.582187 0.569531 0.556875 0.544219 0.531562 0.518906 0.503145 0.5 
1 1 1.00002 1.01209 0.986791 0.973975 0.96116 0.948344 0.935529 0.922713 0.909898 0.897082 0.884267 0.871452 0.858636 0.845821 0.833005 0.82019 0.807374 0.794559 0.781743 0.768928 0.756112 0.743297 0.730481 0.717666 0.70485 0.692035 0.67922 0.666404 0.653589 0.640773 0.627958 0.615142 0.602327 0.589511 0.576696 0.56388 0.551065 0.538249 0.525434 0.509474 0.496855 
1 1 0.999991 1.0001 1.018 0.986308 0.97333 0.960353 0.947375 0.934397 0.921419 0.908442 0.895464 0.882486 0.869508 0.856531 0.843553 0.830575 0.817598 0.80462 0.791642 0.778664 0.765687 0.752709 0.739731 0.726753 0.713776 0.700798 0.68782 0.674842 0.661865 0.648887 0.635909 0.622931 0.609954 0.596976 0.583998 0.57102 0.558043 0.545065 0.532087 0.518313 0.490526 
1 1 1 0.99994 1.00031 1.02377 0.985739 0.972596 0.959452 0.946309 0.933166 0.920023 0.90688 0.893736 0.880593 0.86745 0.854307 0.841164 0.82802 0.814877 0.801734 0.788591 0.775448 0.762305 0.749161 0.736018 0.722875 0.709732 0.696589 0.683445 0.670302 0.657159 0.644016 0.630873 0.61773 0.604586 0.591443 0.5783 0.565157 0.552014 0.53887 0.525532 0.481687 
1 1 1 0.999998 0.999768 1.00076 1.02937 0.985082 0.97177 0.958458 0.945146 0.931834 0.918522 0.90521 0.891898 0.878586 0.865274 0.851963 0.838651 0.825339 0.812027 0.798715 0.785403 0.772091 0.758779 0.745467 0.732155 0.718843 0.705531 0.69222 0.678908 0.665596 0.652284 0.638972 0.62566 0.612348 0.599036 0.585724 0.572412 0.5591 0.545789 0.53243 0.474468 
1 1 1 1 0.999991 0.999314 1.00164 1.03477 0.984337 0.970853 0.957369 0.943885 0.930401 0.916916 0.903432 0.889948 0.876464 0.86298 0.849496 0.836012 0.822528 0.809044 0.79556 0.782076 0.768592 0.755108 0.741624 0.72814 0.714655 0.701171 0.687687 0.674203 0.660719 0.647235 0.633751 0.620267 0.606783 0.593299 0.579815 0.566331 0.552847 0.539352 0.46757 
1 1 1 1 1.00001 0.999963 0.998264 1.0033 1.03993 0.983504 0.969844 0.956184 0.942525 0.928865 0.915205 0.901545 0.887886 0.874226 0.860566 0.846906 0.833246 0.819587 0.805927 0.792267 0.778607 0.764948 0.751288 0.737628 0.723968 0.710308 0.696649 0.682989 0.669329 0.655669 0.64201 0.62835 0.61469 0.60103 0.58737 0.573711 0.560051 0.546389 0.460648 
1 1 1 1 1 1.00002 0.999876 0.996024 1.00637 1.04483 0.982583 0.968744 0.954905 0.941066 0.927227 0.913387 0.899548 0.885709 0.87187 0.858031 0.844191 0.830352 0.816513 0.802674 0.788835 0.774995 0.761156 0.747317 0.733478 0.719639 0.705799 0.69196 0.678121 0.664282 0.650443 0.636603 0.622764 0.608925 0.595086 0.581247 0.567407 0.553568 0.453611 
1 1 1 1 1 1 1.00009 0.999633 0.99146 1.01207 1.04946 0.981576 0.967553 0.953531 0.939508 0.925485 0.911463 0.89744 0.883418 0.869395 0.855373 0.84135 0.827328 0.813305 0.799283 0.78526 0.771238 0.757215 0.743193 0.72917 0.715148 0.701125 0.687103 0.67308 0.659058 0.645035 0.631013 0.61699 0.602968 0.588945 0.574923 0.5609 0.446432 
1 1 1 1 1 0.999999 1.00001 1.00028 0.998996 0.982407 1.02273 1.0538 0.980481 0.966271 0.952061 0.937851 0.923642 0.909432 0.895222 0.881012 0.866802 0.852592 0.838382 0.824172 0.809963 0.795753 0.781543 0.767333 0.753123 0.738913 0.724703 0.710494 0.696284 0.682074 0.667864 0.653654 0.639444 0.625234 0.611024 0.596815 0.582605 0.568395 0.4391 
1 1 1 1 1 1 0.999996 1.00002 1.00083 0.997392 0.969175 1.03838 1.05784 0.979301 0.964899 0.950498 0.936096 0.921695 0.907293 0.892892 0.87849 0.864089 0.849687 0.835286 0.820884 0.806483 0.792081 0.77768 0.763279 0.748877 0.734476 0.720074 0.705673 0.691271 0.67687 0.662468 0.648067 0.633665 0.619264 0.604862 0.590461 0.576059 0.431605 
1 1 1 1 1 1 1 0.999985 1.00008 1.00226 0.993785 0.963117 1.04815 1.06156 0.978035 0.963438 0.94884 0.934243 0.919645 0.905048 0.89045 0.875853 0.861255 0.846658 0.83206 0.817462 0.802865 0.788267 0.77367 0.759072 0.744475 0.729877 0.71528 0.700682 0.686085 0.671487 0.656889 0.642292 0.627694 0.613097 0.598499 0.583902 0.423941 
1 1 1 1 1 1 1 0.999999 0.999945 1.00025 1.0057 0.987428 0.960956 1.05488 1.06498 0.976686 0.961888 0.94709 0.932291 0.917493 0.902695 0.887896 0.873098 0.8583 0.843502 0.828703 0.813905 0.799107 0.784309 0.76951 0.754712 0.739914 0.725115 0.710317 0.695519 0.680721 0.665922 0.651124 0.636326 0.621528 0.606729 0.591931 0.416098 
1 1 1 1 1 1 1 1 0.999995 0.999821 1.00071 1.01296 0.976738 0.960976 1.05994 1.06808 0.975254 0.96025 0.945246 0.930242 0.915238 0.900234 0.88523 0.870226 0.855222 0.840219 0.825215 0.810211 0.795207 0.780203 0.765199 0.750195 0.735191 0.720187 0.705183 0.69018 0.675176 0.660172 0.645168 0.630164 0.61516 0.600156 0.408069 
1 1 1 1 1 1 1 1 1 0.999981 0.999462 1.00183 1.01766 0.968096 0.96227 1.06402 1.07087 0.973739 0.958524 0.94331 0.928095 0.91288 0.897666 0.882451 0.867236 0.852022 0.836807 0.821592 0.806378 0.791163 0.775948 0.760734 0.745519 0.730304 0.71509 0.699875 0.68466 0.669446 0.654231 0.639016 0.623801 0.608587 0.399844 
1 1 1 1 1 1 1 1 1 1.00001 0.999936 0.998509 1.00384 1.01668 0.964891 0.964345 1.06745 1.07335 0.972143 0.956712 0.941281 0.92585 0.910419 0.894989 0.879558 0.864127 0.848696 0.833265 0.817834 0.802404 0.786973 0.771542 0.756111 0.74068 0.725249 0.709819 0.694388 0.678957 0.663526 0.648095 0.632664 0.617233 0.391413 
1 1 1 1 1 1 1 1 1 1 1.00004 0.999802 0.996372 1.00709 1.01294 0.964591 0.966924 1.07041 1.07554 0.970466 0.954813 0.939161 0.923508 0.907855 0.892203 0.87655 0.860897 0.845244 0.829592 0.813939 0.798286 0.782634 0.766981 0.751328 0.735676 0.720023 0.70437 0.688718 0.673065 0.657412 0.64176 0.626107 0.382767 
1 1 1 1 1 1 1 1 1 0.999999 1 1.00014 0.999444 0.994365 1.01019 1.00904 0.963779 0.970887 1.07298 1.07744 0.968709 0.952828 0.936948 0.921067 0.905187 0.889307 0.873426 0.857546 0.841665 0.825785 0.809904 0.794024 0.778143 0.762263 0.746382 0.730502 0.714621 0.698741 0.68286 0.66698 0.651099 0.635219 0.373893 
1 1 1 1 1 1 1 1 1 1 0.999997 1.00002 1.00041 0.998742 0.995469 1.01065 1.00468 0.961298 0.977128 1.07521 1.07907 0.966872 0.950758 0.934643 0.918529 0.902414 0.8863 0.870185 0.85407 0.837956 0.821841 0.805727 0.789612 0.773498 0.757383 0.741269 0.725154 0.70904 0.692925 0.676811 0.660696 0.644581 0.364781 
1 1 1 1 1 1 1 1 1 1 1 0.999989 1.00005 1.00106 0.997723 0.996538 1.01304 0.998035 0.955712 0.987212 1.07714 1.08042 0.964956 0.948601 0.932246 0.915891 0.899535 0.88318 0.866825 0.85047 0.834115 0.817759 0.801404 0.785049 0.768694 0.752339 0.735983 0.719628 0.703273 0.686918 0.670563 0.654208 0.355419 
1 1 1 1 1 1 1 1 1 1 1 0.999999 0.999964 1.00016 1.00135 0.997085 0.997693 1.0189 0.987076 0.944384 1.0041 1.07878 1.08153 0.962961 0.946358 0.929755 0.913152 0.89655 0.879947 0.863344 0.846741 0.830138 0.813536 0.796933 0.78033 0.763727 0.747125 0.730522 0.713919 0.697316 0.680714 0.664111 0.345792 
1 1 1 1 1 1 1 1 1 1 1 1 0.999995 0.999889 1.00034 1.00103 0.996851 0.99941 1.031 0.968099 0.922176 1.03363 1.08015 1.08239 0.960886 0.944028 0.92717 0.910313 0.893455 0.876597 0.85974 0.842882 0.826024 0.809167 0.792309 0.775452 0.758594 0.741736 0.724879 0.708021 0.691163 0.674306 0.335889 
1 1 1 1 1 1 1 1 1 1 1 1 1 0.999985 0.999715 1.0006 1.00071 0.995868 1.00255 1.04648 0.941983 0.910468 1.05607 1.08127 1.08302 0.958731 0.941611 0.92449 0.90737 0.89025 0.87313 0.85601 0.838889 0.821769 0.804649 0.787529 0.770409 0.753288 0.736168 0.719048 0.701928 0.684808 0.325694 
1 1 1 1 1 1 1 1 1 1 1 1 1 1.00001 0.999956 0.999732 1.00066 1.00033 0.993287 1.00802 1.0515 0.92383 0.91152 1.06789 1.08214 1.08343 0.956495 0.939105 0.921714 0.904323 0.886932 0.869541 0.85215 0.83476 0.817369 0.799978 0.782587 0.765196 0.747806 0.730415 0.713024 0.695633 0.315192 
1 1 1 1 1 1 1 1 1 1 1 1 1 1 1.00003 0.999914 0.999803 1.00078 0.999613 0.987532 1.01706 1.04545 0.916716 0.918002 1.07441 1.08279 1.08363 0.954179 0.936509 0.918839 0.901169 0.883499 0.865829 0.848159 0.830489 0.812819 0.795149 0.777479 0.759809 0.742139 0.724469 0.706799 0.304367 
1 1 1 1 1 1 1 1 1 1 1 1 1 0.999999 1 1.00007 0.999854 0.999879 1.00123 0.99807 0.976334 1.03184 1.03326 0.916368 0.927005 1.07819 1.08321 1.08365 0.95178 0.933822 0.915863 0.897905 0.879947 0.861989 0.844031 0.826073 0.808115 0.790157 0.772199 0.754241 0.736282 0.718324 0.293201 
1 1 1 1 1 1 1 1 1 1 1 1 1 1 0.999997 1.00001 1.00006 0.999845 0.999994 1.00244 0.994681 0.979734 1.03259 1.02152 0.913396 0.940371 1.08048 1.08343 1.08347 0.949297 0.931041 0.912785 0.89453 0.876274 0.858018 0.839763 0.821507 0.803251 0.784995 0.76674 0.748484 0.730228 0.281676 
1 1 1 1 1 1 1 1 1 1 1 1 1 1 1 0.999992 1.00002 1.00004 0.999788 1.00025 1.00539 0.989797 0.983505 1.03721 1.00474 0.905504 0.960139 1.08194 1.08345 1.08312 0.946728 0.928165 0.909602 0.891039 0.872475 0.853912 0.835349 0.816785 0.798222 0.779659 0.761095 0.742532 0.269772 
1 1 1 1 1 1 1 1 1 1 1 1 1 1 1 0.999999 0.999986 1.00003 1.00002 0.999611 1.00084 1.00702 0.986366 0.987128 1.05027 0.978056 0.888547 0.990952 1.08269 1.08361 1.0824 0.944068 0.925187 0.906305 0.887424 0.868542 0.849661 0.83078 0.811898 0.793017 0.774136 0.755254 0.257468 
1 1 1 1 1 1 1 1 1 1 1 1 1 1 1 1 0.999997 0.99999 1.00004 0.999983 0.999136 1.00187 1.00537 0.986086 0.991259 1.07763 0.93365 0.859223 1.03737 1.08315 1.08422 1.081 0.941307 0.922097 0.902887 0.883676 0.864466 0.845256 0.826045 0.806835 0.787625 0.768414 0.244746 
1 1 1 1 1 1 1 1 1 1 1 1 1 1 1 1 1 0.999995 0.999993 1.00006 0.999893 0.998084 1.00339 1.00379 0.984174 0.997591 1.09861 0.889353 0.859413 1.06 1.08369 1.08582 1.07828 0.938435 0.918884 0.899333 0.879783 0.860232 0.840681 0.821131 0.80158 0.782029 0.231586 
1 1 1 1 1 1 1 1 1 1 1 1 1 1 1 1 1 1 0.999994 0.999999 1.00011 0.999655 0.998373 1.00361 1.00192 0.979378 1.00835 1.0907 0.871226 0.873282 1.07101 1.08476 1.08939 1.0714 0.935237 0.915338 0.895439 0.875541 0.855642 0.835743 0.815845 0.795946 0.217971 
1 1 1 1 1 1 1 1 1 1 1 1 1 1 1 1 1 1 1 0.999992 1.00001 1.00029 0.999336 0.998804 1.00425 0.999083 0.968462 1.02494 1.06861 0.870814 0.888824 1.07564 1.08708 1.09802 1.06018 0.932037 0.911776 0.891514 0.871252 0.850991 0.830729 0.810467 0.204054 
1 1 1 1 1 1 1 1 1 1 1 1 1 1 1 1 1 1 1 1 0.999986 1.00004 1.00044 0.999046 0.999282 1.00614 0.993551 0.953075 1.04758 1.0455 0.867067 0.910232 1.07601 1.09257 1.11548 1.03874 0.928601 0.907965 0.887329 0.866694 0.846058 0.825423 0.189533 
1 1 1 1 1 1 1 1 1 1 1 1 1 1 1 1 1 1 1 1 0.999999 0.999966 1.00011 1.0003 0.998965 1.00008 1.01042 0.982803 0.962831 1.04843 1.01906 0.858024 0.938218 1.07635 1.10094 1.14791 0.999195 0.924762 0.903744 0.882727 0.86171 0.840693 0.174577 
1 1 1 1 1 1 1 1 1 1 1 1 1 1 1 1 1 1 1 1 1 0.999994 0.999921 1.0002 1.00013 0.998623 1.00185 1.01529 0.97125 0.97344 1.05845 0.976749 0.842002 0.977014 1.07735 1.11377 1.17007 0.963765 0.920291 0.898889 0.877487 0.856085 0.159307 
1 1 1 1 1 1 1 1 1 1 1 1 1 1 1 1 1 1 1 1 1 1 0.99998 0.999961 1.00022 0.999877 0.997707 1.00509 1.00864 0.970709 0.985548 1.08119 0.913341 0.8291 1.01533 1.0791 1.13259 1.16958 0.945958 0.915331 0.893538 0.871744 0.143915 
1 1 1 1 1 1 1 1 1 1 1 1 1 1 1 1 1 1 1 1 1 1 1.00001 0.999969 0.999999 1.00032 0.999414 0.997245 1.00711 1.0028 0.966862 1.00296 1.08859 0.859717 0.84037 1.02514 1.08894 1.15123 1.16049 0.935893 0.910187 0.887988 0.128256 
1 1 1 1 1 1 1 1 1 1 1 1 1 1 1 1 1 1 1 1 1 0.999999 1 1 0.999961 1.00006 1.00058 0.998723 0.998591 1.00839 0.995503 0.956584 1.02717 1.05897 0.847416 0.848008 1.0298 1.11615 1.15587 1.14905 0.928992 0.904975 0.112012 
1 1 1 1 1 1 1 1 1 1 1 1 1 1 1 1 1 1 1 1 1 1 1 1 0.999997 0.999933 1.00017 1.00038 0.998648 0.999882 1.01221 0.983916 0.952358 1.04451 1.02187 0.847356 0.843077 1.05592 1.13618 1.15923 1.13301 0.923779 0.0950253 
1 1 1 1 1 1 1 1 1 1 1 1 1 1 1 1 1 1 1 1 1 1 1 1 1 0.999986 0.99987 1.00029 1.00015 0.998286 1.00204 1.02019 0.966794 0.965141 1.05197 0.979699 0.844635 0.844339 1.08619 1.14777 1.17168 1.17529 0.0762213 
1 1 1 1 1 1 1 1 1 1 1 1 1 1 1 1 1 1 1 1 1 1 1 1 1 1.00001 0.999961 0.999933 1.00033 0.999805 0.997242 1.00618 1.01261 0.96582 0.977459 1.07173 0.920001 0.844445 0.858702 1.10636 1.15802 1.17349 -0.175292 
1 1 1 1 1 1 1 1 1 1 1 1 1 1 1 1 1 1 1 1 1 1 1 1 0.999999 1 1.00001 0.999945 0.999992 1.00048 0.999199 0.99579 1.00984 1.00526 0.96296 0.994283 1.07778 0.872238 0.843118 0.879607 1.12516 1.16578 -0.173488 
1 1 1 1 1 1 1 1 1 1 1 1 1 1 1 1 1 1 1 1 1 1 1 1 1 0.999998 1.00001 1 0.999932 1.00008 1.00084 0.99816 0.997754 1.01119 0.9967 0.954526 1.01704 1.05494 0.853739 0.838738 0.908152 1.14565 -0.165779 
1 1 1 1 1 1 1 1 1 1 1 1 1 1 1 1 1 1 1 1 1 1 1 1 1 1 0.999999 1.00001 0.999995 0.999885 1.00024 1.00068 0.997931 0.99941 1.01568 0.98416 0.946267 1.03765 1.02691 0.844254 0.827193 0.960806 -0.145646 
1 1 1 1 1 1 1 1 1 1 1 1 1 1 1 1 1 1 1 1 1 1 1 1 1 1 0.999999 1 1.00001 0.999985 0.999726 1.00043 1.00058 0.997274 1.00059 1.02936 0.966686 0.950291 1.04289 1.01055 0.834028 0.84569 0.0391935 
1 1 1 1 1 1 1 1 1 1 1 1 1 1 1 1 1 1 1 1 1 1 1 1 1 1 1 0.999999 1 1.00002 0.999962 0.999685 1.00051 1.00044 0.995819 1.00296 1.03423 0.957793 0.954402 1.05793 0.974593 0.836298 0.15431 
1 1 1 1 1 1 1 1 1 1 1 1 1 1 1 1 1 1 1 1 1 1 1 1 1 1 1 1 0.999999 1 1.00005 0.999918 0.99973 1.00053 1.00014 0.992824 1.00751 1.03129 0.955933 0.959468 1.09222 0.969495 0.163702 
1 1 1 1 1 1 1 1 1 1 1 1 1 1 1 1 1 1 1 1 1 1 1 1 1 1 1 1 1 0.999998 1.00001 1.0001 0.999843 0.999798 1.00068 0.999321 0.987262 1.0159 1.02449 0.954814 0.969089 1.13807 0.0305054 
1 1 1 1 1 1 1 1 1 1 1 1 1 1 1 1 1 1 1 1 1 1 1 1 1 1 1 1 1 1 0.999996 1.00002 1.00009 0.999818 0.999905 1.00111 0.99719 0.986854 1.02063 1.0154 0.950923 0.987734 -0.138067 
1 1 1 1 1 1 1 1 1 1 1 1 1 1 1 1 1 1 1 1 1 1 1 1 1 1 1 1 1 1 1 0.999983 1.00003 1.00008 0.999777 0.999971 1.00295 0.994986 0.987412 1.02321 1.01044 0.952773 0.0122659 
1 1 1 1 1 1 1 1 1 1 1 1 1 1 1 1 1 1 1 1 1 1 1 1 1 1 1 1 1 1 1 0.999999 0.999963 1.00006 1.00007 0.999687 1.00013 1.00643 0.991074 0.988039 1.02942 1.02825 0.0472269 
1 1 1 1 1 1 1 1 1 1 1 1 1 1 1 1 1 1 1 1 1 1 1 1 1 1 1 1 1 1 1 1 0.999997 0.999958 1.00007 1.00006 0.999484 1.0005 1.00743 0.989496 0.988871 1.03001 -0.0282487 
1 1 1 1 1 1 1 1 1 1 1 1 1 1 1 1 1 1 1 1 1 1 1 1 1 1 1 1 1 1 1 1 1 0.999994 0.999961 1.00007 1.00004 0.999018 1.00118 1.00719 0.989171 0.989692 -0.0300069 
1 1 1 1 1 1 1 1 1 1 1 1 1 1 1 1 1 1 1 1 1 1 1 1 1 1 1 1 1 1 1 1 1 1.00001 0.999989 0.999962 1.00008 1.00002 0.99796 1.00227 1.00702 0.98918 0.010308 
1 1 1 1 1 1 1 1 1 1 1 1 1 1 1 1 1 1 1 1 1 1 1 1 1 1 1 1 1 1 1 1 1 1 1.00002 0.999979 0.999963 1.00011 0.999979 0.995843 1.00442 1.01559 0.0108198 
1 1 1 1 1 1 1 1 1 1 1 1 1 1 1 1 1 1 1 1 1 1 1 1 1 1 1 1 1 1 1 1 1 1 1 1.00002 0.999971 0.999965 1.00017 0.999844 0.991722 1.00874 -0.0155903 
1 1 1 1 1 1 1 1 1 1 1 1 1 1 1 1 1 1 1 1 1 1 1 1 1 1 1 1 1 1 1 1 1 1 0.999999 1 1.00003 0.999968 0.999967 1.00033 0.999579 0.991865 -0.0087382 
1 1 1 1 1 1 1 1 1 1 1 1 1 1 1 1 1 1 1 1 1 1 1 1 1 1 1 1 1 1 1 1 1 1 1 0.999998 1 1.00003 0.999967 0.999967 1.0007 1.00299 0.00813488 
1 1 1 1 1 1 1 1 1 1 1 1 1 1 1 1 1 1 1 1 1 1 1 1 1 1 1 1 1 1 1 1 1 1 1 1 0.999996 1.00001 1.00003 0.999967 0.999604 1.00107 -0.00298677 
1 1 1 1 1 1 1 1 1 1 1 1 1 1 1 1 1 1 1 1 1 1 1 1 1 1 1 1 1 1 1 1 1 1 1 1 1 0.999991 1.00001 1.00006 0.999936 0.999605 -0.00106584 
1 1 1 1 1 1 1 1 1 1 1 1 1 1 1 1 1 1 1 1 1 1 1 1 1 1 1 1 1 1 1 1 1 1 1 1 1 1 0.999981 1.00002 1.00012 1.00004 0.000394934 
1 1 1 1 1 1 1 1 1 1 1 1 1 1 1 1 1 1 1 1 1 1 1 1 1 1 1 1 1 1 1 1 1 1 1 1 1 1 1 0.999963 1.00004 1.00016 -4.12653e-05 
1 1 1 1 1 1 1 1 1 1 1 1 1 1 1 1 1 1 1 1 1 1 1 1 1 1 1 1 1 1 1 1 1 1 1 1 1 1 1 1 0.999925 1.00008 -0.000157389 
1 1 1 1 1 1 1 1 1 1 1 1 1 1 1 1 1 1 1 1 1 1 1 1 1 1 1 1 1 1 1 1 1 1 1 1 1 1 1 1 1 0.999925 -7.5849e-05 
1 1 1 1 1 1 1 1 1 1 1 1 1 1 1 1 1 1 1 1 1 1 1 1 1 1 1 1 1 1 1 1 1 1 1 1 1 1 1 1 1 1.00004 7.51159e-05 
1 1 1 1 1 1 1 1 1 1 1 1 1 1 1 1 1 1 1 1 1 1 1 1 1 1 1 1 1 1 1 1 1 1 1 1 1 1 1 1 1 1 -3.63776e-05 
1 1 1 1 1 1 1 1 1 1 1 1 1 1 1 1 1 1 1 1 1 1 1 1 1 1 1 1 1 1 1 1 1 1 1 1 1 1 1 1 1 1 -1.40951e-06 
1 1 1 1 1 1 1 1 1 1 1 1 1 1 1 1 1 1 1 1 1 1 1 1 1 1 1 1 1 1 1 1 1 1 1 1 1 1 1 1 1 1 4.85506e-07 
1 1 1 1 1 1 1 1 1 1 1 1 1 1 1 1 1 1 1 1 1 1 1 1 1 1 1 1 1 1 1 1 1 1 1 1 1 1 1 1 1 1 -1.84164e-07 
1 1 1 1 1 1 1 1 1 1 1 1 1 1 1 1 1 1 1 1 1 1 1 1 1 1 1 1 1 1 1 1 1 1 1 1 1 1 1 1 1 1 -6.61076e-08 
1 1 1 1 1 1 1 1 1 1 1 1 1 1 1 1 1 1 1 1 1 1 1 1 1 1 1 1 1 1 1 1 1 1 1 1 1 1 1 1 1 1 1.69658e-09 
