No, norm, delta_time
1, 0.123891, 1
2, 0.0580912, 1
3, 0.0441048, 1
4, 0.0377287, 1
5, 0.0306688, 1
6, 0.0267583, 1
7, 0.0220658, 1
8, 0.0194439, 1
9, 0.0167154, 1
10, 0.0152027, 1
11, 0.0137905, 1
12, 0.0128875, 1
13, 0.0120868, 1
14, 0.0114258, 1
15, 0.0108607, 1
16, 0.010318, 1
17, 0.00986651, 1
18, 0.00942033, 1
19, 0.00904769, 1
20, 0.00868531, 1
21, 0.0083718, 1
22, 0.00807325, 1
23, 0.00780264, 1
24, 0.00754881, 1
25, 0.00731015, 1
26, 0.00708784, 1
27, 0.00687471, 1
28, 0.00667585, 1
29, 0.00648393, 1
30, 0.00630339, 1
31, 0.0061291, 1
32, 0.00596337, 1
33, 0.0058036, 1
34, 0.0056502, 1
35, 0.00550244, 1
36, 0.00535961, 1
37, 0.00522196, 1
38, 0.00508841, 1
39, 0.00495946, 1
40, 0.00483415, 1
41, 0.00471286, 1
42, 0.00459494, 1
43, 0.00448052, 1
44, 0.00436927, 1
45, 0.00426111, 1
46, 0.00415593, 1
47, 0.00405353, 1
48, 0.00395391, 1
49, 0.00385687, 1
50, 0.0037624, 1
51, 0.00367033, 1
52, 0.00358067, 1
53, 0.00349327, 1
54, 0.00340809, 1
55, 0.00332507, 1
56, 0.00324413, 1
57, 0.00316522, 1
58, 0.00308827, 1
59, 0.00301324, 1
60, 0.00294006, 1
61, 0.0028687, 1
62, 0.0027991, 1
63, 0.00273121, 1
64, 0.00266499, 1
65, 0.00260039, 1
66, 0.00253738, 1
67, 0.0024759, 1
68, 0.00241593, 1
69, 0.00235743, 1
70, 0.00230035, 1
71, 0.00224466, 1
72, 0.00219033, 1
73, 0.00213732, 1
74, 0.00208561, 1
75, 0.00203514, 1
76, 0.00198591, 1
77, 0.00193787, 1
78, 0.00189099, 1
79, 0.00184526, 1
80, 0.00180063, 1
81, 0.00175708, 1
82, 0.00171459, 1
83, 0.00167313, 1
84, 0.00163268, 1
85, 0.0015932, 1
86, 0.00155469, 1
87, 0.0015171, 1
88, 0.00148042, 1
89, 0.00144464, 1
90, 0.00140971, 1
91, 0.00137564, 1
92, 0.00134238, 1
93, 0.00130994, 1
94, 0.00127827, 1
95, 0.00124738, 1
96, 0.00121723, 1
97, 0.00118781, 1
98, 0.0011591, 1
99, 0.00113109, 1
100, 0.00110375, 1
101, 0.00107707, 1
102, 0.00105104, 1
103, 0.00102564, 1
104, 0.00100086, 1
105, 0.000976667, 1
106, 0.000953064, 1
107, 0.000930032, 1
108, 0.000907556, 1
109, 0.000885624, 1
110, 0.000864221, 1
111, 0.000843337, 1
112, 0.000822957, 1
113, 0.000803069, 1
114, 0.000783662, 1
115, 0.000764725, 1
116, 0.000746245, 1
117, 0.000728211, 1
118, 0.000710614, 1
119, 0.000693442, 1
120, 0.000676685, 1
121, 0.000660332, 1
122, 0.000644375, 1
123, 0.000628804, 1
124, 0.000613609, 1
125, 0.000598781, 1
126, 0.000584312, 1
127, 0.000570192, 1
128, 0.000556413, 1
129, 0.000542968, 1
130, 0.000529847, 1
131, 0.000517044, 1
132, 0.000504549, 1
133, 0.000492357, 1
134, 0.00048046, 1
135, 0.000468849, 1
136, 0.00045752, 1
137, 0.000446464, 1
138, 0.000435676, 1
139, 0.000425148, 1
140, 0.000414874, 1
141, 0.000404849, 1
142, 0.000395066, 1
143, 0.000385519, 1
144, 0.000376204, 1
145, 0.000367113, 1
146, 0.000358242, 1
147, 0.000349585, 1
148, 0.000341138, 1
149, 0.000332894, 1
150, 0.00032485, 1
151, 0.000317, 1
152, 0.00030934, 1
153, 0.000301865, 1
154, 0.000294571, 1
155, 0.000287453, 1
156, 0.000280507, 1
157, 0.000273728, 1
158, 0.000267114, 1
159, 0.000260659, 1
160, 0.000254361, 1
161, 0.000248214, 1
162, 0.000242216, 1
163, 0.000236363, 1
164, 0.000230652, 1
165, 0.000225078, 1
166, 0.000219639, 1
167, 0.000214332, 1
168, 0.000209153, 1
169, 0.000204099, 1
170, 0.000199167, 1
171, 0.000194354, 1
172, 0.000189658, 1
173, 0.000185075, 1
174, 0.000180602, 1
175, 0.000176238, 1
176, 0.00017198, 1
177, 0.000167824, 1
178, 0.000163768, 1
179, 0.000159811, 1
180, 0.000155949, 1
181, 0.000152181, 1
182, 0.000148504, 1
183, 0.000144915, 1
184, 0.000141413, 1
185, 0.000137996, 1
186, 0.000134662, 1
187, 0.000131408, 1
188, 0.000128232, 1
189, 0.000125134, 1
190, 0.00012211, 1
191, 0.000119159, 1
192, 0.00011628, 1
193, 0.00011347, 1
194, 0.000110728, 1
195, 0.000108052, 1
196, 0.000105441, 1
197, 0.000102893, 1
198, 0.000100407, 1
199, 9.79808e-05, 1
200, 9.56132e-05, 1
201, 9.33028e-05, 1
202, 9.10482e-05, 1
203, 8.88481e-05, 1
204, 8.67011e-05, 1
205, 8.4606e-05, 1
206, 8.25616e-05, 1
207, 8.05666e-05, 1
208, 7.86197e-05, 1
209, 7.67199e-05, 1
210, 7.4866e-05, 1
211, 7.3057e-05, 1
212, 7.12916e-05, 1
213, 6.95689e-05, 1
214, 6.78878e-05, 1
215, 6.62473e-05, 1
216, 6.46465e-05, 1
217, 6.30844e-05, 1
218, 6.156e-05, 1
219, 6.00724e-05, 1
220, 5.86208e-05, 1
221, 5.72043e-05, 1
222, 5.5822e-05, 1
223, 5.44731e-05, 1
224, 5.31568e-05, 1
225, 5.18723e-05, 1
226, 5.06188e-05, 1
227, 4.93957e-05, 1
228, 4.82021e-05, 1
229, 4.70373e-05, 1
230, 4.59007e-05, 1
231, 4.47915e-05, 1
232, 4.37092e-05, 1
233, 4.2653e-05, 1
234, 4.16223e-05, 1
235, 4.06165e-05, 1
236, 3.9635e-05, 1
237, 3.86773e-05, 1
238, 3.77427e-05, 1
239, 3.68307e-05, 1
240, 3.59407e-05, 1
241, 3.50722e-05, 1
242, 3.42247e-05, 1
243, 3.33977e-05, 1
244, 3.25906e-05, 1
245, 3.18031e-05, 1
246, 3.10346e-05, 1
247, 3.02847e-05, 1
248, 2.95529e-05, 1
249, 2.88388e-05, 1
250, 2.81419e-05, 1
251, 2.74619e-05, 1
252, 2.67983e-05, 1
253, 2.61507e-05, 1
254, 2.55188e-05, 1
255, 2.49021e-05, 1
256, 2.43004e-05, 1
257, 2.37132e-05, 1
258, 2.31402e-05, 1
259, 2.2581e-05, 1
260, 2.20354e-05, 1
261, 2.15029e-05, 1
262, 2.09833e-05, 1
263, 2.04763e-05, 1
264, 1.99815e-05, 1
265, 1.94986e-05, 1
266, 1.90275e-05, 1
267, 1.85677e-05, 1
268, 1.8119e-05, 1
269, 1.76812e-05, 1
270, 1.72539e-05, 1
271, 1.6837e-05, 1
272, 1.64301e-05, 1
273, 1.60331e-05, 1
274, 1.56457e-05, 1
275, 1.52676e-05, 1
276, 1.48987e-05, 1
277, 1.45387e-05, 1
278, 1.41873e-05, 1
279, 1.38445e-05, 1
280, 1.351e-05, 1
281, 1.31835e-05, 1
282, 1.28649e-05, 1
283, 1.25541e-05, 1
284, 1.22507e-05, 1
285, 1.19547e-05, 1
286, 1.16658e-05, 1
287, 1.13839e-05, 1
288, 1.11088e-05, 1
289, 1.08404e-05, 1
290, 1.05784e-05, 1
291, 1.03228e-05, 1
292, 1.00734e-05, 1
293, 9.82996e-06, 1
294, 9.59243e-06, 1
295, 9.36063e-06, 1
296, 9.13444e-06, 1
297, 8.91371e-06, 1
298, 8.69832e-06, 1
299, 8.48813e-06, 1
300, 8.28302e-06, 1
301, 8.08287e-06, 1
302, 7.88755e-06, 1
303, 7.69695e-06, 1
304, 7.51096e-06, 1
305, 7.32947e-06, 1
306, 7.15235e-06, 1
307, 6.97952e-06, 1
308, 6.81087e-06, 1
309, 6.64629e-06, 1
310, 6.48568e-06, 1
311, 6.32896e-06, 1
312, 6.17603e-06, 1
313, 6.02679e-06, 1
314, 5.88116e-06, 1
315, 5.73904e-06, 1
316, 5.60036e-06, 1
317, 5.46503e-06, 1
318, 5.33297e-06, 1
319, 5.20411e-06, 1
320, 5.07835e-06, 1
321, 4.95564e-06, 1
322, 4.83589e-06, 1
323, 4.71903e-06, 1
324, 4.605e-06, 1
325, 4.49372e-06, 1
326, 4.38514e-06, 1
327, 4.27917e-06, 1
328, 4.17577e-06, 1
329, 4.07487e-06, 1
330, 3.9764e-06, 1
331, 3.88031e-06, 1
332, 3.78655e-06, 1
333, 3.69505e-06, 1
334, 3.60576e-06, 1
335, 3.51863e-06, 1
336, 3.4336e-06, 1
337, 3.35063e-06, 1
338, 3.26967e-06, 1
339, 3.19066e-06, 1
340, 3.11356e-06, 1
341, 3.03832e-06, 1
342, 2.9649e-06, 1
343, 2.89326e-06, 1
344, 2.82334e-06, 1
345, 2.75512e-06, 1
346, 2.68855e-06, 1
347, 2.62358e-06, 1
348, 2.56018e-06, 1
349, 2.49832e-06, 1
350, 2.43795e-06, 1
351, 2.37904e-06, 1
352, 2.32155e-06, 1
353, 2.26545e-06, 1
354, 2.21071e-06, 1
355, 2.15729e-06, 1
356, 2.10516e-06, 1
357, 2.05429e-06, 1
358, 2.00465e-06, 1
359, 1.95621e-06, 1
360, 1.90894e-06, 1
361, 1.86281e-06, 1
362, 1.81779e-06, 1
363, 1.77387e-06, 1
364, 1.731e-06, 1
365, 1.68918e-06, 1
366, 1.64836e-06, 1
367, 1.60853e-06, 1
368, 1.56966e-06, 1
369, 1.53173e-06, 1
370, 1.49471e-06, 1
371, 1.4586e-06, 1
372, 1.42335e-06, 1
373, 1.38896e-06, 1
374, 1.35539e-06, 1
375, 1.32264e-06, 1
376, 1.29068e-06, 1
377, 1.25949e-06, 1
378, 1.22906e-06, 1
379, 1.19936e-06, 1
380, 1.17038e-06, 1
381, 1.14209e-06, 1
382, 1.1145e-06, 1
383, 1.08757e-06, 1
384, 1.06129e-06, 1
385, 1.03564e-06, 1
386, 1.01061e-06, 1
387, 9.86194e-07, 1
388, 9.62363e-07, 1
389, 9.39109e-07, 1
390, 9.16416e-07, 1
391, 8.94271e-07, 1
392, 8.72662e-07, 1
393, 8.51575e-07, 1
394, 8.30997e-07, 1
395, 8.10916e-07, 1
396, 7.91321e-07, 1
397, 7.722e-07, 1
398, 7.5354e-07, 1
399, 7.35331e-07, 1
400, 7.17562e-07, 1
401, 7.00223e-07, 1
402, 6.83303e-07, 1
403, 6.66791e-07, 1
404, 6.50679e-07, 1
405, 6.34955e-07, 1
406, 6.19612e-07, 1
407, 6.0464e-07, 1
408, 5.90029e-07, 1
409, 5.75771e-07, 1
410, 5.61858e-07, 1
411, 5.48281e-07, 1
412, 5.35032e-07, 1
413, 5.22104e-07, 1
414, 5.09488e-07, 1
415, 4.97176e-07, 1
416, 4.85162e-07, 1
417, 4.73439e-07, 1
418, 4.61998e-07, 1
419, 4.50834e-07, 1
420, 4.3994e-07, 1
421, 4.2931e-07, 1
422, 4.18936e-07, 1
423, 4.08812e-07, 1
424, 3.98934e-07, 1
425, 3.89294e-07, 1
426, 3.79887e-07, 1
427, 3.70707e-07, 1
428, 3.61749e-07, 1
429, 3.53008e-07, 1
430, 3.44478e-07, 1
431, 3.36153e-07, 1
432, 3.28031e-07, 1
433, 3.20104e-07, 1
434, 3.12369e-07, 1
435, 3.04821e-07, 1
436, 2.97455e-07, 1
437, 2.90267e-07, 1
438, 2.83253e-07, 1
439, 2.76408e-07, 1
440, 2.69729e-07, 1
441, 2.63211e-07, 1
442, 2.56851e-07, 1
443, 2.50644e-07, 1
444, 2.44588e-07, 1
445, 2.38678e-07, 1
446, 2.3291e-07, 1
447, 2.27282e-07, 1
448, 2.2179e-07, 1
449, 2.1643e-07, 1
450, 2.11201e-07, 1
451, 2.06097e-07, 1
452, 2.01117e-07, 1
453, 1.96257e-07, 1
454, 1.91515e-07, 1
455, 1.86887e-07, 1
456, 1.82371e-07, 1
457, 1.77964e-07, 1
458, 1.73664e-07, 1
459, 1.69467e-07, 1
460, 1.65372e-07, 1
461, 1.61376e-07, 1
462, 1.57476e-07, 1
463, 1.53671e-07, 1
464, 1.49958e-07, 1
465, 1.46334e-07, 1
466, 1.42798e-07, 1
467, 1.39347e-07, 1
468, 1.3598e-07, 1
469, 1.32694e-07, 1
470, 1.29488e-07, 1
471, 1.26359e-07, 1
472, 1.23306e-07, 1
