0 0 0 0 0 0 0 0 0 0 0 0 0 0 0 0 0 0 0 0 0 0.5 1 1 1 1 1 1 1 1 1 1 1 1 1 1 1 1 1 1 1 1 1 
0 0 0 0 0 0 0 0 0 0 0 0 0 0 0 0 0 0 0 -0.0105263 0.0588643 0.5 0.941136 1.01053 1 1 1 1 1 1 1 1 1 1 1 1 1 1 1 1 1 1 1 
0 0 0 0 0 0 0 0 0 0 0 0 0 0 0 0 0 0.000221607 -0.00207252 -0.0109297 0.0903132 0.5 0.909687 1.01093 1.00207 0.999778 1 1 1 1 1 1 1 1 1 1 1 1 1 1 1 1 1 
0 0 0 0 0 0 0 0 0 0 0 0 0 0 0 -4.6654e-06 6.15636e-05 0.000190195 -0.00387948 -0.00858683 0.10884 0.5 0.89116 1.00859 1.00388 0.99981 0.999938 1 1 1 1 1 1 1 1 1 1 1 1 1 1 1 1 
0 0 0 0 0 0 0 0 0 0 0 0 0 9.8219e-08 -1.67344e-06 -1.68557e-06 0.00013064 -1.03963e-06 -0.00512631 -0.00583446 0.120612 0.5 0.879388 1.00583 1.00513 1 0.999869 1 1 1 1 1 1 1 1 1 1 1 1 1 1 1 1 
0 0 0 0 0 0 0 0 0 0 0 -2.06777e-09 4.31749e-08 -4.38218e-08 -3.80901e-06 9.07789e-06 0.000181779 -0.000244277 -0.00592895 -0.00335905 0.128516 0.5 0.871484 1.00336 1.00593 1.00024 0.999818 0.999991 1 1 1 1 1 1 1 1 1 1 1 1 1 1 1 
0 0 0 0 0 0 0 0 0 4.3532e-11 -1.0762e-09 3.23483e-09 1.00597e-07 -5.09937e-07 -5.27949e-06 2.37661e-05 0.000211712 -0.00048158 -0.00643454 -0.00131033 0.134035 0.5 0.865965 1.00131 1.00643 1.00048 0.999788 0.999976 1.00001 1 1 1 1 1 1 1 1 1 1 1 1 1 1 
0 0 0 0 0 0 0 -9.16463e-13 2.6178e-11 -1.30309e-10 -2.45586e-09 2.03623e-08 1.28348e-07 -1.18486e-06 -5.71365e-06 3.90638e-05 0.000225108 -0.000689789 -0.006752 0.000329569 0.137996 0.5 0.862004 0.99967 1.00675 1.00069 0.999775 0.999961 1.00001 1 1 1 1 1 1 1 1 1 1 1 1 1 1 
0 0 0 0 0 1.9294e-14 -6.25245e-13 4.33781e-12 5.57965e-11 -6.9302e-10 -2.49899e-09 4.61263e-08 1.04379e-07 -1.91744e-06 -5.22914e-06 5.30959e-05 0.000227702 -0.000863324 -0.00695239 0.00162287 0.140897 0.5 0.859103 0.998377 1.00695 1.00086 0.999772 0.999947 1.00001 1 1 1 1 1 1 1 1 1 1 1 1 1 1 
0 0 0 -4.06188e-16 1.47237e-14 -1.30886e-13 -1.17419e-12 2.13714e-11 2.98171e-11 -1.55003e-09 -1.21014e-10 7.42811e-08 2.98006e-08 -2.59888e-06 -4.11602e-06 6.51045e-05 0.00022408 -0.00100412 -0.0070801 0.0026358 0.143053 0.5 0.856947 0.997364 1.00708 1.001 0.999776 0.999935 1 1 1 1 1 1 1 1 1 1 1 1 1 1 1 
0 0 -3.44177e-16 3.71442e-15 2.24002e-14 -6.14714e-13 3.87836e-13 4.68458e-11 -9.87507e-11 -2.44758e-09 4.798e-09 9.94247e-08 -8.18879e-08 -3.17441e-06 -2.66157e-06 7.49763e-05 0.000217374 -0.0011167 -0.00716252 0.00342659 0.144673 0.5 0.855327 0.996573 1.00716 1.00112 0.999783 0.999925 1 1 1 1 1 1 1 1 1 1 1 1 1 1 1 
0 2.10693e-32 -3.50805e-16 1.67612e-14 -4.38803e-14 -1.2981e-12 5.88599e-12 7.03834e-11 -3.39769e-10 -3.13314e-09 1.16881e-08 1.18461e-07 -2.14294e-07 -3.62932e-06 -1.08625e-06 8.29017e-05 0.000209533 -0.00120601 -0.00721651 0.00404302 0.145901 0.5 0.854099 0.995957 1.00722 1.00121 0.99979 0.999917 1 1 1 1 1 1 1 1 1 1 1 1 1 1 1 
-2.10693e-32 -8.49659e-32 2.13956e-15 3.32371e-14 -2.48396e-13 -1.76049e-12 1.57725e-11 8.05581e-11 -6.69829e-10 -3.44712e-09 1.97122e-08 1.30458e-07 -3.53277e-07 -3.97171e-06 4.63839e-07 8.91784e-05 0.000201682 -0.00127656 -0.0072525 0.0045232 0.146837 0.5 0.853163 0.995477 1.00725 1.00128 0.999798 0.999911 1 1 1 1 1 1 1 1 1 1 1 1 1 1 1 
8.49659e-32 3.06267e-30 9.22195e-15 3.66623e-14 -6.05093e-13 -1.5063e-12 2.90261e-11 6.9546e-11 -1.04882e-09 -3.33911e-09 2.8073e-08 1.35925e-07 -4.88682e-07 -4.21961e-06 1.90354e-06 9.41136e-05 0.000194409 -0.00133218 -0.00727697 0.00489713 0.147555 0.5 0.852445 0.995103 1.00728 1.00133 0.999806 0.999906 0.999998 1 1 1 1 1 1 1 1 1 1 1 1 1 1 
-3.06267e-30 3.15479e-29 2.0971e-14 6.75401e-15 -1.06575e-12 -1.75727e-13 4.37507e-11 3.47418e-11 -1.43562e-09 -2.84246e-09 3.6161e-08 1.3609e-07 -6.14236e-07 -4.3933e-06 3.19097e-06 9.79819e-05 0.00018798 -0.00137597 -0.00729397 0.00518826 0.148107 0.5 0.851893 0.994812 1.00729 1.00138 0.999812 0.999902 0.999997 1 1 1 1 1 1 1 1 1 1 1 1 1 1 
-3.15479e-29 1.2629e-28 3.47052e-14 -7.17229e-14 -1.54057e-12 2.35341e-12 5.79089e-11 -2.1931e-11 -1.79755e-09 -2.03784e-09 4.35858e-08 1.32386e-07 -7.26726e-07 -4.51138e-06 4.31239e-06 0.000101013 0.000182468 -0.00141043 -0.00730606 0.00541488 0.148533 0.5 0.851467 0.994585 1.00731 1.00141 0.999818 0.999899 0.999996 1 1 1 1 1 1 1 1 1 1 1 1 1 1 
-1.2629e-28 2.97793e-28 4.57552e-14 -2.03665e-13 -1.93068e-12 5.97489e-12 6.98489e-11 -9.57063e-11 -2.11368e-09 -1.02206e-09 5.01472e-08 1.26149e-07 -8.25074e-07 -4.58931e-06 5.27083e-06 0.00010339 0.000177845 -0.00143755 -0.00731486 0.00559125 0.148862 0.5 0.851138 0.994409 1.00731 1.00144 0.999822 0.999897 0.999995 1 1 1 1 1 1 1 1 1 1 1 1 1 1 
-2.97793e-28 4.64876e-28 4.90218e-14 -3.83177e-13 -2.15525e-12 1.04268e-11 7.8541e-11 -1.80685e-10 -2.37418e-09 1.12356e-10 5.57847e-08 1.18486e-07 -9.0954e-07 -4.63914e-06 6.07848e-06 0.000105259 0.000174028 -0.00145889 -0.00732142 0.00572847 0.149117 0.5 0.850883 0.994272 1.00732 1.00146 0.999826 0.999895 0.999994 1 1 1 1 1 1 1 1 1 1 1 1 1 1 
-4.64876e-28 4.8363e-28 4.04551e-14 -5.96522e-13 -2.16584e-12 1.53792e-11 8.35829e-11 -2.71107e-10 -2.5777e-09 1.2879e-09 6.05285e-08 1.10236e-07 -9.81139e-07 -4.66986e-06 6.7517e-06 0.000106732 0.000170917 -0.00147568 -0.00732641 0.00583519 0.149314 0.5 0.850686 0.994165 1.00733 1.00148 0.999829 0.999893 0.999993 1 1 1 1 1 1 1 1 1 1 1 1 1 1 
-4.8363e-28 2.91826e-28 1.79328e-14 -8.26331e-13 -1.9486e-12 2.05066e-11 8.50747e-11 -3.62088e-10 -2.72848e-09 2.4457e-09 6.44594e-08 1.01996e-07 -1.04124e-06 -4.68797e-06 7.3081e-06 0.000107896 0.000168406 -0.00148888 -0.00733028 0.00591816 0.149467 0.5 0.850533 0.994082 1.00733 1.00149 0.999832 0.999892 0.999993 1 1 1 1 1 1 1 1 1 1 1 1 1 1 
-2.91826e-28 5.57638e-29 -1.85579e-14 -1.0554e-12 -1.51837e-12 2.55335e-11 8.34502e-11 -4.49921e-10 -2.83379e-09 3.54492e-09 6.76809e-08 9.41547e-08 -1.09133e-06 -4.69802e-06 7.76478e-06 0.00010882 0.000166396 -0.00149926 -0.00733333 0.00598262 0.149586 0.5 0.850414 0.994017 1.00733 1.0015 0.999834 0.999891 0.999992 1 1 1 1 1 1 1 1 1 1 1 1 1 1 
-5.57638e-29 2.16998e-28 -6.72638e-14 -1.26933e-12 -9.09298e-13 3.02554e-11 7.9318e-11 -5.32083e-10 -2.90199e-09 4.56012e-09 7.03009e-08 8.69444e-08 -1.13284e-06 -4.70312e-06 8.13747e-06 0.000109554 0.000164799 -0.00150742 -0.00733577 0.00603267 0.149678 0.5 0.850322 0.993967 1.00734 1.00151 0.999835 0.99989 0.999992 1 1 1 1 1 1 1 1 1 1 1 1 1 1 
-2.16998e-28 1.41119e-27 -1.25274e-13 -1.45775e-12 -1.65384e-13 3.4541e-11 7.33367e-11 -6.07081e-10 -2.94136e-09 5.47792e-09 7.24214e-08 8.04816e-08 -1.16709e-06 -4.70534e-06 8.44012e-06 0.000110138 0.000163538 -0.00151382 -0.00733772 0.00607151 0.14975 0.5 0.85025 0.993928 1.00734 1.00151 0.999836 0.99989 0.999992 1 1 1 1 1 1 1 1 1 1 1 1 1 1 
-1.41119e-27 4.25826e-27 -1.89165e-13 -1.61457e-12 6.67293e-13 3.83226e-11 6.61318e-11 -6.74236e-10 -2.95931e-09 6.2938e-09 7.41331e-08 7.48026e-08 -1.19526e-06 -4.70601e-06 8.68486e-06 0.000110605 0.000162548 -0.00151885 -0.00733931 0.00610163 0.149806 0.5 0.850194 0.993898 1.00734 1.00152 0.999837 0.999889 0.999991 1 1 1 1 1 1 1 1 1 1 1 1 1 1 
-4.25826e-27 9.20126e-27 -2.55547e-13 -1.73751e-12 1.54594e-12 4.15831e-11 5.82479e-11 -7.33457e-10 -2.96211e-09 7.0093e-09 7.55139e-08 6.9891e-08 -1.21838e-06 -4.70595e-06 8.882e-06 0.000110978 0.000161774 -0.00152279 -0.00734059 0.00612498 0.149849 0.5 0.850151 0.993875 1.00734 1.00152 0.999838 0.999889 0.999991 1 1 1 1 1 1 1 1 1 1 1 1 1 1 
-9.20126e-27 1.63612e-26 -3.21431e-13 -1.82722e-12 2.43414e-12 4.43405e-11 5.01277e-11 -7.85056e-10 -2.95481e-09 7.62988e-09 7.66285e-08 6.56984e-08 -1.2373e-06 -4.70565e-06 9.04025e-06 0.000111277 0.000161173 -0.00152587 -0.00734164 0.00614305 0.149882 0.5 0.850118 0.993857 1.00734 1.00153 0.999839 0.999889 0.999991 1 1 1 1 1 1 1 1 1 1 1 1 1 1 
-1.63612e-26 2.5532e-26 -3.8444e-13 -1.88642e-12 3.30314e-12 4.66354e-11 4.21099e-11 -8.29582e-10 -2.9413e-09 8.16321e-09 7.75299e-08 6.21589e-08 -1.25276e-06 -4.70538e-06 9.16687e-06 0.000111516 0.000160708 -0.00152829 -0.00734249 0.00615703 0.149908 0.5 0.850092 0.993843 1.00734 1.00153 0.999839 0.999888 0.999991 1 1 1 1 1 1 1 1 1 1 1 1 1 1 
-2.5532e-26 3.62852e-26 -4.42873e-13 -1.91906e-12 4.13185e-12 4.85205e-11 3.44377e-11 -8.67714e-10 -2.92446e-09 8.61804e-09 7.82608e-08 5.91991e-08 -1.26537e-06 -4.70526e-06 9.26787e-06 0.000111708 0.00016035 -0.00153017 -0.00734318 0.00616784 0.149928 0.5 0.850072 0.993832 1.00734 1.00153 0.99984 0.999888 0.999991 1 1 1 1 1 1 1 1 1 1 1 1 1 1 
-3.62852e-26 4.80234e-26 -4.95668e-13 -1.92966e-12 4.90609e-12 5.00524e-11 2.72725e-11 -9.00173e-10 -2.90634e-09 9.0034e-09 7.88555e-08 5.67446e-08 -1.27564e-06 -4.70534e-06 9.34818e-06 0.000111862 0.000160076 -0.00153164 -0.00734375 0.0061762 0.149944 0.5 0.850056 0.993824 1.00734 1.00153 0.99984 0.999888 0.999991 1 1 1 1 1 1 1 1 1 1 1 1 1 1 
-4.80234e-26 6.0114e-26 -5.42315e-13 -1.92277e-12 5.61752e-12 5.1287e-11 2.07098e-11 -9.27673e-10 -2.88835e-09 9.32804e-09 7.93409e-08 5.47245e-08 -1.28399e-06 -4.7056e-06 9.41186e-06 0.000111985 0.000159866 -0.00153279 -0.0073442 0.00618264 0.149956 0.5 0.850044 0.993817 1.00734 1.00153 0.99984 0.999888 0.999991 1 1 1 1 1 1 1 1 1 1 1 1 1 1 
-6.0114e-26 7.20574e-26 -5.82736e-13 -1.90268e-12 6.26238e-12 5.2276e-11 1.47942e-11 -9.50883e-10 -2.87138e-09 9.60018e-09 7.97387e-08 5.30732e-08 -1.29078e-06 -4.70603e-06 9.4622e-06 0.000112083 0.000159707 -0.00153368 -0.00734457 0.00618762 0.149965 0.5 0.850035 0.993812 1.00734 1.00153 0.99984 0.999888 0.999991 1 1 1 1 1 1 1 1 1 1 1 1 1 1 
-7.20574e-26 8.33253e-26 -6.17171e-13 -1.87322e-12 6.84033e-12 5.30652e-11 9.53258e-12 -9.70416e-10 -2.85595e-09 9.8273e-09 8.00658e-08 5.17318e-08 -1.29628e-06 -4.70658e-06 9.50188e-06 0.000112162 0.000159586 -0.00153437 -0.00734487 0.00619145 0.149973 0.5 0.850027 0.993809 1.00734 1.00153 0.99984 0.999888 0.99999 1 1 1 1 1 1 1 1 1 1 1 1 1 1 
-8.33253e-26 9.36664e-26 -6.46068e-13 -1.83762e-12 7.35347e-12 5.36939e-11 4.90556e-12 -9.86816e-10 -2.84231e-09 1.00161e-08 8.03355e-08 5.06489e-08 -1.30073e-06 -4.7072e-06 9.53308e-06 0.000112225 0.000159496 -0.0015349 -0.0073451 0.0061944 0.149978 0.5 0.850022 0.993806 1.00735 1.00153 0.999841 0.999888 0.99999 1 1 1 1 1 1 1 1 1 1 1 1 1 1 
-9.36664e-26 1.02846e-25 -6.69995e-13 -1.79856e-12 7.8055e-12 5.41952e-11 8.76449e-13 -1.00056e-09 -2.83052e-09 1.01724e-08 8.05587e-08 4.97795e-08 -1.30433e-06 -4.70787e-06 9.55752e-06 0.000112275 0.000159428 -0.00153532 -0.00734529 0.00619667 0.149982 0.5 0.850018 0.993803 1.00735 1.00154 0.999841 0.999888 0.99999 1 1 1 1 1 1 1 1 1 1 1 1 1 1 
-1.02846e-25 1.10826e-25 -6.89571e-13 -1.75814e-12 8.20106e-12 5.4596e-11 -2.60185e-12 -1.01206e-09 -2.82054e-09 1.03015e-08 8.07437e-08 4.90855e-08 -1.30723e-06 -4.70855e-06 9.57662e-06 0.000112315 0.000159377 -0.00153564 -0.00734544 0.00619842 0.149986 0.5 0.850014 0.993802 1.00735 1.00154 0.999841 0.999888 0.99999 1 1 1 1 1 1 1 1 1 1 1 1 1 1 
-1.10826e-25 1.17611e-25 -7.05416e-13 -1.71796e-12 8.54527e-12 5.49181e-11 -5.58165e-12 -1.02168e-09 -2.81223e-09 1.04076e-08 8.08974e-08 4.85345e-08 -1.30957e-06 -4.70922e-06 9.5915e-06 0.000112346 0.000159339 -0.00153589 -0.00734556 0.00619977 0.149988 0.5 0.850012 0.9938 1.00735 1.00154 0.999841 0.999888 0.99999 1 1 1 1 1 1 1 1 1 1 1 1 1 1 
-1.17611e-25 1.23277e-25 -7.18119e-13 -1.67918e-12 8.84334e-12 5.51788e-11 -8.11676e-12 -1.02971e-09 -2.80542e-09 1.04947e-08 8.10252e-08 4.80994e-08 -1.31145e-06 -4.70986e-06 9.60305e-06 0.000112371 0.000159311 -0.00153608 -0.00734566 0.0062008 0.14999 0.5 0.85001 0.993799 1.00735 1.00154 0.999841 0.999888 0.99999 1 1 1 1 1 1 1 1 1 1 1 1 1 1 
-1.23277e-25 1.27993e-25 -7.28215e-13 -1.64261e-12 9.10039e-12 5.53918e-11 -1.02599e-11 -1.0364e-09 -2.79993e-09 1.05659e-08 8.11317e-08 4.77579e-08 -1.31296e-06 -4.71046e-06 9.61199e-06 0.000112391 0.000159291 -0.00153622 -0.00734573 0.0062016 0.149992 0.5 0.850008 0.993798 1.00735 1.00154 0.999841 0.999888 0.99999 1 1 1 1 1 1 1 1 1 1 1 1 1 1 
-1.27993e-25 1.318e-25 -7.3618e-13 -1.60874e-12 9.32126e-12 5.55673e-11 -1.20611e-11 -1.04198e-09 -2.79557e-09 1.06239e-08 8.12203e-08 4.74912e-08 -1.31416e-06 -4.71101e-06 9.61889e-06 0.000112407 0.000159276 -0.00153633 -0.00734579 0.00620221 0.149993 0.5 0.850007 0.993798 1.00735 1.00154 0.999841 0.999888 0.99999 1 1 1 1 1 1 1 1 1 1 1 1 1 1 
-1.318e-25 1.34864e-25 -7.42421e-13 -1.57785e-12 9.51044e-12 5.57137e-11 -1.35666e-11 -1.04662e-09 -2.79216e-09 1.06711e-08 8.12941e-08 4.72842e-08 -1.31513e-06 -4.7115e-06 9.62419e-06 0.000112419 0.000159265 -0.00153642 -0.00734583 0.00620268 0.149994 0.5 0.850006 0.993797 1.00735 1.00154 0.999841 0.999888 0.99999 1 1 1 1 1 1 1 1 1 1 1 1 1 1 
-1.34864e-25 1.37262e-25 -7.47284e-13 -1.55005e-12 9.67199e-12 5.5837e-11 -1.48185e-11 -1.05049e-09 -2.78954e-09 1.07093e-08 8.13555e-08 4.71246e-08 -1.31589e-06 -4.71194e-06 9.62825e-06 0.000112429 0.000159257 -0.00153649 -0.00734586 0.00620304 0.149995 0.5 0.850005 0.993797 1.00735 1.00154 0.999841 0.999888 0.99999 1 1 1 1 1 1 1 1 1 1 1 1 1 1 
-1.37262e-25 1.39195e-25 -7.51058e-13 -1.52531e-12 9.80961e-12 5.5942e-11 -1.58541e-11 -1.05369e-09 -2.78758e-09 1.07401e-08 8.14065e-08 4.70022e-08 -1.3165e-06 -4.71233e-06 9.63136e-06 0.000112437 0.000159251 -0.00153654 -0.00734589 0.00620331 0.149995 0.5 0.850005 0.993797 1.00735 1.00154 0.999841 0.999888 0.99999 1 1 1 1 1 1 1 1 1 1 1 1 1 1 
-1.39195e-25 1.40689e-25 -7.53976e-13 -1.5035e-12 9.92653e-12 5.60321e-11 -1.67068e-11 -1.05636e-09 -2.78613e-09 1.0765e-08 8.14489e-08 4.69091e-08 -1.31699e-06 -4.71266e-06 9.63371e-06 0.000112443 0.000159247 -0.00153657 -0.00734591 0.00620353 0.149996 0.5 0.850004 0.993796 1.00735 1.00154 0.999841 0.999888 0.99999 1 1 1 1 1 1 1 1 1 1 1 1 1 1 
-1.40689e-25 1.41871e-25 -7.5623e-13 -1.48445e-12 1.00257e-11 5.61101e-11 -1.74055e-11 -1.05856e-09 -2.78509e-09 1.0785e-08 8.1484e-08 4.68388e-08 -1.31737e-06 -4.71295e-06 9.6355e-06 0.000112447 0.000159244 -0.0015366 -0.00734593 0.00620369 0.149996 0.5 0.850004 0.993796 1.00735 1.00154 0.999841 0.999888 0.99999 1 1 1 1 1 1 1 1 1 1 1 1 1 1 
-1.41871e-25 1.42781e-25 -7.57969e-13 -1.46793e-12 1.01095e-11 5.61781e-11 -1.79752e-11 -1.06039e-09 -2.78438e-09 1.0801e-08 8.15131e-08 4.67862e-08 -1.31767e-06 -4.7132e-06 9.63685e-06 0.000112451 0.000159242 -0.00153662 -0.00734594 0.00620382 0.149996 0.5 0.850004 0.993796 1.00735 1.00154 0.999841 0.999888 0.99999 1 1 1 1 1 1 1 1 1 1 1 1 1 1 
-1.42781e-25 1.43494e-25 -7.59314e-13 -1.45372e-12 1.01803e-11 5.62375e-11 -1.84377e-11 -1.06189e-09 -2.78391e-09 1.08138e-08 8.15371e-08 4.67472e-08 -1.31791e-06 -4.71341e-06 9.63786e-06 0.000112454 0.00015924 -0.00153664 -0.00734595 0.00620391 0.149996 0.5 0.850004 0.993796 1.00735 1.00154 0.999841 0.999888 0.99999 1 1 1 1 1 1 1 1 1 1 1 1 1 1 
-1.43494e-25 1.44045e-25 -7.60357e-13 -1.44157e-12 1.02399e-11 5.62897e-11 -1.88112e-11 -1.06313e-09 -2.78363e-09 1.08239e-08 8.15569e-08 4.67185e-08 -1.31809e-06 -4.71359e-06 9.63862e-06 0.000112456 0.000159239 -0.00153665 -0.00734595 0.00620399 0.149996 0.5 0.850004 0.993796 1.00735 1.00154 0.999841 0.999888 0.99999 1 1 1 1 1 1 1 1 1 1 1 1 1 1 
-1.44045e-25 1.4444e-25 -7.61172e-13 -1.43126e-12 1.029e-11 5.63356e-11 -1.91114e-11 -1.06416e-09 -2.78349e-09 1.0832e-08 8.15731e-08 4.66977e-08 -1.31824e-06 -4.71373e-06 9.63918e-06 0.000112458 0.000159238 -0.00153666 -0.00734596 0.00620405 0.149997 0.5 0.850003 0.993796 1.00735 1.00154 0.999841 0.999888 0.99999 1 1 1 1 1 1 1 1 1 1 1 1 1 1 
-1.4444e-25 1.44793e-25 -7.61812e-13 -1.42255e-12 1.0332e-11 5.63761e-11 -1.93515e-11 -1.065e-09 -2.78345e-09 1.08383e-08 8.15864e-08 4.66829e-08 -1.31835e-06 -4.71386e-06 9.6396e-06 0.000112459 0.000159238 -0.00153667 -0.00734596 0.00620409 0.149997 0.5 0.850003 0.993796 1.00735 1.00154 0.999841 0.999888 0.99999 1 1 1 1 1 1 1 1 1 1 1 1 1 1 
-1.44793e-25 1.45046e-25 -7.62321e-13 -1.41524e-12 1.03672e-11 5.64116e-11 -1.95425e-11 -1.06568e-09 -2.78348e-09 1.08433e-08 8.15973e-08 4.66725e-08 -1.31844e-06 -4.71396e-06 9.63991e-06 0.00011246 0.000159238 -0.00153668 -0.00734596 0.00620413 0.149997 0.5 0.850003 0.993796 1.00735 1.00154 0.999841 0.999888 0.99999 1 1 1 1 1 1 1 1 1 1 1 1 1 1 
-1.45046e-25 1.45265e-25 -7.6273e-13 -1.40913e-12 1.03966e-11 5.64428e-11 -1.96935e-11 -1.06625e-09 -2.78356e-09 1.08472e-08 8.16062e-08 4.66654e-08 -1.31851e-06 -4.71404e-06 9.64014e-06 0.00011246 0.000159237 -0.00153668 -0.00734597 0.00620415 0.149997 0.5 0.850003 0.993796 1.00735 1.00154 0.999841 0.999888 0.99999 1 1 1 1 1 1 1 1 1 1 1 1 1 1 
