1 1 0.9875 0.975 0.9625 0.95 0.9375 0.925 0.9125 0.9 0.8875 0.875 0.8625 0.85 0.8375 0.825 0.8125 0.8 0.7875 0.775 0.7625 0.75 0.7375 0.725 0.7125 0.7 0.6875 0.675 0.6625 0.65 0.6375 0.625 0.6125 0.6 0.5875 0.575 0.5625 0.55 0.5375 0.525 0.5125 0.5 0.5 
1 1 1.00979 0.989625 0.976938 0.96425 0.951563 0.938875 0.926188 0.9135 0.900813 0.888125 0.875438 0.86275 0.850063 0.837375 0.824688 0.812 0.799313 0.786625 0.773938 0.76125 0.748563 0.735875 0.723188 0.7105 0.697813 0.685125 0.672438 0.65975 0.647063 0.634375 0.621688 0.609 0.596313 0.583625 0.570938 0.55825 0.545563 0.532875 0.520188 0.503773 0.5 
1 1 0.998099 1.02422 0.988464 0.978788 0.96591 0.953031 0.940152 0.927273 0.914394 0.901516 0.888637 0.875758 0.862879 0.85 0.837122 0.824243 0.811364 0.798485 0.785606 0.772728 0.759849 0.74697 0.734091 0.721212 0.708334 0.695455 0.682576 0.669697 0.656819 0.64394 0.631061 0.618182 0.605303 0.592425 0.579546 0.566667 0.553788 0.540909 0.527906 0.513694 0.496227 
1 1 1.00032 0.993275 1.04102 0.984861 0.982529 0.967411 0.954338 0.941265 0.928192 0.915119 0.902046 0.888972 0.875899 0.862826 0.849753 0.83668 0.823607 0.810534 0.797461 0.784387 0.771314 0.758241 0.745168 0.732095 0.719022 0.705949 0.692876 0.679802 0.666729 0.653656 0.640583 0.62751 0.614437 0.601364 0.588291 0.575217 0.562144 0.549071 0.535972 0.521862 0.486306 
1 1 0.99995 1.00137 0.98504 1.05307 0.982931 0.992312 0.967675 0.955449 0.942179 0.928909 0.915639 0.902369 0.889099 0.875829 0.862559 0.849288 0.836018 0.822748 0.809478 0.796208 0.782938 0.769668 0.756397 0.743127 0.729857 0.716587 0.703317 0.690047 0.676777 0.663507 0.650236 0.636966 0.623696 0.610426 0.597156 0.583886 0.570616 0.557346 0.544062 0.528925 0.478138 
1 1 1.00001 0.999751 1.00353 0.974071 1.06429 0.981755 1.00595 0.964695 0.957013 0.942956 0.929485 0.916014 0.902543 0.889073 0.875602 0.862131 0.84866 0.835189 0.821719 0.808248 0.794777 0.781306 0.767835 0.754365 0.740894 0.727423 0.713952 0.700481 0.687011 0.67354 0.660069 0.646598 0.633127 0.619657 0.606186 0.592715 0.579244 0.565774 0.552267 0.536347 0.471075 
1 1 0.999999 1.00004 0.999262 1.00691 0.960615 1.07696 0.978837 1.01857 0.960773 0.961969 0.9433 0.929927 0.916252 0.902576 0.888901 0.875225 0.86155 0.847875 0.834199 0.820524 0.806848 0.793173 0.779498 0.765822 0.752147 0.738471 0.724796 0.711121 0.697445 0.68377 0.670095 0.656419 0.642744 0.629068 0.615393 0.601718 0.588042 0.574367 0.560633 0.543999 0.463653 
1 1 1 0.999994 1.00013 0.998362 1.01136 0.944888 1.09122 0.974355 1.02451 0.960688 0.972363 0.941538 0.930371 0.91633 0.902446 0.888562 0.874678 0.860794 0.846911 0.833027 0.819143 0.805259 0.791375 0.777492 0.763608 0.749724 0.73584 0.721957 0.708073 0.694189 0.680305 0.666421 0.652538 0.638654 0.62477 0.610886 0.597003 0.583119 0.569154 0.551884 0.456001 
1 1 1 1 0.999981 1.0003 0.996996 1.01639 0.927395 1.10709 0.969387 1.03035 0.959954 0.984144 0.937247 0.932084 0.916146 0.902128 0.888033 0.873937 0.859841 0.845745 0.83165 0.817554 0.803458 0.789362 0.775267 0.761171 0.747075 0.732979 0.718884 0.704788 0.690692 0.676596 0.6625 0.648405 0.634309 0.620213 0.606117 0.592022 0.577824 0.559975 0.448116 
1 1 1 1 1 0.999954 1.00058 0.995228 1.02115 0.908956 1.12435 0.964278 1.03589 0.958657 0.991251 0.933675 0.938398 0.914953 0.901639 0.887289 0.872978 0.858667 0.844356 0.830045 0.815734 0.801423 0.787112 0.772801 0.758489 0.744178 0.729867 0.715556 0.701245 0.686934 0.672623 0.658312 0.644 0.629689 0.615378 0.601067 0.586636 0.568249 0.440025 
1 1 1 1 1 1.00001 0.999912 1.00092 0.993257 1.02451 0.890635 1.14269 0.959453 1.04086 0.957335 0.992818 0.933679 0.947917 0.911134 0.90139 0.886294 0.871783 0.857253 0.842723 0.828193 0.813664 0.799134 0.784604 0.770075 0.755545 0.741015 0.726485 0.711956 0.697426 0.682896 0.668367 0.653837 0.639307 0.624778 0.610248 0.595582 0.576691 0.431751 
1 1 1 1 1 0.999999 1.00001 0.999861 1.00128 0.991398 1.02526 0.873583 1.16171 0.955357 1.04498 0.956484 0.993501 0.93385 0.955708 0.906187 0.903261 0.884804 0.870341 0.855582 0.84083 0.826079 0.811328 0.796576 0.781825 0.767073 0.752322 0.73757 0.722819 0.708068 0.693316 0.678565 0.663813 0.649062 0.634311 0.619559 0.604656 0.585287 0.423309 
1 1 1 1 1 1 0.999999 1.00002 0.999813 1.00157 0.989991 1.02234 0.858835 1.18099 0.952387 1.04796 0.95622 0.993229 0.934377 0.956534 0.903693 0.909575 0.881777 0.868759 0.853639 0.838666 0.82369 0.808714 0.793738 0.778762 0.763786 0.748809 0.733833 0.718857 0.703881 0.688905 0.673928 0.658952 0.643976 0.629 0.613859 0.59403 0.414713 
1 1 1 1 1 1 1 0.999999 1.00002 0.999784 1.00171 0.989267 1.0151 0.84713 1.20016 0.950832 1.04963 0.956575 0.992012 0.935248 0.953632 0.904156 0.916584 0.876489 0.867738 0.851362 0.836226 0.821021 0.805816 0.790612 0.775408 0.760204 0.745 0.729796 0.714592 0.699388 0.684184 0.66898 0.653776 0.638571 0.62319 0.602916 0.40597 
1 1 1 1 1 1 1 1 0.999999 1.00002 0.999783 1.00165 0.989214 1.00351 0.838831 1.21894 0.950822 1.04991 0.95749 0.989941 0.936272 0.950108 0.905271 0.919717 0.871233 0.869202 0.848381 0.833532 0.818066 0.802631 0.787196 0.771761 0.756326 0.74089 0.725455 0.71002 0.694585 0.67915 0.663714 0.648279 0.632655 0.611946 0.397084 
1 1 1 1 1 1 1 1 1 0.999999 1.00001 0.99981 1.0014 0.989488 0.988169 0.833928 1.23718 0.952326 1.04881 0.958834 0.987157 0.937261 0.94622 0.90674 0.915712 0.869373 0.873988 0.843712 0.830777 0.814815 0.799158 0.783488 0.767818 0.752149 0.736479 0.720809 0.705139 0.68947 0.6738 0.65813 0.642261 0.621125 0.388054 
1 1 1 1 1 1 1 1 1 1 1 1.00001 0.999857 1.00224 0.988195 0.970215 0.832141 1.2548 0.955173 1.04644 0.960427 0.983829 0.938036 0.942218 0.907782 0.909489 0.870086 0.877827 0.837467 0.828751 0.811176 0.795401 0.779488 0.76358 0.747672 0.731764 0.715857 0.699949 0.684041 0.668132 0.652016 0.630458 0.378875 
1 1 1 1 1 1 1 1 1 1 1 1 1 0.999959 1.00798 0.982768 0.949002 0.833029 1.2718 0.959088 1.04296 0.962073 0.980118 0.938458 0.938244 0.908006 0.903615 0.871357 0.877206 0.831803 0.828954 0.806748 0.791403 0.775195 0.759047 0.742897 0.726747 0.710597 0.694447 0.678297 0.661928 0.639952 0.369542 
1 1 1 1 1 1 1 1 1 1 1 1 1 0.999999 1.00038 1.01759 0.976711 0.922453 0.8361 1.28821 0.963742 1.03859 0.963584 0.976355 0.938245 0.938018 0.904193 0.897869 0.872381 0.870633 0.829244 0.831457 0.800811 0.787378 0.77059 0.754218 0.737821 0.721425 0.705029 0.688633 0.672009 0.649615 0.360048 
1 1 1 1 1 1 1 1 1 1 1 1 1 1 1.00002 1.00142 1.03237 0.973479 0.886104 0.840881 1.30407 0.968786 1.03353 0.964816 0.972429 0.938019 0.938343 0.899283 0.893574 0.8707 0.861954 0.829745 0.832456 0.793754 0.783977 0.765575 0.7491 0.732444 0.715797 0.69915 0.682268 0.659457 0.350385 
1 1 1 1 1 1 1 1 1 1 1 1 1 1 1 1.00007 1.00347 1.05194 0.96525 0.848317 0.846954 1.3194 0.973883 1.02799 0.965643 0.968265 0.938064 0.936919 0.894774 0.894252 0.864591 0.853063 0.830383 0.829386 0.787315 0.782183 0.759824 0.743732 0.726759 0.70986 0.692714 0.669484 0.340543 
1 1 1 1 1 1 1 1 1 1 1 1 1 1 1 1.00001 1.00016 1.00685 1.0804 0.910175 0.846954 0.853968 1.33421 0.978734 1.02217 0.965959 0.96522 0.936947 0.930278 0.89426 0.896138 0.857841 0.844893 0.829405 0.821837 0.783032 0.781982 0.752865 0.73828 0.720745 0.703359 0.679707 0.330516 
1 1 1 1 1 1 1 1 1 1 1 1 1 1 1 1 1.00002 1.00027 1.01191 1.10665 0.852818 0.848524 0.861715 1.34848 0.983086 1.01686 0.965237 0.966421 0.93157 0.922814 0.894626 0.896953 0.850726 0.840784 0.823967 0.810727 0.782009 0.78077 0.744965 0.73316 0.714063 0.690147 0.320293 
1 1 1 1 1 1 1 1 1 1 1 1 1 1 1 1 1 1.00004 1.00022 1.01862 1.07737 0.848525 0.851403 0.870062 1.36216 0.986805 1.01076 0.965403 0.9678 0.925275 0.915386 0.895098 0.893827 0.844363 0.839136 0.818014 0.7996 0.780801 0.77625 0.737348 0.728807 0.70013 0.309853 
1 1 1 1 1 1 1 1 1 1 1 1 1 1 1 1 1 0.999998 1.00007 0.997536 1.02785 1.04266 0.848923 0.855697 0.87885 1.37517 0.989683 1.00489 0.965759 0.968343 0.91893 0.90914 0.893857 0.886042 0.840079 0.840023 0.811676 0.79039 0.776781 0.768188 0.730557 0.717941 0.29987 
1 1 1 1 1 1 1 1 1 1 1 1 1 1 1 1 1 1 1.00001 0.999744 0.990275 1.04007 1.00882 0.849294 0.861866 0.88789 1.38743 0.991655 0.999401 0.966162 0.967133 0.912952 0.907177 0.888293 0.873739 0.840023 0.841664 0.802331 0.783613 0.771081 0.76109 0.718969 0.282059 
1 1 1 1 1 1 1 1 1 1 1 1 1 1 1 1 1 1 1 0.999978 0.998418 0.996348 1.04164 0.972351 0.848881 0.87084 0.896936 1.39885 0.992732 0.994416 0.966322 0.9615 0.908494 0.908668 0.88184 0.86102 0.840471 0.840785 0.791793 0.777732 0.765127 0.746943 0.281031 
1 1 1 1 1 1 1 1 1 1 1 1 1 1 1 1 1 1 1 0.999998 1.0004 0.997477 1.00205 1.05649 0.921043 0.846511 0.884238 0.905648 1.40933 0.99298 0.993822 0.961972 0.95065 0.908532 0.912201 0.874469 0.847826 0.840558 0.834851 0.783088 0.772686 0.755307 0.253057 
1 1 1 1 1 1 1 1 1 1 1 1 1 1 1 1 1 1 1 1 1.00006 0.999961 0.997831 1.0091 1.07855 0.859125 0.844135 0.900937 0.913619 1.4188 0.99311 0.996683 0.953973 0.939575 0.909357 0.916273 0.859123 0.84344 0.836843 0.824926 0.775958 0.763985 0.244693 
1 1 1 1 1 1 1 1 1 1 1 1 1 1 1 1 1 1 1 1 1.00001 1.00005 0.999627 0.998014 1.01876 1.04968 0.844185 0.849752 0.912908 0.920754 1.4273 0.993677 0.999566 0.945174 0.928555 0.910934 0.912539 0.84821 0.839521 0.833232 0.814563 0.764597 0.236015 
1 1 1 1 1 1 1 1 1 1 1 1 1 1 1 1 1 1 1 1 1 1.00002 1.00006 0.999282 0.992911 1.03106 1.00778 0.84544 0.860503 0.920567 0.927402 1.43498 0.994631 1.00162 0.93611 0.918113 0.911308 0.901879 0.842536 0.83608 0.830339 0.796587 0.235403 
1 1 1 1 1 1 1 1 1 1 1 1 1 1 1 1 1 1 1 1 1 0.999998 1.00003 1.00002 0.998139 0.998775 1.03037 0.968484 0.847195 0.873187 0.927263 0.933682 1.44198 0.995787 1.00217 0.92364 0.914414 0.907673 0.889197 0.83837 0.83276 0.820163 0.203413 
1 1 1 1 1 1 1 1 1 1 1 1 1 1 1 1 1 1 1 1 1 1 1 1.00003 0.999699 0.998236 1.0037 1.03989 0.918895 0.847164 0.889267 0.93355 0.93959 1.44838 0.996864 0.993529 0.917846 0.911085 0.905748 0.874385 0.83425 0.827553 0.179837 
1 1 1 1 1 1 1 1 1 1 1 1 1 1 1 1 1 1 1 1 1 1 1 1.00001 1.00003 0.999389 0.998497 1.00993 1.05632 0.860402 0.843308 0.911184 0.939448 0.945125 1.45698 0.99365 0.982733 0.913603 0.907949 0.907778 0.856217 0.827724 0.172447 
1 1 1 1 1 1 1 1 1 1 1 1 1 1 1 1 1 1 1 1 1 1 1 0.999999 1.00001 1.00016 0.998983 0.998262 1.01906 1.02695 0.843397 0.843826 0.93199 0.944904 0.950695 1.47012 0.984098 0.970441 0.908105 0.907779 0.908869 0.833129 0.172276 
1 1 1 1 1 1 1 1 1 1 1 1 1 1 1 1 1 1 1 1 1 1 1 1 1 1.00004 1.00037 0.998421 0.996179 1.02612 0.983509 0.843529 0.85841 0.940967 0.949893 0.956974 1.4818 0.972708 0.953881 0.907779 0.908061 0.892728 0.166871 
1 1 1 1 1 1 1 1 1 1 1 1 1 1 1 1 1 1 1 1 1 1 1 1 1 1 1.00011 1.00078 0.997208 1.0016 1.02757 0.937689 0.846347 0.875871 0.946463 0.954783 0.963613 1.49334 0.958974 0.937459 0.907853 0.904124 0.107272 
1 1 1 1 1 1 1 1 1 1 1 1 1 1 1 1 1 1 1 1 1 1 1 1 1 1 1.00001 1.00025 1.00008 0.997492 1.00698 1.04171 0.878772 0.848 0.895949 0.951503 0.959886 0.970527 1.50185 0.945151 0.92481 0.904179 0.0958757 
1 1 1 1 1 1 1 1 1 1 1 1 1 1 1 1 1 1 1 1 1 1 1 1 1 1 1 1.00006 1.00023 0.999547 0.997438 1.01523 1.0243 0.848718 0.845339 0.921445 0.956611 0.965288 0.97721 1.50456 0.932303 0.912161 0.0958209 
1 1 1 1 1 1 1 1 1 1 1 1 1 1 1 1 1 1 1 1 1 1 1 1 1 1 1 1 1.00011 1.00025 0.998958 0.995101 1.02277 0.982147 0.84534 0.846191 0.945638 0.961719 0.97095 0.982852 1.50321 0.912537 0.0878388 
1 1 1 1 1 1 1 1 1 1 1 1 1 1 1 1 1 1 1 1 1 1 1 1 1 1 1 1 0.999979 1.00018 1.0003 0.997861 1.00048 1.0233 0.936489 0.845611 0.86259 0.956055 0.965706 0.976829 0.987072 1.65455 0.0874629 
1 1 1 1 1 1 1 1 1 1 1 1 1 1 1 1 1 1 1 1 1 1 1 1 1 1 1 1 0.999995 0.999971 1.00028 0.999628 0.998367 1.00677 1.02695 0.875573 0.850201 0.889631 0.962281 0.96841 0.983603 1.01525 -0.654551 
1 1 1 1 1 1 1 1 1 1 1 1 1 1 1 1 1 1 1 1 1 1 1 1 1 1 1 1 1 0.999997 0.999919 1.0007 0.99953 0.993411 1.00649 1.06873 0.85089 0.832206 0.894155 0.965952 0.961852 0.985123 -0.015253 
1 1 1 1 1 1 1 1 1 1 1 1 1 1 1 1 1 1 1 1 1 1 1 1 1 1 1 1 1 1 1.00001 0.999824 1.00108 1.00002 0.988827 0.999192 1.10319 0.832334 0.802825 0.922264 0.966289 0.959687 0.0148766 
1 1 1 1 1 1 1 1 1 1 1 1 1 1 1 1 1 1 1 1 1 1 1 1 1 1 1 1 1 0.999997 1.00001 1.00002 0.999713 1.00128 1.00082 0.986873 0.985388 1.1434 0.803127 0.770501 0.960769 0.966652 0.0403133 
1 1 1 1 1 1 1 1 1 1 1 1 1 1 1 1 1 1 1 1 1 1 1 1 1 1 1 1 1 1 0.999994 1.00001 1.00004 0.999634 1.00132 1.00293 0.985405 0.966887 1.1774 0.770742 0.781969 0.966646 0.0333479 
1 1 1 1 1 1 1 1 1 1 1 1 1 1 1 1 1 1 1 1 1 1 1 1 1 1 1 1 1 1 1 0.999988 1.00001 1.00005 0.998741 1.00215 1.0119 0.976565 0.947368 1.17445 0.772543 0.802624 0.0333536 
1 1 1 1 1 1 1 1 1 1 1 1 1 1 1 1 1 1 1 1 1 1 1 1 1 1 1 1 1 1 1 1 0.999974 1.00003 1.00007 0.997579 1.00295 1.02962 0.958905 0.928296 1.17231 0.778417 0.197376 
1 1 1 1 1 1 1 1 1 1 1 1 1 1 1 1 1 1 1 1 1 1 1 1 1 1 1 1 1 1 1 1 1 0.999947 1.00005 1.00013 0.996382 1.00295 1.05584 0.932896 0.909968 1.30201 0.221583 
1 1 1 1 1 1 1 1 1 1 1 1 1 1 1 1 1 1 1 1 1 1 1 1 1 1 1 1 1 1 1 1 1 0.999997 0.999909 1.0001 0.999829 0.996157 1.0064 1.0644 0.910614 0.902386 -0.302006 
1 1 1 1 1 1 1 1 1 1 1 1 1 1 1 1 1 1 1 1 1 1 1 1 1 1 1 1 1 1 1 1 1 1 1.00001 0.999884 1.00016 1.00027 0.992847 0.998685 1.09021 0.902496 0.0976137 
1 1 1 1 1 1 1 1 1 1 1 1 1 1 1 1 1 1 1 1 1 1 1 1 1 1 1 1 1 1 1 1 1 1 1 1.00002 0.999755 1.00025 1.00098 0.991878 0.985398 1.14865 0.0975042 
1 1 1 1 1 1 1 1 1 1 1 1 1 1 1 1 1 1 1 1 1 1 1 1 1 1 1 1 1 1 1 1 1 1 1 0.999999 1.00003 0.999493 1.00046 1.00581 0.987643 0.966669 -0.148651 
1 1 1 1 1 1 1 1 1 1 1 1 1 1 1 1 1 1 1 1 1 1 1 1 1 1 1 1 1 1 1 1 1 1 1 1 0.999993 1.00014 0.999105 0.999606 1.01979 0.98112 0.033331 
1 1 1 1 1 1 1 1 1 1 1 1 1 1 1 1 1 1 1 1 1 1 1 1 1 1 1 1 1 1 1 1 1 1 1 1 1 0.999967 1.00032 0.999002 0.995825 1.02843 0.0188796 
1 1 1 1 1 1 1 1 1 1 1 1 1 1 1 1 1 1 1 1 1 1 1 1 1 1 1 1 1 1 1 1 1 1 1 1 1 1.00001 0.999909 1.00108 0.998981 0.989924 -0.0284278 
1 1 1 1 1 1 1 1 1 1 1 1 1 1 1 1 1 1 1 1 1 1 1 1 1 1 1 1 1 1 1 1 1 1 1 1 1 0.999998 1.00003 0.999675 1.00205 1.00027 0.0100756 
1 1 1 1 1 1 1 1 1 1 1 1 1 1 1 1 1 1 1 1 1 1 1 1 1 1 1 1 1 1 1 1 1 1 1 1 1 1 0.999993 1.0001 0.999204 1.00241 -0.000267161 
1 1 1 1 1 1 1 1 1 1 1 1 1 1 1 1 1 1 1 1 1 1 1 1 1 1 1 1 1 1 1 1 1 1 1 1 1 1 1 0.999973 1.00027 0.99857 -0.00240647 
1 1 1 1 1 1 1 1 1 1 1 1 1 1 1 1 1 1 1 1 1 1 1 1 1 1 1 1 1 1 1 1 1 1 1 1 1 1 1 1.00001 0.999913 1.00061 0.0014303 
1 1 1 1 1 1 1 1 1 1 1 1 1 1 1 1 1 1 1 1 1 1 1 1 1 1 1 1 1 1 1 1 1 1 1 1 1 1 1 0.999998 1.00003 0.999773 -0.000613452 
1 1 1 1 1 1 1 1 1 1 1 1 1 1 1 1 1 1 1 1 1 1 1 1 1 1 1 1 1 1 1 1 1 1 1 1 1 1 1 1 0.999992 1.00008 0.000226997 
1 1 1 1 1 1 1 1 1 1 1 1 1 1 1 1 1 1 1 1 1 1 1 1 1 1 1 1 1 1 1 1 1 1 1 1 1 1 1 1 1 0.999975 -7.71796e-05 
1 1 1 1 1 1 1 1 1 1 1 1 1 1 1 1 1 1 1 1 1 1 1 1 1 1 1 1 1 1 1 1 1 1 1 1 1 1 1 1 0.999999 1.00001 2.45888e-05 
1 1 1 1 1 1 1 1 1 1 1 1 1 1 1 1 1 1 1 1 1 1 1 1 1 1 1 1 1 1 1 1 1 1 1 1 1 1 1 1 1 0.999998 -7.40011e-06 
1 1 1 1 1 1 1 1 1 1 1 1 1 1 1 1 1 1 1 1 1 1 1 1 1 1 1 1 1 1 1 1 1 1 1 1 1 1 1 1 1 1 2.0964e-06 
1 1 1 1 1 1 1 1 1 1 1 1 1 1 1 1 1 1 1 1 1 1 1 1 1 1 1 1 1 1 1 1 1 1 1 1 1 1 1 1 1 1 -5.46089e-07 
1 1 1 1 1 1 1 1 1 1 1 1 1 1 1 1 1 1 1 1 1 1 1 1 1 1 1 1 1 1 1 1 1 1 1 1 1 1 1 1 1 1 1.23139e-07 
1 1 1 1 1 1 1 1 1 1 1 1 1 1 1 1 1 1 1 1 1 1 1 1 1 1 1 1 1 1 1 1 1 1 1 1 1 1 1 1 1 1 -1.63199e-08 
