0 0 0 0 0 0 0 0 0 0 0 0 0 0 0 0 0 0 0 0 0 0.5 1 1 1 1 1 1 1 1 1 1 1 1 1 1 1 1 1 1 1 1 1 
0 0 0 0 0 0 0 0 0 0 0 0 0 0 0 0 0 0 0 0 0.125 0.5 0.875 1 1 1 1 1 1 1 1 1 1 1 1 1 1 1 1 1 1 1 1 
0 0 0 0 0 0 0 0 0 0 0 0 0 0 0 0 0 0 0 0.03125 0.132812 0.5 0.867188 0.96875 1 1 1 1 1 1 1 1 1 1 1 1 1 1 1 1 1 1 1 
0 0 0 0 0 0 0 0 0 0 0 0 0 0 0 0 0 0 0.0078125 0.0336914 0.156769 0.5 0.843231 0.966309 0.992188 1 1 1 1 1 1 1 1 1 1 1 1 1 1 1 1 1 1 
0 0 0 0 0 0 0 0 0 0 0 0 0 0 0 0 0 0.00195312 0.00845337 0.0455886 0.161989 0.5 0.838011 0.954411 0.991547 0.998047 1 1 1 1 1 1 1 1 1 1 1 1 1 1 1 1 1 
0 0 0 0 0 0 0 0 0 0 0 0 0 0 0 0 0.000488281 0.00211525 0.0128958 0.0478408 0.171273 0.5 0.828727 0.952159 0.987104 0.997885 0.999512 1 1 1 1 1 1 1 1 1 1 1 1 1 1 1 1 
0 0 0 0 0 0 0 0 0 0 0 0 0 0 0 0.00012207 0.000528932 0.00359228 0.0136275 0.0535512 0.174403 0.5 0.825597 0.946449 0.986372 0.996408 0.999471 0.999878 1 1 1 1 1 1 1 1 1 1 1 1 1 1 1 
0 0 0 0 0 0 0 0 0 0 0 0 0 0 3.05176e-05 0.00013224 0.000989756 0.0038099 0.0161684 0.0551625 0.178938 0.5 0.821062 0.944837 0.983832 0.99619 0.99901 0.999868 0.999969 1 1 1 1 1 1 1 1 1 1 1 1 1 1 
0 0 0 0 0 0 0 0 0 0 0 0 0 7.62939e-06 3.30606e-05 0.000270335 0.00105214 0.00479119 0.0167715 0.0582515 0.18086 0.5 0.81914 0.941748 0.983228 0.995209 0.998948 0.99973 0.999967 0.999992 1 1 1 1 1 1 1 1 1 1 1 1 1 
0 0 0 0 0 0 0 0 0 0 0 0 1.90735e-06 8.26517e-06 7.33064e-05 0.000287865 0.00140107 0.0049929 0.0182854 0.0593496 0.183347 0.5 0.816653 0.94065 0.981715 0.995007 0.998599 0.999712 0.999927 0.999992 0.999998 1 1 1 1 1 1 1 1 1 1 1 1 
0 0 0 0 0 0 0 0 0 0 0 4.76837e-07 2.06629e-06 1.97572e-05 7.81678e-05 0.000405285 0.00146506 0.00563364 0.0187368 0.0611449 0.184559 0.5 0.815441 0.938855 0.981263 0.994366 0.998535 0.999595 0.999922 0.99998 0.999998 1 1 1 1 1 1 1 1 1 1 1 1 
0 0 0 0 0 0 0 0 0 0 1.19209e-07 5.16574e-07 5.29692e-06 2.10919e-05 0.000116142 0.000424971 0.00171337 0.00579779 0.0196711 0.0618862 0.18602 0.5 0.81398 0.938114 0.980329 0.994202 0.998287 0.999575 0.999884 0.999979 0.999995 0.999999 1 1 1 1 1 1 1 1 1 1 1 
0 0 0 0 0 0 0 0 0 2.98023e-08 1.29143e-07 1.41364e-06 5.66041e-06 3.30084e-05 0.000122068 0.000515531 0.00176955 0.00621814 0.0199966 0.0629799 0.186801 0.5 0.813199 0.93702 0.980003 0.993782 0.99823 0.999484 0.999878 0.999967 0.999994 0.999999 1 1 1 1 1 1 1 1 1 1 1 
0 0 0 0 0 0 0 0 7.45058e-09 3.22858e-08 3.75761e-07 1.51196e-06 9.31234e-06 3.47629e-05 0.000153646 0.000534065 0.00194262 0.00634407 0.0205892 0.0634811 0.187699 0.5 0.812301 0.936519 0.979411 0.993656 0.998057 0.999466 0.999846 0.999965 0.999991 0.999998 1 1 1 1 1 1 1 1 1 1 1 
0 0 0 0 0 0 0 1.86265e-09 8.07146e-09 9.95282e-08 4.02205e-07 2.60991e-06 9.82473e-06 4.53963e-05 0.0001596 0.000601019 0.00198831 0.00662249 0.0208202 0.0641696 0.188211 0.5 0.811789 0.93583 0.97918 0.993378 0.998012 0.999399 0.99984 0.999955 0.99999 0.999997 1 1 1 1 1 1 1 1 1 1 1 
0 0 0 0 0 0 4.65661e-10 2.01787e-09 2.6279e-08 1.06605e-07 7.27123e-07 2.75784e-06 1.33066e-05 4.72694e-05 0.000184314 0.000616945 0.00210818 0.00671622 0.0212041 0.0645101 0.18878 0.5 0.81122 0.93549 0.978796 0.993284 0.997892 0.999383 0.999816 0.999953 0.999987 0.999997 0.999999 1 1 1 1 1 1 1 1 1 1 
0 0 0 0 0 1.16415e-10 5.04466e-10 6.919e-09 2.81646e-08 2.0149e-07 7.69414e-07 3.87199e-06 1.38858e-05 5.60594e-05 0.000189704 0.000665455 0.0021438 0.00690249 0.0213669 0.0649541 0.189121 0.5 0.810879 0.935046 0.978633 0.993098 0.997856 0.999335 0.99981 0.999944 0.999986 0.999996 0.999999 1 1 1 1 1 1 1 1 1 1 
0 0 0 0 2.91038e-11 1.26117e-10 1.81706e-09 7.4195e-09 5.55618e-08 2.13477e-07 1.11911e-06 4.04852e-06 1.69189e-05 5.78419e-05 0.000208425 0.000678431 0.00222679 0.00697111 0.0216198 0.0651866 0.189489 0.5 0.810511 0.934813 0.97838 0.993029 0.997773 0.999322 0.999792 0.999942 0.999983 0.999996 0.999999 1 1 1 1 1 1 1 1 1 1 
0 0 0 7.27596e-12 3.15291e-11 4.76093e-10 1.94946e-09 1.52532e-08 5.89339e-08 3.2145e-07 1.17224e-06 5.06908e-06 1.7497e-05 6.47969e-05 0.000213009 0.000713224 0.00225385 0.00709687 0.0217344 0.0654782 0.189718 0.5 0.810282 0.934522 0.978266 0.992903 0.997746 0.999287 0.999787 0.999935 0.999983 0.999995 0.999999 1 1 1 1 1 1 1 1 1 1 
0 0 1.81899e-12 7.88229e-12 1.2448e-10 5.11013e-10 4.17038e-09 1.61956e-08 9.18024e-08 3.3726e-07 1.50836e-06 5.25344e-06 2.00012e-05 6.6377e-05 0.000226924 0.000723451 0.00231142 0.00714663 0.0219032 0.0656379 0.189961 0.5 0.810039 0.934362 0.978097 0.992853 0.997689 0.999277 0.999773 0.999934 0.99998 0.999995 0.999998 1 1 1 1 1 1 1 1 1 1 
0 4.54747e-13 1.97057e-12 3.24843e-11 1.33665e-10 1.13595e-09 4.43215e-09 2.60784e-08 9.64617e-08 4.45941e-07 1.56631e-06 6.13157e-06 2.05345e-05 7.1734e-05 0.000230669 0.000748285 0.00233166 0.00723223 0.0219838 0.0658321 0.190117 0.5 0.809883 0.934168 0.978016 0.992768 0.997668 0.999252 0.999769 0.999928 0.999979 0.999994 0.999998 1 1 1 1 1 1 1 1 1 1 
-4.54747e-13 1.51582e-13 8.46214e-12 3.48941e-11 3.08352e-10 1.20829e-09 7.37156e-09 2.74395e-08 1.31044e-07 4.63923e-07 1.86735e-06 6.30838e-06 2.25324e-05 7.30705e-05 0.000240896 0.000756169 0.00237171 0.00726812 0.0220977 0.0659424 0.190279 0.5 0.809721 0.934058 0.977902 0.992732 0.997628 0.999244 0.999759 0.999927 0.999977 0.999994 0.999998 1 1 1 1 1 1 1 1 1 1 
-1.51582e-13 2.00185e-12 8.83722e-12 8.34346e-11 3.28242e-10 2.07415e-09 7.7661e-09 3.82897e-08 1.3656e-07 5.65121e-07 1.92504e-06 7.03362e-06 2.29991e-05 7.71256e-05 0.000243871 0.000773856 0.00238668 0.0073268 0.0221544 0.0660731 0.190386 0.5 0.809614 0.933927 0.977846 0.992673 0.997613 0.999226 0.999756 0.999923 0.999977 0.999993 0.999998 0.999999 1 1 1 1 1 1 1 1 1 
-2.00185e-12 7.07919e-13 2.236e-11 8.86885e-11 5.81115e-10 2.18771e-09 1.1128e-08 3.99647e-08 1.69997e-07 5.8368e-07 2.18225e-06 7.19359e-06 2.45569e-05 7.82199e-05 0.000251335 0.000779844 0.00241464 0.00735261 0.022232 0.0661497 0.190495 0.5 0.809505 0.93385 0.977768 0.992647 0.997585 0.99922 0.999749 0.999922 0.999975 0.999993 0.999998 0.999999 1 1 1 1 1 1 1 1 1 
-7.07919e-13 5.05907e-12 2.27031e-11 1.62049e-10 6.13443e-10 3.21785e-09 1.1632e-08 5.08454e-08 1.75894e-07 6.7306e-07 2.23616e-06 7.77592e-06 2.49504e-05 8.12541e-05 0.000253655 0.000792434 0.00242565 0.00739308 0.022272 0.0662386 0.190569 0.5 0.809431 0.933761 0.977728 0.992607 0.997574 0.999208 0.999746 0.999919 0.999975 0.999992 0.999998 0.999999 1 1 1 1 1 1 1 1 1 
-5.05907e-12 1.88146e-12 4.43065e-11 1.70388e-10 9.25998e-10 3.36807e-09 1.51247e-08 5.26973e-08 2.06399e-07 6.9096e-07 2.44878e-06 7.91476e-06 2.61458e-05 8.21295e-05 0.000259078 0.000796935 0.00244522 0.00741162 0.0223251 0.0662919 0.190643 0.5 0.809357 0.933708 0.977675 0.992588 0.997555 0.999203 0.999741 0.999918 0.999974 0.999992 0.999998 0.999999 1 1 1 1 1 1 1 1 1 
-1.88146e-12 9.66552e-12 4.40081e-11 2.64729e-10 9.69809e-10 4.47568e-09 1.57004e-08 6.29433e-08 2.12263e-07 7.66994e-07 2.49691e-06 8.37305e-06 2.64687e-05 8.43819e-05 0.000260861 0.000805899 0.00245328 0.00743968 0.0223534 0.0663528 0.190694 0.5 0.809306 0.933647 0.977647 0.99256 0.997547 0.999194 0.999739 0.999916 0.999974 0.999992 0.999998 0.999999 1 1 1 1 1 1 1 1 1 
-9.66552e-12 3.75289e-12 7.34315e-11 2.75458e-10 1.31747e-09 4.65245e-09 1.90926e-08 6.48411e-08 2.38956e-07 7.83426e-07 2.66851e-06 8.4899e-06 2.73756e-05 8.507e-05 0.000264792 0.000809256 0.00246703 0.00745298 0.0223901 0.0663901 0.190745 0.5 0.809255 0.93361 0.97761 0.992547 0.997533 0.999191 0.999735 0.999915 0.999973 0.999992 0.999997 0.999999 1 1 1 1 1 1 1 1 1 
-3.75289e-12 1.55432e-11 7.16792e-11 3.8444e-10 1.36971e-09 5.76125e-09 1.96996e-08 7.40585e-08 2.44487e-07 8.46345e-07 2.71005e-06 8.84531e-06 2.76353e-05 8.67328e-05 0.000266148 0.000815643 0.0024729 0.00747253 0.0224101 0.0664321 0.190781 0.5 0.809219 0.933568 0.97759 0.992527 0.997527 0.999184 0.999734 0.999913 0.999972 0.999991 0.999997 0.999999 1 1 1 1 1 1 1 1 1 
-1.55432e-11 6.26241e-12 1.07768e-10 3.96186e-10 1.72864e-09 5.95218e-09 2.28355e-08 7.58965e-08 2.6713e-07 8.60878e-07 2.84609e-06 8.94139e-06 2.83175e-05 8.72668e-05 0.000268992 0.000818134 0.00248259 0.00748207 0.0224356 0.0664583 0.190816 0.5 0.809184 0.933542 0.977564 0.992518 0.997517 0.999182 0.999731 0.999913 0.999972 0.999991 0.999997 0.999999 1 1 1 1 1 1 1 1 1 
-6.26241e-12 2.22451e-11 1.03743e-10 5.12986e-10 1.78518e-09 7.00537e-09 2.34383e-08 8.39092e-08 2.72142e-07 9.1187e-07 2.88101e-06 9.21398e-06 2.85231e-05 8.84896e-05 0.000270016 0.00082269 0.00248687 0.00749576 0.0224498 0.0664874 0.190841 0.5 0.809159 0.933513 0.97755 0.992504 0.997513 0.999177 0.99973 0.999912 0.999971 0.999991 0.999997 0.999999 1 1 1 1 1 1 1 1 1 
-2.22451e-11 9.25204e-12 1.4493e-10 5.24104e-10 2.13608e-09 7.19845e-09 2.62313e-08 8.56142e-08 2.90899e-07 9.24359e-07 2.9874e-06 9.29157e-06 2.90332e-05 8.88998e-05 0.000272072 0.00082453 0.00249371 0.0075026 0.0224676 0.0665058 0.190865 0.5 0.809135 0.933494 0.977532 0.992497 0.997506 0.999175 0.999728 0.999911 0.999971 0.999991 0.999997 0.999999 1 1 1 1 1 1 1 1 1 
-9.25204e-12 2.92936e-11 1.37965e-10 6.42718e-10 2.19269e-09 8.15989e-09 2.68024e-08 9.23984e-08 2.953e-07 9.65026e-07 3.01617e-06 9.4989e-06 2.9194e-05 8.97965e-05 0.00027284 0.000827785 0.00249682 0.00751221 0.0224777 0.0665261 0.190883 0.5 0.809117 0.933474 0.977522 0.992488 0.997503 0.999172 0.999727 0.99991 0.999971 0.999991 0.999997 0.999999 1 1 1 1 1 1 1 1 1 
-2.92936e-11 1.25211e-11 1.8265e-10 6.51647e-10 2.52201e-09 8.34511e-09 2.92195e-08 9.39269e-08 3.10555e-07 9.75517e-07 3.0985e-06 9.56067e-06 2.95737e-05 9.01092e-05 0.000274327 0.00082914 0.00250167 0.00751713 0.0224901 0.0665392 0.1909 0.5 0.8091 0.933461 0.97751 0.992483 0.997498 0.999171 0.999726 0.99991 0.99997 0.99999 0.999997 0.999999 1 1 1 1 1 1 1 1 1 
-1.25211e-11 3.62716e-11 1.72302e-10 7.6749e-10 2.57501e-09 9.19639e-09 2.97406e-08 9.95534e-08 3.14324e-07 1.00754e-06 3.12181e-06 9.71734e-06 2.96982e-05 9.07656e-05 0.000274901 0.000831468 0.00250392 0.0075239 0.0224973 0.0665534 0.190912 0.5 0.809088 0.933447 0.977503 0.992476 0.997496 0.999169 0.999725 0.999909 0.99997 0.99999 0.999997 0.999999 1 1 1 1 1 1 1 1 1 
-3.62716e-11 1.58719e-11 2.19076e-10 7.7298e-10 2.87471e-09 9.3664e-09 3.17857e-08 1.00887e-07 3.26551e-07 1.0162e-06 3.18499e-06 9.76595e-06 2.99798e-05 9.10025e-05 0.000275975 0.000832464 0.00250736 0.00752743 0.022506 0.0665626 0.190924 0.5 0.809076 0.933437 0.977494 0.992473 0.997493 0.999168 0.999724 0.999909 0.99997 0.99999 0.999997 0.999999 1 1 1 1 1 1 1 1 1 
-1.58719e-11 4.28652e-11 2.05149e-10 8.82986e-10 2.92134e-09 1.01024e-08 3.22464e-08 1.05477e-07 3.29714e-07 1.04116e-06 3.20364e-06 9.88374e-06 3.00755e-05 9.14822e-05 0.000276402 0.000834131 0.002509 0.00753222 0.0225111 0.0665726 0.190933 0.5 0.809067 0.933427 0.977489 0.992468 0.997491 0.999166 0.999724 0.999909 0.99997 0.99999 0.999997 0.999999 1 1 1 1 1 1 1 1 1 
-4.28652e-11 1.91384e-11 2.52895e-10 8.84196e-10 3.18785e-09 1.02526e-08 3.39461e-08 1.06613e-07 3.39398e-07 1.0482e-06 3.25181e-06 9.92164e-06 3.02838e-05 9.16608e-05 0.000277178 0.000834862 0.00251145 0.00753476 0.0225173 0.0665791 0.190941 0.5 0.809059 0.933421 0.977483 0.992465 0.997489 0.999165 0.999723 0.999908 0.99997 0.99999 0.999997 0.999999 1 1 1 1 1 1 1 1 1 
-1.91384e-11 4.88701e-11 2.35403e-10 9.86634e-10 3.2263e-09 1.08774e-08 3.43428e-08 1.10309e-07 3.42009e-07 1.0675e-06 3.26656e-06 1.00098e-05 3.03568e-05 9.20111e-05 0.000277495 0.000836057 0.00251264 0.00753815 0.022521 0.0665861 0.190947 0.5 0.809053 0.933414 0.977479 0.992462 0.997487 0.999164 0.999723 0.999908 0.99997 0.99999 0.999997 0.999999 1 1 1 1 1 1 1 1 1 
-4.88701e-11 2.21981e-11 2.83311e-10 9.83127e-10 3.45933e-09 1.10054e-08 3.57353e-08 1.11259e-07 3.49607e-07 1.07315e-06 3.30309e-06 1.00392e-05 3.05106e-05 9.21452e-05 0.000278057 0.000836593 0.00251439 0.00753998 0.0225253 0.0665908 0.190953 0.5 0.809047 0.933409 0.977475 0.99246 0.997486 0.999163 0.999722 0.999908 0.999969 0.99999 0.999997 0.999999 1 1 1 1 1 1 1 1 1 
-2.21981e-11 5.41792e-11 2.6243e-10 1.07731e-09 3.4887e-09 1.15283e-08 3.60689e-08 1.14203e-07 3.51731e-07 1.08798e-06 3.31466e-06 1.0105e-05 3.05661e-05 9.24009e-05 0.000278292 0.000837451 0.00251525 0.00754239 0.0225279 0.0665958 0.190957 0.5 0.809043 0.933404 0.977472 0.992458 0.997485 0.999163 0.999722 0.999908 0.999969 0.99999 0.999997 0.999999 1 1 1 1 1 1 1 1 1 
-5.41792e-11 2.49732e-11 3.09963e-10 1.069e-09 3.69007e-09 1.16338e-08 3.71971e-08 1.14985e-07 3.57647e-07 1.09246e-06 3.34224e-06 1.01276e-05 3.06794e-05 9.25013e-05 0.000278698 0.000837843 0.0025165 0.00754371 0.022531 0.0665991 0.190962 0.5 0.809038 0.933401 0.977469 0.992456 0.997484 0.999162 0.999721 0.999907 0.999969 0.99999 0.999997 0.999999 1 1 1 1 1 1 1 1 1 
-2.49732e-11 5.87609e-11 2.85979e-10 1.15499e-09 3.71019e-09 1.20668e-08 3.74715e-08 1.1731e-07 3.59354e-07 1.1038e-06 3.35124e-06 1.01766e-05 3.07214e-05 9.26878e-05 0.000278871 0.00083846 0.00251712 0.00754542 0.0225329 0.0666026 0.190965 0.5 0.809035 0.933397 0.977467 0.992455 0.997483 0.999162 0.999721 0.999907 0.999969 0.99999 0.999997 0.999999 1 1 1 1 1 1 1 1 1 
-5.87609e-11 2.74242e-11 3.32818e-10 1.14203e-09 3.88295e-09 1.21505e-08 3.83775e-08 1.17942e-07 3.63931e-07 1.10733e-06 3.372e-06 1.01938e-05 3.08048e-05 9.27627e-05 0.000279165 0.000838747 0.00251802 0.00754637 0.0225351 0.066605 0.190968 0.5 0.809032 0.933395 0.977465 0.992454 0.997482 0.999161 0.999721 0.999907 0.999969 0.99999 0.999997 0.999999 1 1 1 1 1 1 1 1 1 
-2.74242e-11 6.26364e-11 3.06076e-10 1.22035e-09 3.89415e-09 1.25066e-08 3.85984e-08 1.19766e-07 3.65289e-07 1.11595e-06 3.37896e-06 1.02302e-05 3.08365e-05 9.28988e-05 0.000279293 0.000839191 0.00251847 0.00754759 0.0225365 0.0666075 0.19097 0.5 0.80903 0.933393 0.977464 0.992452 0.997482 0.999161 0.999721 0.999907 0.999969 0.99999 0.999997 0.999999 1 1 1 1 1 1 1 1 1 
-6.26364e-11 2.95417e-11 3.52065e-10 1.20309e-09 4.04191e-09 1.25702e-08 3.93214e-08 1.20271e-07 3.68812e-07 1.11871e-06 3.39453e-06 1.02434e-05 3.08978e-05 9.29546e-05 0.000279507 0.000839401 0.00251911 0.00754828 0.022538 0.0666092 0.190972 0.5 0.809028 0.933391 0.977462 0.992452 0.997481 0.999161 0.99972 0.999907 0.999969 0.99999 0.999997 0.999999 1 1 1 1 1 1 1 1 1 
-2.95417e-11 6.58599e-11 3.2293e-10 1.27453e-09 4.04488e-09 1.28618e-08 3.94954e-08 1.21694e-07 3.6988e-07 1.12524e-06 3.39988e-06 1.02704e-05 3.09216e-05 9.30538e-05 0.000279601 0.000839721 0.00251944 0.00754916 0.022539 0.066611 0.190974 0.5 0.809026 0.933389 0.977461 0.992451 0.997481 0.99916 0.99972 0.999907 0.999969 0.99999 0.999997 0.999999 1 1 1 1 1 1 1 1 1 
-6.58599e-11 3.13375e-11 3.68027e-10 1.25342e-09 4.17134e-09 1.29075e-08 4.00698e-08 1.22092e-07 3.72581e-07 1.12738e-06 3.41153e-06 1.02804e-05 3.09667e-05 9.30953e-05 0.000279755 0.000839875 0.0025199 0.00754965 0.0225401 0.0666122 0.190975 0.5 0.809025 0.933388 0.97746 0.99245 0.99748 0.99916 0.99972 0.999907 0.999969 0.99999 0.999997 0.999999 1 1 1 1 1 1 1 1 1 
-3.13375e-11 6.85035e-11 3.36857e-10 1.31886e-09 4.16694e-09 1.3146e-08 4.02035e-08 1.23198e-07 3.73414e-07 1.13232e-06 3.41563e-06 1.03004e-05 3.09845e-05 9.31677e-05 0.000279825 0.000840105 0.00252014 0.00755028 0.0225408 0.0666134 0.190976 0.5 0.809024 0.933387 0.977459 0.99245 0.99748 0.99916 0.99972 0.999907 0.999969 0.99999 0.999997 0.999999 1 1 1 1 1 1 1 1 1 
-6.85035e-11 3.28367e-11 3.81092e-10 1.29438e-09 4.27563e-09 1.31761e-08 4.06589e-08 1.23506e-07 3.75478e-07 1.13397e-06 3.42434e-06 1.03079e-05 3.10176e-05 9.31985e-05 0.000279937 0.000840218 0.00252047 0.00755064 0.0225416 0.0666143 0.190977 0.5 0.809023 0.933386 0.977458 0.992449 0.99748 0.99916 0.99972 0.999907 0.999969 0.99999 0.999997 0.999999 1 1 1 1 1 1 1 1 1 
-3.28367e-11 7.06454e-11 3.48222e-10 1.35473e-09 4.2648e-09 1.33714e-08 4.07586e-08 1.24364e-07 3.76122e-07 1.13769e-06 3.42746e-06 1.03227e-05 3.1031e-05 9.32513e-05 0.000279988 0.000840384 0.00252065 0.00755109 0.0225421 0.0666152 0.190978 0.5 0.809022 0.933385 0.977458 0.992449 0.997479 0.99916 0.99972 0.999907 0.999969 0.99999 0.999997 0.999999 1 1 1 1 1 1 1 1 1 
-7.06454e-11 3.40714e-11 3.91666e-10 1.32737e-09 4.35891e-09 1.33883e-08 4.11195e-08 1.24599e-07 3.77696e-07 1.13896e-06 3.43395e-06 1.03284e-05 3.10553e-05 9.32741e-05 0.000280069 0.000840466 0.00252088 0.00755134 0.0225427 0.0666158 0.190979 0.5 0.809021 0.933384 0.977457 0.992449 0.997479 0.99916 0.99972 0.999907 0.999969 0.99999 0.999997 0.999999 1 1 1 1 1 1 1 1 1 
-3.40714e-11 7.23629e-11 3.57395e-10 1.38348e-09 4.34259e-09 1.35491e-08 4.1191e-08 1.25264e-07 3.78189e-07 1.14176e-06 3.43632e-06 1.03393e-05 3.10652e-05 9.33127e-05 0.000280107 0.000840587 0.00252101 0.00755167 0.022543 0.0666165 0.19098 0.5 0.80902 0.933383 0.977457 0.992448 0.997479 0.999159 0.99972 0.999907 0.999969 0.99999 0.999997 0.999999 1 1 1 1 1 1 1 1 1 
-7.23629e-11 3.50767e-11 4.00141e-10 1.35369e-09 4.42487e-09 1.35547e-08 4.14777e-08 1.2544e-07 3.79388e-07 1.14272e-06 3.44116e-06 1.03436e-05 3.10831e-05 9.33296e-05 0.000280166 0.000840647 0.00252118 0.00755186 0.0225435 0.066617 0.19098 0.5 0.80902 0.933383 0.977457 0.992448 0.997479 0.999159 0.99972 0.999907 0.999969 0.99999 0.999997 0.999999 1 1 1 1 1 1 1 1 1 
-3.50767e-11 7.37278e-11 3.64731e-10 1.40632e-09 4.40395e-09 1.36881e-08 4.15261e-08 1.25955e-07 3.79761e-07 1.14483e-06 3.44295e-06 1.03517e-05 3.10905e-05 9.33577e-05 0.000280194 0.000840734 0.00252127 0.00755209 0.0225437 0.0666174 0.190981 0.5 0.809019 0.933383 0.977456 0.992448 0.997479 0.999159 0.99972 0.999907 0.999969 0.99999 0.999997 0.999999 1 1 1 1 1 1 1 1 1 
-7.37278e-11 3.58869e-11 4.06877e-10 1.37453e-09 4.47676e-09 1.36845e-08 4.17549e-08 1.26085e-07 3.80674e-07 1.14556e-06 3.44655e-06 1.03549e-05 3.11036e-05 9.33702e-05 0.000280237 0.000840778 0.0025214 0.00755222 0.022544 0.0666177 0.190981 0.5 0.809019 0.933382 0.977456 0.992448 0.997479 0.999159 0.99972 0.999907 0.999969 0.99999 0.999997 0.999999 1 1 1 1 1 1 1 1 1 
-3.58869e-11 7.4804e-11 3.70549e-10 1.42435e-09 4.45202e-09 1.37963e-08 4.17846e-08 1.26485e-07 3.80953e-07 1.14714e-06 3.4479e-06 1.03609e-05 3.11092e-05 9.33908e-05 0.000280257 0.000840841 0.00252146 0.00755239 0.0225442 0.0666181 0.190981 0.5 0.809019 0.933382 0.977456 0.992448 0.997479 0.999159 0.99972 0.999907 0.999969 0.99999 0.999997 0.999999 1 1 1 1 1 1 1 1 1 
-7.4804e-11 3.65342e-11 4.1219e-10 1.39092e-09 4.51733e-09 1.37852e-08 4.19684e-08 1.26577e-07 3.8165e-07 1.14769e-06 3.45058e-06 1.03633e-05 3.11188e-05 9.34e-05 0.000280288 0.000840873 0.00252155 0.00755249 0.0225444 0.0666183 0.190981 0.5 0.809019 0.933382 0.977456 0.992448 0.997478 0.999159 0.99972 0.999907 0.999969 0.99999 0.999997 0.999999 1 1 1 1 1 1 1 1 1 
-3.65342e-11 7.56469e-11 3.7513e-10 1.43848e-09 4.48948e-09 1.38801e-08 4.1983e-08 1.26889e-07 3.81855e-07 1.14888e-06 3.45159e-06 1.03677e-05 3.11229e-05 9.3415e-05 0.000280303 0.000840919 0.0025216 0.00755261 0.0225446 0.0666186 0.190982 0.5 0.809018 0.933381 0.977455 0.992447 0.997478 0.999159 0.99972 0.999907 0.999969 0.99999 0.999997 0.999999 1 1 1 1 1 1 1 1 1 
-7.56469e-11 3.70474e-11 4.16354e-10 1.40372e-09 4.54888e-09 1.38629e-08 4.21323e-08 1.26951e-07 3.82387e-07 1.14929e-06 3.45359e-06 1.03695e-05 3.11299e-05 9.34218e-05 0.000280326 0.000840942 0.00252167 0.00755268 0.0225447 0.0666187 0.190982 0.5 0.809018 0.933381 0.977455 0.992447 0.997478 0.999159 0.99972 0.999907 0.999969 0.99999 0.999997 0.999999 1 1 1 1 1 1 1 1 1 
-3.70474e-11 7.6303e-11 3.78715e-10 1.44949e-09 4.51851e-09 1.39447e-08 4.21349e-08 1.27196e-07 3.82535e-07 1.15019e-06 3.45434e-06 1.03727e-05 3.1133e-05 9.34328e-05 0.000280337 0.000840976 0.0025217 0.00755277 0.0225448 0.0666189 0.190982 0.5 0.809018 0.933381 0.977455 0.992447 0.997478 0.999159 0.99972 0.999907 0.999969 0.99999 0.999997 0.999999 1 1 1 1 1 1 1 1 1 
-7.6303e-11 3.74515e-11 4.19599e-10 1.41366e-09 4.5733e-09 1.39226e-08 4.22576e-08 1.27235e-07 3.82944e-07 1.15049e-06 3.45583e-06 1.0374e-05 3.11382e-05 9.34378e-05 0.000280353 0.000840993 0.00252175 0.00755282 0.0225449 0.066619 0.190982 0.5 0.809018 0.933381 0.977455 0.992447 0.997478 0.999159 0.99972 0.999907 0.999969 0.99999 0.999997 0.999999 1 1 1 1 1 1 1 1 1 
-3.74515e-11 7.68111e-11 3.81504e-10 1.45802e-09 4.5409e-09 1.39944e-08 4.22507e-08 1.27429e-07 3.83048e-07 1.15117e-06 3.45638e-06 1.03765e-05 3.11404e-05 9.34459e-05 0.000280362 0.000841017 0.00252178 0.00755288 0.022545 0.0666191 0.190982 0.5 0.809018 0.933381 0.977455 0.992447 0.997478 0.999159 0.99972 0.999907 0.999969 0.99999 0.999997 0.999999 1 1 1 1 1 1 1 1 1 
-7.68111e-11 3.77677e-11 4.22114e-10 1.42135e-09 4.59211e-09 1.39684e-08 4.23531e-08 1.2745e-07 3.83363e-07 1.15138e-06 3.45749e-06 1.03774e-05 3.11442e-05 9.34496e-05 0.000280374 0.000841029 0.00252181 0.00755292 0.0225451 0.0666192 0.190982 0.5 0.809018 0.933381 0.977455 0.992447 0.997478 0.999159 0.99972 0.999907 0.999969 0.99999 0.999997 0.999999 1 1 1 1 1 1 1 1 1 
-3.77677e-11 7.72028e-11 3.83664e-10 1.46461e-09 4.5581e-09 1.40323e-08 4.23388e-08 1.27606e-07 3.83433e-07 1.1519e-06 3.4579e-06 1.03792e-05 3.11459e-05 9.34555e-05 0.000280379 0.000841047 0.00252183 0.00755297 0.0225451 0.0666193 0.190983 0.5 0.809017 0.933381 0.977455 0.992447 0.997478 0.999159 0.99972 0.999907 0.999969 0.99999 0.999997 0.999999 1 1 1 1 1 1 1 1 1 
-7.72028e-11 3.80139e-11 4.24055e-10 1.42727e-09 4.60655e-09 1.40033e-08 4.24257e-08 1.27612e-07 3.83678e-07 1.15205e-06 3.45874e-06 1.038e-05 3.11487e-05 9.34582e-05 0.000280388 0.000841056 0.00252185 0.00755299 0.0225452 0.0666194 0.190983 0.5 0.809017 0.933381 0.977455 0.992447 0.997478 0.999159 0.99972 0.999907 0.999969 0.99999 0.999997 0.999999 1 1 1 1 1 1 1 1 1 
