1 1 0.9875 0.975 0.9625 0.95 0.9375 0.925 0.9125 0.9 0.8875 0.875 0.8625 0.85 0.8375 0.825 0.8125 0.8 0.7875 0.775 0.7625 0.75 0.7375 0.725 0.7125 0.7 0.6875 0.675 0.6625 0.65 0.6375 0.625 0.6125 0.6 0.5875 0.575 0.5625 0.55 0.5375 0.525 0.5125 0.5 0.5 
1 1 1.00236 0.98475 0.972125 0.9595 0.946875 0.93425 0.921625 0.909 0.896375 0.88375 0.871125 0.8585 0.845875 0.83325 0.820625 0.808 0.795375 0.78275 0.770125 0.7575 0.744875 0.73225 0.719625 0.707 0.694375 0.68175 0.669125 0.6565 0.643875 0.63125 0.618625 0.606 0.593375 0.58075 0.568125 0.5555 0.542875 0.53025 0.517625 0.502516 0.5 
1 1 1.00047 1.00366 0.98192 0.969168 0.956416 0.943664 0.930912 0.918159 0.905407 0.892655 0.879903 0.86715 0.854398 0.841646 0.828894 0.816142 0.803389 0.790637 0.777885 0.765133 0.752381 0.739628 0.726876 0.714124 0.701372 0.688619 0.675867 0.663115 0.650363 0.637611 0.624858 0.612106 0.599354 0.586602 0.57385 0.561097 0.548345 0.535593 0.522841 0.507081 0.497484 
1 1 0.999907 1.0013 1.0041 0.979019 0.966137 0.953256 0.940374 0.927492 0.91461 0.901728 0.888846 0.875965 0.863083 0.850201 0.837319 0.824437 0.811555 0.798674 0.785792 0.77291 0.760028 0.747146 0.734264 0.721383 0.708501 0.695619 0.682737 0.669855 0.656973 0.644092 0.63121 0.618328 0.605446 0.592564 0.579682 0.566801 0.553919 0.541037 0.528155 0.513751 0.492919 
1 1 0.999981 0.999633 1.00242 1.00384 0.976053 0.963039 0.950025 0.937011 0.923997 0.910983 0.897969 0.884955 0.871941 0.858927 0.845913 0.832899 0.819885 0.806871 0.793857 0.780843 0.767829 0.754815 0.741801 0.728787 0.715772 0.702758 0.689744 0.67673 0.663716 0.650702 0.637688 0.624674 0.61166 0.598646 0.585632 0.572618 0.559604 0.54659 0.533576 0.519963 0.486249 
1 1 1 0.999903 0.999632 1.00327 1.00302 0.973027 0.959878 0.946729 0.93358 0.920431 0.907282 0.894133 0.880984 0.867835 0.854686 0.841537 0.828388 0.815239 0.80209 0.788941 0.775792 0.762643 0.749494 0.736345 0.723196 0.710047 0.696898 0.683749 0.6706 0.657451 0.644302 0.631153 0.618004 0.604855 0.591706 0.578557 0.565408 0.552259 0.53911 0.52573 0.480037 
1 1 1 1.00002 0.999808 1.00037 1.00332 1.00164 0.969943 0.956656 0.943369 0.930082 0.916795 0.903508 0.890221 0.876934 0.863648 0.850361 0.837074 0.823787 0.8105 0.797213 0.783926 0.770639 0.757352 0.744066 0.730779 0.717492 0.704205 0.690918 0.677631 0.664344 0.651057 0.63777 0.624484 0.611197 0.59791 0.584623 0.571336 0.558049 0.544762 0.531388 0.47427 
1 1 1 1.00001 0.99998 0.999698 1.00118 1.00366 0.999303 0.966791 0.953363 0.939936 0.926508 0.91308 0.899653 0.886225 0.872797 0.85937 0.845942 0.832514 0.819087 0.805659 0.792231 0.778804 0.765376 0.751948 0.738521 0.725093 0.711665 0.698238 0.68481 0.671383 0.657955 0.644527 0.6311 0.617672 0.604244 0.590817 0.577389 0.563961 0.550534 0.537073 0.468612 
1 1 1 1 1.00001 0.999912 0.999406 1.00227 1.00451 0.99569 0.963567 0.949996 0.936424 0.922853 0.909282 0.89571 0.882139 0.868567 0.854996 0.841425 0.827853 0.814282 0.800711 0.787139 0.773568 0.759996 0.746425 0.732854 0.719282 0.705711 0.69214 0.678568 0.664997 0.651426 0.637854 0.624283 0.610711 0.59714 0.583569 0.569997 0.556426 0.542843 0.462927 
1 1 1 1 1 1.00003 0.99977 0.999094 1.00362 1.00621 0.990328 0.960263 0.946545 0.932827 0.919109 0.905391 0.891673 0.877955 0.864237 0.850519 0.836801 0.823083 0.809365 0.795647 0.781929 0.768211 0.754493 0.740775 0.727057 0.713339 0.699621 0.685902 0.672184 0.658466 0.644748 0.63103 0.617312 0.603594 0.589876 0.576158 0.56244 0.548718 0.457157 
1 1 1 1 0.999999 1.00001 1.00008 0.999528 0.998982 1.00517 1.00916 0.982567 0.956869 0.943001 0.929134 0.915266 0.901398 0.887531 0.873663 0.859795 0.845928 0.83206 0.818192 0.804325 0.790457 0.776589 0.762722 0.748854 0.734986 0.721119 0.707251 0.693383 0.679516 0.665648 0.65178 0.637913 0.624045 0.610177 0.59631 0.582442 0.568574 0.554705 0.451282 
1 1 1 1 1 0.999997 1.00003 1.00018 0.999198 0.998665 1.00756 1.0135 0.971922 0.953368 0.939348 0.925328 0.911308 0.897288 0.883268 0.869248 0.855227 0.841207 0.827187 0.813167 0.799147 0.785127 0.771107 0.757087 0.743067 0.729046 0.715026 0.701006 0.686986 0.672966 0.658946 0.644926 0.630906 0.616885 0.602865 0.588845 0.574825 0.560804 0.445295 
1 1 1 1 1 0.999999 0.999991 1.00007 1.00018 0.998875 0.998153 1.01113 1.01159 0.965639 0.949744 0.935568 0.921393 0.907218 0.893043 0.878867 0.864692 0.850517 0.836341 0.822166 0.807991 0.793816 0.77964 0.765465 0.75129 0.737115 0.722939 0.708764 0.694589 0.680413 0.666238 0.652063 0.637888 0.623712 0.609537 0.595362 0.581186 0.567011 0.439196 
1 1 1 1 1 1 0.999997 0.999976 1.00013 1.0002 0.998438 1.00064 1.0114 1.00761 0.961042 0.946056 0.931722 0.917388 0.903054 0.88872 0.874386 0.860051 0.845717 0.831383 0.817049 0.802715 0.78838 0.774046 0.759712 0.745378 0.731044 0.716709 0.702375 0.688041 0.673707 0.659373 0.645038 0.630704 0.61637 0.602036 0.587702 0.573367 0.432989 
1 1 1 1 1 1 1 0.999991 0.999982 1.00017 0.999827 0.998028 1.00371 1.01215 1.00146 0.957028 0.942286 0.927789 0.913293 0.898796 0.884299 0.869803 0.855306 0.840809 0.826312 0.811816 0.797319 0.782822 0.768326 0.753829 0.739332 0.724836 0.710339 0.695842 0.681345 0.666849 0.652352 0.637855 0.623359 0.608862 0.594365 0.579868 0.426633 
1 1 1 1 1 1 1 1 0.999986 1.00002 1.00023 0.999313 0.996958 1.00768 1.01419 0.99275 0.953175 0.93842 0.923757 0.909095 0.894432 0.879769 0.865106 0.850443 0.83578 0.821118 0.806455 0.791792 0.777129 0.762466 0.747804 0.733141 0.718478 0.703815 0.689152 0.67449 0.659827 0.645164 0.630501 0.615838 0.601175 0.586513 0.420132 
1 1 1 1 1 1 1 1 0.999999 0.999979 1.00008 1.0004 0.99845 0.996613 1.01159 1.01807 0.980725 0.949308 0.934442 0.919609 0.904777 0.889944 0.875112 0.86028 0.845447 0.830615 0.815782 0.80095 0.786118 0.771285 0.756453 0.74162 0.726788 0.711956 0.697123 0.682291 0.667458 0.652626 0.637794 0.622961 0.608129 0.593296 0.413487 
1 1 1 1 1 1 1 1 1 0.999994 0.999961 1.00019 1.0007 0.997333 0.997194 1.01548 1.02206 0.966647 0.945346 0.930328 0.915322 0.900317 0.885312 0.870307 0.855301 0.840296 0.825291 0.810285 0.79528 0.780275 0.76527 0.750264 0.735259 0.720254 0.705248 0.690243 0.675238 0.660233 0.645227 0.630222 0.615217 0.600211 0.406704 
1 1 1 1 1 1 1 1 1 1 0.999984 0.999921 1.00039 1.00002 0.997248 0.998457 1.01943 1.01779 0.958805 0.941259 0.926073 0.910891 0.89571 0.880528 0.865347 0.850165 0.834984 0.819802 0.804621 0.789439 0.774258 0.759076 0.743895 0.728713 0.713532 0.69835 0.683169 0.667987 0.652806 0.637624 0.622442 0.607261 0.399789 
1 1 1 1 1 1 1 1 1 1 1.00001 0.999963 1.00002 1.00045 0.999278 0.997036 1.0033 1.01976 1.01047 0.953356 0.937108 0.921744 0.906381 0.891019 0.875656 0.860294 0.844932 0.829569 0.814207 0.798844 0.783482 0.76812 0.752757 0.737395 0.722032 0.70667 0.691308 0.675945 0.660583 0.64522 0.629858 0.614496 0.392739 
1 1 1 1 1 1 1 1 1 1 1 0.999997 0.999953 1.00014 1.00066 0.998331 0.995917 1.00916 1.02154 0.999725 0.94873 0.932853 0.917305 0.901757 0.88621 0.870662 0.855115 0.839567 0.824019 0.808472 0.792924 0.777377 0.761829 0.746282 0.730734 0.715187 0.699639 0.684092 0.668544 0.652997 0.637449 0.621901 0.385504 
1 1 1 1 1 1 1 1 1 1 1 1 0.999985 0.99992 1.00032 1.00107 0.996891 0.993858 1.01661 1.02548 0.985017 0.944333 0.928474 0.912737 0.897 0.881263 0.865526 0.849789 0.834053 0.818316 0.802579 0.786842 0.771105 0.755368 0.739631 0.723895 0.708158 0.692421 0.676684 0.660947 0.64521 0.629474 0.378099 
1 1 1 1 1 1 1 1 1 1 1 1 1.00001 0.999963 0.999852 1.00064 1.00132 0.995035 0.995238 1.02194 1.03214 0.965378 0.939917 0.923942 0.908012 0.892082 0.876152 0.860222 0.844292 0.828362 0.812432 0.796502 0.780572 0.764642 0.748712 0.732782 0.716852 0.700922 0.684991 0.669061 0.653131 0.637201 0.370526 
1 1 1 1 1 1 1 1 1 1 1 1 1 1.00001 0.999921 0.999766 1.00106 0.9999 0.995003 0.997095 1.02807 1.02652 0.955049 0.935366 0.919223 0.903097 0.88697 0.870843 0.854716 0.83859 0.822463 0.806336 0.79021 0.774083 0.757956 0.741829 0.725703 0.709576 0.693449 0.677322 0.661196 0.645069 0.362799 
1 1 1 1 1 1 1 1 1 1 1 1 0.999999 1.00001 1.00003 0.999851 1.00005 1.00125 0.998353 0.994662 1.00448 1.02838 1.01681 0.948417 0.930765 0.91443 0.898101 0.881772 0.865442 0.849113 0.832784 0.816455 0.800126 0.783797 0.767468 0.751139 0.73481 0.71848 0.702151 0.685822 0.669493 0.653164 0.354931 
1 1 1 1 1 1 1 1 1 1 1 1 1 0.999998 1.00001 0.99999 0.999817 1.0004 1.00173 0.996397 0.993001 1.01332 1.03057 1.00262 0.943073 0.926048 0.909509 0.892972 0.876436 0.859899 0.843363 0.826826 0.81029 0.793753 0.777217 0.76068 0.744144 0.727607 0.711071 0.694534 0.677998 0.661461 0.346836 
1 1 1 1 1 1 1 1 1 1 1 1 1 0.999999 1 1.00002 0.999941 0.999722 1.00092 1.00185 0.994311 0.990683 1.0237 1.03548 0.983444 0.938113 0.921185 0.904435 0.887687 0.870938 0.854189 0.83744 0.820691 0.803943 0.787194 0.770445 0.753696 0.736947 0.720199 0.70345 0.686701 0.669952 0.338539 
1 1 1 1 1 1 1 1 1 1 1 1 1 1 0.999999 1.00001 1.00003 0.999862 0.999635 1.00149 1.00152 0.992073 0.993336 1.03078 1.04105 0.960846 0.93317 0.916139 0.899173 0.882208 0.865242 0.848277 0.831311 0.814345 0.79738 0.780414 0.763449 0.746483 0.729518 0.712552 0.695587 0.678621 0.330048 
1 1 1 1 1 1 1 1 1 1 1 1 1 1 0.999999 0.999997 1.00002 1.00006 0.999744 1.00005 1.00151 0.999306 0.99189 0.998066 1.03695 1.03268 0.949245 0.928106 0.910896 0.893709 0.876522 0.859336 0.842149 0.824962 0.807776 0.790589 0.773402 0.756215 0.739029 0.721842 0.704655 0.687469 0.321379 
1 1 1 1 1 1 1 1 1 1 1 1 1 1 1 0.999999 0.999995 1.00003 0.999985 0.999695 1.0005 1.00185 0.996739 0.990944 1.00881 1.03779 1.01903 0.94185 0.922982 0.905559 0.888145 0.87073 0.853315 0.835901 0.818486 0.801072 0.783657 0.766242 0.748828 0.731413 0.713999 0.696584 0.312531 
1 1 1 1 1 1 1 1 1 1 1 1 1 1 1 1 0.999997 1 1.00004 0.999901 0.999569 1.00112 1.00264 0.993422 0.988062 1.02191 1.04124 0.999664 0.935898 0.917719 0.900067 0.882419 0.864771 0.847122 0.829474 0.811825 0.794177 0.776529 0.75888 0.741232 0.723584 0.705935 0.303416 
1 1 1 1 1 1 1 1 1 1 1 1 1 1 1 1 1 0.999996 1.00001 1.00006 0.999771 0.999346 1.00206 1.00253 0.990099 0.988148 1.03354 1.04806 0.974015 0.930352 0.912273 0.894384 0.876496 0.858609 0.840721 0.822833 0.804946 0.787058 0.76917 0.751283 0.733395 0.715507 0.294065 
1 1 1 1 1 1 1 1 1 1 1 1 1 1 1 1 1 0.999999 0.999994 1.00003 1.0001 0.99956 0.999803 1.00235 1.00029 0.988884 0.992769 1.04227 1.04721 0.952426 0.924797 0.906596 0.888464 0.870332 0.8522 0.834068 0.815936 0.797804 0.779673 0.761541 0.743409 0.725277 0.284493 
1 1 1 1 1 1 1 1 1 1 1 1 1 1 1 1 1 1 0.999997 0.999989 1.00006 0.999974 0.999525 1.00049 1.00265 0.996765 0.988354 1.0033 1.04524 1.0348 0.941027 0.919178 0.900771 0.882388 0.864005 0.845622 0.827238 0.808855 0.790472 0.772089 0.753706 0.735323 0.274723 
1 1 1 1 1 1 1 1 1 1 1 1 1 1 1 1 1 1 1 0.999994 1.00001 1.00007 0.999834 0.999381 1.00137 1.00351 0.992502 0.986148 1.01812 1.04723 1.01563 0.933352 0.913453 0.894803 0.876161 0.857519 0.838878 0.820236 0.801594 0.782952 0.764311 0.745669 0.264677 
1 1 1 1 1 1 1 1 1 1 1 1 1 1 1 1 1 1 1 0.999999 0.999992 1.00003 1.00011 0.999635 0.999088 1.00263 1.0033 0.988545 0.982243 1.03567 1.05269 0.989496 0.926908 0.907549 0.888638 0.869731 0.850824 0.831917 0.81301 0.794102 0.775195 0.756288 0.254331 
1 1 1 1 1 1 1 1 1 1 1 1 1 1 1 1 1 1 1 1 0.999997 0.999987 1.00006 1.00018 0.999324 0.999683 1.00305 1.00208 0.984599 0.987976 1.04591 1.0617 0.956106 0.920747 0.901408 0.882228 0.863049 0.84387 0.824691 0.805513 0.786334 0.767155 0.243712 
1 1 1 1 1 1 1 1 1 1 1 1 1 1 1 1 1 1 1 1 1 0.999993 0.999978 1.00012 0.999966 0.999277 1.00064 1.00317 0.997314 0.984208 0.996531 1.0554 1.049 0.939805 0.91449 0.894978 0.875521 0.856065 0.836609 0.817153 0.797697 0.778241 0.232845 
1 1 1 1 1 1 1 1 1 1 1 1 1 1 1 1 1 1 1 1 1 1 0.999986 1.00001 1.00014 0.999742 0.999089 1.00177 1.00397 0.991839 0.982611 1.01429 1.05665 1.02852 0.930051 0.908196 0.888434 0.86869 0.848948 0.829205 0.809462 0.789719 0.221759 
1 1 1 1 1 1 1 1 1 1 1 1 1 1 1 1 1 1 1 1 1 1 0.999998 0.999983 1.00005 1.00019 0.999434 0.998905 1.00313 1.00446 0.986052 0.978085 1.0357 1.0616 0.999831 0.922513 0.90172 0.881675 0.861637 0.841599 0.821561 0.801523 0.210281 
1 1 1 1 1 1 1 1 1 1 1 1 1 1 1 1 1 1 1 1 1 1 1 0.999994 0.999974 1.00011 1.0002 0.999104 0.999443 1.00396 1.00281 0.981027 0.98181 1.0513 1.07072 0.962791 0.915598 0.894991 0.874648 0.854308 0.833967 0.813626 0.198477 
1 1 1 1 1 1 1 1 1 1 1 1 1 1 1 1 1 1 1 1 1 1 1 1 0.999986 0.999974 1.00017 0.999925 0.999064 1.00071 1.0041 0.996743 0.980949 0.991147 1.06299 1.06155 0.938957 0.908684 0.887942 0.867291 0.846641 0.825991 0.186374 
1 1 1 1 1 1 1 1 1 1 1 1 1 1 1 1 1 1 1 1 1 1 1 1 1 0.999979 1.00002 1.0002 0.99962 0.998852 1.00216 1.00504 0.989948 0.979765 1.01127 1.06328 1.04128 0.926173 0.901772 0.88077 0.859799 0.838828 0.174009 
1 1 1 1 1 1 1 1 1 1 1 1 1 1 1 1 1 1 1 1 1 1 1 1 1 0.999997 0.999973 1.00008 1.00027 0.999211 0.998582 1.00395 1.00506 0.983528 0.975593 1.03477 1.06727 1.01124 0.91719 0.894678 0.873365 0.852063 0.161172 
1 1 1 1 1 1 1 1 1 1 1 1 1 1 1 1 1 1 1 1 1 1 1 1 1 1 0.999989 0.999959 1.00017 1.00024 0.998818 0.999505 1.00464 1.00249 0.978501 0.97748 1.05437 1.07582 0.971919 0.909378 0.887314 0.865668 0.147937 
1 1 1 1 1 1 1 1 1 1 1 1 1 1 1 1 1 1 1 1 1 1 1 1 1 1 1 0.999976 0.999987 1.00022 0.999877 0.998739 1.00107 1.00489 0.995742 0.977851 0.987827 1.06728 1.07327 0.938302 0.901736 0.879602 0.134332 
1 1 1 1 1 1 1 1 1 1 1 1 1 1 1 1 1 1 1 1 1 1 1 1 1 1 1 0.999997 0.999975 1.00005 1.00026 0.99946 0.998463 1.0029 1.00595 0.987622 0.976837 1.00773 1.07088 1.05215 0.921542 0.894114 0.120398 
1 1 1 1 1 1 1 1 1 1 1 1 1 1 1 1 1 1 1 1 1 1 1 1 1 1 1 1 0.999989 0.999965 1.00013 1.00035 0.99891 0.99844 1.00481 1.00524 0.980783 0.973112 1.03356 1.07433 1.01987 0.912434 0.105886 
1 1 1 1 1 1 1 1 1 1 1 1 1 1 1 1 1 1 1 1 1 1 1 1 1 1 1 1 1 0.999978 0.999946 1.00025 1.00016 0.998615 0.999897 1.00508 1.00166 0.975897 0.972555 1.05818 1.08273 1.00475 0.0875656 
1 1 1 1 1 1 1 1 1 1 1 1 1 1 1 1 1 1 1 1 1 1 1 1 1 1 1 1 1 1.00001 0.99996 1.00003 1.00026 0.999721 0.998477 1.00171 1.00546 0.994663 0.973757 0.984285 1.07297 1.09328 -0.00475037 
1 1 1 1 1 1 1 1 1 1 1 1 1 1 1 1 1 1 1 1 1 1 1 1 1 1 1 1 0.999999 1.00001 0.999995 0.999954 1.00011 1.00031 0.99919 0.998157 1.0039 1.00648 0.984895 0.972941 1.00201 1.08519 -0.0932766 
1 1 1 1 1 1 1 1 1 1 1 1 1 1 1 1 1 1 1 1 1 1 1 1 1 1 1 1 0.999999 1 1.00001 0.99998 0.999937 1.00022 1.0004 0.998537 0.998704 1.00552 1.00507 0.977241 0.970035 1.03201 -0.0851905 
1 1 1 1 1 1 1 1 1 1 1 1 1 1 1 1 1 1 1 1 1 1 1 1 1 1 1 1 1 0.999999 1 1.00001 0.99996 0.999933 1.00033 0.999977 0.99851 1.00029 1.0056 1.00117 0.972749 0.983918 -0.0320076 
1 1 1 1 1 1 1 1 1 1 1 1 1 1 1 1 1 1 1 1 1 1 1 1 1 1 1 1 1 1 0.999999 1.00001 1.00001 0.999944 1.00001 1.0004 0.999537 0.998167 1.00207 1.00647 0.993298 0.975225 0.0160819 
1 1 1 1 1 1 1 1 1 1 1 1 1 1 1 1 1 1 1 1 1 1 1 1 1 1 1 1 1 1 0.999999 0.999998 1.00001 0.999997 0.999931 1.00012 1.00056 0.998913 0.99741 1.00452 1.00895 0.991155 0.0247745 
1 1 1 1 1 1 1 1 1 1 1 1 1 1 1 1 1 1 1 1 1 1 1 1 1 1 1 1 1 1 1 0.999999 1 1.00001 0.999979 0.999895 1.00029 1.00081 0.998005 0.99711 1.00718 1.01223 0.00884515 
1 1 1 1 1 1 1 1 1 1 1 1 1 1 1 1 1 1 1 1 1 1 1 1 1 1 1 1 1 1 1 1 0.999999 1 1.00002 0.999949 0.999822 1.00055 1.00058 0.997463 0.997192 1.01021 -0.0122253 
1 1 1 1 1 1 1 1 1 1 1 1 1 1 1 1 1 1 1 1 1 1 1 1 1 1 1 1 1 1 1 1 1 0.999998 1.00001 1.00003 0.999895 0.999964 1.00057 1.00003 0.997299 0.999863 -0.010209 
1 1 1 1 1 1 1 1 1 1 1 1 1 1 1 1 1 1 1 1 1 1 1 1 1 1 1 1 1 1 1 1 1 0.999999 0.999996 1.00002 1 0.999882 1.00011 1.00067 0.999269 0.997816 0.00013726 
1 1 1 1 1 1 1 1 1 1 1 1 1 1 1 1 1 1 1 1 1 1 1 1 1 1 1 1 1 1 1 1 1 1 0.999998 1 1.00002 0.999973 0.999836 1.00032 1.00095 0.998994 0.00218415 
1 1 1 1 1 1 1 1 1 1 1 1 1 1 1 1 1 1 1 1 1 1 1 1 1 1 1 1 1 1 1 1 1 1 1 0.999997 1 1.00003 0.999928 0.99974 1.00064 1.00134 0.00100562 
1 1 1 1 1 1 1 1 1 1 1 1 1 1 1 1 1 1 1 1 1 1 1 1 1 1 1 1 1 1 1 1 1 1 1 0.999999 0.999996 1.00001 1.00005 0.99985 0.999638 1.00106 -0.00134112 
1 1 1 1 1 1 1 1 1 1 1 1 1 1 1 1 1 1 1 1 1 1 1 1 1 1 1 1 1 1 1 1 1 1 1 1 0.999998 0.999993 1.00003 1.00009 0.999728 0.999923 -0.00105927 
1 1 1 1 1 1 1 1 1 1 1 1 1 1 1 1 1 1 1 1 1 1 1 1 1 1 1 1 1 1 1 1 1 1 1 1 1 0.999996 0.999986 1.00005 1.00002 0.999767 7.67741e-05 
1 1 1 1 1 1 1 1 1 1 1 1 1 1 1 1 1 1 1 1 1 1 1 1 1 1 1 1 1 1 1 1 1 1 1 1 1 1 0.999993 0.999999 1.00006 1.00005 0.000232789 
1 1 1 1 1 1 1 1 1 1 1 1 1 1 1 1 1 1 1 1 1 1 1 1 1 1 1 1 1 1 1 1 1 1 1 1 1 1 1 0.999991 1.00001 1.00006 -5.03621e-05 
1 1 1 1 1 1 1 1 1 1 1 1 1 1 1 1 1 1 1 1 1 1 1 1 1 1 1 1 1 1 1 1 1 1 1 1 1 1 1 0.999998 0.999987 1.00003 -5.91671e-05 
1 1 1 1 1 1 1 1 1 1 1 1 1 1 1 1 1 1 1 1 1 1 1 1 1 1 1 1 1 1 1 1 1 1 1 1 1 1 1 1 0.999994 0.999996 -3.17161e-05 
1 1 1 1 1 1 1 1 1 1 1 1 1 1 1 1 1 1 1 1 1 1 1 1 1 1 1 1 1 1 1 1 1 1 1 1 1 1 1 1 1 0.999995 4.25872e-06 
1 1 1 1 1 1 1 1 1 1 1 1 1 1 1 1 1 1 1 1 1 1 1 1 1 1 1 1 1 1 1 1 1 1 1 1 1 1 1 1 1 1 5.41195e-06 
1 1 1 1 1 1 1 1 1 1 1 1 1 1 1 1 1 1 1 1 1 1 1 1 1 1 1 1 1 1 1 1 1 1 1 1 1 1 1 1 1 1 -1.25522e-06 
1 1 1 1 1 1 1 1 1 1 1 1 1 1 1 1 1 1 1 1 1 1 1 1 1 1 1 1 1 1 1 1 1 1 1 1 1 1 1 1 1 1 -1.0946e-06 
1 1 1 1 1 1 1 1 1 1 1 1 1 1 1 1 1 1 1 1 1 1 1 1 1 1 1 1 1 1 1 1 1 1 1 1 1 1 1 1 1 1 -2.91013e-07 
1 1 1 1 1 1 1 1 1 1 1 1 1 1 1 1 1 1 1 1 1 1 1 1 1 1 1 1 1 1 1 1 1 1 1 1 1 1 1 1 1 1 4.33447e-08 
1 1 1 1 1 1 1 1 1 1 1 1 1 1 1 1 1 1 1 1 1 1 1 1 1 1 1 1 1 1 1 1 1 1 1 1 1 1 1 1 1 1 5.57453e-08 
1 1 1 1 1 1 1 1 1 1 1 1 1 1 1 1 1 1 1 1 1 1 1 1 1 1 1 1 1 1 1 1 1 1 1 1 1 1 1 1 1 1 -1.16308e-08 
