1 1 0.9875 0.975 0.9625 0.95 0.9375 0.925 0.9125 0.9 0.8875 0.875 0.8625 0.85 0.8375 0.825 0.8125 0.8 0.7875 0.775 0.7625 0.75 0.7375 0.725 0.7125 0.7 0.6875 0.675 0.6625 0.65 0.6375 0.625 0.6125 0.6 0.5875 0.575 0.5625 0.55 0.5375 0.525 0.5125 0.5 0.5 
1 1 0.996787 0.981094 0.968516 0.955938 0.943359 0.930781 0.918203 0.905625 0.893047 0.880469 0.867891 0.855313 0.842734 0.830156 0.817578 0.805 0.792422 0.779844 0.767266 0.754687 0.742109 0.729531 0.716953 0.704375 0.691797 0.679219 0.666641 0.654062 0.641484 0.628906 0.616328 0.60375 0.591172 0.578594 0.566016 0.553438 0.540859 0.528281 0.515703 0.503125 0.5 
1 1 0.999191 0.991887 0.973848 0.961949 0.949292 0.936635 0.923978 0.911321 0.898663 0.886006 0.873349 0.860692 0.848034 0.835377 0.82272 0.810063 0.797405 0.784748 0.772091 0.759434 0.746777 0.734119 0.721462 0.708805 0.696148 0.68349 0.670833 0.658176 0.645519 0.632861 0.620204 0.607547 0.59489 0.582233 0.569575 0.556918 0.544261 0.531604 0.518946 0.506289 0.496875 
1 1 0.999797 0.997129 0.985277 0.966189 0.955481 0.942563 0.929825 0.917088 0.904351 0.891613 0.878876 0.866139 0.853401 0.840664 0.827927 0.815189 0.802452 0.789715 0.776977 0.76424 0.751503 0.738765 0.726028 0.713291 0.700553 0.687816 0.675079 0.662341 0.649604 0.636867 0.624129 0.611392 0.598655 0.585917 0.57318 0.560443 0.547705 0.534968 0.522231 0.509493 0.493711 
1 1 0.999949 0.999075 0.993396 0.977179 0.958588 0.949176 0.935705 0.922929 0.91011 0.897292 0.884473 0.871655 0.858836 0.846018 0.833199 0.820381 0.807562 0.794744 0.781926 0.769107 0.756289 0.74347 0.730652 0.717833 0.705015 0.692196 0.679378 0.66656 0.653741 0.640923 0.628104 0.615286 0.602467 0.589649 0.57683 0.564012 0.551193 0.538375 0.525557 0.512738 0.490507 
1 1 0.999987 0.999718 0.997415 0.987705 0.968073 0.951459 0.942964 0.928663 0.915953 0.903043 0.890142 0.877241 0.864341 0.85144 0.83854 0.825639 0.812738 0.799838 0.786937 0.774037 0.761136 0.748235 0.735335 0.722434 0.709533 0.696633 0.683732 0.670832 0.657931 0.64503 0.63213 0.619229 0.606329 0.593428 0.580527 0.567627 0.554726 0.541826 0.528925 0.516024 0.487262 
1 1 0.999997 0.999917 0.999071 0.994342 0.980008 0.958639 0.945051 0.936664 0.921407 0.908917 0.895881 0.8829 0.869916 0.856932 0.843948 0.830965 0.817981 0.804997 0.792013 0.779029 0.766045 0.753062 0.740078 0.727094 0.71411 0.701126 0.688143 0.675159 0.662175 0.649191 0.636207 0.623223 0.61024 0.597256 0.584272 0.571288 0.558304 0.54532 0.532337 0.519353 0.483976 
1 1 0.999999 0.999976 0.999685 0.997662 0.989408 0.970589 0.949624 0.93937 0.930035 0.913961 0.901844 0.888619 0.875564 0.862495 0.849427 0.836359 0.823291 0.810223 0.797155 0.784087 0.771019 0.75795 0.744882 0.731814 0.718746 0.705678 0.69261 0.679542 0.666474 0.653406 0.640337 0.627269 0.614201 0.601133 0.588065 0.574997 0.561929 0.548861 0.535793 0.522724 0.480647 
1 1 1 0.999993 0.999897 0.999104 0.995041 0.982317 0.960094 0.941664 0.934161 0.922862 0.90641 0.894743 0.881241 0.868134 0.854977 0.841824 0.82867 0.815517 0.802363 0.78921 0.776056 0.762903 0.749749 0.736596 0.723442 0.710289 0.697135 0.683982 0.670828 0.657675 0.644521 0.631368 0.618214 0.605061 0.591907 0.578754 0.5656 0.552447 0.539293 0.52614 0.477276 
1 1 1 0.999998 0.999968 0.999675 0.997878 0.990712 0.973074 0.949441 0.935111 0.928958 0.915046 0.898887 0.887598 0.873737 0.860612 0.84736 0.83412 0.82088 0.80764 0.7944 0.78116 0.76792 0.75468 0.74144 0.7282 0.71496 0.70172 0.68848 0.67524 0.662 0.64876 0.63552 0.62228 0.60904 0.5958 0.58256 0.56932 0.55608 0.54284 0.5296 0.47386 
1 1 1 0.999999 0.99999 0.999887 0.99915 0.995598 0.984233 0.962103 0.939625 0.929915 0.923203 0.90666 0.891522 0.880359 0.866101 0.853002 0.839639 0.826315 0.812987 0.799659 0.786332 0.773004 0.759676 0.746349 0.733021 0.719693 0.706366 0.693038 0.67971 0.666383 0.653055 0.639727 0.6264 0.613072 0.599744 0.586417 0.573089 0.559762 0.546434 0.533106 0.4704 
1 1 1 1 0.999997 0.999962 0.999676 0.998068 0.991763 0.975375 0.950268 0.931456 0.925607 0.916414 0.897954 0.884393 0.872952 0.858339 0.845305 0.831812 0.818405 0.804988 0.791572 0.778155 0.764739 0.751322 0.737906 0.724489 0.711073 0.697656 0.68424 0.670823 0.657407 0.64399 0.630574 0.617158 0.603741 0.590325 0.576908 0.563492 0.550075 0.536659 0.466894 
1 1 1 1 0.999999 0.999987 0.999882 0.999201 0.99606 0.985853 0.964301 0.938739 0.925315 0.921398 0.908349 0.8893 0.877481 0.865297 0.850478 0.83752 0.823873 0.810391 0.796881 0.783375 0.769869 0.756362 0.742856 0.729349 0.715843 0.702336 0.68883 0.675323 0.661817 0.648311 0.634804 0.621298 0.607791 0.594285 0.580778 0.567272 0.553765 0.540259 0.463341 
1 1 1 1 1 0.999996 0.999958 0.999685 0.998238 0.992638 0.977466 0.951692 0.928707 0.921014 0.916369 0.899121 0.881072 0.870648 0.857346 0.842554 0.829638 0.81582 0.802269 0.788665 0.775068 0.76147 0.747872 0.734275 0.720677 0.707079 0.693482 0.679884 0.666286 0.652689 0.639091 0.625493 0.611896 0.598298 0.5847 0.571103 0.557505 0.543907 0.459741 
1 1 1 1 1 0.999999 0.999986 0.99988 0.999253 0.996452 0.987244 0.96652 0.938725 0.921036 0.917798 0.909745 0.889202 0.87352 0.86367 0.849102 0.834604 0.821642 0.807651 0.79404 0.780336 0.766647 0.752957 0.739267 0.725577 0.711887 0.698197 0.684506 0.670816 0.657126 0.643436 0.629746 0.616056 0.602366 0.588676 0.574985 0.561295 0.547605 0.456093 
1 1 1 1 1 1 0.999995 0.999956 0.999697 0.99839 0.993381 0.979356 0.953458 0.926839 0.915975 0.914509 0.901154 0.879299 0.866659 0.856298 0.840639 0.826649 0.813511 0.799368 0.785701 0.771891 0.758112 0.744327 0.730544 0.71676 0.702976 0.689192 0.675408 0.661624 0.64784 0.634057 0.620273 0.606489 0.592705 0.578921 0.565137 0.551354 0.452395 
1 1 1 1 1 1 0.999998 0.999984 0.999881 0.999304 0.996792 0.988452 0.968681 0.939345 0.917337 0.913034 0.909879 0.890804 0.870131 0.860244 0.848347 0.832084 0.81868 0.805223 0.790976 0.777249 0.763329 0.749458 0.735578 0.7217 0.707821 0.693942 0.680063 0.666184 0.652305 0.638426 0.624548 0.610669 0.59679 0.582911 0.569032 0.555153 0.448646 
1 1 1 1 1 1 0.999999 0.999994 0.999955 0.999711 0.998527 0.994022 0.981061 0.955411 0.925734 0.910967 0.911053 0.902899 0.879477 0.862171 0.853823 0.839768 0.823577 0.810652 0.796768 0.782482 0.768679 0.754647 0.740685 0.726707 0.712733 0.698757 0.684782 0.670807 0.656832 0.642857 0.628882 0.614907 0.600931 0.586956 0.572981 0.559006 0.444847 
1 1 1 1 1 1 1 0.999998 0.999983 0.999884 0.999353 0.997089 0.989511 0.970746 0.940418 0.914283 0.907645 0.908453 0.893192 0.868302 0.85547 0.846879 0.830689 0.815225 0.802492 0.788151 0.77389 0.759985 0.745842 0.731789 0.717712 0.70364 0.689567 0.675494 0.661422 0.647349 0.633276 0.619203 0.60513 0.591058 0.576985 0.562912 0.440994 
1 1 1 1 1 1 1 0.999999 0.999994 0.999955 0.999726 0.99865 0.994582 0.982603 0.957449 0.92526 0.906241 0.906399 0.903643 0.881234 0.85837 0.849616 0.839011 0.821379 0.807049 0.794122 0.779392 0.765201 0.751161 0.736915 0.722768 0.70859 0.694419 0.680247 0.666076 0.651904 0.637732 0.62356 0.609388 0.595217 0.581045 0.566873 0.437088 
1 1 1 1 1 1 1 1 0.999998 0.999983 0.999888 0.999399 0.997351 0.990447 0.972697 0.94181 0.911854 0.902006 0.905548 0.895516 0.868282 0.850334 0.843851 0.830081 0.81216 0.798974 0.785487 0.770527 0.756405 0.742202 0.727862 0.713619 0.699338 0.685068 0.670795 0.656523 0.642251 0.627979 0.613706 0.599434 0.585162 0.57089 0.433127 
1 1 1 1 1 1 1 1 0.999999 0.999994 0.999955 0.999742 0.998762 0.995074 0.983998 0.959509 0.925297 0.901914 0.90093 0.903075 0.883917 0.855976 0.844167 0.837324 0.820291 0.803289 0.790844 0.776577 0.761586 0.747489 0.733106 0.718683 0.704338 0.689954 0.675583 0.661208 0.646834 0.63246 0.618086 0.603712 0.589338 0.574964 0.42911 
1 1 1 1 1 1 1 1 1 0.999998 0.999983 0.999892 0.999443 0.997584 0.991279 0.974528 0.943422 0.909992 0.896357 0.901401 0.897171 0.869849 0.845739 0.839147 0.829395 0.810112 0.794859 0.782474 0.767434 0.752589 0.738431 0.723874 0.709377 0.694923 0.680435 0.665961 0.651483 0.637006 0.622528 0.608051 0.593573 0.579096 0.425036 
1 1 1 1 1 1 1 1 1 0.999999 0.999993 0.999956 0.999757 0.998863 0.995511 0.985263 0.961549 0.925741 0.898023 0.894952 0.901159 0.886866 0.855246 0.838242 0.834098 0.819882 0.800113 0.786754 0.77372 0.758138 0.74353 0.729215 0.714508 0.699938 0.68537 0.670778 0.6562 0.641616 0.627034 0.612452 0.59787 0.583288 0.420904 
1 1 1 1 1 1 1 1 1 1 0.999998 0.999983 0.999897 0.999483 0.997793 0.992022 0.976239 0.945178 0.908629 0.89084 0.896284 0.897813 0.872559 0.842288 0.833149 0.827799 0.809148 0.79074 0.778699 0.764533 0.748778 0.734381 0.719833 0.705012 0.690362 0.675676 0.660981 0.646296 0.631606 0.616918 0.602229 0.587541 0.416712 
1 1 1 1 1 1 1 1 1 1 0.999999 0.999993 0.999958 0.999772 0.998955 0.9959 0.986413 0.963541 0.926507 0.894565 0.888688 0.898006 0.889548 0.856114 0.832558 0.829227 0.819426 0.797969 0.782141 0.770358 0.754977 0.739416 0.725096 0.710285 0.695389 0.680644 0.665839 0.651039 0.636246 0.621448 0.606652 0.591856 0.412459 
1 1 1 1 1 1 1 1 1 1 1 0.999997 0.999983 0.999902 0.999521 0.99798 0.992688 0.977833 0.947022 0.907695 0.885532 0.890443 0.897302 0.875915 0.840285 0.826433 0.824777 0.808895 0.787221 0.774113 0.76147 0.745202 0.73006 0.715634 0.700583 0.685636 0.670778 0.655856 0.640951 0.626047 0.61114 0.596234 0.408144 
1 1 1 1 1 1 1 1 1 1 1 0.999999 0.999993 0.999959 0.999787 0.999039 0.996249 0.987458 0.965466 0.927522 0.891516 0.882292 0.893789 0.891592 0.858323 0.827649 0.822952 0.818237 0.79691 0.777519 0.766194 0.751947 0.73538 0.720667 0.705966 0.690742 0.675746 0.66076 0.645725 0.630712 0.615695 0.600678 0.403766 
1 1 1 1 1 1 1 1 1 1 1 1 0.999997 0.999983 0.999907 0.999556 0.998148 0.993288 0.979316 0.94891 0.907126 0.880468 0.884078 0.89564 0.879457 0.839796 0.819567 0.820169 0.808779 0.784677 0.768981 0.757859 0.741904 0.725631 0.711153 0.696091 0.680774 0.665709 0.650587 0.635443 0.620319 0.605188 0.399322 
1 1 1 1 1 1 1 1 1 1 1 1 0.999999 0.999993 0.999961 0.999801 0.999115 0.996562 0.98841 0.967314 0.928725 0.888838 0.875863 0.888697 0.892777 0.86153 0.82385 0.81568 0.815836 0.796675 0.773388 0.761201 0.74873 0.731593 0.715979 0.701436 0.686032 0.670681 0.655516 0.640258 0.625006 0.609768 0.394812 
1 1 1 1 1 1 1 1 1 1 1 1 1 0.999997 0.999984 0.999913 0.999589 0.9983 0.99383 0.980692 0.950809 0.90686 0.875654 0.877343 0.89291 0.882815 0.840729 0.813018 0.814079 0.808224 0.783204 0.763718 0.753453 0.738726 0.721293 0.706347 0.691465 0.67582 0.660456 0.645157 0.629772 0.614412 0.390232 
1 1 1 1 1 1 1 1 1 1 1 1 1 0.999999 0.999993 0.999963 0.999814 0.999184 0.996844 0.989278 0.969076 0.930067 0.886487 0.869462 0.882902 0.893008 0.865377 0.821324 0.807847 0.811995 0.796838 0.77009 0.755576 0.744999 0.728075 0.711182 0.696599 0.681237 0.665482 0.650081 0.63463 0.619126 0.385588 
1 1 1 1 1 1 1 1 1 1 1 1 1 1 0.999997 0.999984 0.999918 0.999619 0.998437 0.994319 0.981968 0.952694 0.906843 0.871079 0.870353 0.889236 0.885716 0.842894 0.807123 0.806762 0.806783 0.782668 0.758736 0.748202 0.735407 0.717183 0.701272 0.686604 0.670791 0.655029 0.639541 0.623934 0.380874 
1 1 1 1 1 1 1 1 1 1 1 1 1 1 0.999999 0.999994 0.999964 0.999826 0.999248 0.997099 0.99007 0.970749 0.931503 0.88442 0.863119 0.876551 0.892277 0.86953 0.820108 0.799842 0.806697 0.796936 0.767779 0.74963 0.740531 0.724706 0.706442 0.691424 0.676289 0.660183 0.64445 0.628822 0.376066 
1 1 1 1 1 1 1 1 1 1 1 1 1 1 1 0.999997 0.999985 0.999923 0.999647 0.998562 0.994763 0.983149 0.954544 0.907024 0.866721 0.863186 0.884755 0.887985 0.846052 0.802096 0.798532 0.804174 0.78279 0.754352 0.742219 0.731675 0.71333 0.696049 0.681427 0.665661 0.649459 0.633719 0.371178 
1 1 1 1 1 1 1 1 1 1 1 1 1 1 1 0.999999 0.999994 0.999966 0.999838 0.999306 0.997329 0.990794 0.97233 0.932999 0.88259 0.856846 0.869768 0.890635 0.873708 0.820141 0.791975 0.800066 0.796566 0.766437 0.743689 0.73524 0.721286 0.701876 0.685951 0.671101 0.654792 0.638632 0.366281 
1 1 1 1 1 1 1 1 1 1 1 1 1 1 1 1 0.999997 0.999986 0.999927 0.999673 0.998676 0.995166 0.984243 0.956344 0.907357 0.86255 0.855897 0.879598 0.889527 0.849949 0.798051 0.789696 0.800282 0.78323 0.750757 0.735715 0.727322 0.70966 0.690809 0.675902 0.660373 0.643768 0.361368 
1 1 1 1 1 1 1 1 1 1 1 1 1 1 1 1 0.999999 0.999994 0.999968 0.999849 0.999359 0.997539 0.991456 0.97382 0.934522 0.88095 0.850639 0.862647 0.888169 0.877686 0.821307 0.784471 0.792304 0.795426 0.765918 0.738029 0.729161 0.717597 0.697528 0.680267 0.665605 0.649289 0.356232 
1 1 1 1 1 1 1 1 1 1 1 1 1 1 1 1 1 0.999997 0.999986 0.999932 0.999697 0.998779 0.995532 0.985254 0.958081 0.907799 0.85853 0.848517 0.873888 0.890315 0.854338 0.79502 0.780522 0.795121 0.783653 0.748017 0.728928 0.722235 0.706037 0.685655 0.670048 0.654857 0.350711 
1 1 1 1 1 1 1 1 1 1 1 1 1 1 1 1 1 0.999999 0.999994 0.99997 0.999859 0.999408 0.997729 0.992062 0.97522 0.936045 0.879456 0.844485 0.855262 0.88498 0.881306 0.823446 0.777479 0.783639 0.793333 0.766009 0.732847 0.722413 0.713457 0.693371 0.674469 0.659762 0.345143 
1 1 1 1 1 1 1 1 1 1 1 1 1 1 1 1 1 1 0.999998 0.999987 0.999936 0.999719 0.998873 0.995866 0.986188 0.959746 0.908311 0.854622 0.841064 0.867733 0.890367 0.858999 0.792977 0.771223 0.788792 0.783775 0.746094 0.72208 0.716387 0.7023 0.680641 0.663915 0.340238 
1 1 1 1 1 1 1 1 1 1 1 1 1 1 1 1 1 1 0.999999 0.999994 0.999971 0.999869 0.999452 0.997902 0.992616 0.97653 0.937546 0.878061 0.83836 0.847671 0.881178 0.884463 0.826385 0.771079 0.774291 0.790213 0.766464 0.728254 0.715153 0.708739 0.689324 0.66864 0.336085 
1 1 1 1 1 1 1 1 1 1 1 1 1 1 1 1 1 1 1 0.999998 0.999987 0.99994 0.999739 0.998959 0.99617 0.98705 0.961332 0.908856 0.850781 0.833545 0.861223 0.889737 0.86374 0.791848 0.761958 0.781447 0.783383 0.744882 0.715346 0.709825 0.698299 0.675771 0.33136 
1 1 1 1 1 1 1 1 1 1 1 1 1 1 1 1 1 1 1 0.999999 0.999995 0.999973 0.999878 0.999493 0.99806 0.993123 0.977753 0.939003 0.876719 0.832235 0.839916 0.876869 0.887101 0.829941 0.765298 0.764458 0.786078 0.767049 0.724279 0.707542 0.703382 0.68528 0.324229 
1 1 1 1 1 1 1 1 1 1 1 1 1 1 1 1 1 1 1 1 0.999998 0.999988 0.999944 0.999758 0.999037 0.996448 0.987844 0.962832 0.909397 0.846963 0.825957 0.854439 0.888499 0.868409 0.791529 0.752833 0.773259 0.782342 0.744229 0.708846 0.702637 0.693915 0.31472 
1 1 1 1 1 1 1 1 1 1 1 1 1 1 1 1 1 1 1 1 0.999999 0.999995 0.999975 0.999886 0.999531 0.998204 0.993588 0.978891 0.940396 0.875384 0.826076 0.832029 0.872155 0.889208 0.833941 0.760119 0.754302 0.781002 0.767556 0.720891 0.699725 0.69738 0.306085 
1 1 1 1 1 1 1 1 1 1 1 1 1 1 1 1 1 1 1 1 1 0.999998 0.999989 0.999947 0.999775 0.999109 0.996701 0.988576 0.964241 0.909902 0.843117 0.81829 0.84745 0.886739 0.87289 0.791894 0.743911 0.764401 0.780588 0.743961 0.702643 0.694933 0.30262 
1 1 1 1 1 1 1 1 1 1 1 1 1 1 1 1 1 1 1 1 1 0.999999 0.999995 0.999976 0.999894 0.999565 0.998335 0.994013 0.979947 0.941709 0.874008 0.819844 0.824035 0.867131 0.890799 0.838219 0.755489 0.743953 0.775103 0.767825 0.718008 0.691811 0.305067 
1 1 1 1 1 1 1 1 1 1 1 1 1 1 1 1 1 1 1 1 1 1 0.999998 0.999989 0.999951 0.999791 0.999174 0.996932 0.989249 0.965556 0.910335 0.839192 0.81053 0.840316 0.88455 0.877098 0.792803 0.735217 0.755039 0.778122 0.743906 0.696745 0.308189 
1 1 1 1 1 1 1 1 1 1 1 1 1 1 1 1 1 1 1 1 1 1 0.999999 0.999995 0.999978 0.999901 0.999597 0.998455 0.994402 0.980922 0.942925 0.872541 0.813499 0.815954 0.861884 0.891914 0.842627 0.751329 0.733511 0.768517 0.76774 0.715516 0.303255 
1 1 1 1 1 1 1 1 1 1 1 1 1 1 1 1 1 1 1 1 1 1 1 0.999998 0.99999 0.999954 0.999806 0.999234 0.997143 0.989866 0.966773 0.910662 0.835132 0.802663 0.833091 0.882024 0.880983 0.794107 0.726745 0.745322 0.77499 0.743904 0.284484 
1 1 1 1 1 1 1 1 1 1 1 1 1 1 1 1 1 1 1 1 1 1 1 0.999999 0.999996 0.999979 0.999908 0.999626 0.998565 0.994758 0.98182 0.944028 0.870932 0.806994 0.807803 0.856498 0.892611 0.847035 0.747537 0.723047 0.761394 0.767232 0.256096 
1 1 1 1 1 1 1 1 1 1 1 1 1 1 1 1 1 1 1 1 1 1 1 1 0.999998 0.99999 0.999957 0.99982 0.999289 0.997336 0.990432 0.967888 0.91085 0.830877 0.794669 0.825826 0.879255 0.884517 0.795656 0.718464 0.735383 0.77127 0.232768 
1 1 1 1 1 1 1 1 1 1 1 1 1 1 1 1 1 1 1 1 1 1 1 1 0.999999 0.999996 0.99998 0.999914 0.999653 0.998665 0.995083 0.982642 0.945002 0.869127 0.800283 0.799599 0.85105 0.892954 0.851329 0.743993 0.712613 0.753881 0.22873 
1 1 1 1 1 1 1 1 1 1 1 1 1 1 1 1 1 1 1 1 1 1 1 1 1 0.999998 0.999991 0.99996 0.999832 0.99934 0.997512 0.990949 0.968898 0.910861 0.826366 0.786532 0.818569 0.876332 0.887696 0.797296 0.710325 0.725338 0.246119 
1 1 1 1 1 1 1 1 1 1 1 1 1 1 1 1 1 1 1 1 1 1 1 1 1 0.999999 0.999996 0.999981 0.99992 0.999677 0.998757 0.99538 0.98339 0.94583 0.867067 0.793318 0.791359 0.845613 0.893018 0.855415 0.740568 0.702241 0.274662 
1 1 1 1 1 1 1 1 1 1 1 1 1 1 1 1 1 1 1 1 1 1 1 1 1 1 0.999998 0.999992 0.999963 0.999844 0.999386 0.997673 0.99142 0.9698 0.910656 0.821532 0.778236 0.811369 0.873343 0.890528 0.798877 0.702264 0.297759 
1 1 1 1 1 1 1 1 1 1 1 1 1 1 1 1 1 1 1 1 1 1 1 1 1 1 0.999999 0.999996 0.999983 0.999926 0.9997 0.998841 0.99565 0.984066 0.946494 0.864689 0.78605 0.783106 0.840259 0.892876 0.85921 0.73712 0.297736 
1 1 1 1 1 1 1 1 1 1 1 1 1 1 1 1 1 1 1 1 1 1 1 1 1 1 1 0.999998 0.999992 0.999965 0.999855 0.999428 0.99782 0.991847 0.970588 0.910194 0.816305 0.76977 0.804278 0.87037 0.893036 0.80025 0.26288 
1 1 1 1 1 1 1 1 1 1 1 1 1 1 1 1 1 1 1 1 1 1 1 1 1 1 1 0.999999 0.999996 0.999984 0.999931 0.99972 0.998917 0.995896 0.98467 0.946976 0.861924 0.778432 0.774866 0.835059 0.892605 0.862646 0.19975 
1 1 1 1 1 1 1 1 1 1 1 1 1 1 1 1 1 1 1 1 1 1 1 1 1 1 1 1 0.999998 0.999993 0.999967 0.999865 0.999467 0.997954 0.992232 0.971258 0.909426 0.810609 0.761128 0.797349 0.867494 0.895246 0.137354 
1 1 1 1 1 1 1 1 1 1 1 1 1 1 1 1 1 1 1 1 1 1 1 1 1 1 1 1 0.999999 0.999997 0.999985 0.999935 0.99974 0.998987 0.996119 0.985202 0.947251 0.858698 0.770418 0.766672 0.830081 0.892277 0.104754 
1 1 1 1 1 1 1 1 1 1 1 1 1 1 1 1 1 1 1 1 1 1 1 1 1 1 1 1 1 0.999998 0.999993 0.999969 0.999874 0.999502 0.998075 0.992577 0.971802 0.908301 0.804369 0.752313 0.790642 0.86479 0.107723 
1 1 1 1 1 1 1 1 1 1 1 1 1 1 1 1 1 1 1 1 1 1 1 1 1 1 1 1 1 0.999999 0.999997 0.999986 0.99994 0.999757 0.999051 0.99632 0.985662 0.947295 0.854927 0.761968 0.758568 0.825397 0.13521 
1 1 1 1 1 1 1 1 1 1 1 1 1 1 1 1 1 1 1 1 1 1 1 1 1 1 1 1 1 1 0.999999 0.999993 0.999971 0.999883 0.999534 0.998185 0.992882 0.972211 0.906758 0.797503 0.743336 0.78422 0.174603 
1 1 1 1 1 1 1 1 1 1 1 1 1 1 1 1 1 1 1 1 1 1 1 1 1 1 1 1 1 1 0.999999 0.999997 0.999987 0.999944 0.999773 0.999109 0.9965 0.986049 0.947076 0.85052 0.753048 0.750604 0.21578 
1 1 1 1 1 1 1 1 1 1 1 1 1 1 1 1 1 1 1 1 1 1 1 1 1 1 1 1 1 1 1 0.999999 0.999994 0.999973 0.99989 0.999564 0.998285 0.993149 0.972474 0.904728 0.789932 0.734224 0.249396 
1 1 1 1 1 1 1 1 1 1 1 1 1 1 1 1 1 1 1 1 1 1 1 1 1 1 1 1 1 1 1 0.999999 0.999997 0.999987 0.999947 0.999788 0.999161 0.99666 0.98636 0.946558 0.845377 0.743636 0.265776 
1 1 1 1 1 1 1 1 1 1 1 1 1 1 1 1 1 1 1 1 1 1 1 1 1 1 1 1 1 1 1 1 0.999999 0.999994 0.999975 0.999898 0.999591 0.998375 0.993377 0.972578 0.902129 0.781577 0.256364 
1 1 1 1 1 1 1 1 1 1 1 1 1 1 1 1 1 1 1 1 1 1 1 1 1 1 1 1 1 1 1 1 0.999999 0.999997 0.999988 0.999951 0.999801 0.999209 0.996802 0.986591 0.945695 0.839389 0.218423 
1 1 1 1 1 1 1 1 1 1 1 1 1 1 1 1 1 1 1 1 1 1 1 1 1 1 1 1 1 1 1 1 1 0.999999 0.999995 0.999977 0.999904 0.999616 0.998455 0.993566 0.972503 0.898867 0.160611 
1 1 1 1 1 1 1 1 1 1 1 1 1 1 1 1 1 1 1 1 1 1 1 1 1 1 1 1 1 1 1 1 1 0.999999 0.999997 0.999989 0.999954 0.999814 0.999252 0.996924 0.986736 0.944432 0.101133 
1 1 1 1 1 1 1 1 1 1 1 1 1 1 1 1 1 1 1 1 1 1 1 1 1 1 1 1 1 1 1 1 1 1 0.999999 0.999995 0.999978 0.99991 0.999638 0.998526 0.993715 0.972226 0.0555676 
1 1 1 1 1 1 1 1 1 1 1 1 1 1 1 1 1 1 1 1 1 1 1 1 1 1 1 1 1 1 1 1 1 1 0.999999 0.999998 0.99999 0.999957 0.999825 0.999291 0.997027 0.986788 0.0277736 
1 1 1 1 1 1 1 1 1 1 1 1 1 1 1 1 1 1 1 1 1 1 1 1 1 1 1 1 1 1 1 1 1 1 1 0.999999 0.999995 0.99998 0.999916 0.999659 0.998588 0.993821 0.0132119 
1 1 1 1 1 1 1 1 1 1 1 1 1 1 1 1 1 1 1 1 1 1 1 1 1 1 1 1 1 1 1 1 1 1 1 1 0.999998 0.99999 0.99996 0.999836 0.999326 0.997111 0.00617859 
1 1 1 1 1 1 1 1 1 1 1 1 1 1 1 1 1 1 1 1 1 1 1 1 1 1 1 1 1 1 1 1 1 1 1 1 0.999999 0.999995 0.999981 0.999921 0.999677 0.998641 0.00288912 
1 1 1 1 1 1 1 1 1 1 1 1 1 1 1 1 1 1 1 1 1 1 1 1 1 1 1 1 1 1 1 1 1 1 1 1 1 0.999998 0.999991 0.999962 0.999845 0.999356 0.00135941 
1 1 1 1 1 1 1 1 1 1 1 1 1 1 1 1 1 1 1 1 1 1 1 1 1 1 1 1 1 1 1 1 1 1 1 1 1 0.999999 0.999996 0.999982 0.999926 0.999693 0.000644136 
1 1 1 1 1 1 1 1 1 1 1 1 1 1 1 1 1 1 1 1 1 1 1 1 1 1 1 1 1 1 1 1 1 1 1 1 1 1 0.999998 0.999991 0.999964 0.999853 0.000306842 
1 1 1 1 1 1 1 1 1 1 1 1 1 1 1 1 1 1 1 1 1 1 1 1 1 1 1 1 1 1 1 1 1 1 1 1 1 1 0.999999 0.999996 0.999983 0.99993 0.000146583 
1 1 1 1 1 1 1 1 1 1 1 1 1 1 1 1 1 1 1 1 1 1 1 1 1 1 1 1 1 1 1 1 1 1 1 1 1 1 1 0.999998 0.999992 0.999967 7.00486e-05 
1 1 1 1 1 1 1 1 1 1 1 1 1 1 1 1 1 1 1 1 1 1 1 1 1 1 1 1 1 1 1 1 1 1 1 1 1 1 1 0.999999 0.999996 0.999984 3.34123e-05 
1 1 1 1 1 1 1 1 1 1 1 1 1 1 1 1 1 1 1 1 1 1 1 1 1 1 1 1 1 1 1 1 1 1 1 1 1 1 1 1 0.999998 0.999992 1.58792e-05 
1 1 1 1 1 1 1 1 1 1 1 1 1 1 1 1 1 1 1 1 1 1 1 1 1 1 1 1 1 1 1 1 1 1 1 1 1 1 1 1 0.999999 0.999996 7.50874e-06 
1 1 1 1 1 1 1 1 1 1 1 1 1 1 1 1 1 1 1 1 1 1 1 1 1 1 1 1 1 1 1 1 1 1 1 1 1 1 1 1 1 0.999998 3.52916e-06 
1 1 1 1 1 1 1 1 1 1 1 1 1 1 1 1 1 1 1 1 1 1 1 1 1 1 1 1 1 1 1 1 1 1 1 1 1 1 1 1 1 0.999999 1.64746e-06 
1 1 1 1 1 1 1 1 1 1 1 1 1 1 1 1 1 1 1 1 1 1 1 1 1 1 1 1 1 1 1 1 1 1 1 1 1 1 1 1 1 1 7.63438e-07 
1 1 1 1 1 1 1 1 1 1 1 1 1 1 1 1 1 1 1 1 1 1 1 1 1 1 1 1 1 1 1 1 1 1 1 1 1 1 1 1 1 1 3.51074e-07 
1 1 1 1 1 1 1 1 1 1 1 1 1 1 1 1 1 1 1 1 1 1 1 1 1 1 1 1 1 1 1 1 1 1 1 1 1 1 1 1 1 1 1.60176e-07 
1 1 1 1 1 1 1 1 1 1 1 1 1 1 1 1 1 1 1 1 1 1 1 1 1 1 1 1 1 1 1 1 1 1 1 1 1 1 1 1 1 1 7.24982e-08 
1 1 1 1 1 1 1 1 1 1 1 1 1 1 1 1 1 1 1 1 1 1 1 1 1 1 1 1 1 1 1 1 1 1 1 1 1 1 1 1 1 1 3.25516e-08 
