0 1 1 1 1 1 1 1 1 1 1 
0 0.271336 0.469806 0.615256 0.722231 0.80143 0.860772 0.906191 0.942229 0.97249 1 
0 0.160441 0.309792 0.443143 0.559281 0.659125 0.744739 0.818749 0.884014 0.943459 1 
0 0.127051 0.250762 0.368571 0.478923 0.581238 0.675765 0.763395 0.845489 0.923731 1 
0 0.113084 0.224771 0.333859 0.439475 0.541147 0.63881 0.732777 0.823683 0.912408 1 
0 0.106502 0.212345 0.316946 0.419856 0.520804 0.619717 0.716721 0.81212 0.906362 1 
0 0.103264 0.206204 0.30853 0.410014 0.510514 0.609985 0.708483 0.806157 0.903235 1 
0 0.101645 0.203128 0.304303 0.405056 0.505313 0.60505 0.704294 0.803118 0.901639 1 
0 0.10083 0.201579 0.302173 0.402554 0.502685 0.602553 0.702171 0.801577 0.900829 1 
0 0.100419 0.200798 0.301098 0.401291 0.501357 0.60129 0.701098 0.800797 0.900419 1 
0 0.100212 0.200403 0.300555 0.400652 0.500686 0.600652 0.700555 0.800403 0.900212 1 
0 0.100107 0.200204 0.30028 0.40033 0.500346 0.60033 0.70028 0.800204 0.900107 1 
0 0.100054 0.200103 0.300142 0.400167 0.500175 0.600167 0.700142 0.800103 0.900054 1 
0 0.100027 0.200052 0.300072 0.400084 0.500088 0.600084 0.700072 0.800052 0.900027 1 
0 0.100014 0.200026 0.300036 0.400043 0.500045 0.600043 0.700036 0.800026 0.900014 1 
0 0.100007 0.200013 0.300018 0.400021 0.500023 0.600021 0.700018 0.800013 0.900007 1 
0 0.100004 0.200007 0.300009 0.400011 0.500011 0.600011 0.700009 0.800007 0.900004 1 
0 0.100002 0.200003 0.300005 0.400005 0.500006 0.600005 0.700005 0.800003 0.900002 1 
0 0.100001 0.200002 0.300002 0.400003 0.500003 0.600003 0.700002 0.800002 0.900001 1 
0 0.1 0.200001 0.300001 0.400001 0.500001 0.600001 0.700001 0.800001 0.9 1 
