0 0 0 0 0 0 0 0 0 0 0 0 0 0 0 0 0 0 0 0 0 0.5 1 1 1 1 1 1 1 1 1 1 1 1 1 1 1 1 1 1 1 1 1 
0 0 0 0 0 0 0 0 0 0 0 0 0 0 0 0 0 0 0 -0.0263158 0.0879501 0.5 0.91205 1.02632 1 1 1 1 1 1 1 1 1 1 1 1 1 1 1 1 1 1 1 
0 0 0 0 0 0 0 0 0 0 0 0 0 0 0 0 0 0.00138504 -0.00987798 -0.0174355 0.116616 0.5 0.883384 1.01744 1.00988 0.998615 1 1 1 1 1 1 1 1 1 1 1 1 1 1 1 1 1 
0 0 0 0 0 0 0 0 0 0 0 0 0 0 0 -7.28969e-05 0.000799861 -0.000505092 -0.0129852 -0.011514 0.133453 0.5 0.866547 1.01151 1.01299 1.00051 0.9992 1.00007 1 1 1 1 1 1 1 1 1 1 1 1 1 1 1 
0 0 0 0 0 0 0 0 0 0 0 0 0 3.83668e-06 -5.68407e-05 0.000159254 0.000870222 -0.00184778 -0.0147401 -0.0065496 0.143692 0.5 0.856308 1.00655 1.01474 1.00185 0.99913 0.999841 1.00006 0.999996 1 1 1 1 1 1 1 1 1 1 1 1 1 
0 0 0 0 0 0 0 0 0 0 0 -2.01931e-07 3.76744e-06 -1.83396e-05 -3.46897e-05 0.000312621 0.000819277 -0.00296153 -0.0155642 -0.00289019 0.15051 0.5 0.84949 1.00289 1.01556 1.00296 0.999181 0.999687 1.00003 1.00002 0.999996 1 1 1 1 1 1 1 1 1 1 1 1 
0 0 0 0 0 0 0 0 0 1.06279e-08 -2.3912e-07 1.64623e-06 -4.61561e-07 -2.91877e-05 -1.62772e-06 0.000431542 0.000684415 -0.00378297 -0.0159975 -0.000149218 0.155209 0.5 0.844791 1.00015 1.016 1.00378 0.999316 0.999568 1 1.00003 1 0.999998 1 1 1 1 1 1 1 1 1 1 1 
0 0 0 0 0 0 0 -5.59364e-10 1.47344e-08 -1.30743e-07 2.66044e-07 1.99888e-06 -5.2943e-06 -3.49014e-05 3.8024e-05 0.000509179 0.000539773 -0.00439817 -0.016221 0.00189324 0.158542 0.5 0.841458 0.998107 1.01622 1.0044 0.99946 0.999491 0.999962 1.00003 1.00001 0.999998 1 1 1 1 1 1 1 1 1 1 1 
0 0 0 0 0 2.94402e-11 -8.88608e-10 9.6368e-09 -3.47832e-08 -9.73978e-08 7.33159e-07 1.67943e-06 -1.03117e-05 -3.53357e-05 7.4681e-05 0.000560383 0.000404068 -0.00485728 -0.01634 0.00342161 0.16095 0.5 0.83905 0.996578 1.01634 1.00486 0.999596 0.99944 0.999925 1.00004 1.00001 0.999998 0.999999 1 1 1 1 1 1 1 1 1 1 
0 0 0 -1.54949e-12 5.27221e-11 -6.75104e-10 3.43636e-09 1.56748e-09 -6.80623e-08 6.00644e-09 1.13329e-06 7.61833e-07 -1.44681e-05 -3.29606e-05 0.000106595 0.000593392 0.000286437 -0.0052027 -0.0164045 0.00456731 0.162713 0.5 0.837287 0.995433 1.0164 1.0052 0.999714 0.999407 0.999893 1.00003 1.00001 0.999999 0.999999 1 1 1 1 1 1 1 1 1 1 
0 0 -3.10106e-12 4.55707e-11 -2.9694e-10 3.64843e-10 4.98436e-09 -1.1979e-08 -8.49527e-08 1.62132e-07 1.37079e-06 -3.96778e-07 -1.77211e-05 -2.90998e-05 0.000133202 0.000614792 0.000188131 -0.00546417 -0.0164413 0.00542758 0.164015 0.5 0.835985 0.994572 1.01644 1.00546 0.999812 0.999385 0.999867 1.00003 1.00002 1 0.999999 1 1 1 1 1 1 1 1 1 1 
0 -1.17906e-23 2.40798e-11 -6.22672e-11 -2.87804e-10 1.65699e-09 4.19732e-09 -2.83515e-08 -7.84641e-08 3.26146e-07 1.46989e-06 -1.61674e-06 -2.01392e-05 -2.47206e-05 0.000154972 0.000628772 0.000107887 -0.00566337 -0.016464 0.00607392 0.164983 0.5 0.835017 0.993926 1.01646 1.00566 0.999892 0.999371 0.999845 1.00002 1.00002 1 0.999999 1 1 1 1 1 1 1 1 1 1 
1.17906e-23 3.7137e-23 1.09102e-11 -1.60147e-10 -2.75994e-11 2.87919e-09 7.87561e-10 -4.25461e-08 -5.4992e-08 4.78603e-07 1.46099e-06 -2.77927e-06 -2.18922e-05 -2.03623e-05 0.00017259 0.000638082 4.33662e-05 -0.00581594 -0.0164797 0.00655938 0.165706 0.5 0.834294 0.993441 1.01648 1.00582 0.999957 0.999362 0.999827 1.00002 1.00002 1 0.999999 1 1 1 1 1 1 1 1 1 1 
-3.7137e-23 -3.49711e-23 -2.82429e-11 -2.16788e-10 4.6072e-10 3.53683e-09 -4.15195e-09 -5.29587e-08 -2.0474e-08 6.08928e-07 1.38074e-06 -3.82997e-06 -2.31416e-05 -1.63186e-05 0.000186775 0.000644458 -7.94138e-06 -0.0059333 -0.016492 0.0069236 0.166246 0.5 0.833754 0.993076 1.01649 1.00593 1.00001 0.999356 0.999813 1.00002 1.00002 1 0.999999 0.999999 1 1 1 1 1 1 1 1 1 
3.49711e-23 3.45177e-22 -8.02932e-11 -1.92107e-10 1.02414e-09 3.5591e-09 -9.76053e-09 -5.91272e-08 1.93533e-08 7.14902e-07 1.25866e-06 -4.74861e-06 -2.40251e-05 -1.27218e-05 0.000198168 0.000648993 -4.83901e-05 -0.00602386 -0.0165026 0.00719628 0.166651 0.5 0.833349 0.992804 1.0165 1.00602 1.00005 0.999351 0.999802 1.00001 1.00002 1 0.999999 0.999999 1 1 1 1 1 1 1 1 1 
-3.45177e-22 1.69831e-21 -1.23928e-10 -9.16378e-11 1.55929e-09 3.00199e-09 -1.53311e-08 -6.15397e-08 6.04036e-08 7.98073e-07 1.11687e-06 -5.53529e-06 -2.46492e-05 -9.6119e-06 0.000207313 0.000652368 -8.00421e-05 -0.00609391 -0.0165124 0.00739983 0.166954 0.5 0.833046 0.9926 1.01651 1.00609 1.00008 0.999348 0.999793 1.00001 1.00002 1.00001 0.999999 0.999999 1 1 1 1 1 1 1 1 1 
-1.69831e-21 3.50247e-21 -1.47018e-10 6.76406e-11 1.99681e-09 2.01192e-09 -2.04416e-08 -6.09937e-08 9.99907e-08 8.6177e-07 9.70404e-07 -6.19995e-06 -2.50931e-05 -6.97661e-06 0.000214654 0.000654998 -0.000104641 -0.00614815 -0.0165214 0.00755121 0.16718 0.5 0.83282 0.992449 1.01652 1.00615 1.0001 0.999345 0.999785 1.00001 1.00003 1.00001 0.999999 0.999999 1 1 1 1 1 1 1 1 1 
-3.50247e-21 4.65678e-21 -1.4502e-10 2.62349e-10 2.30918e-09 7.44662e-10 -2.48808e-08 -5.83425e-08 1.36583e-07 9.09717e-07 8.28832e-07 -6.75663e-06 -2.54133e-05 -4.77741e-06 0.000220549 0.00065714 -0.000123631 -0.00619017 -0.01653 0.00766324 0.167349 0.5 0.832651 0.992337 1.01653 1.00619 1.00012 0.999343 0.999779 1 1.00003 1.00001 0.999999 0.999999 1 1 1 1 1 1 1 1 1 
-4.65678e-21 4.45729e-21 -1.19733e-10 4.71273e-10 2.49574e-09 -6.62053e-10 -2.85895e-08 -5.43402e-08 1.69452e-07 9.45408e-07 6.97704e-07 -7.22026e-06 -2.56493e-05 -2.96443e-06 0.000225285 0.000658947 -0.000138189 -0.0062227 -0.0165379 0.00774567 0.167475 0.5 0.832525 0.992254 1.01654 1.00622 1.00014 0.999341 0.999775 1 1.00003 1.00001 0.999999 0.999999 1 1 1 1 1 1 1 1 1 
-4.45729e-21 3.08371e-21 -7.62516e-11 6.77739e-10 2.57176e-09 -2.10201e-09 -3.15987e-08 -4.95918e-08 1.98396e-07 9.71822e-07 5.79804e-07 -7.60499e-06 -2.58286e-05 -1.48511e-06 0.000229091 0.000660511 -0.000149266 -0.00624786 -0.0165451 0.0078059 0.167568 0.5 0.832432 0.992194 1.01655 1.00625 1.00015 0.999339 0.999771 1 1.00003 1.00001 0.999999 0.999999 1 1 1 1 1 1 1 1 1 
-3.08371e-21 1.38613e-21 -2.07665e-11 8.70376e-10 2.55918e-09 -3.50079e-09 -3.39864e-08 -4.45489e-08 2.2353e-07 9.91364e-07 4.76097e-07 -7.92352e-06 -2.59693e-05 -2.88941e-07 0.000232149 0.000661887 -0.000157625 -0.00626727 -0.0165517 0.00784954 0.167637 0.5 0.832363 0.99215 1.01655 1.00627 1.00016 0.999338 0.999768 1 1.00003 1.00001 1 0.999999 1 1 1 1 1 1 1 1 1 
-1.38613e-21 3.76596e-22 4.08923e-11 1.0425e-09 2.48097e-09 -4.81135e-09 -3.58489e-08 -3.95282e-08 2.45138e-07 1.0059e-06 3.8641e-07 -8.18686e-06 -2.60837e-05 6.70191e-07 0.000234604 0.000663107 -0.000163874 -0.0062822 -0.0165575 0.00788083 0.167687 0.5 0.832313 0.992119 1.01656 1.00628 1.00016 0.999337 0.999765 0.999999 1.00003 1.00001 1 0.999999 1 1 1 1 1 1 1 1 1 
-3.76596e-22 8.09992e-22 1.03961e-10 1.1911e-09 2.35791e-09 -6.00783e-09 -3.7283e-08 -3.47382e-08 2.63585e-07 1.01685e-06 3.09899e-07 -8.40433e-06 -2.61799e-05 1.43306e-06 0.000236575 0.000664192 -0.000168496 -0.00629365 -0.0165626 0.00790299 0.167723 0.5 0.832277 0.992097 1.01656 1.00629 1.00017 0.999336 0.999763 0.999999 1.00003 1.00001 1 0.999999 1 1 1 1 1 1 1 1 1 
-8.09992e-22 3.00621e-21 1.64959e-10 1.31578e-09 2.20727e-09 -7.07962e-09 -3.83774e-08 -3.03042e-08 2.79252e-07 1.02523e-06 2.45372e-07 -8.5838e-06 -2.62628e-05 2.03492e-06 0.000238154 0.000665157 -0.000171869 -0.00630238 -0.0165671 0.00791844 0.167749 0.5 0.832251 0.992082 1.01657 1.0063 1.00017 0.999335 0.999762 0.999998 1.00003 1.00001 1 0.999999 1 1 1 1 1 1 1 1 1 
-3.00621e-21 6.87957e-21 2.21608e-10 1.41782e-09 2.04256e-09 -8.02631e-09 -3.92081e-08 -2.62917e-08 2.9251e-07 1.03182e-06 1.91489e-07 -8.73179e-06 -2.63359e-05 2.50579e-06 0.000239417 0.000666012 -0.000174293 -0.00630901 -0.016571 0.00792901 0.167768 0.5 0.832232 0.992071 1.01657 1.00631 1.00017 0.999334 0.999761 0.999997 1.00003 1.00001 1 0.999999 1 1 1 1 1 1 1 1 1 
-6.87957e-21 1.20741e-20 2.72631e-10 1.4995e-09 1.87381e-09 -8.85385e-09 -3.9838e-08 -2.27243e-08 3.03703e-07 1.03713e-06 1.46894e-07 -8.85371e-06 -2.64011e-05 2.87086e-06 0.000240425 0.000666765 -0.000176 -0.006314 -0.0165742 0.00793605 0.167781 0.5 0.832219 0.992064 1.01657 1.00631 1.00018 0.999333 0.99976 0.999997 1.00003 1.00001 1 0.999999 1 1 1 1 1 1 1 1 1 
-1.20741e-20 1.8116e-20 3.17505e-10 1.5635e-09 1.70809e-09 -9.57175e-09 -4.03175e-08 -1.95975e-08 3.13132e-07 1.04154e-06 1.10293e-07 -8.95406e-06 -2.64597e-05 3.15114e-06 0.000241228 0.000667425 -0.000177172 -0.00631774 -0.0165769 0.00794057 0.16779 0.5 0.83221 0.992059 1.01658 1.00632 1.00018 0.999333 0.999759 0.999997 1.00003 1.00001 1 0.999999 1 1 1 1 1 1 1 1 1 
-1.8116e-20 2.45332e-20 3.56234e-10 1.61262e-09 1.5501e-09 -1.01911e-08 -4.06857e-08 -1.68894e-08 3.21066e-07 1.0453e-06 8.04904e-08 -9.03655e-06 -2.65126e-05 3.36392e-06 0.000241864 0.000667999 -0.000177948 -0.00632051 -0.0165792 0.00794334 0.167796 0.5 0.832204 0.992057 1.01658 1.00632 1.00018 0.999332 0.999758 0.999997 1.00003 1.00001 1 0.999999 1 1 1 1 1 1 1 1 1 
-2.45332e-20 3.09278e-20 3.8916e-10 1.64953e-09 1.40277e-09 -1.07234e-08 -4.09727e-08 -1.45678e-08 3.27733e-07 1.04859e-06 5.6416e-08 -9.10425e-06 -2.65603e-05 3.5234e-06 0.000242366 0.000668495 -0.000178436 -0.00632253 -0.0165811 0.00794488 0.1678 0.5 0.8322 0.992055 1.01658 1.00632 1.00018 0.999332 0.999758 0.999996 1.00003 1.00001 1 0.999999 1 1 1 1 1 1 1 1 1 
-3.09278e-20 3.70061e-20 4.16813e-10 1.67662e-09 1.26768e-09 -1.11797e-08 -4.1201e-08 -1.25956e-08 3.33331e-07 1.05151e-06 3.71249e-08 -9.15971e-06 -2.66032e-05 3.6411e-06 0.000242761 0.000668921 -0.000178717 -0.00632399 -0.0165826 0.00794561 0.167802 0.5 0.832198 0.992054 1.01658 1.00632 1.00018 0.999331 0.999757 0.999996 1.00003 1.00001 1 0.999999 1 1 1 1 1 1 1 1 1 
-3.70061e-20 4.25792e-20 4.39815e-10 1.69599e-09 1.14545e-09 -1.15701e-08 -4.13872e-08 -1.0934e-08 3.38025e-07 1.05415e-06 2.17968e-08 -9.20505e-06 -2.66416e-05 3.72634e-06 0.000243071 0.000669284 -0.000178852 -0.00632503 -0.0165838 0.0079458 0.167804 0.5 0.832196 0.992054 1.01658 1.00633 1.00018 0.999331 0.999757 0.999996 1.00003 1.00001 1 0.999999 1 1 1 1 1 1 1 1 1 
-4.25792e-20 4.75483e-20 4.58801e-10 1.70942e-09 1.03606e-09 -1.1904e-08 -4.15431e-08 -9.54498e-09 3.41957e-07 1.05654e-06 9.72751e-09 -9.24201e-06 -2.66758e-05 3.7866e-06 0.000243311 0.000669591 -0.000178888 -0.00632575 -0.0165848 0.00794567 0.167804 0.5 0.832196 0.992054 1.01658 1.00633 1.00018 0.99933 0.999757 0.999996 1.00003 1.00001 1 0.999999 1 1 1 1 1 1 1 1 1 
-4.75483e-20 5.18831e-20 4.74381e-10 1.71836e-09 9.39048e-10 -1.21892e-08 -4.16774e-08 -8.39243e-09 3.45246e-07 1.05872e-06 3.18511e-10 -9.27206e-06 -2.67061e-05 3.82783e-06 0.000243497 0.000669849 -0.000178859 -0.00632623 -0.0165856 0.00794535 0.167804 0.5 0.832196 0.992055 1.01659 1.00633 1.00018 0.99933 0.999757 0.999996 1.00003 1.00001 1 0.999999 1 1 1 1 1 1 1 1 1 
-5.18831e-20 5.56004e-20 4.87109e-10 1.724e-09 8.53684e-10 -1.24329e-08 -4.17958e-08 -7.44321e-09 3.47994e-07 1.06071e-06 -6.93465e-09 -9.2964e-06 -2.67328e-05 3.85476e-06 0.000243639 0.000670065 -0.00017879 -0.00632654 -0.0165862 0.00794493 0.167804 0.5 0.832196 0.992055 1.01659 1.00633 1.00018 0.99933 0.999756 0.999996 1.00003 1.00001 1 0.999999 1 1 1 1 1 1 1 1 1 
-5.56004e-20 5.87463e-20 4.97477e-10 1.72725e-09 7.79079e-10 -1.26411e-08 -4.19024e-08 -6.66733e-09 3.50285e-07 1.06252e-06 -1.24539e-08 -9.31606e-06 -2.67561e-05 3.87109e-06 0.000243747 0.000670243 -0.000178698 -0.00632673 -0.0165866 0.00794449 0.167804 0.5 0.832196 0.992056 1.01659 1.00633 1.00018 0.99933 0.999756 0.999996 1.00003 1.00001 1 0.999999 1 1 1 1 1 1 1 1 1 
-5.87463e-20 6.13821e-20 5.05909e-10 1.72886e-09 7.14279e-10 -1.2819e-08 -4.19997e-08 -6.03812e-09 3.52192e-07 1.06416e-06 -1.65894e-08 -9.33185e-06 -2.67764e-05 3.87971e-06 0.000243829 0.00067039 -0.000178596 -0.00632683 -0.016587 0.00794406 0.167804 0.5 0.832196 0.992056 1.01659 1.00633 1.00018 0.99933 0.999756 0.999996 1.00003 1.00001 1 0.999999 1 1 1 1 1 1 1 1 1 
-6.13821e-20 6.35742e-20 5.12764e-10 1.72936e-09 6.5831e-10 -1.29709e-08 -4.20896e-08 -5.5321e-09 3.53775e-07 1.06565e-06 -1.96303e-08 -9.34449e-06 -2.67939e-05 3.88285e-06 0.000243889 0.000670509 -0.000178493 -0.00632687 -0.0165872 0.00794366 0.167804 0.5 0.832196 0.992056 1.01659 1.00633 1.00018 0.999329 0.999756 0.999996 1.00003 1.00001 1 0.999999 1 1 1 1 1 1 1 1 1 
-6.35742e-20 6.53883e-20 5.1834e-10 1.72916e-09 6.10224e-10 -1.31007e-08 -4.21731e-08 -5.12887e-09 3.55086e-07 1.06699e-06 -2.1813e-08 -9.35454e-06 -2.6809e-05 3.88222e-06 0.000243933 0.000670606 -0.000178393 -0.00632686 -0.0165874 0.00794331 0.167803 0.5 0.832197 0.992057 1.01659 1.00633 1.00018 0.999329 0.999756 0.999996 1.00003 1.00001 1 0.999999 1 1 1 1 1 1 1 1 1 
-6.53883e-20 6.6885e-20 5.22884e-10 1.72857e-09 5.6912e-10 -1.32115e-08 -4.22507e-08 -4.8108e-09 3.56169e-07 1.06818e-06 -2.33301e-08 -9.36249e-06 -2.68218e-05 3.8791e-06 0.000243964 0.000670683 -0.000178301 -0.00632683 -0.0165875 0.007943 0.167803 0.5 0.832197 0.992057 1.01659 1.00633 1.00018 0.999329 0.999756 0.999996 1.00003 1.00001 1 0.999999 1 1 1 1 1 1 1 1 1 
-6.6885e-20 6.8118e-20 5.26596e-10 1.72779e-09 5.34155e-10 -1.3306e-08 -4.23229e-08 -4.5628e-09 3.57059e-07 1.06924e-06 -2.43372e-08 -9.36874e-06 -2.68327e-05 3.87445e-06 0.000243986 0.000670745 -0.000178217 -0.00632679 -0.0165876 0.00794275 0.167803 0.5 0.832197 0.992057 1.01659 1.00633 1.00018 0.999329 0.999756 0.999996 1.00003 1.00001 1 0.999999 1 1 1 1 1 1 1 1 1 
-6.8118e-20 6.9134e-20 5.2964e-10 1.72696e-09 5.04557e-10 -1.33866e-08 -4.23898e-08 -4.37204e-09 3.57789e-07 1.07018e-06 -2.49588e-08 -9.37361e-06 -2.68418e-05 3.86897e-06 0.000244 0.000670794 -0.000178144 -0.00632674 -0.0165876 0.00794255 0.167802 0.5 0.832198 0.992057 1.01659 1.00633 1.00018 0.999329 0.999756 0.999996 1.00003 1.00001 1 0.999999 1 1 1 1 1 1 1 1 1 
-6.9134e-20 6.99723e-20 5.32146e-10 1.72618e-09 4.79623e-10 -1.34553e-08 -4.24517e-08 -4.22768e-09 3.58385e-07 1.071e-06 -2.52942e-08 -9.37738e-06 -2.68495e-05 3.86316e-06 0.00024401 0.000670831 -0.000178081 -0.00632668 -0.0165877 0.00794239 0.167802 0.5 0.832198 0.992058 1.01659 1.00633 1.00018 0.999329 0.999756 0.999996 1.00003 1.00001 1 0.999999 1 1 1 1 1 1 1 1 1 
-6.99723e-20 7.06658e-20 5.34217e-10 1.72551e-09 4.58723e-10 -1.35136e-08 -4.25087e-08 -4.12063e-09 3.58869e-07 1.07172e-06 -2.54216e-08 -9.38026e-06 -2.68558e-05 3.85737e-06 0.000244015 0.00067086 -0.000178027 -0.00632663 -0.0165877 0.00794227 0.167802 0.5 0.832198 0.992058 1.01659 1.00633 1.00018 0.999329 0.999756 0.999996 1.00003 1.00001 1 0.999999 1 1 1 1 1 1 1 1 1 
-7.06658e-20 7.12413e-20 5.35939e-10 1.72497e-09 4.41292e-10 -1.35632e-08 -4.25608e-08 -4.0433e-09 3.5926e-07 1.07235e-06 -2.54019e-08 -9.38243e-06 -2.68611e-05 3.85182e-06 0.000244018 0.000670882 -0.000177981 -0.00632658 -0.0165877 0.00794218 0.167802 0.5 0.832198 0.992058 1.01659 1.00633 1.00018 0.999329 0.999756 0.999996 1.00003 1.00001 1 0.999999 1 1 1 1 1 1 1 1 1 
-7.12413e-20 7.17207e-20 5.37377e-10 1.72457e-09 4.26832e-10 -1.36051e-08 -4.26083e-08 -3.98943e-09 3.59574e-07 1.07289e-06 -2.52824e-08 -9.38405e-06 -2.68654e-05 3.84667e-06 0.000244018 0.000670899 -0.000177944 -0.00632653 -0.0165877 0.00794211 0.167802 0.5 0.832198 0.992058 1.01659 1.00633 1.00018 0.999329 0.999756 0.999996 1.00003 1.00001 1 0.999999 1 1 1 1 1 1 1 1 1 
-7.17207e-20 7.21216e-20 5.38583e-10 1.72431e-09 4.14902e-10 -1.36406e-08 -4.26513e-08 -3.95383e-09 3.59825e-07 1.07335e-06 -2.5099e-08 -9.38524e-06 -2.68689e-05 3.842e-06 0.000244018 0.00067091 -0.000177914 -0.00632649 -0.0165876 0.00794207 0.167802 0.5 0.832198 0.992058 1.01659 1.00633 1.00018 0.999329 0.999756 0.999996 1.00003 1.00001 1 0.999999 1 1 1 1 1 1 1 1 1 
-7.21216e-20 7.24585e-20 5.396e-10 1.72417e-09 4.05117e-10 -1.36705e-08 -4.269e-08 -3.93228e-09 3.60023e-07 1.07374e-06 -2.48785e-08 -9.38608e-06 -2.68717e-05 3.83783e-06 0.000244016 0.000670919 -0.000177889 -0.00632646 -0.0165876 0.00794204 0.167802 0.5 0.832198 0.992058 1.01659 1.00633 1.00018 0.999329 0.999756 0.999996 1.00003 1.00001 1 0.999999 1 1 1 1 1 1 1 1 1 
