0 0 0 0 0 0 0 0 0 0 0 0 0 0 0 0 0 0 0 0 0 0.5 1 1 1 1 1 1 1 1 1 1 1 1 1 1 1 1 1 1 1 1 1 
0 0 0 0 0 0 0 0 0 0 0 0 0 0 0 0 0 0 0 -0.005 0.034 0.5 0.966 1.005 1 1 1 1 1 1 1 1 1 1 1 1 1 1 1 1 1 1 1 
0 0 0 0 0 0 0 0 0 0 0 0 0 0 0 0 0 5e-05 -0.00052534 -0.0071604 0.0588633 0.5 0.941137 1.00716 1.00053 0.99995 1 1 1 1 1 1 1 1 1 1 1 1 1 1 1 1 1 
0 0 0 0 0 0 0 0 0 0 0 0 0 0 0 -5e-07 7.15404e-06 8.91237e-05 -0.00123815 -0.00764951 0.0773306 0.5 0.922669 1.00765 1.00124 0.999911 0.999993 1 1 1 1 1 1 1 1 1 1 1 1 1 1 1 1 
0 0 0 0 0 0 0 0 0 0 0 0 0 5e-09 -9.05403e-08 -9.93159e-07 2.10227e-05 9.77503e-05 -0.00196731 -0.0071982 0.0912595 0.5 0.90874 1.0072 1.00197 0.999902 0.999979 1 1 1 1 1 1 1 1 1 1 1 1 1 1 1 1 
0 0 0 0 0 0 0 0 0 0 0 -5e-11 1.0954e-09 1.02291e-08 -3.14708e-07 -9.38024e-07 3.8914e-05 7.49076e-05 -0.00263383 -0.00625595 0.101921 0.5 0.898079 1.00626 1.00263 0.999925 0.999961 1 1 1 1 1 1 1 1 1 1 1 1 1 1 1 1 
0 0 0 0 0 0 0 0 0 5e-13 -1.2854e-11 -9.80453e-11 4.34523e-09 5.27484e-09 -6.58092e-07 -3.06604e-08 5.80903e-05 2.68178e-05 -0.00320805 -0.00509379 0.110196 0.5 0.889804 1.00509 1.00321 0.999973 0.999942 1 1 1 1 1 1 1 1 1 1 1 1 1 1 1 1 
0 0 0 0 0 0 0 -5e-15 1.4754e-13 8.658e-13 -5.66929e-11 3.66495e-11 1.00109e-08 -1.99366e-08 -1.07294e-06 1.79233e-06 7.65036e-05 -3.85795e-05 -0.00368555 -0.00387095 0.1167 0.5 0.8833 1.00387 1.00369 1.00004 0.999923 0.999998 1 1 1 1 1 1 1 1 1 1 1 1 1 1 1 
0 0 0 0 0 5e-17 -1.6654e-15 -6.78947e-15 7.09183e-13 -1.84573e-12 -1.40932e-10 5.96461e-10 1.74613e-08 -7.17014e-08 -1.50255e-06 4.42987e-06 9.28941e-05 -0.000113997 -0.00407367 -0.00267735 0.121871 0.5 0.878129 1.00268 1.00407 1.00011 0.999907 0.999996 1 1 1 1 1 1 1 1 1 1 1 1 1 1 1 
0 0 0 -5e-19 1.8554e-17 4.19893e-17 -8.58541e-15 4.00162e-14 1.86803e-12 -1.25657e-11 -2.57638e-10 1.7997e-09 2.54641e-08 -1.51674e-07 -1.89701e-06 7.69617e-06 0.000106653 -0.000193617 -0.00438442 -0.00156052 0.126024 0.5 0.873976 1.00156 1.00438 1.00019 0.999893 0.999992 1 1 1 1 1 1 1 1 1 1 1 1 1 1 1 
0 0 -2.0554e-19 -8.88402e-20 1.01226e-16 -6.91514e-16 -2.35697e-14 2.24932e-13 3.50277e-12 -3.68263e-11 -3.81192e-10 3.78067e-09 3.25772e-08 -2.57564e-07 -2.22029e-06 1.13804e-05 0.000117632 -0.000273196 -0.00463067 -0.000542439 0.129391 0.5 0.870609 1.00054 1.00463 1.00027 0.999882 0.999989 1 1 1 1 1 1 1 1 1 1 1 1 1 1 1 
0 0 -1.16791e-18 1.06566e-17 2.85073e-16 -3.64277e-15 -4.42293e-14 6.65042e-13 5.07316e-12 -7.91533e-11 -4.73966e-10 6.56675e-09 3.74759e-08 -3.84452e-07 -2.45162e-06 1.52838e-05 0.000125973 -0.000349859 -0.00482446 0.000369939 0.132142 0.5 0.867858 0.99963 1.00482 1.00035 0.999874 0.999985 1 1 1 1 1 1 1 1 1 1 1 1 1 1 1 
0 0 -3.28872e-18 5.50121e-17 5.18977e-16 -1.10001e-14 -5.92081e-14 1.47302e-12 5.64931e-12 -1.41873e-10 -4.94415e-10 1.00859e-08 3.91549e-08 -5.26132e-07 -2.58352e-06 1.92383e-05 0.000131971 -0.000421821 -0.00497629 0.0011782 0.134405 0.5 0.865595 0.998822 1.00498 1.00042 0.999868 0.999981 1 1 1 1 1 1 1 1 1 1 1 1 1 1 1 
0 0 -5.42294e-18 1.70253e-16 5.72402e-16 -2.51039e-14 -4.68525e-14 2.72311e-12 4.05384e-12 -2.246e-10 -4.04631e-10 1.41918e-08 3.70113e-08 -6.76193e-07 -2.6186e-06 2.31134e-05 0.00013599 -0.000488104 -0.00509491 0.00188849 0.136278 0.5 0.863722 0.998112 1.00509 1.00049 0.999864 0.999977 1 1 1 1 1 1 1 1 1 1 1 1 1 1 1 
0 0 -2.92686e-18 3.9912e-16 -2.5365e-17 -4.7666e-14 2.31721e-14 4.42627e-12 -9.432e-13 -3.24361e-10 -1.75765e-10 1.86952e-08 3.08375e-08 -8.28755e-07 -2.56623e-06 2.68153e-05 0.000138401 -0.000548301 -0.00518746 0.00250916 0.137836 0.5 0.862164 0.997491 1.00519 1.00055 0.999862 0.999973 1 1 1 1 1 1 1 1 1 1 1 1 1 1 1 
0 0 1.40526e-17 7.73688e-16 -1.9864e-15 -7.90109e-14 1.85921e-13 6.51991e-12 -1.0434e-11 -4.36179e-10 2.09168e-10 2.33936e-08 2.07602e-08 -9.78881e-07 -2.43955e-06 3.0282e-05 0.00013955 -0.000602391 -0.00525965 0.00304931 0.139139 0.5 0.860861 0.996951 1.00526 1.0006 0.99986 0.99997 1 1 1 1 1 1 1 1 1 1 1 1 1 1 1 
0 0 6.12104e-17 1.29599e-15 -6.19958e-15 -1.17557e-13 4.76066e-13 8.8726e-12 -2.52265e-11 -5.53869e-10 7.54808e-10 2.80941e-08 7.15539e-09 -1.12275e-06 -2.25328e-06 3.34781e-05 0.000139741 -0.000650597 -0.00531599 0.00351799 0.140231 0.5 0.859769 0.996482 1.00532 1.00065 0.99986 0.999967 1 1 1 1 1 1 1 1 1 1 1 1 1 1 1 
0 1.08714e-33 1.59131e-16 1.92089e-15 -1.36152e-14 -1.5966e-13 9.22886e-13 1.13002e-11 -4.57603e-11 -6.70862e-10 1.4547e-09 3.263e-08 -9.43963e-09 -1.25763e-06 -2.02209e-06 3.6388e-05 0.000139231 -0.000693289 -0.00536002 0.00392379 0.14115 0.5 0.85885 0.996076 1.00536 1.00069 0.999861 0.999964 1 1 1 1 1 1 1 1 1 1 1 1 1 1 1 
-1.08714e-33 9.26822e-33 3.30745e-16 2.54597e-15 -2.51061e-14 -1.99819e-13 1.54633e-12 1.35881e-11 -7.20837e-11 -7.80911e-10 2.29351e-09 3.68685e-08 -2.84049e-08 -1.38179e-06 -1.75956e-06 3.9011e-05 0.000138231 -0.000730913 -0.00539451 0.00427458 0.141926 0.5 0.858074 0.995725 1.00539 1.00073 0.999862 0.999961 1 1 1 1 1 1 1 1 1 1 1 1 1 1 1 
-9.26822e-33 3.69085e-32 5.97651e-16 3.01073e-15 -4.13339e-14 -2.31191e-13 2.35467e-12 1.55157e-11 -1.03882e-10 -8.78614e-10 3.24975e-09 4.07139e-08 -4.9101e-08 -1.49434e-06 -1.47763e-06 4.13563e-05 0.000136907 -0.000763944 -0.0054216 0.00457746 0.142583 0.5 0.857417 0.995423 1.00542 1.00076 0.999863 0.999959 1 1 1 1 1 1 1 1 1 1 1 1 1 1 1 
-3.69085e-32 1.127e-31 9.7603e-16 3.1056e-15 -6.26458e-14 -2.46264e-13 3.34382e-12 1.68778e-11 -1.40542e-10 -9.59742e-10 4.29833e-09 4.41061e-08 -7.09146e-08 -1.59504e-06 -1.18636e-06 4.34397e-05 0.000135389 -0.000792856 -0.00544294 0.00483875 0.14314 0.5 0.85686 0.995161 1.00544 1.00079 0.999865 0.999957 1 1 1 1 1 1 1 1 1 1 1 1 1 1 1 
-1.127e-31 2.51447e-31 1.47294e-15 2.58859e-15 -8.90145e-14 -2.376e-13 4.49821e-12 1.75011e-11 -1.81232e-10 -1.02137e-09 5.41289e-09 4.70164e-08 -9.32898e-08 -1.68411e-06 -8.93918e-07 4.5281e-05 0.000133775 -0.000818104 -0.00545982 0.00506399 0.143613 0.5 0.856387 0.994936 1.00546 1.00082 0.999866 0.999955 1 1 1 1 1 1 1 1 1 1 1 1 1 1 1 
-2.51447e-31 5.52846e-31 2.08367e-15 1.20663e-15 -1.20027e-13 -1.98499e-13 5.79273e-12 1.72561e-11 -2.2499e-10 -1.06189e-09 6.56768e-09 4.9442e-08 -1.15745e-07 -1.76216e-06 -6.06654e-07 4.69015e-05 0.000132139 -0.00084011 -0.00547324 0.00525807 0.144016 0.5 0.855984 0.994742 1.00547 1.00084 0.999868 0.999953 1 1 1 1 1 1 1 1 1 1 1 1 1 1 1 
-5.52846e-31 1.08768e-30 2.79045e-15 -1.28174e-15 -1.54916e-13 -1.23537e-13 7.19532e-12 1.60616e-11 -2.708e-10 -1.08084e-09 7.73881e-09 5.14e-08 -1.37879e-07 -1.82998e-06 -3.29342e-07 4.83229e-05 0.000130531 -0.000859263 -0.00548394 0.00542523 0.144359 0.5 0.855641 0.994575 1.00548 1.00086 0.999869 0.999952 1 1 1 1 1 1 1 1 1 1 1 1 1 1 1 
-1.08768e-30 1.83198e-30 3.56282e-15 -5.08557e-15 -1.92629e-13 -8.93057e-15 8.66982e-12 1.3885e-11 -3.17666e-10 -1.0788e-09 8.90522e-09 5.29221e-08 -1.59373e-07 -1.88849e-06 -6.53767e-08 4.95666e-05 0.000128988 -0.000875914 -0.00549254 0.00556916 0.144652 0.5 0.855348 0.994431 1.00549 1.00088 0.999871 0.99995 1 1 1 1 1 1 1 1 1 1 1 1 1 1 1 
-1.83198e-30 2.95015e-30 4.35935e-15 -1.03648e-14 -2.31913e-13 1.47297e-13 1.01788e-11 1.07388e-11 -3.64661e-10 -1.0571e-09 1.00491e-08 5.40492e-08 -1.79984e-07 -1.93867e-06 1.82984e-07 5.06524e-05 0.000127532 -0.000890376 -0.00549947 0.00569304 0.144902 0.5 0.855098 0.994307 1.0055 1.00089 0.999872 0.999949 1 1 1 1 1 1 1 1 1 1 1 1 1 1 1 
-2.95015e-30 4.33645e-30 5.13046e-15 -1.7219e-14 -2.71413e-13 3.45306e-13 1.16857e-11 6.67413e-12 -4.10961e-10 -1.01767e-09 1.11559e-08 5.48274e-08 -1.99537e-07 -1.98146e-06 4.14405e-07 5.1599e-05 0.000126179 -0.000902928 -0.0055051 0.00579966 0.145116 0.5 0.854884 0.9942 1.00551 1.0009 0.999874 0.999948 1 1 1 1 1 1 1 1 1 1 1 1 1 1 1 
-4.33645e-30 5.98933e-30 5.82191e-15 -2.5682e-14 -3.09767e-13 5.83576e-13 1.31572e-11 1.77252e-12 -4.55873e-10 -9.6279e-10 1.22147e-08 5.53048e-08 -2.17917e-07 -2.01781e-06 6.28279e-07 5.24233e-05 0.000124934 -0.000913815 -0.0055097 0.0058914 0.145299 0.5 0.854701 0.994109 1.00551 1.00091 0.999875 0.999948 0.999999 1 1 1 1 1 1 1 1 1 1 1 1 1 1 
-5.98933e-30 7.58492e-30 6.3786e-15 -3.57225e-14 -3.45687e-13 8.5914e-13 1.45643e-11 -3.86204e-12 -4.98838e-10 -8.94944e-10 1.32173e-08 5.55287e-08 -2.35058e-07 -2.04856e-06 8.24555e-07 5.31405e-05 0.000123799 -0.000923254 -0.00551348 0.00597032 0.145455 0.5 0.854545 0.99403 1.00551 1.00092 0.999876 0.999947 0.999999 1 1 1 1 1 1 1 1 1 1 1 1 1 1 
-7.58492e-30 9.08224e-30 6.74813e-15 -4.72488e-14 -3.78028e-13 1.16788e-12 1.58828e-11 -1.01114e-11 -5.39433e-10 -8.16654e-10 1.41584e-08 5.55439e-08 -2.50933e-07 -2.0745e-06 1.00359e-06 5.37642e-05 0.000122773 -0.000931434 -0.00551661 0.0060382 0.145589 0.5 0.854411 0.993962 1.00552 1.00093 0.999877 0.999946 0.999999 1 1 1 1 1 1 1 1 1 1 1 1 1 1 
-9.08224e-30 1.01339e-29 6.88395e-15 -6.01173e-14 -4.05835e-13 1.50484e-12 1.70946e-11 -1.68507e-11 -5.77364e-10 -7.30376e-10 1.50349e-08 5.53917e-08 -2.65547e-07 -2.09633e-06 1.16606e-06 5.43063e-05 0.00012185 -0.000938519 -0.00551922 0.00609658 0.145704 0.5 0.854296 0.993903 1.00552 1.00094 0.999878 0.999946 0.999999 1 1 1 1 1 1 1 1 1 1 1 1 1 1 
-1.01339e-29 1.05776e-29 6.74778e-15 -7.41437e-14 -4.28373e-13 1.86457e-12 1.81868e-11 -2.39542e-11 -6.1245e-10 -6.38413e-10 1.58459e-08 5.51092e-08 -2.78931e-07 -2.11467e-06 1.3128e-06 5.47775e-05 0.000121026 -0.000944656 -0.00552141 0.00614677 0.145803 0.5 0.854197 0.993853 1.00552 1.00094 0.999879 0.999945 0.999999 1 1 1 1 1 1 1 1 1 1 1 1 1 1 
-1.05776e-29 1.03809e-29 6.31133e-15 -8.91147e-14 -4.45137e-13 2.24137e-12 1.91517e-11 -3.13008e-11 -6.44608e-10 -5.42863e-10 1.65916e-08 5.47288e-08 -2.91132e-07 -2.13005e-06 1.44481e-06 5.5187e-05 0.000120292 -0.000949968 -0.00552325 0.00618993 0.145887 0.5 0.854113 0.99381 1.00552 1.00095 0.99988 0.999945 0.999999 1 1 1 1 1 1 1 1 1 1 1 1 1 1 
-1.03809e-29 9.26857e-30 5.55717e-15 -1.048e-13 -4.55852e-13 2.62961e-12 1.99863e-11 -3.87774e-11 -6.7384e-10 -4.4558e-10 1.72739e-08 5.42785e-08 -3.02208e-07 -2.14295e-06 1.56315e-06 5.55429e-05 0.000119642 -0.000954567 -0.00552481 0.00622703 0.14596 0.5 0.85404 0.993773 1.00552 1.00095 0.99988 0.999944 0.999998 1 1 1 1 1 1 1 1 1 1 1 1 1 1 
-9.26857e-30 7.44026e-30 4.47881e-15 -1.20964e-13 -4.6045e-13 3.02386e-12 2.06917e-11 -4.62816e-11 -7.00211e-10 -3.48166e-10 1.78952e-08 5.37817e-08 -3.12229e-07 -2.15376e-06 1.66889e-06 5.58523e-05 0.000119069 -0.000958546 -0.00552614 0.00625892 0.146022 0.5 0.853978 0.993741 1.00553 1.00096 0.999881 0.999944 0.999998 1 1 1 1 1 1 1 1 1 1 1 1 1 1 
-7.44026e-30 5.23593e-30 3.08025e-15 -1.37375e-13 -4.59054e-13 3.41912e-12 2.12721e-11 -5.37233e-11 -7.23838e-10 -2.51965e-10 1.84587e-08 5.3258e-08 -3.21264e-07 -2.16283e-06 1.7631e-06 5.61212e-05 0.000118564 -0.000961988 -0.00552728 0.00628632 0.146076 0.5 0.853924 0.993714 1.00553 1.00096 0.999881 0.999944 0.999998 1 1 1 1 1 1 1 1 1 1 1 1 1 1 
-5.23593e-30 3.05077e-30 1.37492e-15 -1.53813e-13 -4.51944e-13 3.81089e-12 2.17343e-11 -6.10255e-11 -7.44872e-10 -1.58077e-10 1.89679e-08 5.27231e-08 -3.29389e-07 -2.17044e-06 1.84682e-06 5.63551e-05 0.000118122 -0.000964965 -0.00552826 0.00630986 0.146121 0.5 0.853879 0.99369 1.00553 1.00096 0.999882 0.999944 0.999998 1 1 1 1 1 1 1 1 1 1 1 1 1 1 
-3.05077e-30 1.49248e-30 -6.15623e-16 -1.70076e-13 -4.39528e-13 4.19524e-12 2.20871e-11 -6.81243e-11 -7.63491e-10 -6.73741e-11 1.94267e-08 5.21897e-08 -3.36676e-07 -2.17684e-06 1.92106e-06 5.65584e-05 0.000117735 -0.000967539 -0.0055291 0.00633009 0.146161 0.5 0.853839 0.99367 1.00553 1.00097 0.999882 0.999943 0.999998 1 1 1 1 1 1 1 1 1 1 1 1 1 1 
-1.49248e-30 1.23974e-30 -2.86333e-15 -1.85987e-13 -4.22306e-13 4.56887e-12 2.23404e-11 -7.49683e-11 -7.79885e-10 1.94805e-11 1.9839e-08 5.16673e-08 -3.43197e-07 -2.18223e-06 1.98674e-06 5.67354e-05 0.000117397 -0.000969764 -0.00552984 0.00634746 0.146194 0.5 0.853806 0.993653 1.00553 1.00097 0.999883 0.999943 0.999998 1 1 1 1 1 1 1 1 1 1 1 1 1 1 
-1.23974e-30 3.02182e-30 -5.33529e-15 -2.01393e-13 -4.00845e-13 4.92906e-12 2.25048e-11 -8.15178e-11 -7.94251e-10 1.02005e-10 2.02085e-08 5.11633e-08 -3.49021e-07 -2.18679e-06 2.04474e-06 5.68893e-05 0.000117103 -0.000971687 -0.00553047 0.00636238 0.146223 0.5 0.853777 0.993638 1.00553 1.00097 0.999883 0.999943 0.999998 1 1 1 1 1 1 1 1 1 1 1 1 1 1 
-3.02182e-30 7.43471e-30 -7.99538e-15 -2.16168e-13 -3.75747e-13 5.2737e-12 2.25913e-11 -8.77442e-11 -8.06785e-10 1.79878e-10 2.0539e-08 5.0683e-08 -3.54213e-07 -2.19064e-06 2.09586e-06 5.70233e-05 0.000116848 -0.000973349 -0.00553103 0.0063752 0.146248 0.5 0.853752 0.993625 1.00553 1.00097 0.999883 0.999943 0.999998 1 1 1 1 1 1 1 1 1 1 1 1 1 1 
-7.43471e-30 1.53988e-29 -1.08058e-14 -2.30212e-13 -3.47626e-13 5.60124e-12 2.26106e-11 -9.36278e-11 -8.17677e-10 2.52911e-10 2.08342e-08 5.02299e-08 -3.58834e-07 -2.19391e-06 2.14085e-06 5.71399e-05 0.000116626 -0.000974784 -0.00553151 0.00638619 0.14627 0.5 0.85373 0.993614 1.00553 1.00097 0.999883 0.999943 0.999998 1 1 1 1 1 1 1 1 1 1 1 1 1 1 
-1.53988e-29 2.70581e-29 -1.37285e-14 -2.43452e-13 -3.1709e-13 5.9106e-12 2.25731e-11 -9.91578e-11 -8.27109e-10 3.2103e-10 2.10973e-08 4.98062e-08 -3.62939e-07 -2.1967e-06 2.18038e-06 5.72414e-05 0.000116435 -0.000976023 -0.00553194 0.00639564 0.146288 0.5 0.853712 0.993604 1.00553 1.00098 0.999884 0.999943 0.999998 1 1 1 1 1 1 1 1 1 1 1 1 1 1 
-2.70581e-29 4.33584e-29 -1.67263e-14 -2.55839e-13 -2.84723e-13 6.20115e-12 2.24887e-11 -1.0433e-10 -8.35251e-10 3.8425e-10 2.13316e-08 4.94131e-08 -3.66583e-07 -2.19909e-06 2.21506e-06 5.73298e-05 0.000116269 -0.000977093 -0.00553231 0.00640374 0.146304 0.5 0.853696 0.993596 1.00553 1.00098 0.999884 0.999943 0.999998 1 1 1 1 1 1 1 1 1 1 1 1 1 1 
-4.33584e-29 6.42712e-29 -1.97638e-14 -2.67343e-13 -2.51071e-13 6.47265e-12 2.23664e-11 -1.09146e-10 -8.42259e-10 4.4266e-10 2.154e-08 4.90508e-08 -3.69812e-07 -2.20114e-06 2.24545e-06 5.74068e-05 0.000116126 -0.000978016 -0.00553263 0.00641069 0.146317 0.5 0.853683 0.993589 1.00553 1.00098 0.999884 0.999943 0.999998 1 1 1 1 1 1 1 1 1 1 1 1 1 1 
-6.42712e-29 8.98723e-29 -2.28082e-14 -2.77955e-13 -2.16637e-13 6.72518e-12 2.22143e-11 -1.13612e-10 -8.48277e-10 4.96407e-10 2.17252e-08 4.87187e-08 -3.7267e-07 -2.20291e-06 2.27204e-06 5.74738e-05 0.000116003 -0.000978812 -0.00553292 0.00641666 0.146329 0.5 0.853671 0.993583 1.00553 1.00098 0.999884 0.999943 0.999998 1 1 1 1 1 1 1 1 1 1 1 1 1 1 
-8.98723e-29 1.20035e-28 -2.58299e-14 -2.87682e-13 -1.81874e-13 6.95907e-12 2.20399e-11 -1.17739e-10 -8.53435e-10 5.45678e-10 2.18895e-08 4.84162e-08 -3.75197e-07 -2.20444e-06 2.29528e-06 5.75322e-05 0.000115897 -0.000979499 -0.00553317 0.00642177 0.146339 0.5 0.853661 0.993578 1.00553 1.00098 0.999884 0.999942 0.999998 1 1 1 1 1 1 1 1 1 1 1 1 1 1 
-1.20035e-28 1.54032e-28 -2.88027e-14 -2.96544e-13 -1.47181e-13 7.17486e-12 2.18495e-11 -1.21539e-10 -8.57848e-10 5.90692e-10 2.20354e-08 4.81417e-08 -3.7743e-07 -2.20578e-06 2.31557e-06 5.7583e-05 0.000115806 -0.000980092 -0.00553339 0.00642616 0.146348 0.5 0.853652 0.993574 1.00553 1.00098 0.999884 0.999942 0.999998 1 1 1 1 1 1 1 1 1 1 1 1 1 1 
-1.54032e-28 1.92174e-28 -3.1704e-14 -3.04572e-13 -1.12902e-13 7.37326e-12 2.16486e-11 -1.25028e-10 -8.61619e-10 6.31688e-10 2.21647e-08 4.78939e-08 -3.79401e-07 -2.20694e-06 2.33327e-06 5.76273e-05 0.000115728 -0.000980602 -0.00553358 0.00642993 0.146355 0.5 0.853645 0.99357 1.00553 1.00098 0.999884 0.999942 0.999998 1 1 1 1 1 1 1 1 1 1 1 1 1 1 
-1.92174e-28 2.34006e-28 -3.45148e-14 -3.11803e-13 -7.93302e-14 7.5551e-12 2.14422e-11 -1.28222e-10 -8.6484e-10 6.68916e-10 2.22793e-08 4.7671e-08 -3.81138e-07 -2.20796e-06 2.34868e-06 5.76658e-05 0.000115662 -0.000981042 -0.00553375 0.00643315 0.146361 0.5 0.853639 0.993567 1.00553 1.00098 0.999884 0.999942 0.999998 1 1 1 1 1 1 1 1 1 1 1 1 1 1 
-2.34006e-28 2.7856e-28 -3.72197e-14 -3.18283e-13 -4.67055e-14 7.72128e-12 2.1234e-11 -1.31138e-10 -8.67589e-10 7.02631e-10 2.23808e-08 4.74713e-08 -3.82669e-07 -2.20886e-06 2.3621e-06 5.76994e-05 0.000115604 -0.000981421 -0.0055339 0.00643592 0.146367 0.5 0.853633 0.993564 1.00553 1.00098 0.999884 0.999942 0.999998 1 1 1 1 1 1 1 1 1 1 1 1 1 1 
-2.7856e-28 3.25572e-28 -3.98069e-14 -3.2406e-13 -1.5222e-14 7.87275e-12 2.10274e-11 -1.33794e-10 -8.69935e-10 7.33088e-10 2.24708e-08 4.7293e-08 -3.84016e-07 -2.20965e-06 2.37376e-06 5.77286e-05 0.000115555 -0.000981747 -0.00553403 0.00643829 0.146371 0.5 0.853629 0.993562 1.00553 1.00098 0.999884 0.999942 0.999998 1 1 1 1 1 1 1 1 1 1 1 1 1 1 
-3.25572e-28 3.72953e-28 -4.22673e-14 -3.29187e-13 1.49702e-14 8.0105e-12 2.0825e-11 -1.36209e-10 -8.7194e-10 7.60538e-10 2.25504e-08 4.71342e-08 -3.85201e-07 -2.21035e-06 2.38389e-06 5.7754e-05 0.000115514 -0.000982028 -0.00553414 0.00644032 0.146375 0.5 0.853625 0.99356 1.00553 1.00098 0.999884 0.999942 0.999998 1 1 1 1 1 1 1 1 1 1 1 1 1 1 
-3.72953e-28 4.22306e-28 -4.4595e-14 -3.33714e-13 4.37601e-14 8.1355e-12 2.06289e-11 -1.38399e-10 -8.73654e-10 7.85224e-10 2.26208e-08 4.69934e-08 -3.86242e-07 -2.21097e-06 2.39268e-06 5.77761e-05 0.000115478 -0.000982269 -0.00553424 0.00644206 0.146379 0.5 0.853621 0.993558 1.00553 1.00098 0.999885 0.999942 0.999998 1 1 1 1 1 1 1 1 1 1 1 1 1 1 
-4.22306e-28 4.71529e-28 -4.67864e-14 -3.37694e-13 7.10716e-14 8.24872e-12 2.04407e-11 -1.40381e-10 -8.75122e-10 8.07379e-10 2.26832e-08 4.68687e-08 -3.87157e-07 -2.21152e-06 2.4003e-06 5.77953e-05 0.000115448 -0.000982477 -0.00553433 0.00644355 0.146382 0.5 0.853618 0.993556 1.00553 1.00098 0.999885 0.999942 0.999998 1 1 1 1 1 1 1 1 1 1 1 1 1 1 
-4.71529e-28 5.21022e-28 -4.88404e-14 -3.41178e-13 9.68589e-14 8.35109e-12 2.02616e-11 -1.42173e-10 -8.76381e-10 8.27224e-10 2.27384e-08 4.67587e-08 -3.8796e-07 -2.21201e-06 2.4069e-06 5.78121e-05 0.000115422 -0.000982655 -0.0055344 0.00644483 0.146384 0.5 0.853616 0.993555 1.00553 1.00098 0.999885 0.999942 0.999998 1 1 1 1 1 1 1 1 1 1 1 1 1 1 
-5.21022e-28 5.69414e-28 -5.07576e-14 -3.44213e-13 1.21102e-13 8.44351e-12 2.00922e-11 -1.4379e-10 -8.77465e-10 8.44967e-10 2.27872e-08 4.66619e-08 -3.88664e-07 -2.21245e-06 2.41261e-06 5.78266e-05 0.0001154 -0.000982809 -0.00553447 0.00644592 0.146386 0.5 0.853614 0.993554 1.00553 1.00098 0.999885 0.999942 0.999998 1 1 1 1 1 1 1 1 1 1 1 1 1 1 
-5.69414e-28 6.17795e-28 -5.25402e-14 -3.46847e-13 1.43803e-13 8.52684e-12 1.99332e-11 -1.45247e-10 -8.78399e-10 8.60804e-10 2.28304e-08 4.65769e-08 -3.89281e-07 -2.21285e-06 2.41755e-06 5.78393e-05 0.000115381 -0.000982941 -0.00553453 0.00644686 0.146388 0.5 0.853612 0.993553 1.00553 1.00098 0.999885 0.999942 0.999998 1 1 1 1 1 1 1 1 1 1 1 1 1 1 
-6.17795e-28 6.63539e-28 -5.41916e-14 -3.49123e-13 1.64983e-13 8.60188e-12 1.97846e-11 -1.46558e-10 -8.79208e-10 8.74916e-10 2.28686e-08 4.65025e-08 -3.89822e-07 -2.2132e-06 2.42181e-06 5.78502e-05 0.000115366 -0.000983054 -0.00553458 0.00644766 0.14639 0.5 0.85361 0.993552 1.00553 1.00098 0.999885 0.999942 0.999998 1 1 1 1 1 1 1 1 1 1 1 1 1 1 
-6.63539e-28 7.08461e-28 -5.57166e-14 -3.51081e-13 1.84677e-13 8.66938e-12 1.96467e-11 -1.47736e-10 -8.7991e-10 8.87471e-10 2.29023e-08 4.64374e-08 -3.90295e-07 -2.21351e-06 2.4255e-06 5.78598e-05 0.000115352 -0.000983151 -0.00553462 0.00644834 0.146391 0.5 0.853609 0.993552 1.00553 1.00098 0.999885 0.999942 0.999998 1 1 1 1 1 1 1 1 1 1 1 1 1 1 
-7.08461e-28 7.51245e-28 -5.71203e-14 -3.5276e-13 2.02931e-13 8.73005e-12 1.95192e-11 -1.48793e-10 -8.80522e-10 8.98624e-10 2.29322e-08 4.63807e-08 -3.90708e-07 -2.21379e-06 2.42867e-06 5.78681e-05 0.000115341 -0.000983235 -0.00553466 0.00644893 0.146392 0.5 0.853608 0.993551 1.00553 1.00098 0.999885 0.999942 0.999998 1 1 1 1 1 1 1 1 1 1 1 1 1 1 
-7.51245e-28 7.89931e-28 -5.84087e-14 -3.54192e-13 2.19802e-13 8.78453e-12 1.94018e-11 -1.4974e-10 -8.81058e-10 9.08518e-10 2.29586e-08 4.63314e-08 -3.9107e-07 -2.21405e-06 2.43141e-06 5.78753e-05 0.000115331 -0.000983306 -0.00553469 0.00644943 0.146393 0.5 0.853607 0.993551 1.00553 1.00098 0.999885 0.999942 0.999998 1 1 1 1 1 1 1 1 1 1 1 1 1 1 
-7.89931e-28 8.27688e-28 -5.95881e-14 -3.55409e-13 2.35351e-13 8.83343e-12 1.92942e-11 -1.50588e-10 -8.8153e-10 9.17283e-10 2.29819e-08 4.62885e-08 -3.91386e-07 -2.21427e-06 2.43377e-06 5.78815e-05 0.000115323 -0.000983368 -0.00553472 0.00644986 0.146394 0.5 0.853606 0.99355 1.00553 1.00098 0.999885 0.999942 0.999998 1 1 1 1 1 1 1 1 1 1 1 1 1 1 
-8.27688e-28 8.63248e-28 -6.06651e-14 -3.5644e-13 2.49647e-13 8.87728e-12 1.91959e-11 -1.51346e-10 -8.81946e-10 9.25036e-10 2.30025e-08 4.62514e-08 -3.91662e-07 -2.21448e-06 2.4358e-06 5.78869e-05 0.000115316 -0.00098342 -0.00553475 0.00645023 0.146395 0.5 0.853605 0.99355 1.00553 1.00098 0.999885 0.999942 0.999998 1 1 1 1 1 1 1 1 1 1 1 1 1 1 
-8.63248e-28 8.99125e-28 -6.16462e-14 -3.57308e-13 2.62758e-13 8.91659e-12 1.91065e-11 -1.52024e-10 -8.82314e-10 9.31887e-10 2.30208e-08 4.62194e-08 -3.91902e-07 -2.21466e-06 2.43754e-06 5.78916e-05 0.000115311 -0.000983465 -0.00553477 0.00645055 0.146395 0.5 0.853605 0.993549 1.00553 1.00098 0.999885 0.999942 0.999998 1 1 1 1 1 1 1 1 1 1 1 1 1 1 
-8.99125e-28 9.31573e-28 -6.25381e-14 -3.58037e-13 2.74757e-13 8.95181e-12 1.90254e-11 -1.52629e-10 -8.82643e-10 9.37932e-10 2.30368e-08 4.61917e-08 -3.92112e-07 -2.21482e-06 2.43904e-06 5.78956e-05 0.000115306 -0.000983504 -0.00553479 0.00645082 0.146396 0.5 0.853604 0.993549 1.00553 1.00098 0.999885 0.999942 0.999998 1 1 1 1 1 1 1 1 1 1 1 1 1 1 
-9.31573e-28 9.59358e-28 -6.33473e-14 -3.58646e-13 2.85713e-13 8.98336e-12 1.8952e-11 -1.53169e-10 -8.82936e-10 9.43259e-10 2.3051e-08 4.61679e-08 -3.92295e-07 -2.21497e-06 2.44033e-06 5.78991e-05 0.000115302 -0.000983537 -0.00553481 0.00645105 0.146396 0.5 0.853604 0.993549 1.00553 1.00098 0.999885 0.999942 0.999998 1 1 1 1 1 1 1 1 1 1 1 1 1 1 
-9.59358e-28 9.86319e-28 -6.408e-14 -3.59153e-13 2.95699e-13 9.01161e-12 1.88859e-11 -1.53649e-10 -8.83199e-10 9.47949e-10 2.30636e-08 4.61475e-08 -3.92454e-07 -2.2151e-06 2.44143e-06 5.79022e-05 0.000115298 -0.000983565 -0.00553482 0.00645124 0.146397 0.5 0.853603 0.993549 1.00553 1.00098 0.999885 0.999942 0.999998 1 1 1 1 1 1 1 1 1 1 1 1 1 1 
-9.86319e-28 1.01121e-27 -6.47423e-14 -3.59573e-13 3.04783e-13 9.0369e-12 1.88265e-11 -1.54077e-10 -8.83435e-10 9.52073e-10 2.30747e-08 4.613e-08 -3.92592e-07 -2.21521e-06 2.44238e-06 5.79048e-05 0.000115295 -0.00098359 -0.00553483 0.00645141 0.146397 0.5 0.853603 0.993549 1.00553 1.00098 0.999885 0.999942 0.999998 1 1 1 1 1 1 1 1 1 1 1 1 1 1 
-1.01121e-27 1.0341e-27 -6.534e-14 -3.5992e-13 3.13031e-13 9.05953e-12 1.87732e-11 -1.54458e-10 -8.83649e-10 9.55694e-10 2.30844e-08 4.6115e-08 -3.92713e-07 -2.21532e-06 2.44318e-06 5.79071e-05 0.000115293 -0.00098361 -0.00553484 0.00645156 0.146397 0.5 0.853603 0.993548 1.00553 1.00098 0.999885 0.999942 0.999998 1 1 1 1 1 1 1 1 1 1 1 1 1 1 
-1.0341e-27 1.05376e-27 -6.58787e-14 -3.60204e-13 3.20508e-13 9.07978e-12 1.87255e-11 -1.54796e-10 -8.83842e-10 9.58871e-10 2.3093e-08 4.61022e-08 -3.92817e-07 -2.21541e-06 2.44388e-06 5.7909e-05 0.000115291 -0.000983628 -0.00553485 0.00645168 0.146398 0.5 0.853602 0.993548 1.00553 1.00098 0.999885 0.999942 0.999998 1 1 1 1 1 1 1 1 1 1 1 1 1 1 
-1.05376e-27 1.07403e-27 -6.63635e-14 -3.60436e-13 3.27276e-13 9.0979e-12 1.8683e-11 -1.55097e-10 -8.84017e-10 9.61655e-10 2.31006e-08 4.60913e-08 -3.92908e-07 -2.21549e-06 2.44447e-06 5.79107e-05 0.000115289 -0.000983643 -0.00553486 0.00645179 0.146398 0.5 0.853602 0.993548 1.00553 1.00098 0.999885 0.999942 0.999998 1 1 1 1 1 1 1 1 1 1 1 1 1 1 
-1.07403e-27 1.09118e-27 -6.67992e-14 -3.60625e-13 3.33391e-13 9.11411e-12 1.86452e-11 -1.55364e-10 -8.84176e-10 9.64092e-10 2.31073e-08 4.60821e-08 -3.92987e-07 -2.21557e-06 2.44498e-06 5.79122e-05 0.000115288 -0.000983656 -0.00553487 0.00645188 0.146398 0.5 0.853602 0.993548 1.00553 1.00098 0.999885 0.999942 0.999998 1 1 1 1 1 1 1 1 1 1 1 1 1 1 
-1.09118e-27 1.10776e-27 -6.71903e-14 -3.60778e-13 3.38909e-13 9.12861e-12 1.86116e-11 -1.556e-10 -8.84321e-10 9.66223e-10 2.31132e-08 4.60743e-08 -3.93055e-07 -2.21563e-06 2.44541e-06 5.79135e-05 0.000115286 -0.000983667 -0.00553487 0.00645195 0.146398 0.5 0.853602 0.993548 1.00553 1.00098 0.999885 0.999942 0.999998 1 1 1 1 1 1 1 1 1 1 1 1 1 1 
-1.10776e-27 1.12005e-27 -6.75411e-14 -3.60901e-13 3.43882e-13 9.14158e-12 1.85819e-11 -1.5581e-10 -8.84453e-10 9.68084e-10 2.31184e-08 4.60677e-08 -3.93115e-07 -2.21569e-06 2.44578e-06 5.79145e-05 0.000115285 -0.000983677 -0.00553488 0.00645202 0.146398 0.5 0.853602 0.993548 1.00553 1.00098 0.999885 0.999942 0.999998 1 1 1 1 1 1 1 1 1 1 1 1 1 1 
-1.12005e-27 1.13186e-27 -6.78553e-14 -3.61e-13 3.48356e-13 9.15317e-12 1.85556e-11 -1.55995e-10 -8.84573e-10 9.69708e-10 2.3123e-08 4.60621e-08 -3.93166e-07 -2.21575e-06 2.44609e-06 5.79155e-05 0.000115285 -0.000983685 -0.00553488 0.00645208 0.146398 0.5 0.853602 0.993548 1.00553 1.00098 0.999885 0.999942 0.999998 1 1 1 1 1 1 1 1 1 1 1 1 1 1 
-1.13186e-27 1.14325e-27 -6.81365e-14 -3.61079e-13 3.52377e-13 9.16354e-12 1.85324e-11 -1.56159e-10 -8.84683e-10 9.71123e-10 2.3127e-08 4.60574e-08 -3.9321e-07 -2.21579e-06 2.44636e-06 5.79163e-05 0.000115284 -0.000983692 -0.00553489 0.00645212 0.146398 0.5 0.853602 0.993548 1.00553 1.00098 0.999885 0.999942 0.999998 1 1 1 1 1 1 1 1 1 1 1 1 1 1 
-1.14325e-27 1.15299e-27 -6.83879e-14 -3.61142e-13 3.55986e-13 9.17281e-12 1.8512e-11 -1.56304e-10 -8.84783e-10 9.72355e-10 2.31306e-08 4.60535e-08 -3.93249e-07 -2.21583e-06 2.44659e-06 5.7917e-05 0.000115283 -0.000983697 -0.00553489 0.00645217 0.146399 0.5 0.853601 0.993548 1.00553 1.00098 0.999885 0.999942 0.999998 1 1 1 1 1 1 1 1 1 1 1 1 1 1 
-1.15299e-27 1.16364e-27 -6.86126e-14 -3.61192e-13 3.59222e-13 9.1811e-12 1.84941e-11 -1.56432e-10 -8.84875e-10 9.73427e-10 2.31337e-08 4.60502e-08 -3.93282e-07 -2.21587e-06 2.44678e-06 5.79176e-05 0.000115283 -0.000983702 -0.00553489 0.0064522 0.146399 0.5 0.853601 0.993548 1.00553 1.00098 0.999885 0.999942 0.999998 1 1 1 1 1 1 1 1 1 1 1 1 1 1 
-1.16364e-27 1.1727e-27 -6.88132e-14 -3.61231e-13 3.62119e-13 9.18851e-12 1.84785e-11 -1.56546e-10 -8.84958e-10 9.74358e-10 2.31364e-08 4.60475e-08 -3.9331e-07 -2.2159e-06 2.44695e-06 5.79181e-05 0.000115282 -0.000983707 -0.00553489 0.00645223 0.146399 0.5 0.853601 0.993548 1.00553 1.00098 0.999885 0.999942 0.999998 1 1 1 1 1 1 1 1 1 1 1 1 1 1 
-1.1727e-27 1.17895e-27 -6.89922e-14 -3.61262e-13 3.6471e-13 9.19513e-12 1.84648e-11 -1.56645e-10 -8.85034e-10 9.75167e-10 2.31388e-08 4.60452e-08 -3.93335e-07 -2.21593e-06 2.44709e-06 5.79185e-05 0.000115282 -0.00098371 -0.0055349 0.00645226 0.146399 0.5 0.853601 0.993548 1.00553 1.00098 0.999885 0.999942 0.999998 1 1 1 1 1 1 1 1 1 1 1 1 1 1 
-1.17895e-27 1.1862e-27 -6.91518e-14 -3.61287e-13 3.67025e-13 9.20105e-12 1.84528e-11 -1.56733e-10 -8.85104e-10 9.75867e-10 2.31409e-08 4.60433e-08 -3.93356e-07 -2.21595e-06 2.44721e-06 5.79189e-05 0.000115282 -0.000983713 -0.0055349 0.00645228 0.146399 0.5 0.853601 0.993548 1.00553 1.00098 0.999885 0.999942 0.999998 1 1 1 1 1 1 1 1 1 1 1 1 1 1 
-1.1862e-27 1.19196e-27 -6.92941e-14 -3.61307e-13 3.69091e-13 9.20634e-12 1.84424e-11 -1.56811e-10 -8.85167e-10 9.76474e-10 2.31427e-08 4.60418e-08 -3.93375e-07 -2.21598e-06 2.44731e-06 5.79192e-05 0.000115282 -0.000983716 -0.0055349 0.0064523 0.146399 0.5 0.853601 0.993548 1.00553 1.00098 0.999885 0.999942 0.999998 1 1 1 1 1 1 1 1 1 1 1 1 1 1 
-1.19196e-27 1.1975e-27 -6.94208e-14 -3.61323e-13 3.70933e-13 9.21106e-12 1.84334e-11 -1.56879e-10 -8.85225e-10 9.76999e-10 2.31444e-08 4.60405e-08 -3.93391e-07 -2.216e-06 2.44739e-06 5.79195e-05 0.000115281 -0.000983718 -0.0055349 0.00645231 0.146399 0.5 0.853601 0.993548 1.00553 1.00098 0.999885 0.999942 0.999998 1 1 1 1 1 1 1 1 1 1 1 1 1 1 
-1.1975e-27 1.20159e-27 -6.95336e-14 -3.61336e-13 3.72573e-13 9.21528e-12 1.84256e-11 -1.56939e-10 -8.85277e-10 9.77453e-10 2.31458e-08 4.60395e-08 -3.93404e-07 -2.21601e-06 2.44746e-06 5.79198e-05 0.000115281 -0.00098372 -0.0055349 0.00645233 0.146399 0.5 0.853601 0.993548 1.00553 1.00098 0.999885 0.999942 0.999998 1 1 1 1 1 1 1 1 1 1 1 1 1 1 
