0 0 0 0 0 0 0 0 0 0 0 0 0 0 0 0 0 0 0 0 0 0.5 1 1 1 1 1 1 1 1 1 1 1 1 1 1 1 1 1 1 1 1 1 
0 0 0 0 0 0 0 0 0 0 0 0 0 0 0 0 0 0 0 0 0.000375 0.5 0.999625 1 1 1 1 1 1 1 1 1 1 1 1 1 1 1 1 1 1 1 1 
0 0 0 0 0 0 0 0 0 0 0 0 0 0 0 0 0 0 0 2.8125e-07 0.000608865 0.5 0.999391 1 1 1 1 1 1 1 1 1 1 1 1 1 1 1 1 1 1 1 1 
0 0 0 0 0 0 0 0 0 0 0 0 0 0 0 0 0 0 2.10938e-10 6.32008e-07 0.000754872 0.5 0.999245 0.999999 1 1 1 1 1 1 1 1 1 1 1 1 1 1 1 1 1 1 1 
0 0 0 0 0 0 0 0 0 0 0 0 0 0 0 0 0 1.58203e-13 6.05526e-10 9.60291e-07 0.000846114 0.5 0.999154 0.999999 1 1 1 1 1 1 1 1 1 1 1 1 1 1 1 1 1 1 1 
0 0 0 0 0 0 0 0 0 0 0 0 0 0 0 0 1.18652e-16 5.52784e-13 1.09782e-09 1.23355e-06 0.000903181 0.5 0.999097 0.999999 1 1 1 1 1 1 1 1 1 1 1 1 1 1 1 1 1 1 1 
0 0 0 0 0 0 0 0 0 0 0 0 0 0 0 8.89893e-20 4.88568e-16 1.16807e-12 1.60987e-09 1.44692e-06 0.000938903 0.5 0.999061 0.999999 1 1 1 1 1 1 1 1 1 1 1 1 1 1 1 1 1 1 1 
0 0 0 0 0 0 0 0 0 0 0 0 0 0 6.6742e-23 4.21911e-19 1.18071e-15 1.93588e-12 2.08938e-09 1.60694e-06 0.00096128 0.5 0.999039 0.999998 1 1 1 1 1 1 1 1 1 1 1 1 1 1 1 1 1 1 1 
0 0 0 0 0 0 0 0 0 0 0 0 0 5.00565e-26 3.58047e-22 1.14862e-18 2.18824e-15 2.7745e-12 2.50866e-09 1.72367e-06 0.000975309 0.5 0.999025 0.999998 1 1 1 1 1 1 1 1 1 1 1 1 1 1 1 1 1 1 1 
0 0 0 0 0 0 0 0 0 0 0 0 3.75424e-29 2.99745e-25 1.08473e-21 2.35748e-18 3.44567e-15 3.61222e-12 2.85795e-09 1.80713e-06 0.000984109 0.5 0.999016 0.999998 1 1 1 1 1 1 1 1 1 1 1 1 1 1 1 1 1 1 1 
0 0 0 0 0 0 0 0 0 0 0 2.81568e-32 2.48217e-28 1.00045e-24 2.44455e-21 4.05455e-18 4.85843e-15 4.39697e-12 3.13864e-09 1.86591e-06 0.000989634 0.5 0.99901 0.999998 1 1 1 1 1 1 1 1 1 1 1 1 1 1 1 1 1 1 1 
0 0 0 0 0 0 0 0 0 0 2.11176e-35 2.03718e-31 9.05111e-28 2.45728e-24 4.56546e-21 6.17275e-18 6.32848e-15 5.09732e-12 3.35802e-09 1.9068e-06 0.000993105 0.5 0.999007 0.999998 1 1 1 1 1 1 1 1 1 1 1 1 1 1 1 1 1 1 1 
0 0 0 0 0 0 0 0 0 1.58382e-38 1.65955e-34 8.05859e-31 2.40738e-27 4.95655e-24 7.47705e-21 8.59679e-18 7.77111e-15 5.69907e-12 3.52574e-09 1.93498e-06 0.000995288 0.5 0.999005 0.999998 1 1 1 1 1 1 1 1 1 1 1 1 1 1 1 1 1 1 1 
0 0 0 0 0 0 0 0 1.18786e-41 1.34342e-37 7.07874e-34 2.30805e-30 5.21872e-27 8.69911e-24 1.11114e-20 1.11912e-17 9.12282e-15 6.2006e-12 3.65168e-09 1.95425e-06 0.00099666 0.5 0.999003 0.999998 1 1 1 1 1 1 1 1 1 1 1 1 1 1 1 1 1 1 1 
0 0 0 0 0 0 0 8.90898e-45 1.08163e-40 6.14672e-37 2.17245e-33 5.35337e-30 9.77907e-27 1.37594e-23 1.53247e-20 1.3824e-17 1.03427e-14 6.60826e-12 3.74484e-09 1.96735e-06 0.000997525 0.5 0.999002 0.999998 1 1 1 1 1 1 1 1 1 1 1 1 1 1 1 1 1 1 1 
0 0 0 0 0 0 6.68174e-48 8.66767e-44 5.28447e-40 2.01262e-36 5.36978e-33 1.06729e-29 1.64188e-26 2.00762e-23 1.99281e-20 1.63821e-17 1.14101e-14 6.93277e-12 3.8129e-09 1.97619e-06 0.000998069 0.5 0.999002 0.999998 1 1 1 1 1 1 1 1 1 1 1 1 1 1 1 1 1 1 1 
0 0 0 0 0 5.0113e-51 6.91736e-47 4.5038e-43 1.83899e-39 5.2824e-36 1.13535e-32 1.89707e-29 2.52983e-26 2.74697e-23 2.47193e-20 1.87793e-17 1.23199e-14 7.18654e-12 3.86209e-09 1.98214e-06 0.000998412 0.5 0.999002 0.999998 1 1 1 1 1 1 1 1 1 1 1 1 1 1 1 1 1 1 1 
0 0 0 0 3.75848e-54 5.50048e-50 3.80917e-46 1.66008e-42 5.10858e-39 1.18094e-35 2.13089e-32 3.08062e-29 3.63829e-26 3.56764e-23 2.95073e-20 2.09581e-17 1.30784e-14 7.38201e-12 3.89732e-09 1.98613e-06 0.000998629 0.5 0.999001 0.999998 1 1 1 1 1 1 1 1 1 1 1 1 1 1 1 1 1 1 1 
0 0 0 2.81886e-57 4.3597e-53 3.19985e-49 1.48258e-45 4.86664e-42 1.20429e-38 2.33468e-35 3.63952e-32 4.65028e-29 4.94536e-26 4.43883e-23 3.41298e-20 2.28873e-17 1.36988e-14 7.53059e-12 3.92235e-09 1.98879e-06 0.000998765 0.5 0.999001 0.999998 1 1 1 1 1 1 1 1 1 1 1 1 1 1 1 1 1 1 1 
0 0 2.11414e-60 3.44553e-56 2.67172e-52 1.31146e-48 4.57449e-45 1.20671e-41 2.50207e-38 4.18577e-35 5.75783e-32 6.60984e-29 6.4143e-26 5.3292e-23 3.84621e-20 2.45571e-17 1.41977e-14 7.64223e-12 3.94e-09 1.99056e-06 0.000998851 0.5 0.999001 0.999998 1 1 1 1 1 1 1 1 1 1 1 1 1 1 1 1 1 1 1 
0 1.58561e-63 2.71596e-59 2.21863e-55 1.15019e-51 4.24866e-48 1.1903e-44 2.6291e-41 4.69982e-38 6.92914e-35 8.54896e-32 8.93413e-29 7.9987e-26 6.20982e-23 4.2419e-20 2.59741e-17 1.45932e-14 7.72527e-12 3.95238e-09 1.99173e-06 0.000998906 0.5 0.999001 0.999998 1 1 1 1 1 1 1 1 1 1 1 1 1 1 1 1 1 1 1 
-1.58561e-63 2.07626e-62 1.83332e-58 1.00099e-54 3.90373e-51 1.15767e-47 2.71414e-44 5.16456e-41 8.12818e-38 1.07338e-34 1.20335e-31 1.15727e-28 9.64792e-26 7.05625e-23 4.59522e-20 2.71557e-17 1.49026e-14 7.78648e-12 3.96101e-09 1.99251e-06 0.00099894 0.5 0.999001 0.999998 1 1 1 1 1 1 1 1 1 1 1 1 1 1 1 1 1 1 1 
-2.07626e-62 1.42643e-61 8.65054e-58 3.55198e-54 1.11169e-50 2.75756e-47 5.56612e-44 9.31725e-41 1.31202e-37 1.57207e-34 1.61864e-31 1.4456e-28 1.1312e-25 7.84961e-23 4.90445e-20 2.81258e-17 1.51418e-14 7.83123e-12 3.967e-09 1.99303e-06 0.000998962 0.5 0.999001 0.999998 1 1 1 1 1 1 1 1 1 1 1 1 1 1 1 1 1 1 1 
-1.42643e-61 6.84131e-61 3.2034e-57 1.05526e-53 2.76144e-50 5.89434e-47 1.04595e-43 1.56516e-40 1.99745e-37 2.19466e-34 2.09401e-31 1.75034e-28 1.29457e-25 8.57682e-23 5.1703e-20 2.89112e-17 1.53249e-14 7.86371e-12 3.97114e-09 1.99337e-06 0.000998976 0.5 0.999001 0.999998 1 1 1 1 1 1 1 1 1 1 1 1 1 1 1 1 1 1 1 
-6.84131e-61 2.57204e-60 9.91206e-57 2.72916e-53 6.14291e-50 1.15207e-46 1.82624e-43 2.47435e-40 2.89199e-37 2.93963e-34 2.6192e-31 2.06305e-28 1.45108e-25 9.23024e-23 5.39525e-20 2.95392e-17 1.54637e-14 7.88714e-12 3.97398e-09 1.99359e-06 0.000998985 0.5 0.999001 0.999998 1 1 1 1 1 1 1 1 1 1 1 1 1 1 1 1 1 1 1 
-2.57204e-60 8.07127e-60 2.66498e-56 6.30919e-53 1.24717e-49 2.08823e-46 2.99486e-43 3.71244e-40 4.00881e-37 3.79835e-34 3.18146e-31 2.37561e-28 1.59779e-25 9.80694e-23 5.58285e-20 3.00358e-17 1.55681e-14 7.90393e-12 3.97593e-09 1.99374e-06 0.00099899 0.5 0.999001 0.999998 1 1 1 1 1 1 1 1 1 1 1 1 1 1 1 1 1 1 1 
-8.07127e-60 2.1987e-59 6.39381e-56 1.32886e-52 2.34402e-49 3.54862e-46 4.65241e-43 5.32244e-40 5.34965e-37 4.75587e-34 3.76678e-31 2.68073e-28 1.73264e-25 1.03078e-22 5.73728e-20 3.04244e-17 1.56459e-14 7.9159e-12 3.97727e-09 1.99383e-06 0.000998994 0.5 0.999001 0.999998 1 1 1 1 1 1 1 1 1 1 1 1 1 1 1 1 1 1 1 
-2.1987e-59 5.34009e-59 1.39538e-55 2.58679e-52 4.12346e-49 5.70275e-46 6.89394e-43 7.33252e-40 6.90441e-37 5.79238e-34 4.36092e-31 2.97233e-28 1.85439e-25 1.07364e-22 5.86289e-20 3.07256e-17 1.57036e-14 7.92439e-12 3.97818e-09 1.9939e-06 0.000998996 0.5 0.999001 0.999998 1 1 1 1 1 1 1 1 1 1 1 1 1 1 1 1 1 1 1 
-5.34009e-59 1.17883e-58 2.81031e-55 4.70598e-52 6.84901e-49 8.72767e-46 9.7999e-43 9.75273e-40 8.65194e-37 6.88483e-34 4.95046e-31 3.24568e-28 1.96256e-25 1.10983e-22 5.96397e-20 3.09571e-17 1.5746e-14 7.93039e-12 3.97879e-09 1.99394e-06 0.000998998 0.5 0.999001 0.999998 1 1 1 1 1 1 1 1 1 1 1 1 1 1 1 1 1 1 1 
-1.17883e-58 2.39979e-58 5.28216e-55 8.072e-52 1.08179e-48 1.27942e-45 1.34281e-42 1.25735e-39 1.05618e-36 8.00879e-34 5.52346e-31 3.49746e-28 2.05724e-25 1.14001e-22 6.04449e-20 3.11337e-17 1.57771e-14 7.93461e-12 3.97921e-09 1.99396e-06 0.000998998 0.5 0.999001 0.999998 1 1 1 1 1 1 1 1 1 1 1 1 1 1 1 1 1 1 1 
-2.39979e-58 4.55617e-58 9.34833e-55 1.31483e-51 1.63436e-48 1.80523e-45 1.78073e-42 1.57659e-39 1.25966e-36 9.14004e-34 6.06998e-31 3.72567e-28 2.13901e-25 1.16491e-22 6.10805e-20 3.12674e-17 1.57997e-14 7.93757e-12 3.97949e-09 1.99398e-06 0.000998999 0.5 0.999001 0.999998 1 1 1 1 1 1 1 1 1 1 1 1 1 1 1 1 1 1 1 
-4.55617e-58 8.14004e-58 1.56916e-54 2.04592e-51 2.37344e-48 2.46172e-45 2.29341e-42 1.92842e-39 1.47149e-36 1.0256e-33 6.58232e-31 3.9295e-28 2.20875e-25 1.18523e-22 6.1578e-20 3.13679e-17 1.5816e-14 7.93963e-12 3.97968e-09 1.99399e-06 0.000998999 0.5 0.999001 0.999998 1 1 1 1 1 1 1 1 1 1 1 1 1 1 1 1 1 1 1 
