0 0 0 0 0 0 0 0 0 0 0 0 0 0 0 0 0 0 0 0 0 0.5 1 1 1 1 1 1 1 1 1 1 1 1 1 1 1 1 1 1 1 1 1 
0 -3.01949e-13 1.21507e-12 -5.19394e-12 2.21258e-11 -9.42719e-11 4.01663e-10 -1.71136e-09 7.29156e-09 -3.1067e-08 1.32367e-07 -5.63974e-07 2.40291e-06 -1.02381e-05 4.36212e-05 -0.000185856 0.000791874 -0.00337393 0.0143752 -0.0612484 0.0350565 0.5 0.964943 1.06125 0.985625 1.00337 0.999208 1.00019 0.999956 1.00001 0.999998 1 1 1 1 1 1 1 1 1 1 1 1 
3.01949e-13 1.61969e-11 -6.60861e-11 2.63784e-10 -1.04998e-09 4.15821e-09 -1.63731e-08 6.40352e-08 -2.4844e-07 9.54588e-07 -3.62436e-06 1.35555e-05 -4.97168e-05 0.000177572 -0.000610701 0.00197944 -0.00579449 0.0132979 -0.00904859 -0.060614 0.0204847 0.5 0.979515 1.06061 1.00905 0.986702 1.00579 0.998021 1.00061 0.999822 1.00005 0.999986 1 0.999999 1 1 1 1 1 1 1 1 1 
-1.61969e-11 -3.74362e-10 1.55519e-09 -5.73416e-09 2.10838e-08 -7.65749e-08 2.74287e-07 -9.66356e-07 3.33703e-06 -1.12412e-05 3.66926e-05 -0.000114922 0.000340042 -0.000926489 0.00220581 -0.00408857 0.00352434 0.00611279 -0.00395807 -0.0762615 0.0126441 0.5 0.987356 1.07626 1.00396 0.993887 0.996476 1.00409 0.997794 1.00093 0.99966 1.00011 0.999963 1.00001 0.999997 1 1 1 1 1 1 1 1 
3.74362e-10 4.88662e-09 -2.07903e-08 6.98835e-08 -2.3398e-07 7.66141e-07 -2.44583e-06 7.57052e-06 -2.25515e-05 6.39712e-05 -0.000170143 0.000413794 -0.000882842 0.00151477 -0.00170642 0.00044673 -0.000847851 0.0130553 -0.00981229 -0.0802698 0.000404075 0.5 0.999596 1.08027 1.00981 0.986945 1.00085 0.999553 1.00171 0.998485 1.00088 0.999586 1.00017 0.999936 1.00002 0.999992 1 0.999999 1 1 1 1 1 
-4.88662e-09 -3.97131e-08 1.74508e-07 -5.26359e-07 1.57646e-06 -4.55448e-06 1.26217e-05 -3.3214e-05 8.18317e-05 -0.000184973 0.000371563 -0.000631911 0.000839122 -0.000836941 0.00111824 -0.00324225 0.00355837 0.0110325 -0.00692315 -0.0875704 -0.00820834 0.5 1.00821 1.08757 1.00692 0.988967 0.996442 1.00324 0.998882 1.00084 0.999161 1.00063 0.999628 1.00018 0.999918 1.00003 0.999987 1 0.999998 1 1 1 1 
3.97131e-08 2.09407e-07 -9.62134e-07 2.55736e-06 -6.70787e-06 1.66648e-05 -3.88648e-05 8.3721e-05 -0.000163134 0.000279646 -0.000411715 0.000530321 -0.000725661 0.00122062 -0.00145057 -0.000834003 0.00150988 0.0146366 -0.00796371 -0.0904519 -0.0164329 0.5 1.01643 1.09045 1.00796 0.985363 0.99849 1.00083 1.00145 0.998779 1.00073 0.99947 1.00041 0.99972 1.00016 0.999916 1.00004 0.999983 1.00001 0.999997 1 1 1 
-2.09407e-07 -7.2858e-07 3.56177e-06 -8.19774e-06 1.84312e-05 -3.84562e-05 7.37336e-05 -0.000128074 0.000199965 -0.000286655 0.000403373 -0.000584853 0.000717905 -0.0004215 0.000216084 -0.00283678 0.00349859 0.0144355 -0.00585728 -0.0939123 -0.0222262 0.5 1.02223 1.09391 1.00586 0.985565 0.996501 1.00284 0.999784 1.00042 0.999282 1.00058 0.999597 1.00029 0.9998 1.00013 0.999926 1.00004 0.999982 1.00001 0.999996 1 1 
7.2858e-07 1.69404e-06 -9.00865e-06 1.78195e-05 -3.40394e-05 5.97546e-05 -9.68517e-05 0.000146534 -0.000213045 0.000300752 -0.000387035 0.000396857 -0.000404766 0.000867197 -0.00121347 -0.00175136 0.00250936 0.0164799 -0.00547182 -0.0953312 -0.0269713 0.5 1.02697 1.09533 1.00547 0.98352 0.997491 1.00175 1.00121 0.999133 1.0004 0.999603 1.00039 0.999699 1.00021 0.999853 1.0001 0.99994 1.00003 0.999982 1.00001 0.999998 0.999999 
-1.69404e-06 -2.74433e-06 1.61388e-05 -2.806e-05 4.68784e-05 -7.33463e-05 0.000109568 -0.000156869 0.000209925 -0.000254163 0.000296701 -0.0004157 0.00053102 -7.70672e-05 -0.000335326 -0.00285307 0.00337286 0.0167392 -0.00393884 -0.0967529 -0.0301479 0.5 1.03015 1.09675 1.00394 0.983261 0.996627 1.00285 1.00034 1.00008 0.999469 1.00042 0.999703 1.00025 0.99979 1.00016 0.99989 1.00007 0.999953 1.00003 0.999984 1 1 
2.74433e-06 3.47659e-06 -2.22462e-05 3.59966e-05 -5.56447e-05 8.13181e-05 -0.0001128 0.000146767 -0.000183774 0.00023497 -0.00028839 0.00023908 -0.000150016 0.000664948 -0.00109604 -0.00241029 0.00283915 0.0178884 -0.00329206 -0.0972015 -0.03248 0.5 1.03248 1.0972 1.00329 0.982112 0.997161 1.00241 1.0011 0.999335 1.00015 0.999761 1.00029 0.999765 1.00018 0.999853 1.00011 0.999919 1.00006 0.999964 1.00002 0.999997 0.999997 
-3.47659e-06 -3.95269e-06 2.6362e-05 -4.10596e-05 5.96994e-05 -8.12409e-05 0.00010622 -0.000136231 0.000167906 -0.000181796 0.000179778 -0.000275636 0.000403612 0.000161418 -0.000645388 -0.00303089 0.00317751 0.0181405 -0.00226697 -0.0975996 -0.0338914 0.5 1.03389 1.0976 1.00227 0.981859 0.996822 1.00303 1.00065 0.999839 0.999596 1.00028 0.99982 1.00018 0.999832 1.00014 0.999894 1.00008 0.99994 1.00004 0.999974 1 1 
3.95269e-06 4.08877e-06 -2.83456e-05 4.24843e-05 -5.91108e-05 7.76735e-05 -9.82546e-05 0.000116437 -0.000131199 0.000160479 -0.000200922 0.000119998 1.82968e-05 0.000578388 -0.00104031 -0.00286871 0.00285362 0.0187387 -0.00174663 -0.0975608 -0.03479 0.5 1.03479 1.09756 1.00175 0.981261 0.997146 1.00287 1.00104 0.999422 0.999982 0.99988 1.0002 0.99984 1.00013 0.999884 1.0001 0.999922 1.00006 0.999958 1.00003 0.999996 0.999996 
-4.08877e-06 -3.9408e-06 2.81549e-05 -4.15507e-05 5.60341e-05 -7.01837e-05 8.40778e-05 -0.000100563 0.000119109 -0.000116324 9.05547e-05 -0.000186007 0.000332633 0.000320872 -0.000805536 -0.00321928 0.002956 0.0188714 -0.00113494 -0.0975195 -0.035211 0.5 1.03521 1.09752 1.00113 0.981129 0.997044 1.00322 1.00081 0.999679 0.999667 1.00019 0.999909 1.00012 0.999881 1.0001 0.999916 1.00007 0.999944 1.00004 0.999972 1 1 
3.9408e-06 3.68214e-06 -2.66737e-05 3.84819e-05 -5.03434e-05 6.18689e-05 -7.39078e-05 8.17958e-05 -8.34576e-05 0.000102882 -0.000141578 4.11299e-05 0.00012138 0.000554244 -0.00100428 -0.00316551 0.00274582 0.0191392 -0.000820086 -0.0973107 -0.0353824 0.5 1.03538 1.09731 1.00082 0.980861 0.997254 1.00317 1.001 0.999446 0.999879 0.999959 1.00014 0.999897 1.00008 0.999918 1.00007 0.999938 1.00005 0.999962 1.00003 0.999996 0.999996 
-3.68214e-06 -3.2391e-06 2.41085e-05 -3.44898e-05 4.45106e-05 -5.27971e-05 5.91813e-05 -6.77584e-05 8.02477e-05 -6.90525e-05 3.08121e-05 -0.000135248 0.000295685 0.000426091 -0.000876439 -0.00335788 0.00275385 0.0191672 -0.000505348 -0.097139 -0.0353475 0.5 1.03535 1.09714 1.00051 0.980833 0.997246 1.00336 1.00088 0.999574 0.999704 1.00014 0.999969 1.00007 0.99992 1.00007 0.999941 1.00005 0.999955 1.00003 0.999976 1 1 
3.2391e-06 2.85039e-06 -2.12152e-05 2.99505e-05 -3.76017e-05 4.42177e-05 -5.11648e-05 5.34672e-05 -4.81446e-05 6.44657e-05 -0.000105639 -8.76607e-06 0.000181028 0.000556611 -0.000971651 -0.00333816 0.00261727 0.0192537 -0.000360954 -0.0969254 -0.0352267 0.5 1.03523 1.09693 1.00036 0.980746 0.997383 1.00334 1.00097 0.999443 0.999819 1.00001 1.00011 0.999936 1.00005 0.999947 1.00005 0.999956 1.00004 0.99997 1.00002 0.999997 0.999997 
-2.85039e-06 -2.36906e-06 1.81062e-05 -2.53867e-05 3.19383e-05 -3.64541e-05 3.84908e-05 -4.31415e-05 5.36123e-05 -3.80932e-05 -6.64575e-06 -0.000108904 0.000275813 0.000493654 -0.000897917 -0.00343688 0.0025977 0.0192225 -0.00023337 -0.0967629 -0.0350456 0.5 1.03505 1.09676 1.00023 0.980778 0.997402 1.00344 1.0009 0.999506 0.999724 1.00011 1.00001 1.00004 0.999946 1.00004 0.999962 1.00004 0.999968 1.00003 0.999982 1 1 
2.36906e-06 2.00827e-06 -1.52086e-05 2.11946e-05 -2.57747e-05 2.9438e-05 -3.37822e-05 3.3355e-05 -2.44556e-05 4.08133e-05 -8.50278e-05 -3.98651e-05 0.000213228 0.0005661 -0.000940202 -0.00342377 0.00251342 0.0192236 -0.000196892 -0.0966079 -0.0348616 0.5 1.03486 1.09661 1.0002 0.980776 0.997487 1.00342 1.00094 0.999434 0.999787 1.00004 1.00009 0.999959 1.00002 0.999967 1.00003 0.999971 1.00003 0.999979 1.00002 0.999998 0.999998 
-2.00827e-06 -1.60412e-06 1.24955e-05 -1.72662e-05 2.14653e-05 -2.37868e-05 2.35015e-05 -2.64682e-05 3.67479e-05 -1.87597e-05 -2.91159e-05 -9.6291e-05 0.000263651 0.0005348 -0.000895609 -0.00346865 0.00249408 0.0191723 -0.000170636 -0.0964995 -0.0346834 0.5 1.03468 1.0965 1.00017 0.980828 0.997506 1.00347 1.0009 0.999465 0.999736 1.0001 1.00003 1.00002 0.999963 1.00003 0.999976 1.00002 0.999979 1.00002 0.999988 1 1 
1.60412e-06 1.33021e-06 -1.01786e-05 1.40831e-05 -1.66223e-05 1.86465e-05 -2.1814e-05 2.0129e-05 -9.43025e-06 2.70029e-05 -7.33919e-05 -5.90889e-05 0.000228873 0.000574163 -0.000912385 -0.00345511 0.00244681 0.019144 -0.000187453 -0.0964108 -0.0345334 0.5 1.03453 1.09641 1.00019 0.980856 0.997553 1.00346 1.00091 0.999426 0.999771 1.00006 1.00007 0.999973 1.00001 0.99998 1.00002 0.999981 1.00002 0.999986 1.00001 0.999999 0.999998 
-1.33021e-06 -1.02835e-06 8.13924e-06 -1.1109e-05 1.38283e-05 -1.49365e-05 1.34622e-05 -1.58551e-05 2.65556e-05 -6.96054e-06 -4.20514e-05 -9.07148e-05 0.000254975 0.000557783 -0.000884939 -0.00347117 0.002436 0.0190962 -0.000205005 -0.0963563 -0.0344099 0.5 1.03441 1.09636 1.00021 0.980904 0.997564 1.00347 1.00088 0.999442 0.999745 1.00009 1.00004 1.00001 0.999973 1.00002 0.999987 1.00001 0.999986 1.00001 0.999992 1 1 
1.02835e-06 8.45437e-07 -6.49561e-06 8.96707e-06 -1.02187e-05 1.1379e-05 -1.40835e-05 1.18218e-05 -2.48612e-07 1.92621e-05 -6.66991e-05 -7.07804e-05 0.000235178 0.000578324 -0.000890597 -0.00345751 0.0024133 0.0190664 -0.000238709 -0.0963184 -0.0343182 0.5 1.03432 1.09632 1.00024 0.980934 0.997587 1.00346 1.00089 0.999422 0.999765 1.00007 1.00007 0.999981 1 0.999988 1.00001 0.999989 1.00001 0.999991 1.00001 0.999999 0.999999 
-8.45437e-07 -6.32249e-07 5.08722e-06 -6.85492e-06 8.68716e-06 -9.13796e-06 7.06873e-06 -9.3805e-06 2.05586e-05 1.63594e-07 -4.9143e-05 -8.83763e-05 0.000248258 0.000568935 -0.000874036 -0.00345997 0.00241069 0.019032 -0.000267128 -0.0963014 -0.0342523 0.5 1.03425 1.0963 1.00027 0.980968 0.997589 1.00346 1.00087 0.999431 0.999752 1.00009 1.00005 1 0.999979 1.00001 0.999993 1.00001 0.999991 1.00001 0.999995 1 1 
6.32249e-07 5.23138e-07 -4.00705e-06 5.55032e-06 -6.01385e-06 6.73884e-06 -9.29718e-06 6.75142e-06 5.1998e-06 1.50673e-05 -6.26645e-05 -7.76542e-05 0.000236747 0.000578971 -0.000875644 -0.00344801 0.00240265 0.0190111 -0.00029844 -0.0962941 -0.0342105 0.5 1.03421 1.09629 1.0003 0.980989 0.997597 1.00345 1.00088 0.999421 0.999763 1.00008 1.00006 0.999985 0.999995 0.999993 1.00001 0.999993 1.00001 0.999994 1 0.999999 0.999999 
-5.23138e-07 -3.7517e-07 3.0833e-06 -4.08624e-06 5.40475e-06 -5.49748e-06 3.13763e-06 -5.55486e-06 1.70714e-05 4.43471e-06 -5.27859e-05 -8.73195e-05 0.000243088 0.000573027 -0.00086621 -0.00344548 0.00240513 0.0189911 -0.000322457 -0.0962972 -0.0341864 0.5 1.03419 1.0963 1.00032 0.981009 0.997595 1.00345 1.00087 0.999427 0.999757 1.00009 1.00005 0.999996 0.999983 1.00001 0.999997 1.00001 0.999995 1 0.999997 1 1 
3.7517e-07 3.19007e-07 -2.41227e-06 3.37889e-06 -3.36896e-06 3.88678e-06 -6.41826e-06 3.71203e-06 8.3449e-06 1.28504e-05 -6.00903e-05 -8.14616e-05 0.000236336 0.000577451 -0.000866837 -0.00343642 0.00240459 0.0189802 -0.000344197 -0.0963039 -0.0341765 0.5 1.03418 1.0963 1.00034 0.98102 0.997595 1.00344 1.00087 0.999423 0.999764 1.00008 1.00006 0.999987 0.999992 0.999996 1.00001 0.999996 1 0.999997 1 1 1 
-3.19007e-07 -2.14882e-07 1.82427e-06 -2.35703e-06 3.38581e-06 -3.27759e-06 7.83948e-07 -3.35122e-06 1.5041e-05 6.96842e-06 -5.44924e-05 -8.66613e-05 0.000239347 0.000573441 -0.00086198 -0.00343317 0.00240908 0.0189713 -0.000359298 -0.0963142 -0.0341759 0.5 1.03418 1.09631 1.00036 0.981029 0.997591 1.00343 1.00086 0.999427 0.999761 1.00009 1.00005 0.999993 0.999985 1 0.999999 1 0.999997 1 0.999998 1 1 
2.14882e-07 1.94099e-07 -1.42745e-06 2.04608e-06 -1.75526e-06 2.18362e-06 -4.71968e-06 1.91168e-06 1.01074e-05 1.16887e-05 -5.83785e-05 -8.33718e-05 0.00023543 0.000575083 -0.000862665 -0.00342723 0.00241144 0.018968 -0.000371141 -0.0963244 -0.0341816 0.5 1.03418 1.09632 1.00037 0.981032 0.997589 1.00343 1.00086 0.999425 0.999765 1.00008 1.00006 0.999988 0.99999 0.999998 1 0.999998 1 0.999998 1 1 1 
-1.94099e-07 -1.17749e-07 1.05768e-06 -1.30881e-06 2.17736e-06 -1.95087e-06 -5.94415e-07 -2.10721e-06 1.38451e-05 8.44161e-06 -5.5187e-05 -8.60855e-05 0.000236885 0.000572353 -0.000860566 -0.00342492 0.00241584 0.018966 -0.000378164 -0.0963347 -0.0341904 0.5 1.03419 1.09633 1.00038 0.981034 0.997584 1.00342 1.00086 0.999428 0.999763 1.00009 1.00006 0.999992 0.999986 1 1 1 0.999998 1 0.999999 1 1 
1.17749e-07 1.19614e-07 -8.35532e-07 1.24828e-06 -7.9267e-07 1.18973e-06 -3.7288e-06 8.5556e-07 1.10626e-05 1.10668e-05 -5.72292e-05 -8.41745e-05 0.000234691 0.000572782 -0.000861452 -0.00342162 0.00241858 0.0189668 -0.000382682 -0.0963433 -0.0342007 0.5 1.0342 1.09634 1.00038 0.981033 0.997581 1.00342 1.00086 0.999427 0.999765 1.00008 1.00006 0.999989 0.999989 0.999999 1 0.999999 1 0.999999 1 1 1 
-1.19614e-07 -6.00787e-08 6.01563e-07 -6.87587e-07 1.46849e-06 -1.16883e-06 -1.38523e-06 -1.41452e-06 1.31289e-05 9.26916e-06 -5.54078e-05 -8.5535e-05 0.000235461 0.000570994 -0.000860844 -0.00342053 0.00242191 0.0189682 -0.000384314 -0.0963506 -0.0342107 0.5 1.03421 1.09635 1.00038 0.981032 0.997578 1.00342 1.00086 0.999429 0.999765 1.00009 1.00006 0.999991 0.999987 1 1 1 0.999999 1 0.999999 1 1 
6.00787e-08 7.60889e-08 -4.86909e-07 7.79416e-07 -2.28425e-07 6.20684e-07 -3.15331e-06 2.42969e-07 1.15611e-05 1.07126e-05 -5.64766e-05 -8.4391e-05 0.000234308 0.000571007 -0.000861777 -0.0034191 0.00242396 0.0189706 -0.000384575 -0.096356 -0.0342197 0.5 1.03422 1.09636 1.00038 0.981029 0.997576 1.00342 1.00086 0.999429 0.999766 1.00008 1.00006 0.999989 0.999988 1 1 0.999999 1 0.999999 1 1 1 
-7.60889e-08 -2.63372e-08 3.34861e-07 -3.25911e-07 1.05878e-06 -7.12315e-07 -1.82966e-06 -1.03047e-06 1.2694e-05 9.70968e-06 -5.54453e-05 -8.50415e-05 0.000234785 0.000569921 -0.000861844 -0.00341893 0.002426 0.0189729 -0.000383472 -0.0963599 -0.0342273 0.5 1.03423 1.09636 1.00038 0.981027 0.997574 1.00342 1.00086 0.99943 0.999765 1.00009 1.00006 0.99999 0.999987 1 1 1 0.999999 1 1 1 1 
2.63372e-08 5.10724e-08 -2.84744e-07 5.07532e-07 9.75777e-08 2.99931e-07 -2.81864e-06 -1.06511e-07 1.18118e-05 1.04919e-05 -5.60109e-05 -8.43464e-05 0.000234238 0.000569872 -0.000862656 -0.00341861 0.00242714 0.0189754 -0.000381918 -0.0963624 -0.0342332 0.5 1.03423 1.09636 1.00038 0.981025 0.997573 1.00342 1.00086 0.99943 0.999766 1.00008 1.00006 0.99999 0.999988 1 1 1 1 0.999999 1 1 1 
-5.10724e-08 -6.80251e-09 1.81001e-07 -1.18364e-07 8.24365e-07 -4.47876e-07 -2.07401e-06 -8.15617e-07 1.24295e-05 9.92604e-06 -5.54383e-05 -8.46438e-05 0.000234577 0.000569284 -0.000862926 -0.00341894 0.00242811 0.0189774 -0.00037997 -0.0963638 -0.0342375 0.5 1.03424 1.09636 1.00038 0.981023 0.997572 1.00342 1.00086 0.999431 0.999765 1.00008 1.00006 0.99999 0.999988 1 1 1 0.999999 1 1 1 1 
6.80251e-09 3.68892e-08 -1.68908e-07 3.51403e-07 2.83519e-07 1.21244e-07 -2.62308e-06 -3.00895e-07 1.19346e-05 1.03429e-05 -5.57473e-05 -8.42246e-05 0.000234359 0.000569289 -0.000863523 -0.00341914 0.00242851 0.0189792 -0.000378115 -0.0963643 -0.0342403 0.5 1.03424 1.09636 1.00038 0.981021 0.997571 1.00342 1.00086 0.999431 0.999766 1.00008 1.00006 0.99999 0.999988 1 1 1 1 1 1 1 1 
-3.68892e-08 4.41808e-09 9.31852e-08 -6.91305e-10 6.91057e-07 -2.95903e-07 -2.20534e-06 -6.92412e-07 1.2271e-05 1.00201e-05 -5.54397e-05 -8.43586e-05 0.000234612 0.000569024 -0.000863769 -0.00341962 0.00242879 0.0189805 -0.000376357 -0.0963642 -0.034242 0.5 1.03424 1.09636 1.00038 0.98102 0.997571 1.00342 1.00086 0.999431 0.999765 1.00008 1.00006 0.99999 0.999988 1 1 1 0.999999 1 1 1 1 
-4.41808e-09 2.89354e-08 -1.03149e-07 2.62384e-07 3.88263e-07 2.23403e-08 -2.50823e-06 -4.05046e-07 1.19955e-05 1.02387e-05 -5.56173e-05 -8.4114e-05 0.000234554 0.000569089 -0.000864142 -0.00341997 0.00242874 0.0189815 -0.000374912 -0.0963638 -0.0342428 0.5 1.03424 1.09636 1.00037 0.981018 0.997571 1.00342 1.00086 0.999431 0.999765 1.00008 1.00006 0.99999 0.999988 1 1 1 1 1 1 1 1 
-2.89354e-08 1.08193e-08 4.35009e-08 6.53562e-08 6.15418e-07 -2.09451e-07 -2.27444e-06 -6.19103e-07 1.21798e-05 1.00534e-05 -5.54597e-05 -8.4179e-05 0.000234739 0.000569011 -0.000864289 -0.0034204 0.00242865 0.0189821 -0.000373732 -0.0963631 -0.0342428 0.5 1.03424 1.09636 1.00037 0.981018 0.997571 1.00342 1.00086 0.999431 0.999765 1.00008 1.00006 0.99999 0.999988 1 1 1 0.999999 1 1 1 1 
-1.08193e-08 2.45089e-08 -6.60814e-08 2.11906e-07 4.46523e-07 -3.24477e-08 -2.44073e-06 -4.5798e-07 1.20284e-05 1.0167e-05 -5.55674e-05 -8.40447e-05 0.000234743 0.000569107 -0.000864477 -0.0034207 0.00242842 0.0189825 -0.000372877 -0.0963623 -0.0342425 0.5 1.03424 1.09636 1.00037 0.981017 0.997572 1.00342 1.00086 0.999431 0.999765 1.00008 1.00006 0.99999 0.999988 1 1 1 1 1 1 1 1 
-2.45089e-08 1.44443e-08 1.55981e-08 1.02128e-07 5.72467e-07 -1.60984e-07 -2.31027e-06 -5.7378e-07 1.21307e-05 1.00611e-05 -5.54914e-05 -8.40832e-05 0.000234869 0.000569118 -0.000864528 -0.003421 0.0024282 0.0189827 -0.000372276 -0.0963616 -0.0342419 0.5 1.03424 1.09636 1.00037 0.981017 0.997572 1.00342 1.00086 0.999431 0.999765 1.00008 1.00006 0.99999 0.999988 1 1 1 0.999999 1 1 1 1 
-1.44443e-08 2.20535e-08 -4.52964e-08 1.83421e-07 4.78511e-07 -6.30995e-08 -2.40136e-06 -4.8301e-07 1.20491e-05 1.01205e-05 -5.5559e-05 -8.4016e-05 0.000234887 0.000569214 -0.000864591 -0.00342119 0.00242795 0.0189827 -0.00037192 -0.0963609 -0.0342411 0.5 1.03424 1.09636 1.00037 0.981017 0.997572 1.00342 1.00086 0.999431 0.999765 1.00008 1.00006 0.99999 0.999988 1 1 1 1 1 1 1 1 
-2.20535e-08 1.6478e-08 2.85737e-11 1.22483e-07 5.48014e-07 -1.34366e-07 -2.3289e-06 -5.45044e-07 1.21072e-05 1.00611e-05 -5.55249e-05 -8.40443e-05 0.000234964 0.000569254 -0.000864578 -0.00342135 0.00242775 0.0189826 -0.000371736 -0.0963604 -0.0342404 0.5 1.03424 1.09636 1.00037 0.981017 0.997572 1.00342 1.00086 0.999431 0.999765 1.00008 1.00006 0.99999 0.999988 1 1 1 0.999999 1 1 1 1 
-1.6478e-08 2.06885e-08 -3.36862e-08 1.67431e-07 4.95852e-07 -8.05753e-08 -2.37886e-06 -4.93768e-07 1.20644e-05 1.00932e-05 -5.55675e-05 -8.40154e-05 0.000234977 0.000569331 -0.000864573 -0.00342144 0.00242755 0.0189825 -0.000371696 -0.09636 -0.0342397 0.5 1.03424 1.09636 1.00037 0.981018 0.997572 1.00342 1.00086 0.999431 0.999765 1.00008 1.00006 0.99999 0.999988 1 1 1 1 1 1 1 1 
-2.06885e-08 1.76044e-08 -8.60997e-09 1.33718e-07 5.34059e-07 -1.20146e-07 -2.33891e-06 -5.26797e-07 1.2098e-05 1.00611e-05 -5.5553e-05 -8.4038e-05 0.000235018 0.00056937 -0.00086453 -0.0034215 0.00242741 0.0189823 -0.000371744 -0.0963596 -0.0342391 0.5 1.03424 1.09636 1.00037 0.981018 0.997573 1.00342 1.00086 0.999431 0.999765 1.00008 1.00006 0.99999 0.999988 1 1 1 0.999999 1 1 1 1 
-1.76044e-08 1.99234e-08 -2.72191e-08 1.58514e-07 5.05155e-07 -9.07856e-08 -2.36646e-06 -4.97898e-07 1.20762e-05 1.00795e-05 -5.55789e-05 -8.40286e-05 0.000235022 0.000569422 -0.000864498 -0.00342151 0.0024273 0.0189821 -0.000371851 -0.0963594 -0.0342387 0.5 1.03424 1.09636 1.00037 0.981018 0.997573 1.00342 1.00086 0.999431 0.999765 1.00008 1.00006 0.99999 0.999988 1 1 1 0.999999 1 1 1 1 
-1.99234e-08 1.82177e-08 -1.33796e-08 1.39923e-07 5.26099e-07 -1.12809e-07 -2.34467e-06 -5.15518e-07 1.20961e-05 1.00631e-05 -5.55725e-05 -8.40462e-05 0.000235039 0.000569448 -0.000864451 -0.0034215 0.00242723 0.018982 -0.000371984 -0.0963593 -0.0342383 0.5 1.03424 1.09636 1.00037 0.981018 0.997573 1.00342 1.00086 0.999431 0.999765 1.00008 1.00006 0.99999 0.999988 1 1 1 0.999999 1 1 1 1 
-1.82177e-08 1.94887e-08 -2.3625e-08 1.53584e-07 5.10119e-07 -9.68889e-08 -2.36001e-06 -4.99397e-07 1.20853e-05 1.00745e-05 -5.55872e-05 -8.40452e-05 0.000235035 0.000569477 -0.000864416 -0.00342148 0.00242718 0.0189818 -0.000372124 -0.0963593 -0.0342381 0.5 1.03424 1.09636 1.00037 0.981018 0.997573 1.00342 1.00086 0.999431 0.999765 1.00008 1.00006 0.99999 0.999988 1 1 1 0.999999 1 1 1 1 
-1.94887e-08 1.85447e-08 -1.6003e-08 1.43366e-07 5.21586e-07 -1.09172e-07 -2.34829e-06 -5.08939e-07 1.2097e-05 1.00669e-05 -5.55836e-05 -8.40577e-05 0.000235039 0.000569489 -0.000864378 -0.00342145 0.00242716 0.0189817 -0.000372255 -0.0963593 -0.0342379 0.5 1.03424 1.09636 1.00037 0.981018 0.997573 1.00342 1.00086 0.999431 0.999765 1.00008 1.00006 0.99999 0.999988 1 1 1 0.999999 1 1 1 1 
-1.85447e-08 1.92379e-08 -2.16322e-08 1.50888e-07 5.12779e-07 -1.00585e-07 -2.35694e-06 -5.00128e-07 1.20918e-05 1.00743e-05 -5.55911e-05 -8.40591e-05 0.000235032 0.000569502 -0.000864352 -0.00342141 0.00242716 0.0189816 -0.000372369 -0.0963593 -0.0342379 0.5 1.03424 1.09636 1.00037 0.981018 0.997573 1.00342 1.00086 0.99943 0.999765 1.00008 1.00006 0.99999 0.999988 1 1 1 0.999999 1 1 1 1 
-1.92379e-08 1.87149e-08 -1.74424e-08 1.45292e-07 5.19061e-07 -1.07436e-07 -2.35074e-06 -5.05454e-07 1.20986e-05 1.00712e-05 -5.55882e-05 -8.4067e-05 0.00023503 0.000569504 -0.000864328 -0.00342138 0.00242717 0.0189816 -0.000372461 -0.0963593 -0.0342379 0.5 1.03424 1.09636 1.00037 0.981018 0.997573 1.00342 1.00086 0.99943 0.999765 1.00008 1.00006 0.99999 0.999988 1 1 1 0.999999 1 1 1 1 
-1.87149e-08 1.90915e-08 -2.05307e-08 1.49434e-07 5.14231e-07 -1.02814e-07 -2.35567e-06 -5.00794e-07 1.20959e-05 1.00761e-05 -5.55913e-05 -8.40681e-05 0.000235023 0.000569506 -0.000864313 -0.00342135 0.00242719 0.0189815 -0.00037253 -0.0963594 -0.0342379 0.5 1.03424 1.09636 1.00037 0.981018 0.997573 1.00342 1.00086 0.99943 0.999765 1.00008 1.00006 0.99999 0.999988 1 1 1 0.999999 1 1 1 1 
-1.90915e-08 1.88016e-08 -1.82317e-08 1.46378e-07 5.17682e-07 -1.06623e-07 -2.35245e-06 -5.03892e-07 1.20998e-05 1.00751e-05 -5.55887e-05 -8.40723e-05 0.00023502 0.000569503 -0.000864301 -0.00342132 0.00242721 0.0189815 -0.000372578 -0.0963594 -0.0342379 0.5 1.03424 1.09636 1.00037 0.981018 0.997573 1.00342 1.00086 0.99943 0.999765 1.00008 1.00006 0.99999 0.999988 1 1 1 0.999999 1 1 1 1 
-1.88016e-08 1.90056e-08 -1.99245e-08 1.4866e-07 5.15049e-07 -1.04126e-07 -2.35528e-06 -5.01539e-07 1.20983e-05 1.00782e-05 -5.55894e-05 -8.40725e-05 0.000235014 0.000569501 -0.000864295 -0.0034213 0.00242723 0.0189815 -0.000372607 -0.0963595 -0.034238 0.5 1.03424 1.09636 1.00037 0.981018 0.997573 1.00342 1.00086 0.99943 0.999765 1.00008 1.00006 0.99999 0.999988 1 1 1 0.999999 1 1 1 1 
-1.90056e-08 1.88452e-08 -1.86654e-08 1.46996e-07 5.16954e-07 -1.06226e-07 -2.35362e-06 -5.03416e-07 1.21003e-05 1.0078e-05 -5.55872e-05 -8.40741e-05 0.000235011 0.000569497 -0.000864291 -0.00342129 0.00242725 0.0189815 -0.000372622 -0.0963595 -0.034238 0.5 1.03424 1.09636 1.00037 0.981018 0.997573 1.00342 1.00086 0.999431 0.999765 1.00008 1.00006 0.99999 0.999988 1 1 1 0.999999 1 1 1 1 
-1.88452e-08 1.89557e-08 -1.95928e-08 1.48253e-07 5.1553e-07 -1.04862e-07 -2.35524e-06 -5.02296e-07 1.20993e-05 1.00798e-05 -5.55869e-05 -8.40735e-05 0.000235008 0.000569493 -0.00086429 -0.00342128 0.00242727 0.0189816 -0.000372624 -0.0963596 -0.0342381 0.5 1.03424 1.09636 1.00037 0.981018 0.997573 1.00342 1.00086 0.999431 0.999765 1.00008 1.00006 0.99999 0.999988 1 1 1 0.999999 1 1 1 1 
