1 1 0.9875 0.975 0.9625 0.95 0.9375 0.925 0.9125 0.9 0.8875 0.875 0.8625 0.85 0.8375 0.825 0.8125 0.8 0.7875 0.775 0.7625 0.75 0.7375 0.725 0.7125 0.7 0.6875 0.675 0.6625 0.65 0.6375 0.625 0.6125 0.6 0.5875 0.575 0.5625 0.55 0.5375 0.525 0.5125 0.5 0.5 
1 1 0.998645 0.982313 0.969719 0.957125 0.944531 0.931938 0.919344 0.90675 0.894156 0.881563 0.868969 0.856375 0.843781 0.831188 0.818594 0.806 0.793406 0.780813 0.768219 0.755625 0.743031 0.730438 0.717844 0.70525 0.692656 0.680063 0.667469 0.654875 0.642281 0.629688 0.617094 0.6045 0.591906 0.579313 0.566719 0.554125 0.541531 0.528938 0.516344 0.50375 0.5 
1 1 0.999524 0.996588 0.976109 0.964357 0.951668 0.938979 0.926291 0.913602 0.900913 0.888224 0.875535 0.862846 0.850157 0.837468 0.824779 0.81209 0.799401 0.786713 0.774024 0.761335 0.748646 0.735957 0.723268 0.710579 0.69789 0.685201 0.672512 0.659823 0.647134 0.634446 0.621757 0.609068 0.596379 0.58369 0.571001 0.558312 0.545623 0.532934 0.520245 0.506703 0.5 
1 1 0.999855 0.998548 0.993136 0.969424 0.959193 0.946128 0.933343 0.920557 0.907772 0.894986 0.882201 0.869415 0.85663 0.843844 0.831059 0.818273 0.805488 0.792702 0.779917 0.767131 0.754345 0.74156 0.728774 0.715989 0.703203 0.690418 0.677632 0.664847 0.652061 0.639276 0.62649 0.613705 0.600919 0.588134 0.575348 0.562563 0.549777 0.536992 0.524202 0.510539 0.5 
1 1 0.999951 0.9995 0.99689 0.987681 0.962969 0.95444 0.940425 0.927619 0.914735 0.901852 0.888968 0.876085 0.863201 0.850317 0.837434 0.82455 0.811667 0.798783 0.785899 0.773016 0.760132 0.747249 0.734365 0.721482 0.708598 0.695714 0.682831 0.669947 0.657064 0.64418 0.631296 0.618413 0.605529 0.592646 0.579762 0.566878 0.553995 0.541111 0.528221 0.514797 0.5 
1 1 0.999984 0.999813 0.998817 0.994537 0.980033 0.957125 0.95015 0.934424 0.921828 0.908823 0.89584 0.882857 0.869874 0.856891 0.843907 0.830924 0.817941 0.804958 0.791975 0.778991 0.766008 0.753025 0.740042 0.727059 0.714075 0.701092 0.688109 0.675126 0.662143 0.64916 0.636176 0.623193 0.61021 0.597227 0.584244 0.57126 0.558277 0.545294 0.532306 0.519019 0.5 
1 1 0.999994 0.999932 0.999529 0.997658 0.991774 0.970249 0.951959 0.946128 0.928027 0.916029 0.902813 0.889734 0.87665 0.863566 0.850481 0.837397 0.824313 0.811228 0.798144 0.78506 0.771975 0.758891 0.745807 0.732722 0.719638 0.706554 0.693469 0.680385 0.667301 0.654216 0.641132 0.628048 0.614963 0.601879 0.588795 0.57571 0.562626 0.549542 0.536454 0.523079 0.5 
1 1 0.999998 0.999975 0.999814 0.999053 0.995852 0.988178 0.959372 0.947399 0.94186 0.921317 0.910319 0.896679 0.883534 0.870345 0.857158 0.843971 0.830784 0.817597 0.80441 0.791223 0.778036 0.764849 0.751662 0.738475 0.725288 0.712101 0.698914 0.685727 0.672539 0.659352 0.646165 0.632978 0.619791 0.606604 0.593417 0.58023 0.567043 0.553856 0.540667 0.527049 0.5 
1 1 0.999999 0.999991 0.999928 0.999593 0.998344 0.993198 0.980917 0.95099 0.943198 0.936717 0.914586 0.9048 0.890373 0.877244 0.86394 0.850649 0.837357 0.824066 0.810775 0.797483 0.784192 0.7709 0.757609 0.744318 0.731026 0.717735 0.704444 0.691152 0.677861 0.664569 0.651278 0.637987 0.624695 0.611404 0.598112 0.584821 0.57153 0.558238 0.544945 0.531006 0.5 
1 1 1 0.999997 0.999972 0.999837 0.999214 0.997193 0.989631 0.969949 0.945641 0.93919 0.930367 0.908131 0.899502 0.883827 0.870882 0.857429 0.844035 0.830638 0.81724 0.803843 0.790446 0.777048 0.763651 0.750253 0.736856 0.723459 0.710061 0.696664 0.683267 0.669869 0.656472 0.643074 0.629677 0.61628 0.602882 0.589485 0.576088 0.56269 0.549289 0.535 0.5 
1 1 1 0.999999 0.999989 0.999932 0.999677 0.998599 0.995338 0.985592 0.957445 0.941159 0.935272 0.922779 0.902075 0.894313 0.877 0.864484 0.850803 0.837316 0.82381 0.810305 0.7968 0.783295 0.769789 0.756284 0.742779 0.729274 0.715769 0.702264 0.688759 0.675254 0.661749 0.648244 0.634739 0.621234 0.607728 0.594223 0.580718 0.567213 0.553702 0.539055 0.5 
1 1 1 1 0.999996 0.999972 0.999857 0.999403 0.997683 0.992578 0.979038 0.946403 0.936926 0.931521 0.914029 0.896379 0.888952 0.869939 0.858099 0.844043 0.83049 0.81687 0.803256 0.789642 0.776027 0.762413 0.748798 0.735184 0.721569 0.707955 0.69434 0.680726 0.667111 0.653496 0.639882 0.626267 0.612653 0.599038 0.585424 0.571809 0.558185 0.543184 0.5 
1 1 1 1 0.999998 0.999989 0.99994 0.999726 0.998958 0.996317 0.988852 0.967385 0.939628 0.933115 0.927636 0.904574 0.890889 0.883063 0.8628 0.851769 0.837119 0.823562 0.809816 0.796092 0.782366 0.76864 0.754915 0.741189 0.727463 0.713738 0.700012 0.686286 0.67256 0.658835 0.645109 0.631383 0.617658 0.603932 0.590206 0.57648 0.562739 0.547392 0.5 
1 1 1 1 0.999999 0.999995 0.999974 0.999881 0.999508 0.998271 0.994174 0.984609 0.952979 0.935098 0.929586 0.922027 0.895939 0.885477 0.876404 0.85576 0.845494 0.83 0.816542 0.802642 0.78881 0.774971 0.761132 0.747293 0.733454 0.719616 0.705777 0.691938 0.678099 0.66426 0.650422 0.636583 0.622744 0.608905 0.595067 0.581228 0.567367 0.551683 0.5 
1 1 1 1 1 0.999998 0.999989 0.999948 0.999781 0.999156 0.997301 0.990967 0.977494 0.94035 0.931315 0.925881 0.913871 0.888991 0.880211 0.868939 0.848919 0.839199 0.822669 0.809445 0.79534 0.781407 0.767452 0.753498 0.739544 0.725591 0.711637 0.697683 0.68373 0.669776 0.655822 0.641869 0.627915 0.613961 0.600008 0.586054 0.572072 0.556058 0.5 
1 1 1 1 1 0.999999 0.999996 0.999977 0.9999 0.999619 0.998598 0.995894 0.986529 0.963985 0.933822 0.927816 0.921939 0.904023 0.882967 0.875117 0.860719 0.842267 0.832737 0.815151 0.80229 0.787899 0.773883 0.759806 0.745736 0.731665 0.717595 0.703524 0.689454 0.675384 0.661313 0.647243 0.633172 0.619102 0.605031 0.590961 0.576854 0.56052 0.5 
1 1 1 1 1 1 0.999998 0.99999 0.999956 0.999819 0.999369 0.99774 0.993629 0.981434 0.948004 0.929612 0.924493 0.917648 0.89312 0.877349 0.870079 0.851888 0.835731 0.825933 0.807517 0.795085 0.780305 0.766237 0.75203 0.737843 0.723653 0.709464 0.695275 0.681085 0.666896 0.652707 0.638517 0.624328 0.610139 0.59595 0.581717 0.56507 0.5 
1 1 1 1 1 1 0.999999 0.999996 0.99998 0.999919 0.999685 0.998981 0.996492 0.990226 0.973018 0.934644 0.926057 0.921046 0.911411 0.882929 0.872051 0.864571 0.842895 0.829249 0.818649 0.799856 0.78782 0.772543 0.758473 0.744119 0.729815 0.715504 0.701194 0.686884 0.672574 0.658264 0.643954 0.629643 0.615333 0.601023 0.586663 0.569709 0.5 
1 1 1 1 1 1 1 0.999998 0.999991 0.999963 0.999859 0.999471 0.998382 0.994646 0.985696 0.957432 0.928358 0.922883 0.917172 0.901667 0.875426 0.867013 0.857717 0.834457 0.822835 0.810834 0.792234 0.78045 0.76461 0.750592 0.736067 0.721649 0.707214 0.692781 0.678348 0.663915 0.649483 0.63505 0.620617 0.606184 0.591693 0.574439 0.5 
1 1 1 1 1 1 1 0.999999 0.999996 0.999983 0.999932 0.999761 0.999137 0.997496 0.991743 0.980442 0.939688 0.924499 0.91983 0.912769 0.889745 0.869593 0.862 0.84925 0.82684 0.816509 0.802504 0.784667 0.772907 0.756516 0.742597 0.727869 0.713343 0.69878 0.684223 0.669665 0.655107 0.640549 0.625991 0.611433 0.596809 0.57926 0.5 
1 1 1 1 1 1 1 1 0.999998 0.999993 0.99997 0.999881 0.99961 0.998614 0.9963 0.987455 0.968921 0.927888 0.921237 0.91655 0.907165 0.877633 0.864212 0.856856 0.83953 0.819807 0.810157 0.793738 0.777137 0.765114 0.748287 0.734484 0.719517 0.704894 0.690198 0.675514 0.660829 0.646144 0.631459 0.616774 0.602015 0.584175 0.5 
1 1 1 1 1 1 1 1 0.999999 0.999997 0.999986 0.999947 0.999799 0.999386 0.997806 0.994414 0.981793 0.950805 0.923059 0.918435 0.912743 0.897794 0.868328 0.859089 0.851295 0.829132 0.813108 0.803484 0.784729 0.769619 0.75701 0.739957 0.726241 0.711005 0.696299 0.681463 0.666652 0.651837 0.637023 0.622208 0.607313 0.589186 0.5 
1 1 1 1 1 1 1 1 1 0.999999 0.999994 0.999974 0.99991 0.999666 0.999054 0.996587 0.991359 0.974894 0.932428 0.919749 0.91566 0.908116 0.885063 0.861856 0.854197 0.844262 0.819236 0.806596 0.796074 0.775792 0.762096 0.748565 0.731555 0.717847 0.702333 0.687556 0.672572 0.657632 0.642685 0.627739 0.612705 0.594293 0.5 
1 1 1 1 1 1 1 1 1 0.999999 0.999997 0.999988 0.999955 0.999853 0.999456 0.998547 0.994804 0.986947 0.959963 0.922362 0.916812 0.912517 0.902332 0.871495 0.856477 0.849153 0.834923 0.810838 0.800185 0.787659 0.76718 0.754528 0.739788 0.723096 0.709274 0.693502 0.678661 0.663518 0.64845 0.633368 0.618193 0.5995 0.5 
1 1 1 1 1 1 1 1 1 1 0.999999 0.999995 0.99998 0.999923 0.999766 0.99913 0.997785 0.991999 0.98179 0.939279 0.918353 0.91424 0.908675 0.892569 0.860989 0.851386 0.843707 0.82393 0.803539 0.793736 0.778297 0.758933 0.746807 0.730729 0.714578 0.700494 0.684518 0.669608 0.654298 0.639102 0.62378 0.604808 0.5 
1 1 1 1 1 1 1 1 1 1 0.999999 0.999998 0.99999 0.999966 0.999871 0.999637 0.99862 0.996751 0.987723 0.971823 0.922784 0.915401 0.911576 0.903815 0.878642 0.854188 0.846536 0.837371 0.812457 0.79672 0.786969 0.768309 0.750943 0.738759 0.721486 0.705984 0.691489 0.675389 0.660389 0.644907 0.629475 0.610217 0.5 
1 1 1 1 1 1 1 1 1 1 1 0.999999 0.999996 0.999983 0.999944 0.999788 0.999455 0.997836 0.995168 0.981591 0.951925 0.917144 0.912848 0.908397 0.897504 0.863872 0.84879 0.841582 0.828745 0.802225 0.790134 0.779394 0.758253 0.743079 0.730214 0.712186 0.697283 0.68225 0.666118 0.650993 0.635225 0.615745 0.5 
1 1 1 1 1 1 1 1 1 1 1 1 0.999998 0.999992 0.99997 0.999912 0.999659 0.999197 0.996635 0.992359 0.974417 0.930668 0.914058 0.910503 0.904273 0.886388 0.853056 0.84381 0.836122 0.817494 0.793957 0.783638 0.770509 0.748708 0.735234 0.721092 0.702926 0.688423 0.672789 0.656706 0.641296 0.621309 0.5 
1 1 1 1 1 1 1 1 1 1 1 1 0.999999 0.999996 0.999987 0.99995 0.999867 0.999458 0.998795 0.99481 0.9881 0.960044 0.917067 0.911423 0.907879 0.898893 0.870876 0.84644 0.83906 0.829799 0.805014 0.786771 0.776953 0.760323 0.739836 0.727268 0.711447 0.693735 0.679338 0.663131 0.647001 0.627221 0.5 
1 1 1 1 1 1 1 1 1 1 1 1 1 0.999998 0.999993 0.999979 0.999919 0.999804 0.999147 0.998173 0.991947 0.98289 0.936965 0.912864 0.909084 0.904512 0.891538 0.855256 0.841178 0.834138 0.821334 0.793386 0.77998 0.769687 0.749392 0.73143 0.718952 0.701451 0.684581 0.669965 0.653185 0.632862 0.5 
1 1 1 1 1 1 1 1 1 1 1 1 1 0.999999 0.999997 0.999989 0.999968 0.999869 0.999711 0.998663 0.997302 0.987541 0.972919 0.917739 0.910145 0.906765 0.899947 0.878309 0.844941 0.836328 0.82859 0.809694 0.784173 0.773367 0.761227 0.738584 0.723243 0.710032 0.691347 0.67539 0.660159 0.638645 0.5 
1 1 1 1 1 1 1 1 1 1 1 1 1 1 0.999999 0.999995 0.999981 0.999953 0.999794 0.999581 0.997925 0.995907 0.980964 0.951015 0.91176 0.9078 0.903965 0.893974 0.861089 0.838741 0.831658 0.822 0.796297 0.776612 0.766636 0.751097 0.728619 0.71508 0.700363 0.681341 0.665881 0.645444 0.5 
1 1 1 1 1 1 1 1 1 1 1 1 1 1 0.999999 0.999997 0.999992 0.999969 0.999932 0.999679 0.999387 0.996788 0.993169 0.973049 0.927658 0.908899 0.905668 0.900156 0.884744 0.845536 0.833663 0.826675 0.813092 0.783699 0.769655 0.759352 0.739651 0.719511 0.706709 0.690028 0.671305 0.651617 0.5 
1 1 1 1 1 1 1 1 1 1 1 1 1 1 1 0.999999 0.999996 0.999989 0.999951 0.999902 0.999507 0.999061 0.994969 0.988876 0.958047 0.912101 0.906484 0.90332 0.894831 0.868593 0.83675 0.828975 0.820882 0.800601 0.773942 0.76292 0.750929 0.727897 0.710886 0.697817 0.679282 0.656672 0.5 
1 1 1 1 1 1 1 1 1 1 1 1 1 1 1 0.999999 0.999998 0.999993 0.999984 0.999925 0.999858 0.999239 0.998518 0.992059 0.983505 0.93276 0.907834 0.904294 0.900183 0.887802 0.850047 0.831121 0.82433 0.813762 0.786213 0.766162 0.756076 0.740681 0.716943 0.702421 0.688053 0.663311 0.5 
1 1 1 1 1 1 1 1 1 1 1 1 1 1 1 1 0.999999 0.999997 0.999989 0.999977 0.999885 0.99979 0.998814 0.997715 0.987556 0.972223 0.912366 0.905281 0.902124 0.895728 0.875428 0.83601 0.826238 0.819153 0.803846 0.773049 0.759092 0.748611 0.728727 0.707136 0.693566 0.672232 0.5 
1 1 1 1 1 1 1 1 1 1 1 1 1 1 1 1 1 0.999998 0.999996 0.999982 0.999967 0.999825 0.999684 0.998154 0.996301 0.980619 0.947872 0.906763 0.903085 0.899484 0.88955 0.85652 0.828814 0.82168 0.812905 0.790018 0.763216 0.752249 0.739906 0.716232 0.697716 0.679475 0.5 
1 1 1 1 1 1 1 1 1 1 1 1 1 1 1 1 1 0.999999 0.999997 0.999995 0.999973 0.999952 0.999733 0.999513 0.997089 0.993373 0.972234 0.922617 0.904096 0.901058 0.89572 0.88064 0.837858 0.823617 0.816918 0.804915 0.774661 0.755409 0.745221 0.729233 0.704522 0.683909 0.5 
1 1 1 1 1 1 1 1 1 1 1 1 1 1 1 1 1 1 0.999999 0.999996 0.999992 0.999959 0.999928 0.999591 0.999192 0.995306 0.988751 0.955312 0.906928 0.901806 0.898794 0.890266 0.863819 0.827021 0.818908 0.811342 0.793328 0.761521 0.748277 0.737422 0.71707 0.688336 0.5 
1 1 1 1 1 1 1 1 1 1 1 1 1 1 1 1 1 1 0.999999 0.999999 0.999994 0.999989 0.999939 0.999891 0.999356 0.998624 0.992369 0.982972 0.927816 0.903047 0.899722 0.895661 0.882856 0.843059 0.821076 0.814372 0.804346 0.777818 0.75206 0.741346 0.728065 0.698112 0.5 
1 1 1 1 1 1 1 1 1 1 1 1 1 1 1 1 1 1 1 0.999999 0.999998 0.999991 0.999983 0.999908 0.999828 0.998961 0.99777 0.987743 0.969864 0.907071 0.900632 0.897597 0.891034 0.870126 0.826626 0.816162 0.809301 0.794948 0.761843 0.74437 0.733742 0.710634 0.5 
1 1 1 1 1 1 1 1 1 1 1 1 1 1 1 1 1 1 1 1 0.999999 0.999997 0.999986 0.999975 0.999857 0.999723 0.998319 0.996162 0.980567 0.94315 0.902009 0.898517 0.894935 0.884413 0.849404 0.818785 0.811598 0.803052 0.781005 0.749522 0.736779 0.719941 0.5 
1 1 1 1 1 1 1 1 1 1 1 1 1 1 1 1 1 1 1 1 1 0.999998 0.999996 0.999979 0.999963 0.999776 0.999538 0.997244 0.992889 0.971931 0.91622 0.89947 0.896509 0.89098 0.874828 0.82869 0.813501 0.806856 0.794919 0.764043 0.740272 0.725154 0.5 
1 1 1 1 1 1 1 1 1 1 1 1 1 1 1 1 1 1 1 1 1 0.999999 0.999997 0.999994 0.999968 0.999941 0.999641 0.999169 0.99544 0.987781 0.952137 0.901768 0.89722 0.894187 0.885116 0.85639 0.816939 0.808738 0.801201 0.783348 0.748971 0.727493 0.5 
1 1 1 1 1 1 1 1 1 1 1 1 1 1 1 1 1 1 1 1 1 0.999999 0.999999 0.999995 0.999991 0.999951 0.999902 0.999406 0.998512 0.992393 0.981467 0.9227 0.898368 0.895177 0.89085 0.876985 0.833611 0.81088 0.804159 0.793954 0.768228 0.731012 0.5 
1 1 1 1 1 1 1 1 1 1 1 1 1 1 1 1 1 1 1 1 1 1 0.999999 0.999999 0.999993 0.999987 0.999922 0.999826 0.998998 0.997522 0.987541 0.966485 0.90198 0.896024 0.893008 0.885792 0.862582 0.816266 0.805907 0.799023 0.784126 0.744801 0.5 
1 1 1 1 1 1 1 1 1 1 1 1 1 1 1 1 1 1 1 1 1 1 1 0.999999 0.999998 0.999989 0.999979 0.999872 0.9997 0.998322 0.995642 0.980133 0.937733 0.89734 0.893912 0.890154 0.878455 0.839611 0.808448 0.80129 0.792261 0.763264 0.5 
1 1 1 1 1 1 1 1 1 1 1 1 1 1 1 1 1 1 1 1 1 1 1 1 0.999998 0.999997 0.999983 0.999964 0.999787 0.999471 0.997179 0.991992 0.970973 0.909626 0.89484 0.891835 0.885777 0.867376 0.817696 0.803134 0.796122 0.777021 0.5 
1 1 1 1 1 1 1 1 1 1 1 1 1 1 1 1 1 1 1 1 1 1 1 1 1 0.999997 0.999995 0.999972 0.999937 0.999641 0.999033 0.995298 0.986376 0.948063 0.896823 0.892539 0.889324 0.879207 0.846227 0.806423 0.797835 0.785564 0.5 
1 1 1 1 1 1 1 1 1 1 1 1 1 1 1 1 1 1 1 1 1 1 1 1 1 0.999999 0.999996 0.999992 0.999954 0.999886 0.999386 0.998268 0.992051 0.979482 0.917116 0.893655 0.890437 0.885574 0.869952 0.82196 0.799944 0.789715 0.5 
1 1 1 1 1 1 1 1 1 1 1 1 1 1 1 1 1 1 1 1 1 1 1 1 1 0.999999 0.999999 0.999994 0.999987 0.999923 0.999793 0.998942 0.997116 0.986876 0.962355 0.896907 0.891259 0.888107 0.87984 0.852797 0.805802 0.790747 0.5 
1 1 1 1 1 1 1 1 1 1 1 1 1 1 1 1 1 1 1 1 1 1 1 1 1 1 0.999999 0.999998 0.99999 0.999976 0.999867 0.999636 0.998203 0.994934 0.979175 0.931788 0.892565 0.889065 0.884885 0.871576 0.829791 0.791781 0.5 
1 1 1 1 1 1 1 1 1 1 1 1 1 1 1 1 1 1 1 1 1 1 1 1 1 1 1 0.999999 0.999997 0.999983 0.999956 0.999771 0.999355 0.996962 0.990886 0.969039 0.903037 0.889998 0.886825 0.879963 0.859336 0.802352 0.5 
1 1 1 1 1 1 1 1 1 1 1 1 1 1 1 1 1 1 1 1 1 1 1 1 1 1 1 1 0.999998 0.999995 0.999971 0.999921 0.999606 0.998841 0.994953 0.984729 0.943081 0.891856 0.887562 0.884042 0.872405 0.832329 0.5 
1 1 1 1 1 1 1 1 1 1 1 1 1 1 1 1 1 1 1 1 1 1 1 1 1 1 1 1 0.999999 0.999996 0.999991 0.999951 0.999857 0.99932 0.997962 0.991428 0.977181 0.91092 0.888698 0.88531 0.879648 0.853569 0.5 
1 1 1 1 1 1 1 1 1 1 1 1 1 1 1 1 1 1 1 1 1 1 1 1 1 1 1 1 1 0.999999 0.999994 0.999983 0.999914 0.999743 0.998827 0.996637 0.985838 0.957537 0.89166 0.886143 0.882473 0.867488 0.5 
1 1 1 1 1 1 1 1 1 1 1 1 1 1 1 1 1 1 1 1 1 1 1 1 1 1 1 1 1 0.999999 0.999998 0.999989 0.999969 0.99985 0.999553 0.998008 0.994129 0.977778 0.925262 0.887514 0.883519 0.875224 0.5 
1 1 1 1 1 1 1 1 1 1 1 1 1 1 1 1 1 1 1 1 1 1 1 1 1 1 1 1 1 1 0.999999 0.999996 0.999981 0.999944 0.999739 0.999219 0.996649 0.989648 0.966159 0.896511 0.88437 0.878869 0.5 
1 1 1 1 1 1 1 1 1 1 1 1 1 1 1 1 1 1 1 1 1 1 1 1 1 1 1 1 1 1 1 0.999998 0.999993 0.999967 0.9999 0.99955 0.998624 0.994459 0.982912 0.937619 0.886975 0.879405 0.5 
1 1 1 1 1 1 1 1 1 1 1 1 1 1 1 1 1 1 1 1 1 1 1 1 1 1 1 1 1 1 1 0.999999 0.999996 0.999988 0.999942 0.999821 0.999227 0.997624 0.990597 0.974597 0.906111 0.879572 0.5 
1 1 1 1 1 1 1 1 1 1 1 1 1 1 1 1 1 1 1 1 1 1 1 1 1 1 1 1 1 1 1 0.999999 0.999999 0.999993 0.999977 0.999899 0.999685 0.998676 0.996116 0.984564 0.955067 0.882378 0.5 
1 1 1 1 1 1 1 1 1 1 1 1 1 1 1 1 1 1 1 1 1 1 1 1 1 1 1 1 1 1 1 1 0.999999 0.999997 0.999987 0.99996 0.999825 0.999461 0.997765 0.993418 0.975776 0.923596 0.5 
1 1 1 1 1 1 1 1 1 1 1 1 1 1 1 1 1 1 1 1 1 1 1 1 1 1 1 1 1 1 1 1 1 0.999998 0.999995 0.999978 0.999929 0.999697 0.999081 0.996273 0.988721 0.9537 0.5 
1 1 1 1 1 1 1 1 1 1 1 1 1 1 1 1 1 1 1 1 1 1 1 1 1 1 1 1 1 1 1 1 1 0.999999 0.999997 0.999991 0.999961 0.999876 0.999482 0.998424 0.993592 0.974721 0.5 
1 1 1 1 1 1 1 1 1 1 1 1 1 1 1 1 1 1 1 1 1 1 1 1 1 1 1 1 1 1 1 1 1 1 0.999999 0.999995 0.999984 0.999931 0.999785 0.999114 0.997039 0.985611 0.5 
1 1 1 1 1 1 1 1 1 1 1 1 1 1 1 1 1 1 1 1 1 1 1 1 1 1 1 1 1 1 1 1 1 1 0.999999 0.999998 0.999991 0.999971 0.999881 0.999616 0.998382 0.992349 0.5 
1 1 1 1 1 1 1 1 1 1 1 1 1 1 1 1 1 1 1 1 1 1 1 1 1 1 1 1 1 1 1 1 1 1 1 0.999999 0.999996 0.999985 0.999949 0.999791 0.999234 0.995851 0.5 
1 1 1 1 1 1 1 1 1 1 1 1 1 1 1 1 1 1 1 1 1 1 1 1 1 1 1 1 1 1 1 1 1 1 1 1 0.999998 0.999993 0.999973 0.999907 0.999597 0.997836 0.5 
1 1 1 1 1 1 1 1 1 1 1 1 1 1 1 1 1 1 1 1 1 1 1 1 1 1 1 1 1 1 1 1 1 1 1 1 0.999999 0.999997 0.999988 0.999951 0.999806 0.998863 0.5 
1 1 1 1 1 1 1 1 1 1 1 1 1 1 1 1 1 1 1 1 1 1 1 1 1 1 1 1 1 1 1 1 1 1 1 1 1 0.999998 0.999994 0.999978 0.999901 0.999417 0.5 
1 1 1 1 1 1 1 1 1 1 1 1 1 1 1 1 1 1 1 1 1 1 1 1 1 1 1 1 1 1 1 1 1 1 1 1 1 0.999999 0.999997 0.999988 0.999952 0.9997 0.5 
1 1 1 1 1 1 1 1 1 1 1 1 1 1 1 1 1 1 1 1 1 1 1 1 1 1 1 1 1 1 1 1 1 1 1 1 1 1 0.999999 0.999995 0.999976 0.999848 0.5 
1 1 1 1 1 1 1 1 1 1 1 1 1 1 1 1 1 1 1 1 1 1 1 1 1 1 1 1 1 1 1 1 1 1 1 1 1 1 0.999999 0.999997 0.999988 0.999923 0.5 
1 1 1 1 1 1 1 1 1 1 1 1 1 1 1 1 1 1 1 1 1 1 1 1 1 1 1 1 1 1 1 1 1 1 1 1 1 1 1 0.999999 0.999994 0.999961 0.5 
1 1 1 1 1 1 1 1 1 1 1 1 1 1 1 1 1 1 1 1 1 1 1 1 1 1 1 1 1 1 1 1 1 1 1 1 1 1 1 0.999999 0.999997 0.999981 0.5 
1 1 1 1 1 1 1 1 1 1 1 1 1 1 1 1 1 1 1 1 1 1 1 1 1 1 1 1 1 1 1 1 1 1 1 1 1 1 1 1 0.999999 0.99999 0.5 
1 1 1 1 1 1 1 1 1 1 1 1 1 1 1 1 1 1 1 1 1 1 1 1 1 1 1 1 1 1 1 1 1 1 1 1 1 1 1 1 0.999999 0.999995 0.5 
1 1 1 1 1 1 1 1 1 1 1 1 1 1 1 1 1 1 1 1 1 1 1 1 1 1 1 1 1 1 1 1 1 1 1 1 1 1 1 1 1 0.999998 0.5 
1 1 1 1 1 1 1 1 1 1 1 1 1 1 1 1 1 1 1 1 1 1 1 1 1 1 1 1 1 1 1 1 1 1 1 1 1 1 1 1 1 0.999999 0.5 
1 1 1 1 1 1 1 1 1 1 1 1 1 1 1 1 1 1 1 1 1 1 1 1 1 1 1 1 1 1 1 1 1 1 1 1 1 1 1 1 1 0.999999 0.5 
1 1 1 1 1 1 1 1 1 1 1 1 1 1 1 1 1 1 1 1 1 1 1 1 1 1 1 1 1 1 1 1 1 1 1 1 1 1 1 1 1 1 0.5 
1 1 1 1 1 1 1 1 1 1 1 1 1 1 1 1 1 1 1 1 1 1 1 1 1 1 1 1 1 1 1 1 1 1 1 1 1 1 1 1 1 1 0.5 
1 1 1 1 1 1 1 1 1 1 1 1 1 1 1 1 1 1 1 1 1 1 1 1 1 1 1 1 1 1 1 1 1 1 1 1 1 1 1 1 1 1 0.5 
1 1 1 1 1 1 1 1 1 1 1 1 1 1 1 1 1 1 1 1 1 1 1 1 1 1 1 1 1 1 1 1 1 1 1 1 1 1 1 1 1 1 0.5 
