0 0 0 0 0 0 0 0 0 0 0 0 0 0 0 0 0 0 0 0 0 0.5 1 1 1 1 1 1 1 1 1 1 1 1 1 1 1 1 1 1 1 1 1 
0 0 0 0 0 0 0 0 0 0 0 0 0 0 0 0 0 0 0 -0.05 0.122222 0.5 0.877778 1.05 1 1 1 1 1 1 1 1 1 1 1 1 1 1 1 1 1 1 1 
0 0 0 0 0 0 0 0 0 0 0 0 0 0 0 0 0 0.005 -0.0316018 -0.0116806 0.13481 0.5 0.86519 1.01168 1.0316 0.995 1 1 1 1 1 1 1 1 1 1 1 1 1 1 1 1 1 
0 0 0 0 0 0 0 0 0 0 0 0 0 0 0 -0.0005 0.0050991 -0.00993891 -0.0222952 -0.0149524 0.160734 0.5 0.839266 1.01495 1.0223 1.00994 0.994901 1.0005 1 1 1 1 1 1 1 1 1 1 1 1 1 1 1 
0 0 0 0 0 0 0 0 0 0 0 0 0 5e-05 -0.000704514 0.00286593 -0.000769281 -0.00653846 -0.0323424 0.000544249 0.167075 0.5 0.832925 0.999456 1.03234 1.00654 1.00077 0.997134 1.0007 0.99995 1 1 1 1 1 1 1 1 1 1 1 1 1 
0 0 0 0 0 0 0 0 0 0 0 -5e-06 8.98927e-05 -0.000549604 0.00106274 0.000608533 0.00209531 -0.0145031 -0.0271264 0.00123976 0.177838 0.5 0.822162 0.99876 1.02713 1.0145 0.997905 0.999391 0.998937 1.00055 0.99991 1 1 1 1 1 1 1 1 1 1 1 1 
0 0 0 0 0 0 0 0 0 5e-07 -1.09338e-05 8.88108e-05 -0.000302839 0.000279329 -3.58295e-05 0.00299028 -0.00215884 -0.0126882 -0.0311616 0.00897156 0.181519 0.5 0.818481 0.991028 1.03116 1.01269 1.00216 0.99701 1.00004 0.999721 1.0003 0.999911 1.00001 1 1 1 1 1 1 1 1 1 1 
0 0 0 0 0 0 0 -5e-08 1.28782e-06 -1.30227e-05 6.26717e-05 -0.000131958 9.32885e-05 -0.000417004 0.00153271 0.00106111 -0.000669473 -0.0169965 -0.0282747 0.0100766 0.187011 0.5 0.812989 0.989923 1.02827 1.017 1.00067 0.998939 0.998467 1.00042 0.999907 1.00013 0.999937 1.00001 0.999999 1 1 1 1 1 1 1 1 
0 0 0 0 0 5e-09 -1.48226e-07 1.79204e-06 -1.10738e-05 3.53818e-05 -5.38251e-05 8.29071e-05 -0.000368008 0.00045293 0.000592052 0.00251153 -0.00339198 -0.01607 -0.0301171 0.014336 0.18928 0.5 0.81072 0.985664 1.03012 1.01607 1.00339 0.997488 0.999408 0.999547 1.00037 0.999917 1.00005 0.999965 1.00001 0.999998 1 1 1 1 1 1 1 
0 0 0 -5e-10 1.67671e-08 -2.35742e-07 1.7742e-06 -7.52826e-06 1.76607e-05 -2.74079e-05 7.65391e-05 -0.000200304 8.204e-05 -0.000120964 0.00170425 0.00114425 -0.00263494 -0.0185206 -0.0284887 0.0152593 0.192366 0.5 0.807634 0.984741 1.02849 1.01852 1.00263 0.998856 0.998296 1.00012 0.999918 1.0002 0.999923 1.00003 0.999982 1.00001 0.999998 1 1 1 1 1 1 
0 0 -1.87671e-09 2.99837e-08 -2.6566e-07 1.3997e-06 -4.42861e-06 8.905e-06 -1.85133e-05 5.34952e-05 -8.45502e-05 4.17669e-05 -0.000309623 0.000573523 0.00101813 0.00199887 -0.00435436 -0.0180671 -0.0294147 0.0177311 0.193801 0.5 0.806199 0.982269 1.02941 1.01807 1.00435 0.998001 0.998982 0.999426 1.00031 0.999958 1.00008 0.999947 1.00002 0.999991 1 0.999999 1 1 1 1 1 
0 -7.97098e-18 3.82259e-08 -2.37615e-07 9.44622e-07 -2.44693e-06 5.0961e-06 -1.3009e-05 3.01105e-05 -3.54942e-05 5.78866e-05 -0.000215911 7.83757e-05 0.000155806 0.00175762 0.00108036 -0.00398065 -0.0195275 -0.0284885 0.018399 0.195623 0.5 0.804377 0.981601 1.02849 1.01953 1.00398 0.99892 0.998242 0.999844 0.999922 1.00022 0.999942 1.00004 0.99997 1.00001 0.999995 1 0.999999 1 1 1 1 
7.97098e-18 -7.80467e-16 -1.82713e-07 5.79536e-07 -1.38133e-06 3.25741e-06 -8.2919e-06 1.52089e-05 -2.01024e-05 5.28922e-05 -9.91863e-05 -5.00497e-07 -0.000215693 0.000660648 0.00128806 0.00158042 -0.00507605 -0.0193239 -0.0289984 0.0198704 0.196538 0.5 0.803462 0.98013 1.029 1.01932 1.00508 0.99842 0.998712 0.999339 1.00022 1 1.0001 0.999947 1.00002 0.999985 1.00001 0.999997 1 0.999999 1 1 1 
7.80467e-16 -7.28461e-15 3.37465e-07 -8.31135e-07 2.10871e-06 -4.78823e-06 7.89066e-06 -1.43135e-05 3.45138e-05 -3.81822e-05 2.85378e-05 -0.000205246 8.39932e-05 0.000374024 0.0017697 0.000974353 -0.00490163 -0.0202299 -0.0284763 0.0203187 0.19764 0.5 0.80236 0.979681 1.02848 1.02023 1.0049 0.999026 0.99823 0.999626 0.999916 1.00021 0.999971 1.00004 0.999965 1.00001 0.999992 1 0.999998 1 1 1 1 
7.28461e-15 -2.21701e-14 -4.83332e-07 1.29333e-06 -2.64432e-06 4.60346e-06 -9.92072e-06 1.84886e-05 -1.80416e-05 4.22187e-05 -0.000103699 -3.34122e-05 -0.000123868 0.000726916 0.00145816 0.00126745 -0.00560869 -0.0201567 -0.0287856 0.0212001 0.198218 0.5 0.801782 0.9788 1.02879 1.02016 1.00561 0.998733 0.998542 0.999273 1.00012 1.00003 1.0001 0.999958 1.00002 0.999982 1.00001 0.999995 1 0.999999 1 1 1 
2.21701e-14 -4.96857e-14 6.95838e-07 -1.45787e-06 2.91073e-06 -6.15622e-06 9.36917e-06 -1.26416e-05 3.3087e-05 -3.80267e-05 -2.55205e-07 -0.000185432 9.56608e-05 0.000536697 0.00177071 0.000870016 -0.00553623 -0.0207385 -0.0285008 0.0214817 0.198889 0.5 0.801111 0.978518 1.0285 1.02074 1.00554 0.99913 0.998229 0.999463 0.999904 1.00019 1 1.00004 0.999967 1.00001 0.999991 1.00001 0.999997 1 0.999999 1 1 
4.96857e-14 -8.56296e-14 -7.50517e-07 1.793e-06 -3.49744e-06 5.16227e-06 -9.56374e-06 1.91317e-05 -1.45756e-05 2.82367e-05 -0.00010339 -5.61872e-05 -4.63344e-05 0.000779292 0.00156781 0.00104297 -0.00599838 -0.0207312 -0.0287078 0.0220037 0.199247 0.5 0.800753 0.977996 1.02871 1.02073 1.006 0.998957 0.998432 0.999221 1.00005 1.00006 1.0001 0.999972 1.00001 0.999981 1.00001 0.999995 1 0.999998 1 1 1 
8.56296e-14 -1.25419e-13 9.33517e-07 -1.87632e-06 3.1825e-06 -6.43421e-06 9.68332e-06 -9.58117e-06 2.87126e-05 -3.68898e-05 -2.443e-05 -0.000164835 0.000110061 0.000655843 0.00177159 0.0007831 -0.00597624 -0.0211161 -0.0285636 0.0221658 0.19965 0.5 0.80035 0.977834 1.02856 1.02112 1.00598 0.999217 0.998228 0.999344 0.99989 1.00016 1.00002 1.00004 0.999971 1.00001 0.99999 1.00001 0.999997 1 0.999999 1 1 
1.25419e-13 -1.63321e-13 -9.02822e-07 1.95967e-06 -3.81086e-06 5.0784e-06 -8.02485e-06 1.81717e-05 -1.10548e-05 1.45587e-05 -0.00010139 -7.09271e-05 1.51163e-05 0.00082166 0.00164133 0.000886444 -0.0062814 -0.0211398 -0.0287148 0.0224649 0.199862 0.5 0.800138 0.977535 1.02871 1.02114 1.00628 0.999114 0.998359 0.999178 0.999985 1.00007 1.0001 0.999985 1.00001 0.999982 1.00001 0.999995 1 0.999998 1 1 1 
1.63321e-13 -1.91494e-13 1.00445e-06 -2.03364e-06 3.02229e-06 -5.93222e-06 9.26509e-06 -6.22726e-06 2.33955e-05 -3.57425e-05 -4.33309e-05 -0.000146821 0.000124859 0.000742976 0.00177551 0.000717081 -0.00628231 -0.0214007 -0.0286536 0.0225446 0.200097 0.5 0.799903 0.977455 1.02865 1.0214 1.00628 0.999283 0.998224 0.999257 0.999875 1.00015 1.00004 1.00004 0.999977 1.00001 0.999991 1.00001 0.999997 1 0.999999 1 1 
1.91494e-13 -2.10973e-13 -9.37114e-07 1.84986e-06 -3.69642e-06 4.61151e-06 -6.00519e-06 1.64868e-05 -8.08216e-06 2.67841e-06 -9.92266e-05 -8.00529e-05 6.23019e-05 0.000856336 0.00169311 0.000780132 -0.00648524 -0.0214367 -0.0287717 0.0227047 0.200214 0.5 0.799786 0.977295 1.02877 1.02144 1.00649 0.99922 0.998307 0.999144 0.999938 1.00008 1.0001 0.999997 1.00001 0.999984 1.00001 0.999995 1 0.999998 1 1 1 
2.10973e-13 -2.15395e-13 9.42989e-07 -1.98505e-06 2.60662e-06 -5.01559e-06 8.5047e-06 -3.15523e-06 1.82337e-05 -3.49621e-05 -5.7598e-05 -0.000132328 0.000138679 0.000807059 0.00178268 0.000670413 -0.00649508 -0.0216172 -0.0287586 0.0227298 0.200343 0.5 0.799657 0.97727 1.02876 1.02162 1.0065 0.99933 0.998217 0.999193 0.999861 1.00013 1.00006 1.00003 0.999982 1 0.999991 1.00001 0.999997 1 0.999999 1 1 
2.15395e-13 -2.12605e-13 -8.87039e-07 1.57472e-06 -3.32722e-06 3.98683e-06 -3.95472e-06 1.46378e-05 -5.8202e-06 -7.03299e-06 -9.75117e-05 -8.55358e-05 9.79094e-05 0.000884842 0.00173151 0.000710151 -0.00663046 -0.0216555 -0.0288549 0.0228035 0.200398 0.5 0.799602 0.977196 1.02885 1.02166 1.00663 0.99929 0.998268 0.999115 0.999902 1.00009 1.0001 1.00001 1.00001 0.999985 1 0.999996 1 0.999998 1 1 1 
2.12605e-13 -1.97446e-13 8.04913e-07 -1.81356e-06 2.09075e-06 -3.96264e-06 7.6642e-06 -5.90923e-07 1.37146e-05 -3.46153e-05 -6.81983e-05 -0.000121239 0.000150836 0.000854594 0.00179231 0.000639824 -0.0066422 -0.0217825 -0.0288684 0.022794 0.200459 0.5 0.799541 0.977206 1.02887 1.02178 1.00664 0.99936 0.998208 0.999145 0.999849 1.00012 1.00007 1.00003 0.999986 1 0.999992 1 0.999998 1 0.999999 1 1 
1.97446e-13 -1.80471e-13 -7.91404e-07 1.23362e-06 -2.85014e-06 3.35358e-06 -2.10711e-06 1.29217e-05 -4.22079e-06 -1.47087e-05 -9.64005e-05 -8.87838e-05 0.000124495 0.00090827 0.00176137 0.000666051 -0.00673242 -0.0218183 -0.0289488 0.0228152 0.200475 0.5 0.799525 0.977185 1.02895 1.02182 1.00673 0.999334 0.998239 0.999092 0.999876 1.00009 1.0001 1.00001 1 0.999987 1 0.999997 1 0.999999 1 1 1 
1.80471e-13 -1.56343e-13 6.37767e-07 -1.58974e-06 1.57847e-06 -2.94354e-06 6.88818e-06 1.43277e-06 9.98062e-06 -3.46364e-05 -7.6044e-05 -0.000113061 0.000161091 0.000890173 0.00180344 0.000621768 -0.00674285 -0.0219085 -0.0289759 0.0227852 0.200495 0.5 0.799505 0.977215 1.02898 1.02191 1.00674 0.999378 0.998197 0.99911 0.999839 1.00011 1.00008 1.00003 0.99999 0.999999 0.999993 1 0.999998 1 0.999999 1 1 
1.56343e-13 -1.3507e-13 -6.80362e-07 8.93495e-07 -2.36265e-06 2.79193e-06 -5.52496e-07 1.14642e-05 -3.15845e-06 -2.06612e-05 -9.58483e-05 -9.07318e-05 0.000144191 0.000927469 0.00178548 0.00064011 -0.00680261 -0.0219397 -0.0290436 0.0227755 0.200487 0.5 0.799513 0.977224 1.02904 1.02194 1.0068 0.99936 0.998215 0.999073 0.999856 1.00009 1.0001 1.00002 1 0.999989 1 0.999997 1 0.999999 1 1 1 
1.3507e-13 -1.10774e-13 4.7271e-07 -1.36063e-06 1.12552e-06 -2.04294e-06 6.23956e-06 2.97252e-06 7.00391e-06 -3.49209e-05 -8.18749e-05 -0.000107219 0.000169465 0.00091702 0.00181518 0.000613024 -0.00681053 -0.0220043 -0.0290762 0.0227348 0.200482 0.5 0.799518 0.977265 1.02908 1.022 1.00681 0.999387 0.998185 0.999083 0.999831 1.00011 1.00008 1.00003 0.999993 0.999997 0.999994 1 0.999999 1 1 1 1 
1.10774e-13 -9.16245e-14 -5.72766e-07 5.90581e-07 -1.91812e-06 2.33359e-06 7.0044e-07 1.02933e-05 -2.49659e-06 -2.52302e-05 -9.57409e-05 -9.19681e-05 0.00015868 0.000943127 0.00180545 0.000626685 -0.00684961 -0.0220302 -0.0291333 0.0227082 0.200461 0.5 0.799539 0.977292 1.02913 1.02203 1.00685 0.999373 0.998195 0.999057 0.999841 1.00009 1.0001 1.00003 1 0.99999 0.999999 0.999998 1 0.999999 1 1 1 
9.16245e-14 -7.16633e-14 3.2622e-07 -1.15212e-06 7.53508e-07 -1.29001e-06 5.73272e-06 4.11592e-06 4.68657e-06 -3.53686e-05 -8.62505e-05 -0.000103183 0.000176116 0.000937411 0.00182688 0.000610899 -0.00685483 -0.0220767 -0.0291668 0.0226633 0.200442 0.5 0.799558 0.977337 1.02917 1.02208 1.00685 0.999389 0.998173 0.999063 0.999824 1.0001 1.00009 1.00004 0.999995 0.999996 0.999994 1 0.999999 1 1 1 1 
7.16633e-14 -5.71462e-14 -4.78203e-07 3.39183e-07 -1.53911e-06 1.98149e-06 1.68234e-06 9.38919e-06 -2.11546e-06 -2.872e-05 -9.59543e-05 -9.28445e-05 0.000169255 0.000955819 0.00182228 0.000621682 -0.00687984 -0.0220974 -0.0292147 0.0226288 0.200414 0.5 0.799586 0.977371 1.02921 1.0221 1.00688 0.999378 0.998178 0.999044 0.999831 1.00009 1.0001 1.00003 1 0.999991 0.999998 0.999998 1 1 1 1 1 
5.71462e-14 -4.26175e-14 2.04571e-07 -9.75179e-07 4.63568e-07 -6.82784e-07 5.35712e-06 4.95196e-06 2.91236e-06 -3.58987e-05 -8.95773e-05 -0.000100507 0.000181264 0.000952967 0.00183805 0.000613251 -0.00688263 -0.0221308 -0.0292464 0.0225839 0.200388 0.5 0.799612 0.977416 1.02925 1.02213 1.00688 0.999387 0.998162 0.999047 0.999819 1.0001 1.00009 1.00004 0.999997 0.999995 0.999995 1 1 1 1 1 1 
4.26175e-14 -3.27698e-14 -4.0006e-07 1.40448e-07 -1.22969e-06 1.72409e-06 2.43816e-06 8.71243e-06 -1.92053e-06 -3.13813e-05 -9.63795e-05 -9.35594e-05 0.0001769 0.000966034 0.00183655 0.000622159 -0.00689808 -0.022147 -0.0292863 0.0225469 0.200357 0.5 0.799643 0.977453 1.02929 1.02215 1.0069 0.999378 0.998163 0.999034 0.999823 1.00009 1.0001 1.00003 1 0.999991 0.999998 0.999998 1 1 1 1 1 
3.27698e-14 -2.30073e-14 1.08026e-07 -8.31789e-07 2.46578e-07 -2.04628e-07 5.09191e-06 5.55832e-06 1.57093e-06 -3.64521e-05 -9.21445e-05 -9.88343e-05 0.000185147 0.000964861 0.00184838 0.000618436 -0.00689892 -0.0221708 -0.0293148 0.0225045 0.200329 0.5 0.799671 0.977495 1.02931 1.02217 1.0069 0.999382 0.998152 0.999035 0.999815 1.0001 1.00009 1.00004 0.999998 0.999994 0.999995 1 1 1 1 1 1 
2.30073e-14 -1.68409e-14 -3.38169e-07 -1.11406e-08 -9.84384e-07 1.54439e-06 3.01382e-06 8.21959e-06 -1.84196e-06 -3.34113e-05 -9.69293e-05 -9.42158e-05 0.000182356 0.000974189 0.00184868 0.000626021 -0.0069079 -0.022183 -0.0293477 0.0224684 0.200299 0.5 0.799701 0.977532 1.02935 1.02218 1.00691 0.999374 0.998151 0.999026 0.999818 1.00009 1.0001 1.00003 1 0.999992 0.999997 0.999998 1 1 1 1 1 
1.68409e-14 -1.06284e-14 3.38632e-08 -7.19252e-07 8.95778e-08 1.66067e-07 4.91407e-06 5.99757e-06 5.67214e-07 -3.69893e-05 -9.41555e-05 -9.78855e-05 0.000187993 0.000973953 0.00185769 0.000625232 -0.00690727 -0.0221999 -0.0293725 0.02243 0.200271 0.5 0.799729 0.97757 1.02937 1.0222 1.00691 0.999375 0.998142 0.999026 0.999812 1.0001 1.00009 1.00004 0.999999 0.999994 0.999995 1 1 1 1 1 1 
1.06284e-14 -6.99822e-15 -2.90638e-07 -1.23628e-07 -7.93796e-07 1.42491e-06 3.45017e-06 7.87043e-06 -1.83067e-06 -3.49618e-05 -9.75383e-05 -9.48598e-05 0.000186183 0.000980641 0.00185897 0.000631798 -0.00691194 -0.0222089 -0.0293994 0.0223968 0.200243 0.5 0.799757 0.977603 1.0294 1.02221 1.00691 0.999368 0.998141 0.999019 0.999814 1.00009 1.0001 1.00003 1 0.999992 0.999997 0.999999 1 1 1 1 1 
6.99822e-15 -3.18583e-15 -2.17407e-08 -6.32951e-07 -2.06256e-08 4.50697e-07 4.80235e-06 6.31762e-06 -1.76586e-07 -3.74861e-05 -9.57529e-05 -9.74479e-05 0.000190007 0.000980885 0.00186592 0.000632757 -0.00691029 -0.0222206 -0.0294203 0.022363 0.200217 0.5 0.799783 0.977637 1.02942 1.02222 1.00691 0.999367 0.998134 0.999019 0.99981 1.0001 1.0001 1.00004 1 0.999994 0.999995 1 1 1 1 1 1 
3.18583e-15 -1.15396e-15 -2.54983e-07 -2.05288e-07 -6.47767e-07 1.35008e-06 3.78089e-06 7.63067e-06 -1.85376e-06 -3.61475e-05 -9.81599e-05 -9.55054e-05 0.000188804 0.000985693 0.00186765 0.000638478 -0.00691213 -0.022227 -0.029442 0.0223335 0.200192 0.5 0.799808 0.977667 1.02944 1.02223 1.00691 0.999362 0.998132 0.999014 0.999811 1.0001 1.0001 1.00004 1 0.999992 0.999996 0.999999 1 1 1 1 1 
1.15396e-15 1.13441e-15 -6.26688e-08 -5.67899e-07 -9.57408e-08 6.68116e-07 4.73886e-06 6.55379e-06 -7.2219e-07 -3.79294e-05 -9.70368e-05 -9.73611e-05 0.000191368 0.000986145 0.00187306 0.000640402 -0.00690984 -0.022235 -0.0294593 0.0223044 0.200169 0.5 0.799831 0.977696 1.02946 1.02224 1.00691 0.99936 0.998127 0.999014 0.999809 1.0001 1.0001 1.00004 1 0.999993 0.999995 0.999999 1 1 1 1 1 
-1.13441e-15 2.22289e-15 -2.28726e-07 -2.63512e-07 -5.36932e-07 1.30714e-06 4.0325e-06 7.47251e-06 -1.89021e-06 -3.70551e-05 -9.87625e-05 -9.61501e-05 0.000190539 0.000989602 0.00187492 0.000645382 -0.00690988 -0.0222394 -0.0294767 0.022279 0.200146 0.5 0.799854 0.977721 1.02948 1.02224 1.00691 0.999355 0.998125 0.99901 0.999809 1.0001 1.0001 1.00004 1 0.999993 0.999996 0.999999 1 1 1 1 1 
-2.22289e-15 3.58255e-15 -9.23743e-08 -5.19502e-07 -1.45382e-07 8.33897e-07 4.70936e-06 6.73147e-06 -1.11768e-06 -3.8314e-05 -9.80781e-05 -9.75057e-05 0.000192229 0.000990106 0.00187915 0.000647758 -0.00690725 -0.0222447 -0.0294907 0.0222545 0.200126 0.5 0.799874 0.977745 1.02949 1.02224 1.00691 0.999352 0.998121 0.99901 0.999808 1.0001 1.0001 1.00004 1 0.999993 0.999995 0.999999 1 1 1 1 1 
-3.58255e-15 4.14246e-15 -2.09685e-07 -3.0441e-07 -4.53332e-07 1.28612e-06 4.22524e-06 7.37412e-06 -1.9274e-06 -3.77495e-05 -9.93258e-05 -9.6784e-05 0.000191627 0.000992585 0.00188096 0.000652073 -0.0069062 -0.0222475 -0.0295043 0.022233 0.200107 0.5 0.799893 0.977767 1.0295 1.02225 1.00691 0.999348 0.998119 0.999007 0.999808 1.0001 1.0001 1.00004 1 0.999993 0.999996 0.999999 1 1 1 1 1 
-4.14246e-15 4.95057e-15 -1.13708e-07 -4.83869e-07 -1.77049e-07 9.60394e-07 4.70294e-06 6.86845e-06 -1.4001e-06 -3.86399e-05 -9.89281e-05 -9.77943e-05 0.000192713 0.000993058 0.00188428 0.000654574 -0.00690344 -0.0222508 -0.0295155 0.0222128 0.20009 0.5 0.79991 0.977787 1.02952 1.02225 1.0069 0.999345 0.998116 0.999007 0.999807 1.0001 1.0001 1.00004 1 0.999993 0.999995 0.999999 1 1 1 1 1 
-4.95057e-15 5.22735e-15 -1.96057e-07 -3.32782e-07 -3.90527e-07 1.27957e-06 4.37422e-06 7.31872e-06 -1.95848e-06 -3.82801e-05 -9.9838e-05 -9.73955e-05 0.000192252 0.000994827 0.00188592 0.000658284 -0.0069018 -0.0222524 -0.0295261 0.0221951 0.200075 0.5 0.799925 0.977805 1.02953 1.02225 1.0069 0.999342 0.998114 0.999005 0.999808 1.0001 1.0001 1.00004 1 0.999993 0.999996 0.999999 1 1 1 1 1 
-5.22735e-15 5.71238e-15 -1.28915e-07 -4.5786e-07 -1.96376e-07 1.05715e-06 4.7115e-06 6.97698e-06 -1.59778e-06 -3.89103e-05 -9.96244e-05 -9.81635e-05 0.000192922 0.000995228 0.00188853 0.000660712 -0.00689908 -0.0222543 -0.0295348 0.0221786 0.20006 0.5 0.79994 0.977821 1.02953 1.02225 1.0069 0.999339 0.998111 0.999005 0.999807 1.0001 1.0001 1.00004 1 0.999993 0.999995 0.999999 1 1 1 1 1 
-5.71238e-15 5.84386e-15 -1.86425e-07 -3.52267e-07 -3.43466e-07 1.2821e-06 4.49059e-06 7.29361e-06 -1.98031e-06 -3.86841e-05 -0.000100294 -9.7974e-05 0.000192549 0.000996478 0.00188997 0.000663872 -0.00689716 -0.0222551 -0.0295429 0.0221642 0.200047 0.5 0.799953 0.977836 1.02954 1.02226 1.0069 0.999336 0.99811 0.999004 0.999807 1.0001 1.0001 1.00004 1 0.999993 0.999996 0.999999 1 1 1 1 1 
-5.84386e-15 6.14036e-15 -1.39702e-07 -4.39028e-07 -2.07467e-07 1.13143e-06 4.72916e-06 7.06536e-06 -1.73232e-06 -3.91301e-05 -0.000100195 -9.85685e-05 0.000192936 0.000996794 0.00189201 0.000666111 -0.00689458 -0.022256 -0.0295496 0.0221511 0.200036 0.5 0.799964 0.977849 1.02955 1.02226 1.00689 0.999334 0.998108 0.999003 0.999807 1.0001 1.0001 1.00004 1 0.999993 0.999995 0.999999 1 1 1 1 1 
-6.14036e-15 6.2007e-15 -1.797e-07 -3.65549e-07 -3.08265e-07 1.28989e-06 4.58248e-06 7.28929e-06 -1.99214e-06 -3.89898e-05 -0.000100691 -9.8511e-05 0.00019262 0.000997665 0.00189323 0.000668777 -0.00689259 -0.0222562 -0.0295557 0.0221396 0.200025 0.5 0.799975 0.97786 1.02956 1.02226 1.00689 0.999331 0.998107 0.999002 0.999807 1.0001 1.0001 1.00004 1 0.999993 0.999995 0.999999 1 1 1 1 1 
-6.2007e-15 6.38673e-15 -1.4734e-07 -4.25499e-07 -2.1324e-07 1.18868e-06 4.75178e-06 7.13914e-06 -1.82016e-06 -3.93052e-05 -0.000100662 -9.89787e-05 0.000192818 0.000997896 0.00189482 0.000670769 -0.00689023 -0.0222564 -0.0295607 0.0221292 0.200016 0.5 0.799984 0.977871 1.02956 1.02226 1.00689 0.999329 0.998105 0.999002 0.999807 1.0001 1.0001 1.00004 1 0.999993 0.999995 0.999999 1 1 1 1 1 
-6.38673e-15 6.41426e-15 -1.75069e-07 -3.74568e-07 -2.81976e-07 1.30035e-06 4.65579e-06 7.29877e-06 -1.99459e-06 -3.92194e-05 -0.000101033 -9.90008e-05 0.000192542 0.000998491 0.00189582 0.000672993 -0.00688831 -0.0222562 -0.0295652 0.0221202 0.200008 0.5 0.799992 0.97788 1.02957 1.02226 1.00689 0.999327 0.998104 0.999002 0.999807 1.0001 1.0001 1.00004 1 0.999993 0.999995 0.999999 1 1 1 1 1 
-6.41426e-15 6.53485e-15 -1.52753e-07 -4.15868e-07 -2.15714e-07 1.23298e-06 4.77649e-06 7.20197e-06 -1.87377e-06 -3.94418e-05 -0.000101043 -9.93735e-05 0.000192615 0.000998647 0.00189705 0.000674719 -0.00688619 -0.022256 -0.0295689 0.0221122 0.2 0.5 0.8 0.977888 1.02957 1.02226 1.00689 0.999325 0.998103 0.999001 0.999807 1.0001 1.0001 1.00004 1 0.999993 0.999995 0.999999 1 1 1 1 1 
-6.53485e-15 6.54859e-15 -1.71932e-07 -3.80693e-07 -2.62383e-07 1.31178e-06 4.71484e-06 7.31691e-06 -1.98897e-06 -3.93897e-05 -0.000101322 -9.94404e-05 0.000192371 0.000999041 0.00189786 0.000676554 -0.00688442 -0.0222555 -0.0295721 0.0221052 0.199994 0.5 0.800006 0.977895 1.02957 1.02226 1.00688 0.999323 0.998102 0.999001 0.999808 1.0001 1.0001 1.00004 1 0.999993 0.999995 0.999999 1 1 1 1 1 
-6.54859e-15 6.6298e-15 -1.56605e-07 -4.09086e-07 -2.16257e-07 1.26739e-06 4.80138e-06 7.25628e-06 -1.90261e-06 -3.95458e-05 -0.000101353 -9.97401e-05 0.000192364 0.000999134 0.0018988 0.000678015 -0.00688257 -0.0222551 -0.0295747 0.0220991 0.199988 0.5 0.800012 0.977901 1.02957 1.02226 1.00688 0.999322 0.998101 0.999001 0.999808 1.0001 1.0001 1.00004 1 0.999993 0.999995 0.999999 1 1 1 1 1 
-6.6298e-15 6.6387e-15 -1.6985e-07 -3.84882e-07 -2.47822e-07 1.32308e-06 4.76277e-06 7.34003e-06 -1.97693e-06 -3.9514e-05 -0.000101562 -9.9829e-05 0.000192146 0.000999382 0.00189944 0.000679512 -0.00688099 -0.0222544 -0.029577 0.0220939 0.199983 0.5 0.800017 0.977906 1.02958 1.02225 1.00688 0.99932 0.998101 0.999001 0.999808 1.0001 1.0001 1.00004 1 0.999993 0.999995 0.999999 1 1 1 1 1 
-6.6387e-15 6.69575e-15 -1.59366e-07 -4.0438e-07 -2.15764e-07 1.29417e-06 4.82525e-06 7.30365e-06 -1.91385e-06 -3.96226e-05 -0.000101602 -0.000100071 0.000192091 0.000999425 0.00190015 0.000680724 -0.00687939 -0.0222538 -0.0295787 0.0220893 0.199979 0.5 0.800021 0.977911 1.02958 1.02225 1.00688 0.999319 0.9981 0.999001 0.999808 1.0001 1.0001 1.00004 1 0.999993 0.999995 0.999999 1 1 1 1 1 
-6.69575e-15 6.70368e-15 -1.68507e-07 -3.87789e-07 -2.37048e-07 1.33363e-06 4.8019e-06 7.36551e-06 -1.96011e-06 -3.96027e-05 -0.00010176 -0.000100168 0.000191897 0.000999569 0.00190065 0.000681931 -0.00687801 -0.0222531 -0.0295802 0.0220855 0.199975 0.5 0.800025 0.977915 1.02958 1.02225 1.00688 0.999318 0.998099 0.999 0.999808 1.0001 1.0001 1.00004 1 0.999993 0.999995 0.999999 1 1 1 1 1 
-6.70368e-15 6.74556e-15 -1.61368e-07 -4.01178e-07 -2.14807e-07 1.31505e-06 4.84735e-06 7.34518e-06 -1.91288e-06 -3.96774e-05 -0.0001018 -0.000100364 0.000191816 0.000999574 0.00190117 0.000682919 -0.00687666 -0.0222525 -0.0295814 0.0220821 0.199972 0.5 0.800028 0.977918 1.02958 1.02225 1.00688 0.999317 0.998099 0.999 0.999808 1.0001 1.0001 1.00004 1 0.999993 0.999995 0.999999 1 1 1 1 1 
-6.74556e-15 6.75396e-15 -1.67678e-07 -3.89857e-07 -2.29129e-07 1.34308e-06 4.83397e-06 7.39153e-06 -1.94007e-06 -3.96641e-05 -0.00010192 -0.000100459 0.000191644 0.000999646 0.00190154 0.000683879 -0.00687549 -0.0222518 -0.0295824 0.0220793 0.199969 0.5 0.800031 0.977921 1.02958 1.02225 1.00688 0.999316 0.998098 0.999 0.999808 1.0001 1.0001 1.00004 1 0.999993 0.999995 0.999999 1 1 1 1 1 
-6.75396e-15 6.78605e-15 -1.62839e-07 -3.99063e-07 -2.13732e-07 1.33133e-06 4.8673e-06 7.38163e-06 -1.90376e-06 -3.97145e-05 -0.000101957 -0.000100618 0.000191551 0.000999623 0.00190193 0.000684671 -0.00687436 -0.0222511 -0.029583 0.022077 0.199967 0.5 0.800033 0.977923 1.02958 1.02225 1.00687 0.999315 0.998098 0.999 0.999808 1.0001 1.0001 1.00004 1 0.999993 0.999995 0.999999 1 1 1 1 1 
-6.78605e-15 6.79524e-15 -1.67201e-07 -3.91377e-07 -2.2336e-07 1.35129e-06 4.86031e-06 7.41686e-06 -1.91813e-06 -3.97047e-05 -0.000102047 -0.000100705 0.000191399 0.000999645 0.0019022 0.000685424 -0.00687338 -0.0222504 -0.0295836 0.022075 0.199965 0.5 0.800035 0.977925 1.02958 1.02225 1.00687 0.999315 0.998098 0.999 0.999809 1.0001 1.0001 1.00004 1 0.999993 0.999995 0.999999 1 1 1 1 1 
-6.79524e-15 6.82078e-15 -1.6394e-07 -3.97725e-07 -2.12733e-07 1.34401e-06 4.88495e-06 7.41357e-06 -1.88948e-06 -3.97376e-05 -0.00010208 -0.000100834 0.000191303 0.000999603 0.00190247 0.000686047 -0.00687245 -0.0222498 -0.0295839 0.0220734 0.199963 0.5 0.800037 0.977927 1.02958 1.02225 1.00687 0.999314 0.998098 0.999 0.999809 1.0001 1.0001 1.00004 1 0.999993 0.999995 0.999999 1 1 1 1 1 
-6.82078e-15 6.83061e-15 -1.66961e-07 -3.92543e-07 -2.19214e-07 1.35824e-06 4.88194e-06 7.44072e-06 -1.89541e-06 -3.97295e-05 -0.000102146 -0.000100912 0.000191171 0.000999592 0.00190267 0.000686629 -0.00687164 -0.0222491 -0.0295842 0.0220721 0.199962 0.5 0.800038 0.977928 1.02958 1.02225 1.00687 0.999313 0.998097 0.999 0.999809 1.0001 1.0001 1.00004 1 0.999993 0.999995 0.999999 1 1 1 1 1 
-6.83061e-15 6.85162e-15 -1.64778e-07 -3.9694e-07 -2.11909e-07 1.35384e-06 4.9003e-06 7.44145e-06 -1.87228e-06 -3.97501e-05 -0.000102174 -0.000101016 0.00019108 0.000999539 0.00190286 0.000687111 -0.00687089 -0.0222486 -0.0295843 0.0220711 0.199961 0.5 0.800039 0.977929 1.02958 1.02225 1.00687 0.999313 0.998097 0.999 0.999809 1.0001 1.0001 1.00004 1 0.999993 0.999995 0.999999 1 1 1 1 1 
-6.85162e-15 6.86179e-15 -1.66879e-07 -3.93477e-07 -2.16289e-07 1.36401e-06 4.89969e-06 7.46264e-06 -1.87278e-06 -3.97426e-05 -0.000102223 -0.000101083 0.000190966 0.000999508 0.00190298 0.000687553 -0.00687024 -0.022248 -0.0295843 0.0220703 0.19996 0.5 0.80004 0.97793 1.02958 1.02225 1.00687 0.999312 0.998097 0.999 0.999809 1.0001 1.0001 1.00004 1 0.999993 0.999995 0.999999 1 1 1 1 1 
-6.86179e-15 6.87951e-15 -1.65429e-07 -3.96543e-07 -2.11298e-07 1.36143e-06 4.91346e-06 7.46566e-06 -1.85375e-06 -3.97545e-05 -0.000102244 -0.000101165 0.000190881 0.000999449 0.00190311 0.000687918 -0.00686964 -0.0222475 -0.0295843 0.0220697 0.199959 0.5 0.800041 0.97793 1.02958 1.02225 1.00687 0.999312 0.998097 0.999001 0.999809 1.0001 1.0001 1.00004 1 0.999993 0.999995 0.999999 1 1 1 1 1 
-6.87951e-15 6.88969e-15 -1.66897e-07 -3.94255e-07 -2.14279e-07 1.3687e-06 4.9142e-06 7.48237e-06 -1.85092e-06 -3.97472e-05 -0.00010228 -0.000101222 0.000190784 0.000999406 0.00190319 0.000688247 -0.00686912 -0.022247 -0.0295842 0.0220692 0.199958 0.5 0.800042 0.977931 1.02958 1.02225 1.00687 0.999312 0.998097 0.999001 0.999809 1.0001 1.0001 1.00004 1 0.999993 0.999995 0.999999 1 1 1 1 1 
-6.88969e-15 6.9049e-15 -1.65945e-07 -3.96413e-07 -2.10898e-07 1.36724e-06 4.92458e-06 7.48656e-06 -1.83502e-06 -3.9753e-05 -0.000102296 -0.000101287 0.000190709 0.000999346 0.00190326 0.000688517 -0.00686865 -0.0222465 -0.029584 0.0220689 0.199958 0.5 0.800042 0.977931 1.02958 1.02225 1.00687 0.999311 0.998097 0.999001 0.999809 1.0001 1.0001 1.00004 1 0.999993 0.999995 0.999999 1 1 1 1 1 
-6.9049e-15 6.91482e-15 -1.66977e-07 -3.94926e-07 -2.12952e-07 1.37243e-06 4.92601e-06 7.49985e-06 -1.8303e-06 -3.97458e-05 -0.000102322 -0.000101333 0.000190627 0.000999297 0.00190331 0.000688756 -0.00686824 -0.0222461 -0.0295838 0.0220687 0.199958 0.5 0.800042 0.977931 1.02958 1.02225 1.00687 0.999311 0.998097 0.999001 0.999809 1.0001 1.0001 1.00004 1 0.999993 0.999995 0.999999 1 1 1 1 1 
-6.91482e-15 6.92803e-15 -1.6636e-07 -3.96461e-07 -2.1069e-07 1.37165e-06 4.93388e-06 7.50447e-06 -1.81688e-06 -3.97474e-05 -0.000102333 -0.000101384 0.000190561 0.000999238 0.00190335 0.00068895 -0.00686788 -0.0222457 -0.0295836 0.0220686 0.199958 0.5 0.800042 0.977931 1.02958 1.02225 1.00687 0.999311 0.998097 0.999001 0.999809 1.0001 1.0001 1.00004 1 0.999992 0.999995 0.999999 1 1 1 1 1 
-6.92803e-15 6.93748e-15 -1.67091e-07 -3.95517e-07 -2.1213e-07 1.37535e-06 4.93556e-06 7.51511e-06 -1.81122e-06 -3.97403e-05 -0.000102351 -0.000101422 0.000190493 0.000999188 0.00190337 0.000689119 -0.00686757 -0.0222453 -0.0295834 0.0220686 0.199957 0.5 0.800043 0.977931 1.02958 1.02225 1.00687 0.999311 0.998097 0.999001 0.99981 1.0001 1.0001 1.00004 1 0.999992 0.999995 0.999999 1 1 1 1 1 
-6.93748e-15 6.94902e-15 -1.66699e-07 -3.96625e-07 -2.10643e-07 1.37495e-06 4.94154e-06 7.51971e-06 -1.79984e-06 -3.97392e-05 -0.000102359 -0.000101461 0.000190438 0.000999133 0.00190338 0.000689253 -0.00686729 -0.022245 -0.0295832 0.0220687 0.199957 0.5 0.800043 0.977931 1.02958 1.02224 1.00687 0.999311 0.998097 0.999001 0.99981 1.0001 1.0001 1.00004 1 0.999992 0.999995 0.999999 1 1 1 1 1 
-6.94902e-15 6.95784e-15 -1.67221e-07 -3.96045e-07 -2.11677e-07 1.37757e-06 4.94325e-06 7.52825e-06 -1.79388e-06 -3.97322e-05 -0.00010237 -0.00010149 0.000190381 0.000999085 0.00190339 0.000689368 -0.00686705 -0.0222447 -0.0295829 0.0220688 0.199957 0.5 0.800043 0.977931 1.02958 1.02224 1.00687 0.999311 0.998097 0.999001 0.99981 1.0001 1.0001 1.00004 1 0.999992 0.999995 0.999999 1 1 1 1 1 
-6.95784e-15 6.96794e-15 -1.66978e-07 -3.96857e-07 -2.10726e-07 1.37738e-06 4.94779e-06 7.53257e-06 -1.7842e-06 -3.97293e-05 -0.000102375 -0.00010152 0.000190335 0.000999034 0.00190338 0.000689456 -0.00686685 -0.0222444 -0.0295827 0.0220689 0.199957 0.5 0.800043 0.977931 1.02958 1.02224 1.00687 0.999311 0.998097 0.999001 0.99981 1.0001 1.0001 1.00004 1 0.999992 0.999995 0.999999 1 1 1 1 1 
-6.96794e-15 6.97604e-15 -1.67355e-07 -3.9652e-07 -2.11488e-07 1.37921e-06 4.94937e-06 7.53944e-06 -1.77834e-06 -3.97226e-05 -0.000102382 -0.000101542 0.000190289 0.00099899 0.00190337 0.000689529 -0.00686668 -0.0222442 -0.0295824 0.0220691 0.199957 0.5 0.800043 0.977931 1.02958 1.02224 1.00687 0.99931 0.998097 0.999001 0.99981 1.0001 1.0001 1.00004 1 0.999992 0.999995 0.999999 1 1 1 1 1 
-6.97604e-15 6.98487e-15 -1.67211e-07 -3.97125e-07 -2.10905e-07 1.37913e-06 4.95282e-06 7.54333e-06 -1.77012e-06 -3.97187e-05 -0.000102384 -0.000101565 0.000190252 0.000998945 0.00190336 0.000689584 -0.00686653 -0.0222439 -0.0295822 0.0220693 0.199958 0.5 0.800042 0.977931 1.02958 1.02224 1.00687 0.99931 0.998097 0.999001 0.99981 1.0001 1.0001 1.00004 1 0.999992 0.999995 0.999999 1 1 1 1 1 
-6.98487e-15 6.99221e-15 -1.67486e-07 -3.96948e-07 -2.11485e-07 1.38039e-06 4.9542e-06 7.54885e-06 -1.76462e-06 -3.97123e-05 -0.000102388 -0.000101581 0.000190215 0.000998905 0.00190334 0.000689626 -0.0068664 -0.0222437 -0.0295819 0.0220695 0.199958 0.5 0.800042 0.97793 1.02958 1.02224 1.00687 0.99931 0.998097 0.999001 0.99981 1.0001 1.0001 1.00004 1 0.999992 0.999995 0.999999 1 1 1 1 1 
-6.99221e-15 6.99991e-15 -1.67406e-07 -3.97406e-07 -2.11152e-07 1.38034e-06 4.95681e-06 7.55226e-06 -1.75765e-06 -3.97079e-05 -0.000102388 -0.000101597 0.000190185 0.000998865 0.00190332 0.000689655 -0.0068663 -0.0222436 -0.0295817 0.0220697 0.199958 0.5 0.800042 0.97793 1.02958 1.02224 1.00687 0.99931 0.998097 0.999001 0.99981 1.0001 1.0001 1.00004 1 0.999992 0.999995 0.999999 1 1 1 1 1 
-6.99991e-15 7.00646e-15 -1.67608e-07 -3.97331e-07 -2.11608e-07 1.3812e-06 4.95798e-06 7.55668e-06 -1.75264e-06 -3.97019e-05 -0.000102389 -0.000101609 0.000190156 0.00099883 0.0019033 0.000689675 -0.00686622 -0.0222434 -0.0295815 0.02207 0.199958 0.5 0.800042 0.97793 1.02958 1.02224 1.00687 0.99931 0.998097 0.999001 0.99981 1.0001 1.0001 1.00004 1 0.999992 0.999995 0.999999 1 1 1 1 1 
-7.00646e-15 7.01314e-15 -1.67569e-07 -3.97685e-07 -2.11443e-07 1.38116e-06 4.95993e-06 7.5596e-06 -1.74676e-06 -3.96974e-05 -0.000102388 -0.00010162 0.000190132 0.000998797 0.00190327 0.000689685 -0.00686615 -0.0222433 -0.0295813 0.0220702 0.199958 0.5 0.800042 0.97793 1.02958 1.02224 1.00687 0.99931 0.998097 0.999001 0.99981 1.0001 1.0001 1.00004 1 0.999992 0.999995 0.999999 1 1 1 1 1 
-7.01314e-15 7.01892e-15 -1.6772e-07 -3.97674e-07 -2.11811e-07 1.38172e-06 4.96088e-06 7.56313e-06 -1.74231e-06 -3.96918e-05 -0.000102388 -0.000101628 0.00019011 0.000998767 0.00190325 0.00068969 -0.00686609 -0.0222431 -0.0295811 0.0220704 0.199958 0.5 0.800042 0.97793 1.02958 1.02224 1.00687 0.99931 0.998097 0.999001 0.99981 1.0001 1.0001 1.00004 1 0.999992 0.999995 0.999999 1 1 1 1 1 
-7.01892e-15 7.02468e-15 -1.67705e-07 -3.97951e-07 -2.11756e-07 1.38166e-06 4.96233e-06 7.56557e-06 -1.73737e-06 -3.96874e-05 -0.000102386 -0.000101636 0.000190091 0.000998738 0.00190322 0.000689688 -0.00686605 -0.022243 -0.0295809 0.0220706 0.199958 0.5 0.800042 0.977929 1.02958 1.02224 1.00687 0.99931 0.998097 0.999001 0.99981 1.0001 1.0001 1.00004 1 0.999992 0.999995 0.999999 1 1 1 1 1 
-7.02468e-15 7.02973e-15 -1.67819e-07 -3.97978e-07 -2.12061e-07 1.38201e-06 4.96308e-06 7.56837e-06 -1.73351e-06 -3.96824e-05 -0.000102385 -0.000101641 0.000190075 0.000998713 0.0019032 0.000689682 -0.00686601 -0.0222429 -0.0295808 0.0220708 0.199959 0.5 0.800041 0.977929 1.02958 1.02224 1.00687 0.99931 0.998097 0.999001 0.99981 1.0001 1.0001 1.00004 1 0.999992 0.999995 0.999999 1 1 1 1 1 
-7.02973e-15 7.03466e-15 -1.6782e-07 -3.98198e-07 -2.12077e-07 1.38193e-06 4.96414e-06 7.57038e-06 -1.72939e-06 -3.96782e-05 -0.000102382 -0.000101646 0.000190061 0.00099869 0.00190317 0.000689672 -0.00686599 -0.0222429 -0.0295806 0.022071 0.199959 0.5 0.800041 0.977929 1.02958 1.02224 1.00687 0.99931 0.998097 0.999001 0.99981 1.0001 1.0001 1.00004 1 0.999992 0.999995 0.999999 1 1 1 1 1 
-7.03466e-15 7.03903e-15 -1.67906e-07 -3.98246e-07 -2.12334e-07 1.38213e-06 4.96471e-06 7.57258e-06 -1.72607e-06 -3.96737e-05 -0.00010238 -0.000101648 0.000190048 0.000998669 0.00190315 0.00068966 -0.00686597 -0.0222428 -0.0295805 0.0220712 0.199959 0.5 0.800041 0.977929 1.02958 1.02224 1.00687 0.99931 0.998097 0.999001 0.99981 1.0001 1.0001 1.00004 1 0.999992 0.999995 0.999999 1 1 1 1 1 
-7.03903e-15 7.04323e-15 -1.67915e-07 -3.98422e-07 -2.12393e-07 1.38204e-06 4.96548e-06 7.5742e-06 -1.72267e-06 -3.96699e-05 -0.000102377 -0.000101651 0.000190038 0.00099865 0.00190313 0.000689645 -0.00686596 -0.0222427 -0.0295804 0.0220714 0.199959 0.5 0.800041 0.977929 1.02958 1.02224 1.00687 0.99931 0.998097 0.999001 0.99981 1.0001 1.0001 1.00004 1 0.999992 0.999995 0.999999 1 1 1 1 1 
-7.04323e-15 7.04696e-15 -1.67981e-07 -3.98479e-07 -2.12612e-07 1.38213e-06 4.96589e-06 7.57592e-06 -1.71987e-06 -3.96659e-05 -0.000102374 -0.000101652 0.00019003 0.000998633 0.00190311 0.000689629 -0.00686596 -0.0222427 -0.0295802 0.0220716 0.199959 0.5 0.800041 0.977928 1.02958 1.02224 1.00687 0.99931 0.998097 0.999001 0.99981 1.0001 1.0001 1.00004 1 0.999992 0.999995 0.999999 1 1 1 1 1 
-7.04696e-15 7.05051e-15 -1.67994e-07 -3.98622e-07 -2.12694e-07 1.38203e-06 4.96643e-06 7.57721e-06 -1.71708e-06 -3.96625e-05 -0.000102371 -0.000101653 0.000190023 0.000998618 0.00190309 0.000689611 -0.00686595 -0.0222426 -0.0295801 0.0220717 0.199959 0.5 0.800041 0.977928 1.02958 1.02224 1.00687 0.99931 0.998097 0.999001 0.99981 1.0001 1.0001 1.00004 1 0.999992 0.999995 0.999999 1 1 1 1 1 
-7.05051e-15 7.05367e-15 -1.68045e-07 -3.98682e-07 -2.12883e-07 1.38205e-06 4.96672e-06 7.57853e-06 -1.71475e-06 -3.96591e-05 -0.000102369 -0.000101653 0.000190017 0.000998605 0.00190307 0.000689593 -0.00686596 -0.0222426 -0.02958 0.0220719 0.199959 0.5 0.800041 0.977928 1.02958 1.02224 1.00687 0.99931 0.998097 0.999001 0.99981 1.0001 1.0001 1.00004 1 0.999992 0.999995 0.999999 1 1 1 1 1 
-7.05367e-15 7.05664e-15 -1.68059e-07 -3.98797e-07 -2.12976e-07 1.38193e-06 4.96708e-06 7.57953e-06 -1.71248e-06 -3.9656e-05 -0.000102366 -0.000101652 0.000190012 0.000998593 0.00190305 0.000689575 -0.00686596 -0.0222426 -0.0295799 0.022072 0.19996 0.5 0.80004 0.977928 1.02958 1.02224 1.00687 0.99931 0.998097 0.999001 0.99981 1.0001 1.0001 1.00004 1 0.999992 0.999995 0.999999 1 1 1 1 1 
-7.05664e-15 7.05929e-15 -1.68098e-07 -3.98855e-07 -2.13139e-07 1.3819e-06 4.96727e-06 7.58054e-06 -1.71058e-06 -3.96531e-05 -0.000102363 -0.000101651 0.000190008 0.000998582 0.00190303 0.000689557 -0.00686597 -0.0222425 -0.0295799 0.0220721 0.19996 0.5 0.80004 0.977928 1.02958 1.02224 1.00687 0.99931 0.998097 0.999001 0.99981 1.0001 1.0001 1.00004 1 0.999992 0.999995 0.999999 1 1 1 1 1 
-7.05929e-15 7.06176e-15 -1.68112e-07 -3.98949e-07 -2.13235e-07 1.38178e-06 4.9675e-06 7.5813e-06 -1.70875e-06 -3.96504e-05 -0.00010236 -0.00010165 0.000190005 0.000998573 0.00190302 0.00068954 -0.00686598 -0.0222425 -0.0295798 0.0220723 0.19996 0.5 0.80004 0.977928 1.02958 1.02224 1.00687 0.99931 0.998097 0.999001 0.99981 1.0001 1.0001 1.00004 1 0.999992 0.999995 0.999999 1 1 1 1 1 
-7.06176e-15 7.06397e-15 -1.68143e-07 -3.99003e-07 -2.13375e-07 1.38172e-06 4.96761e-06 7.58205e-06 -1.70721e-06 -3.96479e-05 -0.000102357 -0.000101649 0.000190003 0.000998566 0.001903 0.000689522 -0.00686599 -0.0222425 -0.0295797 0.0220724 0.19996 0.5 0.80004 0.977928 1.02958 1.02224 1.00687 0.99931 0.998097 0.999001 0.99981 1.0001 1.0001 1.00004 1 0.999992 0.999995 0.999999 1 1 1 1 1 
-7.06397e-15 7.066e-15 -1.68156e-07 -3.9908e-07 -2.13468e-07 1.3816e-06 4.96774e-06 7.58262e-06 -1.70575e-06 -3.96457e-05 -0.000102355 -0.000101647 0.000190002 0.000998559 0.00190299 0.000689506 -0.006866 -0.0222425 -0.0295797 0.0220724 0.19996 0.5 0.80004 0.977928 1.02958 1.02224 1.00687 0.99931 0.998097 0.999001 0.99981 1.0001 1.0001 1.00004 1 0.999992 0.999995 0.999999 1 1 1 1 1 
-7.066e-15 7.06782e-15 -1.68179e-07 -3.99128e-07 -2.13588e-07 1.38152e-06 4.96779e-06 7.58317e-06 -1.70452e-06 -3.96435e-05 -0.000102352 -0.000101645 0.000190001 0.000998553 0.00190298 0.00068949 -0.00686601 -0.0222425 -0.0295796 0.0220725 0.19996 0.5 0.80004 0.977927 1.02958 1.02224 1.00687 0.999311 0.998097 0.999001 0.99981 1.0001 1.0001 1.00004 1 0.999992 0.999995 0.999999 1 1 1 1 1 
