0 0 0 0 0 0 0 0 0 0 0 0 0 0 0 0 0 0 0 0 0 0.5 1 1 1 1 1 1 1 1 1 1 1 1 1 1 1 1 1 1 1 1 1 
0 -4.74646e-24 7.62864e-23 -1.23088e-21 1.986e-20 -3.20436e-19 5.17016e-18 -8.34194e-17 1.34595e-15 -2.17166e-14 3.50392e-13 -5.6535e-12 9.12179e-11 -1.47178e-09 2.37468e-08 -3.83149e-07 6.18202e-06 -9.97455e-05 0.00160937 -0.0259668 0.0173619 0.5 0.982638 1.02597 0.998391 1.0001 0.999994 1 1 1 1 1 1 1 1 1 1 1 1 1 1 1 1 
4.74646e-24 1.08933e-21 -1.76509e-20 2.66946e-19 -4.02041e-18 6.02424e-17 -8.97358e-16 1.32744e-14 -1.94748e-13 2.8287e-12 -4.05819e-11 5.73163e-10 -7.93097e-09 1.06717e-07 -1.37903e-06 1.67189e-05 -0.000180511 0.00147223 -0.000522032 -0.0416987 0.0223464 0.5 0.977654 1.0417 1.00052 0.998528 1.00018 0.999983 1 1 1 1 1 1 1 1 1 1 1 1 1 1 1 
-1.08933e-21 -1.02903e-19 1.68684e-18 -2.3588e-17 3.26453e-16 -4.46059e-15 6.00328e-14 -7.93389e-13 1.02544e-11 -1.28888e-10 1.56264e-09 -1.80505e-08 1.94689e-07 -1.89015e-06 1.52601e-05 -8.02257e-05 -9.51684e-05 0.00317852 -0.00307297 -0.0527294 0.0212242 0.5 0.978776 1.05273 1.00307 0.996821 1.0001 1.00008 0.999985 1 1 1 1 1 1 1 1 1 1 1 1 1 1 
1.02903e-19 5.14576e-18 -8.58358e-17 1.08879e-15 -1.35386e-14 1.64172e-13 -1.93089e-12 2.18626e-11 -2.35771e-10 2.3829e-09 -2.19845e-08 1.76431e-07 -1.10493e-06 3.60709e-06 1.87159e-05 -0.000234878 0.000194678 0.00474612 -0.00512068 -0.0612299 0.0169523 0.5 0.983048 1.06123 1.00512 0.995254 0.999805 1.00023 0.999981 0.999996 1 1 1 1 1 1 1 1 1 1 1 1 1 
-5.14576e-18 -1.45326e-16 2.49381e-15 -2.78827e-14 3.00697e-13 -3.09426e-12 2.99887e-11 -2.68346e-10 2.14485e-09 -1.43674e-08 6.8483e-08 -7.40471e-08 -2.19532e-06 1.65047e-05 -1.6823e-06 -0.000405829 0.000576573 0.00617937 -0.00647745 -0.0681202 0.0110722 0.5 0.988928 1.06812 1.00648 0.993821 0.999423 1.00041 1 0.999983 1 1 1 1 1 1 1 1 1 1 1 1 1 
1.45326e-16 2.26439e-15 -4.09282e-14 3.84161e-13 -3.36753e-12 2.6836e-11 -1.8629e-10 1.02825e-09 -3.31417e-09 -9.55173e-09 2.09019e-07 -1.06241e-06 -1.3601e-06 3.36277e-05 -4.33445e-05 -0.000577615 0.0009729 0.00751795 -0.00717946 -0.0738267 0.00446037 0.5 0.99554 1.07383 1.00718 0.992482 0.999027 1.00058 1.00004 0.999966 1 1 1 1 1 1 1 1 1 1 1 1 1 
-2.26439e-15 -1.68326e-14 3.43259e-13 -2.42751e-12 1.44971e-11 -6.26208e-11 6.99704e-11 1.77229e-09 -1.73294e-08 5.85356e-08 2.35454e-07 -2.6727e-06 2.12549e-06 5.24403e-05 -9.96657e-05 -0.000748067 0.00133907 0.00878771 -0.00732498 -0.0785716 -0.00235023 0.5 1.00235 1.07857 1.00732 0.991212 0.998661 1.00075 1.0001 0.999948 0.999998 1 1 1 1 1 1 1 1 1 1 1 1 
1.68326e-14 2.61239e-14 -9.99461e-13 2.84658e-12 9.80372e-12 -1.97089e-10 1.26834e-09 -2.2324e-09 -2.7945e-08 1.99995e-07 8.42738e-09 -4.64856e-06 8.21803e-06 7.17481e-05 -0.000164141 -0.000919406 0.00165188 0.00999777 -0.00702246 -0.0824902 -0.00902186 0.5 1.00902 1.08249 1.00702 0.990002 0.998348 1.00092 1.00016 0.999928 0.999992 1 1 1 1 1 1 1 1 1 1 1 1 
-2.61239e-14 2.02154e-13 -1.88283e-12 1.77901e-11 -8.00798e-11 -2.68921e-11 2.77564e-09 -1.37197e-08 -1.87448e-08 3.98774e-07 -5.44506e-07 -6.77261e-06 1.64983e-05 9.13469e-05 -0.000231537 -0.0010941 0.00190078 0.0111463 -0.00637406 -0.0856804 -0.0153373 0.5 1.01534 1.08568 1.00637 0.988854 0.998099 1.00109 1.00023 0.999909 0.999984 1.00001 1 1 1 1 1 1 1 1 1 1 1 
-2.02154e-13 3.85535e-14 4.10146e-12 1.76654e-11 -2.43597e-10 8.20785e-10 3.06998e-09 -3.26773e-08 2.40838e-08 6.28987e-07 -1.43715e-06 -8.92626e-06 2.64327e-05 0.00011154 -0.000297944 -0.00127343 0.00208265 0.012226 -0.0054709 -0.088224 -0.0211595 0.5 1.02116 1.08822 1.00547 0.987774 0.997917 1.00127 1.0003 0.999888 0.999974 1.00001 1 0.999999 1 1 1 1 1 1 1 1 1 
-3.85535e-14 -1.44767e-12 1.97071e-11 -3.71652e-11 -3.65327e-10 2.51859e-09 3.73177e-10 -5.69562e-08 1.08981e-07 8.67448e-07 -2.64673e-06 -1.10836e-05 3.74997e-05 0.000132785 -0.000360517 -0.00145725 0.0021988 0.0132277 -0.00439214 -0.090196 -0.0264076 0.5 1.02641 1.0902 1.00439 0.986772 0.997801 1.00146 1.00036 0.999867 0.999963 1.00001 1 0.999999 1 1 1 1 1 1 1 1 1 
1.44767e-12 -4.80958e-12 3.72684e-11 -1.78467e-10 -2.58713e-10 4.97388e-09 -6.83961e-09 -8.35108e-08 2.39267e-07 1.09959e-06 -4.13274e-06 -1.32827e-05 4.92331e-05 0.000155494 -0.000417227 -0.00164424 0.0022533 0.0141432 -0.00320527 -0.0916674 -0.031042 0.5 1.03104 1.09167 1.00321 0.985857 0.997747 1.00164 1.00042 0.999845 0.999951 1.00001 1 0.999999 1 1 1 1 1 1 1 1 1 
4.80958e-12 -8.89146e-12 3.81104e-11 -4.13985e-10 2.80257e-10 7.88807e-09 -1.96124e-08 -1.09466e-07 4.14595e-07 1.32049e-06 -5.84863e-06 -1.55953e-05 6.12293e-05 0.000179933 -0.000466659 -0.00183225 0.00225187 0.0149657 -0.00196684 -0.0927065 -0.0350534 0.5 1.03505 1.09271 1.00197 0.985034 0.997748 1.00183 1.00047 0.99982 0.999939 1.00002 1.00001 0.999999 1 1 1 1 1 1 1 1 1 
8.89146e-12 -9.96844e-12 -2.73222e-12 -7.23755e-10 1.43009e-09 1.08649e-08 -3.85041e-08 -1.32753e-07 6.32455e-07 1.53342e-06 -7.74753e-06 -1.81035e-05 7.31399e-05 0.000206192 -0.000507886 -0.00201866 0.00220131 0.015691 -0.000723293 -0.0933784 -0.0384552 0.5 1.03846 1.09338 1.00072 0.984309 0.997799 1.00202 1.00051 0.999794 0.999927 1.00002 1.00001 0.999998 0.999999 1 1 1 1 1 1 1 1 
9.96844e-12 -1.69847e-12 -1.09928e-10 -1.06593e-09 3.32246e-09 1.35125e-08 -6.36963e-08 -1.52349e-07 8.89271e-07 1.7474e-06 -9.78429e-06 -2.08834e-05 8.46641e-05 0.000234193 -0.000540375 -0.00220067 0.00210894 0.0163177 0.000488191 -0.0937445 -0.0412772 0.5 1.04128 1.09374 0.999512 0.983682 0.997891 1.0022 1.00054 0.999766 0.999915 1.00002 1.00001 0.999998 0.999999 1 1 1 1 1 1 1 1 
1.69847e-12 2.41705e-11 -3.02395e-10 -1.38663e-09 6.03985e-09 1.55144e-08 -9.51258e-08 -1.68258e-07 1.18104e-06 1.97486e-06 -1.19157e-05 -2.39955e-05 9.55417e-05 0.00026371 -0.000563928 -0.00237555 0.00198231 0.0168464 0.00163876 -0.0938618 -0.043561 0.5 1.04356 1.09386 0.998361 0.983154 0.998018 1.00238 1.00056 0.999736 0.999904 1.00002 1.00001 0.999998 0.999999 1 1 1 1 1 1 1 1 
-2.41705e-11 7.6664e-11 -5.90412e-10 -1.6297e-09 9.62443e-09 1.66675e-08 -1.32594e-07 -1.81349e-07 1.50358e-06 2.22952e-06 -1.41e-05 -2.74794e-05 0.000105551 0.000294401 -0.000578631 -0.00254079 0.00182889 0.0172802 0.00270701 -0.093782 -0.0453555 0.5 1.04536 1.09378 0.997293 0.98272 0.998171 1.00254 1.00058 0.999706 0.999894 1.00003 1.00001 0.999998 0.999998 1 1 1 1 1 1 1 1 
-7.6664e-11 1.64391e-10 -9.75359e-10 -1.74405e-09 1.40912e-08 1.68936e-08 -1.7584e-07 -1.93147e-07 1.85263e-06 2.52487e-06 -1.62968e-05 -3.1352e-05 0.000114507 0.000325842 -0.000584817 -0.00269421 0.00165587 0.0176241 0.00367808 -0.0935518 -0.0467143 0.5 1.04671 1.09355 0.996322 0.982376 0.998344 1.00269 1.00058 0.999674 0.999885 1.00003 1.00002 0.999997 0.999998 1 1 1 1 1 1 1 1 
-1.64391e-10 2.94592e-10 -1.45133e-09 -1.68846e-09 1.94402e-08 1.62336e-08 -2.24573e-07 -2.05613e-07 2.22375e-06 2.87299e-06 -1.84667e-05 -3.56078e-05 0.000122261 0.000357559 -0.000583021 -0.00283407 0.00147 0.0178844 0.00454276 -0.0932123 -0.0476922 0.5 1.04769 1.09321 0.995457 0.982116 0.99853 1.00283 1.00058 0.999642 0.999878 1.00004 1.00002 0.999997 0.999998 1 1 1 1 1 1 1 1 
-2.94592e-10 4.72565e-10 -2.00775e-09 -1.43392e-09 2.5666e-08 1.4832e-08 -2.78482e-07 -2.20947e-07 2.61222e-06 3.28373e-06 -2.05715e-05 -4.02206e-05 0.000128704 0.000389059 -0.000573946 -0.00295909 0.00127745 0.0180686 0.00529664 -0.0927988 -0.0483442 0.5 1.04834 1.0928 0.994703 0.981931 0.998723 1.00296 1.00057 0.999611 0.999871 1.00004 1.00002 0.999997 0.999997 1 1 1 1 1 1 1 1 
-4.72565e-10 7.015e-10 -2.63208e-09 -9.64483e-10 3.27632e-08 1.29185e-08 -3.37223e-07 -2.4142e-07 3.01305e-06 3.76422e-06 -2.25751e-05 -4.51464e-05 0.000133764 0.000419852 -0.000558423 -0.00306844 0.00108372 0.0181851 0.00593931 -0.0923416 -0.0487229 0.5 1.04872 1.09234 0.994061 0.981815 0.998916 1.00307 1.00056 0.99958 0.999866 1.00005 1.00002 0.999996 0.999997 1 1 1 1 1 1 1 1 
-7.015e-10 9.82651e-10 -3.31219e-09 -2.77092e-10 4.07275e-08 1.07871e-08 -4.00403e-07 -2.69228e-07 3.4209e-06 4.31861e-06 -2.44437e-05 -5.03264e-05 0.000137407 0.000449473 -0.000537372 -0.00316175 0.000893596 0.0182425 0.00647361 -0.0918655 -0.048878 0.5 1.04888 1.09187 0.993526 0.981757 0.999106 1.00316 1.00054 0.999551 0.999863 1.00005 1.00002 0.999996 0.999997 1 1 1 1 1 1 1 1 
-9.82651e-10 1.31573e-09 -4.03805e-09 6.19095e-10 4.95554e-08 8.77714e-09 -4.67558e-07 -3.06382e-07 3.83012e-06 4.94796e-06 -2.61468e-05 -5.56906e-05 0.000139636 0.000477504 -0.000511769 -0.00323906 0.000711101 0.0182497 0.00690491 -0.0913909 -0.0488552 0.5 1.04886 1.09139 0.993095 0.98175 0.999289 1.00324 1.00051 0.999522 0.99986 1.00006 1.00003 0.999995 0.999996 1 1 1 1 1 1 1 1 
-1.31573e-09 1.69943e-09 -4.80263e-09 1.70369e-09 5.92412e-08 7.25528e-09 -5.3814e-07 -3.54612e-07 4.23487e-06 5.65031e-06 -2.76582e-05 -6.11614e-05 0.000140488 0.00050358 -0.000482614 -0.0033008 0.000539508 0.0182154 0.00724049 -0.0909337 -0.0486958 0.5 1.0487 1.09093 0.99276 0.981785 0.99946 1.0033 1.00048 0.999496 0.99986 1.00006 1.00003 0.999994 0.999996 1 1 1 1 1 1 1 1 
-1.69943e-09 2.13193e-09 -5.60214e-09 2.94623e-09 6.97726e-08 6.59845e-09 -6.11503e-07 -4.15302e-07 4.6292e-06 6.42087e-06 -2.89561e-05 -6.66571e-05 0.000140032 0.000527401 -0.000450895 -0.00334771 0.00038135 0.018148 0.00748898 -0.0905059 -0.0484361 0.5 1.04844 1.09051 0.992511 0.981852 0.999619 1.00335 1.00045 0.999473 0.99986 1.00007 1.00003 0.999994 0.999995 1 1 1 1 1 1 1 1 
-2.13193e-09 2.61137e-09 -6.43578e-09 4.30742e-09 8.11271e-08 7.17876e-09 -6.86908e-07 -4.89431e-07 5.00719e-06 7.25232e-06 -3.00242e-05 -7.20953e-05 0.000138364 0.000548741 -0.000417566 -0.0033808 0.000238461 0.0180552 0.00765987 -0.0901161 -0.048108 0.5 1.04811 1.09012 0.99234 0.981945 0.999762 1.00338 1.00042 0.999451 0.999862 1.00007 1.00003 0.999993 0.999995 1 1 1 1 1 1 1 1 
-2.61137e-09 3.13613e-09 -7.30504e-09 5.74061e-09 9.32679e-08 9.34938e-09 -7.6352e-07 -5.77553e-07 5.36317e-06 8.13514e-06 -3.08516e-05 -7.73958e-05 0.000135602 0.000567442 -0.000383524 -0.00340129 0.000112022 0.0179445 0.0077631 -0.0897699 -0.0477384 0.5 1.04774 1.08977 0.992237 0.982055 0.999888 1.0034 1.00038 0.999433 0.999864 1.00008 1.00003 0.999992 0.999995 1 1 1 1 1 1 1 1 
-3.13613e-09 3.70512e-09 -8.21286e-09 7.19333e-09 1.06141e-07 1.3432e-08 -8.40427e-07 -6.79769e-07 5.6918e-06 9.05803e-06 -3.14332e-05 -8.24831e-05 0.000131882 0.000583419 -0.000349589 -0.00341055 2.62521e-06 0.0178223 0.00780869 -0.0894702 -0.0473496 0.5 1.04735 1.08947 0.992191 0.982178 0.999997 1.00341 1.00035 0.999417 0.999868 1.00008 1.00003 0.999991 0.999994 1 1 1 1 1 1 1 1 
-3.70512e-09 4.31774e-09 -9.16265e-09 8.60901e-09 1.19671e-07 1.97055e-08 -9.16655e-07 -7.95737e-07 5.98829e-06 1.00084e-05 -3.17698e-05 -8.72889e-05 0.000127356 0.000596656 -0.000316489 -0.00341005 -8.96587e-05 0.0176943 0.00780643 -0.0892182 -0.04696 0.5 1.04696 1.08922 0.992194 0.982306 1.00009 1.00341 1.00032 0.999403 0.999873 1.00009 1.00003 0.99999 0.999994 1 1 1 1 1 1 1 1 
-4.31774e-09 4.97389e-09 -1.01575e-08 9.92881e-09 1.33766e-07 2.83964e-08 -9.91194e-07 -9.24687e-07 6.24852e-06 1.09727e-05 -3.18674e-05 -9.17537e-05 0.00012218 0.000607199 -0.000284853 -0.00340128 -0.000165207 0.0175653 0.00776569 -0.0890129 -0.0465839 0.5 1.04658 1.08901 0.992234 0.982435 1.00017 1.0034 1.00028 0.999393 0.999878 1.00009 1.00003 0.999989 0.999994 1 1 1 1 1 1 1 1 
-4.97389e-09 5.67379e-09 -1.11991e-08 1.10935e-08 1.4831e-07 3.96711e-08 -1.06302e-06 -1.06545e-06 6.46914e-06 1.19371e-05 -3.17374e-05 -9.58282e-05 0.000116516 0.000615149 -0.000255204 -0.00338576 -0.000224772 0.0174396 0.0076952 -0.0888523 -0.0462321 0.5 1.04623 1.08885 0.992305 0.98256 1.00022 1.00339 1.00026 0.999385 0.999883 1.0001 1.00003 0.999988 0.999994 1 1 1 1 1 1 1 1 
-5.67379e-09 6.41773e-09 -1.22876e-08 1.20454e-08 1.63169e-07 5.36302e-08 -1.13114e-06 -1.21649e-06 6.64767e-06 1.28878e-05 -3.13955e-05 -9.94739e-05 0.000110521 0.000620657 -0.000227956 -0.00336494 -0.000269404 0.0173203 0.00760294 -0.0887332 -0.0459122 0.5 1.04591 1.08873 0.992397 0.98268 1.00027 1.00336 1.00023 0.999379 0.999889 1.0001 1.00003 0.999987 0.999993 1 1 1 1 1 1 1 1 
-6.41773e-09 7.20584e-09 -1.34208e-08 1.27302e-08 1.78194e-07 7.03044e-08 -1.19459e-06 -1.37598e-06 6.78257e-06 1.38115e-05 -3.08617e-05 -0.000102664 0.00010435 0.000623912 -0.000203417 -0.00334022 -0.00030038 0.01721 0.00749603 -0.0886518 -0.0456294 0.5 1.04563 1.08865 0.992504 0.98279 1.0003 1.00334 1.0002 0.999376 0.999896 1.0001 1.00003 0.999986 0.999993 1 1 1 1 1 1 1 1 
-7.20584e-09 8.03782e-09 -1.45941e-08 1.30989e-08 1.93221e-07 8.96535e-08 -1.25249e-06 -1.54184e-06 6.87325e-06 1.46955e-05 -3.01588e-05 -0.000105382 9.81468e-05 0.000625134 -0.000181792 -0.00331289 -0.000319139 0.0171105 0.00738073 -0.0886036 -0.0453863 0.5 1.04539 1.0886 0.992619 0.982889 1.00032 1.00331 1.00018 0.999375 0.999902 1.00011 1.00003 0.999985 0.999993 1 1 1 1 1 1 1 1 
-8.03782e-09 8.91264e-09 -1.58003e-08 1.31089e-08 2.08077e-07 1.11567e-07 -1.30406e-06 -1.71182e-06 6.92009e-06 1.55285e-05 -2.93121e-05 -0.000107625 9.20429e-05 0.000624566 -0.000163191 -0.00328409 -0.000327218 0.017023 0.00726236 -0.0885841 -0.0451838 0.5 1.04518 1.08858 0.992738 0.982977 1.00033 1.00328 1.00016 0.999375 0.999908 1.00011 1.00003 0.999984 0.999993 1 1 1 1 1 1 1 1 
-8.91264e-09 9.82841e-09 -1.70299e-08 1.27259e-08 2.22585e-07 1.35867e-07 -1.34864e-06 -1.88354e-06 6.92434e-06 1.63007e-05 -2.83487e-05 -0.000109398 8.61556e-05 0.000622462 -0.000147635 -0.00325488 -0.000326196 0.0169482 0.00714537 -0.0885886 -0.0450212 0.5 1.04502 1.08859 0.992855 0.983052 1.00033 1.00325 1.00015 0.999378 0.999914 1.00011 1.00003 0.999984 0.999993 1 1 1 1 1 1 1 1 
-9.82841e-09 1.07822e-08 -1.82715e-08 1.19247e-08 2.36567e-07 1.62313e-07 -1.3857e-06 -2.0546e-06 6.88815e-06 1.70038e-05 -2.72963e-05 -0.000110716 8.05859e-05 0.000619083 -0.000135071 -0.00322612 -0.000317645 0.0168861 0.00703331 -0.0886125 -0.0448966 0.5 1.0449 1.08861 0.992967 0.983114 1.00032 1.00323 1.00014 0.999381 0.999919 1.00011 1.00003 0.999983 0.999993 1 1 1 1 1 1 1 1 
-1.07822e-08 1.17697e-08 -1.95117e-08 1.06901e-08 2.4985e-07 1.90609e-07 -1.41488e-06 -2.22261e-06 6.8144e-06 1.76312e-05 -2.61826e-05 -0.000111603 7.54172e-05 0.00061469 -0.000125376 -0.00319857 -0.000303092 0.0168364 0.00692894 -0.0886515 -0.044807 0.5 1.04481 1.08865 0.993071 0.983164 1.0003 1.0032 1.00013 0.999385 0.999925 1.00011 1.00003 0.999982 0.999993 1 1 1 1 1 1 1 1 
-1.17697e-08 1.27858e-08 -2.0736e-08 9.01696e-09 2.62269e-07 2.20412e-07 -1.43597e-06 -2.38528e-06 6.70666e-06 1.81784e-05 -2.50347e-05 -0.000112089 7.07151e-05 0.000609532 -0.000118374 -0.0031728 -0.00028398 0.0167987 0.00683428 -0.0887016 -0.0447491 0.5 1.04475 1.0887 0.993166 0.983201 1.00028 1.00317 1.00012 0.99939 0.999929 1.00011 1.00003 0.999982 0.999993 1 1 1 1 1 1 1 1 
-1.27858e-08 1.38237e-08 -2.19292e-08 6.9109e-09 2.73674e-07 2.51341e-07 -1.44893e-06 -2.54047e-06 6.56902e-06 1.86425e-05 -2.38783e-05 -0.000112212 6.65276e-05 0.000603847 -0.000113844 -0.00314928 -0.000261646 0.0167719 0.00675067 -0.0887591 -0.0447189 0.5 1.04472 1.08876 0.993249 0.983228 1.00026 1.00315 1.00011 0.999396 0.999933 1.00011 1.00002 0.999981 0.999993 1 1 1 1 1 1 1 1 
-1.38237e-08 1.48761e-08 -2.30759e-08 4.3876e-09 2.83933e-07 2.82988e-07 -1.45387e-06 -2.68623e-06 6.40601e-06 1.90227e-05 -2.27373e-05 -0.000112011 6.28854e-05 0.000597855 -0.000111535 -0.00312832 -0.000237299 0.0167551 0.00667884 -0.0888207 -0.0447124 0.5 1.04471 1.08882 0.993321 0.983245 1.00024 1.00313 1.00011 0.999402 0.999937 1.00011 1.00002 0.999981 0.999994 1 1 1 1 1 1 1 1 
-1.48761e-08 1.59342e-08 -2.41611e-08 1.47252e-09 2.92934e-07 3.14928e-07 -1.45106e-06 -2.82086e-06 6.22239e-06 1.93199e-05 -2.16331e-05 -0.000111532 5.98029e-05 0.000591753 -0.000111172 -0.00311012 -0.000212007 0.0167471 0.00661904 -0.0888837 -0.0447255 0.5 1.04473 1.08888 0.993381 0.983253 1.00021 1.00311 1.00011 0.999408 0.99994 1.00011 1.00002 0.999981 0.999994 1 1 1 1 1 1 1 1 
-1.59342e-08 1.69889e-08 -2.51704e-08 -1.79996e-09 3.0059e-07 3.46734e-07 -1.44093e-06 -2.94295e-06 6.02313e-06 1.95365e-05 -2.05847e-05 -0.000110818 5.72799e-05 0.000585717 -0.000112471 -0.00309477 -0.000186689 0.0167467 0.00657108 -0.0889458 -0.0447541 0.5 1.04475 1.08895 0.993429 0.983253 1.00019 1.00309 1.00011 0.999414 0.999943 1.00011 1.00002 0.99998 0.999994 1 1 1 1 1 1 1 1 
-1.69889e-08 1.80303e-08 -2.6091e-08 -5.38759e-09 3.06836e-07 3.7798e-07 -1.42403e-06 -3.05137e-06 5.81316e-06 1.96764e-05 -1.96079e-05 -0.000109916 5.53028e-05 0.000579895 -0.000115144 -0.00308227 -0.000162114 0.0167525 0.00653444 -0.089005 -0.0447945 0.5 1.04479 1.08901 0.993466 0.983248 1.00016 1.00308 1.00012 0.99942 0.999945 1.00011 1.00002 0.99998 0.999994 1 1 1 1 1 1 1 1 
-1.80303e-08 1.90484e-08 -2.69116e-08 -9.24144e-09 3.11639e-07 4.0826e-07 -1.401e-06 -3.14533e-06 5.59734e-06 1.97449e-05 -1.87154e-05 -0.00010887 5.38467e-05 0.000574411 -0.000118907 -0.00307253 -0.000138905 0.0167633 0.00650832 -0.08906 -0.0448432 0.5 1.04484 1.08906 0.993492 0.983237 1.00014 1.00307 1.00012 0.999426 0.999946 1.00011 1.00002 0.99998 0.999994 1 1 1 1 1 1 1 1 
-1.90484e-08 2.00331e-08 -2.7623e-08 -1.33073e-08 3.14989e-07 4.37194e-07 -1.37261e-06 -3.22433e-06 5.3803e-06 1.97481e-05 -1.79172e-05 -0.000107724 5.28768e-05 0.000569361 -0.000123491 -0.0030654 -0.00011754 0.016778 0.00649172 -0.0891096 -0.0448971 0.5 1.0449 1.08911 0.993508 0.983222 1.00012 1.00307 1.00012 0.999431 0.999947 1.00011 1.00002 0.99998 0.999995 1 1 1 1 1 1 1 1 
-2.00331e-08 2.09745e-08 -2.82182e-08 -1.75272e-08 3.16904e-07 4.64434e-07 -1.33968e-06 -3.28823e-06 5.16635e-06 1.96931e-05 -1.72196e-05 -0.000106518 5.23512e-05 0.000564819 -0.000128641 -0.00306067 -9.83653e-05 0.0167954 0.00648354 -0.0891531 -0.0449534 0.5 1.04495 1.08915 0.993516 0.983205 1.0001 1.00306 1.00013 0.999435 0.999948 1.00011 1.00002 0.99998 0.999995 1 1 1 1 1 1 1 1 
-2.09745e-08 2.18635e-08 -2.86925e-08 -2.18409e-08 3.17429e-07 4.89675e-07 -1.30307e-06 -3.33715e-06 4.95941e-06 1.95876e-05 -1.66265e-05 -0.00010529 5.22222e-05 0.000560833 -0.000134128 -0.00305811 -8.16056e-05 0.0168145 0.00648259 -0.0891902 -0.0450099 0.5 1.04501 1.08919 0.993517 0.983185 1.00008 1.00306 1.00013 0.999439 0.999948 1.00011 1.00002 0.99998 0.999995 1 1 1 1 1 1 1 1 
-2.18635e-08 2.26915e-08 -2.90441e-08 -2.61874e-08 3.16629e-07 5.1266e-07 -1.26369e-06 -3.37152e-06 4.76293e-06 1.94394e-05 -1.61387e-05 -0.000104071 5.24381e-05 0.000557431 -0.000139745 -0.00305745 -6.7377e-05 0.0168345 0.00648764 -0.0892208 -0.0450645 0.5 1.04506 1.08922 0.993512 0.983166 1.00007 1.00306 1.00014 0.999443 0.999948 1.0001 1.00002 0.999981 0.999995 1 1 0.999999 1 1 1 1 1 
-2.26915e-08 2.34508e-08 -2.92731e-08 -3.05065e-08 3.14595e-07 5.33183e-07 -1.22243e-06 -3.39203e-06 4.57987e-06 1.92569e-05 -1.57546e-05 -0.000102891 5.29455e-05 0.00055462 -0.000145312 -0.0030584 -5.57009e-05 0.0168545 0.0064975 -0.089245 -0.0451159 0.5 1.04512 1.08925 0.993502 0.983146 1.00006 1.00306 1.00015 0.999445 0.999947 1.0001 1.00002 0.999981 0.999995 1 1 0.999999 1 1 1 1 1 
-2.34508e-08 2.41353e-08 -2.93826e-08 -3.47402e-08 3.11434e-07 5.51091e-07 -1.18018e-06 -3.39959e-06 4.41263e-06 1.90479e-05 -1.54704e-05 -0.000101774 5.36905e-05 0.000552391 -0.000150679 -0.00306069 -4.6519e-05 0.0168739 0.00651104 -0.0892631 -0.0451629 0.5 1.04516 1.08926 0.993489 0.983126 1.00005 1.00306 1.00015 0.999448 0.999946 1.0001 1.00002 0.999981 0.999996 1 1 0.999999 1 1 1 1 1 
-2.41353e-08 2.47397e-08 -2.93774e-08 -3.88338e-08 3.07269e-07 5.66289e-07 -1.13777e-06 -3.39528e-06 4.26306e-06 1.88204e-05 -1.52803e-05 -0.00010074 5.46204e-05 0.00055072 -0.000155722 -0.00306404 -3.97073e-05 0.0168922 0.00652718 -0.0892756 -0.0452046 0.5 1.0452 1.08928 0.993473 0.983108 1.00004 1.00306 1.00016 0.999449 0.999945 1.0001 1.00002 0.999981 0.999996 1 1 0.999999 1 1 1 1 1 
-2.47397e-08 2.52603e-08 -2.92648e-08 -4.27375e-08 3.02235e-07 5.78734e-07 -1.096e-06 -3.38037e-06 4.13246e-06 1.85817e-05 -1.5177e-05 -9.98041e-05 5.56845e-05 0.000549572 -0.000160345 -0.00306817 -3.50907e-05 0.016909 0.00654497 -0.0892829 -0.0452406 0.5 1.04524 1.08928 0.993455 0.983091 1.00004 1.00307 1.00016 0.99945 0.999944 1.0001 1.00002 0.999981 0.999996 1 1 0.999999 1 1 1 1 1 
-2.52603e-08 2.5695e-08 -2.90537e-08 -4.64066e-08 2.96478e-07 5.88439e-07 -1.05559e-06 -3.35622e-06 4.02158e-06 1.83387e-05 -1.5152e-05 -9.89769e-05 5.68355e-05 0.000548902 -0.00016448 -0.00307285 -3.24559e-05 0.0169241 0.00656355 -0.0892858 -0.0452707 0.5 1.04527 1.08929 0.993436 0.983076 1.00003 1.00307 1.00016 0.999451 0.999943 1.0001 1.00002 0.999982 0.999996 1 1 0.999999 1 1 1 1 1 
-2.5695e-08 2.6043e-08 -2.87546e-08 -4.98031e-08 2.90145e-07 5.95465e-07 -1.01719e-06 -3.32427e-06 3.93069e-06 1.80976e-05 -1.51959e-05 -9.82649e-05 5.80305e-05 0.000548658 -0.000168082 -0.00307784 -3.15641e-05 0.0169371 0.00658218 -0.0892849 -0.0452948 0.5 1.04529 1.08928 0.993418 0.983063 1.00003 1.00308 1.00017 0.999451 0.999942 1.0001 1.00002 0.999982 0.999996 1 1 0.999999 1 1 1 1 1 
-2.6043e-08 2.6305e-08 -2.83789e-08 -5.28957e-08 2.83387e-07 5.9992e-07 -9.81334e-07 -3.28599e-06 3.85955e-06 1.78639e-05 -1.52986e-05 -9.76709e-05 5.92309e-05 0.000548784 -0.000171125 -0.00308295 -3.21623e-05 0.0169481 0.00660027 -0.0892808 -0.0453133 0.5 1.04531 1.08928 0.9934 0.983052 1.00003 1.00308 1.00017 0.999451 0.999941 1.0001 1.00002 0.999982 0.999996 1 1 0.999999 1 1 1 1 1 
-2.6305e-08 2.64831e-08 -2.79393e-08 -5.56601e-08 2.76353e-07 6.01953e-07 -9.4849e-07 -3.24285e-06 3.80753e-06 1.76423e-05 -1.545e-05 -9.71944e-05 6.04034e-05 0.000549221 -0.000173608 -0.003088 -3.39925e-05 0.0169571 0.00661731 -0.0892743 -0.0453265 0.5 1.04533 1.08927 0.993383 0.983043 1.00003 1.00309 1.00017 0.999451 0.99994 1.0001 1.00002 0.999982 0.999996 1 1 0.999999 1 1 1 1 1 
-2.64831e-08 2.65808e-08 -2.74486e-08 -5.80797e-08 2.69187e-07 6.01748e-07 -9.19013e-07 -3.19629e-06 3.77362e-06 1.74365e-05 -1.564e-05 -9.68318e-05 6.15201e-05 0.000549913 -0.000175542 -0.00309285 -3.68008e-05 0.016964 0.00663293 -0.089266 -0.0453348 0.5 1.04533 1.08927 0.993367 0.983036 1.00004 1.00309 1.00018 0.99945 0.999938 1.0001 1.00002 0.999983 0.999996 1 1 0.999999 1 1 1 1 1 
-2.65808e-08 2.66028e-08 -2.69202e-08 -6.0145e-08 2.62025e-07 5.99518e-07 -8.93158e-07 -3.14768e-06 3.7565e-06 1.72497e-05 -1.58586e-05 -9.6577e-05 6.25582e-05 0.0005508 -0.000176955 -0.00309738 -4.0344e-05 0.016969 0.00664686 -0.0892563 -0.0453388 0.5 1.04534 1.08926 0.993353 0.983031 1.00004 1.0031 1.00018 0.999449 0.999937 1.0001 1.00002 0.999983 0.999996 1 1 0.999999 1 1 1 1 1 
-2.66028e-08 2.65547e-08 -2.6367e-08 -6.18537e-08 2.54992e-07 5.95497e-07 -8.71086e-07 -3.09832e-06 3.75461e-06 1.7084e-05 -1.60965e-05 -9.64218e-05 6.35005e-05 0.00055183 -0.000177884 -0.00310151 -4.43954e-05 0.0169722 0.00665894 -0.089246 -0.0453391 0.5 1.04534 1.08925 0.993341 0.983028 1.00004 1.0031 1.00018 0.999448 0.999936 1.0001 1.00002 0.999983 0.999996 1 1 0.999999 1 1 1 1 1 
-2.65547e-08 2.64431e-08 -2.58016e-08 -6.32101e-08 2.48203e-07 5.89936e-07 -8.52863e-07 -3.04936e-06 3.7662e-06 1.69408e-05 -1.6345e-05 -9.63567e-05 6.43346e-05 0.000552951 -0.000178376 -0.00310518 -4.87486e-05 0.0169739 0.00666908 -0.0892353 -0.0453363 0.5 1.04534 1.08924 0.993331 0.983026 1.00005 1.00311 1.00018 0.999447 0.999936 1.0001 1.00002 0.999983 0.999996 1 1 0.999999 1 1 1 1 1 
-2.64431e-08 2.62752e-08 -2.52361e-08 -6.42246e-08 2.41758e-07 5.83096e-07 -8.38466e-07 -3.00187e-06 3.7894e-06 1.6821e-05 -1.65963e-05 -9.6371e-05 6.50529e-05 0.000554117 -0.000178481 -0.00310833 -5.3221e-05 0.0169742 0.00667728 -0.0892248 -0.0453311 0.5 1.04533 1.08922 0.993323 0.983026 1.00005 1.00311 1.00018 0.999446 0.999935 1.0001 1.00002 0.999983 0.999996 1 1 0.999999 1 1 1 1 1 
-2.62752e-08 2.60589e-08 -2.46815e-08 -6.49135e-08 2.35741e-07 5.75239e-07 -8.27796e-07 -2.95673e-06 3.82226e-06 1.67245e-05 -1.68434e-05 -9.64531e-05 6.56519e-05 0.000555289 -0.000178256 -0.00311097 -5.76551e-05 0.0169733 0.00668359 -0.0892147 -0.0453239 0.5 1.04532 1.08921 0.993316 0.983027 1.00006 1.00311 1.00018 0.999445 0.999934 1.0001 1.00002 0.999983 0.999996 1 1 0.999999 1 1 1 1 1 
-2.60589e-08 2.58022e-08 -2.41478e-08 -6.52976e-08 2.30223e-07 5.66624e-07 -8.20681e-07 -2.9147e-06 3.86284e-06 1.66507e-05 -1.70804e-05 -9.65914e-05 6.61319e-05 0.000556431 -0.000177758 -0.00311308 -6.19197e-05 0.0169715 0.00668812 -0.0892053 -0.0453154 0.5 1.04532 1.08921 0.993312 0.983028 1.00006 1.00311 1.00018 0.999444 0.999934 1.0001 1.00002 0.999983 0.999996 1 1 0.999999 1 1 1 1 1 
-2.58022e-08 2.55134e-08 -2.36436e-08 -6.54018e-08 2.25257e-07 5.57504e-07 -8.16891e-07 -2.8764e-06 3.90923e-06 1.65987e-05 -1.73024e-05 -9.67742e-05 6.64967e-05 0.000557515 -0.000177041 -0.00311469 -6.59091e-05 0.016969 0.00669101 -0.0891968 -0.045306 0.5 1.04531 1.0892 0.993309 0.983031 1.00007 1.00311 1.00018 0.999442 0.999934 1.0001 1.00002 0.999983 0.999996 1 1 0.999999 1 1 1 1 1 
-2.55134e-08 2.52006e-08 -2.31763e-08 -6.52541e-08 2.20881e-07 5.48115e-07 -8.16145e-07 -2.84227e-06 3.95958e-06 1.6567e-05 -1.75055e-05 -9.69903e-05 6.67524e-05 0.000558518 -0.000176162 -0.00311581 -6.95432e-05 0.0169659 0.00669243 -0.0891893 -0.0452963 0.5 1.0453 1.08919 0.993308 0.983034 1.00007 1.00312 1.00018 0.999441 0.999933 1.0001 1.00002 0.999983 0.999996 1 1 0.999999 1 1 1 1 1 
-2.52006e-08 2.4872e-08 -2.2752e-08 -6.4885e-08 2.17117e-07 5.38678e-07 -8.18124e-07 -2.81262e-06 4.01217e-06 1.65538e-05 -1.76869e-05 -9.72292e-05 6.69076e-05 0.000559423 -0.00017517 -0.00311651 -7.2765e-05 0.0169624 0.00669259 -0.0891829 -0.0452865 0.5 1.04529 1.08918 0.993307 0.983038 1.00007 1.00312 1.00018 0.999441 0.999933 1.0001 1.00002 0.999983 0.999996 1 1 0.999999 1 1 1 1 1 
-2.4872e-08 2.4535e-08 -2.2375e-08 -6.43265e-08 2.13973e-07 5.29393e-07 -8.22482e-07 -2.78763e-06 4.06544e-06 1.6557e-05 -1.78446e-05 -9.74809e-05 6.69723e-05 0.000560218 -0.000174112 -0.00311681 -7.55392e-05 0.0169588 0.00669168 -0.0891776 -0.045277 0.5 1.04528 1.08918 0.993308 0.983041 1.00008 1.00312 1.00017 0.99944 0.999933 1.0001 1.00002 0.999983 0.999996 1 1 0.999999 1 1 1 1 1 
-2.4535e-08 2.41968e-08 -2.20484e-08 -6.36112e-08 2.11445e-07 5.20437e-07 -8.28855e-07 -2.76733e-06 4.11797e-06 1.65744e-05 -1.79775e-05 -9.77366e-05 6.69577e-05 0.000560895 -0.000173029 -0.00311677 -7.78499e-05 0.0169551 0.0066899 -0.0891734 -0.0452682 0.5 1.04527 1.08917 0.99331 0.983045 1.00008 1.00312 1.00017 0.999439 0.999933 1.0001 1.00002 0.999983 0.999996 1 1 0.999999 1 1 1 1 1 
-2.41968e-08 2.3864e-08 -2.17741e-08 -6.27716e-08 2.09514e-07 5.11961e-07 -8.36874e-07 -2.75165e-06 4.16855e-06 1.66037e-05 -1.80855e-05 -9.79888e-05 6.68757e-05 0.000561453 -0.000171958 -0.00311644 -7.96978e-05 0.0169515 0.00668744 -0.0891703 -0.0452601 0.5 1.04526 1.08917 0.993313 0.983048 1.00008 1.00312 1.00017 0.999439 0.999933 1.0001 1.00002 0.999983 0.999996 1 1 0.999999 1 1 1 1 1 
-2.3864e-08 2.35425e-08 -2.15524e-08 -6.18396e-08 2.08153e-07 5.04092e-07 -8.46172e-07 -2.74041e-06 4.21614e-06 1.66426e-05 -1.81689e-05 -9.82307e-05 6.67384e-05 0.000561892 -0.000170929 -0.00311588 -8.10979e-05 0.0169481 0.00668451 -0.0891682 -0.0452528 0.5 1.04525 1.08917 0.993315 0.983052 1.00008 1.00312 1.00017 0.999438 0.999933 1.0001 1.00002 0.999983 0.999996 1 1 0.999999 1 1 1 1 1 
-2.35425e-08 2.32372e-08 -2.13826e-08 -6.08456e-08 2.07324e-07 4.96928e-07 -8.5639e-07 -2.73336e-06 4.25993e-06 1.66889e-05 -1.82288e-05 -9.84572e-05 6.65577e-05 0.000562218 -0.000169967 -0.00311514 -8.20764e-05 0.0169449 0.00668126 -0.089167 -0.0452466 0.5 1.04525 1.08917 0.993319 0.983055 1.00008 1.00312 1.00017 0.999438 0.999933 1.0001 1.00002 0.999983 0.999996 1 1 1 1 1 1 1 1 
-2.32372e-08 2.29525e-08 -2.12628e-08 -5.98182e-08 2.06983e-07 4.90544e-07 -8.67191e-07 -2.73017e-06 4.29927e-06 1.67402e-05 -1.82668e-05 -9.86638e-05 6.63451e-05 0.000562438 -0.00016909 -0.00311427 -8.26686e-05 0.0169421 0.00667785 -0.0891666 -0.0452415 0.5 1.04524 1.08917 0.993322 0.983058 1.00008 1.00311 1.00017 0.999438 0.999934 1.0001 1.00002 0.999983 0.999996 1 1 1 1 1 1 1 1 
-2.29525e-08 2.26918e-08 -2.11902e-08 -5.87836e-08 2.0708e-07 4.84987e-07 -8.7826e-07 -2.73044e-06 4.33372e-06 1.67947e-05 -1.82849e-05 -9.88477e-05 6.61114e-05 0.00056256 -0.000168311 -0.00311332 -8.2916e-05 0.0169396 0.00667442 -0.0891668 -0.0452373 0.5 1.04524 1.08917 0.993326 0.98306 1.00008 1.00311 1.00017 0.999437 0.999934 1.0001 1.00002 0.999983 0.999996 1 1 1 1 1 1 1 1 
-2.26918e-08 2.24578e-08 -2.11614e-08 -5.77652e-08 2.0756e-07 4.80283e-07 -8.89311e-07 -2.73375e-06 4.36301e-06 1.68504e-05 -1.82851e-05 -9.90067e-05 6.58662e-05 0.000562595 -0.00016764 -0.00311233 -8.28647e-05 0.0169375 0.00667108 -0.0891677 -0.0452342 0.5 1.04523 1.08917 0.993329 0.983063 1.00008 1.00311 1.00017 0.999437 0.999934 1.0001 1.00002 0.999983 0.999996 1 1 1 1 1 1 1 1 
-2.24578e-08 2.22523e-08 -2.11722e-08 -5.67836e-08 2.08368e-07 4.76435e-07 -9.0009e-07 -2.73965e-06 4.38704e-06 1.69056e-05 -1.827e-05 -9.914e-05 6.56186e-05 0.000562556 -0.000167081 -0.00311133 -8.25623e-05 0.0169358 0.00666793 -0.089169 -0.045232 0.5 1.04523 1.08917 0.993332 0.983064 1.00008 1.00311 1.00017 0.999437 0.999934 1.0001 1.00002 0.999983 0.999996 1 1 1 1 1 1 1 1 
-2.22523e-08 2.20762e-08 -2.12179e-08 -5.58563e-08 2.09445e-07 4.73427e-07 -9.1038e-07 -2.74769e-06 4.40586e-06 1.69591e-05 -1.82421e-05 -9.92472e-05 6.53759e-05 0.000562455 -0.000166633 -0.00311036 -8.20573e-05 0.0169344 0.00666502 -0.0891706 -0.0452307 0.5 1.04523 1.08917 0.993335 0.983066 1.00008 1.00311 1.00017 0.999438 0.999935 1.0001 1.00002 0.999983 0.999996 1 1 1 1 1 1 1 1 
-2.20762e-08 2.193e-08 -2.12937e-08 -5.49975e-08 2.10735e-07 4.71224e-07 -9.19999e-07 -2.7574e-06 4.41964e-06 1.70095e-05 -1.82039e-05 -9.93291e-05 6.51446e-05 0.000562303 -0.000166293 -0.00310945 -8.13966e-05 0.0169335 0.00666242 -0.0891724 -0.0452301 0.5 1.04523 1.08917 0.993338 0.983067 1.00008 1.00311 1.00017 0.999438 0.999935 1.0001 1.00002 0.999983 0.999996 1 1 1 1 1 1 1 1 
-2.193e-08 2.18133e-08 -2.13944e-08 -5.42184e-08 2.12182e-07 4.6978e-07 -9.28803e-07 -2.76834e-06 4.42866e-06 1.70559e-05 -1.81578e-05 -9.93868e-05 6.49297e-05 0.000562113 -0.000166056 -0.0031086 -8.06248e-05 0.0169328 0.00666017 -0.0891744 -0.0452302 0.5 1.04523 1.08917 0.99334 0.983067 1.00008 1.00311 1.00017 0.999438 0.999935 1.0001 1.00002 0.999983 0.999996 1 1 1 1 1 1 1 1 
-2.18133e-08 2.1725e-08 -2.15149e-08 -5.3527e-08 2.13735e-07 4.69033e-07 -9.36683e-07 -2.78009e-06 4.43329e-06 1.70975e-05 -1.81063e-05 -9.94221e-05 6.47353e-05 0.000561895 -0.000165913 -0.00310785 -7.97831e-05 0.0169325 0.00665827 -0.0891765 -0.0452309 0.5 1.04523 1.08918 0.993342 0.983067 1.00008 1.00311 1.00017 0.999438 0.999935 1.0001 1.00002 0.999983 0.999996 1 1 1 1 1 1 1 1 
-2.1725e-08 2.16639e-08 -2.16502e-08 -5.29283e-08 2.15343e-07 4.68915e-07 -9.43565e-07 -2.79225e-06 4.43396e-06 1.71339e-05 -1.80514e-05 -9.94372e-05 6.4564e-05 0.000561662 -0.000165854 -0.00310719 -7.89086e-05 0.0169325 0.00665674 -0.0891785 -0.045232 0.5 1.04523 1.08918 0.993343 0.983068 1.00008 1.00311 1.00017 0.999438 0.999935 1.0001 1.00002 0.999983 0.999996 1 1 1 1 1 1 1 1 
-2.16639e-08 2.16279e-08 -2.17955e-08 -5.24248e-08 2.16964e-07 4.69351e-07 -9.49408e-07 -2.80448e-06 4.43117e-06 1.71648e-05 -1.79953e-05 -9.94344e-05 6.44176e-05 0.000561421 -0.000165869 -0.00310663 -7.80334e-05 0.0169326 0.00665556 -0.0891804 -0.0452334 0.5 1.04523 1.08918 0.993344 0.983067 1.00008 1.00311 1.00017 0.999439 0.999936 1.0001 1.00002 0.999983 0.999996 1 1 1 1 1 1 1 1 
-2.16279e-08 2.16149e-08 -2.19462e-08 -5.20164e-08 2.18558e-07 4.70261e-07 -9.54201e-07 -2.81645e-06 4.42543e-06 1.71901e-05 -1.79397e-05 -9.94164e-05 6.42968e-05 0.000561182 -0.000165946 -0.00310618 -7.71849e-05 0.016933 0.00665473 -0.0891822 -0.0452351 0.5 1.04524 1.08918 0.993345 0.983067 1.00008 1.00311 1.00017 0.999439 0.999936 1.0001 1.00002 0.999983 0.999996 1 1 1 1 1 1 1 1 
-2.16149e-08 2.16224e-08 -2.20983e-08 -5.17007e-08 2.20091e-07 4.71564e-07 -9.5796e-07 -2.82791e-06 4.41726e-06 1.72097e-05 -1.7886e-05 -9.93859e-05 6.42014e-05 0.000560951 -0.000166073 -0.00310583 -7.63856e-05 0.0169335 0.0066542 -0.0891838 -0.0452369 0.5 1.04524 1.08918 0.993346 0.983066 1.00008 1.00311 1.00017 0.999439 0.999936 1.0001 1.00002 0.999983 0.999996 1 1 1 1 1 1 1 1 
-2.16224e-08 2.16477e-08 -2.22479e-08 -5.14736e-08 2.21534e-07 4.73179e-07 -9.60724e-07 -2.83862e-06 4.4072e-06 1.7224e-05 -1.78356e-05 -9.93454e-05 6.41306e-05 0.000560733 -0.00016624 -0.00310558 -7.56527e-05 0.0169341 0.00665395 -0.0891852 -0.0452388 0.5 1.04524 1.08919 0.993346 0.983066 1.00008 1.00311 1.00017 0.999439 0.999936 1.0001 1.00002 0.999983 0.999996 1 1 1 1 1 1 1 1 
-2.16477e-08 2.16881e-08 -2.23919e-08 -5.13292e-08 2.22865e-07 4.75028e-07 -9.62551e-07 -2.84842e-06 4.39574e-06 1.72331e-05 -1.77894e-05 -9.92976e-05 6.40829e-05 0.000560535 -0.000166434 -0.00310542 -7.4999e-05 0.0169348 0.00665394 -0.0891864 -0.0452407 0.5 1.04524 1.08919 0.993346 0.983065 1.00007 1.00311 1.00017 0.999439 0.999936 1.0001 1.00002 0.999983 0.999996 1 1 1 1 1 1 1 1 
-2.16881e-08 2.17407e-08 -2.25276e-08 -5.12605e-08 2.24065e-07 4.77036e-07 -9.63515e-07 -2.85717e-06 4.38337e-06 1.72377e-05 -1.77481e-05 -9.92449e-05 6.40565e-05 0.000560358 -0.000166647 -0.00310535 -7.44329e-05 0.0169355 0.00665415 -0.0891874 -0.0452425 0.5 1.04524 1.08919 0.993346 0.983064 1.00007 1.00311 1.00017 0.99944 0.999936 1.0001 1.00002 0.999983 0.999996 1 1 1 1 1 1 1 1 
-2.17407e-08 2.1803e-08 -2.26526e-08 -5.12595e-08 2.25124e-07 4.79135e-07 -9.63703e-07 -2.86478e-06 4.37053e-06 1.7238e-05 -1.77123e-05 -9.91896e-05 6.40491e-05 0.000560205 -0.000166868 -0.00310534 -7.39585e-05 0.0169363 0.00665452 -0.0891882 -0.0452442 0.5 1.04524 1.08919 0.993345 0.983064 1.00007 1.00311 1.00017 0.99944 0.999936 1.0001 1.00002 0.999983 0.999996 1 1 1 1 1 1 1 1 
-2.1803e-08 2.18721e-08 -2.27654e-08 -5.13175e-08 2.26032e-07 4.81261e-07 -9.6321e-07 -2.87121e-06 4.35763e-06 1.72348e-05 -1.76822e-05 -9.91335e-05 6.4058e-05 0.000560076 -0.000167091 -0.0031054 -7.35767e-05 0.016937 0.00665502 -0.0891888 -0.0452458 0.5 1.04525 1.08919 0.993345 0.983063 1.00007 1.00311 1.00017 0.99944 0.999936 1.0001 1.00002 0.999983 0.999996 1 1 1 1 1 1 1 1 
-2.18721e-08 2.19458e-08 -2.28648e-08 -5.14255e-08 2.26789e-07 4.83359e-07 -9.62135e-07 -2.87645e-06 4.34501e-06 1.72285e-05 -1.7658e-05 -9.90785e-05 6.40809e-05 0.000559974 -0.000167307 -0.00310551 -7.32853e-05 0.0169377 0.00665561 -0.0891892 -0.0452471 0.5 1.04525 1.08919 0.993344 0.983062 1.00007 1.00311 1.00017 0.99944 0.999936 1.0001 1.00002 0.999983 0.999996 1 1 1 1 1 1 1 1 
-2.19458e-08 2.20215e-08 -2.29498e-08 -5.15745e-08 2.27395e-07 4.8538e-07 -9.60581e-07 -2.8805e-06 4.33297e-06 1.72197e-05 -1.76394e-05 -9.90261e-05 6.41148e-05 0.000559895 -0.000167511 -0.00310565 -7.30797e-05 0.0169383 0.00665626 -0.0891894 -0.0452483 0.5 1.04525 1.08919 0.993344 0.983062 1.00007 1.00311 1.00017 0.99944 0.999936 1.0001 1.00002 0.999983 0.999996 1 1 1 1 1 1 1 1 
-2.20215e-08 2.20974e-08 -2.30204e-08 -5.17555e-08 2.27854e-07 4.87286e-07 -9.58649e-07 -2.88343e-06 4.32175e-06 1.7209e-05 -1.76263e-05 -9.89773e-05 6.41573e-05 0.00055984 -0.000167699 -0.00310583 -7.29532e-05 0.0169389 0.00665695 -0.0891894 -0.0452493 0.5 1.04525 1.08919 0.993343 0.983061 1.00007 1.00311 1.00017 0.99944 0.999936 1.0001 1.00002 0.999983 0.999996 1 1 1 1 1 1 1 1 
-2.20974e-08 2.21716e-08 -2.30765e-08 -5.19598e-08 2.28175e-07 4.89042e-07 -9.56437e-07 -2.88531e-06 4.31155e-06 1.7197e-05 -1.76183e-05 -9.89331e-05 6.42058e-05 0.000559807 -0.000167867 -0.00310602 -7.28978e-05 0.0169394 0.00665764 -0.0891893 -0.0452501 0.5 1.04525 1.08919 0.993342 0.983061 1.00007 1.00311 1.00017 0.99944 0.999936 1.0001 1.00002 0.999983 0.999996 1 1 1 1 1 1 1 1 
-2.21716e-08 2.22425e-08 -2.31186e-08 -5.21793e-08 2.28367e-07 4.90626e-07 -9.54037e-07 -2.88621e-06 4.3025e-06 1.71841e-05 -1.76149e-05 -9.88943e-05 6.4258e-05 0.000559793 -0.000168013 -0.00310623 -7.29045e-05 0.0169398 0.00665831 -0.0891892 -0.0452506 0.5 1.04525 1.08919 0.993342 0.98306 1.00007 1.00311 1.00017 0.99944 0.999936 1.0001 1.00002 0.999983 0.999996 1 1 1 1 1 1 1 1 
-2.22425e-08 2.23089e-08 -2.31474e-08 -5.24066e-08 2.28443e-07 4.92019e-07 -9.51536e-07 -2.88626e-06 4.2947e-06 1.71709e-05 -1.76157e-05 -9.88611e-05 6.43119e-05 0.000559797 -0.000168136 -0.00310643 -7.29635e-05 0.0169402 0.00665894 -0.0891889 -0.045251 0.5 1.04525 1.08919 0.993341 0.98306 1.00007 1.00311 1.00017 0.99944 0.999936 1.0001 1.00002 0.999983 0.999996 1 1 1 1 1 1 1 1 
-2.23089e-08 2.23696e-08 -2.31639e-08 -5.26349e-08 2.28417e-07 4.93213e-07 -9.4901e-07 -2.88555e-06 4.28818e-06 1.71576e-05 -1.76199e-05 -9.88338e-05 6.43655e-05 0.000559814 -0.000168235 -0.00310664 -7.30653e-05 0.0169405 0.00665952 -0.0891885 -0.0452513 0.5 1.04525 1.08919 0.99334 0.98306 1.00007 1.00311 1.00017 0.99944 0.999936 1.0001 1.00002 0.999983 0.999996 1 1 1 1 1 1 1 1 
-2.23696e-08 2.24241e-08 -2.31692e-08 -5.28583e-08 2.28301e-07 4.94202e-07 -9.46528e-07 -2.8842e-06 4.28296e-06 1.71448e-05 -1.76271e-05 -9.88123e-05 6.44173e-05 0.000559844 -0.000168312 -0.00310683 -7.32e-05 0.0169407 0.00666004 -0.0891882 -0.0452513 0.5 1.04525 1.08919 0.99334 0.983059 1.00007 1.00311 1.00017 0.99944 0.999936 1.0001 1.00002 0.999983 0.999996 1 1 1 1 1 1 1 1 
-2.24241e-08 2.24717e-08 -2.31646e-08 -5.30719e-08 2.28112e-07 4.94989e-07 -9.44148e-07 -2.88234e-06 4.27901e-06 1.71327e-05 -1.76366e-05 -9.87965e-05 6.44659e-05 0.000559883 -0.000168366 -0.00310701 -7.33585e-05 0.0169408 0.00666049 -0.0891877 -0.0452513 0.5 1.04525 1.08919 0.99334 0.983059 1.00007 1.00311 1.00017 0.99944 0.999936 1.0001 1.00002 0.999983 0.999996 1 1 1 1 1 1 1 1 
-2.24717e-08 2.25122e-08 -2.31515e-08 -5.32715e-08 2.27864e-07 4.95581e-07 -9.41917e-07 -2.88008e-06 4.27625e-06 1.71215e-05 -1.76478e-05 -9.87861e-05 6.45105e-05 0.000559928 -0.0001684 -0.00310717 -7.35323e-05 0.0169408 0.00666087 -0.0891873 -0.0452511 0.5 1.04525 1.08919 0.993339 0.983059 1.00007 1.00311 1.00017 0.99944 0.999935 1.0001 1.00002 0.999983 0.999996 1 1 1 1 1 1 1 1 
-2.25122e-08 2.25455e-08 -2.31313e-08 -5.34539e-08 2.2757e-07 4.95988e-07 -9.39873e-07 -2.87754e-06 4.27462e-06 1.71115e-05 -1.76603e-05 -9.87805e-05 6.45501e-05 0.000559978 -0.000168416 -0.00310731 -7.37137e-05 0.0169408 0.00666117 -0.0891869 -0.0452509 0.5 1.04525 1.08919 0.993339 0.983059 1.00007 1.00311 1.00017 0.99944 0.999935 1.0001 1.00002 0.999983 0.999996 1 1 1 1 1 1 1 1 
-2.25455e-08 2.25717e-08 -2.31055e-08 -5.36167e-08 2.27245e-07 4.96225e-07 -9.38046e-07 -2.87481e-06 4.274e-06 1.71027e-05 -1.76733e-05 -9.87794e-05 6.45844e-05 0.00056003 -0.000168415 -0.00310742 -7.38957e-05 0.0169408 0.00666141 -0.0891865 -0.0452506 0.5 1.04525 1.08919 0.993339 0.983059 1.00007 1.00311 1.00017 0.99944 0.999935 1.0001 1.00002 0.999983 0.999996 1 1 1 1 1 1 1 1 
-2.25717e-08 2.25911e-08 -2.30753e-08 -5.37584e-08 2.269e-07 4.96308e-07 -9.36453e-07 -2.872e-06 4.27427e-06 1.70952e-05 -1.76866e-05 -9.87821e-05 6.4613e-05 0.000560082 -0.0001684 -0.00310752 -7.40726e-05 0.0169407 0.00666157 -0.0891862 -0.0452502 0.5 1.04525 1.08919 0.993338 0.983059 1.00007 1.00311 1.00017 0.99944 0.999935 1.0001 1.00002 0.999983 0.999996 1 1 1 1 1 1 1 1 
-2.25911e-08 2.26042e-08 -2.30422e-08 -5.3878e-08 2.26549e-07 4.96255e-07 -9.35105e-07 -2.86919e-06 4.27531e-06 1.70891e-05 -1.76997e-05 -9.8788e-05 6.46359e-05 0.000560132 -0.000168374 -0.0031076 -7.42396e-05 0.0169406 0.00666167 -0.0891858 -0.0452498 0.5 1.04525 1.08919 0.993338 0.983059 1.00007 1.00311 1.00017 0.99944 0.999935 1.0001 1.00002 0.999983 0.999996 1 1 1 1 1 1 1 1 
-2.26042e-08 2.26113e-08 -2.30074e-08 -5.39755e-08 2.26199e-07 4.96087e-07 -9.34005e-07 -2.86646e-06 4.27699e-06 1.70844e-05 -1.77122e-05 -9.87965e-05 6.46532e-05 0.00056018 -0.00016834 -0.00310765 -7.4393e-05 0.0169405 0.00666172 -0.0891855 -0.0452494 0.5 1.04525 1.08919 0.993338 0.98306 1.00007 1.00311 1.00017 0.99944 0.999935 1.0001 1.00002 0.999983 0.999996 1 1 1 1 1 1 1 1 
-2.26113e-08 2.26132e-08 -2.29719e-08 -5.40513e-08 2.25861e-07 4.95823e-07 -9.33148e-07 -2.86387e-06 4.27917e-06 1.70809e-05 -1.77239e-05 -9.8807e-05 6.46651e-05 0.000560224 -0.000168298 -0.00310768 -7.453e-05 0.0169403 0.00666171 -0.0891853 -0.045249 0.5 1.04525 1.08919 0.993338 0.98306 1.00007 1.00311 1.00017 0.99944 0.999935 1.0001 1.00002 0.999983 0.999996 1 1 1 1 1 1 1 1 
-2.26132e-08 2.26104e-08 -2.29368e-08 -5.41064e-08 2.25542e-07 4.95483e-07 -9.32524e-07 -2.86146e-06 4.28174e-06 1.70787e-05 -1.77345e-05 -9.88189e-05 6.46721e-05 0.000560264 -0.000168253 -0.0031077 -7.46487e-05 0.0169402 0.00666166 -0.0891851 -0.0452487 0.5 1.04525 1.08919 0.993338 0.98306 1.00007 1.00311 1.00017 0.99944 0.999935 1.0001 1.00002 0.999983 0.999996 1 1 1 1 1 1 1 1 
-2.26104e-08 2.26038e-08 -2.2903e-08 -5.4142e-08 2.25247e-07 4.95086e-07 -9.32119e-07 -2.85928e-06 4.28456e-06 1.70776e-05 -1.77439e-05 -9.88316e-05 6.46746e-05 0.000560298 -0.000168205 -0.0031077 -7.47482e-05 0.01694 0.00666158 -0.0891849 -0.0452483 0.5 1.04525 1.08918 0.993338 0.98306 1.00007 1.00311 1.00017 0.99944 0.999935 1.0001 1.00002 0.999983 0.999996 1 1 1 1 1 1 1 1 
-2.26038e-08 2.25938e-08 -2.2871e-08 -5.41599e-08 2.24981e-07 4.9465e-07 -9.31913e-07 -2.85736e-06 4.28753e-06 1.70774e-05 -1.7752e-05 -9.88447e-05 6.46732e-05 0.000560327 -0.000168157 -0.00310769 -7.48282e-05 0.0169399 0.00666147 -0.0891848 -0.045248 0.5 1.04525 1.08918 0.993339 0.98306 1.00007 1.00311 1.00017 0.99944 0.999935 1.0001 1.00002 0.999983 0.999996 1 1 1 1 1 1 1 1 
-2.25938e-08 2.25813e-08 -2.28417e-08 -5.4162e-08 2.24746e-07 4.94192e-07 -9.31885e-07 -2.85571e-06 4.29055e-06 1.70782e-05 -1.77587e-05 -9.88578e-05 6.46685e-05 0.00056035 -0.00016811 -0.00310767 -7.48892e-05 0.0169397 0.00666135 -0.0891848 -0.0452477 0.5 1.04525 1.08918 0.993339 0.98306 1.00007 1.00311 1.00017 0.99944 0.999935 1.0001 1.00002 0.999983 0.999996 1 1 1 1 1 1 1 1 
-2.25813e-08 2.25669e-08 -2.28152e-08 -5.41504e-08 2.24545e-07 4.93727e-07 -9.32013e-07 -2.85435e-06 4.29352e-06 1.70797e-05 -1.7764e-05 -9.88704e-05 6.46611e-05 0.000560368 -0.000168066 -0.00310763 -7.4932e-05 0.0169396 0.00666121 -0.0891847 -0.0452475 0.5 1.04525 1.08918 0.993339 0.98306 1.00007 1.00311 1.00017 0.99944 0.999935 1.0001 1.00002 0.999983 0.999996 1 1 1 1 1 1 1 1 
-2.25669e-08 2.25513e-08 -2.2792e-08 -5.41272e-08 2.24379e-07 4.93269e-07 -9.3227e-07 -2.85326e-06 4.29637e-06 1.70818e-05 -1.7768e-05 -9.88822e-05 6.46516e-05 0.000560381 -0.000168025 -0.0031076 -7.4958e-05 0.0169395 0.00666107 -0.0891847 -0.0452473 0.5 1.04525 1.08918 0.993339 0.983061 1.00007 1.00311 1.00017 0.99944 0.999935 1.0001 1.00002 0.999983 0.999996 1 1 1 1 1 1 1 1 
-2.25513e-08 2.25349e-08 -2.27722e-08 -5.40946e-08 2.24247e-07 4.92828e-07 -9.32634e-07 -2.85245e-06 4.29904e-06 1.70843e-05 -1.77707e-05 -9.88931e-05 6.46406e-05 0.000560388 -0.000167988 -0.00310755 -7.49689e-05 0.0169394 0.00666092 -0.0891847 -0.0452471 0.5 1.04525 1.08918 0.993339 0.983061 1.00007 1.00311 1.00017 0.99944 0.999935 1.0001 1.00002 0.999983 0.999996 1 1 1 1 1 1 1 1 
-2.25349e-08 2.25184e-08 -2.2756e-08 -5.40548e-08 2.24148e-07 4.92414e-07 -9.33079e-07 -2.85189e-06 4.30148e-06 1.70871e-05 -1.77722e-05 -9.89028e-05 6.46285e-05 0.000560391 -0.000167956 -0.00310751 -7.49667e-05 0.0169393 0.00666078 -0.0891848 -0.045247 0.5 1.04525 1.08918 0.993339 0.983061 1.00007 1.00311 1.00017 0.99944 0.999935 1.0001 1.00002 0.999983 0.999996 1 1 1 1 1 1 1 1 
-2.25184e-08 2.25021e-08 -2.27431e-08 -5.40098e-08 2.2408e-07 4.92035e-07 -9.33583e-07 -2.85157e-06 4.30366e-06 1.70902e-05 -1.77727e-05 -9.89111e-05 6.4616e-05 0.000560391 -0.000167929 -0.00310747 -7.49533e-05 0.0169392 0.00666065 -0.0891848 -0.045247 0.5 1.04525 1.08918 0.993339 0.983061 1.00007 1.00311 1.00017 0.99944 0.999935 1.0001 1.00002 0.999983 0.999996 1 1 1 1 1 1 1 1 
-2.25021e-08 2.24866e-08 -2.27336e-08 -5.39615e-08 2.24041e-07 4.91695e-07 -9.34124e-07 -2.85146e-06 4.30554e-06 1.70933e-05 -1.77722e-05 -9.89181e-05 6.46034e-05 0.000560387 -0.000167907 -0.00310742 -7.49308e-05 0.0169392 0.00666053 -0.0891849 -0.0452469 0.5 1.04525 1.08918 0.993339 0.983061 1.00007 1.00311 1.00017 0.99944 0.999935 1.0001 1.00002 0.999983 0.999996 1 1 1 1 1 1 1 1 
-2.24866e-08 2.2472e-08 -2.27273e-08 -5.39117e-08 2.24028e-07 4.91399e-07 -9.34682e-07 -2.85154e-06 4.30712e-06 1.70964e-05 -1.7771e-05 -9.89238e-05 6.45912e-05 0.00056038 -0.00016789 -0.00310738 -7.49013e-05 0.0169391 0.00666042 -0.089185 -0.0452469 0.5 1.04525 1.08918 0.99334 0.983061 1.00007 1.00311 1.00017 0.99944 0.999935 1.0001 1.00002 0.999983 0.999996 1 1 1 1 1 1 1 1 
-2.2472e-08 2.24586e-08 -2.27238e-08 -5.38618e-08 2.24037e-07 4.91149e-07 -9.35241e-07 -2.85178e-06 4.30839e-06 1.70994e-05 -1.77691e-05 -9.8928e-05 6.45797e-05 0.000560371 -0.000167879 -0.00310734 -7.48668e-05 0.0169391 0.00666032 -0.0891851 -0.0452469 0.5 1.04525 1.08919 0.99334 0.983061 1.00007 1.00311 1.00017 0.99944 0.999935 1.0001 1.00002 0.999983 0.999996 1 1 1 1 1 1 1 1 
-2.24586e-08 2.24466e-08 -2.27229e-08 -5.38133e-08 2.24066e-07 4.90944e-07 -9.35784e-07 -2.85215e-06 4.30937e-06 1.71022e-05 -1.77666e-05 -9.8931e-05 6.4569e-05 0.000560361 -0.000167871 -0.00310731 -7.4829e-05 0.0169391 0.00666025 -0.0891852 -0.045247 0.5 1.04525 1.08919 0.99334 0.983061 1.00007 1.00311 1.00017 0.99944 0.999935 1.0001 1.00002 0.999983 0.999996 1 1 1 1 1 1 1 1 
-2.24466e-08 2.24362e-08 -2.27243e-08 -5.37673e-08 2.2411e-07 4.90785e-07 -9.36299e-07 -2.85262e-06 4.31005e-06 1.71048e-05 -1.77638e-05 -9.89327e-05 6.45595e-05 0.000560349 -0.000167868 -0.00310728 -7.47898e-05 0.0169391 0.00666018 -0.0891853 -0.045247 0.5 1.04525 1.08919 0.99334 0.983061 1.00007 1.00311 1.00017 0.99944 0.999935 1.0001 1.00002 0.999983 0.999996 1 1 1 1 1 1 1 1 
-2.24362e-08 2.24274e-08 -2.27276e-08 -5.37246e-08 2.24167e-07 4.90669e-07 -9.36775e-07 -2.85318e-06 4.31048e-06 1.71072e-05 -1.77608e-05 -9.89334e-05 6.45512e-05 0.000560337 -0.000167869 -0.00310725 -7.47505e-05 0.0169391 0.00666014 -0.0891853 -0.0452471 0.5 1.04525 1.08919 0.99334 0.983061 1.00007 1.00311 1.00017 0.99944 0.999935 1.0001 1.00002 0.999983 0.999996 1 1 1 1 1 1 1 1 
-2.24274e-08 2.24203e-08 -2.27325e-08 -5.3686e-08 2.24233e-07 4.90593e-07 -9.37206e-07 -2.85378e-06 4.31066e-06 1.71092e-05 -1.77577e-05 -9.89331e-05 6.45442e-05 0.000560325 -0.000167873 -0.00310723 -7.47123e-05 0.0169391 0.0066601 -0.0891854 -0.0452472 0.5 1.04525 1.08919 0.99334 0.983061 1.00007 1.00311 1.00017 0.99944 0.999935 1.0001 1.00002 0.999983 0.999996 1 1 1 1 1 1 1 1 
-2.24203e-08 2.24147e-08 -2.27386e-08 -5.36519e-08 2.24305e-07 4.90555e-07 -9.37586e-07 -2.85441e-06 4.31062e-06 1.71109e-05 -1.77545e-05 -9.89319e-05 6.45386e-05 0.000560313 -0.000167879 -0.00310722 -7.46764e-05 0.0169391 0.00666008 -0.0891855 -0.0452472 0.5 1.04525 1.08919 0.99334 0.983061 1.00007 1.00311 1.00017 0.99944 0.999935 1.0001 1.00002 0.999983 0.999996 1 1 1 1 1 1 1 1 
-2.24147e-08 2.24106e-08 -2.27456e-08 -5.36227e-08 2.24381e-07 4.9055e-07 -9.37911e-07 -2.85504e-06 4.31041e-06 1.71123e-05 -1.77515e-05 -9.89301e-05 6.45343e-05 0.000560302 -0.000167887 -0.0031072 -7.46436e-05 0.0169392 0.00666008 -0.0891855 -0.0452473 0.5 1.04525 1.08919 0.99334 0.983061 1.00007 1.00311 1.00017 0.99944 0.999935 1.0001 1.00002 0.999983 0.999996 1 1 1 1 1 1 1 1 
-2.24106e-08 2.2408e-08 -2.27533e-08 -5.35985e-08 2.24458e-07 4.90573e-07 -9.38179e-07 -2.85566e-06 4.31004e-06 1.71134e-05 -1.77486e-05 -9.89278e-05 6.45312e-05 0.000560292 -0.000167897 -0.0031072 -7.46144e-05 0.0169392 0.00666008 -0.0891856 -0.0452474 0.5 1.04525 1.08919 0.99334 0.983061 1.00007 1.00311 1.00017 0.99944 0.999935 1.0001 1.00002 0.999983 0.999996 1 1 1 1 1 1 1 1 
-2.2408e-08 2.24067e-08 -2.27612e-08 -5.35792e-08 2.24533e-07 4.9062e-07 -9.38392e-07 -2.85626e-06 4.30955e-06 1.71142e-05 -1.77459e-05 -9.89251e-05 6.45294e-05 0.000560282 -0.000167907 -0.00310719 -7.45892e-05 0.0169392 0.00666009 -0.0891856 -0.0452475 0.5 1.04525 1.08919 0.99334 0.983061 1.00007 1.00311 1.00017 0.99944 0.999935 1.0001 1.00002 0.999983 0.999996 1 1 1 1 1 1 1 1 
-2.24067e-08 2.24065e-08 -2.27691e-08 -5.35647e-08 2.24605e-07 4.90686e-07 -9.38551e-07 -2.85681e-06 4.30897e-06 1.71147e-05 -1.77435e-05 -9.89221e-05 6.45286e-05 0.000560274 -0.000167918 -0.0031072 -7.45682e-05 0.0169393 0.00666011 -0.0891857 -0.0452476 0.5 1.04525 1.08919 0.99334 0.983061 1.00007 1.00311 1.00017 0.99944 0.999935 1.0001 1.00002 0.999983 0.999996 1 1 1 1 1 1 1 1 
-2.24065e-08 2.24073e-08 -2.27769e-08 -5.35547e-08 2.24672e-07 4.90768e-07 -9.38659e-07 -2.85731e-06 4.30833e-06 1.71149e-05 -1.77413e-05 -9.8919e-05 6.45288e-05 0.000560268 -0.00016793 -0.0031072 -7.45515e-05 0.0169393 0.00666013 -0.0891857 -0.0452476 0.5 1.04525 1.08919 0.99334 0.983061 1.00007 1.00311 1.00017 0.99944 0.999935 1.0001 1.00002 0.999983 0.999996 1 1 1 1 1 1 1 1 
-2.24073e-08 2.2409e-08 -2.27843e-08 -5.35489e-08 2.24733e-07 4.9086e-07 -9.38721e-07 -2.85776e-06 4.30765e-06 1.71149e-05 -1.77395e-05 -9.89158e-05 6.45298e-05 0.000560262 -0.00016794 -0.0031072 -7.4539e-05 0.0169393 0.00666016 -0.0891857 -0.0452477 0.5 1.04525 1.08919 0.99334 0.983061 1.00007 1.00311 1.00017 0.99944 0.999935 1.0001 1.00002 0.999983 0.999996 1 1 1 1 1 1 1 1 
-2.2409e-08 2.24113e-08 -2.27913e-08 -5.35469e-08 2.24787e-07 4.90958e-07 -9.3874e-07 -2.85815e-06 4.30696e-06 1.71147e-05 -1.77381e-05 -9.89128e-05 6.45315e-05 0.000560258 -0.000167951 -0.00310721 -7.45305e-05 0.0169394 0.00666019 -0.0891857 -0.0452477 0.5 1.04525 1.08919 0.99334 0.983061 1.00007 1.00311 1.00017 0.99944 0.999935 1.0001 1.00002 0.999983 0.999996 1 1 1 1 1 1 1 1 
-2.24113e-08 2.24142e-08 -2.27975e-08 -5.35482e-08 2.24834e-07 4.9106e-07 -9.38722e-07 -2.85847e-06 4.30628e-06 1.71143e-05 -1.77369e-05 -9.89099e-05 6.45337e-05 0.000560255 -0.00016796 -0.00310722 -7.45257e-05 0.0169394 0.00666022 -0.0891857 -0.0452478 0.5 1.04525 1.08919 0.99334 0.983061 1.00007 1.00311 1.00017 0.99944 0.999935 1.0001 1.00002 0.999983 0.999996 1 1 1 1 1 1 1 1 
-2.24142e-08 2.24174e-08 -2.28031e-08 -5.35523e-08 2.24874e-07 4.91161e-07 -9.38673e-07 -2.85872e-06 4.30562e-06 1.71138e-05 -1.77361e-05 -9.89072e-05 6.45363e-05 0.000560253 -0.000167969 -0.00310723 -7.45241e-05 0.0169394 0.00666025 -0.0891857 -0.0452478 0.5 1.04525 1.08919 0.99334 0.983061 1.00007 1.00311 1.00017 0.99944 0.999935 1.0001 1.00002 0.999983 0.999996 1 1 1 1 1 1 1 1 
-2.24174e-08 2.24209e-08 -2.28079e-08 -5.35587e-08 2.24905e-07 4.91259e-07 -9.38599e-07 -2.85891e-06 4.30501e-06 1.71132e-05 -1.77356e-05 -9.89047e-05 6.45391e-05 0.000560252 -0.000167976 -0.00310724 -7.45254e-05 0.0169394 0.00666028 -0.0891857 -0.0452478 0.5 1.04525 1.08919 0.99334 0.983061 1.00007 1.00311 1.00017 0.99944 0.999935 1.0001 1.00002 0.999983 0.999996 1 1 1 1 1 1 1 1 
-2.24209e-08 2.24245e-08 -2.28119e-08 -5.35669e-08 2.2493e-07 4.91352e-07 -9.38505e-07 -2.85905e-06 4.30445e-06 1.71126e-05 -1.77353e-05 -9.89026e-05 6.45421e-05 0.000560253 -0.000167982 -0.00310725 -7.45291e-05 0.0169394 0.00666031 -0.0891857 -0.0452478 0.5 1.04525 1.08919 0.99334 0.983061 1.00007 1.00311 1.00017 0.99944 0.999935 1.0001 1.00002 0.999983 0.999996 1 1 1 1 1 1 1 1 
-2.24245e-08 2.24281e-08 -2.28151e-08 -5.35764e-08 2.24947e-07 4.91438e-07 -9.38396e-07 -2.85913e-06 4.30396e-06 1.71119e-05 -1.77353e-05 -9.89008e-05 6.45452e-05 0.000560254 -0.000167987 -0.00310726 -7.45348e-05 0.0169395 0.00666034 -0.0891857 -0.0452478 0.5 1.04525 1.08919 0.99334 0.983061 1.00007 1.00311 1.00017 0.99944 0.999935 1.0001 1.00002 0.999983 0.999996 1 1 1 1 1 1 1 1 
-2.24281e-08 2.24315e-08 -2.28175e-08 -5.35868e-08 2.24957e-07 4.91515e-07 -9.38277e-07 -2.85916e-06 4.30353e-06 1.71111e-05 -1.77355e-05 -9.88993e-05 6.45481e-05 0.000560255 -0.000167991 -0.00310727 -7.45419e-05 0.0169395 0.00666036 -0.0891856 -0.0452478 0.5 1.04525 1.08919 0.99334 0.983061 1.00007 1.00311 1.00017 0.99944 0.999935 1.0001 1.00002 0.999983 0.999996 1 1 1 1 1 1 1 1 
-2.24315e-08 2.24348e-08 -2.28192e-08 -5.35977e-08 2.24962e-07 4.91582e-07 -9.38154e-07 -2.85914e-06 4.30317e-06 1.71104e-05 -1.77358e-05 -9.88982e-05 6.45509e-05 0.000560257 -0.000167993 -0.00310728 -7.45501e-05 0.0169395 0.00666038 -0.0891856 -0.0452478 0.5 1.04525 1.08919 0.99334 0.983061 1.00007 1.00311 1.00017 0.99944 0.999935 1.0001 1.00002 0.999983 0.999996 1 1 1 1 1 1 1 1 
