0 0 0 0 0 0 0 0 0 0 0 0 0 0 0 0 0 0 0 0 0 0.5 1 1 1 1 1 1 1 1 1 1 1 1 1 1 1 1 1 1 1 1 1 
0 -8.56854e-24 1.37716e-22 -2.22205e-21 3.58523e-20 -5.78468e-19 9.33344e-18 -1.50593e-16 2.42978e-15 -3.92039e-14 6.32546e-13 -1.0206e-11 1.64671e-10 -2.65693e-09 4.2869e-08 -6.91681e-07 1.11601e-05 -0.000180066 0.00290532 -0.0468766 0.0535317 0.5 0.946468 1.04688 0.997095 1.00018 0.999989 1 1 1 1 1 1 1 1 1 1 1 1 1 1 1 1 
8.56854e-24 3.69028e-21 -5.95693e-20 9.0145e-19 -1.35856e-17 2.03725e-16 -3.03737e-15 4.49787e-14 -6.6072e-13 9.61179e-12 -1.38162e-10 1.95619e-09 -2.71574e-08 3.67102e-07 -4.77628e-06 5.85605e-05 -0.000646323 0.00560918 -0.0128559 -0.0536646 0.0632688 0.5 0.936731 1.05366 1.01286 0.994391 1.00065 0.999941 1 1 1 1 1 1 1 1 1 1 1 1 1 1 1 
-3.69028e-21 -6.64785e-19 1.0796e-17 -1.51348e-16 2.1007e-15 -2.8802e-14 3.89229e-13 -5.16999e-12 6.72436e-11 -8.52069e-10 1.0443e-08 -1.22475e-07 1.35141e-06 -1.3627e-05 0.000118602 -0.000774786 0.00211158 0.00480263 -0.0201439 -0.0616962 0.0667132 0.5 0.933287 1.0617 1.02014 0.995197 0.997888 1.00077 0.999881 1.00001 0.999999 1 1 1 1 1 1 1 1 1 1 1 1 
6.64785e-19 6.50191e-17 -1.06513e-15 1.36093e-14 -1.70692e-13 2.09187e-12 -2.49323e-11 2.87184e-10 -3.16911e-09 3.30844e-08 -3.20553e-07 2.79352e-06 -2.06832e-05 0.000115013 -0.00032689 -0.000367344 0.00349926 0.00474001 -0.0263018 -0.0677757 0.065482 0.5 0.934518 1.06778 1.0263 0.99526 0.996501 1.00037 1.00033 0.999885 1.00002 0.999997 1 1 1 1 1 1 1 1 1 1 1 
-6.50191e-17 -3.74954e-15 6.22418e-14 -7.08907e-13 7.82369e-12 -8.29534e-11 8.3701e-10 -7.93015e-09 6.91669e-08 -5.38372e-07 3.54498e-06 -1.77526e-05 5.07455e-05 1.89586e-05 -0.000512302 -6.37098e-05 0.00492526 0.00439532 -0.0305621 -0.0736902 0.0623483 0.5 0.937652 1.07369 1.03056 0.995605 0.995075 1.00006 1.00051 0.999981 0.999949 1.00002 0.999996 1 1 1 1 1 1 1 1 1 1 
3.74954e-15 1.29587e-13 -2.19764e-12 2.1622e-11 -2.01951e-10 1.76248e-09 -1.40942e-08 1.00243e-07 -6.03649e-07 2.80501e-06 -7.98538e-06 1.13537e-06 7.05743e-05 -6.1294e-05 -0.000715621 0.000371646 0.00604415 0.00438638 -0.0338324 -0.0791495 0.0580736 0.5 0.941926 1.07915 1.03383 0.995614 0.993956 0.999628 1.00072 1.00006 0.999929 0.999999 1.00001 0.999997 1 1 1 1 1 1 1 1 1 
-1.29587e-13 -2.60555e-12 4.58942e-11 -3.72147e-10 2.76668e-09 -1.82766e-08 1.02547e-07 -4.50181e-07 1.27384e-06 -6.53615e-07 -9.48119e-06 1.63516e-05 9.17969e-05 -0.000179614 -0.000850663 0.000753281 0.00706763 0.00457936 -0.0362468 -0.0842595 0.0532812 0.5 0.946719 1.08426 1.03625 0.995421 0.992932 0.999247 1.00085 1.00018 0.999908 0.999984 1.00001 1 0.999999 1 1 1 1 1 1 1 1 
2.60555e-12 2.79238e-11 -5.31277e-10 3.28672e-09 -1.74104e-08 7.30692e-08 -2.05577e-07 1.62842e-07 1.25672e-06 -3.1478e-06 -1.08548e-05 3.94487e-05 9.45376e-05 -0.000292651 -0.000973926 0.00110327 0.00798511 0.00499808 -0.0380307 -0.08896 0.0482941 0.5 0.951706 1.08896 1.03803 0.995002 0.992015 0.998897 1.00097 1.00029 0.999905 0.999961 1.00001 1 0.999999 1 1 1 1 1 1 1 1 
-2.79238e-11 -1.27093e-10 2.96601e-09 -1.19586e-08 3.34953e-08 -3.38464e-08 -1.64508e-07 5.38108e-07 1.19479e-06 -7.00549e-06 -7.71757e-06 6.10703e-05 9.22018e-05 -0.000406466 -0.00108421 0.00139753 0.00883417 0.00558738 -0.0392973 -0.0932418 0.0433413 0.5 0.956659 1.09324 1.0393 0.994413 0.991166 0.998602 1.00108 1.00041 0.999908 0.999939 1.00001 1.00001 0.999999 0.999999 1 1 1 1 1 1 1 
1.27093e-10 4.21221e-11 -5.42741e-09 6.50037e-09 2.11508e-08 -8.67514e-08 -1.2029e-07 1.12841e-06 1.712e-07 -1.02423e-05 -2.96009e-06 8.30004e-05 8.47469e-05 -0.000514316 -0.00119466 0.00164021 0.00961909 0.00631238 -0.0401488 -0.0970905 0.0385675 0.5 0.961433 1.09709 1.04015 0.993688 0.990381 0.99836 1.00119 1.00051 0.999915 0.999917 1 1.00001 1 0.999999 1 1 1 1 1 1 1 
-4.21221e-11 5.8269e-10 -3.34635e-09 1.36568e-08 1.03423e-08 -1.72432e-07 1.09483e-07 1.5201e-06 -1.20736e-06 -1.32906e-05 3.52016e-06 0.000103874 7.61892e-05 -0.000616904 -0.00130796 0.00183095 0.0103461 0.00713298 -0.0406606 -0.100507 0.0340702 0.5 0.96593 1.10051 1.04066 0.992867 0.989654 0.998169 1.00131 1.00062 0.999924 0.999896 0.999996 1.00001 1 0.999998 1 1 1 1 1 1 1 
-5.8269e-10 7.04618e-10 2.02588e-10 2.52205e-08 -3.38745e-08 -2.07002e-07 3.97258e-07 1.80691e-06 -2.98497e-06 -1.58644e-05 1.07828e-05 0.000124197 6.78642e-05 -0.000713268 -0.00142686 0.00197363 0.0110158 0.00801575 -0.0408972 -0.103501 0.0299109 0.5 0.970089 1.1035 1.0409 0.991984 0.988984 0.998026 1.00143 1.00071 0.999932 0.999876 0.999989 1.00002 1 0.999998 1 1 1 1 1 1 1 
-7.04618e-10 4.07082e-11 9.03609e-09 2.62134e-08 -8.5223e-08 -2.10372e-07 7.5381e-07 1.92386e-06 -4.96149e-06 -1.81374e-05 1.85207e-05 0.000143989 6.12179e-05 -0.000803471 -0.00155153 0.00207186 0.0116282 0.00893083 -0.0409122 -0.106088 0.0261258 0.5 0.973874 1.10609 1.04091 0.991069 0.988372 0.997928 1.00155 1.0008 0.999939 0.999856 0.999981 1.00002 1 0.999998 0.999999 1 1 1 1 1 1 
-4.07082e-11 -1.64278e-09 1.79387e-08 2.01956e-08 -1.45077e-07 -1.68442e-07 1.13579e-06 1.91323e-06 -7.08665e-06 -2.01675e-05 2.63586e-05 0.0001635 5.69709e-05 -0.000887305 -0.00168145 0.00213 0.0121828 0.00985319 -0.0407521 -0.108291 0.022732 0.5 0.977268 1.10829 1.04075 0.990147 0.987817 0.99787 1.00168 1.00089 0.999943 0.999837 0.999974 1.00002 1.00001 0.999998 0.999999 1 1 1 1 1 1 
1.64278e-09 -4.14693e-09 2.56471e-08 4.42436e-09 -2.03914e-07 -9.04488e-08 1.53481e-06 1.79059e-06 -9.29053e-06 -2.2077e-05 3.40845e-05 0.000182843 5.56149e-05 -0.000964672 -0.0018153 0.0021524 0.0126796 0.010762 -0.0404566 -0.110138 0.0197321 0.5 0.980268 1.11014 1.04046 0.989238 0.98732 0.997848 1.00182 1.00096 0.999944 0.999817 0.999966 1.00002 1.00001 0.999998 0.999998 1 1 1 1 1 1 
4.14693e-09 -7.0833e-09 2.99742e-08 -1.96459e-08 -2.59878e-07 2.05143e-08 1.93836e-06 1.58877e-06 -1.15419e-05 -2.39546e-05 4.15201e-05 0.000202105 5.73588e-05 -0.00103543 -0.00195148 0.0021435 0.0131188 0.0116403 -0.0400602 -0.111656 0.0171179 0.5 0.982882 1.11166 1.04006 0.98836 0.986881 0.997856 1.00195 1.00104 0.999943 0.999798 0.999958 1.00002 1.00001 0.999998 0.999998 1 1 1 1 1 1 
7.0833e-09 -9.94046e-09 3.03411e-08 -5.16385e-08 -3.10634e-07 1.57465e-07 2.34375e-06 1.33335e-06 -1.38146e-05 -2.58816e-05 4.85421e-05 0.000221298 6.22463e-05 -0.00109946 -0.0020882 0.0021077 0.0135017 0.0124749 -0.0395923 -0.112879 0.0148733 0.5 0.985127 1.11288 1.03959 0.987525 0.986498 0.997892 1.00209 1.0011 0.999938 0.999779 0.999951 1.00003 1.00001 0.999999 0.999998 1 1 1 1 1 1 
9.94046e-09 -1.22259e-08 2.65915e-08 -9.03828e-08 -3.5624e-07 3.15082e-07 2.7498e-06 1.04959e-06 -1.60928e-05 -2.79178e-05 5.50545e-05 0.000240386 7.01822e-05 -0.00115669 -0.00222366 0.00204924 0.0138298 0.0132558 -0.039078 -0.113837 0.0129764 0.5 0.987024 1.11384 1.03908 0.986744 0.98617 0.997951 1.00222 1.00116 0.99993 0.99976 0.999945 1.00003 1.00002 0.999999 0.999997 1 1 1 1 1 1 
1.22259e-08 -1.35295e-08 1.9205e-08 -1.34917e-07 -3.97258e-07 4.88038e-07 3.15797e-06 7.58466e-07 -1.8363e-05 -3.01062e-05 6.09858e-05 0.000259292 8.09749e-05 -0.00120707 -0.00235613 0.00197222 0.0141057 0.0139759 -0.0385385 -0.114561 0.0114013 0.5 0.988599 1.11456 1.03854 0.986024 0.985894 0.998028 1.00236 1.00121 0.999919 0.999741 0.999939 1.00003 1.00002 0.999999 0.999997 1 1 1 1 1 1 
1.35295e-08 -1.35671e-08 8.89289e-09 -1.84198e-07 -4.34921e-07 6.71875e-07 3.57028e-06 4.78034e-07 -2.06139e-05 -3.24734e-05 6.62824e-05 0.000277906 9.43604e-05 -0.00125066 -0.00248405 0.00188051 0.0143322 0.0146305 -0.0379915 -0.115083 0.0101199 0.5 0.98988 1.11508 1.03799 0.985369 0.985668 0.998119 1.00248 1.00125 0.999906 0.999722 0.999934 1.00003 1.00002 1 0.999996 0.999999 1 1 1 1 1 
1.35671e-08 -1.21869e-08 -3.50636e-09 -2.37288e-07 -4.70599e-07 8.62655e-07 3.989e-06 2.23105e-07 -2.28341e-05 -3.50316e-05 7.09063e-05 0.000296104 0.000110025 -0.00128756 -0.00260604 0.00177772 0.0145128 0.0152173 -0.0374511 -0.115432 0.00910256 0.5 0.990897 1.11543 1.03745 0.984783 0.985487 0.998222 1.00261 1.00129 0.99989 0.999704 0.999929 1.00004 1.00002 1 0.999996 0.999999 1 1 1 1 1 
1.21869e-08 -9.3588e-09 -1.71819e-08 -2.93323e-07 -5.05693e-07 1.05701e-06 4.41596e-06 5.73327e-09 -2.50115e-05 -3.77809e-05 7.48328e-05 0.000313749 0.00012762 -0.00131795 -0.00272093 0.00166717 0.0146511 0.0157355 -0.0369288 -0.115633 0.00831965 0.5 0.99168 1.11563 1.03693 0.984264 0.985349 0.998333 1.00272 1.00132 0.999872 0.999686 0.999925 1.00004 1.00003 1 0.999996 0.999999 1 1 1 1 1 
9.3588e-09 -5.15191e-09 -3.14141e-08 -3.51545e-07 -5.41485e-07 1.25202e-06 4.85244e-06 -1.6458e-07 -2.71336e-05 -4.07112e-05 7.80499e-05 0.000330707 0.000146781 -0.0013421 -0.00282778 0.00155191 0.0147513 0.0161862 -0.0364335 -0.115714 0.00774187 0.5 0.992258 1.11571 1.03643 0.983814 0.985249 0.998448 1.00283 1.00134 0.999853 0.999669 0.999922 1.00004 1.00003 1 0.999995 0.999999 1 1 1 1 1 
5.15191e-09 2.92201e-10 -4.5616e-08 -4.11296e-07 -5.79084e-07 1.44512e-06 5.29896e-06 -2.80601e-07 -2.91874e-05 -4.38041e-05 8.05569e-05 0.000346848 0.000167135 -0.00136033 -0.0029259 0.00143463 0.0148173 0.0165716 -0.0359717 -0.115696 0.00734105 0.5 0.992659 1.1157 1.03597 0.983428 0.985183 0.998565 1.00293 1.00136 0.999833 0.999653 0.999919 1.00004 1.00003 1 0.999995 0.999999 1 1 1 1 1 
-2.92201e-10 6.78552e-09 -5.93403e-08 -4.72022e-07 -6.19402e-07 1.63406e-06 5.7553e-06 -3.37152e-07 -3.11597e-05 -4.70347e-05 8.23642e-05 0.000362052 0.000188313 -0.00137303 -0.00301481 0.0013177 0.0148533 0.0168948 -0.0355481 -0.1156 0.00709055 0.5 0.992909 1.1156 1.03555 0.983105 0.985147 0.998682 1.00301 1.00137 0.999812 0.999638 0.999918 1.00005 1.00003 1 0.999994 0.999998 1 1 1 1 1 
-6.78552e-09 1.41163e-08 -7.22717e-08 -5.33261e-07 -6.63159e-07 1.81685e-06 6.2205e-06 -3.30914e-07 -3.30373e-05 -5.03734e-05 8.34922e-05 0.000376217 0.000209959 -0.00138062 -0.00309424 0.00120317 0.0148634 0.0171598 -0.0351655 -0.115445 0.00696553 0.5 0.993034 1.11545 1.03517 0.98284 0.985137 0.998797 1.00309 1.00138 0.99979 0.999624 0.999917 1.00005 1.00003 1 0.999994 0.999998 1 1 1 1 1 
-1.41163e-08 2.20675e-08 -8.42081e-08 -5.9463e-07 -7.10884e-07 1.99171e-06 6.69293e-06 -2.60251e-07 -3.48079e-05 -5.37872e-05 8.39707e-05 0.000389258 0.000231735 -0.00138359 -0.00316411 0.00109278 0.0148516 0.0173711 -0.0348253 -0.115247 0.0069432 0.5 0.993057 1.11525 1.03483 0.982629 0.985148 0.998907 1.00316 1.00138 0.999768 0.999611 0.999916 1.00005 1.00003 1 0.999993 0.999998 1 1 1 1 1 
-2.20675e-08 3.04299e-08 -9.50385e-08 -6.55813e-07 -7.62944e-07 2.15703e-06 7.17044e-06 -1.25055e-07 -3.64601e-05 -5.72412e-05 8.38376e-05 0.000401111 0.000253328 -0.00138243 -0.00322454 0.000987937 0.0148218 0.0175336 -0.0345277 -0.11502 0.00700291 0.5 0.992997 1.11502 1.03453 0.982466 0.985178 0.999012 1.00322 1.00138 0.999747 0.999599 0.999916 1.00006 1.00004 1 0.999993 0.999998 1 1 1 1 1 
-3.04299e-08 3.90112e-08 -1.04721e-07 -7.16547e-07 -8.19553e-07 2.31142e-06 7.65037e-06 7.3407e-08 -3.79837e-05 -6.06997e-05 8.31379e-05 0.000411732 0.000274454 -0.00137767 -0.00327577 0.000889758 0.0147775 0.0176523 -0.034272 -0.114776 0.00712619 0.5 0.992874 1.11478 1.03427 0.982348 0.985222 0.99911 1.00328 1.00138 0.999726 0.999588 0.999917 1.00006 1.00004 1 0.999992 0.999998 1 1 1 1 1 
-3.90112e-08 4.76413e-08 -1.1326e-07 -7.76603e-07 -8.80794e-07 2.4536e-06 8.12973e-06 3.32636e-07 -3.93703e-05 -6.41273e-05 8.19228e-05 0.000421097 0.000294864 -0.00136981 -0.00331819 0.000799087 0.014722 0.0177324 -0.0340566 -0.114524 0.00729676 0.5 0.992703 1.11452 1.03406 0.982268 0.985278 0.999201 1.00332 1.00137 0.999705 0.999579 0.999918 1.00006 1.00004 1 0.999992 0.999998 1 1 1 1 1 
-4.76413e-08 5.61741e-08 -1.20695e-07 -8.35781e-07 -9.4663e-07 2.5825e-06 8.60531e-06 6.49052e-07 -4.06133e-05 -6.74899e-05 8.02479e-05 0.000429205 0.000314338 -0.00135938 -0.0033523 0.000716509 0.0146585 0.0177789 -0.0338793 -0.114274 0.00750044 0.5 0.9925 1.11427 1.03388 0.982221 0.985342 0.999283 1.00335 1.00136 0.999686 0.999571 0.99992 1.00007 1.00004 0.999999 0.999991 0.999997 1 1 1 1 1 
-5.61741e-08 6.44878e-08 -1.27079e-07 -8.93895e-07 -1.01692e-06 2.6972e-06 9.07374e-06 1.01814e-06 -4.17081e-05 -7.07555e-05 7.81724e-05 0.000436071 0.000332697 -0.00134688 -0.00337868 0.000642374 0.0145895 0.0177967 -0.0337374 -0.11403 0.00772508 0.5 0.992275 1.11403 1.03374 0.982203 0.985411 0.999358 1.00338 1.00135 0.999667 0.999564 0.999922 1.00007 1.00004 0.999999 0.999991 0.999997 1 1 1 1 1 
-6.44878e-08 7.24835e-08 -1.32477e-07 -9.50768e-07 -1.09142e-06 2.79697e-06 9.53161e-06 1.43458e-06 -4.26522e-05 -7.38946e-05 7.57575e-05 0.00044173 0.000349793 -0.00133279 -0.00339798 0.000576829 0.0145175 0.0177906 -0.0336279 -0.1138 0.00796043 0.5 0.99204 1.1138 1.03363 0.982209 0.985482 0.999423 1.0034 1.00133 0.99965 0.999558 0.999924 1.00007 1.00004 0.999999 0.99999 0.999997 1 1 1 1 1 
-7.24835e-08 8.00826e-08 -1.36953e-07 -1.00622e-06 -1.16982e-06 2.88125e-06 9.97557e-06 1.89245e-06 -4.34453e-05 -7.6881e-05 7.30652e-05 0.000446232 0.000365516 -0.00131757 -0.00341087 0.000519834 0.0144447 0.017765 -0.0335476 -0.113585 0.00819799 0.5 0.991802 1.11359 1.03355 0.982235 0.985555 0.99948 1.00341 1.00132 0.999634 0.999554 0.999927 1.00008 1.00004 0.999998 0.99999 0.999997 1 1 1 1 1 
-8.00826e-08 8.72244e-08 -1.40571e-07 -1.06008e-06 -1.25171e-06 2.94968e-06 1.04024e-05 2.3853e-06 -4.4089e-05 -7.96921e-05 7.01574e-05 0.000449639 0.000379787 -0.00130163 -0.00341808 0.000471196 0.0143727 0.0177239 -0.0334932 -0.11339 0.0084309 0.5 0.991569 1.11339 1.03349 0.982276 0.985627 0.999529 1.00342 1.0013 0.99962 0.99955 0.99993 1.00008 1.00004 0.999998 0.99999 0.999997 1 1 1 1 1 
-8.72244e-08 9.38636e-08 -1.43387e-07 -1.11217e-06 -1.33663e-06 3.00209e-06 1.08092e-05 2.90638e-06 -4.45868e-05 -8.23089e-05 6.70943e-05 0.000452026 0.000392561 -0.00128536 -0.00342032 0.000430589 0.0143031 0.0176711 -0.0334615 -0.113216 0.00865373 0.5 0.991346 1.11322 1.03346 0.982329 0.985697 0.999569 1.00342 1.00129 0.999607 0.999548 0.999933 1.00008 1.00004 0.999997 0.999989 0.999997 1 1 1 1 1 
-9.38636e-08 9.99672e-08 -1.45455e-07 -1.16232e-06 -1.42405e-06 3.03851e-06 1.11931e-05 3.44871e-06 -4.49444e-05 -8.47165e-05 6.39339e-05 0.000453477 0.000403822 -0.00126909 -0.0034183 0.000397579 0.0142371 0.0176099 -0.0334492 -0.113063 0.00886238 0.5 0.991138 1.11306 1.03345 0.98239 0.985763 0.999602 1.00342 1.00127 0.999596 0.999547 0.999936 1.00008 1.00004 0.999997 0.999989 0.999997 1 1 1 1 1 
-9.99672e-08 1.05513e-07 -1.46824e-07 -1.21034e-06 -1.51342e-06 3.05917e-06 1.15517e-05 4.00528e-06 -4.51688e-05 -8.69039e-05 6.07307e-05 0.00045408 0.000413579 -0.00125313 -0.00341272 0.000371649 0.0141755 0.0175433 -0.0334531 -0.112931 0.00905389 0.5 0.990946 1.11293 1.03345 0.982457 0.985824 0.999628 1.00341 1.00125 0.999586 0.999546 0.999939 1.00009 1.00005 0.999996 0.999988 0.999997 1 1 1 1 1 
-1.05513e-07 1.10487e-07 -1.47539e-07 -1.25608e-06 -1.60412e-06 3.06446e-06 1.18831e-05 4.56915e-06 -4.52686e-05 -8.88642e-05 5.75354e-05 0.000453932 0.000421865 -0.00123773 -0.00340424 0.000352221 0.0141191 0.0174738 -0.0334704 -0.112821 0.00922631 0.5 0.990774 1.11282 1.03347 0.982526 0.985881 0.999648 1.0034 1.00124 0.999578 0.999546 0.999942 1.00009 1.00005 0.999995 0.999988 0.999997 1 1 1 1 1 
-1.10487e-07 1.14883e-07 -1.47644e-07 -1.29937e-06 -1.69552e-06 3.055e-06 1.21856e-05 5.13358e-06 -4.52536e-05 -9.0594e-05 5.43941e-05 0.000453127 0.000428736 -0.00122311 -0.00339348 0.000338674 0.0140684 0.0174036 -0.0334983 -0.112731 0.00937852 0.5 0.990621 1.11273 1.0335 0.982596 0.985932 0.999661 1.00339 1.00122 0.999571 0.999547 0.999946 1.00009 1.00005 0.999995 0.999988 0.999997 1 1 1 1 1 
-1.14883e-07 1.18702e-07 -1.4718e-07 -1.34007e-06 -1.78699e-06 3.03154e-06 1.24579e-05 5.69216e-06 -4.51345e-05 -9.20936e-05 5.13478e-05 0.000451764 0.000434261 -0.00120943 -0.00338102 0.000330363 0.0140235 0.0173345 -0.0335342 -0.112661 0.00951016 0.5 0.99049 1.11266 1.03353 0.982665 0.985977 0.99967 1.00338 1.00121 0.999566 0.999548 0.999949 1.00009 1.00005 0.999994 0.999988 0.999997 1 1 1 1 1 
-1.18702e-07 1.21946e-07 -1.4619e-07 -1.37805e-06 -1.87787e-06 2.995e-06 1.26993e-05 6.23886e-06 -4.49227e-05 -9.33668e-05 4.84321e-05 0.000449937 0.000438529 -0.00119682 -0.00336739 0.000326634 0.0139845 0.0172681 -0.0335759 -0.112608 0.00962143 0.5 0.990379 1.11261 1.03358 0.982732 0.986015 0.999673 1.00337 1.0012 0.999561 0.99955 0.999952 1.00009 1.00004 0.999994 0.999987 0.999997 1 1 1 1 1 
-1.21946e-07 1.24628e-07 -1.44718e-07 -1.41321e-06 -1.96754e-06 2.94641e-06 1.29094e-05 6.76815e-06 -4.46303e-05 -9.44201e-05 4.56773e-05 0.000447738 0.000441634 -0.00118539 -0.00335306 0.00032684 0.0139515 0.0172055 -0.0336214 -0.112571 0.00971303 0.5 0.990287 1.11257 1.03362 0.982795 0.986048 0.999673 1.00335 1.00119 0.999558 0.999552 0.999954 1.00009 1.00004 0.999993 0.999987 0.999997 1 1 1 1 1 
-1.24628e-07 1.2676e-07 -1.42809e-07 -1.44547e-06 -2.05537e-06 2.88696e-06 1.30882e-05 7.27508e-06 -4.42694e-05 -9.52629e-05 4.31081e-05 0.000445256 0.000443683 -0.00117518 -0.00333845 0.000330352 0.0139242 0.0171476 -0.0336689 -0.112548 0.00978603 0.5 0.990214 1.11255 1.03367 0.982852 0.986076 0.99967 1.00334 1.00118 0.999556 0.999555 0.999957 1.0001 1.00004 0.999993 0.999987 0.999997 1 1 1 1 1 
-1.2676e-07 1.28361e-07 -1.4051e-07 -1.47477e-06 -2.14077e-06 2.81788e-06 1.32362e-05 7.7553e-06 -4.38522e-05 -9.59066e-05 4.07435e-05 0.000442572 0.000444785 -0.00116623 -0.00332391 0.000336568 0.0139024 0.017095 -0.0337169 -0.112537 0.00984178 0.5 0.990158 1.11254 1.03372 0.982905 0.986098 0.999663 1.00332 1.00117 0.999555 0.999557 0.999959 1.0001 1.00004 0.999992 0.999987 0.999997 1 1 1 1 1 
-1.28361e-07 1.29452e-07 -1.37871e-07 -1.50108e-06 -2.22321e-06 2.7405e-06 1.33542e-05 8.20509e-06 -4.33908e-05 -9.63647e-05 3.85976e-05 0.000439763 0.000445053 -0.00115853 -0.00330976 0.000344923 0.0138856 0.0170481 -0.0337642 -0.112537 0.00988182 0.5 0.990118 1.11254 1.03376 0.982952 0.986114 0.999655 1.00331 1.00116 0.999555 0.99956 0.999961 1.0001 1.00004 0.999992 0.999987 0.999997 1 1 1 1 1 
-1.29452e-07 1.30058e-07 -1.34943e-07 -1.52441e-06 -2.30219e-06 2.65619e-06 1.34432e-05 8.62145e-06 -4.28968e-05 -9.66521e-05 3.66791e-05 0.000436897 0.000444601 -0.00115207 -0.00329623 0.000354892 0.0138735 0.0170071 -0.0338097 -0.112546 0.00990783 0.5 0.990092 1.11255 1.03381 0.982993 0.986126 0.999645 1.0033 1.00115 0.999555 0.999563 0.999963 1.0001 1.00004 0.999991 0.999987 0.999997 1 1 1 1 1 
-1.30058e-07 1.30209e-07 -1.31777e-07 -1.5448e-06 -2.37724e-06 2.56632e-06 1.35048e-05 9.00202e-06 -4.23813e-05 -9.67849e-05 3.49922e-05 0.000434037 0.00044354 -0.00114678 -0.00328354 0.000365999 0.0138656 0.0169721 -0.0338526 -0.112561 0.00992155 0.5 0.990078 1.11256 1.03385 0.983028 0.986134 0.999634 1.00328 1.00115 0.999556 0.999566 0.999965 1.0001 1.00004 0.999991 0.999986 0.999997 1 1 1 1 1 
-1.30209e-07 1.29936e-07 -1.28427e-07 -1.56228e-06 -2.448e-06 2.47228e-06 1.35406e-05 9.34513e-06 -4.18546e-05 -9.67799e-05 3.35367e-05 0.000431234 0.000441977 -0.00114263 -0.00327184 0.000377815 0.0138614 0.0169428 -0.0338923 -0.112583 0.0099247 0.5 0.990075 1.11258 1.03389 0.983057 0.986139 0.999622 1.00327 1.00114 0.999558 0.999569 0.999966 1.0001 1.00004 0.999991 0.999986 0.999998 1 1 1 1 1 
-1.29936e-07 1.29271e-07 -1.24944e-07 -1.57696e-06 -2.51415e-06 2.37542e-06 1.35526e-05 9.64976e-06 -4.13264e-05 -9.66543e-05 3.23085e-05 0.000428536 0.000440016 -0.00113951 -0.00326123 0.000389963 0.0138605 0.0169191 -0.0339283 -0.112608 0.00991899 0.5 0.990081 1.11261 1.03393 0.983081 0.98614 0.99961 1.00326 1.00114 0.99956 0.999571 0.999968 1.0001 1.00004 0.99999 0.999986 0.999998 1 1 1 1 1 
-1.29271e-07 1.28253e-07 -1.21381e-07 -1.58895e-06 -2.57541e-06 2.27705e-06 1.35428e-05 9.91554e-06 -4.08053e-05 -9.64253e-05 3.13003e-05 0.00042598 0.000437753 -0.00113736 -0.00325179 0.000402117 0.0138623 0.0169007 -0.0339604 -0.112636 0.00990607 0.5 0.990094 1.11264 1.03396 0.983099 0.986138 0.999598 1.00325 1.00114 0.999562 0.999574 0.999969 1.0001 1.00004 0.99999 0.999986 0.999998 1 1 1 1 1 
-1.28253e-07 1.26918e-07 -1.17786e-07 -1.59837e-06 -2.63161e-06 2.17841e-06 1.35135e-05 1.01427e-05 -4.02991e-05 -9.61099e-05 3.05016e-05 0.000423596 0.000435277 -0.00113607 -0.00324354 0.000414 0.0138663 0.0168871 -0.0339884 -0.112665 0.00988746 0.5 0.990113 1.11267 1.03399 0.983113 0.986134 0.999586 1.00324 1.00114 0.999565 0.999576 0.999969 1.0001 1.00004 0.99999 0.999986 0.999998 1 1 1 1 1 
-1.26918e-07 1.25305e-07 -1.14208e-07 -1.60537e-06 -2.68263e-06 2.08067e-06 1.3467e-05 1.03318e-05 -3.98142e-05 -9.57247e-05 2.98996e-05 0.000421408 0.00043267 -0.00113554 -0.00323649 0.000425385 0.0138722 0.0168778 -0.0340124 -0.112695 0.00986457 0.5 0.990135 1.1127 1.03401 0.983122 0.986128 0.999575 1.00324 1.00114 0.999567 0.999579 0.99997 1.0001 1.00004 0.99999 0.999987 0.999998 1 1 1 1 1 
-1.25305e-07 1.23455e-07 -1.10691e-07 -1.61014e-06 -2.72841e-06 1.9849e-06 1.34055e-05 1.04843e-05 -3.93565e-05 -9.52855e-05 2.94797e-05 0.000419431 0.000430002 -0.00113569 -0.00323062 0.00043609 0.0138795 0.0168725 -0.0340323 -0.112725 0.00983871 0.5 0.990161 1.11272 1.03403 0.983128 0.98612 0.999564 1.00323 1.00114 0.99957 0.999581 0.999971 1.0001 1.00004 0.99999 0.999987 0.999998 1 1 1 1 1 
-1.23455e-07 1.21407e-07 -1.07274e-07 -1.61283e-06 -2.76896e-06 1.89207e-06 1.33316e-05 1.06018e-05 -3.89305e-05 -9.48071e-05 2.92255e-05 0.000417677 0.000427338 -0.00113639 -0.00322587 0.000445977 0.0138878 0.0168705 -0.0340484 -0.112754 0.009811 0.5 0.990189 1.11275 1.03405 0.983129 0.986112 0.999554 1.00323 1.00114 0.999573 0.999582 0.999971 1.00009 1.00004 0.999989 0.999987 0.999998 1 1 1 1 1 
-1.21407e-07 1.19202e-07 -1.03994e-07 -1.61366e-06 -2.80435e-06 1.80303e-06 1.32475e-05 1.06862e-05 -3.85398e-05 -9.43033e-05 2.91201e-05 0.000416149 0.000424732 -0.00113757 -0.0032222 0.000454946 0.0138967 0.0168715 -0.0340609 -0.112781 0.00978245 0.5 0.990218 1.11278 1.03406 0.983129 0.986103 0.999545 1.00322 1.00114 0.999575 0.999584 0.999971 1.00009 1.00004 0.999989 0.999987 0.999998 1 1 1 1 1 
-1.19202e-07 1.16877e-07 -1.00882e-07 -1.61282e-06 -2.8347e-06 1.71852e-06 1.31554e-05 1.07399e-05 -3.8187e-05 -9.37868e-05 2.91455e-05 0.000414848 0.00042223 -0.00113912 -0.0032195 0.000462933 0.013906 0.0168748 -0.03407 -0.112806 0.00975391 0.5 0.990246 1.11281 1.03407 0.983125 0.986094 0.999537 1.00322 1.00114 0.999578 0.999585 0.999971 1.00009 1.00004 0.999989 0.999987 0.999998 1 1 1 1 1 
-1.16877e-07 1.14472e-07 -9.79663e-08 -1.6105e-06 -2.86019e-06 1.63916e-06 1.30576e-05 1.07654e-05 -3.78738e-05 -9.32688e-05 2.92838e-05 0.000413767 0.00041987 -0.00114096 -0.00321771 0.000469907 0.0139154 0.0168801 -0.0340761 -0.112829 0.00972609 0.5 0.990274 1.11283 1.03408 0.98312 0.986085 0.99953 1.00322 1.00114 0.99958 0.999586 0.999971 1.00009 1.00004 0.999989 0.999987 0.999998 1 1 1 1 1 
-1.14472e-07 1.12021e-07 -9.52672e-08 -1.60691e-06 -2.88103e-06 1.56544e-06 1.2956e-05 1.07655e-05 -3.7601e-05 -9.27593e-05 2.95172e-05 0.000412899 0.000417681 -0.00114301 -0.00321673 0.000475863 0.0139245 0.016887 -0.0340796 -0.11285 0.00969957 0.5 0.9903 1.11285 1.03408 0.983113 0.986075 0.999524 1.00322 1.00114 0.999582 0.999587 0.99997 1.00009 1.00004 0.999989 0.999987 0.999998 1 1 1 1 1 
-1.12021e-07 1.09559e-07 -9.28019e-08 -1.60225e-06 -2.89748e-06 1.49774e-06 1.28525e-05 1.0743e-05 -3.73686e-05 -9.22668e-05 2.98285e-05 0.000412232 0.000415683 -0.00114519 -0.00321645 0.000480819 0.0139334 0.0168949 -0.0340807 -0.112868 0.00967479 0.5 0.990325 1.11287 1.03408 0.983105 0.986067 0.999519 1.00322 1.00115 0.999584 0.999588 0.99997 1.00009 1.00004 0.999989 0.999987 0.999999 1 1 1 1 1 
-1.09559e-07 1.07117e-07 -9.05822e-08 -1.59671e-06 -2.90983e-06 1.43632e-06 1.27489e-05 1.07009e-05 -3.7176e-05 -9.17987e-05 3.02009e-05 0.000411752 0.000413893 -0.00114743 -0.00321678 0.000484815 0.0139417 0.0169036 -0.0340798 -0.112884 0.0096521 0.5 0.990348 1.11288 1.03408 0.983096 0.986058 0.999515 1.00322 1.00115 0.999586 0.999588 0.99997 1.00009 1.00004 0.999989 0.999987 0.999999 1 1 1 1 1 
-1.07117e-07 1.04723e-07 -8.86153e-08 -1.59047e-06 -2.91839e-06 1.38132e-06 1.26468e-05 1.06421e-05 -3.70218e-05 -9.13607e-05 3.0619e-05 0.000411442 0.000412318 -0.00114968 -0.00321762 0.000487904 0.0139494 0.0169127 -0.0340772 -0.112896 0.00963171 0.5 0.990368 1.1129 1.03408 0.983087 0.986051 0.999512 1.00322 1.00115 0.999588 0.999589 0.999969 1.00009 1.00004 0.999989 0.999987 0.999999 1 1 1 1 1 
-1.04723e-07 1.02403e-07 -8.69036e-08 -1.58372e-06 -2.9235e-06 1.3328e-06 1.25475e-05 1.05693e-05 -3.69044e-05 -9.09575e-05 3.10681e-05 0.000411286 0.000410961 -0.00115189 -0.00321887 0.000490154 0.0139564 0.0169219 -0.0340733 -0.112907 0.00961377 0.5 0.990386 1.11291 1.03407 0.983078 0.986044 0.99951 1.00322 1.00115 0.999589 0.999589 0.999969 1.00009 1.00004 0.999989 0.999987 0.999999 1 1 1 1 1 
-1.02403e-07 1.00178e-07 -8.54458e-08 -1.57662e-06 -2.92549e-06 1.2907e-06 1.24522e-05 1.04855e-05 -3.68213e-05 -9.05924e-05 3.15351e-05 0.000411265 0.00040982 -0.00115401 -0.00322045 0.000491639 0.0139627 0.016931 -0.0340684 -0.112915 0.00959832 0.5 0.990402 1.11291 1.03407 0.983069 0.986037 0.999508 1.00322 1.00115 0.99959 0.999589 0.999968 1.00009 1.00004 0.99999 0.999988 0.999999 1 1 1 1 1 
-1.00178e-07 9.80696e-08 -8.42364e-08 -1.56932e-06 -2.92472e-06 1.25488e-06 1.23619e-05 1.03932e-05 -3.67699e-05 -9.02677e-05 3.20081e-05 0.00041136 0.000408887 -0.00115602 -0.00322226 0.000492441 0.0139681 0.0169398 -0.0340627 -0.112921 0.00958535 0.5 0.990415 1.11292 1.03406 0.98306 0.986032 0.999508 1.00322 1.00116 0.999591 0.999589 0.999968 1.00009 1.00004 0.99999 0.999988 0.999999 1 1 1 1 1 
-9.80696e-08 9.60919e-08 -8.32668e-08 -1.56196e-06 -2.92154e-06 1.22513e-06 1.22775e-05 1.0295e-05 -3.67475e-05 -8.99845e-05 3.24765e-05 0.000411554 0.000408155 -0.00115787 -0.00322425 0.000492644 0.0139728 0.0169481 -0.0340565 -0.112924 0.00957479 0.5 0.990425 1.11292 1.03406 0.983052 0.986027 0.999507 1.00322 1.00116 0.999592 0.999588 0.999968 1.00009 1.00004 0.99999 0.999988 0.999999 1 1 1 1 1 
-9.60919e-08 9.42577e-08 -8.25253e-08 -1.55466e-06 -2.91631e-06 1.20117e-06 1.21995e-05 1.01932e-05 -3.6751e-05 -8.97432e-05 3.29316e-05 0.000411829 0.000407608 -0.00115956 -0.00322632 0.000492333 0.0139766 0.0169559 -0.0340501 -0.112926 0.00956651 0.5 0.990433 1.11293 1.03405 0.983044 0.986023 0.999508 1.00323 1.00116 0.999592 0.999588 0.999967 1.00009 1.00004 0.99999 0.999988 0.999999 1 1 1 1 1 
-9.42577e-08 9.25766e-08 -8.1998e-08 -1.54753e-06 -2.90935e-06 1.18266e-06 1.21285e-05 1.00899e-05 -3.67771e-05 -8.9543e-05 3.33656e-05 0.000412167 0.000407234 -0.00116108 -0.00322843 0.000491594 0.0139797 0.0169629 -0.0340436 -0.112927 0.00956035 0.5 0.99044 1.11293 1.03404 0.983037 0.98602 0.999508 1.00323 1.00116 0.999593 0.999588 0.999967 1.00009 1.00004 0.99999 0.999988 0.999999 1 1 1 1 1 
-9.25766e-08 9.10547e-08 -8.16689e-08 -1.54066e-06 -2.901e-06 1.16922e-06 1.20647e-05 9.98704e-06 -3.68227e-05 -8.93827e-05 3.37724e-05 0.000412552 0.000407014 -0.0011624 -0.00323052 0.000490507 0.0139821 0.0169692 -0.0340372 -0.112926 0.00955614 0.5 0.990444 1.11293 1.03404 0.983031 0.986018 0.999509 1.00323 1.00116 0.999593 0.999587 0.999966 1.00009 1.00004 0.99999 0.999988 0.999999 1 1 1 1 1 
-9.10547e-08 8.96955e-08 -8.15204e-08 -1.53414e-06 -2.89156e-06 1.16045e-06 1.20083e-05 9.8863e-06 -3.68846e-05 -8.92604e-05 3.41472e-05 0.00041297 0.000406932 -0.00116354 -0.00323255 0.000489148 0.0139838 0.0169747 -0.034031 -0.112924 0.00955367 0.5 0.990446 1.11292 1.03403 0.983025 0.986016 0.999511 1.00323 1.00116 0.999593 0.999587 0.999966 1.00009 1.00004 0.99999 0.999988 0.999999 1 1 1 1 1 
-8.96955e-08 8.84997e-08 -8.15339e-08 -1.52802e-06 -2.88133e-06 1.15588e-06 1.19593e-05 9.78913e-06 -3.69597e-05 -8.91737e-05 3.44865e-05 0.000413407 0.00040697 -0.00116449 -0.00323447 0.000487591 0.0139848 0.0169794 -0.0340252 -0.112922 0.00955272 0.5 0.990447 1.11292 1.03403 0.983021 0.986015 0.999512 1.00323 1.00116 0.999593 0.999587 0.999966 1.00009 1.00004 0.99999 0.999988 0.999999 1 1 1 1 1 
-8.84997e-08 8.74657e-08 -8.16902e-08 -1.52235e-06 -2.87058e-06 1.15508e-06 1.19176e-05 9.69674e-06 -3.7045e-05 -8.91198e-05 3.47879e-05 0.000413851 0.00040711 -0.00116525 -0.00323627 0.000485901 0.0139854 0.0169833 -0.0340198 -0.112918 0.00955308 0.5 0.990447 1.11292 1.03402 0.983017 0.986015 0.999514 1.00324 1.00117 0.999593 0.999586 0.999965 1.00009 1.00004 0.99999 0.999988 0.999999 1 1 1 1 1 
-8.74657e-08 8.65896e-08 -8.19699e-08 -1.51718e-06 -2.85954e-06 1.15757e-06 1.1883e-05 9.61014e-06 -3.71377e-05 -8.90956e-05 3.50501e-05 0.000414291 0.000407334 -0.00116585 -0.00323791 0.000484135 0.0139855 0.0169864 -0.0340149 -0.112915 0.00955455 0.5 0.990445 1.11291 1.03401 0.983014 0.986015 0.999516 1.00324 1.00117 0.999593 0.999586 0.999965 1.00009 1.00004 0.99999 0.999988 0.999999 1 1 1 1 1 
-8.65896e-08 8.58655e-08 -8.23535e-08 -1.51253e-06 -2.84844e-06 1.1629e-06 1.18551e-05 9.53012e-06 -3.72352e-05 -8.90978e-05 3.52729e-05 0.000414718 0.000407625 -0.00116629 -0.00323939 0.000482347 0.0139852 0.0169888 -0.0340105 -0.11291 0.0095569 0.5 0.990443 1.11291 1.03401 0.983011 0.986015 0.999518 1.00324 1.00117 0.999592 0.999585 0.999965 1.00009 1.00004 0.99999 0.999988 0.999999 1 1 1 1 1 
-8.58655e-08 8.5286e-08 -8.28222e-08 -1.5084e-06 -2.83748e-06 1.17061e-06 1.18337e-05 9.45723e-06 -3.73351e-05 -8.91231e-05 3.54567e-05 0.000415125 0.000407967 -0.00116658 -0.00324069 0.000480581 0.0139845 0.0169906 -0.0340068 -0.112906 0.00955995 0.5 0.99044 1.11291 1.03401 0.983009 0.986015 0.999519 1.00324 1.00117 0.999592 0.999585 0.999965 1.00009 1.00004 0.999991 0.999988 0.999999 1 1 1 1 1 
-8.5286e-08 8.48422e-08 -8.33576e-08 -1.5048e-06 -2.82682e-06 1.18027e-06 1.18182e-05 9.39188e-06 -3.74354e-05 -8.9168e-05 3.56028e-05 0.000415505 0.000408345 -0.00116673 -0.00324181 0.000478874 0.0139836 0.0169917 -0.0340035 -0.112902 0.0095635 0.5 0.990436 1.1129 1.034 0.983008 0.986016 0.999521 1.00324 1.00117 0.999592 0.999584 0.999964 1.00009 1.00004 0.999991 0.999988 0.999999 1 1 1 1 1 
-8.48422e-08 8.45243e-08 -8.39426e-08 -1.50173e-06 -2.81661e-06 1.19145e-06 1.18082e-05 9.33425e-06 -3.7534e-05 -8.92292e-05 3.57131e-05 0.000415854 0.000408746 -0.00116677 -0.00324275 0.000477257 0.0139824 0.0169923 -0.0340009 -0.112897 0.00956741 0.5 0.990433 1.1129 1.034 0.983008 0.986018 0.999523 1.00324 1.00117 0.999591 0.999584 0.999964 1.00009 1.00004 0.999991 0.999988 0.999999 1 1 1 1 1 
-8.45243e-08 8.43214e-08 -8.45611e-08 -1.49917e-06 -2.80695e-06 1.20378e-06 1.1803e-05 9.2844e-06 -3.76295e-05 -8.93035e-05 3.57899e-05 0.000416168 0.000409157 -0.00116671 -0.00324351 0.000475754 0.0139812 0.0169924 -0.0339987 -0.112893 0.00957151 0.5 0.990428 1.11289 1.034 0.983008 0.986019 0.999524 1.00324 1.00117 0.999591 0.999584 0.999964 1.00009 1.00004 0.999991 0.999988 0.999999 1 1 1 1 1 
-8.43214e-08 8.42223e-08 -8.51981e-08 -1.49709e-06 -2.79795e-06 1.21689e-06 1.18023e-05 9.24223e-06 -3.77203e-05 -8.93877e-05 3.5836e-05 0.000416446 0.000409568 -0.00116656 -0.00324411 0.000474383 0.0139798 0.0169921 -0.0339971 -0.112889 0.00957568 0.5 0.990424 1.11289 1.034 0.983008 0.98602 0.999526 1.00324 1.00117 0.99959 0.999584 0.999964 1.00009 1.00004 0.999991 0.999988 0.999999 1 1 1 1 1 
-8.42223e-08 8.42153e-08 -8.58404e-08 -1.49547e-06 -2.78968e-06 1.23044e-06 1.18054e-05 9.20751e-06 -3.78055e-05 -8.9479e-05 3.58544e-05 0.000416686 0.000409969 -0.00116635 -0.00324456 0.000473156 0.0139783 0.0169915 -0.0339959 -0.112886 0.0095798 0.5 0.99042 1.11289 1.034 0.983008 0.986022 0.999527 1.00324 1.00117 0.99959 0.999583 0.999964 1.00009 1.00004 0.999991 0.999988 0.999999 1 1 1 1 1 
-8.42153e-08 8.42888e-08 -8.6476e-08 -1.49428e-06 -2.78219e-06 1.24413e-06 1.18118e-05 9.17991e-06 -3.78841e-05 -8.95746e-05 3.58482e-05 0.000416887 0.000410353 -0.00116608 -0.00324486 0.00047208 0.0139769 0.0169906 -0.0339952 -0.112883 0.00958379 0.5 0.990416 1.11288 1.034 0.983009 0.986023 0.999528 1.00324 1.00117 0.99959 0.999583 0.999964 1.00009 1.00004 0.999991 0.999988 0.999999 1 1 1 1 1 
-8.42888e-08 8.44309e-08 -8.70945e-08 -1.49349e-06 -2.7755e-06 1.25772e-06 1.18209e-05 9.15902e-06 -3.79555e-05 -8.96721e-05 3.58208e-05 0.000417051 0.000410713 -0.00116577 -0.00324503 0.000471158 0.0139755 0.0169895 -0.0339949 -0.11288 0.00958756 0.5 0.990412 1.11288 1.03399 0.98301 0.986025 0.999529 1.00325 1.00117 0.999589 0.999583 0.999964 1.00009 1.00004 0.999991 0.999988 0.999999 1 1 1 1 1 
-8.44309e-08 8.46305e-08 -8.76872e-08 -1.49304e-06 -2.76963e-06 1.27096e-06 1.18322e-05 9.14435e-06 -3.80194e-05 -8.97694e-05 3.57755e-05 0.00041718 0.000411045 -0.00116543 -0.00324509 0.000470388 0.0139741 0.0169882 -0.0339948 -0.112877 0.00959105 0.5 0.990409 1.11288 1.03399 0.983012 0.986026 0.99953 1.00325 1.00117 0.999589 0.999583 0.999964 1.00009 1.00004 0.999991 0.999988 0.999999 1 1 1 1 1 
-8.46305e-08 8.48765e-08 -8.82467e-08 -1.49291e-06 -2.76458e-06 1.28367e-06 1.18453e-05 9.13537e-06 -3.80753e-05 -8.98646e-05 3.57154e-05 0.000417274 0.000411346 -0.00116508 -0.00324505 0.000469766 0.0139728 0.0169869 -0.0339951 -0.112875 0.00959423 0.5 0.990406 1.11288 1.034 0.983013 0.986027 0.99953 1.00325 1.00117 0.999589 0.999583 0.999964 1.00009 1.00004 0.999991 0.999988 0.999999 1 1 1 1 1 
-8.48765e-08 8.51586e-08 -8.87672e-08 -1.49306e-06 -2.76032e-06 1.29568e-06 1.18596e-05 9.13149e-06 -3.81234e-05 -8.99562e-05 3.56437e-05 0.000417337 0.000411611 -0.00116472 -0.00324492 0.000469285 0.0139716 0.0169855 -0.0339956 -0.112874 0.00959707 0.5 0.990403 1.11287 1.034 0.983015 0.986028 0.999531 1.00324 1.00116 0.999588 0.999583 0.999964 1.00009 1.00004 0.999991 0.999988 0.999999 1 1 1 1 1 
-8.51586e-08 8.54671e-08 -8.92443e-08 -1.49344e-06 -2.75683e-06 1.30688e-06 1.18747e-05 9.13214e-06 -3.81637e-05 -9.00427e-05 3.55634e-05 0.000417371 0.000411842 -0.00116437 -0.00324473 0.000468935 0.0139706 0.016984 -0.0339963 -0.112872 0.00959954 0.5 0.9904 1.11287 1.034 0.983016 0.986029 0.999531 1.00324 1.00116 0.999588 0.999583 0.999964 1.00009 1.00004 0.999991 0.999988 0.999999 1 1 1 1 1 
-8.54671e-08 8.5793e-08 -8.96749e-08 -1.49402e-06 -2.75407e-06 1.31716e-06 1.18902e-05 9.13669e-06 -3.81964e-05 -9.01232e-05 3.54773e-05 0.000417379 0.000412036 -0.00116403 -0.00324448 0.000468704 0.0139696 0.0169826 -0.0339971 -0.112871 0.00960164 0.5 0.990398 1.11287 1.034 0.983017 0.98603 0.999531 1.00324 1.00116 0.999588 0.999583 0.999965 1.00009 1.00004 0.999991 0.999988 0.999999 1 1 1 1 1 
-8.5793e-08 8.61284e-08 -9.00572e-08 -1.49476e-06 -2.75199e-06 1.32645e-06 1.19059e-05 9.14456e-06 -3.82219e-05 -9.01968e-05 3.53877e-05 0.000417365 0.000412195 -0.0011637 -0.0032442 0.000468581 0.0139688 0.0169813 -0.033998 -0.11287 0.00960338 0.5 0.990397 1.11287 1.034 0.983019 0.986031 0.999531 1.00324 1.00116 0.999588 0.999583 0.999965 1.00009 1.00004 0.999991 0.999988 0.999999 1 1 1 1 1 
-8.61284e-08 8.64658e-08 -9.03904e-08 -1.49562e-06 -2.75054e-06 1.33472e-06 1.19213e-05 9.15517e-06 -3.82407e-05 -9.0263e-05 3.52971e-05 0.000417332 0.00041232 -0.0011634 -0.00324388 0.000468553 0.0139681 0.01698 -0.033999 -0.11287 0.00960477 0.5 0.990395 1.11287 1.034 0.98302 0.986032 0.999531 1.00324 1.00116 0.999588 0.999583 0.999965 1.00009 1.00004 0.999991 0.999988 0.999999 1 1 1 1 1 
-8.64658e-08 8.6799e-08 -9.06746e-08 -1.49658e-06 -2.74966e-06 1.34195e-06 1.19362e-05 9.16794e-06 -3.82533e-05 -9.03214e-05 3.52073e-05 0.000417282 0.000412412 -0.00116312 -0.00324355 0.000468606 0.0139675 0.0169789 -0.034 -0.11287 0.00960582 0.5 0.990394 1.11287 1.034 0.983021 0.986032 0.999531 1.00324 1.00116 0.999588 0.999583 0.999965 1.00009 1.00004 0.999991 0.999988 0.999999 1 1 1 1 1 
-8.6799e-08 8.71225e-08 -9.09111e-08 -1.49759e-06 -2.74929e-06 1.34815e-06 1.19505e-05 9.18235e-06 -3.82602e-05 -9.0372e-05 3.51202e-05 0.00041722 0.000412475 -0.00116288 -0.00324321 0.000468727 0.013967 0.0169778 -0.034001 -0.11287 0.00960657 0.5 0.990393 1.11287 1.034 0.983022 0.986033 0.999531 1.00324 1.00116 0.999588 0.999583 0.999965 1.00009 1.00004 0.999991 0.999988 0.999999 1 1 1 1 1 
-8.71225e-08 8.74316e-08 -9.11016e-08 -1.49864e-06 -2.74936e-06 1.35333e-06 1.19639e-05 9.19792e-06 -3.8262e-05 -9.04146e-05 3.50371e-05 0.000417148 0.00041251 -0.00116266 -0.00324288 0.000468903 0.0139667 0.0169768 -0.034002 -0.11287 0.00960704 0.5 0.990393 1.11287 1.034 0.983023 0.986033 0.999531 1.00324 1.00116 0.999587 0.999583 0.999965 1.00009 1.00004 0.999991 0.999988 0.999999 1 1 1 1 1 
-8.74316e-08 8.77227e-08 -9.12486e-08 -1.4997e-06 -2.74982e-06 1.35754e-06 1.19763e-05 9.21419e-06 -3.82595e-05 -9.04495e-05 3.49592e-05 0.000417069 0.00041252 -0.00116248 -0.00324256 0.000469122 0.0139664 0.016976 -0.034003 -0.112871 0.00960726 0.5 0.990393 1.11287 1.034 0.983024 0.986034 0.999531 1.00324 1.00116 0.999587 0.999583 0.999965 1.00009 1.00004 0.999991 0.999988 0.999999 1 1 1 1 1 
-8.77227e-08 8.79927e-08 -9.1355e-08 -1.50075e-06 -2.75061e-06 1.36083e-06 1.19876e-05 9.23076e-06 -3.82531e-05 -9.04771e-05 3.48874e-05 0.000416986 0.000412509 -0.00116233 -0.00324225 0.000469373 0.0139663 0.0169753 -0.0340039 -0.112871 0.00960727 0.5 0.990393 1.11287 1.034 0.983025 0.986034 0.999531 1.00324 1.00116 0.999587 0.999583 0.999965 1.00009 1.00004 0.999991 0.999988 0.999999 1 1 1 1 1 
-8.79927e-08 8.82395e-08 -9.14242e-08 -1.50177e-06 -2.75166e-06 1.36326e-06 1.19977e-05 9.24726e-06 -3.82436e-05 -9.04977e-05 3.48224e-05 0.0004169 0.00041248 -0.00116221 -0.00324197 0.000469644 0.0139662 0.0169748 -0.0340047 -0.112872 0.00960708 0.5 0.990393 1.11287 1.034 0.983025 0.986034 0.99953 1.00324 1.00116 0.999588 0.999583 0.999965 1.00009 1.00004 0.999991 0.999988 0.999999 1 1 1 1 1 
-8.82395e-08 8.84616e-08 -9.14597e-08 -1.50274e-06 -2.75292e-06 1.3649e-06 1.20066e-05 9.2634e-06 -3.82315e-05 -9.05119e-05 3.47647e-05 0.000416815 0.000412435 -0.00116211 -0.00324171 0.000469927 0.0139662 0.0169743 -0.0340055 -0.112872 0.00960675 0.5 0.990393 1.11287 1.03401 0.983026 0.986034 0.99953 1.00324 1.00116 0.999588 0.999583 0.999965 1.00009 1.00004 0.999991 0.999988 0.999999 1 1 1 1 1 
-8.84616e-08 8.86582e-08 -9.14653e-08 -1.50365e-06 -2.75434e-06 1.36582e-06 1.20143e-05 9.2789e-06 -3.82174e-05 -9.05201e-05 3.47144e-05 0.000416731 0.000412378 -0.00116205 -0.00324147 0.000470212 0.0139663 0.016974 -0.0340061 -0.112873 0.00960629 0.5 0.990394 1.11287 1.03401 0.983026 0.986034 0.99953 1.00324 1.00116 0.999588 0.999583 0.999965 1.00009 1.00004 0.999991 0.999988 0.999999 1 1 1 1 1 
-8.86582e-08 8.8829e-08 -9.14449e-08 -1.50449e-06 -2.75586e-06 1.36611e-06 1.20207e-05 9.29355e-06 -3.82019e-05 -9.05231e-05 3.46717e-05 0.000416651 0.000412312 -0.00116201 -0.00324127 0.000470493 0.0139664 0.0169737 -0.0340067 -0.112874 0.00960574 0.5 0.990394 1.11287 1.03401 0.983026 0.986034 0.99953 1.00324 1.00116 0.999588 0.999583 0.999965 1.00009 1.00004 0.999991 0.999988 0.999999 1 1 1 1 1 
-8.8829e-08 8.89743e-08 -9.14023e-08 -1.50526e-06 -2.75745e-06 1.36584e-06 1.20261e-05 9.30719e-06 -3.81854e-05 -9.05214e-05 3.46363e-05 0.000416576 0.000412239 -0.00116199 -0.0032411 0.000470764 0.0139666 0.0169736 -0.0340072 -0.112874 0.00960512 0.5 0.990395 1.11287 1.03401 0.983026 0.986033 0.999529 1.00324 1.00116 0.999588 0.999583 0.999965 1.00009 1.00004 0.999991 0.999988 0.999999 1 1 1 1 1 
-8.89743e-08 8.90948e-08 -9.13412e-08 -1.50595e-06 -2.75907e-06 1.3651e-06 1.20303e-05 9.31967e-06 -3.81684e-05 -9.05158e-05 3.46082e-05 0.000416506 0.000412162 -0.001162 -0.00324096 0.000471019 0.0139668 0.0169735 -0.0340076 -0.112875 0.00960446 0.5 0.990396 1.11288 1.03401 0.983026 0.986033 0.999529 1.00324 1.00116 0.999588 0.999583 0.999965 1.00009 1.00004 0.999991 0.999988 0.999999 1 1 1 1 1 
-8.90948e-08 8.91915e-08 -9.12654e-08 -1.50656e-06 -2.76067e-06 1.36397e-06 1.20334e-05 9.33091e-06 -3.81513e-05 -9.05068e-05 3.45868e-05 0.000416442 0.000412083 -0.00116202 -0.00324084 0.000471255 0.013967 0.0169735 -0.0340079 -0.112876 0.00960378 0.5 0.990396 1.11288 1.03401 0.983026 0.986033 0.999529 1.00324 1.00116 0.999588 0.999584 0.999965 1.00009 1.00004 0.999991 0.999988 0.999999 1 1 1 1 1 
-8.91915e-08 8.92659e-08 -9.11782e-08 -1.50708e-06 -2.76223e-06 1.36251e-06 1.20356e-05 9.34087e-06 -3.81345e-05 -9.0495e-05 3.45718e-05 0.000416385 0.000412003 -0.00116205 -0.00324076 0.000471469 0.0139672 0.0169736 -0.0340081 -0.112876 0.00960309 0.5 0.990397 1.11288 1.03401 0.983026 0.986033 0.999529 1.00324 1.00116 0.999588 0.999584 0.999965 1.00009 1.00004 0.999991 0.999988 0.999999 1 1 1 1 1 
-8.92659e-08 8.93194e-08 -9.10828e-08 -1.50753e-06 -2.76373e-06 1.36081e-06 1.2037e-05 9.3495e-06 -3.81183e-05 -9.04811e-05 3.45626e-05 0.000416336 0.000411926 -0.0011621 -0.0032407 0.000471658 0.0139675 0.0169737 -0.0340083 -0.112877 0.00960243 0.5 0.990398 1.11288 1.03401 0.983026 0.986033 0.999528 1.00324 1.00116 0.999588 0.999584 0.999965 1.00009 1.00004 0.999991 0.999988 0.999999 1 1 1 1 1 
-8.93194e-08 8.93541e-08 -9.09821e-08 -1.50789e-06 -2.76515e-06 1.35893e-06 1.20375e-05 9.35683e-06 -3.81028e-05 -9.04657e-05 3.45586e-05 0.000416293 0.000411851 -0.00116216 -0.00324066 0.000471821 0.0139677 0.0169739 -0.0340084 -0.112877 0.00960179 0.5 0.990398 1.11288 1.03401 0.983026 0.986032 0.999528 1.00324 1.00116 0.999588 0.999584 0.999965 1.00009 1.00004 0.999991 0.999988 0.999999 1 1 1 1 1 
-8.93541e-08 8.93716e-08 -9.0879e-08 -1.50818e-06 -2.76646e-06 1.35692e-06 1.20374e-05 9.36288e-06 -3.80884e-05 -9.04492e-05 3.45593e-05 0.000416258 0.000411781 -0.00116222 -0.00324065 0.000471959 0.0139679 0.0169741 -0.0340084 -0.112878 0.00960119 0.5 0.990399 1.11288 1.03401 0.983026 0.986032 0.999528 1.00324 1.00116 0.999588 0.999584 0.999965 1.00009 1.00004 0.999991 0.999988 0.999999 1 1 1 1 1 
-8.93716e-08 8.93741e-08 -9.07756e-08 -1.50839e-06 -2.76765e-06 1.35486e-06 1.20366e-05 9.36771e-06 -3.80751e-05 -9.04322e-05 3.4564e-05 0.00041623 0.000411717 -0.00116229 -0.00324065 0.000472072 0.0139681 0.0169743 -0.0340084 -0.112878 0.00960064 0.5 0.990399 1.11288 1.03401 0.983026 0.986032 0.999528 1.00324 1.00116 0.999588 0.999584 0.999965 1.00009 1.00004 0.999991 0.999988 0.999999 1 1 1 1 1 
-8.93741e-08 8.93635e-08 -9.0674e-08 -1.50854e-06 -2.76873e-06 1.35278e-06 1.20354e-05 9.37138e-06 -3.80631e-05 -9.0415e-05 3.45721e-05 0.000416208 0.000411658 -0.00116236 -0.00324067 0.00047216 0.0139683 0.0169745 -0.0340083 -0.112879 0.00960015 0.5 0.9904 1.11288 1.03401 0.983026 0.986032 0.999528 1.00324 1.00116 0.999588 0.999584 0.999965 1.00009 1.00004 0.999991 0.999988 0.999999 1 1 1 1 1 
-8.93635e-08 8.93419e-08 -9.05761e-08 -1.50864e-06 -2.76968e-06 1.35074e-06 1.20338e-05 9.37398e-06 -3.80524e-05 -9.0398e-05 3.45829e-05 0.000416193 0.000411606 -0.00116243 -0.00324071 0.000472224 0.0139685 0.0169747 -0.0340082 -0.112879 0.00959971 0.5 0.9904 1.11288 1.03401 0.983025 0.986031 0.999528 1.00324 1.00116 0.999588 0.999584 0.999965 1.00009 1.00004 0.999991 0.999988 0.999999 1 1 1 1 1 
-8.93419e-08 8.93111e-08 -9.04832e-08 -1.50867e-06 -2.7705e-06 1.34875e-06 1.20318e-05 9.3756e-06 -3.80431e-05 -9.03815e-05 3.45959e-05 0.000416184 0.000411561 -0.0011625 -0.00324075 0.000472267 0.0139687 0.016975 -0.0340081 -0.112879 0.00959933 0.5 0.990401 1.11288 1.03401 0.983025 0.986031 0.999528 1.00324 1.00116 0.999588 0.999584 0.999965 1.00009 1.00004 0.999991 0.999988 0.999999 1 1 1 1 1 
-8.93111e-08 8.9273e-08 -9.03965e-08 -1.50867e-06 -2.7712e-06 1.34687e-06 1.20297e-05 9.37635e-06 -3.80352e-05 -9.03659e-05 3.46106e-05 0.000416179 0.000411522 -0.00116256 -0.0032408 0.00047229 0.0139688 0.0169752 -0.034008 -0.112879 0.00959901 0.5 0.990401 1.11288 1.03401 0.983025 0.986031 0.999528 1.00324 1.00116 0.999588 0.999584 0.999965 1.00009 1.00004 0.999991 0.999988 0.999999 1 1 1 1 1 
-8.9273e-08 8.92294e-08 -9.03169e-08 -1.50862e-06 -2.77177e-06 1.34511e-06 1.20273e-05 9.37632e-06 -3.80287e-05 -9.03512e-05 3.46263e-05 0.00041618 0.00041149 -0.00116262 -0.00324086 0.000472296 0.0139689 0.0169754 -0.0340078 -0.112879 0.00959875 0.5 0.990401 1.11288 1.03401 0.983025 0.986031 0.999528 1.00324 1.00116 0.999589 0.999584 0.999965 1.00009 1.00004 0.999991 0.999988 0.999999 1 1 1 1 1 
-8.92294e-08 8.91819e-08 -9.0245e-08 -1.50854e-06 -2.77223e-06 1.34348e-06 1.20249e-05 9.37562e-06 -3.80234e-05 -9.03378e-05 3.46427e-05 0.000416184 0.000411465 -0.00116268 -0.00324093 0.000472286 0.013969 0.0169756 -0.0340076 -0.112879 0.00959855 0.5 0.990401 1.11288 1.03401 0.983024 0.986031 0.999528 1.00324 1.00116 0.999589 0.999584 0.999965 1.00009 1.00004 0.999991 0.999988 0.999999 1 1 1 1 1 
-8.91819e-08 8.91319e-08 -9.01812e-08 -1.50843e-06 -2.77258e-06 1.34201e-06 1.20225e-05 9.37437e-06 -3.80194e-05 -9.03256e-05 3.46593e-05 0.000416192 0.000411446 -0.00116274 -0.00324099 0.000472263 0.0139691 0.0169758 -0.0340075 -0.112879 0.0095984 0.5 0.990402 1.11288 1.03401 0.983024 0.986031 0.999528 1.00324 1.00116 0.999589 0.999584 0.999965 1.00009 1.00004 0.999991 0.999988 0.999999 1 1 1 1 1 
-8.91319e-08 8.90809e-08 -9.01256e-08 -1.5083e-06 -2.77282e-06 1.3407e-06 1.202e-05 9.37264e-06 -3.80165e-05 -9.03148e-05 3.46758e-05 0.000416202 0.000411433 -0.00116278 -0.00324106 0.000472229 0.0139692 0.0169759 -0.0340073 -0.112879 0.0095983 0.5 0.990402 1.11288 1.03401 0.983024 0.986031 0.999528 1.00324 1.00116 0.999589 0.999584 0.999965 1.00009 1.00004 0.999991 0.999988 0.999999 1 1 1 1 1 
-8.90809e-08 8.90299e-08 -9.00783e-08 -1.50815e-06 -2.77297e-06 1.33956e-06 1.20177e-05 9.37056e-06 -3.80147e-05 -9.03054e-05 3.46917e-05 0.000416215 0.000411425 -0.00116282 -0.00324112 0.000472187 0.0139692 0.0169761 -0.0340072 -0.112879 0.00959824 0.5 0.990402 1.11288 1.03401 0.983024 0.986031 0.999528 1.00324 1.00116 0.999589 0.999584 0.999965 1.00009 1.00004 0.999991 0.999988 0.999999 1 1 1 1 1 
-8.90299e-08 8.89799e-08 -9.00391e-08 -1.50799e-06 -2.77304e-06 1.33858e-06 1.20154e-05 9.3682e-06 -3.80139e-05 -9.02974e-05 3.47069e-05 0.000416229 0.000411422 -0.00116286 -0.00324118 0.000472139 0.0139693 0.0169762 -0.034007 -0.112879 0.00959822 0.5 0.990402 1.11288 1.03401 0.983024 0.986031 0.999528 1.00324 1.00116 0.999589 0.999584 0.999965 1.00009 1.00004 0.999991 0.999988 0.999999 1 1 1 1 1 
-8.89799e-08 8.89319e-08 -9.00077e-08 -1.50783e-06 -2.77303e-06 1.33776e-06 1.20133e-05 9.36566e-06 -3.80138e-05 -9.02908e-05 3.47212e-05 0.000416244 0.000411423 -0.00116289 -0.00324124 0.000472086 0.0139693 0.0169763 -0.0340069 -0.112879 0.00959823 0.5 0.990402 1.11288 1.03401 0.983024 0.986031 0.999528 1.00324 1.00116 0.999589 0.999584 0.999965 1.00009 1.00004 0.999991 0.999988 0.999999 1 1 1 1 1 
-8.89319e-08 8.88865e-08 -8.99836e-08 -1.50767e-06 -2.77296e-06 1.33711e-06 1.20114e-05 9.36301e-06 -3.80145e-05 -9.02856e-05 3.47343e-05 0.00041626 0.000411428 -0.00116291 -0.0032413 0.00047203 0.0139693 0.0169764 -0.0340067 -0.112879 0.00959827 0.5 0.990402 1.11288 1.03401 0.983024 0.986031 0.999528 1.00324 1.00116 0.999589 0.999584 0.999965 1.00009 1.00004 0.999991 0.999988 0.999999 1 1 1 1 1 
-8.88865e-08 8.88443e-08 -8.99664e-08 -1.5075e-06 -2.77284e-06 1.3366e-06 1.20096e-05 9.36032e-06 -3.80158e-05 -9.02816e-05 3.47461e-05 0.000416276 0.000411436 -0.00116293 -0.00324134 0.000471974 0.0139692 0.0169764 -0.0340066 -0.112879 0.00959833 0.5 0.990402 1.11288 1.03401 0.983024 0.986031 0.999528 1.00324 1.00116 0.999589 0.999584 0.999965 1.00009 1.00004 0.999991 0.999988 0.999999 1 1 1 1 1 
-8.88443e-08 8.88056e-08 -8.99554e-08 -1.50735e-06 -2.77268e-06 1.33623e-06 1.2008e-05 9.35764e-06 -3.80176e-05 -9.02787e-05 3.47567e-05 0.000416292 0.000411446 -0.00116294 -0.00324139 0.000471917 0.0139692 0.0169765 -0.0340065 -0.112879 0.00959841 0.5 0.990402 1.11288 1.03401 0.983024 0.986031 0.999528 1.00324 1.00116 0.999589 0.999584 0.999965 1.00009 1.00004 0.999991 0.999988 0.999999 1 1 1 1 1 
-8.88056e-08 8.87708e-08 -8.995e-08 -1.5072e-06 -2.77248e-06 1.33599e-06 1.20066e-05 9.35504e-06 -3.80198e-05 -9.0277e-05 3.47658e-05 0.000416308 0.000411459 -0.00116295 -0.00324142 0.000471863 0.0139692 0.0169765 -0.0340065 -0.112879 0.00959851 0.5 0.990401 1.11288 1.03401 0.983023 0.986031 0.999528 1.00324 1.00116 0.999589 0.999584 0.999965 1.00009 1.00004 0.999991 0.999988 0.999999 1 1 1 1 1 
-8.87708e-08 8.87401e-08 -8.99497e-08 -1.50705e-06 -2.77225e-06 1.33586e-06 1.20054e-05 9.35256e-06 -3.80223e-05 -9.02762e-05 3.47736e-05 0.000416323 0.000411473 -0.00116295 -0.00324146 0.000471811 0.0139692 0.0169765 -0.0340064 -0.112879 0.00959861 0.5 0.990401 1.11288 1.03401 0.983023 0.986031 0.999528 1.00324 1.00116 0.999589 0.999584 0.999965 1.00009 1.00004 0.999991 0.999988 0.999999 1 1 1 1 1 
-8.87401e-08 8.87135e-08 -8.99536e-08 -1.50692e-06 -2.77201e-06 1.33583e-06 1.20045e-05 9.35022e-06 -3.8025e-05 -9.02763e-05 3.478e-05 0.000416337 0.000411487 -0.00116295 -0.00324148 0.000471762 0.0139691 0.0169765 -0.0340063 -0.112878 0.00959872 0.5 0.990401 1.11288 1.03401 0.983023 0.986031 0.999528 1.00324 1.00116 0.999589 0.999584 0.999965 1.00009 1.00004 0.999991 0.999988 0.999999 1 1 1 1 1 
-8.87135e-08 8.86909e-08 -8.99611e-08 -1.50681e-06 -2.77176e-06 1.33589e-06 1.20037e-05 9.34807e-06 -3.80278e-05 -9.02771e-05 3.47851e-05 0.000416349 0.000411503 -0.00116294 -0.0032415 0.000471718 0.0139691 0.0169765 -0.0340063 -0.112878 0.00959882 0.5 0.990401 1.11288 1.03401 0.983024 0.986031 0.999528 1.00324 1.00116 0.999588 0.999584 0.999965 1.00009 1.00004 0.999991 0.999988 0.999999 1 1 1 1 1 
-8.86909e-08 8.86723e-08 -8.99717e-08 -1.5067e-06 -2.77151e-06 1.33603e-06 1.20031e-05 9.34611e-06 -3.80307e-05 -9.02785e-05 3.47889e-05 0.000416361 0.000411518 -0.00116294 -0.00324152 0.000471679 0.013969 0.0169765 -0.0340063 -0.112878 0.00959893 0.5 0.990401 1.11288 1.03401 0.983024 0.986031 0.999528 1.00324 1.00116 0.999588 0.999584 0.999965 1.00009 1.00004 0.999991 0.999988 0.999999 1 1 1 1 1 
-8.86723e-08 8.86576e-08 -8.99846e-08 -1.50661e-06 -2.77126e-06 1.33622e-06 1.20026e-05 9.34436e-06 -3.80336e-05 -9.02804e-05 3.47916e-05 0.000416371 0.000411533 -0.00116293 -0.00324153 0.000471644 0.013969 0.0169764 -0.0340063 -0.112878 0.00959903 0.5 0.990401 1.11288 1.03401 0.983024 0.986031 0.999528 1.00324 1.00116 0.999588 0.999584 0.999965 1.00009 1.00004 0.999991 0.999988 0.999999 1 1 1 1 1 
-8.86576e-08 8.86464e-08 -8.99992e-08 -1.50653e-06 -2.77102e-06 1.33647e-06 1.20023e-05 9.34283e-06 -3.80363e-05 -9.02828e-05 3.47933e-05 0.00041638 0.000411548 -0.00116292 -0.00324153 0.000471614 0.0139689 0.0169764 -0.0340063 -0.112878 0.00959913 0.5 0.990401 1.11288 1.03401 0.983024 0.986031 0.999528 1.00324 1.00116 0.999588 0.999584 0.999965 1.00009 1.00004 0.999991 0.999988 0.999999 1 1 1 1 1 
-8.86464e-08 8.86385e-08 -9.00151e-08 -1.50647e-06 -2.77078e-06 1.33675e-06 1.20021e-05 9.34152e-06 -3.8039e-05 -9.02854e-05 3.4794e-05 0.000416387 0.000411562 -0.0011629 -0.00324153 0.000471589 0.0139689 0.0169764 -0.0340063 -0.112878 0.00959922 0.5 0.990401 1.11288 1.03401 0.983024 0.986031 0.999528 1.00324 1.00116 0.999588 0.999584 0.999965 1.00009 1.00004 0.999991 0.999988 0.999999 1 1 1 1 1 
-8.86385e-08 8.86337e-08 -9.00317e-08 -1.50642e-06 -2.77057e-06 1.33706e-06 1.20021e-05 9.34043e-06 -3.80415e-05 -9.02882e-05 3.47938e-05 0.000416393 0.000411574 -0.00116289 -0.00324153 0.00047157 0.0139688 0.0169763 -0.0340063 -0.112878 0.0095993 0.5 0.990401 1.11288 1.03401 0.983024 0.986031 0.999528 1.00324 1.00116 0.999588 0.999584 0.999965 1.00009 1.00004 0.999991 0.999988 0.999999 1 1 1 1 1 
-8.86337e-08 8.86315e-08 -9.00487e-08 -1.50637e-06 -2.77037e-06 1.33739e-06 1.20022e-05 9.33955e-06 -3.80438e-05 -9.02912e-05 3.4793e-05 0.000416398 0.000411586 -0.00116288 -0.00324153 0.000471554 0.0139688 0.0169763 -0.0340063 -0.112878 0.00959937 0.5 0.990401 1.11288 1.03401 0.983024 0.986031 0.999528 1.00324 1.00116 0.999588 0.999584 0.999965 1.00009 1.00004 0.999991 0.999988 0.999999 1 1 1 1 1 
-8.86315e-08 8.86317e-08 -9.00655e-08 -1.50635e-06 -2.77018e-06 1.33772e-06 1.20023e-05 9.33887e-06 -3.80459e-05 -9.02941e-05 3.47915e-05 0.000416402 0.000411597 -0.00116286 -0.00324152 0.000471544 0.0139688 0.0169762 -0.0340063 -0.112878 0.00959943 0.5 0.990401 1.11288 1.03401 0.983024 0.986031 0.999528 1.00324 1.00116 0.999588 0.999584 0.999965 1.00009 1.00004 0.999991 0.999988 0.999999 1 1 1 1 1 
-8.86317e-08 8.8634e-08 -9.00819e-08 -1.50633e-06 -2.77002e-06 1.33805e-06 1.20026e-05 9.33837e-06 -3.80477e-05 -9.02971e-05 3.47895e-05 0.000416404 0.000411606 -0.00116285 -0.00324151 0.000471537 0.0139687 0.0169762 -0.0340064 -0.112878 0.00959947 0.5 0.990401 1.11288 1.03401 0.983024 0.986031 0.999528 1.00324 1.00116 0.999588 0.999584 0.999965 1.00009 1.00004 0.999991 0.999988 0.999999 1 1 1 1 1 
-8.8634e-08 8.8638e-08 -9.00976e-08 -1.50632e-06 -2.76988e-06 1.33838e-06 1.20029e-05 9.33805e-06 -3.80494e-05 -9.03e-05 3.47872e-05 0.000416406 0.000411614 -0.00116283 -0.0032415 0.000471534 0.0139687 0.0169761 -0.0340064 -0.112878 0.00959951 0.5 0.9904 1.11288 1.03401 0.983024 0.986031 0.999528 1.00324 1.00116 0.999588 0.999584 0.999965 1.00009 1.00004 0.999991 0.999988 0.999999 1 1 1 1 1 
-8.8638e-08 8.86433e-08 -9.01123e-08 -1.50632e-06 -2.76976e-06 1.33869e-06 1.20032e-05 9.33788e-06 -3.80508e-05 -9.03027e-05 3.47845e-05 0.000416406 0.000411621 -0.00116282 -0.00324149 0.000471535 0.0139687 0.0169761 -0.0340064 -0.112878 0.00959954 0.5 0.9904 1.11288 1.03401 0.983024 0.986031 0.999528 1.00324 1.00116 0.999588 0.999584 0.999965 1.00009 1.00004 0.999991 0.999988 0.999999 1 1 1 1 1 
