No, norm, delta_time
1, 0.061482, 0.025
2, 0.0662517, 0.0248491
3, 0.0898302, 0.0245541
4, 0.180378, 0.0239303
5, 0.43044, 0.0226092
6, 0.969166, 0.0201227
7, 1.82952, 0.0165583
8, 2.85256, 0.0129783
9, 4.06364, 0.00996554
10, 5.77885, 0.00733678
11, 8.28315, 0.00520668
12, 11.8469, 0.00368245
13, 16.5003, 0.00266341
14, 22.191, 0.0019909
15, 29.2338, 0.00151673
16, 38.1122, 0.00116593
17, 49.2781, 0.000903095
18, 63.303, 0.000703793
19, 80.9262, 0.000550983
20, 103.075, 0.000432856
21, 130.914, 0.000340969
22, 165.91, 0.000269145
23, 209.906, 0.000212791
24, 265.222, 0.000168446
25, 334.776, 0.000133472
26, 422.237, 0.000105838
27, 532.221, 8.39752e-05
28, 670.533, 6.66587e-05
29, 844.475, 5.29318e-05
30, 1063.23, 4.20433e-05
31, 1338.35, 3.34019e-05
32, 1684.36, 2.6541e-05
33, 2119.53, 2.10922e-05
34, 2666.86, 1.67637e-05
35, 3355.23, 1.33246e-05
36, 4221.02, 1.05916e-05
37, 5309.95, 8.41964e-06
38, 6679.53, 6.6933e-06
39, 8402.1, 5.32109e-06
40, 10568.7, 4.23029e-06
41, 9450.37, 3.36316e-06
42, 4173.87, 1.55305e-05
43, 5018.66, 8.18612e-06
44, 6719.84, 5.9675e-06
45, 9498.19, 4.4352e-06
46, 13157.8, 3.3096e-06
47, 17613.4, 2.50357e-06
48, 22946.6, 1.93376e-06
49, 29491, 1.50943e-06
50, 37594.5, 1.18615e-06
51, 47680.3, 9.36197e-07
52, 60281.3, 7.40949e-07
53, 76064.1, 5.87425e-07
54, 95863.1, 4.66209e-07
55, 120724, 3.70253e-07
56, 151962, 2.94169e-07
57, 191226, 2.33781e-07
58, 240590, 1.8582e-07
59, 302662, 1.47714e-07
60, 380722, 1.1743e-07
61, 478891, 9.33582e-08
62, 602357, 7.42229e-08
63, 757640, 5.90107e-08
64, 952943, 4.69167e-08
65, 1.19858e+06, 3.73016e-08
66, 1.50753e+06, 2.96571e-08
67, 1.89612e+06, 2.35793e-08
68, 2.38486e+06, 1.87471e-08
69, 2.99957e+06, 1.49052e-08
70, 3.77273e+06, 1.18506e-08
71, 4.74517e+06, 9.42203e-09
72, 5.96826e+06, 7.49115e-09
73, 7.50661e+06, 5.95597e-09
74, 9.44147e+06, 4.7354e-09
75, 1.18751e+07, 3.76496e-09
76, 1.49359e+07, 2.9934e-09
77, 1.87857e+07, 2.37995e-09
78, 2.36278e+07, 1.89222e-09
79, 2.9718e+07, 1.50445e-09
80, 2.65718e+07, 1.19614e-09
81, 1.17423e+07, 5.52682e-09
82, 1.41195e+07, 2.90996e-09
83, 1.89059e+07, 2.12115e-09
84, 2.67241e+07, 1.57643e-09
85, 3.70207e+07, 1.17631e-09
86, 4.95578e+07, 8.89805e-10
87, 6.45639e+07, 6.87277e-10
88, 8.29787e+07, 5.3646e-10
89, 1.05781e+08, 4.21558e-10
90, 1.34161e+08, 3.32719e-10
91, 1.6962e+08, 2.63326e-10
92, 2.14031e+08, 2.08763e-10
93, 2.69745e+08, 1.65683e-10
94, 3.39704e+08, 1.31581e-10
95, 4.27605e+08, 1.04541e-10
96, 5.38092e+08, 8.30805e-11
97, 6.77001e+08, 6.6036e-11
98, 8.51671e+08, 5.24938e-11
99, 1.07133e+09, 4.17314e-11
100, 1.34757e+09, 3.3177e-11
101, 1.695e+09, 2.63768e-11
102, 2.13197e+09, 2.09707e-11
103, 2.68154e+09, 1.66728e-11
104, 3.37277e+09, 1.32559e-11
105, 4.24215e+09, 1.05392e-11
106, 5.33561e+09, 8.37938e-12
107, 6.71091e+09, 6.66215e-12
108, 8.44069e+09, 5.29685e-12
109, 1.06163e+10, 4.21135e-12
110, 1.33528e+10, 3.3483e-12
111, 1.67945e+10, 2.66213e-12
112, 2.11234e+10, 2.11657e-12
113, 2.6568e+10, 1.68282e-12
114, 3.34161e+10, 1.33795e-12
115, 4.20292e+10, 1.06376e-12
116, 5.28625e+10, 8.45763e-13
117, 6.6488e+10, 6.72438e-13
118, 8.36256e+10, 5.34634e-13
119, 7.47722e+10, 4.2507e-13
120, 3.30424e+10, 1.96406e-12
121, 3.97319e+10, 1.03411e-12
122, 5.32008e+10, 7.5379e-13
123, 7.52009e+10, 5.60215e-13
124, 1.04175e+11, 4.18024e-13
125, 1.39454e+11, 3.16209e-13
126, 1.81681e+11, 2.44237e-13
127, 2.335e+11, 1.90641e-13
128, 2.97665e+11, 1.49809e-13
129, 3.77526e+11, 1.18238e-13
130, 4.77305e+11, 9.35781e-14
131, 6.02279e+11, 7.4188e-14
132, 7.59055e+11, 5.88787e-14
133, 9.55918e+11, 4.67598e-14
134, 1.20327e+12, 3.71508e-14
135, 1.51418e+12, 2.95242e-14
136, 1.90506e+12, 2.34672e-14
137, 2.39658e+12, 1.86547e-14
138, 3.01469e+12, 1.48301e-14
139, 3.79204e+12, 1.17901e-14
140, 4.76969e+12, 9.37349e-15
141, 5.9993e+12, 7.45235e-15
142, 7.54579e+12, 5.92501e-15
143, 9.49088e+12, 4.71073e-15
144, 1.19373e+13, 3.74532e-15
145, 1.50143e+13, 2.97777e-15
146, 1.88843e+13, 2.36752e-15
147, 2.37519e+13, 1.88234e-15
148, 2.98741e+13, 1.49658e-15
149, 3.75743e+13, 1.18988e-15
150, 4.72593e+13, 9.46038e-16
151, 5.94406e+13, 7.52164e-16
152, 7.47618e+13, 5.98021e-16
153, 9.4032e+13, 4.75467e-16
154, 1.18269e+14, 3.78028e-16
155, 1.48754e+14, 3.00558e-16
156, 1.87096e+14, 2.38964e-16
157, 2.3532e+14, 1.89992e-16
158, 2.10407e+14, 1.51057e-16
159, 9.29806e+13, 6.97967e-16
160, 1.11805e+14, 3.67491e-16
161, 1.49706e+14, 2.67874e-16
162, 2.11613e+14, 1.99083e-16
163, 2.93147e+14, 1.48553e-16
164, 3.92421e+14, 1.12371e-16
165, 5.11246e+14, 8.67943e-17
166, 6.57063e+14, 6.77481e-17
167, 8.37621e+14, 5.32374e-17
168, 1.06235e+15, 4.20183e-17
169, 1.34312e+15, 3.32548e-17
170, 1.6948e+15, 2.63642e-17
171, 2.13596e+15, 2.09237e-17
172, 2.68993e+15, 1.6617e-17
173, 3.38597e+15, 1.32023e-17
174, 4.26085e+15, 1.0492e-17
175, 5.3608e+15, 8.33951e-18
176, 6.74392e+15, 6.6293e-18
177, 8.48326e+15, 5.27015e-18
178, 1.06707e+16, 4.18983e-18
179, 1.34218e+16, 3.33105e-18
180, 1.68819e+16, 2.64834e-18
181, 2.12337e+16, 2.10557e-18
182, 2.67071e+16, 1.67405e-18
183, 3.35912e+16, 1.33097e-18
184, 4.22497e+16, 1.05821e-18
185, 5.314e+16, 8.41345e-19
186, 6.68372e+16, 6.68925e-19
187, 8.40649e+16, 5.3184e-19
188, 1.05733e+17, 4.22848e-19
189, 1.32986e+17, 3.36193e-19
190, 1.67264e+17, 2.67296e-19
191, 2.10378e+17, 2.12518e-19
192, 2.64604e+17, 1.68966e-19
193, 3.32806e+17, 1.3434e-19
194, 4.18589e+17, 1.06809e-19
195, 5.26482e+17, 8.49205e-20
196, 6.62185e+17, 6.75175e-20
197, 5.9208e+17, 5.3681e-20
198, 2.61645e+17, 2.48036e-19
199, 3.14615e+17, 1.30595e-19
200, 4.21267e+17, 9.51942e-20
201, 5.95474e+17, 7.0748e-20
202, 8.24907e+17, 5.27912e-20
203, 1.10426e+18, 3.99332e-20
204, 1.43863e+18, 3.0844e-20
205, 1.84896e+18, 2.40756e-20
206, 2.35704e+18, 1.89189e-20
207, 2.98942e+18, 1.4932e-20
208, 3.77952e+18, 1.18177e-20
209, 4.76912e+18, 9.36901e-21
210, 6.01054e+18, 7.43563e-21
211, 7.56939e+18, 5.90517e-21
212, 9.52803e+18, 4.69168e-21
213, 1.19899e+19, 3.72854e-21
214, 1.50852e+19, 2.96361e-21
215, 1.89772e+19, 2.35585e-21
216, 2.38717e+19, 1.87285e-21
217, 3.00271e+19, 1.48894e-21
218, 3.77686e+19, 1.18375e-21
219, 4.75051e+19, 9.41137e-22
220, 5.9751e+19, 7.48254e-22
221, 7.5153e+19, 5.94906e-22
222, 9.45248e+19, 4.72987e-22
223, 1.1889e+20, 3.76055e-22
224, 1.49535e+20, 2.98988e-22
225, 1.88078e+20, 2.37715e-22
226, 2.36557e+20, 1.89e-22
227, 2.9753e+20, 1.50267e-22
228, 3.7422e+20, 1.19473e-22
229, 4.70678e+20, 9.49888e-23
230, 5.91997e+20, 7.55225e-23
231, 7.44587e+20, 6.00455e-23
232, 9.36509e+20, 4.77402e-23
233, 1.1779e+21, 3.79567e-23
234, 1.48151e+21, 3.01781e-23
235, 1.86337e+21, 2.39936e-23
236, 1.6661e+21, 1.90766e-23
237, 7.36262e+20, 8.81444e-23
238, 8.85319e+20, 4.64095e-23
239, 1.18544e+21, 3.38291e-23
240, 1.67565e+21, 2.51417e-23
241, 2.32127e+21, 1.87604e-23
242, 3.10737e+21, 1.4191e-23
243, 4.04828e+21, 1.0961e-23
244, 5.20292e+21, 8.55572e-24
245, 6.63266e+21, 6.72321e-24
246, 8.41216e+21, 5.30637e-24
247, 1.06355e+22, 4.19966e-24
248, 1.34202e+22, 3.32946e-24
249, 1.69135e+22, 2.6424e-24
250, 2.13001e+22, 2.09852e-24
251, 2.68116e+22, 1.66728e-24
252, 3.37394e+22, 1.32501e-24
253, 4.24492e+22, 1.05317e-24
254, 5.34014e+22, 8.37197e-25
255, 6.71742e+22, 6.65554e-25
256, 8.44954e+22, 5.29123e-25
257, 1.0628e+23, 4.2067e-25
258, 1.33678e+23, 3.34451e-25
259, 1.68138e+23, 2.65907e-25
260, 2.11479e+23, 2.11411e-25
261, 2.6599e+23, 1.68085e-25
262, 3.34552e+23, 1.33638e-25
263, 4.20786e+23, 1.06251e-25
264, 5.29247e+23, 8.44768e-26
265, 6.65664e+23, 6.71647e-26
266, 8.37243e+23, 5.34004e-26
267, 1.05305e+24, 4.24569e-26
268, 1.32447e+24, 3.37561e-26
269, 1.66586e+24, 2.68384e-26
270, 2.09525e+24, 2.13383e-26
271, 2.63531e+24, 1.69654e-26
272, 3.31457e+24, 1.34886e-26
273, 4.16892e+24, 1.07244e-26
274, 5.24348e+24, 8.5266e-27
275, 4.68836e+24, 6.77923e-27
276, 2.07182e+24, 3.13238e-26
277, 2.49127e+24, 1.64925e-26
278, 3.33579e+24, 1.20218e-26
279, 4.71523e+24, 8.93458e-27
280, 6.53199e+24, 6.66686e-27
281, 8.74405e+24, 5.04306e-27
282, 1.13917e+25, 3.89521e-27
283, 1.46409e+25, 3.04044e-27
284, 1.86641e+25, 2.38922e-27
285, 2.36716e+25, 1.88572e-27
286, 2.99279e+25, 1.49243e-27
287, 3.7764e+25, 1.18319e-27
288, 4.75941e+25, 9.39026e-28
289, 5.99378e+25, 7.45748e-28
290, 7.54472e+25, 5.925e-28
291, 9.49417e+25, 4.70867e-28
292, 1.19451e+26, 3.74266e-28
293, 1.5027e+26, 2.97514e-28
294, 1.89027e+26, 2.36517e-28
295, 2.37768e+26, 1.88034e-28
296, 2.99069e+26, 1.49493e-28
297, 3.76167e+26, 1.18854e-28
298, 4.73135e+26, 9.44951e-29
299, 5.95096e+26, 7.51291e-29
300, 7.4849e+26, 5.97323e-29
301, 9.41422e+26, 4.7491e-29
302, 1.18408e+27, 3.77584e-29
303, 1.48929e+27, 3.00205e-29
304, 1.87316e+27, 2.38683e-29
305, 2.35598e+27, 1.89769e-29
306, 2.96325e+27, 1.50879e-29
307, 3.72704e+27, 1.19959e-29
308, 4.6877e+27, 9.53753e-30
309, 5.89598e+27, 7.58298e-30
310, 7.4157e+27, 6.02898e-30
311, 9.32713e+27, 4.79345e-30
312, 1.17312e+28, 3.81112e-30
313, 1.4755e+28, 3.03009e-30
314, 1.31929e+28, 2.40913e-30
315, 5.83005e+27, 1.11315e-29
316, 7.01036e+27, 5.86093e-30
317, 9.38681e+27, 4.27218e-30
318, 1.32685e+28, 3.17508e-30
319, 1.83808e+28, 2.3692e-30
320, 2.46055e+28, 1.79215e-30
321, 3.20561e+28, 1.38424e-30
322, 4.11991e+28, 1.08048e-30
323, 5.25204e+28, 8.49057e-31
324, 6.66112e+28, 6.70128e-31
325, 8.42164e+28, 5.30364e-31
326, 1.06267e+29, 4.20469e-31
327, 1.33929e+29, 3.33701e-31
328, 1.68663e+29, 2.65016e-31
329, 2.12306e+29, 2.10556e-31
330, 2.67163e+29, 1.67332e-31
331, 3.36132e+29, 1.33003e-31
332, 4.22856e+29, 1.05727e-31
333, 5.31916e+29, 8.4051e-32
334, 6.69073e+29, 6.68215e-32
335, 8.41571e+29, 5.31252e-32
336, 1.05852e+30, 4.2237e-32
337, 1.33139e+30, 3.35806e-32
338, 1.67458e+30, 2.66986e-32
339, 2.10623e+30, 2.1227e-32
340, 2.64914e+30, 1.68768e-32
341, 3.33198e+30, 1.34182e-32
342, 4.19082e+30, 1.06683e-32
343, 5.27103e+30, 8.48205e-33
344, 6.62966e+30, 6.7438e-33
345, 8.3385e+30, 5.36177e-33
346, 1.04878e+31, 4.26297e-33
347, 1.31911e+31, 3.38935e-33
348, 1.65911e+31, 2.69476e-33
349, 2.08676e+31, 2.14252e-33
350, 2.62463e+31, 1.70344e-33
351, 3.30114e+31, 1.35435e-33
352, 4.15203e+31, 1.0768e-33
353, 3.71245e+31, 8.56131e-34
354, 1.64056e+31, 3.9558e-33
355, 1.9727e+31, 2.0828e-33
356, 2.64142e+31, 1.5182e-33
357, 3.73373e+31, 1.12832e-33
358, 5.17232e+31, 8.4194e-34
359, 6.92393e+31, 6.36875e-34
360, 9.02049e+31, 4.91916e-34
361, 1.15933e+32, 3.83969e-34
362, 1.47791e+32, 3.01729e-34
363, 1.87442e+32, 2.38143e-34
364, 2.36983e+32, 1.88475e-34
365, 2.99032e+32, 1.49422e-34
366, 3.76872e+32, 1.18587e-34
367, 4.74614e+32, 9.41785e-35
368, 5.97425e+32, 7.48252e-35
369, 7.51791e+32, 5.94646e-35
370, 9.45867e+32, 4.72651e-35
371, 1.18991e+33, 3.75723e-35
372, 1.4968e+33, 2.98691e-35
373, 1.88275e+33, 2.37463e-35
374, 2.36816e+33, 1.88791e-35
375, 2.97866e+33, 1.50097e-35
376, 3.7465e+33, 1.19335e-35
377, 4.71223e+33, 9.48786e-36
378, 5.92688e+33, 7.54343e-36
379, 7.4546e+33, 5.99751e-36
380, 9.37609e+33, 4.76841e-36
381, 1.17928e+34, 3.7912e-36
382, 1.48325e+34, 3.01426e-36
383, 1.86557e+34, 2.39654e-36
384, 2.34643e+34, 1.90541e-36
385, 2.95124e+34, 1.51493e-36
386, 3.71193e+34, 1.20447e-36
387, 4.6687e+34, 9.57635e-37
388, 5.87208e+34, 7.61384e-37
389, 7.38564e+34, 6.05352e-37
390, 9.28932e+34, 4.81296e-37
391, 1.16837e+35, 3.82663e-37
392, 1.04467e+35, 3.04243e-37
393, 4.6165e+34, 1.40577e-36
394, 5.55111e+34, 7.40162e-37
395, 7.4329e+34, 5.39523e-37
396, 1.05066e+35, 4.00972e-37
397, 1.45548e+35, 2.992e-37
398, 1.94838e+35, 2.26326e-37
399, 2.53834e+35, 1.74812e-37
400, 3.26233e+35, 1.36451e-37
401, 4.1588e+35, 1.07225e-37
402, 5.27458e+35, 8.46287e-38
403, 6.66863e+35, 6.69782e-38
404, 8.41469e+35, 5.30999e-38
405, 1.06051e+36, 4.21422e-38
406, 1.33555e+36, 3.34682e-38
407, 1.68114e+36, 2.65906e-38
408, 2.11552e+36, 2.11319e-38
409, 2.66165e+36, 1.67966e-38
410, 3.34836e+36, 1.3352e-38
411, 4.21195e+36, 1.06146e-38
412, 5.29802e+36, 8.43871e-39
413, 6.66394e+36, 6.70905e-39
414, 8.38187e+36, 5.33399e-39
415, 1.05425e+37, 4.24081e-39
416, 1.32601e+37, 3.37169e-39
417, 1.66781e+37, 2.6807e-39
418, 2.09771e+37, 2.13133e-39
419, 2.63841e+37, 1.69455e-39
420, 3.31848e+37, 1.34728e-39
421, 4.17384e+37, 1.07118e-39
422, 5.24967e+37, 8.51656e-40
423, 6.6028e+37, 6.77124e-40
424, 8.3047e+37, 5.38359e-40
425, 1.04453e+38, 4.28032e-40
426, 1.31376e+38, 3.40314e-40
427, 1.65239e+38, 2.70573e-40
428, 2.0783e+38, 2.15123e-40
429, 2.61399e+38, 1.71038e-40
430, 3.28776e+38, 1.35987e-40
431, 2.93969e+38, 1.08118e-40
432, 1.29907e+38, 4.99568e-40
433, 1.56207e+38, 2.63031e-40
434, 2.0916e+38, 1.9173e-40
435, 2.95654e+38, 1.42493e-40
436, 4.09568e+38, 1.06326e-40
437, 5.48268e+38, 8.04292e-41
438, 7.14283e+38, 6.21228e-41
439, 9.1801e+38, 4.84905e-41
440, 1.17028e+39, 3.81045e-41
441, 1.48425e+39, 3.00744e-41
442, 1.87654e+39, 2.3802e-41
443, 2.36787e+39, 1.88701e-41
444, 2.98424e+39, 1.49761e-41
445, 3.75821e+39, 1.18936e-41
446, 4.73068e+39, 9.44948e-42
447, 5.95302e+39, 7.50962e-42
448, 7.4898e+39, 5.96898e-42
449, 9.42221e+39, 4.7449e-42
450, 1.18523e+40, 3.7721e-42
451, 1.49085e+40, 2.99886e-42
452, 1.87522e+40, 2.38419e-42
453, 2.35864e+40, 1.89554e-42
454, 2.96664e+40, 1.50705e-42
455, 3.73136e+40, 1.1982e-42
456, 4.69317e+40, 9.5264e-43
457, 5.90289e+40, 7.5741e-43
458, 7.42441e+40, 6.0219e-43
459, 9.33811e+40, 4.78781e-43
460, 1.17451e+41, 3.80663e-43
461, 1.47724e+41, 3.02652e-43
462, 1.85801e+41, 2.40629e-43
463, 2.33692e+41, 1.91316e-43
464, 2.93927e+41, 1.52109e-43
465, 3.69689e+41, 1.20937e-43
466, 4.64978e+41, 9.61532e-44
467, 5.84828e+41, 7.64483e-44
468, 7.3557e+41, 6.07815e-44
469, 9.25167e+41, 4.83254e-44
470, 8.2722e+41, 3.8422e-44
471, 3.65555e+41, 1.77531e-43
472, 4.39562e+41, 9.34731e-44
473, 5.88571e+41, 6.81349e-44
474, 8.31962e+41, 5.06377e-44
475, 1.15251e+42, 3.77851e-44
476, 1.54281e+42, 2.85821e-44
477, 2.00997e+42, 2.20765e-44
478, 2.58326e+42, 1.7232e-44
479, 3.29312e+42, 1.35412e-44
480, 4.17665e+42, 1.06875e-44
481, 5.28052e+42, 8.4585e-45
482, 6.66313e+42, 6.70584e-45
483, 8.39757e+42, 5.32203e-45
484, 1.05755e+43, 4.2266e-45
485, 1.3312e+43, 3.35805e-45
486, 1.67516e+43, 2.66869e-45
487, 2.10761e+43, 2.12119e-45
488, 2.65139e+43, 1.68619e-45
489, 3.33521e+43, 1.34049e-45
490, 4.19521e+43, 1.0657e-45
491, 5.27681e+43, 8.47268e-46
492, 6.63714e+43, 6.73616e-46
493, 8.34806e+43, 5.35561e-46
494, 1.04999e+44, 4.25802e-46
495, 1.32065e+44, 3.38539e-46
496, 1.66106e+44, 2.6916e-46
497, 2.08921e+44, 2.14e-46
498, 2.62772e+44, 1.70144e-46
499, 3.30503e+44, 1.35276e-46
500, 4.15692e+44, 1.07553e-46
501, 5.22839e+44, 8.55122e-47
502, 6.57604e+44, 6.79879e-47
503, 8.27104e+44, 5.4055e-47
504, 1.04029e+45, 4.29774e-47
505, 1.30844e+45, 3.41699e-47
506, 1.64569e+45, 2.71674e-47
507, 2.06988e+45, 2.15999e-47
508, 2.6034e+45, 1.71734e-47
509, 2.32778e+45, 1.3654e-47
510, 1.02866e+45, 6.30891e-47
511, 1.23692e+45, 3.32175e-47
512, 1.65622e+45, 2.42131e-47
513, 2.34112e+45, 1.79951e-47
514, 3.24314e+45, 1.34277e-47
515, 4.34143e+45, 1.01572e-47
516, 5.65602e+45, 7.84532e-48
517, 7.26922e+45, 6.12373e-48
518, 9.26677e+45, 4.81212e-48
519, 1.1753e+46, 3.79802e-48
520, 1.48592e+46, 3.00589e-48
521, 1.87499e+46, 2.38305e-48
522, 2.36306e+46, 1.89129e-48
523, 2.97592e+46, 1.50201e-48
524, 3.74596e+46, 1.19335e-48
525, 4.71387e+46, 9.4837e-49
526, 5.93076e+46, 7.53807e-49
527, 7.46093e+46, 5.99221e-49
528, 9.3852e+46, 4.76368e-49
529, 1.18052e+47, 3.78718e-49
530, 1.48488e+47, 3.01093e-49
531, 1.86767e+47, 2.39382e-49
532, 2.34912e+47, 1.90322e-49
533, 2.95466e+47, 1.51317e-49
534, 3.71626e+47, 1.20306e-49
535, 4.67417e+47, 9.56513e-50
536, 5.87898e+47, 7.6049e-50
537, 7.39433e+47, 6.0464e-50
538, 9.30027e+47, 4.80729e-50
539, 1.16975e+48, 3.82212e-50
540, 1.47126e+48, 3.03884e-50
541, 1.85048e+48, 2.41608e-50
542, 2.32745e+48, 1.92095e-50
543, 2.92736e+48, 1.52728e-50
544, 3.6819e+48, 1.21429e-50
545, 4.63093e+48, 9.65445e-51
546, 5.82458e+48, 7.67594e-51
547, 7.32589e+48, 6.10289e-51
548, 6.5503e+48, 4.85221e-51
549, 2.89463e+48, 2.24199e-50
550, 3.48065e+48, 1.18045e-50
551, 4.66057e+48, 8.60458e-51
552, 6.58785e+48, 6.3949e-51
553, 9.12611e+48, 4.77178e-51
554, 1.22167e+49, 3.60956e-51
555, 1.59159e+49, 2.78799e-51
556, 2.04554e+49, 2.17619e-51
557, 2.60764e+49, 1.71008e-51
558, 3.30726e+49, 1.3497e-51
559, 4.18135e+49, 1.0682e-51
560, 5.27617e+49, 8.46863e-52
561, 6.64958e+49, 6.72105e-52
562, 8.37416e+49, 5.33767e-52
563, 1.0541e+50, 4.2408e-52
564, 1.32647e+50, 3.37022e-52
565, 1.6689e+50, 2.6788e-52
566, 2.09949e+50, 2.12945e-52
567, 2.64097e+50, 1.69287e-52
568, 3.32196e+50, 1.34585e-52
569, 4.17841e+50, 1.06999e-52
570, 5.25559e+50, 8.50692e-53
571, 6.61037e+50, 6.76345e-53
572, 8.31433e+50, 5.37734e-53
573, 1.04575e+51, 4.27532e-53
574, 1.3153e+51, 3.39915e-53
575, 1.65433e+51, 2.70255e-53
576, 2.08075e+51, 2.1487e-53
577, 2.61707e+51, 1.70836e-53
578, 3.29164e+51, 1.35826e-53
579, 4.14007e+51, 1.07991e-53
580, 5.2072e+51, 8.58601e-54
581, 6.54938e+51, 6.82646e-54
582, 8.23752e+51, 5.4275e-54
583, 1.03608e+52, 4.31523e-54
584, 1.30313e+52, 3.4309e-54
585, 1.63902e+52, 2.72779e-54
586, 2.06149e+52, 2.16878e-54
587, 1.84324e+52, 1.72433e-54
588, 8.14541e+51, 7.96735e-54
589, 9.79446e+51, 4.19495e-54
590, 1.31147e+52, 3.0578e-54
591, 1.8538e+52, 2.27255e-54
592, 2.56806e+52, 1.69575e-54
593, 3.43774e+52, 1.28273e-54
594, 4.47869e+52, 9.90765e-55
595, 5.75609e+52, 7.7335e-55
596, 7.33784e+52, 6.0771e-55
597, 9.30654e+52, 4.79642e-55
598, 1.17662e+53, 3.79606e-55
599, 1.4847e+53, 3.00949e-55
600, 1.87117e+53, 2.38845e-55
601, 2.35647e+53, 1.89684e-55
602, 2.96622e+53, 1.50705e-55
603, 3.73265e+53, 1.19767e-55
604, 4.69624e+53, 9.51962e-56
605, 5.9079e+53, 7.5674e-56
606, 7.43162e+53, 6.01592e-56
607, 9.3479e+53, 4.78273e-56
608, 1.17579e+54, 3.80242e-56
609, 1.47891e+54, 3.0231e-56
610, 1.86014e+54, 2.40352e-56
611, 2.33963e+54, 1.91094e-56
612, 2.94271e+54, 1.51932e-56
613, 3.70122e+54, 1.20795e-56
614, 4.65524e+54, 9.60403e-57
615, 5.85517e+54, 7.63584e-57
616, 7.36437e+54, 6.071e-57
617, 9.26258e+54, 4.82685e-57
618, 1.16501e+55, 3.83767e-57
619, 1.46529e+55, 3.05121e-57
620, 1.84298e+55, 2.42591e-57
621, 2.31802e+55, 1.92877e-57
622, 2.9155e+55, 1.5335e-57
623, 3.66698e+55, 1.21923e-57
624, 4.61216e+55, 9.69374e-58
625, 5.80097e+55, 7.70718e-58
626, 5.18682e+55, 6.12773e-58
627, 2.2921e+55, 2.83135e-57
628, 2.75614e+55, 1.49075e-57
629, 3.69045e+55, 1.08665e-57
630, 5.21656e+55, 8.07595e-58
631, 7.22647e+55, 6.02616e-58
632, 9.67372e+55, 4.55841e-58
633, 1.26029e+56, 3.52087e-58
634, 1.61975e+56, 2.74825e-58
635, 2.06485e+56, 2.15961e-58
636, 2.61884e+56, 1.7045e-58
637, 3.31098e+56, 1.349e-58
638, 4.17791e+56, 1.06948e-58
639, 5.26543e+56, 8.48784e-59
640, 6.63104e+56, 6.7408e-59
641, 8.34687e+56, 5.35559e-59
642, 1.05036e+57, 4.25616e-59
643, 1.32151e+57, 3.38298e-59
644, 1.66247e+57, 2.68922e-59
645, 2.09124e+57, 2.13787e-59
646, 2.63047e+57, 1.69963e-59
647, 3.30866e+57, 1.35126e-59
648, 4.16161e+57, 1.07432e-59
649, 5.23439e+57, 8.54139e-60
650, 6.58366e+57, 6.7909e-60
651, 8.2807e+57, 5.39919e-60
652, 1.04151e+58, 4.2927e-60
653, 1.30997e+58, 3.41298e-60
654, 1.64763e+58, 2.71354e-60
655, 2.07232e+58, 2.15745e-60
656, 2.60647e+58, 1.71531e-60
657, 3.2783e+58, 1.36379e-60
658, 4.1233e+58, 1.08431e-60
659, 5.1861e+58, 8.62096e-61
660, 6.52284e+58, 6.85424e-61
661, 8.20413e+58, 5.44958e-61
662, 1.03188e+59, 4.33279e-61
663, 1.29785e+59, 3.44486e-61
664, 1.63238e+59, 2.73889e-61
665, 1.45956e+59, 2.17761e-61
666, 6.4499e+58, 1.00618e-60
667, 7.7557e+58, 5.29768e-61
668, 1.03848e+59, 3.86162e-61
669, 1.46793e+59, 2.86994e-61
670, 2.03351e+59, 2.14151e-61
671, 2.72216e+59, 1.61992e-61
672, 3.54643e+59, 1.25121e-61
673, 4.55793e+59, 9.76643e-62
674, 5.81043e+59, 7.67461e-62
675, 7.36933e+59, 6.05727e-62
676, 9.31702e+59, 4.79394e-62
677, 1.17565e+60, 3.80061e-62
678, 1.48168e+60, 3.01632e-62
679, 1.86596e+60, 2.39547e-62
680, 2.34879e+60, 1.90321e-62
681, 2.95568e+60, 1.51251e-62
682, 3.7187e+60, 1.20221e-62
683, 4.67814e+60, 9.55667e-63
684, 5.88469e+60, 7.59735e-63
685, 7.40208e+60, 6.03998e-63
686, 9.31047e+60, 4.80198e-63
687, 1.17107e+61, 3.81779e-63
688, 1.47294e+61, 3.03535e-63
689, 1.85262e+61, 2.41328e-63
690, 2.33017e+61, 1.91871e-63
691, 2.93079e+61, 1.52549e-63
692, 3.68623e+61, 1.21287e-63
693, 4.63638e+61, 9.6431e-64
694, 5.83144e+61, 7.6669e-64
695, 7.33453e+61, 6.0957e-64
696, 9.22504e+61, 4.84649e-64
697, 1.16028e+62, 3.85329e-64
698, 1.45935e+62, 3.06362e-64
699, 1.83551e+62, 2.43579e-64
700, 2.30862e+62, 1.93661e-64
701, 2.90368e+62, 1.53974e-64
702, 3.65212e+62, 1.2242e-64
703, 4.59347e+62, 9.73319e-65
704, 4.10716e+62, 7.73854e-65
705, 1.81499e+62, 3.57564e-64
706, 2.18243e+62, 1.88263e-64
707, 2.92226e+62, 1.3723e-64
708, 4.1307e+62, 1.01989e-64
709, 5.72224e+62, 7.61028e-65
710, 7.66008e+62, 5.7567e-65
711, 9.97955e+62, 4.44642e-65
712, 1.28259e+63, 3.47069e-65
713, 1.63504e+63, 2.72732e-65
714, 2.07371e+63, 2.15257e-65
715, 2.62179e+63, 1.70362e-65
716, 3.30825e+63, 1.35062e-65
717, 4.16941e+63, 1.07191e-65
718, 5.25075e+63, 8.51278e-66
719, 6.60943e+63, 6.76344e-66
720, 8.31721e+63, 5.37499e-66
721, 1.04643e+64, 4.27228e-66
722, 1.31642e+64, 3.39615e-66
723, 1.65594e+64, 2.69987e-66
724, 2.08293e+64, 2.14642e-66
725, 2.61994e+64, 1.70648e-66
726, 3.29535e+64, 1.35673e-66
727, 4.14482e+64, 1.07867e-66
728, 5.21324e+64, 8.57605e-67
729, 6.55703e+64, 6.81849e-67
730, 8.24717e+64, 5.42114e-67
731, 1.0373e+65, 4.31016e-67
732, 1.30467e+65, 3.42686e-67
733, 1.64095e+65, 2.72458e-67
734, 2.06392e+65, 2.16623e-67
735, 2.5959e+65, 1.72229e-67
736, 3.26501e+65, 1.36934e-67
737, 4.10658e+65, 1.08872e-67
738, 5.16508e+65, 8.65604e-68
739, 6.4964e+65, 6.88213e-68
740, 8.17088e+65, 5.47176e-68
741, 1.0277e+66, 4.35042e-68
742, 1.29259e+66, 3.45888e-68
743, 1.15574e+66, 2.75004e-68
744, 5.10732e+65, 1.27067e-67
745, 6.14131e+65, 6.69031e-68
746, 8.22317e+65, 4.87674e-68
747, 1.16237e+66, 3.62438e-68
748, 1.61022e+66, 2.70446e-68
749, 2.15553e+66, 2.04575e-68
750, 2.80822e+66, 1.58012e-68
751, 3.60918e+66, 1.23338e-68
752, 4.60096e+66, 9.69206e-69
753, 5.83537e+66, 7.64957e-69
754, 7.37764e+66, 6.05414e-69
755, 9.30934e+66, 4.79968e-69
756, 1.17326e+67, 3.80923e-69
757, 1.47755e+67, 3.02518e-69
758, 1.85988e+67, 2.40352e-69
759, 2.34044e+67, 1.91011e-69
760, 2.94463e+67, 1.51824e-69
761, 3.70436e+67, 1.20689e-69
762, 4.65976e+67, 9.59449e-70
763, 5.8613e+67, 7.62773e-70
764, 7.37245e+67, 6.06429e-70
765, 9.27303e+67, 4.82139e-70
766, 1.16634e+68, 3.83326e-70
767, 1.46699e+68, 3.04767e-70
768, 1.84513e+68, 2.42308e-70
769, 2.32073e+68, 1.92651e-70
770, 2.91892e+68, 1.5317e-70
771, 3.6713e+68, 1.2178e-70
772, 4.6176e+68, 9.68233e-71
773, 5.80781e+68, 7.6981e-71
774, 7.3048e+68, 6.12051e-71
775, 9.18766e+68, 4.86621e-71
776, 1.15558e+69, 3.86897e-71
777, 1.45344e+69, 3.07609e-71
778, 1.82807e+69, 2.4457e-71
779, 2.29926e+69, 1.9445e-71
780, 2.89191e+69, 1.54601e-71
781, 3.63731e+69, 1.22918e-71
782, 3.25223e+69, 9.7728e-72
783, 1.43719e+69, 4.51558e-71
784, 1.72815e+69, 2.37753e-71
785, 2.31398e+69, 1.73304e-71
786, 3.27088e+69, 1.28799e-71
787, 4.53113e+69, 9.61082e-72
788, 6.0656e+69, 7.26998e-72
789, 7.90226e+69, 5.61526e-72
790, 1.01561e+70, 4.38304e-72
791, 1.2947e+70, 3.44426e-72
792, 1.64206e+70, 2.71842e-72
793, 2.07605e+70, 2.15146e-72
794, 2.61962e+70, 1.70566e-72
795, 3.30152e+70, 1.35368e-72
796, 4.15778e+70, 1.07506e-72
797, 5.23364e+70, 8.54136e-73
798, 6.58594e+70, 6.78793e-73
799, 8.28612e+70, 5.39535e-73
800, 1.0424e+71, 4.28891e-73
801, 1.31125e+71, 3.40959e-73
802, 1.64936e+71, 2.71066e-73
803, 2.07459e+71, 2.15506e-73
804, 2.60941e+71, 1.71337e-73
805, 3.28206e+71, 1.36222e-73
806, 4.12808e+71, 1.08305e-73
807, 5.19215e+71, 8.61089e-74
808, 6.53048e+71, 6.84621e-74
809, 8.21377e+71, 5.44318e-74
810, 1.03309e+72, 4.32769e-74
811, 1.29938e+72, 3.4408e-74
812, 1.6343e+72, 2.73567e-74
813, 2.05555e+72, 2.17504e-74
814, 2.58538e+72, 1.7293e-74
815, 3.25178e+72, 1.37491e-74
816, 4.08994e+72, 1.09315e-74
817, 5.14414e+72, 8.69127e-75
818, 6.47007e+72, 6.91014e-75
819, 8.13776e+72, 5.49403e-75
820, 1.02353e+73, 4.36812e-75
821, 9.1517e+72, 3.47295e-75
822, 4.04421e+72, 1.6047e-74
823, 4.86296e+72, 8.44901e-75
824, 6.51147e+72, 6.1587e-75
825, 9.20417e+72, 4.57713e-75
826, 1.27505e+73, 3.41539e-75
827, 1.70684e+73, 2.58353e-75
828, 2.22367e+73, 1.99549e-75
829, 2.85791e+73, 1.5576e-75
830, 3.64325e+73, 1.22398e-75
831, 4.62071e+73, 9.66044e-76
832, 5.84195e+73, 7.64562e-76
833, 7.37156e+73, 6.06139e-76
834, 9.2904e+73, 4.81057e-76
835, 1.16999e+74, 3.82042e-76
836, 1.47273e+74, 3.03534e-76
837, 1.85327e+74, 2.41222e-76
838, 2.33169e+74, 1.91734e-76
839, 2.93328e+74, 1.52415e-76
840, 3.68981e+74, 1.21166e-76
841, 4.64124e+74, 9.63286e-77
842, 5.83784e+74, 7.65843e-77
843, 7.3428e+74, 6.0888e-77
844, 9.23563e+74, 4.84092e-77
845, 1.16163e+75, 3.84882e-77
846, 1.46106e+75, 3.06005e-77
847, 1.83766e+75, 2.43293e-77
848, 2.31133e+75, 1.93434e-77
849, 2.9071e+75, 1.53793e-77
850, 3.65642e+75, 1.22276e-77
851, 4.59888e+75, 9.72173e-78
852, 5.78427e+75, 7.72942e-78
853, 7.2752e+75, 6.14541e-78
854, 9.15042e+75, 4.88602e-78
855, 1.1509e+76, 3.88471e-78
856, 1.44755e+76, 3.08861e-78
857, 1.82066e+76, 2.45565e-78
858, 2.28994e+76, 1.95241e-78
859, 2.88019e+76, 1.5523e-78
860, 2.57526e+76, 1.23418e-78
861, 1.13803e+76, 5.70261e-78
862, 1.36843e+76, 3.00252e-78
863, 1.83231e+76, 2.18861e-78
864, 2.59003e+76, 1.62657e-78
865, 3.58795e+76, 1.21372e-78
866, 4.80301e+76, 9.18106e-79
867, 6.25736e+76, 7.09137e-79
868, 8.04208e+76, 5.53523e-79
869, 1.0252e+77, 4.34966e-79
870, 1.30026e+77, 3.43302e-79
871, 1.64391e+77, 2.71702e-79
872, 2.07434e+77, 2.15403e-79
873, 2.6143e+77, 1.70953e-79
874, 3.29232e+77, 1.35766e-79
875, 4.14423e+77, 1.07867e-79
876, 5.21505e+77, 8.5723e-80
877, 6.56132e+77, 6.81364e-80
878, 8.25417e+77, 5.41634e-80
879, 1.0383e+78, 4.30588e-80
880, 1.30603e+78, 3.42322e-80
881, 1.64275e+78, 2.72157e-80
882, 2.06624e+78, 2.16377e-80
883, 2.59888e+78, 1.72031e-80
884, 3.2688e+78, 1.36775e-80
885, 4.11138e+78, 1.08745e-80
886, 5.17113e+78, 8.6459e-81
887, 6.50403e+78, 6.87405e-81
888, 8.1805e+78, 5.46533e-81
889, 1.02891e+79, 4.3453e-81
890, 1.29411e+79, 3.4548e-81
891, 1.62768e+79, 2.7468e-81
892, 2.04722e+79, 2.18389e-81
893, 2.5749e+79, 1.73634e-81
894, 3.2386e+79, 1.38051e-81
895, 4.07336e+79, 1.0976e-81
896, 5.12329e+79, 8.72664e-82
897, 6.44385e+79, 6.93826e-82
898, 8.10478e+79, 5.51639e-82
899, 7.24673e+79, 4.3859e-82
900, 3.20239e+79, 2.02653e-81
901, 3.85071e+79, 1.067e-81
902, 5.15608e+79, 7.77766e-82
903, 7.28827e+79, 5.78034e-82
904, 1.00964e+80, 4.3132e-82
905, 1.35156e+80, 3.26267e-82
906, 1.76081e+80, 2.52005e-82
907, 2.26302e+80, 1.96705e-82
908, 2.88489e+80, 1.54574e-82
909, 3.65888e+80, 1.21999e-82
910, 4.62591e+80, 9.65545e-83
911, 5.83713e+80, 7.65477e-83
912, 7.35656e+80, 6.07514e-83
913, 9.2645e+80, 4.82471e-83
914, 1.16618e+81, 3.83325e-83
915, 1.4675e+81, 3.04633e-83
916, 1.84634e+81, 2.42136e-83
917, 2.3227e+81, 1.9248e-83
918, 2.92176e+81, 1.53018e-83
919, 3.67515e+81, 1.21651e-83
920, 4.62266e+81, 9.67163e-84
921, 5.81436e+81, 7.68938e-84
922, 7.31318e+81, 6.11347e-84
923, 9.19831e+81, 4.86057e-84
924, 1.15693e+82, 3.86445e-84
925, 1.45514e+82, 3.07249e-84
926, 1.83022e+82, 2.44283e-84
927, 2.30197e+82, 1.94221e-84
928, 2.89532e+82, 1.54419e-84
929, 3.6416e+82, 1.22773e-84
930, 4.58025e+82, 9.76129e-85
931, 5.76083e+82, 7.76088e-85
932, 7.24571e+82, 6.17042e-85
933, 9.11333e+82, 4.9059e-85
934, 1.14623e+83, 3.90052e-85
935, 1.44168e+83, 3.10118e-85
936, 1.81328e+83, 2.46565e-85
937, 2.28066e+83, 1.96036e-85
938, 2.03921e+83, 1.55861e-85
939, 9.01143e+82, 7.20167e-85
940, 1.08358e+83, 3.7918e-85
941, 1.45091e+83, 2.76394e-85
942, 2.0509e+83, 2.05415e-85
943, 2.8411e+83, 1.53278e-85
944, 3.80324e+83, 1.15945e-85
945, 4.95486e+83, 8.9555e-86
946, 6.36808e+83, 6.99029e-86
947, 8.118e+83, 5.49307e-86
948, 1.0296e+84, 4.33547e-86
949, 1.30172e+84, 3.43125e-86
950, 1.64255e+84, 2.72027e-86
951, 2.07012e+84, 2.15892e-86
952, 2.60701e+84, 1.71455e-86
953, 3.28159e+84, 1.36222e-86
954, 4.12951e+84, 1.08257e-86
955, 5.19555e+84, 8.60477e-87
956, 6.53603e+84, 6.84016e-87
957, 8.22175e+84, 5.43778e-87
958, 1.03418e+85, 4.3231e-87
959, 1.30081e+85, 3.437e-87
960, 1.63615e+85, 2.73257e-87
961, 2.05791e+85, 2.17254e-87
962, 2.58838e+85, 1.7273e-87
963, 3.25557e+85, 1.37331e-87
964, 4.09473e+85, 1.09187e-87
965, 5.15019e+85, 8.68106e-88
966, 6.47769e+85, 6.90202e-88
967, 8.14735e+85, 5.48756e-88
968, 1.02474e+86, 4.36298e-88
969, 1.28887e+86, 3.46886e-88
970, 1.62108e+86, 2.75798e-88
971, 2.03892e+86, 2.19278e-88
972, 2.56447e+86, 1.74341e-88
973, 3.22547e+86, 1.38613e-88
974, 4.05685e+86, 1.10206e-88
975, 5.10253e+86, 8.76215e-89
976, 6.41773e+86, 6.9665e-89
977, 5.73829e+86, 5.53884e-89
978, 2.53579e+86, 2.55925e-88
979, 3.04917e+86, 1.34749e-88
980, 4.08281e+86, 9.8222e-89
981, 5.77118e+86, 7.29983e-89
982, 7.99478e+86, 5.44703e-89
983, 1.07022e+87, 4.12034e-89
984, 1.39428e+87, 3.18251e-89
985, 1.79196e+87, 2.48413e-89
986, 2.28438e+87, 1.95207e-89
987, 2.89727e+87, 1.54069e-89
988, 3.66301e+87, 1.21936e-89
989, 4.6221e+87, 9.66701e-90
990, 5.82525e+87, 7.67214e-90
991, 7.33605e+87, 6.09299e-90
992, 9.23431e+87, 4.84091e-90
993, 1.16203e+88, 3.84713e-90
994, 1.46201e+88, 3.05787e-90
995, 1.83922e+88, 2.43078e-90
996, 2.31358e+88, 1.93242e-90
997, 2.91015e+88, 1.5363e-90
998, 3.66043e+88, 1.2214e-90
999, 4.60407e+88, 9.71072e-91
1000, 5.79091e+88, 7.72054e-91
1001, 7.28363e+88, 6.13828e-91
1002, 9.1611e+88, 4.88031e-91
1003, 1.15225e+89, 3.88016e-91
1004, 1.44925e+89, 3.08498e-91
1005, 1.8228e+89, 2.45276e-91
1006, 2.29264e+89, 1.95011e-91
1007, 2.88359e+89, 1.55047e-91
1008, 3.62685e+89, 1.23273e-91
1009, 4.56168e+89, 9.80101e-92
1010, 5.73748e+89, 7.79246e-92
1011, 7.21635e+89, 6.19553e-92
1012, 9.07639e+89, 4.92587e-92
1013, 1.14159e+90, 3.9164e-92
1014, 1.43584e+90, 3.1138e-92
1015, 1.80593e+90, 2.47568e-92
1016, 1.61474e+90, 1.96833e-92
1017, 7.13566e+89, 9.0948e-92
1018, 8.58028e+89, 4.78857e-92
1019, 1.14889e+90, 3.49051e-92
1020, 1.624e+90, 2.59414e-92
1021, 2.24971e+90, 1.93571e-92
1022, 3.01158e+90, 1.46424e-92
1023, 3.92348e+90, 1.13097e-92
1024, 5.04253e+90, 8.82785e-93
1025, 6.4282e+90, 6.93706e-93
1026, 8.15284e+90, 5.47515e-93
1027, 1.03076e+91, 4.33324e-93
1028, 1.30065e+91, 3.43536e-93
1029, 1.63921e+91, 2.72644e-93
1030, 2.06435e+91, 2.16526e-93
1031, 2.59851e+91, 1.72031e-93
1032, 3.26993e+91, 1.36715e-93
1033, 4.11407e+91, 1.08667e-93
1034, 5.17552e+91, 8.63825e-94
1035, 6.51035e+91, 6.86723e-94
1036, 8.18907e+91, 5.45952e-94
1037, 1.03004e+92, 4.3405e-94
1038, 1.29557e+92, 3.45089e-94
1039, 1.62955e+92, 2.74364e-94
1040, 2.0496e+92, 2.18136e-94
1041, 2.57791e+92, 1.73431e-94
1042, 3.24239e+92, 1.37889e-94
1043, 4.07815e+92, 1.09631e-94
1044, 5.12932e+92, 8.71637e-95
1045, 6.45144e+92, 6.9301e-95
1046, 8.11433e+92, 5.50989e-95
1047, 1.02058e+93, 4.38073e-95
1048, 1.28365e+93, 3.48298e-95
1049, 1.61451e+93, 2.7692e-95
1050, 2.03066e+93, 2.2017e-95
1051, 2.55407e+93, 1.7505e-95
1052, 3.2124e+93, 1.39177e-95
1053, 4.04041e+93, 1.10655e-95
1054, 5.08184e+93, 8.79781e-96
1055, 4.54383e+93, 6.99485e-96
1056, 2.00796e+93, 3.23201e-95
1057, 2.41447e+93, 1.70171e-95
1058, 3.23296e+93, 1.24042e-95
1059, 4.56988e+93, 9.21876e-96
1060, 6.33063e+93, 6.87891e-96
1061, 8.4745e+93, 5.20347e-96
1062, 1.10406e+94, 4.01911e-96
1063, 1.41896e+94, 3.13715e-96
1064, 1.80888e+94, 2.46522e-96
1065, 2.29419e+94, 1.9457e-96
1066, 2.90053e+94, 1.5399e-96
1067, 3.65999e+94, 1.22082e-96
1068, 4.6127e+94, 9.68894e-97
1069, 5.80901e+94, 7.69468e-97
1070, 7.31214e+94, 6.11345e-97
1071, 9.2015e+94, 4.85844e-97
1072, 1.15769e+95, 3.8617e-97
1073, 1.45638e+95, 3.06977e-97
1074, 1.832e+95, 2.4404e-97
1075, 2.30438e+95, 1.94015e-97
1076, 2.89849e+95, 1.54248e-97
1077, 3.64571e+95, 1.22634e-97
1078, 4.5855e+95, 9.75007e-98
1079, 5.76751e+95, 7.75187e-98
1080, 7.25417e+95, 6.16322e-98
1081, 9.12401e+95, 4.90015e-98
1082, 1.14758e+96, 3.89594e-98
1083, 1.44338e+96, 3.09753e-98
1084, 1.81542e+96, 2.46274e-98
1085, 2.28335e+96, 1.95805e-98
1086, 2.8719e+96, 1.55678e-98
1087, 3.61215e+96, 1.23774e-98
1088, 4.5432e+96, 9.84089e-99
1089, 5.71423e+96, 7.82417e-99
1090, 7.1871e+96, 6.22075e-99
1091, 9.03961e+96, 4.94591e-99
1092, 1.13696e+97, 3.93233e-99
1093, 1.43002e+97, 3.12647e-99
1094, 1.27862e+97, 2.48576e-99
1095, 5.65033e+96, 1.14856e-98
1096, 6.79425e+96, 6.04735e-99
1097, 9.09745e+96, 4.40807e-99
1098, 1.28595e+97, 3.27607e-99
1099, 1.78142e+97, 2.44455e-99
1100, 2.3847e+97, 1.84915e-99
1101, 3.10679e+97, 1.42827e-99
1102, 3.9929e+97, 1.11485e-99
1103, 5.09014e+97, 8.76063e-100
1104, 6.45579e+97, 6.91443e-100
1105, 8.16203e+97, 5.47233e-100
1106, 1.02991e+98, 4.33842e-100
1107, 1.298e+98, 3.44315e-100
1108, 1.63464e+98, 2.73445e-100
1109, 2.05762e+98, 2.17253e-100
1110, 2.58928e+98, 1.72654e-100
1111, 3.2577e+98, 1.37233e-100
1112, 4.09821e+98, 1.0909e-100
1113, 5.15519e+98, 8.67244e-101
1114, 6.48448e+98, 6.89469e-101
1115, 8.15629e+98, 5.4815e-101
1116, 1.02589e+99, 4.35804e-101
1117, 1.29035e+99, 3.46487e-101
1118, 1.62296e+99, 2.75478e-101
1119, 2.0413e+99, 2.19022e-101
1120, 2.56747e+99, 1.74136e-101
1121, 3.22926e+99, 1.3845e-101
1122, 4.06163e+99, 1.10077e-101
1123, 5.10854e+99, 8.75183e-102
1124, 6.4253e+99, 6.95829e-102
1125, 8.08145e+99, 5.53231e-102
1126, 1.01645e+100, 4.39856e-102
1127, 1.27844e+100, 3.49715e-102
1128, 1.60797e+100, 2.78047e-102
1129, 2.02243e+100, 2.21066e-102
1130, 2.54372e+100, 1.75763e-102
1131, 3.19938e+100, 1.39743e-102
1132, 4.02403e+100, 1.11105e-102
1133, 3.59801e+100, 8.83361e-103
1134, 1.58999e+100, 4.08162e-102
1135, 1.91188e+100, 2.14904e-102
1136, 2.56e+100, 1.56649e-102
1137, 3.61864e+100, 1.16421e-102
1138, 5.01288e+100, 8.68719e-103
1139, 6.71049e+100, 6.57132e-103
1140, 8.74242e+100, 5.07562e-103
1141, 1.12359e+101, 3.96182e-103
1142, 1.43235e+101, 3.11326e-103
1143, 1.81664e+101, 2.45717e-103
1144, 2.29677e+101, 1.9447e-103
1145, 2.89814e+101, 1.54174e-103
1146, 3.65254e+101, 1.22359e-103
1147, 4.59984e+101, 9.7174e-104
1148, 5.79008e+101, 7.72052e-104
1149, 7.28616e+101, 6.1356e-104
1150, 9.1671e+101, 4.87684e-104
1151, 1.15323e+102, 3.87673e-104
1152, 1.45066e+102, 3.08192e-104
1153, 1.82471e+102, 2.45016e-104
1154, 2.29516e+102, 1.94796e-104
1155, 2.88684e+102, 1.54871e-104
1156, 3.63101e+102, 1.23131e-104
1157, 4.56697e+102, 9.78964e-105
1158, 5.74418e+102, 7.78337e-105
1159, 7.2248e+102, 6.18827e-105
1160, 9.08706e+102, 4.92008e-105
1161, 1.14293e+103, 3.91179e-105
1162, 1.43753e+103, 3.11013e-105
1163, 1.80806e+103, 2.47276e-105
1164, 2.2741e+103, 1.96601e-105
1165, 2.86026e+103, 1.56311e-105
1166, 3.59751e+103, 1.24278e-105
1167, 4.52478e+103, 9.88094e-106
1168, 5.69107e+103, 7.85602e-106
1169, 7.15797e+103, 6.24606e-106
1170, 9.00297e+103, 4.96604e-106
1171, 1.13235e+104, 3.94834e-106
1172, 1.01247e+104, 3.1392e-106
1173, 4.47419e+103, 1.45048e-105
1174, 5.37999e+103, 7.63704e-106
1175, 7.20377e+103, 5.56683e-106
1176, 1.01828e+104, 4.13726e-106
1177, 1.41061e+104, 3.08716e-106
1178, 1.88832e+104, 2.33524e-106
1179, 2.4601e+104, 1.80372e-106
1180, 3.16176e+104, 1.40791e-106
1181, 4.0306e+104, 1.10636e-106
1182, 5.11198e+104, 8.73205e-107
1183, 6.46306e+104, 6.91086e-107
1184, 8.1553e+104, 5.47888e-107
1185, 1.02782e+105, 4.34826e-107
1186, 1.29438e+105, 3.45327e-107
1187, 1.62931e+105, 2.74364e-107
1188, 2.05031e+105, 2.1804e-107
1189, 2.5796e+105, 1.73308e-107
1190, 3.24515e+105, 1.37767e-107
1191, 4.08211e+105, 1.09522e-107
1192, 5.1347e+105, 8.70712e-108
1193, 6.45852e+105, 6.92244e-108
1194, 8.12349e+105, 5.50365e-108
1195, 1.02176e+106, 4.3757e-108
1196, 1.28513e+106, 3.47894e-108
1197, 1.6164e+106, 2.76597e-108
1198, 2.03304e+106, 2.19912e-108
1199, 2.55708e+106, 1.74845e-108
1200, 3.21618e+106, 1.39013e-108
1201, 4.04517e+106, 1.10525e-108
1202, 5.08784e+106, 8.78745e-109
1203, 6.39926e+106, 6.98661e-109
1204, 8.0487e+106, 5.55482e-109
1205, 1.01233e+107, 4.41646e-109
1206, 1.27326e+107, 3.51138e-109
1207, 1.60145e+107, 2.79179e-109
1208, 2.01423e+107, 2.21966e-109
1209, 2.53341e+107, 1.76478e-109
1210, 3.18641e+107, 1.40312e-109
1211, 2.84907e+107, 1.11557e-109
1212, 1.25902e+107, 5.15457e-109
1213, 1.51392e+107, 2.71397e-109
1214, 2.02712e+107, 1.97828e-109
1215, 2.8654e+107, 1.47025e-109
1216, 3.96942e+107, 1.09708e-109
1217, 5.31367e+107, 8.29874e-110
1218, 6.92264e+107, 6.40987e-110
1219, 8.89711e+107, 5.00328e-110
1220, 1.1342e+108, 3.93165e-110
1221, 1.4385e+108, 3.1031e-110
1222, 1.81869e+108, 2.45591e-110
1223, 2.29488e+108, 1.94703e-110
1224, 2.89225e+108, 1.54524e-110
1225, 3.64236e+108, 1.22719e-110
1226, 4.58485e+108, 9.75004e-111
1227, 5.76951e+108, 7.74848e-111
1228, 7.25892e+108, 6.15883e-111
1229, 9.13176e+108, 4.89582e-111
1230, 1.1487e+109, 3.89207e-111
1231, 1.44489e+109, 3.09424e-111
1232, 1.81741e+109, 2.46002e-111
1233, 2.28593e+109, 1.95583e-111
1234, 2.87519e+109, 1.55499e-111
1235, 3.61633e+109, 1.23631e-111
1236, 4.5485e+109, 9.82941e-112
1237, 5.72092e+109, 7.81501e-112
1238, 7.19554e+109, 6.21344e-112
1239, 9.05025e+109, 4.9401e-112
1240, 1.1383e+110, 3.92771e-112
1241, 1.4317e+110, 3.12279e-112
1242, 1.80073e+110, 2.48283e-112
1243, 2.26488e+110, 1.97401e-112
1244, 2.84867e+110, 1.56947e-112
1245, 3.58293e+110, 1.24784e-112
1246, 4.50644e+110, 9.92115e-113
1247, 5.668e+110, 7.88799e-113
1248, 7.12895e+110, 6.27148e-113
1249, 8.96648e+110, 4.98625e-113
1250, 8.0172e+110, 3.96441e-113
1251, 3.54286e+110, 1.83178e-112
1252, 4.26012e+110, 9.64462e-113
1253, 5.70427e+110, 7.03021e-113
1254, 8.06316e+110, 5.22483e-113
1255, 1.11698e+111, 3.8987e-113
1256, 1.49525e+111, 2.94912e-113
1257, 1.94801e+111, 2.27787e-113
1258, 2.50362e+111, 1.77801e-113
1259, 3.19161e+111, 1.39719e-113
1260, 4.0479e+111, 1.10275e-113
1261, 5.11774e+111, 8.72754e-114
1262, 6.45773e+111, 6.91913e-114
1263, 8.13871e+111, 5.49131e-114
1264, 1.02495e+112, 4.36104e-114
1265, 1.29016e+112, 3.46486e-114
1266, 1.62352e+112, 2.75357e-114
1267, 2.04264e+112, 2.18866e-114
1268, 2.56965e+112, 1.73982e-114
1269, 3.2324e+112, 1.38312e-114
1270, 4.06589e+112, 1.0996e-114
1271, 5.11414e+112, 8.74217e-115
1272, 6.43254e+112, 6.95042e-115
1273, 8.09072e+112, 5.52595e-115
1274, 1.01763e+113, 4.39346e-115
1275, 1.27994e+113, 3.49307e-115
1276, 1.60985e+113, 2.77721e-115
1277, 2.02481e+113, 2.20807e-115
1278, 2.54672e+113, 1.75556e-115
1279, 3.20315e+113, 1.39579e-115
1280, 4.02878e+113, 1.10974e-115
1281, 5.06722e+113, 8.8232e-116
1282, 6.37332e+113, 7.01504e-116
1283, 8.01608e+113, 5.57743e-116
1284, 1.00823e+114, 4.43443e-116
1285, 1.2681e+114, 3.52567e-116
1286, 1.59496e+114, 2.80315e-116
1287, 2.00607e+114, 2.22869e-116
1288, 2.52314e+114, 1.77196e-116
1289, 2.25602e+114, 1.40883e-116
1290, 9.96953e+113, 6.50958e-116
1291, 1.19879e+114, 3.4274e-116
1292, 1.60517e+114, 2.49832e-116
1293, 2.26895e+114, 1.85674e-116
1294, 3.14317e+114, 1.38548e-116
1295, 4.2076e+114, 1.04803e-116
1296, 5.48166e+114, 8.09486e-117
1297, 7.04513e+114, 6.31851e-117
1298, 8.9811e+114, 4.96518e-117
1299, 1.13907e+115, 3.91882e-117
1300, 1.44012e+115, 3.1015e-117
1301, 1.81719e+115, 2.45885e-117
1302, 2.29021e+115, 1.95144e-117
1303, 2.88418e+115, 1.54978e-117
1304, 3.63049e+115, 1.23131e-117
1305, 4.56856e+115, 9.78535e-118
1306, 5.74794e+115, 7.77783e-118
1307, 7.23094e+115, 6.1828e-118
1308, 9.09588e+115, 4.9152e-118
1309, 1.14413e+116, 3.90764e-118
1310, 1.43911e+116, 3.1067e-118
1311, 1.8101e+116, 2.46996e-118
1312, 2.27671e+116, 1.96375e-118
1313, 2.86358e+116, 1.5613e-118
1314, 3.60171e+116, 1.24133e-118
1315, 4.53009e+116, 9.86936e-119
1316, 5.69775e+116, 7.84679e-119
1317, 7.16639e+116, 6.23872e-119
1318, 9.01358e+116, 4.96019e-119
1319, 1.13369e+117, 3.94369e-119
1320, 1.4259e+117, 3.1355e-119
1321, 1.79344e+117, 2.49293e-119
1322, 2.2557e+117, 1.98205e-119
1323, 2.83712e+117, 1.57586e-119
1324, 3.5684e+117, 1.25292e-119
1325, 4.48818e+117, 9.96153e-120
1326, 5.64503e+117, 7.92009e-120
1327, 7.10006e+117, 6.297e-120
1328, 6.34838e+117, 5.00654e-120
1329, 2.8054e+117, 2.3133e-119
1330, 3.37336e+117, 1.21799e-119
1331, 4.5169e+117, 8.87826e-120
1332, 6.38477e+117, 6.5983e-120
1333, 8.84479e+117, 4.92356e-120
1334, 1.18401e+118, 3.72436e-120
1335, 1.54253e+118, 2.87666e-120
1336, 1.98248e+118, 2.2454e-120
1337, 2.52726e+118, 1.76447e-120
1338, 3.20531e+118, 1.39263e-120
1339, 4.05246e+118, 1.10218e-120
1340, 5.11352e+118, 8.73799e-121
1341, 6.44459e+118, 6.93483e-121
1342, 8.11602e+118, 5.50744e-121
1343, 1.02161e+119, 4.37569e-121
1344, 1.28558e+119, 3.47741e-121
1345, 1.61745e+119, 2.764e-121
1346, 2.03477e+119, 2.19718e-121
1347, 2.55956e+119, 1.74671e-121
1348, 3.21955e+119, 1.38865e-121
1349, 4.04961e+119, 1.10402e-121
1350, 5.09358e+119, 8.7775e-122
1351, 6.4066e+119, 6.97858e-122
1352, 8.05803e+119, 5.54838e-122
1353, 1.01351e+120, 4.4113e-122
1354, 1.27475e+120, 3.50727e-122
1355, 1.60333e+120, 2.78851e-122
1356, 2.0166e+120, 2.21705e-122
1357, 2.5364e+120, 1.7627e-122
1358, 3.19017e+120, 1.40147e-122
1359, 4.01245e+120, 1.11426e-122
1360, 5.04668e+120, 8.85911e-123
1361, 6.34749e+120, 7.04359e-123
1362, 7.98359e+120, 5.60013e-123
1363, 1.00414e+121, 4.45248e-123
1364, 1.26296e+121, 3.54002e-123
1365, 1.5885e+121, 2.81456e-123
1366, 1.99794e+121, 2.23776e-123
1367, 1.78642e+121, 1.77917e-123
1368, 7.89432e+120, 8.22077e-123
1369, 9.49253e+120, 4.32837e-123
1370, 1.27104e+121, 3.15506e-123
1371, 1.79666e+121, 2.34483e-123
1372, 2.4889e+121, 1.74968e-123
1373, 3.33177e+121, 1.32352e-123
1374, 4.34063e+121, 1.02228e-123
1375, 5.57865e+121, 7.97948e-124
1376, 7.11164e+121, 6.27039e-124
1377, 9.01965e+121, 4.94898e-124
1378, 1.14035e+122, 3.9168e-124
1379, 1.43893e+122, 3.10521e-124
1380, 1.81349e+122, 2.46442e-124
1381, 2.28383e+122, 1.95718e-124
1382, 2.87478e+122, 1.55498e-124
1383, 3.61759e+122, 1.23577e-124
1384, 4.55148e+122, 9.82241e-125
1385, 5.72578e+122, 7.8081e-125
1386, 7.20253e+122, 6.20727e-125
1387, 9.05973e+122, 4.93485e-125
1388, 1.13955e+123, 3.92337e-125
1389, 1.43332e+123, 3.11925e-125
1390, 1.8028e+123, 2.47997e-125
1391, 2.26751e+123, 1.97172e-125
1392, 2.85199e+123, 1.56764e-125
1393, 3.58713e+123, 1.24638e-125
1394, 4.51174e+123, 9.9095e-126
1395, 5.67467e+123, 7.87871e-126
1396, 7.13735e+123, 6.2641e-126
1397, 8.97705e+123, 4.98038e-126
1398, 1.12909e+124, 3.95973e-126
1399, 1.42012e+124, 3.14826e-126
1400, 1.78617e+124, 2.50308e-126
1401, 2.24656e+124, 1.99011e-126
1402, 2.82562e+124, 1.58227e-126
1403, 3.55394e+124, 1.25802e-126
1404, 4.46999e+124, 1.00021e-126
1405, 5.62215e+124, 7.95232e-127
1406, 5.02693e+124, 6.32263e-127
1407, 2.22144e+124, 2.92141e-126
1408, 2.67117e+124, 1.53817e-126
1409, 3.57668e+124, 1.12121e-126
1410, 5.05575e+124, 8.33282e-127
1411, 7.0037e+124, 6.21783e-127
1412, 9.37551e+124, 4.7034e-127
1413, 1.22144e+125, 3.63286e-127
1414, 1.56982e+125, 2.83566e-127
1415, 2.0012e+125, 2.2283e-127
1416, 2.53811e+125, 1.75872e-127
1417, 3.20892e+125, 1.39191e-127
1418, 4.04912e+125, 1.1035e-127
1419, 5.10312e+125, 8.75781e-128
1420, 6.42663e+125, 6.9552e-128
1421, 8.08957e+125, 5.52594e-128
1422, 1.01798e+126, 4.39153e-128
1423, 1.28077e+126, 3.49058e-128
1424, 1.61122e+126, 2.77476e-128
1425, 2.02677e+126, 2.20587e-128
1426, 2.54939e+126, 1.75369e-128
1427, 3.20666e+126, 1.39424e-128
1428, 4.03332e+126, 1.10849e-128
1429, 5.07303e+126, 8.81306e-129
1430, 6.38071e+126, 7.0069e-129
1431, 8.02543e+126, 5.57092e-129
1432, 1.00941e+127, 4.42924e-129
1433, 1.26959e+127, 3.52153e-129
1434, 1.59684e+127, 2.79985e-129
1435, 2.00843e+127, 2.22607e-129
1436, 2.52612e+127, 1.76987e-129
1437, 3.17724e+127, 1.40717e-129
1438, 3.99619e+127, 1.11879e-129
1439, 5.02623e+127, 8.89516e-130
1440, 6.32176e+127, 7.07225e-130
1441, 7.95123e+127, 5.62292e-130
1442, 1.00007e+128, 4.4706e-130
1443, 1.25784e+128, 3.55443e-130
1444, 1.58206e+128, 2.82601e-130
1445, 1.41457e+128, 2.24687e-130
1446, 6.25108e+127, 1.03818e-129
1447, 7.51662e+127, 5.46619e-130
1448, 1.00647e+128, 3.98444e-130
1449, 1.42267e+128, 2.96123e-130
1450, 1.97082e+128, 2.20963e-130
1451, 2.63824e+128, 1.67144e-130
1452, 3.4371e+128, 1.29101e-130
1453, 4.41743e+128, 1.00771e-130
1454, 5.63132e+128, 7.91871e-131
1455, 7.14216e+128, 6.24993e-131
1456, 9.02981e+128, 4.94642e-131
1457, 1.13941e+129, 3.92149e-131
1458, 1.436e+129, 3.11226e-131
1459, 1.80844e+129, 2.47167e-131
1460, 2.27638e+129, 1.96375e-131
1461, 2.86457e+129, 1.56062e-131
1462, 3.60406e+129, 1.24045e-131
1463, 4.53393e+129, 9.86064e-132
1464, 5.70329e+129, 7.839e-132
1465, 7.1739e+129, 6.23209e-132
1466, 9.02346e+129, 4.95471e-132
1467, 1.13497e+130, 3.93922e-132
1468, 1.42754e+130, 3.13189e-132
1469, 1.79552e+130, 2.49004e-132
1470, 2.25834e+130, 1.97973e-132
1471, 2.84045e+130, 1.57402e-132
1472, 3.5726e+130, 1.25144e-132
1473, 4.49346e+130, 9.94981e-133
1474, 5.65168e+130, 7.91076e-133
1475, 7.10843e+130, 6.28959e-133
1476, 8.94067e+130, 5.00064e-133
1477, 1.12452e+131, 3.97585e-133
1478, 1.41437e+131, 3.16107e-133
1479, 1.77893e+131, 2.51326e-133
1480, 2.23745e+131, 1.99821e-133
1481, 2.81417e+131, 1.58871e-133
1482, 3.53954e+131, 1.26313e-133
1483, 4.45187e+131, 1.00428e-133
1484, 3.98055e+131, 7.98468e-134
1485, 1.75904e+131, 3.68937e-133
1486, 2.11516e+131, 1.94252e-133
1487, 2.83218e+131, 1.41595e-133
1488, 4.00337e+131, 1.05233e-133
1489, 5.54584e+131, 7.85233e-134
1490, 7.42395e+131, 5.9398e-134
1491, 9.67192e+131, 4.58784e-134
1492, 1.24305e+132, 3.58108e-134
1493, 1.58464e+132, 2.81407e-134
1494, 2.00979e+132, 2.22103e-134
1495, 2.54097e+132, 1.75781e-134
1496, 3.20627e+132, 1.39358e-134
1497, 4.04088e+132, 1.106e-134
1498, 5.08889e+132, 8.78354e-135
1499, 6.40568e+132, 6.97856e-135
1500, 8.06082e+132, 5.54595e-135
1501, 1.01417e+133, 4.40817e-135
1502, 1.27584e+133, 3.50417e-135
1503, 1.60489e+133, 2.78574e-135
1504, 2.01872e+133, 2.21469e-135
1505, 2.53918e+133, 1.76075e-135
1506, 3.19377e+133, 1.39988e-135
1507, 4.01705e+133, 1.11298e-135
1508, 5.05253e+133, 8.84883e-136
1509, 6.3549e+133, 7.03537e-136
1510, 7.99294e+133, 5.59357e-136
1511, 1.00532e+134, 4.44725e-136
1512, 1.26445e+134, 3.53586e-136
1513, 1.59037e+134, 2.81124e-136
1514, 2.00029e+134, 2.23513e-136
1515, 2.51588e+134, 1.77708e-136
1516, 3.16436e+134, 1.41289e-136
1517, 3.97999e+134, 1.12335e-136
1518, 5.00586e+134, 8.93136e-137
1519, 6.29614e+134, 7.10103e-137
1520, 7.919e+134, 5.6458e-137
1521, 9.96016e+134, 4.48879e-137
1522, 1.25274e+135, 3.56889e-137
1523, 1.12012e+135, 2.83751e-137
1524, 4.94988e+134, 1.31109e-136
1525, 5.95199e+134, 6.9031e-137
1526, 7.96968e+134, 5.03185e-137
1527, 1.12654e+135, 3.73966e-137
1528, 1.56059e+135, 2.79048e-137
1529, 2.08908e+135, 2.11082e-137
1530, 2.72165e+135, 1.63038e-137
1531, 3.49792e+135, 1.27261e-137
1532, 4.45913e+135, 1.00003e-137
1533, 5.65549e+135, 7.89288e-138
1534, 7.15021e+135, 6.24671e-138
1535, 9.02237e+135, 4.95235e-138
1536, 1.13709e+136, 3.93039e-138
1537, 1.432e+136, 3.1214e-138
1538, 1.80254e+136, 2.47997e-138
1539, 2.26829e+136, 1.97086e-138
1540, 2.85386e+136, 1.56653e-138
1541, 3.59017e+136, 1.24527e-138
1542, 4.51612e+136, 9.89966e-139
1543, 5.68062e+136, 7.87035e-139
1544, 7.14518e+136, 6.25718e-139
1545, 8.98717e+136, 4.97474e-139
1546, 1.13039e+137, 3.95518e-139
1547, 1.42177e+137, 3.1446e-139
1548, 1.78825e+137, 2.50015e-139
1549, 2.24919e+137, 1.98778e-139
1550, 2.82894e+137, 1.58042e-139
1551, 3.55812e+137, 1.25654e-139
1552, 4.47525e+137, 9.99029e-140
1553, 5.62878e+137, 7.94295e-140
1554, 7.07962e+137, 6.31518e-140
1555, 8.90443e+137, 5.02099e-140
1556, 1.11996e+138, 3.99203e-140
1557, 1.40863e+138, 3.17393e-140
1558, 1.77172e+138, 2.52349e-140
1559, 2.22839e+138, 2.00634e-140
1560, 2.80276e+138, 1.59518e-140
1561, 3.52519e+138, 1.26828e-140
1562, 3.15198e+138, 1.00836e-140
1563, 1.39288e+138, 4.65921e-140
1564, 1.67488e+138, 2.45315e-140
1565, 2.24265e+138, 1.78816e-140
1566, 3.17005e+138, 1.32896e-140
1567, 4.39145e+138, 9.91651e-141
1568, 5.87862e+138, 7.50122e-141
1569, 7.65866e+138, 5.79387e-141
1570, 9.84305e+138, 4.52245e-141
1571, 1.25479e+139, 3.55381e-141
1572, 1.59144e+139, 2.80489e-141
1573, 2.01205e+139, 2.21989e-141
1574, 2.53887e+139, 1.75991e-141
1575, 3.19975e+139, 1.39674e-141
1576, 4.02961e+139, 1.10925e-141
1577, 5.07231e+139, 8.81304e-142
1578, 6.38292e+139, 7.00383e-142
1579, 8.03069e+139, 5.56696e-142
1580, 1.01026e+140, 4.42532e-142
1581, 1.27082e+140, 3.51804e-142
1582, 1.59851e+140, 2.79688e-142
1583, 2.01064e+140, 2.22361e-142
1584, 2.52897e+140, 1.76787e-142
1585, 3.18088e+140, 1.40555e-142
1586, 4.00082e+140, 1.1175e-142
1587, 5.03209e+140, 8.88478e-143
1588, 6.32917e+140, 7.06397e-143
1589, 7.96057e+140, 5.61631e-143
1590, 1.00125e+141, 4.46534e-143
1591, 1.25932e+141, 3.55024e-143
1592, 1.58392e+141, 2.82268e-143
1593, 1.99219e+141, 2.24422e-143
1594, 2.50568e+141, 1.78431e-143
1595, 3.15154e+141, 1.41864e-143
1596, 3.96386e+141, 1.12792e-143
1597, 4.98557e+141, 8.96771e-144
1598, 6.27062e+141, 7.12993e-144
1599, 7.8869e+141, 5.66878e-144
1600, 9.91979e+141, 4.50706e-144
1601, 8.86959e+141, 3.58342e-144
1602, 3.91954e+141, 1.65574e-143
1603, 4.71306e+141, 8.71775e-144
1604, 6.31075e+141, 6.35459e-144
1605, 8.92043e+141, 4.72271e-144
1606, 1.23574e+142, 3.52402e-144
1607, 1.65423e+142, 2.6657e-144
1608, 2.15513e+142, 2.05896e-144
1609, 2.76981e+142, 1.60714e-144
1610, 3.53094e+142, 1.26292e-144
1611, 4.47827e+142, 9.9677e-145
1612, 5.66186e+142, 7.8888e-145
1613, 7.14432e+142, 6.25419e-145
1614, 9.00401e+142, 4.96358e-145
1615, 1.13392e+143, 3.94193e-145
1616, 1.42733e+143, 3.13188e-145
1617, 1.79614e+143, 2.48895e-145
1618, 2.25981e+143, 1.97833e-145
1619, 2.84286e+143, 1.57262e-145
1620, 3.57607e+143, 1.2502e-145
1621, 4.49817e+143, 9.93925e-146
1622, 5.65788e+143, 7.90202e-146
1623, 7.11645e+143, 6.28247e-146
1624, 8.95093e+143, 4.9949e-146
1625, 1.12582e+144, 3.97123e-146
1626, 1.41602e+144, 3.15738e-146
1627, 1.78101e+144, 2.51032e-146
1628, 2.24008e+144, 1.99587e-146
1629, 2.81748e+144, 1.58685e-146
1630, 3.54371e+144, 1.26165e-146
1631, 4.45712e+144, 1.00309e-146
1632, 5.60596e+144, 7.97527e-147
1633, 7.05093e+144, 6.34088e-147
1634, 8.86834e+144, 5.04143e-147
1635, 1.11542e+145, 4.00827e-147
1636, 1.40293e+145, 3.18685e-147
1637, 1.76454e+145, 2.53376e-147
1638, 2.21935e+145, 2.01451e-147
1639, 2.7914e+145, 1.60167e-147
1640, 2.49588e+145, 1.27344e-147
1641, 1.10295e+145, 5.88399e-147
1642, 1.32624e+145, 3.09802e-147
1643, 1.77583e+145, 2.25823e-147
1644, 2.51019e+145, 1.67831e-147
1645, 3.47735e+145, 1.25233e-147
1646, 4.65495e+145, 9.47309e-148
1647, 6.06447e+145, 7.31692e-148
1648, 7.79417e+145, 5.71128e-148
1649, 9.93597e+145, 4.48801e-148
1650, 1.26017e+146, 3.54222e-148
1651, 1.59323e+146, 2.80344e-148
1652, 2.01039e+146, 2.22255e-148
1653, 2.53371e+146, 1.7639e-148
1654, 3.19083e+146, 1.40084e-148
1655, 4.01648e+146, 1.11298e-148
1656, 5.05428e+146, 8.84496e-149
1657, 6.35906e+146, 7.03036e-149
1658, 7.99973e+146, 5.58862e-149
1659, 1.0063e+147, 4.44283e-149
1660, 1.26577e+147, 3.5321e-149
1661, 1.59211e+147, 2.80814e-149
1662, 2.00255e+147, 2.2326e-149
1663, 2.51877e+147, 1.77503e-149
1664, 3.16803e+147, 1.41125e-149
1665, 3.98464e+147, 1.12204e-149
1666, 5.01172e+147, 8.9209e-150
1667, 6.30354e+147, 7.09269e-150
1668, 7.92832e+147, 5.63916e-150
1669, 9.9719e+147, 4.48351e-150
1670, 1.25422e+148, 3.56469e-150
1671, 1.5775e+148, 2.83417e-150
1672, 1.98411e+148, 2.25335e-150
1673, 2.49553e+148, 1.79157e-150
1674, 3.13876e+148, 1.42442e-150
1675, 3.9478e+148, 1.13251e-150
1676, 4.96536e+148, 9.0042e-151
1677, 6.2452e+148, 7.15895e-151
1678, 7.85494e+148, 5.69185e-151
1679, 7.02334e+148, 4.5254e-151
1680, 3.10367e+148, 2.09099e-150
1681, 3.73201e+148, 1.10094e-150
1682, 4.99713e+148, 8.02504e-151
1683, 7.0636e+148, 5.96419e-151
1684, 9.78516e+148, 4.45039e-151
1685, 1.30989e+149, 3.36644e-151
1686, 1.70653e+149, 2.60021e-151
1687, 2.19326e+149, 2.02962e-151
1688, 2.79596e+149, 1.5949e-151
1689, 3.54609e+149, 1.25879e-151
1690, 4.48331e+149, 9.96256e-152
1691, 5.65719e+149, 7.89825e-152
1692, 7.12978e+149, 6.26837e-152
1693, 8.97891e+149, 4.97816e-152
1694, 1.13023e+150, 3.95517e-152
1695, 1.42226e+150, 3.14323e-152
1696, 1.78942e+150, 2.49837e-152
1697, 2.2511e+150, 1.98602e-152
1698, 2.83169e+150, 1.57885e-152
1699, 3.56185e+150, 1.2552e-152
1700, 4.48016e+150, 9.97926e-153
1701, 5.63512e+150, 7.93396e-153
1702, 7.08775e+150, 6.30792e-153
1703, 8.91476e+150, 5.01517e-153
1704, 1.12127e+151, 3.98737e-153
1705, 1.41029e+151, 3.17021e-153
1706, 1.7738e+151, 2.52053e-153
1707, 2.23101e+151, 2.00398e-153
1708, 2.80607e+151, 1.5933e-153
1709, 3.52935e+151, 1.26678e-153
1710, 4.43905e+151, 1.00718e-153
1711, 5.58324e+151, 8.00773e-154
1712, 7.02235e+151, 6.36668e-154
1713, 8.8324e+151, 5.06194e-154
1714, 1.1109e+152, 4.02459e-154
1715, 1.39724e+152, 3.19982e-154
1716, 1.75738e+152, 2.54407e-154
1717, 2.21036e+152, 2.02271e-154
1718, 1.97635e+152, 1.60819e-154
1719, 8.73364e+151, 7.43074e-154
1720, 1.05018e+152, 3.91241e-154
1721, 1.40618e+152, 2.85185e-154
1722, 1.98768e+152, 2.11949e-154
1723, 2.75352e+152, 1.58153e-154
1724, 3.686e+152, 1.19633e-154
1725, 4.80212e+152, 9.24035e-155
1726, 6.17178e+152, 7.21263e-155
1727, 7.86775e+152, 5.66779e-155
1728, 9.97862e+152, 4.47337e-155
1729, 1.26159e+153, 3.54039e-155
1730, 1.59192e+153, 2.80679e-155
1731, 2.0063e+153, 2.22759e-155
1732, 2.52664e+153, 1.76909e-155
1733, 3.18043e+153, 1.40555e-155
1734, 4.00221e+153, 1.11701e-155
1735, 5.03539e+153, 8.87846e-156
1736, 6.33454e+153, 7.05772e-156
1737, 7.9683e+153, 5.61074e-156
1738, 1.0023e+154, 4.4606e-156
1739, 1.26071e+154, 3.54632e-156
1740, inf, 2.81949e-156
