0 0 0 0 0 0 0 0 0 0 0 0 0 0 0 0 0 0 0 0 0 0.5 1 1 1 1 1 1 1 1 1 1 1 1 1 1 1 1 1 1 1 1 1 
0 -7.97206e-21 8.54408e-20 -9.23751e-19 9.98646e-18 -1.07961e-16 1.16715e-15 -1.26178e-14 1.36408e-13 -1.47468e-12 1.59424e-11 -1.7235e-10 1.86324e-09 -2.0143e-08 2.17762e-07 -2.35418e-06 2.54505e-05 -0.00027514 0.00297447 -0.0321564 0.0129636 0.5 0.987036 1.03216 0.997026 1.00028 0.999975 1 1 1 1 1 1 1 1 1 1 1 1 1 1 1 1 
7.97206e-21 1.03679e-18 -1.12665e-17 1.14096e-16 -1.15103e-15 1.15522e-14 -1.15253e-13 1.1418e-12 -1.12176e-11 1.09096e-10 -1.04779e-09 9.9045e-09 -9.16926e-08 8.24968e-07 -7.12072e-06 5.75443e-05 -0.000412001 0.00218131 0.0009813 -0.0489192 0.00874497 0.5 0.991255 1.04892 0.999019 0.997819 1.00041 0.999942 1.00001 0.999999 1 1 1 1 1 1 1 1 1 1 1 1 1 
-1.03679e-18 -5.52606e-17 6.12529e-16 -5.7295e-15 5.3081e-14 -4.85419e-13 4.37134e-12 -3.86428e-11 3.33925e-10 -2.80419e-09 2.26908e-08 -1.74624e-07 1.2507e-06 -8.00625e-06 4.17771e-05 -0.000128043 -0.000378485 0.00441118 -0.000243506 -0.060094 -0.00109677 0.5 1.0011 1.06009 1.00024 0.995589 1.00038 1.00013 0.999958 1.00001 0.999999 1 1 1 1 1 1 1 1 1 1 1 1 
5.52606e-17 1.54639e-15 -1.7666e-14 1.49609e-13 -1.24331e-12 1.00692e-11 -7.90185e-11 5.96105e-10 -4.27325e-09 2.85951e-08 -1.73323e-07 8.97503e-07 -3.41885e-06 3.8562e-06 6.22116e-05 -0.000375256 -0.000199472 0.00634773 -0.00023666 -0.0680885 -0.0125844 0.5 1.01258 1.06809 1.00024 0.993652 1.0002 1.00038 0.999938 0.999996 1 0.999999 1 1 1 1 1 1 1 1 1 1 1 
-1.54639e-15 -2.40209e-14 2.88542e-13 -2.14489e-12 1.53876e-11 -1.05048e-10 6.72454e-10 -3.94311e-09 2.03177e-08 -8.40714e-08 2.05075e-07 4.60705e-07 -7.70439e-06 2.84314e-05 5.56336e-05 -0.000630641 -5.04427e-05 0.00805488 0.000751158 -0.0737867 -0.0239277 0.5 1.02393 1.07379 0.999249 0.991945 1.00005 1.00063 0.999944 0.999972 1.00001 1 1 1 1 1 1 1 1 1 1 1 1 
2.40209e-14 1.97129e-13 -2.60991e-12 1.60976e-11 -9.22938e-11 4.73856e-10 -2.04849e-09 6.31702e-09 -3.22746e-09 -1.16477e-07 7.96175e-07 -1.67321e-06 -9.32604e-06 5.87745e-05 3.7492e-05 -0.000883646 2.11071e-06 0.00954962 0.00239234 -0.077671 -0.0342308 0.5 1.03423 1.07767 0.997608 0.99045 0.999998 1.00088 0.999963 0.999941 1.00001 1 0.999999 1 1 1 1 1 1 1 1 1 1 
-1.97129e-13 -6.5492e-13 1.13412e-11 -5.00217e-11 1.73426e-10 -2.99097e-10 -1.46694e-09 1.629e-08 -6.91526e-08 3.23507e-08 1.2442e-06 -4.97074e-06 -8.62915e-06 9.19276e-05 2.0098e-05 -0.00113086 -5.68617e-05 0.0108245 0.00439602 -0.0801021 -0.0430599 0.5 1.04306 1.0801 0.995604 0.989176 1.00006 1.00113 0.99998 0.999908 1.00001 1 0.999999 1 1 1 1 1 1 1 1 1 1 
6.5492e-13 -5.69334e-13 -1.09276e-11 -1.04757e-11 3.00178e-10 -1.78005e-09 4.68916e-09 1.05352e-08 -1.42134e-07 3.54114e-07 1.42614e-06 -9.00606e-06 -6.71271e-06 0.000126792 1.10799e-05 -0.00136774 -0.000218367 0.0118695 0.00652875 -0.081393 -0.0502572 0.5 1.05026 1.08139 0.993471 0.988131 1.00022 1.00137 0.999989 0.999873 1.00001 1.00001 0.999999 1 1 1 1 1 1 1 1 1 1 
5.69334e-13 4.46272e-12 -4.18467e-11 1.58964e-10 -1.60831e-10 -2.265e-09 1.41399e-08 -1.64327e-08 -1.9616e-07 8.10659e-07 1.37084e-06 -1.35536e-05 -4.67435e-06 0.000162715 1.44042e-05 -0.00158824 -0.000462236 0.0126826 0.00861484 -0.0818243 -0.0558401 0.5 1.05584 1.08182 0.991385 0.987317 1.00046 1.00159 0.999986 0.999837 1 1.00001 0.999999 0.999999 1 1 1 1 1 1 1 1 1 
-4.46272e-12 9.15649e-12 -1.75277e-11 3.11049e-10 -1.19953e-09 -5.55579e-10 2.36208e-08 -6.36905e-08 -2.2146e-07 1.37009e-06 1.17193e-06 -1.85008e-05 -3.39103e-06 0.000198934 3.14086e-05 -0.00178605 -0.000763838 0.0132724 0.0105312 -0.0816433 -0.0599367 0.5 1.05994 1.08164 0.989469 0.986728 1.00076 1.00179 0.999969 0.999801 1 1.00002 0.999999 0.999999 1 1 1 1 1 1 1 1 1 
-9.15649e-12 6.19054e-13 9.04208e-11 2.78872e-10 -2.52909e-09 3.78315e-09 3.08131e-08 -1.28357e-07 -2.20174e-07 2.01298e-06 9.39031e-07 -2.37647e-05 -3.48086e-06 0.000234469 6.15672e-05 -0.00195578 -0.00109801 0.0136574 0.0122001 -0.0810605 -0.0627389 0.5 1.06274 1.08106 0.9878 0.986343 1.0011 1.00196 0.999938 0.999766 1 1.00002 0.999999 0.999998 1 1 1 1 1 1 1 1 1 
-6.19054e-13 -3.21489e-11 2.59513e-10 -4.59427e-11 -3.82328e-09 1.07103e-08 3.47425e-08 -2.07854e-07 -2.01073e-07 2.72787e-06 7.7524e-07 -2.92461e-05 -5.31509e-06 0.00026821 0.000103068 -0.00209375 -0.00144152 0.0138636 0.0135816 -0.0802482 -0.0644681 0.5 1.06447 1.08025 0.986418 0.986136 1.00144 1.00209 0.999897 0.999732 1.00001 1.00003 0.999999 0.999997 1 1 1 1 1 1 1 1 1 
3.21489e-11 -9.11539e-11 4.38206e-10 -7.11404e-10 -4.84495e-09 2.00162e-08 3.55373e-08 -3.0046e-07 -1.75862e-07 3.50517e-06 7.67011e-07 -3.48135e-05 -9.04275e-06 0.000299046 0.00015328 -0.00219833 -0.0017745 0.0139219 0.014665 -0.0793404 -0.0653504 0.5 1.06535 1.07934 0.985335 0.986078 1.00177 1.0022 0.999847 0.999701 1.00001 1.00003 0.999999 0.999996 1 1 1 1 1 1 1 1 1 
9.11539e-11 -1.68237e-10 5.73171e-10 -1.73028e-09 -5.48245e-09 3.14965e-08 3.40664e-08 -4.05038e-07 -1.56924e-07 4.33285e-06 9.79504e-07 -4.03065e-05 -1.46203e-05 0.000326003 0.000209149 -0.00226988 -0.00208132 0.0138649 0.0154622 -0.0784364 -0.0655994 0.5 1.0656 1.07844 0.984538 0.986135 1.00208 1.00227 0.999791 0.999674 1.00001 1.00004 0.999999 0.999996 1 1 1 1 1 1 1 1 1 
1.68237e-10 -2.48308e-10 6.26875e-10 -3.1023e-09 -5.73981e-09 4.50059e-08 3.16341e-08 -5.20542e-07 -1.5595e-07 5.19429e-06 1.45439e-06 -4.55492e-05 -2.18457e-05 0.000348334 0.000267523 -0.00231059 -0.00235083 0.0137247 0.0160003 -0.0776045 -0.0654055 0.5 1.06541 1.0776 0.984 0.986275 1.00235 1.00231 0.999732 0.999652 1.00002 1.00005 0.999999 0.999995 1 1 1 1 1 1 1 1 1 
2.48308e-10 -3.14185e-10 5.83756e-10 -4.82536e-09 -5.71147e-09 6.04406e-08 2.97577e-08 -6.4557e-07 -1.83021e-07 6.06796e-06 2.20924e-06 -5.03666e-05 -3.0396e-05 0.000365584 0.000325424 -0.00232405 -0.00257621 0.0135311 0.0163158 -0.0768869 -0.06493 0.5 1.06493 1.07689 0.983684 0.986469 1.00258 1.00232 0.999675 0.999634 1.00003 1.00005 0.999998 0.999994 1 1 1 1 1 1 1 1 1 
3.14185e-10 -3.50933e-10 4.48552e-10 -6.89768e-09 -5.55535e-09 7.76925e-08 3.00019e-08 -7.78075e-07 -2.45943e-07 6.9285e-06 3.23841e-06 -5.46015e-05 -3.98678e-05 0.000377608 0.000380246 -0.0023148 -0.00275462 0.0133101 0.01645 -0.0763049 -0.0643031 0.5 1.0643 1.0763 0.98355 0.98669 1.00275 1.00231 0.99962 0.999622 1.00004 1.00005 0.999997 0.999993 1 1 1 1 1 1 1 1 1 
3.50933e-10 -3.48729e-10 2.40968e-10 -9.31515e-09 -5.46887e-09 9.65999e-08 3.38472e-08 -9.15263e-07 -3.49785e-07 7.74858e-06 4.51521e-06 -5.81277e-05 -4.98175e-05 0.000384558 0.000429887 -0.00228792 -0.00288652 0.0130833 0.0164448 -0.0758637 -0.0636251 0.5 1.06363 1.07586 0.983555 0.986917 1.00289 1.00229 0.99957 0.999615 1.00005 1.00006 0.999995 0.999992 1 1 1 1 1 1 1 1 1 
3.48729e-10 -3.04118e-10 -1.04216e-11 -1.2067e-08 -5.66818e-09 1.16911e-07 4.25786e-08 -1.05365e-06 -4.96595e-07 8.50112e-06 5.99543e-06 -6.086e-05 -5.97986e-05 0.000386844 0.000472825 -0.00224858 -0.00297504 0.0128674 0.0163399 -0.0755567 -0.0629682 0.5 1.06297 1.07556 0.98366 0.987133 1.00298 1.00225 0.999527 0.999613 1.00006 1.00006 0.999994 0.999991 1 1 1 1 1 1 1 1 1 
3.04118e-10 -2.19966e-10 -2.73476e-10 -1.51317e-08 -6.37009e-09 1.38264e-07 5.7191e-08 -1.18922e-06 -6.85337e-07 9.16152e-06 7.62176e-06 -6.27588e-05 -6.93945e-05 0.000385083 0.000508128 -0.00220173 -0.00302519 0.0126744 0.0161712 -0.0753695 -0.0623807 0.5 1.06238 1.07537 0.983829 0.987326 1.00303 1.0022 0.999492 0.999615 1.00007 1.00006 0.999992 0.999991 1 1 1 1 1 1 1 1 1 
2.19966e-10 -1.04554e-10 -5.16457e-10 -1.84742e-08 -7.77577e-09 1.60184e-07 7.83146e-08 -1.31775e-06 -9.12037e-07 9.70956e-06 9.3288e-06 -6.38305e-05 -7.82449e-05 0.000380028 0.000535432 -0.00215176 -0.00304317 0.0125117 0.015969 -0.0752829 -0.0618907 0.5 1.06189 1.07528 0.984031 0.987488 1.00304 1.00215 0.999465 0.99962 1.00008 1.00006 0.999991 0.99999 1 1 1 1 1 1 1 1 1 
1.04554e-10 2.97713e-11 -7.10713e-10 -2.20445e-08 -1.00563e-08 1.82103e-07 1.06164e-07 -1.43503e-06 -1.17014e-06 1.01309e-05 1.10483e-05 -6.41241e-05 -8.60639e-05 0.000372506 0.00055487 -0.00210241 -0.00303573 0.0123831 0.0157576 -0.0752759 -0.06151 0.5 1.06151 1.07528 0.984242 0.987617 1.00304 1.0021 0.999445 0.999627 1.00009 1.00006 0.999989 0.99999 1 1 1 1 1 1 1 1 1 
-2.97713e-11 1.681e-10 -8.32326e-10 -2.57776e-08 -1.33399e-08 2.03383e-07 1.40519e-07 -1.53725e-06 -1.45105e-06 1.04179e-05 1.2714e-05 -6.37249e-05 -9.26507e-05 0.000363358 0.000566983 -0.00205659 -0.00300965 0.0122889 0.0155554 -0.0753273 -0.0612386 0.5 1.06124 1.07533 0.984445 0.987711 1.00301 1.00206 0.999433 0.999637 1.00009 1.00006 0.999987 0.99999 1 1 1 1 1 1 1 1 1 
-1.681e-10 2.94415e-10 -8.63061e-10 -2.95955e-08 -1.77022e-08 2.2336e-07 1.80732e-07 -1.62122e-06 -1.74477e-06 1.057e-05 1.4266e-05 -6.27452e-05 -9.78924e-05 0.000353377 0.000572626 -0.0020164 -0.00297128 0.0122272 0.0153752 -0.0754173 -0.0610678 0.5 1.06107 1.07542 0.984625 0.987773 1.00297 1.00202 0.999427 0.999647 1.0001 1.00006 0.999986 0.999989 1 1 1 1 1 1 1 1 1 
-2.94415e-10 3.92908e-10 -7.90834e-10 -3.34098e-08 -2.31596e-08 2.41381e-07 2.25772e-07 -1.68465e-06 -2.04066e-06 1.05935e-05 1.56542e-05 -6.13153e-05 -0.000101761 0.000343276 0.000572855 -0.00198313 -0.00292626 0.0121941 0.0152248 -0.0755288 -0.0609837 0.5 1.06098 1.07553 0.984775 0.987806 1.00293 1.00198 0.999427 0.999657 1.0001 1.00006 0.999984 0.999989 1 1 1 1 1 1 1 1 1 
-3.92908e-10 4.49104e-10 -6.09881e-10 -3.7126e-08 -2.96656e-08 2.56856e-07 2.74293e-07 -1.72625e-06 -2.32811e-06 1.05006e-05 1.68408e-05 -5.95732e-05 -0.000104303 0.000333649 0.000568832 -0.00195736 -0.00287932 0.012185 0.0151077 -0.0756475 -0.0609693 0.5 1.06097 1.07565 0.984892 0.987815 1.00288 1.00196 0.999431 0.999666 1.0001 1.00006 0.999983 0.999989 1 1 1 1 1 1 1 1 1 
-4.49104e-10 4.50776e-10 -3.20684e-10 -4.0648e-08 -3.71129e-08 2.6929e-07 3.24724e-07 -1.74581e-06 -2.5973e-06 1.03084e-05 1.78013e-05 -5.76552e-05 -0.00010563 0.000324959 0.000561734 -0.00193908 -0.0028342 0.0121944 0.015024 -0.0757626 -0.0610071 0.5 1.06101 1.07576 0.984976 0.987806 1.00283 1.00194 0.999438 0.999675 1.00011 1.00006 0.999982 0.99999 1 1 1 1 1 1 1 1 1 
-4.50776e-10 3.88665e-10 7.03248e-11 -4.38835e-08 -4.5338e-08 2.78319e-07 3.75371e-07 -1.74418e-06 -2.83973e-06 1.00374e-05 1.85251e-05 -5.56882e-05 -0.000105897 0.000317527 0.000552681 -0.00192779 -0.00279359 0.0122172 0.0149714 -0.0758661 -0.0610803 0.5 1.06108 1.07587 0.985029 0.987783 1.00279 1.00193 0.999447 0.999682 1.00011 1.00006 0.999981 0.99999 1 1 1 1 1 1 1 1 1 
-3.88665e-10 2.56973e-10 5.51278e-10 -4.6749e-08 -5.41306e-08 2.83737e-07 4.2453e-07 -1.72321e-06 -3.04866e-06 9.70998e-06 1.90146e-05 -5.37834e-05 -0.000105293 0.000311543 0.000542678 -0.00192264 -0.00275926 0.0122483 0.0149459 -0.0759532 -0.0611736 0.5 1.06117 1.07595 0.985054 0.987752 1.00276 1.00192 0.999457 0.999688 1.00011 1.00005 0.999981 0.99999 1 1 1 1 1 1 1 1 1 
-2.56973e-10 5.36505e-11 1.10563e-09 -4.91747e-08 -6.32456e-08 2.85502e-07 4.70589e-07 -1.68555e-06 -3.21944e-06 9.3491e-06 1.92833e-05 -5.20316e-05 -0.000104023 0.000307071 0.000532577 -0.00192257 -0.00273211 0.0122834 0.0149424 -0.0760214 -0.0612747 0.5 1.06127 1.07602 0.985058 0.987717 1.00273 1.00192 0.999467 0.999693 1.0001 1.00005 0.999981 0.999991 1 1 1 1 1 1 1 1 1 
-5.36505e-11 -2.1953e-10 1.71316e-09 -5.11083e-08 -7.24177e-08 2.83738e-07 5.12123e-07 -1.63447e-06 -3.3496e-06 8.97669e-06 1.93544e-05 -5.05008e-05 -0.00010229 0.000304074 0.000523054 -0.00192644 -0.00271233 0.0123191 0.0149557 -0.0760704 -0.0613736 0.5 1.06137 1.07607 0.985044 0.987681 1.00271 1.00193 0.999477 0.999696 1.0001 1.00005 0.999981 0.999991 1 1 0.999999 1 1 1 1 1 1 
2.1953e-10 -5.57121e-10 2.3511e-09 -5.25179e-08 -8.1377e-08 2.78727e-07 5.47974e-07 -1.57363e-06 -3.43886e-06 8.61257e-06 1.9258e-05 -4.92356e-05 -0.00010029 0.00030243 0.000514602 -0.00193307 -0.00269956 0.0123525 0.0149806 -0.0761014 -0.0614632 0.5 1.06146 1.0761 0.985019 0.987647 1.0027 1.00193 0.999485 0.999698 1.0001 1.00005 0.999981 0.999991 1 1 0.999999 1 1 1 1 1 1 
5.57121e-10 -9.50352e-10 2.99551e-09 -5.33934e-08 -8.98641e-08 2.70885e-07 5.773e-07 -1.50684e-06 -3.48891e-06 8.27357e-06 1.90281e-05 -4.82584e-05 -9.81948e-05 0.00030196 0.000507542 -0.00194138 -0.00269305 0.0123818 0.0150122 -0.0761165 -0.0615389 0.5 1.06154 1.07612 0.984988 0.987618 1.00269 1.00194 0.999492 0.999698 1.0001 1.00005 0.999981 0.999992 1 1 0.999999 1 1 1 1 1 1 
9.50352e-10 -1.38766e-09 3.62257e-09 -5.37471e-08 -9.76446e-08 2.60734e-07 5.99613e-07 -1.43783e-06 -3.50315e-06 7.97291e-06 1.8701e-05 -4.75709e-05 -9.61508e-05 0.000302445 0.000502033 -0.00195041 -0.00269176 0.0124059 0.0150466 -0.0761185 -0.0615985 0.5 1.0616 1.07612 0.984953 0.987594 1.00269 1.00195 0.999498 0.999698 1.0001 1.00005 0.999981 0.999992 1 1 0.999999 1 1 1 1 1 1 
1.38766e-09 -1.85536e-09 4.20998e-09 -5.36116e-08 -1.04521e-07 2.4887e-07 6.14778e-07 -1.37008e-06 -3.48634e-06 7.71989e-06 1.83121e-05 -4.7158e-05 -9.42727e-05 0.000303652 0.000498098 -0.00195938 -0.00269456 0.0124241 0.0150804 -0.0761106 -0.0616414 0.5 1.06164 1.07611 0.98492 0.987576 1.00269 1.00196 0.999502 0.999696 1.00009 1.00005 0.999982 0.999992 1 1 0.999999 1 1 1 1 1 1 
1.85536e-09 -2.33847e-09 4.73808e-09 -5.30383e-08 -1.10343e-07 2.35923e-07 6.23e-07 -1.30658e-06 -3.44419e-06 7.51989e-06 1.78943e-05 -4.69913e-05 -9.26428e-05 0.00030535 0.000495653 -0.00196767 -0.00270028 0.0124367 0.0151113 -0.0760959 -0.0616685 0.5 1.06167 1.0761 0.984889 0.987563 1.0027 1.00197 0.999504 0.999695 1.00009 1.00005 0.999982 0.999992 1 1 0.999999 1 1 1 1 1 1 
2.33847e-09 -2.8215e-09 5.19091e-09 -5.20934e-08 -1.15011e-07 2.22526e-07 6.24787e-07 -1.2498e-06 -3.38288e-06 7.37459e-06 1.74769e-05 -4.70329e-05 -9.13121e-05 0.000307325 0.000494532 -0.00197486 -0.00270783 0.012444 0.0151376 -0.0760771 -0.0616818 0.5 1.06168 1.07608 0.984862 0.987556 1.00271 1.00197 0.999505 0.999693 1.00009 1.00005 0.999983 0.999993 1 1 0.999999 1 1 1 1 1 1 
2.8215e-09 -3.28934e-09 5.55686e-09 -5.08536e-08 -1.18481e-07 2.09274e-07 6.20895e-07 -1.20155e-06 -3.30876e-06 7.2824e-06 1.70837e-05 -4.72396e-05 -9.03029e-05 0.000309386 0.000494517 -0.00198071 -0.00271623 0.0124467 0.0151585 -0.0760566 -0.0616836 0.5 1.06168 1.07606 0.984841 0.987553 1.00272 1.00198 0.999505 0.999691 1.00009 1.00005 0.999983 0.999993 1 1 0.999999 1 1 1 1 1 1 
3.28934e-09 -3.72803e-09 5.82913e-09 -4.94022e-08 -1.20764e-07 1.96705e-07 6.12267e-07 -1.16296e-06 -3.22789e-06 7.23906e-06 1.67331e-05 -4.75661e-05 -8.96128e-05 0.000311381 0.000495364 -0.00198509 -0.00272469 0.0124458 0.0151738 -0.0760365 -0.0616766 0.5 1.06168 1.07604 0.984826 0.987554 1.00272 1.00199 0.999505 0.999689 1.00009 1.00005 0.999983 0.999993 1 1 0.999999 1 1 1 1 1 1 
3.72803e-09 -4.12542e-09 6.00581e-09 -4.78238e-08 -1.21919e-07 1.85268e-07 5.99966e-07 -1.13452e-06 -3.14577e-06 7.23823e-06 1.64377e-05 -4.79687e-05 -8.922e-05 0.00031319 0.000496825 -0.00198804 -0.00273257 0.0124421 0.0151837 -0.0760181 -0.0616636 0.5 1.06166 1.07602 0.984816 0.987558 1.00273 1.00199 0.999503 0.999687 1.00009 1.00005 0.999984 0.999993 1 1 0.999999 1 1 1 1 1 1 
4.12542e-09 -4.47178e-09 6.08964e-09 -4.62002e-08 -1.22048e-07 1.75311e-07 5.85101e-07 -1.11613e-06 -3.06712e-06 7.27223e-06 1.62046e-05 -4.8407e-05 -8.9088e-05 0.000314733 0.000498664 -0.00198968 -0.00273945 0.0124366 0.0151887 -0.0760025 -0.061647 0.5 1.06165 1.076 0.984811 0.987563 1.00274 1.00199 0.999501 0.999685 1.00009 1.00005 0.999984 0.999993 1 1 0.999999 1 1 1 1 1 1 
4.47178e-09 -4.76008e-09 6.08753e-09 -4.46065e-08 -1.21287e-07 1.67076e-07 5.68768e-07 -1.10716e-06 -2.99573e-06 7.33269e-06 1.60359e-05 -4.88466e-05 -8.91712e-05 0.000315963 0.00050067 -0.00199017 -0.00274506 0.0124301 0.0151896 -0.0759901 -0.0616289 0.5 1.06163 1.07599 0.98481 0.98757 1.00275 1.00199 0.999499 0.999684 1.00009 1.00005 0.999984 0.999993 1 1 0.999999 1 1 1 1 1 1 
4.76008e-09 -4.98628e-09 6.00986e-09 -4.3108e-08 -1.19796e-07 1.6069e-07 5.5199e-07 -1.10658e-06 -2.93436e-06 7.41115e-06 1.59293e-05 -4.92593e-05 -8.94192e-05 0.000316865 0.000502668 -0.00198976 -0.00274929 0.0124233 0.0151874 -0.0759811 -0.0616112 0.5 1.06161 1.07598 0.984813 0.987577 1.00275 1.00199 0.999497 0.999683 1.00009 1.00005 0.999984 0.999993 1 1 0.999999 1 1 1 1 1 1 
4.98628e-09 -5.14926e-09 5.86961e-09 -4.17579e-08 -1.17749e-07 1.56178e-07 5.35673e-07 -1.11304e-06 -2.88475e-06 7.49959e-06 1.58792e-05 -4.96244e-05 -8.97815e-05 0.000317448 0.000504521 -0.00198866 -0.00275216 0.0124168 0.0151829 -0.0759753 -0.061595 0.5 1.0616 1.07598 0.984817 0.987583 1.00275 1.00199 0.999495 0.999683 1.00009 1.00005 0.999984 0.999993 1 1 0.999999 1 1 1 1 1 1 
5.14926e-09 -5.25069e-09 5.68142e-09 -4.05956e-08 -1.15325e-07 1.5347e-07 5.2057e-07 -1.12504e-06 -2.84767e-06 7.59081e-06 1.58777e-05 -4.99281e-05 -9.02102e-05 0.000317741 0.000506133 -0.00198711 -0.00275376 0.012411 0.015177 -0.0759725 -0.0615813 0.5 1.06158 1.07597 0.984823 0.987589 1.00275 1.00199 0.999494 0.999682 1.00009 1.00005 0.999984 0.999992 1 1 0.999999 1 1 1 1 1 1 
5.25069e-09 -5.29473e-09 5.46062e-09 -3.96466e-08 -1.12694e-07 1.52417e-07 5.07263e-07 -1.14099e-06 -2.82306e-06 7.67874e-06 1.59152e-05 -5.01633e-05 -9.06631e-05 0.000317786 0.000507444 -0.00198533 -0.00275427 0.0124061 0.0151705 -0.0759721 -0.0615705 0.5 1.06157 1.07597 0.984829 0.987594 1.00275 1.00199 0.999493 0.999682 1.00009 1.00005 0.999984 0.999992 1 1 0.999999 1 1 1 1 1 1 
5.29473e-09 -5.28758e-09 5.22235e-09 -3.89227e-08 -1.10015e-07 1.52808e-07 4.96151e-07 -1.15935e-06 -2.81013e-06 7.75863e-06 1.59818e-05 -5.03288e-05 -9.11051e-05 0.000317634 0.00050843 -0.00198349 -0.00275391 0.0124024 0.015164 -0.0759736 -0.0615627 0.5 1.06156 1.07597 0.984836 0.987598 1.00275 1.00198 0.999492 0.999682 1.00009 1.00005 0.999984 0.999992 1 1 1 1 1 1 1 1 1 
5.28758e-09 -5.23701e-09 4.98074e-09 -3.8423e-08 -1.07426e-07 1.54389e-07 4.87458e-07 -1.17866e-06 -2.80754e-06 7.82708e-06 1.60674e-05 -5.04281e-05 -9.15089e-05 0.000317337 0.000509093 -0.00198173 -0.00275289 0.0123998 0.0151581 -0.0759765 -0.0615577 0.5 1.06156 1.07598 0.984842 0.9876 1.00275 1.00198 0.999491 0.999683 1.00009 1.00005 0.999984 0.999992 1 1 1 1 1 1 1 1 1 
5.23701e-09 -5.1518e-09 4.74827e-09 -3.81355e-08 -1.05039e-07 1.56885e-07 4.81243e-07 -1.19769e-06 -2.81357e-06 7.882e-06 1.61627e-05 -5.04682e-05 -9.18555e-05 0.000316947 0.000509457 -0.00198017 -0.00275145 0.0123982 0.0151529 -0.0759801 -0.0615554 0.5 1.06156 1.07598 0.984847 0.987602 1.00275 1.00198 0.999491 0.999683 1.00009 1.00005 0.999984 0.999992 1 1 1 1 1 1 1 1 1 
5.1518e-09 -5.04118e-09 4.53526e-09 -3.80397e-08 -1.02941e-07 1.60015e-07 4.7742e-07 -1.2154e-06 -2.82629e-06 7.92255e-06 1.62598e-05 -5.04586e-05 -9.21337e-05 0.00031651 0.000509562 -0.00197887 -0.00274978 0.0123976 0.0151488 -0.0759841 -0.0615552 0.5 1.06156 1.07598 0.984851 0.987602 1.00275 1.00198 0.99949 0.999683 1.00009 1.00005 0.999984 0.999992 1 1 1 1 1 1 1 1 1 
5.04118e-09 -4.91433e-09 4.34961e-09 -3.81079e-08 -1.0119e-07 1.63507e-07 4.75788e-07 -1.23101e-06 -2.84373e-06 7.94893e-06 1.63519e-05 -5.04102e-05 -9.23391e-05 0.000316067 0.000509459 -0.00197787 -0.00274806 0.0123977 0.0151457 -0.0759881 -0.0615567 0.5 1.06156 1.07599 0.984854 0.987602 1.00275 1.00198 0.999491 0.999684 1.00009 1.00005 0.999984 0.999992 1 1 1 1 1 1 1 1 1 
4.91433e-09 -4.77995e-09 4.19668e-09 -3.83088e-08 -9.98162e-08 1.67115e-07 4.76058e-07 -1.24399e-06 -2.86395e-06 7.96219e-06 1.64341e-05 -5.03343e-05 -9.24732e-05 0.00031565 0.000509199 -0.00197716 -0.00274643 0.0123984 0.0151437 -0.0759917 -0.0615593 0.5 1.06156 1.07599 0.984856 0.987602 1.00275 1.00198 0.999491 0.999684 1.00009 1.00005 0.999984 0.999992 1 1 1 1 1 1 1 1 1 
4.77995e-09 -4.64582e-09 4.07928e-09 -3.86089e-08 -9.8827e-08 1.70626e-07 4.77883e-07 -1.25405e-06 -2.88521e-06 7.96401e-06 1.65029e-05 -5.02415e-05 -9.25419e-05 0.000315281 0.000508836 -0.00197675 -0.00274497 0.0123995 0.0151427 -0.0759948 -0.0615626 0.5 1.06156 1.07599 0.984857 0.987601 1.00274 1.00198 0.999491 0.999685 1.00009 1.00005 0.999983 0.999992 1 1 1 1 1 1 1 1 1 
4.64582e-09 -4.51858e-09 3.99791e-09 -3.89747e-08 -9.82071e-08 1.73868e-07 4.80885e-07 -1.26114e-06 -2.90603e-06 7.95648e-06 1.65566e-05 -5.01416e-05 -9.25544e-05 0.000314977 0.000508417 -0.00197659 -0.00274377 0.0124008 0.0151425 -0.0759973 -0.0615662 0.5 1.06157 1.076 0.984857 0.987599 1.00274 1.00198 0.999492 0.999685 1.00009 1.00005 0.999983 0.999992 1 1 1 1 1 1 1 1 1 
4.51858e-09 -4.4035e-09 3.95106e-09 -3.93751e-08 -9.79242e-08 1.7671e-07 4.84687e-07 -1.26537e-06 -2.92521e-06 7.94188e-06 1.65946e-05 -5.00428e-05 -9.25216e-05 0.000314745 0.000507984 -0.00197663 -0.00274284 0.0124022 0.015143 -0.0759991 -0.0615698 0.5 1.06157 1.076 0.984857 0.987598 1.00274 1.00198 0.999492 0.999685 1.00009 1.00005 0.999983 0.999992 1 1 1 1 1 1 1 1 1 
4.4035e-09 -4.30442e-09 3.93555e-09 -3.9782e-08 -9.79333e-08 1.79068e-07 4.88929e-07 -1.26702e-06 -2.94187e-06 7.92251e-06 1.66176e-05 -4.99515e-05 -9.24554e-05 0.000314584 0.000507572 -0.00197684 -0.0027422 0.0124036 0.0151439 -0.0760002 -0.061573 0.5 1.06157 1.076 0.984856 0.987596 1.00274 1.00198 0.999492 0.999685 1.00009 1.00005 0.999983 0.999992 1 1 1 1 1 1 1 1 1 
4.30442e-09 -4.22375e-09 3.94698e-09 -4.01718e-08 -9.81812e-08 1.80898e-07 4.9329e-07 -1.26645e-06 -2.95546e-06 7.90054e-06 1.6627e-05 -4.98724e-05 -9.23675e-05 0.000314492 0.000507204 -0.00197715 -0.00274183 0.0124048 0.0151451 -0.0760008 -0.0615757 0.5 1.06158 1.076 0.984855 0.987595 1.00274 1.00198 0.999493 0.999686 1.00009 1.00005 0.999983 0.999992 1 1 1 1 1 1 1 1 1 
4.22375e-09 -4.16254e-09 3.98016e-09 -4.0526e-08 -9.86107e-08 1.82193e-07 4.97495e-07 -1.26412e-06 -2.96571e-06 7.87789e-06 1.66249e-05 -4.98084e-05 -9.22685e-05 0.00031446 0.000506897 -0.00197753 -0.00274169 0.0124058 0.0151464 -0.0760009 -0.0615779 0.5 1.06158 1.076 0.984854 0.987594 1.00274 1.00198 0.999493 0.999686 1.00009 1.00005 0.999983 0.999992 1 1 1 1 1 1 1 1 1 
4.16254e-09 -4.12063e-09 4.02954e-09 -4.08311e-08 -9.91643e-08 1.82977e-07 5.0133e-07 -1.26048e-06 -2.97261e-06 7.85615e-06 1.66139e-05 -4.97607e-05 -9.21676e-05 0.000314477 0.000506661 -0.00197792 -0.00274175 0.0124066 0.0151478 -0.0760005 -0.0615795 0.5 1.06158 1.076 0.984852 0.987593 1.00274 1.00198 0.999493 0.999686 1.00009 1.00005 0.999983 0.999992 1 1 0.999999 1 1 1 1 1 1 
4.12063e-09 -4.09688e-09 4.08955e-09 -4.10788e-08 -9.97879e-08 1.83301e-07 5.04639e-07 -1.25601e-06 -2.97636e-06 7.83657e-06 1.65963e-05 -4.97293e-05 -9.20722e-05 0.000314532 0.000506495 -0.00197831 -0.00274195 0.0124072 0.015149 -0.0759999 -0.0615804 0.5 1.06158 1.076 0.984851 0.987593 1.00274 1.00198 0.999494 0.999685 1.00009 1.00005 0.999983 0.999992 1 1 0.999999 1 1 1 1 1 1 
4.09688e-09 -4.08933e-09 4.15494e-09 -4.12657e-08 -1.00433e-07 1.83231e-07 5.07326e-07 -1.25112e-06 -2.97733e-06 7.81999e-06 1.65747e-05 -4.97128e-05 -9.19879e-05 0.000314612 0.000506397 -0.00197866 -0.00274225 0.0124075 0.0151501 -0.0759992 -0.0615809 0.5 1.06158 1.076 0.98485 0.987592 1.00274 1.00198 0.999494 0.999685 1.00009 1.00005 0.999983 0.999992 1 1 0.999999 1 1 1 1 1 1 
4.08933e-09 -4.09549e-09 4.22106e-09 -4.13923e-08 -1.01058e-07 1.82845e-07 5.09348e-07 -1.24619e-06 -2.97598e-06 7.80691e-06 1.65513e-05 -4.97095e-05 -9.19181e-05 0.000314706 0.000506359 -0.00197896 -0.00274261 0.0124077 0.015151 -0.0759983 -0.0615809 0.5 1.06158 1.076 0.984849 0.987592 1.00274 1.00198 0.999494 0.999685 1.00009 1.00005 0.999983 0.999992 1 1 0.999999 1 1 1 1 1 1 
4.09549e-09 -4.11252e-09 4.284e-09 -4.14625e-08 -1.01631e-07 1.82225e-07 5.1071e-07 -1.24154e-06 -2.97285e-06 7.7975e-06 1.65282e-05 -4.97167e-05 -9.18647e-05 0.000314805 0.00050637 -0.00197919 -0.00274298 0.0124077 0.0151516 -0.0759975 -0.0615806 0.5 1.06158 1.076 0.984848 0.987592 1.00274 1.00198 0.999494 0.999685 1.00009 1.00005 0.999983 0.999992 1 1 0.999999 1 1 1 1 1 1 
4.11252e-09 -4.13748e-09 4.3407e-09 -4.14828e-08 -1.02129e-07 1.81451e-07 5.11455e-07 -1.23738e-06 -2.96847e-06 7.79166e-06 1.65067e-05 -4.9732e-05 -9.1828e-05 0.000314901 0.00050642 -0.00197935 -0.00274334 0.0124075 0.015152 -0.0759967 -0.06158 0.5 1.06158 1.076 0.984848 0.987592 1.00274 1.00198 0.999494 0.999685 1.00009 1.00005 0.999983 0.999992 1 1 0.999999 1 1 1 1 1 1 
4.13748e-09 -4.1675e-09 4.389e-09 -4.14614e-08 -1.02536e-07 1.80599e-07 5.11655e-07 -1.2339e-06 -2.96336e-06 7.78908e-06 1.6488e-05 -4.97524e-05 -9.1807e-05 0.000314987 0.000506495 -0.00197945 -0.00274366 0.0124073 0.0151522 -0.0759961 -0.0615793 0.5 1.06158 1.076 0.984848 0.987593 1.00274 1.00198 0.999494 0.999685 1.00009 1.00005 0.999984 0.999992 1 1 0.999999 1 1 1 1 1 1 
4.1675e-09 -4.19995e-09 4.4276e-09 -4.14076e-08 -1.02845e-07 1.79735e-07 5.11403e-07 -1.23117e-06 -2.95798e-06 7.78928e-06 1.64728e-05 -4.97756e-05 -9.18e-05 0.00031506 0.000506586 -0.0019795 -0.00274393 0.012407 0.0151523 -0.0759955 -0.0615785 0.5 1.06158 1.076 0.984848 0.987593 1.00274 1.00198 0.999493 0.999685 1.00009 1.00005 0.999984 0.999992 1 1 0.999999 1 1 1 1 1 1 
4.19995e-09 -4.23249e-09 4.45602e-09 -4.13307e-08 -1.03058e-07 1.78912e-07 5.108e-07 -1.22921e-06 -2.95274e-06 7.79171e-06 1.64614e-05 -4.97995e-05 -9.18045e-05 0.000315117 0.000506682 -0.00197949 -0.00274413 0.0124067 0.0151522 -0.0759952 -0.0615778 0.5 1.06158 1.076 0.984848 0.987593 1.00274 1.00198 0.999493 0.999685 1.00009 1.00005 0.999984 0.999992 1 1 0.999999 1 1 1 1 1 1 
4.23249e-09 -4.26324e-09 4.47446e-09 -4.12397e-08 -1.03179e-07 1.78172e-07 5.0995e-07 -1.22801e-06 -2.94793e-06 7.79578e-06 1.64539e-05 -4.98221e-05 -9.18178e-05 0.000315157 0.000506775 -0.00197945 -0.00274428 0.0124064 0.015152 -0.0759949 -0.0615771 0.5 1.06158 1.07599 0.984848 0.987594 1.00274 1.00198 0.999493 0.999685 1.00009 1.00005 0.999984 0.999992 1 1 0.999999 1 1 1 1 1 1 
4.26324e-09 -4.29073e-09 4.48367e-09 -4.11428e-08 -1.0322e-07 1.77544e-07 5.08953e-07 -1.22749e-06 -2.94378e-06 7.80088e-06 1.64499e-05 -4.98422e-05 -9.18371e-05 0.000315182 0.00050686 -0.00197939 -0.00274437 0.0124061 0.0151517 -0.0759948 -0.0615765 0.5 1.06158 1.07599 0.984848 0.987594 1.00274 1.00198 0.999493 0.999685 1.00009 1.00005 0.999984 0.999992 1 1 0.999999 1 1 1 1 1 1 
4.29073e-09 -4.31398e-09 4.48482e-09 -4.1047e-08 -1.03193e-07 1.77044e-07 5.079e-07 -1.22754e-06 -2.94044e-06 7.80649e-06 1.64491e-05 -4.9859e-05 -9.18597e-05 0.000315192 0.000506931 -0.0019793 -0.0027444 0.0124059 0.0151514 -0.0759948 -0.061576 0.5 1.06158 1.07599 0.984849 0.987594 1.00274 1.00198 0.999493 0.999685 1.00009 1.00005 0.999984 0.999992 1 1 0.999999 1 1 1 1 1 1 
4.31398e-09 -4.33242e-09 4.47935e-09 -4.0958e-08 -1.03113e-07 1.76679e-07 5.06866e-07 -1.22807e-06 -2.93795e-06 7.81213e-06 1.64508e-05 -4.98718e-05 -9.18835e-05 0.00031519 0.000506987 -0.00197922 -0.00274439 0.0124057 0.0151511 -0.0759949 -0.0615757 0.5 1.06158 1.07599 0.984849 0.987594 1.00274 1.00198 0.999493 0.999685 1.00009 1.00005 0.999984 0.999992 1 1 0.999999 1 1 1 1 1 1 
4.33242e-09 -4.34587e-09 4.46884e-09 -4.08798e-08 -1.02996e-07 1.76444e-07 5.05911e-07 -1.22893e-06 -2.93632e-06 7.81742e-06 1.64545e-05 -4.98807e-05 -9.19064e-05 0.000315179 0.000507027 -0.00197913 -0.00274435 0.0124056 0.0151509 -0.075995 -0.0615755 0.5 1.06158 1.076 0.984849 0.987594 1.00274 1.00198 0.999493 0.999685 1.00009 1.00005 0.999984 0.999992 1 1 0.999999 1 1 1 1 1 1 
4.34587e-09 -4.35449e-09 4.45488e-09 -4.08152e-08 -1.02855e-07 1.76328e-07 5.0508e-07 -1.23002e-06 -2.93547e-06 7.82208e-06 1.64594e-05 -4.98859e-05 -9.19271e-05 0.000315161 0.000507051 -0.00197905 -0.00274429 0.0124055 0.0151506 -0.0759952 -0.0615754 0.5 1.06158 1.076 0.984849 0.987595 1.00274 1.00198 0.999493 0.999685 1.00009 1.00005 0.999984 0.999992 1 1 0.999999 1 1 1 1 1 1 
4.35449e-09 -4.35868e-09 4.43898e-09 -4.07654e-08 -1.02705e-07 1.76315e-07 5.04401e-07 -1.23121e-06 -2.93532e-06 7.82593e-06 1.64651e-05 -4.98876e-05 -9.19445e-05 0.000315139 0.000507061 -0.00197898 -0.00274421 0.0124055 0.0151504 -0.0759954 -0.0615754 0.5 1.06158 1.076 0.98485 0.987595 1.00274 1.00198 0.999493 0.999685 1.00009 1.00005 0.999984 0.999992 1 1 0.999999 1 1 1 1 1 1 
4.35868e-09 -4.35906e-09 4.42248e-09 -4.07307e-08 -1.02556e-07 1.76386e-07 5.03886e-07 -1.23241e-06 -2.93573e-06 7.82887e-06 1.64709e-05 -4.98866e-05 -9.19581e-05 0.000315116 0.00050706 -0.00197893 -0.00274412 0.0124055 0.0151503 -0.0759955 -0.0615755 0.5 1.06158 1.076 0.98485 0.987595 1.00274 1.00198 0.999493 0.999685 1.00009 1.00005 0.999984 0.999992 1 1 0.999999 1 1 1 1 1 1 
4.35906e-09 -4.35634e-09 4.40651e-09 -4.07102e-08 -1.02417e-07 1.76519e-07 5.03536e-07 -1.23355e-06 -2.93656e-06 7.83089e-06 1.64765e-05 -4.98833e-05 -9.19676e-05 0.000315093 0.000507049 -0.00197889 -0.00274404 0.0124055 0.0151502 -0.0759957 -0.0615756 0.5 1.06158 1.076 0.98485 0.987595 1.00274 1.00198 0.999493 0.999685 1.00009 1.00005 0.999984 0.999992 1 1 0.999999 1 1 1 1 1 1 
4.35634e-09 -4.35128e-09 4.39196e-09 -4.07025e-08 -1.02296e-07 1.76695e-07 5.0334e-07 -1.23455e-06 -2.93769e-06 7.83203e-06 1.64815e-05 -4.98786e-05 -9.19734e-05 0.000315073 0.000507032 -0.00197887 -0.00274397 0.0124055 0.0151501 -0.0759959 -0.0615758 0.5 1.06158 1.076 0.98485 0.987594 1.00274 1.00198 0.999493 0.999685 1.00009 1.00005 0.999984 0.999992 1 1 0.999999 1 1 1 1 1 1 
4.35128e-09 -4.34466e-09 4.37944e-09 -4.07055e-08 -1.02195e-07 1.76893e-07 5.0328e-07 -1.23539e-06 -2.93897e-06 7.8324e-06 1.64857e-05 -4.9873e-05 -9.19757e-05 0.000315055 0.000507012 -0.00197886 -0.00274391 0.0124056 0.0151501 -0.075996 -0.061576 0.5 1.06158 1.076 0.98485 0.987594 1.00274 1.00198 0.999493 0.999685 1.00009 1.00005 0.999984 0.999992 1 1 0.999999 1 1 1 1 1 1 
4.34466e-09 -4.33719e-09 4.36936e-09 -4.07168e-08 -1.02118e-07 1.77096e-07 5.03332e-07 -1.23605e-06 -2.94029e-06 7.83211e-06 1.64889e-05 -4.98671e-05 -9.1975e-05 0.000315041 0.000506989 -0.00197886 -0.00274386 0.0124057 0.0151502 -0.0759961 -0.0615761 0.5 1.06158 1.076 0.98485 0.987594 1.00274 1.00198 0.999493 0.999685 1.00009 1.00005 0.999984 0.999992 1 1 0.999999 1 1 1 1 1 1 
4.33719e-09 -4.32949e-09 4.36186e-09 -4.07342e-08 -1.02065e-07 1.77291e-07 5.03472e-07 -1.2365e-06 -2.94156e-06 7.83133e-06 1.64912e-05 -4.98614e-05 -9.19721e-05 0.000315031 0.000506967 -0.00197886 -0.00274383 0.0124057 0.0151502 -0.0759961 -0.0615763 0.5 1.06158 1.076 0.98485 0.987594 1.00274 1.00198 0.999493 0.999685 1.00009 1.00005 0.999984 0.999992 1 1 0.999999 1 1 1 1 1 1 
4.32949e-09 -4.32209e-09 4.35691e-09 -4.07553e-08 -1.02034e-07 1.77467e-07 5.03673e-07 -1.23678e-06 -2.94271e-06 7.8302e-06 1.64926e-05 -4.98562e-05 -9.19676e-05 0.000315025 0.000506948 -0.00197888 -0.00274381 0.0124058 0.0151503 -0.0759961 -0.0615764 0.5 1.06158 1.076 0.98485 0.987594 1.00274 1.00198 0.999493 0.999685 1.00009 1.00005 0.999984 0.999992 1 1 0.999999 1 1 1 1 1 1 
4.32209e-09 -4.31539e-09 4.35433e-09 -4.0778e-08 -1.02022e-07 1.77617e-07 5.0391e-07 -1.23689e-06 -2.94368e-06 7.82887e-06 1.64931e-05 -4.98518e-05 -9.19622e-05 0.000315023 0.000506931 -0.0019789 -0.0027438 0.0124059 0.0151503 -0.0759961 -0.0615765 0.5 1.06158 1.076 0.98485 0.987594 1.00274 1.00198 0.999493 0.999685 1.00009 1.00005 0.999984 0.999992 1 1 0.999999 1 1 1 1 1 1 
4.31539e-09 -4.30967e-09 4.35381e-09 -4.08006e-08 -1.02027e-07 1.77735e-07 5.0416e-07 -1.23686e-06 -2.94444e-06 7.82746e-06 1.6493e-05 -4.98484e-05 -9.19563e-05 0.000315023 0.000506917 -0.00197892 -0.0027438 0.0124059 0.0151504 -0.0759961 -0.0615766 0.5 1.06158 1.076 0.98485 0.987594 1.00274 1.00198 0.999493 0.999685 1.00009 1.00005 0.999984 0.999992 1 1 0.999999 1 1 1 1 1 1 
4.30967e-09 -4.3051e-09 4.35499e-09 -4.08216e-08 -1.02045e-07 1.77822e-07 5.04404e-07 -1.23672e-06 -2.94499e-06 7.82609e-06 1.64922e-05 -4.98459e-05 -9.19506e-05 0.000315025 0.000506908 -0.00197894 -0.00274381 0.0124059 0.0151505 -0.0759961 -0.0615766 0.5 1.06158 1.076 0.98485 0.987594 1.00274 1.00198 0.999493 0.999685 1.00009 1.00005 0.999984 0.999992 1 1 0.999999 1 1 1 1 1 1 
4.3051e-09 -4.30173e-09 4.35745e-09 -4.08401e-08 -1.02072e-07 1.77877e-07 5.04629e-07 -1.2365e-06 -2.94533e-06 7.82484e-06 1.64911e-05 -4.98443e-05 -9.19454e-05 0.00031503 0.000506902 -0.00197896 -0.00274383 0.0124059 0.0151505 -0.0759961 -0.0615766 0.5 1.06158 1.076 0.984849 0.987594 1.00274 1.00198 0.999493 0.999685 1.00009 1.00005 0.999984 0.999992 1 1 0.999999 1 1 1 1 1 1 
4.30173e-09 -4.29955e-09 4.36078e-09 -4.08553e-08 -1.02105e-07 1.77903e-07 5.04823e-07 -1.23623e-06 -2.94549e-06 7.82377e-06 1.64898e-05 -4.98437e-05 -9.1941e-05 0.000315035 0.0005069 -0.00197897 -0.00274385 0.012406 0.0151506 -0.075996 -0.0615766 0.5 1.06158 1.076 0.984849 0.987594 1.00274 1.00198 0.999493 0.999685 1.00009 1.00005 0.999984 0.999992 1 1 0.999999 1 1 1 1 1 1 
4.29955e-09 -4.29844e-09 4.36461e-09 -4.08669e-08 -1.0214e-07 1.77905e-07 5.04979e-07 -1.23594e-06 -2.94548e-06 7.82292e-06 1.64883e-05 -4.98438e-05 -9.19375e-05 0.00031504 0.0005069 -0.00197899 -0.00274387 0.012406 0.0151506 -0.075996 -0.0615766 0.5 1.06158 1.076 0.984849 0.987594 1.00274 1.00198 0.999493 0.999685 1.00009 1.00005 0.999984 0.999992 1 1 0.999999 1 1 1 1 1 1 
4.29844e-09 -4.29827e-09 4.36858e-09 -4.08749e-08 -1.02175e-07 1.77888e-07 5.05096e-07 -1.23566e-06 -2.94534e-06 7.8223e-06 1.64869e-05 -4.98444e-05 -9.19349e-05 0.000315046 0.000506902 -0.001979 -0.00274388 0.0124059 0.0151506 -0.0759959 -0.0615766 0.5 1.06158 1.076 0.984849 0.987594 1.00274 1.00198 0.999493 0.999685 1.00009 1.00005 0.999984 0.999992 1 1 0.999999 1 1 1 1 1 1 
4.29827e-09 -4.29887e-09 4.37241e-09 -4.08795e-08 -1.02207e-07 1.77855e-07 5.05174e-07 -1.23539e-06 -2.94511e-06 7.8219e-06 1.64856e-05 -4.98455e-05 -9.19334e-05 0.000315051 0.000506907 -0.001979 -0.0027439 0.0124059 0.0151506 -0.0759959 -0.0615766 0.5 1.06158 1.076 0.984849 0.987594 1.00274 1.00198 0.999493 0.999685 1.00009 1.00005 0.999984 0.999992 1 1 0.999999 1 1 1 1 1 1 
4.29887e-09 -4.30003e-09 4.37588e-09 -4.08811e-08 -1.02235e-07 1.77813e-07 5.05214e-07 -1.23516e-06 -2.94482e-06 7.82171e-06 1.64844e-05 -4.98469e-05 -9.19327e-05 0.000315056 0.000506912 -0.001979 -0.00274392 0.0124059 0.0151506 -0.0759959 -0.0615765 0.5 1.06158 1.076 0.984849 0.987594 1.00274 1.00198 0.999493 0.999685 1.00009 1.00005 0.999984 0.999992 1 1 0.999999 1 1 1 1 1 1 
4.30003e-09 -4.30157e-09 4.37885e-09 -4.08801e-08 -1.02258e-07 1.77766e-07 5.05223e-07 -1.23497e-06 -2.94451e-06 7.8217e-06 1.64835e-05 -4.98483e-05 -9.19327e-05 0.000315059 0.000506917 -0.001979 -0.00274393 0.0124059 0.0151506 -0.0759959 -0.0615765 0.5 1.06158 1.076 0.984849 0.987594 1.00274 1.00198 0.999493 0.999685 1.00009 1.00005 0.999984 0.999992 1 1 0.999999 1 1 1 1 1 1 
4.30157e-09 -4.30332e-09 4.38122e-09 -4.08773e-08 -1.02275e-07 1.77719e-07 5.05206e-07 -1.23483e-06 -2.94419e-06 7.82183e-06 1.64829e-05 -4.98498e-05 -9.19334e-05 0.000315062 0.000506922 -0.001979 -0.00274393 0.0124059 0.0151506 -0.0759959 -0.0615764 0.5 1.06158 1.076 0.984849 0.987594 1.00274 1.00198 0.999493 0.999685 1.00009 1.00005 0.999984 0.999992 1 1 0.999999 1 1 1 1 1 1 
4.30332e-09 -4.30511e-09 4.38295e-09 -4.0873e-08 -1.02287e-07 1.77674e-07 5.0517e-07 -1.23473e-06 -2.94389e-06 7.82207e-06 1.64824e-05 -4.98511e-05 -9.19344e-05 0.000315063 0.000506927 -0.001979 -0.00274394 0.0124059 0.0151506 -0.0759958 -0.0615764 0.5 1.06158 1.076 0.984849 0.987594 1.00274 1.00198 0.999493 0.999685 1.00009 1.00005 0.999984 0.999992 1 1 0.999999 1 1 1 1 1 1 
4.30511e-09 -4.30684e-09 4.38406e-09 -4.0868e-08 -1.02293e-07 1.77634e-07 5.0512e-07 -1.23468e-06 -2.94363e-06 7.82237e-06 1.64822e-05 -4.98523e-05 -9.19358e-05 0.000315064 0.000506931 -0.00197899 -0.00274394 0.0124059 0.0151506 -0.0759958 -0.0615764 0.5 1.06158 1.076 0.984849 0.987594 1.00274 1.00198 0.999493 0.999685 1.00009 1.00005 0.999984 0.999992 1 1 0.999999 1 1 1 1 1 1 
