1 1 0.95 0.9 0.85 0.8 0.75 0.7 0.65 0.6 0.55 0.5 0.45 0.4 0.35 0.3 0.25 0.2 0.15 0.1 0.05 0 -0.05 -0.1 -0.15 -0.2 -0.25 -0.3 -0.35 -0.4 -0.45 -0.5 -0.55 -0.6 -0.65 -0.7 -0.75 -0.8 -0.85 -0.9 -0.95 -1 -1 
1 1 1.03663 0.954 0.901 0.848 0.795 0.742 0.689 0.636 0.583 0.53 0.477 0.424 0.371 0.318 0.265 0.212 0.159 0.106 0.053 -3.31766e-18 -0.053 -0.106 -0.159 -0.212 -0.265 -0.318 -0.371 -0.424 -0.477 -0.53 -0.583 -0.636 -0.689 -0.742 -0.795 -0.848 -0.901 -0.954 -1.03663 -1 -1 
1 1 0.993451 1.08985 0.944486 0.900027 0.843776 0.787524 0.731272 0.67502 0.618769 0.562517 0.506265 0.450014 0.393762 0.33751 0.281259 0.225007 0.168755 0.112503 0.0562517 -6.64361e-18 -0.0562517 -0.112503 -0.168755 -0.225007 -0.281259 -0.33751 -0.393762 -0.450014 -0.506265 -0.562517 -0.618769 -0.67502 -0.731272 -0.787524 -0.843776 -0.900027 -0.944486 -1.08985 -0.993451 -1 -1 
1 1 1.00064 0.979288 1.14866 0.924979 0.902298 0.836301 0.776565 0.716829 0.657093 0.597358 0.537622 0.477886 0.41815 0.358415 0.298679 0.238943 0.179207 0.119472 0.0597358 -9.68775e-18 -0.0597358 -0.119472 -0.179207 -0.238943 -0.298679 -0.358415 -0.41815 -0.477886 -0.537622 -0.597358 -0.657093 -0.716829 -0.776565 -0.836301 -0.902298 -0.924979 -1.14866 -0.979288 -1.00064 -1 -1 
1 1 0.999971 1.00137 0.960398 1.18869 0.909062 0.917815 0.822532 0.761563 0.6981 0.634636 0.571173 0.507709 0.444245 0.380782 0.317318 0.253854 0.190391 0.126927 0.0634636 -1.2576e-17 -0.0634636 -0.126927 -0.190391 -0.253854 -0.317318 -0.380782 -0.444245 -0.507709 -0.571173 -0.634636 -0.6981 -0.761563 -0.822532 -0.917815 -0.909062 -1.18869 -0.960398 -1.00137 -0.999971 -1 -1 
1 1 1 0.999957 1.00097 0.941046 1.20515 0.909743 0.941207 0.798287 0.743763 0.675296 0.607766 0.540237 0.472707 0.405177 0.337648 0.270118 0.202589 0.135059 0.0675296 -1.62974e-17 -0.0675296 -0.135059 -0.202589 -0.270118 -0.337648 -0.405177 -0.472707 -0.540237 -0.607766 -0.675296 -0.743763 -0.798287 -0.941207 -0.909743 -1.20515 -0.941046 -1.00097 -0.999957 -1 -1 -1 
1 1 1 1 0.999961 0.998982 0.922951 1.22079 0.912213 0.958766 0.768243 0.726776 0.648335 0.576563 0.504492 0.432422 0.360352 0.288281 0.216211 0.144141 0.0720703 -2.11554e-17 -0.0720703 -0.144141 -0.216211 -0.288281 -0.360352 -0.432422 -0.504492 -0.576563 -0.648335 -0.726776 -0.768243 -0.958766 -0.912213 -1.22079 -0.922951 -0.998982 -0.999961 -1 -1 -1 -1 
1 1 1 1 1 0.999955 0.994758 0.906982 1.2357 0.915957 0.959088 0.740213 0.7134 0.61533 0.540311 0.463056 0.38588 0.308704 0.231528 0.154352 0.077176 -2.71236e-17 -0.077176 -0.154352 -0.231528 -0.308704 -0.38588 -0.463056 -0.540311 -0.61533 -0.7134 -0.740213 -0.959088 -0.915957 -1.2357 -0.906982 -0.994758 -0.999955 -1 -1 -1 -1 -1 
1 1 1 1 1 1 1.00009 0.987738 0.893705 1.25001 0.91982 0.939457 0.718378 0.701091 0.574204 0.498349 0.414784 0.33184 0.24888 0.16592 0.0829601 -3.57572e-17 -0.0829601 -0.16592 -0.24888 -0.33184 -0.414784 -0.498349 -0.574204 -0.701091 -0.718378 -0.939457 -0.91982 -1.25001 -0.893705 -0.987738 -1.00009 -1 -1 -1 -1 -1 -1 
1 1 1 1 1 1 1 1.00103 0.977114 0.883381 1.26372 0.921932 0.90601 0.702715 0.679628 0.525472 0.449833 0.358152 0.268704 0.179134 0.0895671 -4.71022e-17 -0.0895671 -0.179134 -0.268704 -0.358152 -0.449833 -0.525472 -0.679628 -0.702715 -0.90601 -0.921932 -1.26372 -0.883381 -0.977114 -1.00103 -1 -1 -1 -1 -1 -1 -1 
1 1 1 1 1 1 1 1.00005 1.00488 0.960879 0.875995 1.2904 0.907106 0.871891 0.681995 0.640153 0.47141 0.392706 0.291199 0.194383 0.0971847 -6.06921e-17 -0.0971847 -0.194383 -0.291199 -0.392706 -0.47141 -0.640153 -0.681995 -0.871891 -0.907106 -1.2904 -0.875995 -0.960879 -1.00488 -1.00005 -1 -1 -1 -1 -1 -1 -1 
1 1 1 1 1 1 1 1 1.00038 1.01701 0.932581 0.872964 1.32764 0.87723 0.838665 0.647082 0.579245 0.411176 0.322769 0.21137 0.105995 -7.23878e-17 -0.105995 -0.21137 -0.322769 -0.411176 -0.579245 -0.647082 -0.838665 -0.87723 -1.32764 -0.872964 -0.932581 -1.01701 -1.00038 -1 -1 -1 -1 -1 -1 -1 -1 
1 1 1 1 1 1 1 1 1.00003 1.00186 1.03978 0.888793 0.875456 1.35573 0.844508 0.803705 0.595304 0.497896 0.340246 0.235767 0.115675 -6.6508e-17 -0.115675 -0.235767 -0.340246 -0.497896 -0.595304 -0.803705 -0.844508 -1.35573 -0.875456 -0.888793 -1.03978 -1.00186 -1.00003 -1 -1 -1 -1 -1 -1 -1 -1 
1 1 1 1 1 1 1 1 1 1.00016 1.00559 1.028 0.875536 0.881485 1.37189 0.809336 0.758184 0.524084 0.399898 0.252482 0.129291 -9.83688e-17 -0.129291 -0.252482 -0.399898 -0.524084 -0.758184 -0.809336 -1.37189 -0.881485 -0.875536 -1.028 -1.00559 -1.00016 -1 -1 -1 -1 -1 -1 -1 -1 -1 
1 1 1 1 1 1 1 1 1 1.00002 0.99974 1.00917 1.00247 0.876858 0.888642 1.38078 0.765487 0.688663 0.42953 0.288495 0.141445 -1.75755e-16 -0.141445 -0.288495 -0.42953 -0.688663 -0.765487 -1.38078 -0.888642 -0.876858 -1.00247 -1.00917 -0.99974 -1.00002 -1 -1 -1 -1 -1 -1 -1 -1 -1 
1 1 1 1 1 1 1 1 1 1 0.999983 1.00094 1.00863 0.979124 0.879384 0.895677 1.38717 0.701709 0.578574 0.312535 0.160095 -2.29651e-16 -0.160095 -0.312535 -0.578574 -0.701709 -1.38717 -0.895677 -0.879384 -0.979124 -1.00863 -1.00094 -0.999983 -1 -1 -1 -1 -1 -1 -1 -1 -1 -1 
1 1 1 1 1 1 1 1 1 1 1 1.00001 1.00204 1.01127 0.952791 0.882749 0.902282 1.38729 0.603047 0.417867 0.173964 -2.26275e-16 -0.173964 -0.417867 -0.603047 -1.38729 -0.902282 -0.882749 -0.952791 -1.01127 -1.00204 -1.00001 -1 -1 -1 -1 -1 -1 -1 -1 -1 -1 -1 
1 1 1 1 1 1 1 1 1 1 1 1 0.999912 1.00361 1.02581 0.915001 0.886589 0.907631 1.35632 0.450239 0.219199 -2.16709e-16 -0.219199 -0.450239 -1.35632 -0.907631 -0.886589 -0.915001 -1.02581 -1.00361 -0.999912 -1 -1 -1 -1 -1 -1 -1 -1 -1 -1 -1 -1 
1 1 1 1 1 1 1 1 1 1 1 1 0.999991 0.999801 1.00641 1.03141 0.887965 0.890138 0.907744 1.23995 0.238508 -3.13401e-16 -0.238508 -1.23995 -0.907744 -0.890138 -0.887965 -1.03141 -1.00641 -0.999801 -0.999991 -1 -1 -1 -1 -1 -1 -1 -1 -1 -1 -1 -1 
1 1 1 1 1 1 1 1 1 1 1 1 1 0.999985 0.998402 1.00835 1.02119 0.888041 0.891837 0.895523 0.982401 -3.17178e-16 -0.982401 -0.895523 -0.891837 -0.888041 -1.02119 -1.00835 -0.998402 -0.999985 -1 -1 -1 -1 -1 -1 -1 -1 -1 -1 -1 -1 -1 
1 1 1 1 1 1 1 1 1 1 1 1 1 1 1.00026 0.9909 1.0116 1.0374 0.885876 0.893479 0.886707 -1.96256e-14 -0.886707 -0.893479 -0.885876 -1.0374 -1.0116 -0.9909 -1.00026 -1 -1 -1 -1 -1 -1 -1 -1 -1 -1 -1 -1 -1 -1 
1 1 1 1 1 1 1 1 1 1 1 1 1 0.999999 0.999964 1.00168 0.975745 1.0187 1.05443 0.885655 0.893733 -4.34322e-15 -0.893733 -0.885655 -1.05443 -1.0187 -0.975745 -1.00168 -0.999964 -0.999999 -1 -1 -1 -1 -1 -1 -1 -1 -1 -1 -1 -1 -1 
1 1 1 1 1 1 1 1 1 1 1 1 1 1 1 0.999725 1.00493 0.945211 1.03702 1.07198 0.885554 -3.20607e-15 -0.885554 -1.07198 -1.03702 -0.945211 -1.00493 -0.999725 -1 -1 -1 -1 -1 -1 -1 -1 -1 -1 -1 -1 -1 -1 -1 
1 1 1 1 1 1 1 1 1 1 1 1 1 1 1 1.00004 0.99909 1.01039 0.899198 1.06668 1.12627 -1.83898e-15 -1.12627 -1.06668 -0.899198 -1.01039 -0.99909 -1.00004 -1 -1 -1 -1 -1 -1 -1 -1 -1 -1 -1 -1 -1 -1 -1 
1 1 1 1 1 1 1 1 1 1 1 1 1 1 1 0.999997 1.0001 0.998294 1.01231 0.829671 1.11826 -3.49504e-15 -1.11826 -0.829671 -1.01231 -0.998294 -1.0001 -0.999997 -1 -1 -1 -1 -1 -1 -1 -1 -1 -1 -1 -1 -1 -1 -1 
1 1 1 1 1 1 1 1 1 1 1 1 1 1 1 1 0.99999 1.00023 0.997189 1.01018 0.816639 -7.42658e-15 -0.816639 -1.01018 -0.997189 -1.00023 -0.99999 -1 -1 -1 -1 -1 -1 -1 -1 -1 -1 -1 -1 -1 -1 -1 -1 
1 1 1 1 1 1 1 1 1 1 1 1 1 1 1 1 1 0.999945 1.0008 0.994691 1.06765 9.08114e-17 -1.06765 -0.994691 -1.0008 -0.999945 -1 -1 -1 -1 -1 -1 -1 -1 -1 -1 -1 -1 -1 -1 -1 -1 -1 
1 1 1 1 1 1 1 1 1 1 1 1 1 1 1 1 1 1.00001 0.999839 1.00154 0.98309 -4.15188e-15 -0.98309 -1.00154 -0.999839 -1.00001 -1 -1 -1 -1 -1 -1 -1 -1 -1 -1 -1 -1 -1 -1 -1 -1 -1 
1 1 1 1 1 1 1 1 1 1 1 1 1 1 1 1 1 0.999998 1.00004 0.999501 1.00543 -1.75748e-15 -1.00543 -0.999501 -1.00004 -0.999998 -1 -1 -1 -1 -1 -1 -1 -1 -1 -1 -1 -1 -1 -1 -1 -1 -1 
1 1 1 1 1 1 1 1 1 1 1 1 1 1 1 1 1 1 0.999989 1.00015 0.998336 -3.34756e-15 -0.998336 -1.00015 -0.999989 -1 -1 -1 -1 -1 -1 -1 -1 -1 -1 -1 -1 -1 -1 -1 -1 -1 -1 
1 1 1 1 1 1 1 1 1 1 1 1 1 1 1 1 1 1 1 0.999957 1.00051 -2.81473e-15 -1.00051 -0.999957 -1 -1 -1 -1 -1 -1 -1 -1 -1 -1 -1 -1 -1 -1 -1 -1 -1 -1 -1 
1 1 1 1 1 1 1 1 1 1 1 1 1 1 1 1 1 1 0.999999 1.00001 0.999846 -2.41526e-15 -0.999846 -1.00001 -0.999999 -1 -1 -1 -1 -1 -1 -1 -1 -1 -1 -1 -1 -1 -1 -1 -1 -1 -1 
1 1 1 1 1 1 1 1 1 1 1 1 1 1 1 1 1 1 1 0.999997 1.00005 -4.01396e-15 -1.00005 -0.999997 -1 -1 -1 -1 -1 -1 -1 -1 -1 -1 -1 -1 -1 -1 -1 -1 -1 -1 -1 
1 1 1 1 1 1 1 1 1 1 1 1 1 1 1 1 1 1 1 1 0.999987 -2.41531e-15 -0.999987 -1 -1 -1 -1 -1 -1 -1 -1 -1 -1 -1 -1 -1 -1 -1 -1 -1 -1 -1 -1 
1 1 1 1 1 1 1 1 1 1 1 1 1 1 1 1 1 1 1 1 1 -3.21467e-15 -1 -1 -1 -1 -1 -1 -1 -1 -1 -1 -1 -1 -1 -1 -1 -1 -1 -1 -1 -1 -1 
1 1 1 1 1 1 1 1 1 1 1 1 1 1 1 1 1 1 1 1 0.999999 -2.94822e-15 -0.999999 -1 -1 -1 -1 -1 -1 -1 -1 -1 -1 -1 -1 -1 -1 -1 -1 -1 -1 -1 -1 
1 1 1 1 1 1 1 1 1 1 1 1 1 1 1 1 1 1 1 1 1 -3.08145e-15 -1 -1 -1 -1 -1 -1 -1 -1 -1 -1 -1 -1 -1 -1 -1 -1 -1 -1 -1 -1 -1 
1 1 1 1 1 1 1 1 1 1 1 1 1 1 1 1 1 1 1 1 1 -3.08145e-15 -1 -1 -1 -1 -1 -1 -1 -1 -1 -1 -1 -1 -1 -1 -1 -1 -1 -1 -1 -1 -1 
1 1 1 1 1 1 1 1 1 1 1 1 1 1 1 1 1 1 1 1 1 -3.08145e-15 -1 -1 -1 -1 -1 -1 -1 -1 -1 -1 -1 -1 -1 -1 -1 -1 -1 -1 -1 -1 -1 
