0 0 0 0 0 0 0 0 0 0 0 0 0 0 0 0 0 0 0 0 0 0.5 1 1 1 1 1 1 1 1 1 1 1 1 1 1 1 1 1 1 1 1 1 
0 0 0 0 0 0 0 0 0 0 0 0 0 0 0 0 0 0 0 -3.50156e-05 -0.0272522 0.4824 1.04482 1.00007 1 1 1 1 1 1 1 1 1 1 1 1 1 1 1 1 1 1 1 
0 0 0 0 0 0 0 0 0 0 0 0 0 0 0 0 0 4.9144e-09 7.99662e-06 0.00320764 -0.0490811 0.4649 1.08605 0.994933 0.999986 1 1 1 1 1 1 1 1 1 1 1 1 1 1 1 1 1 1 
0 0 0 0 0 0 0 0 0 0 0 0 0 0 0 -6.89705e-13 -1.69311e-09 -1.37337e-06 -0.000357038 0.00880574 -0.0653706 0.448641 1.12192 0.9858 1.00056 1 1 1 1 1 1 1 1 1 1 1 1 1 1 1 1 1 1 
0 0 0 0 0 0 0 0 0 0 0 0 0 9.67958e-17 3.17732e-13 3.88819e-10 2.082e-07 3.90872e-05 -0.00130803 0.015786 -0.0765386 0.434555 1.15133 0.974084 1.00212 0.999939 1 1 1 1 1 1 1 1 1 1 1 1 1 1 1 1 1 
0 0 0 0 0 0 0 0 0 0 0 -1.35847e-20 -5.58352e-17 -9.13922e-14 -7.41112e-11 -2.93358e-08 -4.17753e-06 0.000183598 -0.00289431 0.0232376 -0.0833561 0.423203 1.17396 0.96117 1.00479 0.999705 1.00001 1 1 1 1 1 1 1 1 1 1 1 1 1 1 1 1 
0 0 0 0 0 0 0 0 0 1.90653e-24 9.41408e-21 1.93003e-17 2.0969e-14 1.26472e-11 3.93026e-09 4.34305e-07 -2.45053e-05 0.000490747 -0.00503059 0.0303969 -0.0867544 0.414743 1.19017 0.948252 1.00852 0.999198 1.00004 0.999999 1 1 1 1 1 1 1 1 1 1 1 1 1 1 1 
0 0 0 0 0 0 0 -2.67569e-28 -1.54266e-24 -3.80056e-21 -5.17667e-18 -4.19411e-15 -2.00266e-12 -5.06625e-10 -4.36335e-08 3.15132e-06 -7.71678e-05 0.000999044 -0.00754061 0.0366972 -0.0876697 0.408996 1.20079 0.936256 1.01309 0.99834 1.00013 0.999995 1 1 1 1 1 1 1 1 1 1 1 1 1 1 1 
0 0 0 0 0 3.75516e-32 2.47583e-28 7.12347e-25 1.16665e-21 1.18666e-18 7.63796e-16 3.00126e-13 6.32528e-11 4.19095e-09 -3.9278e-07 1.15166e-05 -0.000180207 0.00171794 -0.0102045 0.0417836 -0.0869442 0.405568 1.20688 0.925816 1.01817 0.997098 1.0003 0.999981 1 1 1 1 1 1 1 1 1 1 1 1 1 1 1 
0 0 0 -5.27014e-36 -3.91087e-32 -1.287e-28 -2.46265e-25 -3.01445e-22 -2.44033e-19 -1.29823e-16 -4.30835e-14 -7.67779e-12 -3.77345e-10 4.76197e-08 -1.6483e-06 3.04752e-05 -0.000349236 0.00262606 -0.012801 0.0455019 -0.0852769 0.403963 1.20957 0.917299 1.02341 0.995489 1.00058 0.99995 1 1 1 1 1 1 1 1 1 1 1 1 1 1 1 
0 0 6.10083e-36 2.26005e-32 4.94776e-29 7.0801e-26 6.90523e-23 4.63074e-20 2.0917e-17 5.97056e-15 9.07796e-13 3.05505e-11 -5.62574e-09 2.2794e-07 -4.89248e-06 6.59368e-05 -0.000593754 0.0036753 -0.0151402 0.0478677 -0.0832101 0.40368 1.20989 0.910836 1.02845 0.993577 1.00101 0.999891 1.00001 1 1 1 1 1 1 1 1 1 1 1 1 1 1 
0 0 -9.56385e-33 -1.56643e-29 -1.78727e-26 -1.44591e-23 -8.25526e-21 -3.22785e-18 -8.02972e-16 -1.04607e-13 -1.97881e-12 6.47925e-10 -3.06086e-08 7.5314e-07 -1.17132e-05 0.000123816 -0.000914656 0.00479893 -0.0170829 0.0490258 -0.0811358 0.404262 1.20871 0.906371 1.033 0.991462 1.00158 0.999792 1.00002 0.999999 1 1 1 1 1 1 1 1 1 1 1 1 1 
0 0 4.31963e-30 4.09185e-27 2.82277e-24 1.39951e-21 4.80545e-19 1.05181e-16 1.17389e-14 4.89741e-14 -7.26901e-11 4.00504e-09 -1.1193e-07 1.98142e-06 -2.41052e-05 0.000208913 -0.00130334 0.00592174 -0.0185493 0.0492056 -0.0793124 0.405329 1.20674 0.903705 1.03684 0.989268 1.00229 0.999644 1.00004 0.999997 1 1 1 1 1 1 1 1 1 1 1 1 1 
0 0 -8.67751e-28 -5.20787e-25 -2.27582e-22 -6.9379e-20 -1.34524e-17 -1.28008e-15 1.46106e-14 7.92646e-12 -5.11853e-10 1.61404e-08 -3.21761e-07 4.44168e-06 -4.42438e-05 0.000323869 -0.00174246 0.0069703 -0.0195179 0.0486773 -0.0778854 0.406583 1.20451 0.90254 1.03983 0.987121 1.00311 0.999441 1.00007 0.999993 1 1 1 1 1 1 1 1 1 1 1 1 1 
0 0 9.16885e-26 3.57252e-23 9.75147e-21 1.68267e-18 1.35082e-16 -3.91119e-15 -8.36678e-13 6.3994e-11 -2.26673e-09 5.04658e-08 -7.81584e-07 8.82144e-06 -7.41651e-05 0.000468411 -0.00220808 0.00788186 -0.0200174 0.047714 -0.0769092 0.407809 1.20239 0.902529 1.04196 0.98514 1.00402 0.99918 1.00013 0.999985 1 1 1 1 1 1 1 1 1 1 1 1 1 
0 0 -5.43965e-24 -1.33819e-21 -2.06038e-19 -1.36958e-17 6.88054e-16 8.48847e-14 -7.83402e-12 3.10898e-10 -7.68034e-09 1.32257e-07 -1.67172e-06 1.59159e-05 -0.000115406 0.000639022 -0.00267269 0.00861089 -0.020115 0.0465625 -0.0763692 0.408867 1.20061 0.90331 1.04324 0.983422 1.00495 0.998864 1.0002 0.999973 1 1 1 1 1 1 1 1 1 1 1 1 1 
0 0 1.7969e-22 2.47055e-20 1.31721e-18 -1.03638e-16 -8.1738e-15 9.39345e-13 -4.17339e-11 1.13826e-09 -2.16365e-08 3.03426e-07 -3.23248e-06 2.654e-05 -0.000168668 0.000829099 -0.00310867 0.00913273 -0.0199022 0.0454232 -0.0762031 0.409681 1.19928 0.904546 1.0438 0.982034 1.00588 0.998504 1.0003 0.999955 1.00001 0.999999 1 1 1 1 1 1 1 1 1 1 1 
0 0 -2.90044e-21 -1.17217e-19 1.43219e-17 7.29047e-16 -1.10294e-13 5.49169e-12 -1.6474e-10 3.43636e-09 -5.30589e-08 6.26468e-07 -5.75373e-06 4.14141e-05 -0.000233579 0.00102957 -0.00349148 0.00944417 -0.019481 0.0444395 -0.076321 0.410225 1.19843 0.905945 1.04377 0.98101 1.00673 0.998113 1.00041 0.999928 1.00001 0.999999 1 1 1 1 1 1 1 1 1 1 1 
0 0 9.11747e-21 -1.86721e-18 -5.69491e-17 1.26698e-14 -7.0921e-13 2.33362e-11 -5.3162e-10 8.98069e-09 -1.16592e-07 1.18626e-06 -9.55166e-06 6.10399e-05 -0.000308575 0.00122983 -0.0038023 0.00956139 -0.0189519 0.0436969 -0.0766233 0.410514 1.19801 0.907283 1.04333 0.980349 1.00749 0.997709 1.00056 0.999893 1.00002 0.999998 1 1 1 1 1 1 1 1 1 1 1 
0 0 2.32705e-19 3.23744e-18 -1.4215e-15 8.99593e-14 -3.24121e-12 8.03276e-11 -1.47685e-09 2.09435e-08 -2.34154e-07 2.0885e-06 -1.4934e-05 8.55869e-05 -0.000390963 0.00141898 -0.00402972 0.00951585 -0.0184037 0.0432278 -0.0770149 0.410588 1.19795 0.908407 1.04263 0.980024 1.0081 0.997311 1.00071 0.999848 1.00003 0.999996 1 1 1 1 1 1 1 1 1 1 1 
0 0 2.30781e-20 1.5533e-16 -1.12132e-14 4.42023e-13 -1.18807e-11 2.36681e-10 -3.64609e-09 4.44912e-08 -4.35964e-07 3.45393e-06 -2.21575e-05 0.000114811 -0.000477124 0.00158693 -0.00417042 0.00934888 -0.0179065 0.0430216 -0.0774158 0.410503 1.19815 0.90923 1.04183 0.979983 1.00857 0.996939 1.00088 0.999794 1.00004 0.999994 1 1 1 1 1 1 1 1 1 1 1 
0 0 -1.64492e-17 1.37372e-15 -5.92563e-14 1.72312e-12 -3.70586e-11 6.17251e-10 -8.17356e-09 8.7382e-08 -7.606e-07 5.40818e-06 -3.1383e-05 0.000148016 -0.000562855 0.00172553 -0.00422883 0.00910598 -0.0175085 0.043037 -0.077767 0.410317 1.1985 0.909731 1.04105 0.98016 1.00887 0.99661 1.00106 0.999731 1.00006 0.999991 1 1 1 1 1 1 1 1 1 1 1 
0 0 -1.65363e-16 7.81546e-15 -2.45432e-13 5.68092e-12 -1.01898e-10 1.45711e-09 -1.68958e-08 1.60442e-07 -1.25372e-06 8.06789e-06 -4.26359e-05 0.000184079 -0.000643797 0.00182937 -0.00421591 0.00883133 -0.0172351 0.0432151 -0.0780323 0.410087 1.1989 0.909933 1.04038 0.980481 1.00903 0.996337 1.00123 0.999661 1.00008 0.999986 1 1 1 1 1 1 1 1 1 1 1 
0 0 -1.01524e-15 3.43734e-14 -8.54112e-13 1.64418e-11 -2.52831e-10 3.16376e-09 -3.25788e-08 2.77773e-07 -1.96525e-06 1.15244e-05 -5.57777e-05 0.000221521 -0.000715877 0.00189618 -0.00414736 0.0085634 -0.0170908 0.0434907 -0.0781966 0.409858 1.19928 0.90989 1.03988 0.980877 1.00905 0.996129 1.00139 0.999586 1.0001 0.99998 1 1 1 1 1 1 1 1 1 1 1 
0 0 -4.74381e-15 1.2613e-13 -2.5982e-12 4.28087e-11 -5.75573e-10 6.3941e-09 -5.91211e-08 4.56543e-07 -2.945e-06 1.58275e-05 -7.04948e-05 0.000258636 -0.00077573 0.00192689 -0.0040415 0.00833188 -0.0170635 0.0438022 -0.078263 0.409663 1.19959 0.909674 1.03955 0.981284 1.00897 0.99599 1.00154 0.99951 1.00013 0.999972 1.00001 0.999999 1 1 1 1 1 1 1 1 1 
0 0 -1.83559e-14 4.02771e-13 -7.08813e-12 1.02013e-10 -1.21714e-09 1.214e-08 -1.01685e-07 7.16253e-07 -4.23708e-06 2.09707e-05 -8.63077e-05 0.000293647 -0.000821023 0.00192535 -0.00391705 0.00815608 -0.0171293 0.0440983 -0.0782469 0.40952 1.19981 0.909361 1.03941 0.981653 1.00882 0.995915 1.00166 0.999435 1.00016 0.999962 1.00001 0.999999 1 1 1 1 1 1 1 1 1 
0 0 -6.15371e-14 1.14981e-12 -1.76555e-11 2.2536e-10 -2.41368e-09 2.18112e-08 -1.66701e-07 1.07742e-06 -5.87362e-06 2.68816e-05 -0.000102601 0.000324882 -0.000850657 0.00189767 -0.00379124 0.0080448 -0.0172581 0.0443423 -0.0781712 0.409436 1.19992 0.909019 1.03942 0.98195 1.00863 0.9959 1.00175 0.999365 1.00019 0.999951 1.00001 0.999998 1 1 1 1 1 1 1 1 1 
0 0 -1.83872e-13 2.98969e-12 -4.06877e-11 4.66077e-10 -4.52257e-09 3.73002e-08 -2.61702e-07 1.55974e-06 -7.86854e-06 3.34187e-05 -0.000118671 0.000350933 -0.000864826 0.00185141 -0.00367821 0.00799742 -0.0174187 0.0445131 -0.0780611 0.409409 1.19994 0.908702 1.03954 0.982156 1.00843 0.995932 1.00181 0.999302 1.00023 0.999938 1.00001 0.999997 1 1 1 1 1 1 1 1 1 
0 0 -4.99303e-13 7.17806e-12 -8.76365e-11 9.09424e-10 -8.05541e-09 6.10107e-08 -3.94946e-07 2.17979e-06 -1.02124e-05 4.03753e-05 -0.000133788 0.000370794 -0.000864931 0.00179469 -0.00358808 0.00800584 -0.0175828 0.0446042 -0.0779405 0.409428 1.19989 0.908449 1.03973 0.982268 1.00824 0.996 1.00184 0.99925 1.00026 0.999924 1.00002 0.999996 1 1 1 1 1 1 1 1 1 
0 0 -1.24983e-12 1.60809e-11 -1.77833e-10 1.68467e-09 -1.37071e-08 9.58292e-08 -5.74822e-07 2.94859e-06 -1.28688e-05 4.74921e-05 -0.000147264 0.000383953 -0.000853366 0.00173532 -0.0035265 0.00805696 -0.0177279 0.0446216 -0.0778288 0.409478 1.19979 0.90828 1.03995 0.982295 1.00809 0.996088 1.00185 0.99921 1.00029 0.99991 1.00002 0.999995 1 1 1 1 1 1 1 1 1 
0 0 -2.91516e-12 3.38929e-11 -3.42169e-10 2.97804e-09 -2.23745e-08 1.45026e-07 -8.0907e-07 3.86925e-06 -1.57738e-05 5.44759e-05 -0.000158513 0.000390426 -0.000833216 0.00168006 -0.00349483 0.00813518 -0.0178391 0.0445796 -0.0777398 0.409546 1.19967 0.908197 1.04016 0.982251 1.00797 0.996184 1.00184 0.999183 1.00032 0.999895 1.00003 0.999993 1 1 1 1 1 1 1 1 1 
0 0 -6.38973e-12 6.76505e-11 -6.27567e-10 5.04503e-09 -3.51577e-08 2.12072e-07 -1.10385e-06 4.93503e-06 -1.88376e-05 6.10236e-05 -0.000167113 0.000390736 -0.000807898 0.00163407 -0.00349075 0.00822485 -0.0179089 0.0444974 -0.0776807 0.409616 1.19955 0.908193 1.04033 0.98216 1.00791 0.996276 1.00181 0.999168 1.00034 0.999881 1.00004 0.999991 1 1 1 1 1 1 1 1 1 
0 0 -1.32516e-11 1.28574e-10 -1.10199e-09 8.22e-09 -5.33368e-08 3.0038e-07 -1.46279e-06 6.12821e-06 -2.19499e-05 6.68492e-05 -0.000172838 0.000385837 -0.000780805 0.00160062 -0.00350919 0.00831209 -0.0179372 0.0443953 -0.0776531 0.409679 1.19945 0.908249 1.04046 0.982043 1.00788 0.996355 1.00177 0.999164 1.00036 0.999868 1.00004 0.999989 1 0.999999 1 1 1 1 1 1 1 
0 0 -2.61484e-11 2.33728e-10 -1.85949e-09 1.29205e-08 -7.83196e-08 4.12969e-07 -1.88607e-06 7.41985e-06 -2.49875e-05 7.17096e-05 -0.000175681 0.000377003 -0.000754977 0.00158105 -0.00354338 0.00838623 -0.0179291 0.044292 -0.0776538 0.409727 1.19938 0.908344 1.04053 0.981922 1.0079 0.996415 1.00172 0.99917 1.00037 0.999856 1.00005 0.999986 1 0.999999 1 1 1 1 1 1 1 
0 0 -4.93204e-11 4.07937e-10 -3.02466e-09 1.96434e-08 -1.11556e-07 5.5209e-07 -2.36972e-06 8.77079e-06 -2.78238e-05 7.54267e-05 -0.000175843 0.000365682 -0.00073285 0.00157494 -0.00358599 0.00844041 -0.0178935 0.0442019 -0.0776763 0.409757 1.19934 0.908456 1.04055 0.981812 1.00794 0.996453 1.00168 0.999184 1.00038 0.999846 1.00005 0.999983 1 0.999999 1 1 1 1 1 1 1 
0 0 -8.92712e-11 6.85801e-10 -4.7555e-09 2.89511e-08 -1.54425e-07 7.18846e-07 -2.90522e-06 1.01338e-05 -3.03397e-05 7.79038e-05 -0.000173713 0.00035335 -0.000716087 0.00158042 -0.0036301 0.00847173 -0.0178411 0.0441347 -0.0777128 0.409769 1.19933 0.908565 1.04052 0.981726 1.008 0.99647 1.00164 0.999202 1.00038 0.999839 1.00006 0.999981 1.00001 0.999999 1 1 1 1 1 1 1 
0 0 -1.55577e-10 1.1136e-09 -7.24372e-09 4.1445e-08 -2.08092e-07 9.12842e-07 -3.47951e-06 1.14568e-05 -3.2434e-05 7.91334e-05 -0.000169818 0.000341365 -0.000705525 0.00159465 -0.00366994 0.0084808 -0.0177825 0.0440949 -0.077755 0.409764 1.19934 0.908657 1.04047 0.981669 1.00806 0.996468 1.00161 0.999223 1.00037 0.999834 1.00007 0.999978 1.00001 0.999998 1 1 1 1 1 1 1 
0 0 -2.61802e-10 1.75074e-09 -1.07116e-08 5.77274e-08 -2.73359e-07 1.13193e-06 -4.07546e-06 1.26865e-05 -3.40324e-05 7.91965e-05 -0.000164771 0.000330855 -0.000701199 0.00161429 -0.00370137 0.00847097 -0.017727 0.044082 -0.0777957 0.409748 1.19938 0.908723 1.04039 0.981644 1.00812 0.996451 1.00159 0.999244 1.00037 0.999831 1.00007 0.999975 1.00001 0.999998 1 1 1 1 1 1 1 
0 0 -4.26452e-10 2.67043e-09 -1.54041e-08 7.83504e-08 -3.5051e-07 1.37208e-06 -4.67275e-06 1.37733e-05 -3.5094e-05 7.82529e-05 -0.000159208 0.000322634 -0.000702465 0.00163599 -0.00372209 0.00844737 -0.0176814 0.0440922 -0.0778296 0.409724 1.19942 0.908758 1.04032 0.981645 1.00817 0.996424 1.00158 0.999262 1.00036 0.99983 1.00007 0.999973 1.00001 0.999997 1 1 1 1 1 1 1 
0 0 -6.73872e-10 3.95906e-09 -2.1577e-08 1.03759e-07 -4.39181e-07 1.6274e-06 -5.24921e-06 1.46749e-05 -3.56153e-05 7.65238e-05 -0.000153725 0.000317161 -0.000708175 0.00165675 -0.00373157 0.00841589 -0.0176499 0.0441193 -0.0778533 0.409699 1.19946 0.908766 1.04025 0.981669 1.00821 0.996393 1.00158 0.999277 1.00035 0.999831 1.00008 0.99997 1.00001 0.999997 1 1 1 1 1 1 1 
0 0 -1.03494e-09 5.71411e-09 -2.94786e-08 1.34226e-07 -5.38265e-07 1.89037e-06 -5.78245e-06 1.53602e-05 -3.56298e-05 7.42693e-05 -0.000148833 0.000314543 -0.000716877 0.00167422 -0.0037308 0.00838229 -0.0176339 0.0441559 -0.0778656 0.409676 1.1995 0.90875 1.0402 0.981706 1.00823 0.996361 1.00158 0.999287 1.00034 0.999834 1.00008 0.999968 1.00001 0.999996 1 1 1 1 1 1 1 
0 0 -1.54745e-09 8.04002e-09 -3.93291e-08 1.69794e-07 -6.4587e-07 2.15223e-06 -6.25161e-06 1.58125e-05 -3.52041e-05 7.17633e-05 -0.000144914 0.000314571 -0.000727029 0.0016869 -0.00372188 0.00835144 -0.0176325 0.0441949 -0.0778672 0.409657 1.19953 0.908717 1.04017 0.98175 1.00823 0.996333 1.0016 0.999293 1.00033 0.999838 1.00008 0.999967 1.00001 0.999996 1 1 1 1 1 1 1 
0 0 -2.25591e-09 1.10422e-08 -5.12953e-08 2.10226e-07 -7.59347e-07 2.40352e-06 -6.63906e-06 1.60303e-05 -3.44318e-05 6.92679e-05 -0.000142201 0.000316788 -0.00073719 0.00169411 -0.00370752 0.00832693 -0.0176429 0.0442305 -0.0778601 0.409645 1.19955 0.908677 1.04016 0.981792 1.00822 0.996312 1.00161 0.999294 1.00032 0.999842 1.00008 0.999966 1.00001 0.999995 1 1 1 1 1 1 1 
0 0 -3.21073e-09 1.4819e-08 -6.54662e-08 2.54968e-07 -8.75389e-07 2.63476e-06 -6.93196e-06 1.60277e-05 -3.34236e-05 6.7011e-05 -0.000140774 0.000320574 -0.000746164 0.001696 -0.00369062 0.00831076 -0.0176613 0.0442584 -0.0778471 0.40964 1.19955 0.908635 1.04016 0.981828 1.00821 0.996299 1.00163 0.999292 1.00032 0.999847 1.00007 0.999966 1.00001 0.999995 1 1 1 1 1 1 1 
0 0 -4.46656e-09 1.94522e-08 -8.18284e-08 3.03138e-07 -9.90205e-07 2.8372e-06 -7.12337e-06 1.58331e-05 -3.22975e-05 6.51688e-05 -0.000140571 0.000325235 -0.0007531 0.00169331 -0.00367388 0.00830347 -0.0176835 0.0442762 -0.0778313 0.409641 1.19955 0.908599 1.04018 0.981854 1.00818 0.996293 1.00164 0.999286 1.00032 0.999851 1.00007 0.999966 1.00001 0.999994 1 0.999999 1 1 1 1 1 
0 0 -6.07979e-09 2.49964e-08 -1.00248e-07 3.53545e-07 -1.09975e-06 3.00349e-06 -7.21285e-06 1.54861e-05 -3.1168e-05 6.38549e-05 -0.000141412 0.000330096 -0.000757535 0.00168723 -0.00365943 0.00830431 -0.0177059 0.0442834 -0.0778154 0.409646 1.19954 0.908571 1.04021 0.981869 1.00816 0.996295 1.00165 0.999279 1.00032 0.999854 1.00007 0.999966 1.00002 0.999994 1 0.999999 1 1 1 1 1 
0 0 -8.10516e-09 3.14685e-08 -1.20458e-07 4.04732e-07 -1.20001e-06 3.12829e-06 -7.20654e-06 1.50344e-05 -3.01358e-05 6.31165e-05 -0.000143036 0.000334567 -0.000759384 0.00167916 -0.00364873 0.00831157 -0.0177252 0.0442813 -0.0778017 0.409655 1.19952 0.908555 1.04023 0.981872 1.00814 0.996302 1.00166 0.999272 1.00032 0.999857 1.00007 0.999966 1.00002 0.999994 1 0.999999 1 1 1 1 1 
0 0 -1.05916e-08 3.88379e-08 -1.42055e-07 4.55055e-07 -1.28731e-06 3.2088e-06 -7.11658e-06 1.45286e-05 -2.92811e-05 6.29376e-05 -0.000145138 0.000338201 -0.000758885 0.00167049 -0.00364247 0.00832304 -0.0177394 0.0442719 -0.0777917 0.409665 1.1995 0.90855 1.04026 0.981866 1.00812 0.996313 1.00167 0.999265 1.00032 0.999858 1.00007 0.999967 1.00002 0.999993 1 0.999999 1 1 1 1 1 
0 0 -1.35777e-08 4.70194e-08 -1.64514e-07 5.02776e-07 -1.35856e-06 3.24495e-06 -6.96e-06 1.40188e-05 -2.86575e-05 6.32486e-05 -0.000147409 0.000340719 -0.000756519 0.00166243 -0.00364064 0.00833637 -0.0177476 0.0442579 -0.077786 0.409674 1.19949 0.908555 1.04028 0.981854 1.00811 0.996325 1.00167 0.999258 1.00032 0.999859 1.00007 0.999968 1.00002 0.999993 1 0.999999 1 1 1 1 1 
0 0 -1.70865e-08 5.5869e-08 -1.87201e-07 5.46188e-07 -1.41159e-06 3.23945e-06 -6.75722e-06 1.35493e-05 -2.82899e-05 6.394e-05 -0.000149569 0.000342018 -0.000752912 0.0016559 -0.00364265 0.00834938 -0.0177498 0.0442423 -0.0777847 0.409682 1.19948 0.908567 1.0403 0.981837 1.0081 0.996337 1.00166 0.999254 1.00033 0.999858 1.00006 0.999969 1.00002 0.999993 1 0.999999 1 1 1 1 1 
0 0 -2.11215e-08 6.51837e-08 -2.09413e-07 5.83733e-07 -1.44526e-06 3.19755e-06 -6.53021e-06 1.31562e-05 -2.81758e-05 6.48788e-05 -0.000151394 0.000342156 -0.00074873 0.00165146 -0.00364751 0.00836039 -0.0177468 0.0442276 -0.077787 0.409687 1.19947 0.908582 1.0403 0.98182 1.00811 0.996347 1.00166 0.999252 1.00033 0.999857 1.00006 0.99997 1.00001 0.999993 1 0.999999 1 1 1 1 1 
0 0 -2.56618e-08 7.47073e-08 -2.3042e-07 6.14122e-07 -1.45962e-06 3.1266e-06 -6.30064e-06 1.28641e-05 -2.82882e-05 6.59258e-05 -0.000152734 0.000341317 -0.000744596 0.00164929 -0.00365404 0.00836827 -0.0177401 0.0442155 -0.0777919 0.409689 1.19947 0.908599 1.0403 0.981805 1.00811 0.996354 1.00165 0.999251 1.00033 0.999856 1.00006 0.999971 1.00001 0.999993 1 0.999999 1 1 1 1 1 
0 0 -3.06601e-08 8.41405e-08 -2.4951e-07 6.36446e-07 -1.45588e-06 3.0354e-06 -6.08809e-06 1.26857e-05 -2.85814e-05 6.69509e-05 -0.000153516 0.00033977 -0.000741018 0.00164927 -0.00366107 0.00837255 -0.0177313 0.0442074 -0.0777982 0.409689 1.19947 0.908614 1.0403 0.981793 1.00812 0.996358 1.00165 0.999252 1.00033 0.999854 1.00006 0.999971 1.00001 0.999993 1 0.999999 1 1 1 1 1 
0 0 -3.60411e-08 9.31564e-08 -2.66045e-07 6.50247e-07 -1.43635e-06 2.93347e-06 -5.90854e-06 1.26215e-05 -2.89979e-05 6.78456e-05 -0.000153743 0.000337823 -0.000738347 0.00165101 -0.00366757 0.00837332 -0.017722 0.0442035 -0.0778047 0.409687 1.19947 0.908626 1.04029 0.981785 1.00813 0.996359 1.00164 0.999254 1.00034 0.999853 1.00006 0.999971 1.00001 0.999993 1 0.999999 1 1 1 1 1 
0 0 -4.17023e-08 1.0142e-07 -2.79508e-07 6.55562e-07 -1.40421e-06 2.83023e-06 -5.77332e-06 1.26611e-05 -2.94756e-05 6.85323e-05 -0.000153481 0.000335782 -0.000736759 0.00165395 -0.00367276 0.00837114 -0.0177136 0.0442037 -0.0778106 0.409684 1.19948 0.908633 1.04028 0.981782 1.00814 0.996358 1.00164 0.999257 1.00034 0.999851 1.00006 0.999972 1.00001 0.999994 1 0.999999 1 1 1 1 1 
0 0 -4.75169e-08 1.0861e-07 -2.89545e-07 6.52928e-07 -1.3633e-06 2.73424e-06 -5.6885e-06 1.27853e-05 -2.99549e-05 6.89679e-05 -0.000152843 0.000333914 -0.000736263 0.00165751 -0.0036762 0.00836685 -0.0177071 0.044207 -0.077815 0.40968 1.19948 0.908636 1.04027 0.981784 1.00815 0.996354 1.00163 0.99926 1.00034 0.99985 1.00007 0.999972 1.00001 0.999994 1 0.999999 1 1 1 1 1 
0 0 -5.33388e-08 1.14442e-07 -2.96e-07 6.43337e-07 -1.31775e-06 2.6526e-06 -5.65489e-06 1.29694e-05 -3.03847e-05 6.9144e-05 -0.000151967 0.000332417 -0.00073673 0.0016611 -0.00367775 0.00836144 -0.0177031 0.0442125 -0.0778176 0.409676 1.19949 0.908635 1.04026 0.981788 1.00815 0.996349 1.00163 0.999262 1.00034 0.999849 1.00007 0.999971 1.00001 0.999994 1 0.999999 1 1 1 1 1 
0 0 -5.90099e-08 1.18693e-07 -2.98924e-07 6.28164e-07 -1.27167e-06 2.59039e-06 -5.66846e-06 1.31859e-05 -3.07265e-05 6.90823e-05 -0.000150996 0.000331413 -0.000737931 0.00166424 -0.00367754 0.00835585 -0.0177015 0.044219 -0.0778185 0.409673 1.1995 0.908631 1.04025 0.981795 1.00815 0.996344 1.00163 0.999265 1.00033 0.999849 1.00007 0.999971 1.00001 0.999994 1 0.999999 1 1 1 1 1 
0 0 -6.43683e-08 1.21217e-07 -2.9858e-07 6.09048e-07 -1.22883e-06 2.55046e-06 -5.72126e-06 1.34079e-05 -3.09567e-05 6.88285e-05 -0.000150062 0.000330941 -0.000739582 0.00166661 -0.00367592 0.00835088 -0.0177023 0.0442253 -0.0778178 0.40967 1.1995 0.908625 1.04025 0.981802 1.00815 0.99634 1.00163 0.999267 1.00033 0.999849 1.00007 0.999971 1.00001 0.999994 1 0.999999 1 1 1 1 1 
0 0 -6.92585e-08 1.21961e-07 -2.95418e-07 5.87769e-07 -1.19237e-06 2.53338e-06 -5.80261e-06 1.36114e-05 -3.10675e-05 6.84429e-05 -0.000149272 0.00033097 -0.000741392 0.00166802 -0.00367337 0.0083471 -0.0177048 0.0442307 -0.0778159 0.409669 1.1995 0.908618 1.04024 0.981808 1.00815 0.996336 1.00164 0.999267 1.00033 0.999849 1.00007 0.99997 1.00001 0.999994 1 0.999999 1 1 1 1 1 
0 0 -7.35405e-08 1.20972e-07 -2.90048e-07 5.66097e-07 -1.1646e-06 2.53756e-06 -5.90042e-06 1.37779e-05 -3.10654e-05 6.79916e-05 -0.000148697 0.000331409 -0.000743101 0.00166847 -0.0036704 0.0083448 -0.0177083 0.0442345 -0.0778133 0.409669 1.1995 0.908611 1.04025 0.981814 1.00815 0.996334 1.00164 0.999268 1.00033 0.99985 1.00007 0.99997 1.00001 0.999994 1 0.999999 1 1 1 1 1 
0 0 -7.70997e-08 1.18397e-07 -2.83184e-07 5.45666e-07 -1.14684e-06 2.55965e-06 -6.0026e-06 1.38953e-05 -3.09682e-05 6.75381e-05 -0.000148371 0.000332134 -0.000744504 0.00166807 -0.00366749 0.00834403 -0.0177123 0.0442365 -0.0778105 0.40967 1.1995 0.908606 1.04025 0.981818 1.00815 0.996333 1.00164 0.999267 1.00033 0.99985 1.00007 0.99997 1.00001 0.999994 1 0.999999 1 1 1 1 1 
0 0 -7.9855e-08 1.14474e-07 -2.75591e-07 5.27844e-07 -1.13943e-06 2.59504e-06 -6.09819e-06 1.39584e-05 -3.08019e-05 6.71362e-05 -0.000148292 0.000333003 -0.000745474 0.00166701 -0.00366502 0.00834462 -0.017716 0.0442367 -0.077808 0.409671 1.1995 0.908602 1.04026 0.981819 1.00814 0.996333 1.00164 0.999266 1.00033 0.999851 1.00007 0.99997 1.00001 0.999994 1 0.999999 1 1 1 1 1 
0 0 -8.17641e-08 1.09517e-07 -2.68021e-07 5.13651e-07 -1.14177e-06 2.63841e-06 -6.17841e-06 1.39686e-05 -3.05963e-05 6.6825e-05 -0.000148429 0.000333883 -0.000745959 0.00166556 -0.00366324 0.00834624 -0.017719 0.0442355 -0.077806 0.409673 1.19949 0.908601 1.04026 0.981819 1.00814 0.996334 1.00164 0.999265 1.00033 0.999852 1.00007 0.999969 1.00001 0.999994 1 0.999999 1 1 1 1 1 
0 0 -8.28271e-08 1.03895e-07 -2.61158e-07 5.03695e-07 -1.15247e-06 2.68432e-06 -6.23724e-06 1.39328e-05 -3.03812e-05 6.6627e-05 -0.000148729 0.000334659 -0.000745982 0.00166398 -0.00366227 0.00834847 -0.0177211 0.0442333 -0.0778047 0.409674 1.19949 0.908601 1.04026 0.981818 1.00814 0.996336 1.00165 0.999264 1.00033 0.999852 1.00007 0.999969 1.00001 0.999994 1 0.999999 1 1 1 1 1 
0 0 -8.3087e-08 9.80012e-08 -2.55565e-07 4.98163e-07 -1.16955e-06 2.72778e-06 -6.27173e-06 1.38619e-05 -3.01828e-05 6.65474e-05 -0.000149127 0.00033525 -0.000745618 0.00166251 -0.00366211 0.00835091 -0.017722 0.0442306 -0.0778042 0.409676 1.19949 0.908602 1.04027 0.981815 1.00813 0.996338 1.00165 0.999262 1.00033 0.999852 1.00007 0.999969 1.00001 0.999994 1 0.999999 1 1 1 1 1 
0 0 -8.26261e-08 9.22291e-08 -2.51644e-07 4.96838e-07 -1.19067e-06 2.76467e-06 -6.28188e-06 1.37692e-05 -3.00217e-05 6.65765e-05 -0.000149558 0.000335612 -0.000744984 0.00166131 -0.00366262 0.00835318 -0.0177219 0.0442278 -0.0778044 0.409677 1.19949 0.908605 1.04027 0.981812 1.00813 0.99634 1.00165 0.999262 1.00033 0.999853 1.00007 0.99997 1.00001 0.999994 1 0.999999 1 1 1 1 1 
0 0 -8.15608e-08 8.69412e-08 -2.49615e-07 4.99161e-07 -1.21341e-06 2.79206e-06 -6.27032e-06 1.36683e-05 -2.99107e-05 6.66932e-05 -0.000149962 0.000335738 -0.000744209 0.00166051 -0.00366362 0.00835499 -0.0177209 0.0442254 -0.0778051 0.409678 1.19949 0.908608 1.04027 0.981809 1.00813 0.996342 1.00164 0.999261 1.00033 0.999853 1.00007 0.99997 1.00001 0.999994 1 0.999999 1 1 1 1 1 
0 0 -8.00329e-08 8.24439e-08 -2.49506e-07 5.04316e-07 -1.23551e-06 2.80835e-06 -6.24163e-06 1.35718e-05 -2.98551e-05 6.68688e-05 -0.000150293 0.000335652 -0.000743419 0.00166014 -0.00366488 0.00835618 -0.0177195 0.0442236 -0.0778062 0.409678 1.19949 0.908611 1.04027 0.981807 1.00814 0.996343 1.00164 0.999261 1.00033 0.999852 1.00007 0.99997 1.00001 0.999994 1 0.999999 1 1 1 1 1 
0 0 -7.81998e-08 7.89669e-08 -2.5117e-07 5.11329e-07 -1.25502e-06 2.8133e-06 -6.20162e-06 1.349e-05 -2.98526e-05 6.70724e-05 -0.000150522 0.0003354 -0.000742721 0.00166017 -0.00366619 0.0083567 -0.0177177 0.0442225 -0.0778074 0.409677 1.19949 0.908613 1.04027 0.981805 1.00814 0.996344 1.00164 0.999261 1.00033 0.999852 1.00007 0.99997 1.00001 0.999994 1 0.999999 1 1 1 1 1 
0 0 -7.62231e-08 7.66499e-08 -2.54306e-07 5.19182e-07 -1.27054e-06 2.80786e-06 -6.15651e-06 1.34298e-05 -2.98952e-05 6.72743e-05 -0.000150637 0.000335043 -0.000742192 0.00166054 -0.00366736 0.00835659 -0.0177161 0.0442223 -0.0778086 0.409677 1.19949 0.908615 1.04027 0.981804 1.00814 0.996344 1.00164 0.999261 1.00033 0.999852 1.00007 0.99997 1.00001 0.999994 1 0.999999 1 1 1 1 1 
0 0 -7.42578e-08 7.55359e-08 -2.58506e-07 5.26912e-07 -1.28119e-06 2.79397e-06 -6.11222e-06 1.33948e-05 -2.99708e-05 6.74498e-05 -0.000150642 0.000334646 -0.000741872 0.00166112 -0.00366825 0.00835598 -0.0177146 0.0442227 -0.0778095 0.409676 1.19949 0.908616 1.04026 0.981804 1.00814 0.996344 1.00164 0.999261 1.00033 0.999852 1.00007 0.99997 1.00001 0.999994 1 0.999999 1 1 1 1 1 
0 0 -7.24418e-08 7.55746e-08 -2.63292e-07 5.33697e-07 -1.28673e-06 2.77416e-06 -6.07373e-06 1.33849e-05 -3.0065e-05 6.75816e-05 -0.000150554 0.000334267 -0.000741767 0.00166182 -0.0036688 0.00835505 -0.0177136 0.0442236 -0.0778101 0.409675 1.19949 0.908616 1.04026 0.981804 1.00814 0.996343 1.00164 0.999262 1.00033 0.999851 1.00007 0.99997 1.00001 0.999994 1 0.999999 1 1 1 1 1 
0 0 -7.08877e-08 7.66318e-08 -2.68175e-07 5.38929e-07 -1.28744e-06 2.75126e-06 -6.04467e-06 1.33972e-05 -3.01637e-05 6.76602e-05 -0.000150402 0.000333952 -0.000741856 0.0016625 -0.00366898 0.00835397 -0.0177131 0.0442248 -0.0778104 0.409675 1.19949 0.908615 1.04026 0.981805 1.00814 0.996342 1.00164 0.999263 1.00033 0.999851 1.00007 0.99997 1.00001 0.999994 1 0.999999 1 1 1 1 1 
0 0 -6.96766e-08 7.85066e-08 -2.72698e-07 5.4224e-07 -1.28403e-06 2.72806e-06 -6.02708e-06 1.34268e-05 -3.02543e-05 6.76844e-05 -0.000150214 0.000333731 -0.000742092 0.00166309 -0.00366884 0.00835293 -0.0177131 0.044226 -0.0778104 0.409674 1.19949 0.908614 1.04026 0.981806 1.00814 0.996341 1.00164 0.999263 1.00033 0.999851 1.00007 0.99997 1.00001 0.999994 1 0.999999 1 1 1 1 1 
0 0 -6.88548e-08 8.09527e-08 -2.7648e-07 5.43521e-07 -1.27757e-06 2.70699e-06 -6.0214e-06 1.34673e-05 -3.03272e-05 6.766e-05 -0.000150021 0.000333617 -0.00074242 0.00166352 -0.00366845 0.00835206 -0.0177134 0.0442271 -0.0778101 0.409674 1.19949 0.908613 1.04026 0.981808 1.00814 0.99634 1.00164 0.999263 1.00033 0.999851 1.00007 0.99997 1.00001 0.999994 1 0.999999 1 1 1 1 1 
0 0 -6.84334e-08 8.37025e-08 -2.79241e-07 5.42896e-07 -1.26924e-06 2.68992e-06 -6.02665e-06 1.35119e-05 -3.03765e-05 6.75977e-05 -0.000149848 0.000333608 -0.000742779 0.00166376 -0.00366791 0.00835145 -0.017714 0.044228 -0.0778096 0.409674 1.19949 0.908612 1.04026 0.981809 1.00814 0.99634 1.00164 0.999264 1.00033 0.999851 1.00007 0.99997 1.00001 0.999994 1 0.999999 1 1 1 1 1 
0 0 -6.83909e-08 8.64912e-08 -2.80829e-07 5.40682e-07 -1.26028e-06 2.67803e-06 -6.04075e-06 1.35546e-05 -3.04001e-05 6.75116e-05 -0.000149715 0.000333686 -0.000743118 0.00166381 -0.00366732 0.00835114 -0.0177148 0.0442285 -0.0778091 0.409674 1.19949 0.908611 1.04026 0.98181 1.00814 0.996339 1.00164 0.999264 1.00033 0.999851 1.00007 0.99997 1.00001 0.999994 1 0.999999 1 1 1 1 1 
0 0 -6.86781e-08 8.90792e-08 -2.81214e-07 5.37334e-07 -1.25178e-06 2.67177e-06 -6.06086e-06 1.35903e-05 -3.03993e-05 6.74161e-05 -0.000149632 0.000333827 -0.000743393 0.00166369 -0.00366677 0.00835113 -0.0177156 0.0442287 -0.0778086 0.409674 1.19949 0.90861 1.04026 0.98181 1.00814 0.996339 1.00164 0.999264 1.00033 0.999851 1.00007 0.99997 1.00001 0.999994 1 0.999999 1 1 1 1 1 
0 0 -6.92251e-08 9.12705e-08 -2.80489e-07 5.33376e-07 -1.24462e-06 2.67093e-06 -6.08388e-06 1.36156e-05 -3.03784e-05 6.73248e-05 -0.000149602 0.000334002 -0.000743579 0.00166345 -0.00366632 0.00835135 -0.0177162 0.0442286 -0.0778081 0.409675 1.19949 0.908609 1.04026 0.981811 1.00814 0.996339 1.00164 0.999263 1.00033 0.999851 1.00007 0.99997 1.00001 0.999994 1 0.999999 1 1 1 1 1 
0 0 -6.9949e-08 9.29254e-08 -2.78842e-07 5.29336e-07 -1.23941e-06 2.67473e-06 -6.10679e-06 1.3629e-05 -3.03432e-05 6.72483e-05 -0.00014962 0.000334181 -0.000743666 0.00166315 -0.00366603 0.00835174 -0.0177167 0.0442282 -0.0778078 0.409675 1.19949 0.908609 1.04026 0.98181 1.00814 0.996339 1.00164 0.999263 1.00033 0.999851 1.00007 0.99997 1.00001 0.999994 1 0.999999 1 1 1 1 1 
0 0 -7.07624e-08 9.39674e-08 -2.76534e-07 5.2569e-07 -1.23641e-06 2.68199e-06 -6.12702e-06 1.36305e-05 -3.03008e-05 6.71938e-05 -0.000149676 0.00033434 -0.00074366 0.00166283 -0.0036659 0.00835222 -0.017717 0.0442277 -0.0778077 0.409675 1.19949 0.908609 1.04026 0.98181 1.00814 0.99634 1.00164 0.999263 1.00033 0.999852 1.00007 0.99997 1.00001 0.999994 1 0.999999 1 1 1 1 1 
0 0 -7.15816e-08 9.43836e-08 -2.73861e-07 5.2281e-07 -1.23562e-06 2.69135e-06 -6.14268e-06 1.36216e-05 -3.02576e-05 6.71646e-05 -0.000149757 0.000334462 -0.000743577 0.00166254 -0.00366593 0.0083527 -0.0177171 0.0442271 -0.0778076 0.409675 1.19949 0.90861 1.04026 0.981809 1.00814 0.99634 1.00164 0.999263 1.00033 0.999852 1.00007 0.99997 1.00001 0.999994 1 0.999999 1 1 1 1 1 
0 0 -7.23331e-08 9.42189e-08 -2.71126e-07 5.20936e-07 -1.23678e-06 2.7014e-06 -6.15268e-06 1.3605e-05 -3.02195e-05 6.71599e-05 -0.000149847 0.000334535 -0.000743441 0.00166232 -0.00366607 0.00835312 -0.017717 0.0442266 -0.0778078 0.409676 1.19949 0.90861 1.04026 0.981809 1.00814 0.996341 1.00164 0.999263 1.00033 0.999852 1.00007 0.99997 1.00001 0.999994 1 0.999999 1 1 1 1 1 
0 0 -7.29591e-08 9.35663e-08 -2.68605e-07 5.20168e-07 -1.23941e-06 2.71088e-06 -6.15673e-06 1.35837e-05 -3.01905e-05 6.71763e-05 -0.000149935 0.000334559 -0.00074328 0.00166218 -0.00366631 0.00835343 -0.0177167 0.0442262 -0.077808 0.409676 1.19949 0.908611 1.04026 0.981808 1.00814 0.996341 1.00164 0.999262 1.00033 0.999852 1.00007 0.99997 1.00001 0.999994 1 0.999999 1 1 1 1 1 
0 0 -7.34206e-08 9.25519e-08 -2.66521e-07 5.20464e-07 -1.24298e-06 2.71881e-06 -6.15528e-06 1.3561e-05 -3.0173e-05 6.72081e-05 -0.000150009 0.000334539 -0.000743119 0.00166213 -0.00366657 0.0083536 -0.0177164 0.0442259 -0.0778082 0.409676 1.19949 0.908612 1.04026 0.981808 1.00814 0.996341 1.00164 0.999262 1.00033 0.999852 1.00007 0.99997 1.00001 0.999994 1 0.999999 1 1 1 1 1 
0 0 -7.3699e-08 9.13205e-08 -2.6503e-07 5.2167e-07 -1.24688e-06 2.72453e-06 -6.14936e-06 1.35399e-05 -3.01676e-05 6.72484e-05 -0.000150061 0.000334483 -0.000742981 0.00166216 -0.00366684 0.00835364 -0.017716 0.0442258 -0.0778084 0.409676 1.19949 0.908612 1.04026 0.981808 1.00814 0.996341 1.00164 0.999262 1.00033 0.999852 1.00007 0.99997 1.00001 0.999994 1 0.999999 1 1 1 1 1 
0 0 -7.3795e-08 9.00187e-08 -2.64208e-07 5.23541e-07 -1.25058e-06 2.72774e-06 -6.14035e-06 1.35227e-05 -3.01731e-05 6.72905e-05 -0.00015009 0.000334406 -0.000742881 0.00166226 -0.00366706 0.00835356 -0.0177157 0.0442258 -0.0778087 0.409675 1.19949 0.908612 1.04026 0.981807 1.00814 0.996341 1.00164 0.999262 1.00033 0.999852 1.00007 0.99997 1.00001 0.999994 1 0.999999 1 1 1 1 1 
0 0 -7.37262e-08 8.87813e-08 -2.64056e-07 5.25788e-07 -1.25364e-06 2.7285e-06 -6.12979e-06 1.35108e-05 -3.01871e-05 6.73285e-05 -0.000150094 0.000334321 -0.000742826 0.00166239 -0.00366721 0.00835339 -0.0177154 0.044226 -0.0778088 0.409675 1.19949 0.908612 1.04026 0.981808 1.00814 0.996341 1.00164 0.999263 1.00033 0.999852 1.00007 0.99997 1.00001 0.999994 1 0.999999 1 1 1 1 1 
0 0 -7.35236e-08 8.77196e-08 -2.64505e-07 5.28111e-07 -1.25578e-06 2.72714e-06 -6.11917e-06 1.3505e-05 -3.02066e-05 6.73581e-05 -0.000150078 0.00033424 -0.000742815 0.00166253 -0.00366729 0.00835318 -0.0177153 0.0442262 -0.0778089 0.409675 1.19949 0.908612 1.04026 0.981808 1.00814 0.996341 1.00164 0.999263 1.00033 0.999851 1.00007 0.99997 1.00001 0.999994 1 0.999999 1 1 1 1 1 
0 0 -7.32263e-08 8.69131e-08 -2.65435e-07 5.30235e-07 -1.25686e-06 2.72418e-06 -6.10973e-06 1.35051e-05 -3.02282e-05 6.73765e-05 -0.000150048 0.000334173 -0.000742844 0.00166267 -0.0036673 0.00835296 -0.0177152 0.0442265 -0.0778089 0.409675 1.19949 0.908612 1.04026 0.981808 1.00814 0.996341 1.00164 0.999263 1.00033 0.999851 1.00007 0.99997 1.00001 0.999994 1 0.999999 1 1 1 1 1 
0 0 -7.28775e-08 8.64056e-08 -2.66687e-07 5.31944e-07 -1.25689e-06 2.72027e-06 -6.10239e-06 1.35101e-05 -3.02489e-05 6.73832e-05 -0.000150009 0.000334127 -0.000742902 0.00166278 -0.00366725 0.00835275 -0.0177153 0.0442267 -0.0778089 0.409675 1.19949 0.908612 1.04026 0.981808 1.00814 0.996341 1.00164 0.999263 1.00033 0.999851 1.00007 0.99997 1.00001 0.999994 1 0.999999 1 1 1 1 1 
0 0 -7.25191e-08 8.62055e-08 -2.68091e-07 5.3309e-07 -1.25602e-06 2.71605e-06 -6.09769e-06 1.35186e-05 -3.02662e-05 6.73791e-05 -0.000149969 0.000334105 -0.000742976 0.00166286 -0.00366715 0.0083526 -0.0177154 0.0442269 -0.0778088 0.409675 1.19949 0.908611 1.04026 0.981808 1.00814 0.99634 1.00164 0.999263 1.00033 0.999851 1.00007 0.99997 1.00001 0.999994 1 0.999999 1 1 1 1 1 
0 0 -7.21882e-08 8.62894e-08 -2.6948e-07 5.33611e-07 -1.2545e-06 2.71211e-06 -6.09573e-06 1.35292e-05 -3.02783e-05 6.73665e-05 -0.000149933 0.000334104 -0.000743054 0.00166289 -0.00366703 0.0083525 -0.0177155 0.0442271 -0.0778087 0.409675 1.19949 0.908611 1.04026 0.981809 1.00814 0.99634 1.00164 0.999263 1.00033 0.999851 1.00007 0.99997 1.00001 0.999994 1 0.999999 1 1 1 1 1 
0 0 -7.19139e-08 8.6608e-08 -2.7071e-07 5.33522e-07 -1.25259e-06 2.70889e-06 -6.0963e-06 1.35402e-05 -3.02845e-05 6.73483e-05 -0.000149905 0.000334123 -0.000743125 0.00166288 -0.00366691 0.00835247 -0.0177157 0.0442271 -0.0778086 0.409675 1.19949 0.908611 1.04026 0.981809 1.00814 0.99634 1.00164 0.999263 1.00033 0.999851 1.00007 0.99997 1.00001 0.999994 1 0.999999 1 1 1 1 1 
0 0 -7.17155e-08 8.70952e-08 -2.71674e-07 5.32908e-07 -1.25061e-06 2.70669e-06 -6.0989e-06 1.35502e-05 -3.02849e-05 6.73279e-05 -0.000149888 0.000334153 -0.00074318 0.00166285 -0.0036668 0.00835249 -0.0177159 0.0442271 -0.0778085 0.409675 1.19949 0.908611 1.04026 0.981809 1.00814 0.99634 1.00164 0.999263 1.00033 0.999851 1.00007 0.99997 1.00001 0.999994 1 0.999999 1 1 1 1 1 
0 0 -7.16016e-08 8.76764e-08 -2.72303e-07 5.31902e-07 -1.24881e-06 2.70561e-06 -6.10285e-06 1.35581e-05 -3.02803e-05 6.73083e-05 -0.000149882 0.000334191 -0.000743215 0.00166279 -0.00366672 0.00835256 -0.017716 0.0442271 -0.0778084 0.409675 1.19949 0.908611 1.04026 0.981809 1.00814 0.99634 1.00164 0.999263 1.00033 0.999851 1.00007 0.99997 1.00001 0.999994 1 0.999999 1 1 1 1 1 
0 0 -7.15714e-08 8.82777e-08 -2.72577e-07 5.30667e-07 -1.24741e-06 2.70561e-06 -6.10745e-06 1.35634e-05 -3.0272e-05 6.7292e-05 -0.000149886 0.000334229 -0.000743229 0.00166272 -0.00366668 0.00835265 -0.0177161 0.044227 -0.0778083 0.409675 1.19949 0.908611 1.04026 0.981809 1.00814 0.99634 1.00164 0.999263 1.00033 0.999851 1.00007 0.99997 1.00001 0.999994 1 0.999999 1 1 1 1 1 
0 0 -7.16153e-08 8.88332e-08 -2.72513e-07 5.29375e-07 -1.24652e-06 2.70651e-06 -6.112e-06 1.35658e-05 -3.02616e-05 6.72806e-05 -0.000149899 0.000334261 -0.000743223 0.00166265 -0.00366667 0.00835276 -0.0177161 0.0442268 -0.0778083 0.409675 1.19949 0.908611 1.04026 0.981809 1.00814 0.99634 1.00164 0.999263 1.00033 0.999851 1.00007 0.99997 1.00001 0.999994 1 0.999999 1 1 1 1 1 
0 0 -7.17175e-08 8.92912e-08 -2.72164e-07 5.28178e-07 -1.24619e-06 2.70803e-06 -6.11595e-06 1.35654e-05 -3.02508e-05 6.7275e-05 -0.000149916 0.000334286 -0.000743201 0.00166259 -0.00366669 0.00835285 -0.0177161 0.0442267 -0.0778083 0.409675 1.19949 0.908611 1.04026 0.981809 1.00814 0.996341 1.00164 0.999263 1.00033 0.999852 1.00007 0.99997 1.00001 0.999994 1 0.999999 1 1 1 1 1 
0 0 -7.18584e-08 8.96174e-08 -2.71608e-07 5.27204e-07 -1.24639e-06 2.70988e-06 -6.11891e-06 1.35629e-05 -3.02409e-05 6.7275e-05 -0.000149935 0.000334299 -0.00074317 0.00166255 -0.00366673 0.00835293 -0.017716 0.0442266 -0.0778084 0.409675 1.19949 0.908611 1.04026 0.981808 1.00814 0.996341 1.00164 0.999263 1.00033 0.999852 1.00007 0.99997 1.00001 0.999994 1 0.999999 1 1 1 1 1 
0 0 -7.20172e-08 8.97964e-08 -2.70934e-07 5.26536e-07 -1.24704e-06 2.71177e-06 -6.12068e-06 1.35587e-05 -3.02331e-05 6.72798e-05 -0.000149953 0.000334303 -0.000743135 0.00166253 -0.00366679 0.00835298 -0.017716 0.0442265 -0.0778084 0.409675 1.19949 0.908611 1.04026 0.981808 1.00814 0.996341 1.00164 0.999263 1.00033 0.999852 1.00007 0.99997 1.00001 0.999994 1 0.999999 1 1 1 1 1 
0 0 -7.21744e-08 8.98307e-08 -2.70231e-07 5.26211e-07 -1.24798e-06 2.71342e-06 -6.12122e-06 1.35539e-05 -3.02281e-05 6.7288e-05 -0.000149968 0.000334297 -0.000743101 0.00166252 -0.00366685 0.008353 -0.0177159 0.0442265 -0.0778085 0.409675 1.19949 0.908611 1.04026 0.981808 1.00814 0.996341 1.00164 0.999263 1.00033 0.999852 1.00007 0.99997 1.00001 0.999994 1 0.999999 1 1 1 1 1 
0 0 -7.23133e-08 8.97379e-08 -2.69582e-07 5.26223e-07 -1.24906e-06 2.71466e-06 -6.1207e-06 1.35489e-05 -3.02259e-05 6.72981e-05 -0.000149978 0.000334284 -0.000743073 0.00166254 -0.0036669 0.00835299 -0.0177158 0.0442265 -0.0778085 0.409675 1.19949 0.908611 1.04026 0.981808 1.00814 0.996341 1.00164 0.999263 1.00033 0.999852 1.00007 0.99997 1.00001 0.999994 1 0.999999 1 1 1 1 1 
0 0 -7.24218e-08 8.95471e-08 -2.6905e-07 5.26527e-07 -1.25013e-06 2.71538e-06 -6.11936e-06 1.35446e-05 -3.02265e-05 6.73084e-05 -0.000149982 0.000334267 -0.000743054 0.00166256 -0.00366694 0.00835296 -0.0177158 0.0442265 -0.0778086 0.409675 1.19949 0.908611 1.04026 0.981808 1.00814 0.996341 1.00164 0.999263 1.00033 0.999851 1.00007 0.99997 1.00001 0.999994 1 0.999999 1 1 1 1 1 
0 0 -7.24927e-08 8.92935e-08 -2.68678e-07 5.27049e-07 -1.25106e-06 2.71557e-06 -6.11752e-06 1.35413e-05 -3.02294e-05 6.73175e-05 -0.000149981 0.000334249 -0.000743044 0.00166259 -0.00366697 0.00835292 -0.0177157 0.0442266 -0.0778086 0.409675 1.19949 0.908611 1.04026 0.981808 1.00814 0.996341 1.00164 0.999263 1.00033 0.999851 1.00007 0.99997 1.00001 0.999994 1 0.999999 1 1 1 1 1 
0 0 -7.25242e-08 8.90143e-08 -2.68485e-07 5.277e-07 -1.25174e-06 2.71528e-06 -6.11551e-06 1.35392e-05 -3.02337e-05 6.73246e-05 -0.000149976 0.000334233 -0.000743045 0.00166262 -0.00366698 0.00835287 -0.0177157 0.0442266 -0.0778086 0.409675 1.19949 0.908611 1.04026 0.981808 1.00814 0.996341 1.00164 0.999263 1.00033 0.999851 1.00007 0.99997 1.00001 0.999994 1 0.999999 1 1 1 1 1 
0 0 -7.25188e-08 8.87442e-08 -2.68467e-07 5.28388e-07 -1.25212e-06 2.71462e-06 -6.11362e-06 1.35385e-05 -3.02388e-05 6.73289e-05 -0.000149968 0.000334221 -0.000743052 0.00166265 -0.00366697 0.00835282 -0.0177157 0.0442267 -0.0778086 0.409675 1.19949 0.908611 1.04026 0.981808 1.00814 0.996341 1.00164 0.999263 1.00033 0.999851 1.00007 0.99997 1.00001 0.999994 1 0.999999 1 1 1 1 1 
0 0 -7.24828e-08 8.85117e-08 -2.68601e-07 5.29026e-07 -1.25219e-06 2.71374e-06 -6.11208e-06 1.3539e-05 -3.02439e-05 6.73303e-05 -0.000149958 0.000334213 -0.000743066 0.00166267 -0.00366696 0.00835278 -0.0177157 0.0442267 -0.0778086 0.409675 1.19949 0.908611 1.04026 0.981808 1.00814 0.996341 1.00164 0.999263 1.00033 0.999851 1.00007 0.99997 1.00001 0.999994 1 0.999999 1 1 1 1 1 
0 0 -7.24249e-08 8.83371e-08 -2.68851e-07 5.29548e-07 -1.25199e-06 2.71278e-06 -6.11105e-06 1.35404e-05 -3.02482e-05 6.73291e-05 -0.000149949 0.000334211 -0.000743082 0.00166269 -0.00366693 0.00835275 -0.0177158 0.0442268 -0.0778086 0.409675 1.19949 0.908611 1.04026 0.981809 1.00814 0.996341 1.00164 0.999263 1.00033 0.999851 1.00007 0.99997 1.00001 0.999994 1 0.999999 1 1 1 1 1 
0 0 -7.23549e-08 8.82311e-08 -2.6917e-07 5.29908e-07 -1.25157e-06 2.7119e-06 -6.11056e-06 1.35423e-05 -3.02515e-05 6.73259e-05 -0.00014994 0.000334213 -0.000743098 0.00166269 -0.0036669 0.00835274 -0.0177158 0.0442268 -0.0778085 0.409675 1.19949 0.908611 1.04026 0.981809 1.00814 0.996341 1.00164 0.999263 1.00033 0.999851 1.00007 0.99997 1.00001 0.999994 1 0.999999 1 1 1 1 1 
0 0 -7.22825e-08 8.81953e-08 -2.69514e-07 5.30085e-07 -1.25101e-06 2.71119e-06 -6.11061e-06 1.35445e-05 -3.02534e-05 6.73213e-05 -0.000149935 0.000334219 -0.000743111 0.00166269 -0.00366688 0.00835274 -0.0177158 0.0442268 -0.0778085 0.409675 1.19949 0.908611 1.04026 0.981809 1.00814 0.996341 1.00164 0.999263 1.00033 0.999851 1.00007 0.99997 1.00001 0.999994 1 0.999999 1 1 1 1 1 
0 0 -7.22162e-08 8.82232e-08 -2.69838e-07 5.30084e-07 -1.25041e-06 2.71073e-06 -6.11108e-06 1.35466e-05 -3.0254e-05 6.73162e-05 -0.000149931 0.000334227 -0.000743121 0.00166268 -0.00366686 0.00835275 -0.0177159 0.0442268 -0.0778085 0.409675 1.19949 0.908611 1.04026 0.981809 1.00814 0.996341 1.00164 0.999263 1.00033 0.999851 1.00007 0.99997 1.00001 0.999994 1 0.999999 1 1 1 1 1 
0 0 -7.21625e-08 8.8302e-08 -2.7011e-07 5.29929e-07 -1.24983e-06 2.71055e-06 -6.11184e-06 1.35483e-05 -3.02533e-05 6.73113e-05 -0.000149931 0.000334236 -0.000743126 0.00166266 -0.00366684 0.00835277 -0.0177159 0.0442267 -0.0778085 0.409675 1.19949 0.908611 1.04026 0.981809 1.00814 0.996341 1.00164 0.999263 1.00033 0.999851 1.00007 0.99997 1.00001 0.999994 1 0.999999 1 1 1 1 1 
0 0 -7.21255e-08 8.8415e-08 -2.70304e-07 5.2966e-07 -1.24936e-06 2.71062e-06 -6.11275e-06 1.35495e-05 -3.02517e-05 6.73072e-05 -0.000149933 0.000334244 -0.000743127 0.00166265 -0.00366683 0.00835279 -0.0177159 0.0442267 -0.0778085 0.409675 1.19949 0.908611 1.04026 0.981809 1.00814 0.996341 1.00164 0.999263 1.00033 0.999851 1.00007 0.99997 1.00001 0.999994 1 0.999999 1 1 1 1 1 
0 0 -7.21069e-08 8.8544e-08 -2.7041e-07 5.29323e-07 -1.24903e-06 2.71092e-06 -6.11364e-06 1.35501e-05 -3.02496e-05 6.73044e-05 -0.000149936 0.000334251 -0.000743123 0.00166264 -0.00366683 0.00835281 -0.0177159 0.0442267 -0.0778085 0.409675 1.19949 0.908611 1.04026 0.981809 1.00814 0.996341 1.00164 0.999263 1.00033 0.999851 1.00007 0.99997 1.00001 0.999994 1 0.999999 1 1 1 1 1 
0 0 -7.21059e-08 8.86719e-08 -2.70429e-07 5.2897e-07 -1.24887e-06 2.71136e-06 -6.11441e-06 1.35502e-05 -3.02473e-05 6.73029e-05 -0.000149941 0.000334255 -0.000743117 0.00166263 -0.00366684 0.00835283 -0.0177159 0.0442267 -0.0778085 0.409675 1.19949 0.908611 1.04026 0.981809 1.00814 0.996341 1.00164 0.999263 1.00033 0.999851 1.00007 0.99997 1.00001 0.999994 1 0.999999 1 1 1 1 1 
0 0 -7.21199e-08 8.87842e-08 -2.70371e-07 5.28643e-07 -1.24888e-06 2.71187e-06 -6.11496e-06 1.35498e-05 -3.02451e-05 6.73027e-05 -0.000149946 0.000334257 -0.000743109 0.00166262 -0.00366685 0.00835285 -0.0177159 0.0442266 -0.0778085 0.409675 1.19949 0.908611 1.04026 0.981808 1.00814 0.996341 1.00164 0.999263 1.00033 0.999851 1.00007 0.99997 1.00001 0.999994 1 0.999999 1 1 1 1 1 
0 0 -7.2145e-08 8.88702e-08 -2.70254e-07 5.28378e-07 -1.24903e-06 2.71237e-06 -6.11525e-06 1.3549e-05 -3.02433e-05 6.73038e-05 -0.00014995 0.000334256 -0.000743102 0.00166262 -0.00366686 0.00835286 -0.0177159 0.0442266 -0.0778085 0.409675 1.19949 0.908611 1.04026 0.981808 1.00814 0.996341 1.00164 0.999263 1.00033 0.999851 1.00007 0.99997 1.00001 0.999994 1 0.999999 1 1 1 1 1 
