0 0 0 0 0 0 0 0 0 0 0 0 0 0 0 0 0 0 0 0 0 0.5 1 1 1 1 1 1 1 1 1 1 1 1 1 1 1 1 1 1 1 1 1 
0 0 0 0 0 0 0 0 0 0 0 0 0 0 0 0 0 0 0 -0.0388889 0.101235 0.5 0.898765 1.03889 1 1 1 1 1 1 1 1 1 1 1 1 1 1 1 1 1 1 1 
0 0 0 0 0 0 0 0 0 0 0 0 0 0 0 0 0 0.00302469 -0.019549 -0.0202454 0.126168 0.5 0.873832 1.02025 1.01955 0.996975 1 1 1 1 1 1 1 1 1 1 1 1 1 1 1 1 1 
0 0 0 0 0 0 0 0 0 0 0 0 0 0 0 -0.000235254 0.00243426 -0.00324964 -0.0212432 -0.0147855 0.145917 0.5 0.854083 1.01479 1.02124 1.00325 0.997566 1.00024 1 1 1 1 1 1 1 1 1 1 1 1 1 1 1 
0 0 0 0 0 0 0 0 0 0 0 0 0 1.82975e-05 -0.000260512 0.000908319 0.00140207 -0.00521023 -0.0246886 -0.00706635 0.156914 0.5 0.843086 1.00707 1.02469 1.00521 0.998598 0.999092 1.00026 0.999982 1 1 1 1 1 1 1 1 1 1 1 1 1 
0 0 0 0 0 0 0 0 0 0 0 -1.42314e-06 2.57962e-05 -0.000143139 8.44146e-05 0.00102219 0.00125736 -0.00802204 -0.0252868 -0.00228626 0.165258 0.5 0.834742 1.00229 1.02529 1.00802 0.998743 0.998978 0.999916 1.00014 0.999974 1 1 1 1 1 1 1 1 1 1 1 1 
0 0 0 0 0 0 0 0 0 1.10689e-07 -2.43683e-06 1.84449e-05 -4.16222e-05 -9.13939e-05 0.000174042 0.0013993 0.000451098 -0.00961047 -0.0259935 0.00194029 0.17104 0.5 0.82896 0.99806 1.02599 1.00961 0.999549 0.998601 0.999826 1.00009 1.00004 0.999982 1 1 1 1 1 1 1 1 1 1 1 
0 0 0 0 0 0 0 -8.60912e-09 2.23011e-07 -2.13351e-06 8.02724e-06 -2.47663e-07 -4.69684e-05 -0.000107341 0.000407346 0.001449 -7.79798e-05 -0.0110793 -0.026121 0.00505673 0.175473 0.5 0.824527 0.994943 1.02612 1.01108 1.00008 0.998551 0.999593 1.00011 1.00005 1 0.999992 1 1 1 1 1 1 1 1 1 1 
0 0 0 0 0 6.69598e-10 -1.99493e-08 2.30426e-07 -1.19675e-06 1.81473e-06 5.35689e-06 -2.18983e-06 -8.06616e-05 -4.81159e-05 0.000536826 0.00152823 -0.000674935 -0.0121112 -0.0262294 0.00760437 0.178802 0.5 0.821198 0.992396 1.02623 1.01211 1.00067 0.998472 0.999463 1.00005 1.00008 1 0.999995 0.999998 1 1 1 1 1 1 1 1 1 
0 0 0 -5.20798e-11 1.75415e-09 -2.37253e-08 1.56209e-07 -4.32899e-07 -1.73644e-07 1.85898e-06 8.32484e-06 -1.89873e-05 -8.52681e-05 -1.01405e-05 0.000680045 0.00151346 -0.00114898 -0.0129748 -0.0262134 0.00958649 0.181398 0.5 0.818602 0.990414 1.02621 1.01297 1.00115 0.998487 0.99932 1.00001 1.00009 1.00002 0.999992 0.999998 1 1 1 1 1 1 1 1 1 
0 0 -1.52636e-10 2.35787e-09 -1.8745e-08 7.3549e-08 -7.45573e-08 -2.73774e-07 -3.48507e-07 4.56672e-06 4.62065e-06 -2.77617e-05 -9.43242e-05 4.57534e-05 0.000779476 0.00149722 -0.00158336 -0.0136402 -0.0261938 0.0111798 0.183416 0.5 0.816584 0.98882 1.02619 1.01364 1.00158 0.998503 0.999221 0.999954 1.00009 1.00003 0.999995 0.999995 1 1 1 1 1 1 1 1 1 
0 -3.63617e-20 2.14402e-09 -1.06449e-08 2.26737e-08 1.54012e-08 -4.70403e-08 -5.91215e-07 7.77467e-07 4.97807e-06 2.64542e-06 -3.96502e-05 -9.2223e-05 9.24484e-05 0.000868623 0.00145644 -0.00194431 -0.0141876 -0.0261552 0.0124414 0.185008 0.5 0.814992 0.987559 1.02616 1.01419 1.00194 0.998544 0.999131 0.999908 1.00009 1.00004 0.999997 0.999995 0.999999 1 1 1 1 1 1 1 1 
3.63617e-20 -1.07035e-18 -4.40823e-09 2.95985e-09 1.11718e-08 4.77827e-08 -2.4899e-07 -3.77963e-07 1.2969e-06 5.974e-06 -1.63434e-06 -4.76686e-05 -8.97317e-05 0.000139986 0.000936565 0.00141572 -0.00225699 -0.0146283 -0.026125 0.0134504 0.186267 0.5 0.813733 0.98655 1.02612 1.01463 1.00226 0.998584 0.999063 0.99986 1.00009 1.00005 1 0.999994 0.999999 1 1 1 1 1 1 1 1 
1.07035e-18 5.16687e-20 -1.31952e-09 -1.32779e-09 3.91523e-08 -2.43636e-08 -2.79323e-07 -3.18634e-07 2.21355e-06 5.8806e-06 -5.28437e-06 -5.53755e-05 -8.33592e-05 0.000181477 0.000993827 0.00137153 -0.00251981 -0.0149928 -0.0261004 0.0142524 0.187266 0.5 0.812734 0.985748 1.0261 1.01499 1.00252 0.998628 0.999006 0.999819 1.00008 1.00006 1.00001 0.999994 0.999998 1 1 1 1 1 1 1 1 
-5.16687e-20 5.95922e-19 -3.86879e-09 1.26756e-08 2.72764e-08 -5.00326e-08 -3.77088e-07 -2.57885e-08 2.81352e-06 5.76449e-06 -9.43686e-06 -6.10132e-05 -7.65171e-05 0.000219698 0.00103959 0.00133053 -0.00274345 -0.0152936 -0.0260867 0.0148905 0.18806 0.5 0.81194 0.98511 1.02609 1.01529 1.00274 0.998669 0.99896 0.99978 1.00008 1.00006 1.00001 0.999994 0.999997 1 1 1 1 1 1 1 1 
-5.95922e-19 6.52449e-20 6.18387e-10 1.47562e-08 2.95417e-08 -1.17063e-07 -3.80422e-07 2.21352e-07 3.44573e-06 5.17576e-06 -1.31759e-05 -6.57711e-05 -6.8641e-05 0.000253228 0.00107778 0.0012923 -0.00293183 -0.0155449 -0.0260822 0.0153955 0.188691 0.5 0.811309 0.984605 1.02608 1.01554 1.00293 0.998708 0.998922 0.999747 1.00007 1.00007 1.00001 0.999995 0.999997 1 1 1 1 1 1 1 1 
-6.52449e-20 2.07025e-19 2.4855e-09 2.34237e-08 1.11445e-08 -1.59425e-07 -3.86928e-07 5.43803e-07 3.8905e-06 4.49656e-06 -1.68051e-05 -6.93451e-05 -6.08434e-05 0.000283086 0.00110928 0.00125847 -0.00309103 -0.0157553 -0.0260869 0.0157937 0.189192 0.5 0.810808 0.984206 1.02609 1.01576 1.00309 0.998742 0.998891 0.999717 1.00006 1.00007 1.00002 0.999996 0.999996 0.999999 1 1 1 1 1 1 1 
-2.07025e-19 2.10172e-18 7.19385e-09 2.50031e-08 -3.56267e-09 -2.09785e-07 -3.45278e-07 8.40498e-07 4.26946e-06 3.63897e-06 -2.00692e-05 -7.21957e-05 -5.31193e-05 0.00030924 0.00113582 0.0012288 -0.003225 -0.0159328 -0.0260991 0.0161053 0.189589 0.5 0.810411 0.983895 1.0261 1.01593 1.00323 0.998771 0.998864 0.999691 1.00005 1.00007 1.00002 0.999996 0.999996 0.999999 1 1 1 1 1 1 1 
-2.10172e-18 9.39572e-18 1.02939e-08 2.71681e-08 -2.65037e-08 -2.44452e-07 -2.93461e-07 1.14466e-06 4.53025e-06 2.7443e-06 -2.30632e-05 -7.43579e-05 -4.58328e-05 0.000332243 0.00115826 0.00120344 -0.00333776 -0.0160828 -0.0261175 0.0163472 0.189902 0.5 0.810098 0.983653 1.02612 1.01608 1.00334 0.998797 0.998842 0.999668 1.00005 1.00007 1.00002 0.999997 0.999995 0.999999 1 1 1 1 1 1 1 
-9.39572e-18 2.09081e-17 1.37162e-08 2.509e-08 -4.80145e-08 -2.75018e-07 -2.19244e-07 1.42283e-06 4.72122e-06 1.81034e-06 -2.57359e-05 -7.60444e-05 -3.90205e-05 0.00035236 0.0011775 0.00118203 -0.0034324 -0.0162101 -0.0261407 0.0165326 0.190147 0.5 0.809853 0.983467 1.02614 1.01621 1.00343 0.998818 0.998823 0.999648 1.00004 1.00008 1.00003 0.999998 0.999995 0.999999 1 1 1 1 1 1 1 
-2.09081e-17 3.57067e-17 1.58075e-08 2.18059e-08 -7.14971e-08 -2.94604e-07 -1.37874e-07 1.68418e-06 4.83866e-06 8.91503e-07 -2.81332e-05 -7.73367e-05 -3.27848e-05 0.000369972 0.00119409 0.00116429 -0.00351173 -0.0163184 -0.0261676 0.0166727 0.190337 0.5 0.809663 0.983327 1.02617 1.01632 1.00351 0.998836 0.998806 0.99963 1.00003 1.00008 1.00003 0.999999 0.999995 0.999998 1 1 1 1 1 1 1 
-3.57067e-17 5.01573e-17 1.72628e-08 1.60465e-08 -9.34141e-08 -3.07804e-07 -4.82936e-08 1.91933e-06 4.90594e-06 -2.92777e-09 -3.02625e-05 -7.83459e-05 -2.71263e-05 0.000385361 0.00120856 0.00114981 -0.00357803 -0.0164107 -0.0261969 0.0167763 0.190483 0.5 0.809517 0.983224 1.0262 1.01641 1.00358 0.99885 0.998791 0.999615 1.00003 1.00008 1.00003 1 0.999995 0.999998 1 1 1 1 1 1 1 
-5.01573e-17 6.16782e-17 1.76285e-08 9.11785e-09 -1.14621e-07 -3.13492e-07 4.29982e-08 2.13197e-06 4.93015e-06 -8.52325e-07 -3.21563e-05 -7.91364e-05 -2.20507e-05 0.000398812 0.00122127 0.00113823 -0.00363331 -0.0164895 -0.0262277 0.0168507 0.190594 0.5 0.809406 0.983149 1.02623 1.01649 1.00363 0.998862 0.998779 0.999601 1.00002 1.00008 1.00003 1 0.999995 0.999998 1 1 1 1 1 1 1 
-6.16782e-17 6.80263e-17 1.72361e-08 9.17604e-10 -1.33955e-07 -3.13962e-07 1.34869e-07 2.32092e-06 4.9244e-06 -1.65122e-06 -3.38354e-05 -7.97695e-05 -1.75306e-05 0.00041056 0.0012325 0.00112916 -0.00367924 -0.0165568 -0.0262592 0.0169019 0.190677 0.5 0.809323 0.983098 1.02626 1.01656 1.00368 0.998871 0.998767 0.999589 1.00002 1.00008 1.00003 1 0.999995 0.999998 1 1 1 1 1 1 1 
-6.80263e-17 6.85616e-17 1.60665e-08 -7.90735e-09 -1.51673e-07 -3.09717e-07 2.24459e-07 2.48884e-06 4.89596e-06 -2.39319e-06 -3.53257e-05 -8.02864e-05 -1.35364e-05 0.00042082 0.00124249 0.00112225 -0.00371725 -0.0166142 -0.0262908 0.0169347 0.190736 0.5 0.809264 0.983065 1.02629 1.01661 1.00372 0.998878 0.998758 0.999579 1.00001 1.00008 1.00004 1 0.999995 0.999998 1 1 1 1 1 1 1 
-6.85616e-17 6.36806e-17 1.43352e-08 -1.71818e-08 -1.67499e-07 -3.02137e-07 3.10797e-07 2.63703e-06 4.85258e-06 -3.07733e-06 -3.66478e-05 -8.0721e-05 -1.00286e-05 0.000429776 0.00125142 0.00111718 -0.00374856 -0.0166633 -0.026322 0.016953 0.190778 0.5 0.809222 0.983047 1.02632 1.01666 1.00375 0.998883 0.998749 0.99957 1.00001 1.00008 1.00004 1 0.999995 0.999997 1 1 1 1 1 1 1 
-6.36806e-17 5.47181e-17 1.21421e-08 -2.6555e-08 -1.81602e-07 -2.91971e-07 3.92696e-07 2.76781e-06 4.79946e-06 -3.70345e-06 -3.78223e-05 -8.1097e-05 -6.96703e-06 0.000437592 0.00125943 0.00111367 -0.0037742 -0.0167052 -0.0263522 0.0169602 0.190805 0.5 0.809195 0.98304 1.02635 1.01671 1.00377 0.998886 0.998741 0.999562 1.00001 1.00008 1.00004 1 0.999995 0.999997 1 1 1 1 1 1 1 
-5.47181e-17 4.34052e-17 9.64059e-09 -3.58532e-08 -1.94017e-07 -2.80106e-07 4.69702e-07 2.88301e-06 4.74113e-06 -4.27344e-06 -3.88663e-05 -8.14326e-05 -4.3102e-06 0.000444409 0.00126665 0.00111145 -0.00379507 -0.016741 -0.0263813 0.0169588 0.19082 0.5 0.80918 0.983041 1.02638 1.01674 1.0038 0.998889 0.998733 0.999556 1 1.00008 1.00004 1 0.999995 0.999997 1 1 1 1 1 1 1 
-4.34052e-17 3.15428e-17 6.93517e-09 -4.48882e-08 -2.04913e-07 -2.67146e-07 5.41453e-07 2.9846e-06 4.6808e-06 -4.78977e-06 -3.97956e-05 -8.17404e-05 -2.01792e-06 0.00045035 0.00127315 0.0011103 -0.00381192 -0.0167714 -0.026409 0.016951 0.190827 0.5 0.809173 0.983049 1.02641 1.01677 1.00381 0.99889 0.998727 0.99955 1 1.00008 1.00004 1 0.999995 0.999997 0.999999 1 1 1 1 1 1 
-3.15428e-17 2.07063e-17 4.13006e-09 -5.35507e-08 -2.14418e-07 -2.53648e-07 6.07894e-07 3.07427e-06 4.62096e-06 -5.25561e-06 -4.06239e-05 -8.20294e-05 -5.1609e-08 0.000455525 0.00127904 0.00111002 -0.00382539 -0.0167972 -0.0264351 0.0169385 0.190827 0.5 0.809173 0.983062 1.02644 1.0168 1.00383 0.99889 0.998721 0.999544 1 1.00008 1.00004 1.00001 0.999995 0.999997 0.999999 1 1 1 1 1 1 
-2.07063e-17 1.21008e-17 1.30166e-09 -6.17515e-08 -2.22694e-07 -2.40011e-07 6.69068e-07 3.15358e-06 4.56333e-06 -5.67437e-06 -4.1363e-05 -8.23057e-05 1.6248e-06 0.000460028 0.00128436 0.00111043 -0.00383604 -0.0168192 -0.0264596 0.0169227 0.190823 0.5 0.809177 0.983077 1.02646 1.01682 1.00384 0.99889 0.998716 0.99954 0.999998 1.00008 1.00004 1.00001 0.999995 0.999997 0.999999 1 1 1 1 1 1 
-1.21008e-17 6.50777e-18 -1.48598e-09 -6.94421e-08 -2.29881e-07 -2.26559e-07 7.25152e-07 3.22389e-06 4.50915e-06 -6.04962e-06 -4.20233e-05 -8.25731e-05 3.0448e-06 0.00046394 0.00128917 0.00111139 -0.00384432 -0.0168377 -0.0264824 0.0169047 0.190814 0.5 0.809186 0.983095 1.02648 1.01684 1.00384 0.998889 0.998711 0.999536 0.999997 1.00008 1.00004 1.00001 0.999995 0.999997 0.999999 1 1 1 1 1 1 
-6.50777e-18 4.30672e-18 -4.18689e-09 -7.65941e-08 -2.36119e-07 -2.13525e-07 7.76378e-07 3.28642e-06 4.45918e-06 -6.38488e-06 -4.26138e-05 -8.28341e-05 4.23906e-06 0.000467336 0.00129353 0.00111277 -0.00385064 -0.0168533 -0.0265035 0.0168853 0.190803 0.5 0.809197 0.983115 1.0265 1.01685 1.00385 0.998887 0.998706 0.999533 0.999996 1.00008 1.00004 1.00001 0.999996 0.999997 0.999999 1 1 1 1 1 1 
-4.30672e-18 5.54071e-18 -6.76703e-09 -8.32008e-08 -2.41533e-07 -2.01075e-07 8.23027e-07 3.34221e-06 4.41388e-06 -6.6836e-06 -4.31425e-05 -8.30898e-05 5.23554e-06 0.000470278 0.00129748 0.00111447 -0.00385533 -0.0168663 -0.0265228 0.0168653 0.19079 0.5 0.80921 0.983135 1.02652 1.01687 1.00386 0.998886 0.998703 0.99953 0.999995 1.00008 1.00004 1.00001 0.999996 0.999997 0.999999 1 1 1 1 1 1 
-5.54071e-18 9.99867e-18 -9.20411e-09 -8.92689e-08 -2.46235e-07 -1.89322e-07 8.65402e-07 3.39214e-06 4.37344e-06 -6.94907e-06 -4.36161e-05 -8.33408e-05 6.05949e-06 0.000472822 0.00130105 0.00111639 -0.00385869 -0.0168773 -0.0265406 0.0168452 0.190775 0.5 0.809225 0.983155 1.02654 1.01688 1.00386 0.998884 0.998699 0.999527 0.999994 1.00008 1.00004 1.00001 0.999996 0.999997 0.999999 1 1 1 1 1 1 
-9.99867e-18 1.72997e-17 -1.14844e-08 -9.48162e-08 -2.50326e-07 -1.78334e-07 9.03813e-07 3.43698e-06 4.33787e-06 -7.1844e-06 -4.40407e-05 -8.35869e-05 6.7336e-06 0.000475017 0.00130427 0.00111846 -0.00386095 -0.0168863 -0.0265567 0.0168254 0.190761 0.5 0.809239 0.983175 1.02656 1.01689 1.00386 0.998882 0.998696 0.999525 0.999993 1.00008 1.00004 1.00001 0.999996 0.999997 0.999999 1 1 1 1 1 1 
-1.72997e-17 2.69671e-17 -1.36015e-08 -9.98675e-08 -2.53894e-07 -1.68145e-07 9.38571e-07 3.4774e-06 4.30706e-06 -7.39249e-06 -4.44215e-05 -8.38278e-05 7.27819e-06 0.000476907 0.00130718 0.00112062 -0.00386233 -0.0168938 -0.0265713 0.0168062 0.190746 0.5 0.809254 0.983194 1.02657 1.01689 1.00386 0.998879 0.998693 0.999523 0.999993 1.00008 1.00004 1.00001 0.999996 0.999997 0.999999 1 1 1 1 1 1 
-2.69671e-17 3.84884e-17 -1.55542e-08 -1.04452e-07 -2.57015e-07 -1.58766e-07 9.69977e-07 3.51394e-06 4.28077e-06 -7.57604e-06 -4.47631e-05 -8.40629e-05 7.71136e-06 0.000478529 0.0013098 0.00112281 -0.00386299 -0.0168999 -0.0265845 0.0167878 0.190731 0.5 0.809269 0.983212 1.02658 1.0169 1.00386 0.998877 0.99869 0.999521 0.999992 1.00008 1.00004 1.00001 0.999996 0.999996 0.999999 1 1 1 1 1 1 
-3.84884e-17 5.13592e-17 -1.73453e-08 -1.08603e-07 -2.59756e-07 -1.50185e-07 9.98318e-07 3.54709e-06 4.25873e-06 -7.73753e-06 -4.50696e-05 -8.42914e-05 8.04914e-06 0.000479917 0.00131215 0.00112501 -0.00386309 -0.0169049 -0.0265963 0.0167704 0.190717 0.5 0.809283 0.98323 1.0266 1.0169 1.00386 0.998875 0.998688 0.99952 0.999992 1.00008 1.00005 1.00001 0.999996 0.999996 0.999999 1 1 1 1 1 1 
-5.13592e-17 6.51132e-17 -1.89806e-08 -1.12352e-07 -2.62173e-07 -1.42379e-07 1.02387e-06 3.57724e-06 4.24061e-06 -7.87925e-06 -4.53446e-05 -8.45128e-05 8.30573e-06 0.000481101 0.00131427 0.00112717 -0.00386274 -0.0169089 -0.0266069 0.0167541 0.190703 0.5 0.809297 0.983246 1.02661 1.01691 1.00386 0.998873 0.998686 0.999519 0.999992 1.00008 1.00005 1.00001 0.999996 0.999996 0.999999 1 1 1 1 1 1 
-6.51132e-17 7.93395e-17 -2.04678e-08 -1.15733e-07 -2.64315e-07 -1.35315e-07 1.04687e-06 3.60475e-06 4.22607e-06 -8.00327e-06 -4.55912e-05 -8.47264e-05 8.49361e-06 0.000482106 0.00131616 0.00112927 -0.00386206 -0.0169121 -0.0266164 0.0167389 0.19069 0.5 0.80931 0.983261 1.02662 1.01691 1.00386 0.998871 0.998684 0.999518 0.999992 1.00008 1.00005 1.00001 0.999996 0.999996 0.999999 1 1 1 1 1 1 
-7.93395e-17 9.36908e-17 -2.18158e-08 -1.18779e-07 -2.66224e-07 -1.28952e-07 1.06757e-06 3.62989e-06 4.21476e-06 -8.11148e-06 -4.58122e-05 -8.49316e-05 8.62373e-06 0.000482956 0.00131786 0.00113129 -0.00386112 -0.0169145 -0.0266248 0.0167249 0.190678 0.5 0.809322 0.983275 1.02662 1.01691 1.00386 0.998869 0.998682 0.999517 0.999991 1.00008 1.00005 1.00001 0.999996 0.999996 0.999999 1 1 1 1 1 1 
-9.36908e-17 1.07885e-16 -2.30342e-08 -1.21519e-07 -2.67933e-07 -1.23246e-07 1.08619e-06 3.65292e-06 4.20633e-06 -8.20562e-06 -4.60102e-05 -8.5128e-05 8.70568e-06 0.000483671 0.00131937 0.00113322 -0.00386 -0.0169164 -0.0266322 0.016712 0.190666 0.5 0.809334 0.983288 1.02663 1.01692 1.00386 0.998867 0.998681 0.999516 0.999991 1.00009 1.00005 1.00001 0.999996 0.999996 0.999999 1 1 1 1 1 1 
-1.07885e-16 1.21701e-16 -2.4133e-08 -1.23984e-07 -2.69474e-07 -1.18152e-07 1.10291e-06 3.67406e-06 4.20044e-06 -8.28723e-06 -4.61874e-05 -8.53151e-05 8.74778e-06 0.000484268 0.00132071 0.00113504 -0.00385875 -0.0169177 -0.0266387 0.0167002 0.190656 0.5 0.809344 0.9833 1.02664 1.01692 1.00386 0.998865 0.998679 0.999516 0.999991 1.00009 1.00005 1.00001 0.999996 0.999996 0.999999 1 1 1 1 1 1 
-1.21701e-16 1.34974e-16 -2.51218e-08 -1.262e-07 -2.70871e-07 -1.13624e-07 1.11792e-06 3.69348e-06 4.19679e-06 -8.35773e-06 -4.63459e-05 -8.54928e-05 8.75729e-06 0.000484765 0.0013219 0.00113676 -0.00385742 -0.0169187 -0.0266444 0.0166895 0.190646 0.5 0.809354 0.98331 1.02664 1.01692 1.00386 0.998863 0.998678 0.999515 0.999991 1.00009 1.00005 1.00001 0.999996 0.999996 0.999999 1 1 1 1 1 1 
-1.34974e-16 1.47589e-16 -2.60103e-08 -1.28193e-07 -2.72144e-07 -1.09615e-07 1.13138e-06 3.71135e-06 4.19506e-06 -8.41839e-06 -4.64874e-05 -8.56609e-05 8.74044e-06 0.000485173 0.00132296 0.00113836 -0.00385605 -0.0169193 -0.0266493 0.0166798 0.190637 0.5 0.809363 0.98332 1.02665 1.01692 1.00386 0.998862 0.998677 0.999515 0.999991 1.00009 1.00005 1.00001 0.999996 0.999996 0.999999 1 1 1 1 1 1 
-1.47589e-16 1.59468e-16 -2.68076e-08 -1.29984e-07 -2.73311e-07 -1.06081e-07 1.14344e-06 3.72781e-06 4.19499e-06 -8.47036e-06 -4.66137e-05 -8.58193e-05 8.70263e-06 0.000485506 0.00132389 0.00113985 -0.00385467 -0.0169197 -0.0266536 0.0166712 0.190629 0.5 0.809371 0.983329 1.02665 1.01692 1.00385 0.99886 0.998676 0.999514 0.999991 1.00009 1.00005 1.00001 0.999996 0.999996 0.999999 1 1 1 1 1 1 
-1.59468e-16 1.70572e-16 -2.75222e-08 -1.31596e-07 -2.74387e-07 -1.02981e-07 1.15425e-06 3.74297e-06 4.19631e-06 -8.51465e-06 -4.67261e-05 -8.5968e-05 8.64844e-06 0.000485774 0.00132471 0.00114123 -0.00385331 -0.0169198 -0.0266573 0.0166634 0.190622 0.5 0.809378 0.983337 1.02666 1.01692 1.00385 0.998859 0.998675 0.999514 0.999991 1.00009 1.00005 1.00001 0.999996 0.999996 0.999999 1 1 1 1 1 1 
-1.70572e-16 1.80882e-16 -2.81621e-08 -1.33046e-07 -2.75383e-07 -1.00273e-07 1.16392e-06 3.75694e-06 4.19881e-06 -8.55219e-06 -4.68262e-05 -8.61071e-05 8.58181e-06 0.000485987 0.00132543 0.00114249 -0.00385198 -0.0169198 -0.0266605 0.0166565 0.190615 0.5 0.809385 0.983344 1.02666 1.01692 1.00385 0.998858 0.998675 0.999514 0.999991 1.00009 1.00005 1.00001 0.999996 0.999996 0.999999 1 1 1 1 1 1 
-1.80882e-16 1.90405e-16 -2.87348e-08 -1.34351e-07 -2.7631e-07 -9.79197e-08 1.17256e-06 3.76981e-06 4.20226e-06 -8.58382e-06 -4.69149e-05 -8.62369e-05 8.50605e-06 0.000486153 0.00132606 0.00114365 -0.00385069 -0.0169196 -0.0266632 0.0166503 0.190609 0.5 0.809391 0.98335 1.02666 1.01692 1.00385 0.998856 0.998674 0.999514 0.999991 1.00009 1.00005 1.00001 0.999996 0.999996 0.999999 1 1 1 1 1 1 
-1.90405e-16 1.99159e-16 -2.92471e-08 -1.35527e-07 -2.77176e-07 -9.58862e-08 1.18028e-06 3.78167e-06 4.20648e-06 -8.61026e-06 -4.69936e-05 -8.63575e-05 8.42397e-06 0.000486279 0.00132661 0.00114471 -0.00384947 -0.0169193 -0.0266655 0.0166449 0.190604 0.5 0.809396 0.983355 1.02667 1.01692 1.00385 0.998855 0.998673 0.999514 0.999992 1.00009 1.00005 1.00001 0.999996 0.999996 0.999999 1 1 1 1 1 1 
-1.99159e-16 2.07176e-16 -2.97051e-08 -1.36588e-07 -2.77988e-07 -9.41396e-08 1.18716e-06 3.79259e-06 4.2113e-06 -8.63218e-06 -4.70631e-05 -8.64692e-05 8.33789e-06 0.000486371 0.00132708 0.00114567 -0.00384831 -0.0169189 -0.0266675 0.0166402 0.190599 0.5 0.809401 0.98336 1.02667 1.01692 1.00385 0.998854 0.998673 0.999514 0.999992 1.00009 1.00005 1.00001 0.999996 0.999996 0.999999 1 1 1 1 1 1 
-2.07176e-16 2.14492e-16 -3.01144e-08 -1.37545e-07 -2.78751e-07 -9.26495e-08 1.19329e-06 3.80265e-06 4.21659e-06 -8.65016e-06 -4.71244e-05 -8.65724e-05 8.24975e-06 0.000486436 0.00132749 0.00114654 -0.00384722 -0.0169185 -0.0266691 0.016636 0.190595 0.5 0.809405 0.983364 1.02667 1.01692 1.00385 0.998853 0.998673 0.999514 0.999992 1.00009 1.00005 1.00001 0.999996 0.999996 0.999999 1 1 1 1 1 1 
-2.14492e-16 2.2115e-16 -3.04802e-08 -1.3841e-07 -2.7947e-07 -9.13884e-08 1.19875e-06 3.8119e-06 4.2222e-06 -8.66474e-06 -4.71784e-05 -8.66674e-05 8.16113e-06 0.000486476 0.00132784 0.00114732 -0.0038462 -0.016918 -0.0266704 0.0166324 0.190592 0.5 0.809408 0.983368 1.02667 1.01692 1.00385 0.998853 0.998672 0.999514 0.999992 1.00009 1.00005 1.00001 0.999996 0.999996 0.999999 1 1 1 1 1 1 
-2.2115e-16 2.27195e-16 -3.0807e-08 -1.39191e-07 -2.80149e-07 -9.03306e-08 1.20359e-06 3.8204e-06 4.22804e-06 -8.67636e-06 -4.72257e-05 -8.67546e-05 8.07332e-06 0.000486498 0.00132814 0.00114802 -0.00384525 -0.0169175 -0.0266715 0.0166293 0.190588 0.5 0.809412 0.983371 1.02667 1.01692 1.00385 0.998852 0.998672 0.999514 0.999992 1.00009 1.00005 1.00001 0.999996 0.999996 0.999999 1 1 1 1 1 1 
-2.27195e-16 2.32672e-16 -3.10991e-08 -1.39898e-07 -2.80791e-07 -8.9453e-08 1.20788e-06 3.82821e-06 4.234e-06 -8.68546e-06 -4.72671e-05 -8.68344e-05 7.98734e-06 0.000486503 0.00132839 0.00114865 -0.00384438 -0.016917 -0.0266724 0.0166266 0.190586 0.5 0.809414 0.983373 1.02667 1.01692 1.00384 0.998851 0.998672 0.999513 0.999992 1.00009 1.00005 1.00001 0.999996 0.999996 0.999999 1 1 1 1 1 1 
-2.32672e-16 2.37625e-16 -3.136e-08 -1.40539e-07 -2.81398e-07 -8.87344e-08 1.21169e-06 3.83536e-06 4.24e-06 -8.69239e-06 -4.73032e-05 -8.69072e-05 7.90399e-06 0.000486496 0.00132861 0.0011492 -0.00384358 -0.0169165 -0.0266731 0.0166243 0.190583 0.5 0.809417 0.983376 1.02667 1.01692 1.00384 0.998851 0.998671 0.999514 0.999992 1.00009 1.00005 1.00001 0.999996 0.999996 0.999999 1 1 1 1 1 1 
-2.37625e-16 2.42098e-16 -3.15931e-08 -1.41119e-07 -2.81974e-07 -8.81556e-08 1.21504e-06 3.84192e-06 4.24597e-06 -8.69747e-06 -4.73345e-05 -8.69734e-05 7.82388e-06 0.000486479 0.00132879 0.0011497 -0.00384285 -0.016916 -0.0266737 0.0166224 0.190581 0.5 0.809419 0.983378 1.02667 1.01692 1.00384 0.99885 0.998671 0.999514 0.999992 1.00009 1.00005 1.00001 0.999996 0.999996 0.999999 1 1 1 1 1 1 
-2.42098e-16 2.46132e-16 -3.18013e-08 -1.41645e-07 -2.82519e-07 -8.76993e-08 1.218e-06 3.84791e-06 4.25186e-06 -8.70098e-06 -4.73617e-05 -8.70334e-05 7.74747e-06 0.000486454 0.00132894 0.00115013 -0.00384218 -0.0169155 -0.0266741 0.0166208 0.19058 0.5 0.80942 0.983379 1.02667 1.01692 1.00384 0.99885 0.998671 0.999514 0.999992 1.00009 1.00005 1.00001 0.999996 0.999996 0.999999 1 1 1 1 1 1 
-2.46132e-16 2.49767e-16 -3.19874e-08 -1.42123e-07 -2.83036e-07 -8.73498e-08 1.2206e-06 3.85338e-06 4.25761e-06 -8.70318e-06 -4.7385e-05 -8.70877e-05 7.67506e-06 0.000486423 0.00132906 0.00115052 -0.00384158 -0.0169151 -0.0266744 0.0166194 0.190578 0.5 0.809422 0.983381 1.02667 1.01692 1.00384 0.998849 0.998671 0.999514 0.999992 1.00009 1.00005 1.00001 0.999996 0.999996 0.999999 1 1 1 1 1 1 
-2.49767e-16 2.53038e-16 -3.21536e-08 -1.42556e-07 -2.83526e-07 -8.70929e-08 1.22288e-06 3.85837e-06 4.2632e-06 -8.70429e-06 -4.7405e-05 -8.71366e-05 7.60686e-06 0.000486388 0.00132916 0.00115085 -0.00384103 -0.0169146 -0.0266746 0.0166182 0.190577 0.5 0.809423 0.983382 1.02667 1.01691 1.00384 0.998849 0.998671 0.999514 0.999992 1.00009 1.00005 1.00001 0.999996 0.999996 0.999999 1 1 1 1 1 1 
-2.53038e-16 2.5598e-16 -3.23021e-08 -1.4295e-07 -2.8399e-07 -8.69161e-08 1.22488e-06 3.86291e-06 4.26858e-06 -8.70449e-06 -4.74221e-05 -8.71806e-05 7.54297e-06 0.000486349 0.00132924 0.00115114 -0.00384054 -0.0169142 -0.0266747 0.0166173 0.190576 0.5 0.809424 0.983383 1.02667 1.01691 1.00384 0.998849 0.998671 0.999514 0.999992 1.00009 1.00005 1.00001 0.999996 0.999996 0.999999 1 1 1 1 1 1 
-2.5598e-16 2.58624e-16 -3.24348e-08 -1.43308e-07 -2.84429e-07 -8.6808e-08 1.22661e-06 3.86704e-06 4.27375e-06 -8.70394e-06 -4.74366e-05 -8.722e-05 7.48342e-06 0.000486309 0.0013293 0.0011514 -0.00384011 -0.0169138 -0.0266748 0.0166166 0.190575 0.5 0.809425 0.983383 1.02667 1.01691 1.00384 0.998849 0.998671 0.999514 0.999993 1.00009 1.00005 1.00001 0.999996 0.999996 0.999999 1 1 1 1 1 1 
-2.58624e-16 2.60998e-16 -3.25534e-08 -1.43634e-07 -2.84844e-07 -8.67584e-08 1.22812e-06 3.87078e-06 4.27867e-06 -8.70281e-06 -4.74487e-05 -8.72551e-05 7.42818e-06 0.000486268 0.00132935 0.00115161 -0.00383972 -0.0169134 -0.0266748 0.016616 0.190574 0.5 0.809426 0.983384 1.02667 1.01691 1.00384 0.998848 0.998671 0.999514 0.999993 1.00009 1.00005 1.00001 0.999996 0.999996 0.999999 1 1 1 1 1 1 
-2.60998e-16 2.63129e-16 -3.26592e-08 -1.4393e-07 -2.85236e-07 -8.67583e-08 1.22942e-06 3.87416e-06 4.28333e-06 -8.7012e-06 -4.74589e-05 -8.72864e-05 7.37717e-06 0.000486227 0.00132938 0.0011518 -0.00383937 -0.0169131 -0.0266748 0.0166155 0.190574 0.5 0.809426 0.983385 1.02667 1.01691 1.00384 0.998848 0.998671 0.999514 0.999993 1.00009 1.00005 1.00001 0.999996 0.999996 0.999999 1 1 1 1 1 1 
-2.63129e-16 2.6504e-16 -3.27538e-08 -1.44199e-07 -2.85606e-07 -8.67997e-08 1.23054e-06 3.87721e-06 4.28774e-06 -8.69922e-06 -4.74672e-05 -8.73141e-05 7.33024e-06 0.000486186 0.0013294 0.00115196 -0.00383907 -0.0169128 -0.0266747 0.0166151 0.190573 0.5 0.809427 0.983385 1.02667 1.01691 1.00384 0.998848 0.998671 0.999514 0.999993 1.00009 1.00005 1.00001 0.999996 0.999996 0.999999 1 1 1 1 1 1 
-2.6504e-16 2.66753e-16 -3.28382e-08 -1.44444e-07 -2.85954e-07 -8.68755e-08 1.2315e-06 3.87996e-06 4.29189e-06 -8.69697e-06 -4.74741e-05 -8.73386e-05 7.28726e-06 0.000486146 0.00132942 0.00115209 -0.0038388 -0.0169125 -0.0266746 0.0166149 0.190573 0.5 0.809427 0.983385 1.02667 1.01691 1.00384 0.998848 0.998671 0.999514 0.999993 1.00009 1.00005 1.00001 0.999996 0.999996 0.999999 1 1 1 1 1 1 
-2.66753e-16 2.68287e-16 -3.29136e-08 -1.44667e-07 -2.86282e-07 -8.69794e-08 1.23232e-06 3.88244e-06 4.29577e-06 -8.69453e-06 -4.74796e-05 -8.73601e-05 7.24805e-06 0.000486107 0.00132943 0.0011522 -0.00383857 -0.0169122 -0.0266745 0.0166147 0.190572 0.5 0.809428 0.983385 1.02667 1.01691 1.00384 0.998848 0.998671 0.999514 0.999993 1.00009 1.00005 1.00001 0.999996 0.999996 0.999999 1 1 1 1 1 1 
-2.68287e-16 2.69661e-16 -3.29808e-08 -1.44869e-07 -2.86591e-07 -8.71059e-08 1.23301e-06 3.88465e-06 4.29939e-06 -8.69196e-06 -4.74839e-05 -8.7379e-05 7.2124e-06 0.00048607 0.00132943 0.0011523 -0.00383837 -0.016912 -0.0266744 0.0166146 0.190572 0.5 0.809428 0.983385 1.02667 1.01691 1.00384 0.998848 0.998671 0.999514 0.999993 1.00009 1.00005 1.00001 0.999996 0.999996 0.999999 1 1 1 1 1 1 
-2.69661e-16 2.70891e-16 -3.30407e-08 -1.45054e-07 -2.86881e-07 -8.72501e-08 1.23358e-06 3.88663e-06 4.30276e-06 -8.68931e-06 -4.74873e-05 -8.73955e-05 7.18012e-06 0.000486034 0.00132943 0.00115237 -0.00383819 -0.0169118 -0.0266743 0.0166145 0.190572 0.5 0.809428 0.983385 1.02667 1.01691 1.00384 0.998848 0.998671 0.999514 0.999993 1.00009 1.00005 1.00001 0.999996 0.999996 0.999999 1 1 1 1 1 1 
-2.70891e-16 2.7199e-16 -3.30942e-08 -1.45221e-07 -2.87152e-07 -8.7408e-08 1.23406e-06 3.8884e-06 4.30588e-06 -8.68663e-06 -4.74898e-05 -8.74098e-05 7.15099e-06 0.000486001 0.00132942 0.00115244 -0.00383804 -0.0169116 -0.0266741 0.0166145 0.190572 0.5 0.809428 0.983386 1.02667 1.01691 1.00384 0.998848 0.998671 0.999514 0.999993 1.00009 1.00005 1.00001 0.999996 0.999996 0.999999 1 1 1 1 1 1 
-2.7199e-16 2.72972e-16 -3.31418e-08 -1.45373e-07 -2.87406e-07 -8.75757e-08 1.23445e-06 3.88997e-06 4.30876e-06 -8.68397e-06 -4.74916e-05 -8.74222e-05 7.12481e-06 0.000485969 0.00132941 0.00115249 -0.00383791 -0.0169114 -0.026674 0.0166145 0.190572 0.5 0.809428 0.983385 1.02667 1.01691 1.00384 0.998848 0.998671 0.999514 0.999993 1.00009 1.00005 1.00001 0.999996 0.999996 0.999999 1 1 1 1 1 1 
-2.72972e-16 2.73849e-16 -3.31842e-08 -1.45511e-07 -2.87644e-07 -8.77502e-08 1.23477e-06 3.89136e-06 4.31141e-06 -8.68134e-06 -4.74928e-05 -8.74328e-05 7.10136e-06 0.00048594 0.0013294 0.00115253 -0.0038378 -0.0169112 -0.0266739 0.0166146 0.190572 0.5 0.809428 0.983385 1.02667 1.01691 1.00384 0.998847 0.998671 0.999514 0.999993 1.00009 1.00005 1.00001 0.999996 0.999996 0.999999 1 1 1 1 1 1 
-2.73849e-16 2.74632e-16 -3.32219e-08 -1.45637e-07 -2.87866e-07 -8.79286e-08 1.23502e-06 3.89259e-06 4.31385e-06 -8.67878e-06 -4.74934e-05 -8.74419e-05 7.08044e-06 0.000485912 0.00132938 0.00115255 -0.00383771 -0.0169111 -0.0266737 0.0166146 0.190572 0.5 0.809428 0.983385 1.02667 1.01691 1.00384 0.998847 0.998671 0.999514 0.999993 1.00009 1.00005 1.00001 0.999996 0.999996 0.999999 1 1 1 1 1 1 
-2.74632e-16 2.7533e-16 -3.32554e-08 -1.45751e-07 -2.88072e-07 -8.81089e-08 1.23521e-06 3.89367e-06 4.31607e-06 -8.67631e-06 -4.74937e-05 -8.74496e-05 7.06184e-06 0.000485887 0.00132937 0.00115258 -0.00383763 -0.016911 -0.0266736 0.0166147 0.190572 0.5 0.809428 0.983385 1.02667 1.01691 1.00384 0.998847 0.998671 0.999514 0.999993 1.00009 1.00005 1.00001 0.999996 0.999996 0.999999 1 1 1 1 1 1 
-2.7533e-16 2.75951e-16 -3.32851e-08 -1.45854e-07 -2.88265e-07 -8.82888e-08 1.23535e-06 3.89461e-06 4.3181e-06 -8.67393e-06 -4.74936e-05 -8.74561e-05 7.04538e-06 0.000485863 0.00132935 0.00115259 -0.00383756 -0.0169109 -0.0266735 0.0166148 0.190572 0.5 0.809428 0.983385 1.02667 1.01691 1.00384 0.998847 0.998671 0.999514 0.999993 1.00009 1.00005 1.00001 0.999996 0.999996 0.999999 1 1 1 1 1 1 
-2.75951e-16 2.76504e-16 -3.33115e-08 -1.45947e-07 -2.88443e-07 -8.84669e-08 1.23545e-06 3.89544e-06 4.31994e-06 -8.67167e-06 -4.74932e-05 -8.74615e-05 7.03087e-06 0.000485842 0.00132934 0.0011526 -0.00383751 -0.0169108 -0.0266734 0.0166149 0.190572 0.5 0.809428 0.983385 1.02667 1.01691 1.00384 0.998847 0.998671 0.999514 0.999993 1.00009 1.00005 1.00001 0.999996 0.999996 0.999999 1 1 1 1 1 1 
-2.76504e-16 2.76995e-16 -3.33349e-08 -1.46032e-07 -2.88609e-07 -8.86418e-08 1.23552e-06 3.89615e-06 4.3216e-06 -8.66952e-06 -4.74925e-05 -8.7466e-05 7.01813e-06 0.000485822 0.00132932 0.00115261 -0.00383747 -0.0169107 -0.0266733 0.016615 0.190572 0.5 0.809428 0.983385 1.02667 1.01691 1.00384 0.998847 0.998671 0.999514 0.999993 1.00009 1.00005 1.00001 0.999996 0.999996 0.999999 1 1 1 1 1 1 
-2.76995e-16 2.77431e-16 -3.33556e-08 -1.46108e-07 -2.88762e-07 -8.88123e-08 1.23555e-06 3.89677e-06 4.32311e-06 -8.6675e-06 -4.74918e-05 -8.74696e-05 7.007e-06 0.000485805 0.0013293 0.00115261 -0.00383743 -0.0169106 -0.0266732 0.0166151 0.190572 0.5 0.809428 0.983385 1.02667 1.01691 1.00384 0.998847 0.998671 0.999514 0.999993 1.00009 1.00005 1.00001 0.999996 0.999996 0.999999 1 1 1 1 1 1 
-2.77431e-16 2.77818e-16 -3.33738e-08 -1.46177e-07 -2.88903e-07 -8.89776e-08 1.23556e-06 3.89731e-06 4.32446e-06 -8.6656e-06 -4.74908e-05 -8.74726e-05 6.99731e-06 0.000485788 0.00132929 0.0011526 -0.00383741 -0.0169105 -0.0266731 0.0166153 0.190572 0.5 0.809428 0.983385 1.02667 1.01691 1.00384 0.998847 0.998671 0.999514 0.999993 1.00009 1.00005 1.00001 0.999996 0.999996 0.999999 1 1 1 1 1 1 
-2.77818e-16 2.7816e-16 -3.33899e-08 -1.46239e-07 -2.89034e-07 -8.9137e-08 1.23554e-06 3.89776e-06 4.32568e-06 -8.66383e-06 -4.74898e-05 -8.74749e-05 6.98893e-06 0.000485774 0.00132927 0.0011526 -0.00383739 -0.0169105 -0.026673 0.0166154 0.190572 0.5 0.809428 0.983385 1.02667 1.01691 1.00384 0.998847 0.998671 0.999514 0.999993 1.00009 1.00005 1.00001 0.999996 0.999996 0.999999 1 1 1 1 1 1 
-2.7816e-16 2.78462e-16 -3.34041e-08 -1.46295e-07 -2.89154e-07 -8.92899e-08 1.23551e-06 3.89814e-06 4.32676e-06 -8.66218e-06 -4.74887e-05 -8.74766e-05 6.98173e-06 0.000485761 0.00132926 0.00115259 -0.00383737 -0.0169104 -0.0266729 0.0166155 0.190572 0.5 0.809428 0.983385 1.02667 1.01691 1.00384 0.998847 0.998671 0.999514 0.999993 1.00009 1.00005 1.00001 0.999996 0.999996 0.999999 1 1 1 1 1 1 
-2.78462e-16 2.78729e-16 -3.34166e-08 -1.46345e-07 -2.89265e-07 -8.9436e-08 1.23546e-06 3.89846e-06 4.32773e-06 -8.66066e-06 -4.74876e-05 -8.7478e-05 6.97556e-06 0.000485749 0.00132924 0.00115259 -0.00383736 -0.0169104 -0.0266728 0.0166156 0.190573 0.5 0.809427 0.983384 1.02667 1.01691 1.00384 0.998847 0.998671 0.999514 0.999993 1.00009 1.00005 1.00001 0.999996 0.999996 0.999999 1 1 1 1 1 1 
-2.78729e-16 2.78964e-16 -3.34275e-08 -1.4639e-07 -2.89367e-07 -8.9575e-08 1.23541e-06 3.89873e-06 4.32858e-06 -8.65925e-06 -4.74864e-05 -8.74789e-05 6.97033e-06 0.000485739 0.00132923 0.00115258 -0.00383736 -0.0169104 -0.0266727 0.0166157 0.190573 0.5 0.809427 0.983384 1.02667 1.01691 1.00384 0.998847 0.998671 0.999514 0.999993 1.00009 1.00005 1.00001 0.999996 0.999996 0.999999 1 1 1 1 1 1 
-2.78964e-16 2.79171e-16 -3.34371e-08 -1.46431e-07 -2.8946e-07 -8.97067e-08 1.23534e-06 3.89895e-06 4.32934e-06 -8.65796e-06 -4.74853e-05 -8.74795e-05 6.96592e-06 0.000485729 0.00132922 0.00115257 -0.00383735 -0.0169103 -0.0266727 0.0166158 0.190573 0.5 0.809427 0.983384 1.02667 1.01691 1.00384 0.998847 0.998671 0.999514 0.999993 1.00009 1.00005 1.00001 0.999996 0.999996 0.999999 1 1 1 1 1 1 
-2.79171e-16 2.79352e-16 -3.34454e-08 -1.46467e-07 -2.89545e-07 -8.98311e-08 1.23527e-06 3.89913e-06 4.33e-06 -8.65678e-06 -4.74842e-05 -8.74798e-05 6.96223e-06 0.000485721 0.00132921 0.00115256 -0.00383735 -0.0169103 -0.0266726 0.0166159 0.190573 0.5 0.809427 0.983384 1.02667 1.01691 1.00384 0.998847 0.998671 0.999514 0.999993 1.00009 1.00005 1.00001 0.999996 0.999996 0.999999 1 1 1 1 1 1 
-2.79352e-16 2.79511e-16 -3.34527e-08 -1.465e-07 -2.89622e-07 -8.99483e-08 1.23519e-06 3.89927e-06 4.33059e-06 -8.65571e-06 -4.74831e-05 -8.74799e-05 6.95918e-06 0.000485714 0.0013292 0.00115255 -0.00383736 -0.0169103 -0.0266726 0.0166159 0.190573 0.5 0.809427 0.983384 1.02667 1.01691 1.00384 0.998847 0.998671 0.999514 0.999993 1.00009 1.00005 1.00001 0.999996 0.999996 0.999999 1 1 1 1 1 1 
-2.79511e-16 2.7965e-16 -3.3459e-08 -1.46529e-07 -2.89693e-07 -9.00582e-08 1.23511e-06 3.89938e-06 4.33109e-06 -8.65473e-06 -4.7482e-05 -8.74798e-05 6.9567e-06 0.000485707 0.00132919 0.00115254 -0.00383736 -0.0169103 -0.0266725 0.016616 0.190573 0.5 0.809427 0.983384 1.02667 1.01691 1.00384 0.998847 0.998671 0.999514 0.999993 1.00009 1.00005 1.00001 0.999996 0.999996 0.999999 1 1 1 1 1 1 
-2.7965e-16 2.7977e-16 -3.34644e-08 -1.46554e-07 -2.89758e-07 -9.01611e-08 1.23502e-06 3.89946e-06 4.33153e-06 -8.65385e-06 -4.7481e-05 -8.74796e-05 6.95469e-06 0.000485702 0.00132918 0.00115253 -0.00383736 -0.0169103 -0.0266725 0.0166161 0.190573 0.5 0.809427 0.983384 1.02667 1.01691 1.00384 0.998847 0.998671 0.999514 0.999993 1.00009 1.00005 1.00001 0.999996 0.999996 0.999999 1 1 1 1 1 1 
