No, norm, delta_time
1, 0.0437331, 0.5
2, 0.0437289, 0.5
3, 0.0438596, 0.5
4, 0.0442115, 0.5
5, 0.0448323, 0.5
6, 0.0457095, 0.5
7, 0.0467653, 0.5
8, 0.0478724, 0.5
9, 0.048885, 0.5
10, 0.0496717, 0.5
11, 0.0501418, 0.5
12, 0.0502586, 0.5
13, 0.0500402, 0.5
14, 0.0495481, 0.5
15, 0.0488691, 0.5
16, 0.0480945, 0.5
17, 0.0473006, 0.5
18, 0.0465378, 0.5
19, 0.0458281, 0.5
20, 0.0451709, 0.5
21, 0.0445533, 0.5
22, 0.0439607, 0.5
23, 0.0433833, 0.5
24, 0.0428184, 0.5
25, 0.0422685, 0.5
26, 0.0417385, 0.5
27, 0.0412315, 0.5
28, 0.0407482, 0.5
29, 0.0402862, 0.5
30, 0.039842, 0.5
31, 0.0394119, 0.5
32, 0.0389938, 0.5
33, 0.0385871, 0.5
34, 0.0381921, 0.5
35, 0.0378094, 0.5
36, 0.0374391, 0.5
37, 0.0370808, 0.5
38, 0.0367333, 0.5
39, 0.0363954, 0.5
40, 0.036066, 0.5
41, 0.0357446, 0.5
42, 0.035431, 0.5
43, 0.0351251, 0.5
44, 0.034827, 0.5
45, 0.0345364, 0.5
46, 0.0342528, 0.5
47, 0.0339758, 0.5
48, 0.0337048, 0.5
49, 0.0334395, 0.5
50, 0.0331796, 0.5
51, 0.0329251, 0.5
52, 0.0326758, 0.5
53, 0.0324317, 0.5
54, 0.0321925, 0.5
55, 0.0319579, 0.5
56, 0.0317277, 0.5
57, 0.0315017, 0.5
58, 0.0312795, 0.5
59, 0.0310611, 0.5
60, 0.0308463, 0.5
61, 0.0306348, 0.5
62, 0.0304262, 0.5
63, 0.03022, 0.5
64, 0.0300156, 0.5
65, 0.0298122, 0.5
66, 0.0296089, 0.5
67, 0.0294044, 0.5
68, 0.0291972, 0.5
69, 0.0289856, 0.5
70, 0.0287673, 0.5
71, 0.0285396, 0.5
72, 0.0282997, 0.5
73, 0.0280441, 0.5
74, 0.0277693, 0.5
75, 0.0274713, 0.5
76, 0.0271464, 0.5
77, 0.0267906, 0.5
78, 0.0264005, 0.5
79, 0.0259728, 0.5
80, 0.025505, 0.5
81, 0.0249954, 0.5
82, 0.024443, 0.5
83, 0.023848, 0.5
84, 0.0232115, 0.5
85, 0.0225357, 0.5
86, 0.0218236, 0.5
87, 0.0210791, 0.5
88, 0.0203069, 0.5
89, 0.0195121, 0.5
90, 0.0187002, 0.5
91, 0.017877, 0.5
92, 0.0170483, 0.5
93, 0.0162201, 0.5
94, 0.0153979, 0.5
95, 0.0145872, 0.5
96, 0.0137932, 0.5
97, 0.0130206, 0.5
98, 0.0122735, 0.5
99, 0.0115559, 0.5
100, 0.0108711, 0.5
101, 0.0102219, 0.5
102, 0.00961052, 0.5
103, 0.00903888, 0.5
104, 0.00850828, 0.5
105, 0.00801956, 0.5
106, 0.00757311, 0.5
107, 0.00716884, 0.5
108, 0.00680624, 0.5
109, 0.00648437, 0.5
110, 0.00620188, 0.5
111, 0.00595704, 0.5
112, 0.00574778, 0.5
113, 0.00557171, 0.5
114, 0.00542621, 0.5
115, 0.00530845, 0.5
116, 0.00521549, 0.5
117, 0.00514433, 0.5
118, 0.00509197, 0.5
119, 0.00505549, 0.5
120, 0.00503209, 0.5
121, 0.0050191, 0.5
122, 0.00501406, 0.5
123, 0.00501471, 0.5
124, 0.00501901, 0.5
125, 0.00502516, 0.5
126, 0.00503158, 0.5
127, 0.0050369, 0.5
128, 0.00504, 0.5
129, 0.00503997, 0.5
130, 0.00503611, 0.5
131, 0.00502795, 0.5
132, 0.00501525, 0.5
133, 0.00499798, 0.5
134, 0.00497634, 0.5
135, 0.00495076, 0.5
136, 0.00492189, 0.5
137, 0.00489058, 0.5
138, 0.00485786, 0.5
139, 0.00482487, 0.5
140, 0.00479286, 0.5
141, 0.00476306, 0.5
142, 0.00473666, 0.5
143, 0.00471473, 0.5
144, 0.00469812, 0.5
145, 0.00468746, 0.5
146, 0.00468307, 0.5
147, 0.00468498, 0.5
148, 0.00469294, 0.5
149, 0.00470641, 0.5
150, 0.00472465, 0.5
151, 0.00474678, 0.5
152, 0.0047718, 0.5
153, 0.00479868, 0.5
154, 0.00482644, 0.5
155, 0.00485419, 0.5
156, 0.00488115, 0.5
157, 0.00490674, 0.5
158, 0.00493056, 0.5
159, 0.00495242, 0.5
160, 0.00497234, 0.5
161, 0.00499054, 0.5
162, 0.00500738, 0.5
163, 0.00502333, 0.5
164, 0.00503895, 0.5
165, 0.00505477, 0.5
166, 0.00507131, 0.5
167, 0.00508897, 0.5
168, 0.00510807, 0.5
169, 0.0051288, 0.5
170, 0.00515124, 0.5
171, 0.00517538, 0.5
172, 0.00520117, 0.5
173, 0.00522849, 0.5
174, 0.00525721, 0.5
175, 0.00528719, 0.5
176, 0.00531825, 0.5
177, 0.00535017, 0.5
178, 0.00538264, 0.5
179, 0.00541527, 0.5
180, 0.00544753, 0.5
181, 0.00547881, 0.5
182, 0.00550843, 0.5
183, 0.00553563, 0.5
184, 0.00555969, 0.5
185, 0.00557991, 0.5
186, 0.00559562, 0.5
187, 0.00560621, 0.5
188, 0.00561106, 0.5
189, 0.00560943, 0.5
190, 0.00560041, 0.5
191, 0.00558279, 0.5
192, 0.005555, 0.5
193, 0.00551507, 0.5
194, 0.00546067, 0.5
195, 0.00538926, 0.5
196, 0.00529826, 0.5
197, 0.00518538, 0.5
198, 0.00504896, 0.5
199, 0.00488838, 0.5
200, 0.00470458, 0.5
201, 0.00450054, 0.5
202, 0.00428182, 0.5
203, 0.00405713, 0.5
204, 0.00383874, 0.5
205, 0.00364256, 0.5
206, 0.00348727, 0.5
207, 0.00339199, 0.5
208, 0.00337217, 0.5
209, 0.00343504, 0.5
210, 0.00357715, 0.5
211, 0.0037856, 0.5
212, 0.00404199, 0.5
213, 0.00432656, 0.5
214, 0.00462088, 0.5
215, 0.00490912, 0.5
216, 0.00517845, 0.5
217, 0.00541893, 0.5
218, 0.00562333, 0.5
219, 0.00578689, 0.5
220, 0.00590712, 0.5
221, 0.00598363, 0.5
222, 0.00601789, 0.5
223, 0.00601309, 0.5
224, 0.00597388, 0.5
225, 0.00590613, 0.5
226, 0.00581667, 0.5
227, 0.0057129, 0.5
228, 0.00560243, 0.5
229, 0.00549262, 0.5
230, 0.00539011, 0.5
231, 0.00530032, 0.5
232, 0.00522709, 0.5
233, 0.00517243, 0.5
234, 0.00513644, 0.5
235, 0.00511746, 0.5
236, 0.00511246, 0.5
237, 0.00511746, 0.5
238, 0.00512803, 0.5
239, 0.00513978, 0.5
240, 0.00514867, 0.5
241, 0.00515132, 0.5
242, 0.00514511, 0.5
243, 0.00512831, 0.5
244, 0.00510001, 0.5
245, 0.00506009, 0.5
246, 0.00500914, 0.5
247, 0.00494833, 0.5
248, 0.00487928, 0.5
249, 0.00480394, 0.5
250, 0.00472442, 0.5
251, 0.0046429, 0.5
252, 0.00456143, 0.5
253, 0.0044819, 0.5
254, 0.00440589, 0.5
255, 0.00433463, 0.5
256, 0.00426895, 0.5
257, 0.00420928, 0.5
258, 0.0041557, 0.5
259, 0.00410798, 0.5
260, 0.00406566, 0.5
261, 0.0040281, 0.5
262, 0.0039946, 0.5
263, 0.00396447, 0.5
264, 0.00393704, 0.5
265, 0.00391172, 0.5
266, 0.00388805, 0.5
267, 0.00386566, 0.5
268, 0.00384425, 0.5
269, 0.00382364, 0.5
270, 0.00380367, 0.5
271, 0.00378421, 0.5
272, 0.00376515, 0.5
273, 0.00374637, 0.5
274, 0.00372773, 0.5
275, 0.00370906, 0.5
276, 0.0036902, 0.5
277, 0.00367093, 0.5
278, 0.00365106, 0.5
279, 0.00363039, 0.5
280, 0.00360873, 0.5
281, 0.00358593, 0.5
282, 0.00356187, 0.5
283, 0.00353645, 0.5
284, 0.00350964, 0.5
285, 0.00348148, 0.5
286, 0.00345204, 0.5
287, 0.00342147, 0.5
288, 0.00338999, 0.5
289, 0.00335785, 0.5
290, 0.00332538, 0.5
291, 0.00329295, 0.5
292, 0.00326092, 0.5
293, 0.00322968, 0.5
294, 0.00319957, 0.5
295, 0.00317087, 0.5
296, 0.00314377, 0.5
297, 0.00311837, 0.5
298, 0.0030946, 0.5
299, 0.00307229, 0.5
300, 0.00305108, 0.5
301, 0.00303053, 0.5
302, 0.00301007, 0.5
303, 0.00298906, 0.5
304, 0.00296685, 0.5
305, 0.00294276, 0.5
306, 0.00291619, 0.5
307, 0.00288661, 0.5
308, 0.00285363, 0.5
309, 0.00281697, 0.5
310, 0.00277651, 0.5
311, 0.00273232, 0.5
312, 0.00268459, 0.5
313, 0.00263367, 0.5
314, 0.00258004, 0.5
315, 0.00252429, 0.5
316, 0.0024671, 0.5
317, 0.00240917, 0.5
318, 0.00235126, 0.5
319, 0.00229411, 0.5
320, 0.00223841, 0.5
321, 0.0021848, 0.5
322, 0.00213384, 0.5
323, 0.00208598, 0.5
324, 0.00204154, 0.5
325, 0.00200075, 0.5
326, 0.00196368, 0.5
327, 0.00193032, 0.5
328, 0.00190053, 0.5
329, 0.00187411, 0.5
330, 0.00185078, 0.5
331, 0.00183025, 0.5
332, 0.00181217, 0.5
333, 0.00179624, 0.5
334, 0.00178214, 0.5
335, 0.00176961, 0.5
336, 0.0017584, 0.5
337, 0.00174831, 0.5
338, 0.00173915, 0.5
339, 0.00173078, 0.5
340, 0.00172305, 0.5
341, 0.00171583, 0.5
342, 0.00170897, 0.5
343, 0.00170232, 0.5
344, 0.00169574, 0.5
345, 0.00168908, 0.5
346, 0.00168218, 0.5
347, 0.00167492, 0.5
348, 0.0016672, 0.5
349, 0.00165896, 0.5
350, 0.00165018, 0.5
351, 0.00164089, 0.5
352, 0.0016312, 0.5
353, 0.00162123, 0.5
354, 0.00161116, 0.5
355, 0.00160121, 0.5
356, 0.00159157, 0.5
357, 0.00158247, 0.5
358, 0.00157408, 0.5
359, 0.00156654, 0.5
360, 0.00155994, 0.5
361, 0.00155431, 0.5
362, 0.00154958, 0.5
363, 0.00154565, 0.5
364, 0.00154234, 0.5
365, 0.00153943, 0.5
366, 0.00153665, 0.5
367, 0.00153372, 0.5
368, 0.00153033, 0.5
369, 0.0015262, 0.5
370, 0.00152108, 0.5
371, 0.00151476, 0.5
372, 0.00150707, 0.5
373, 0.0014979, 0.5
374, 0.00148723, 0.5
375, 0.00147508, 0.5
376, 0.00146157, 0.5
377, 0.00144684, 0.5
378, 0.00143111, 0.5
379, 0.00141462, 0.5
380, 0.00139764, 0.5
381, 0.00138043, 0.5
382, 0.00136325, 0.5
383, 0.00134633, 0.5
384, 0.00132988, 0.5
385, 0.00131406, 0.5
386, 0.001299, 0.5
387, 0.00128483, 0.5
388, 0.00127167, 0.5
389, 0.00125962, 0.5
390, 0.00124885, 0.5
391, 0.00123953, 0.5
392, 0.00123189, 0.5
393, 0.00122616, 0.5
394, 0.00122262, 0.5
395, 0.00122152, 0.5
396, 0.00122304, 0.5
397, 0.00122729, 0.5
398, 0.00123426, 0.5
399, 0.00124377, 0.5
400, 0.00125548, 0.5
401, 0.00126891, 0.5
402, 0.00128338, 0.5
403, 0.00129815, 0.5
404, 0.00131238, 0.5
405, 0.0013252, 0.5
406, 0.0013358, 0.5
407, 0.0013434, 0.5
408, 0.00134737, 0.5
409, 0.00134721, 0.5
410, 0.00134262, 0.5
411, 0.00133347, 0.5
412, 0.00131988, 0.5
413, 0.00130213, 0.5
414, 0.00128074, 0.5
415, 0.00125637, 0.5
416, 0.00122983, 0.5
417, 0.00120202, 0.5
418, 0.00117386, 0.5
419, 0.00114621, 0.5
420, 0.00111982, 0.5
421, 0.00109526, 0.5
422, 0.00107283, 0.5
423, 0.0010526, 0.5
424, 0.00103434, 0.5
425, 0.0010176, 0.5
426, 0.00100178, 0.5
427, 0.000986202, 0.5
428, 0.000970202, 0.5
429, 0.000953226, 0.5
430, 0.000934903, 0.5
431, 0.000915102, 0.5
432, 0.000893974, 0.5
433, 0.000871972, 0.5
434, 0.000849848, 0.5
435, 0.000828622, 0.5
436, 0.000809518, 0.5
437, 0.000793871, 0.5
438, 0.00078298, 0.5
439, 0.000777957, 0.5
440, 0.000779559, 0.5
441, 0.000788085, 0.5
442, 0.000803336, 0.5
443, 0.000824674, 0.5
444, 0.000851141, 0.5
445, 0.000881613, 0.5
446, 0.000914938, 0.5
447, 0.000950045, 0.5
448, 0.000986015, 0.5
449, 0.00102211, 0.5
450, 0.00105778, 0.5
451, 0.00109266, 0.5
452, 0.00112651, 0.5
453, 0.00115923, 0.5
454, 0.00119077, 0.5
455, 0.00122111, 0.5
456, 0.00125026, 0.5
457, 0.00127816, 0.5
458, 0.00130472, 0.5
459, 0.00132977, 0.5
460, 0.0013531, 0.5
461, 0.0013744, 0.5
462, 0.00139334, 0.5
463, 0.00140955, 0.5
464, 0.00142266, 0.5
465, 0.0014323, 0.5
466, 0.00143817, 0.5
467, 0.00144002, 0.5
468, 0.00143767, 0.5
469, 0.00143105, 0.5
470, 0.00142019, 0.5
471, 0.00140522, 0.5
472, 0.0013864, 0.5
473, 0.0013641, 0.5
474, 0.00133877, 0.5
475, 0.00131096, 0.5
476, 0.00128132, 0.5
477, 0.00125052, 0.5
478, 0.00121928, 0.5
479, 0.00118832, 0.5
480, 0.00115833, 0.5
481, 0.00112995, 0.5
482, 0.00110373, 0.5
483, 0.00108007, 0.5
484, 0.00105928, 0.5
485, 0.00104146, 0.5
486, 0.0010266, 0.5
487, 0.00101455, 0.5
488, 0.00100503, 0.5
489, 0.000997696, 0.5
490, 0.000992167, 0.5
491, 0.000988053, 0.5
492, 0.000984995, 0.5
493, 0.000982679, 0.5
494, 0.000980857, 0.5
495, 0.000979347, 0.5
496, 0.000978028, 0.5
497, 0.000976833, 0.5
498, 0.000975732, 0.5
499, 0.000974713, 0.5
500, 0.000973769, 0.5
501, 0.000972877, 0.5
502, 0.00097199, 0.5
503, 0.000971026, 0.5
504, 0.000969869, 0.5
505, 0.000968372, 0.5
506, 0.000966363, 0.5
507, 0.000963659, 0.5
508, 0.000960082, 0.5
509, 0.000955468, 0.5
510, 0.000949687, 0.5
511, 0.000942656, 0.5
512, 0.000934344, 0.5
513, 0.000924785, 0.5
514, 0.000914078, 0.5
515, 0.000902387, 0.5
516, 0.000889941, 0.5
517, 0.000877018, 0.5
518, 0.000863943, 0.5
519, 0.000851066, 0.5
520, 0.000838749, 0.5
521, 0.000827346, 0.5
522, 0.000817183, 0.5
523, 0.000808538, 0.5
524, 0.000801626, 0.5
525, 0.000796586, 0.5
526, 0.000793472, 0.5
527, 0.00079225, 0.5
528, 0.000792805, 0.5
529, 0.000794946, 0.5
530, 0.000798417, 0.5
531, 0.000802916, 0.5
532, 0.000808102, 0.5
533, 0.000813616, 0.5
534, 0.000819087, 0.5
535, 0.000824148, 0.5
536, 0.000828441, 0.5
537, 0.000831626, 0.5
538, 0.000833391, 0.5
539, 0.000833455, 0.5
540, 0.000831578, 0.5
541, 0.000827567, 0.5
542, 0.000821284, 0.5
543, 0.000812651, 0.5
544, 0.000801662, 0.5
545, 0.00078839, 0.5
546, 0.000772994, 0.5
547, 0.00075573, 0.5
548, 0.000736955, 0.5
549, 0.000717136, 0.5
550, 0.000696849, 0.5
551, 0.000676776, 0.5
552, 0.000657689, 0.5
553, 0.000640422, 0.5
554, 0.00062582, 0.5
555, 0.000614677, 0.5
556, 0.000607641, 0.5
557, 0.00060514, 0.5
558, 0.000607302, 0.5
559, 0.000613927, 0.5
560, 0.000624495, 0.5
561, 0.000638225, 0.5
562, 0.000654145, 0.5
563, 0.000671184, 0.5
564, 0.000688246, 0.5
565, 0.000704269, 0.5
566, 0.000718272, 0.5
567, 0.000729391, 0.5
568, 0.000736895, 0.5
569, 0.000740214, 0.5
570, 0.000738949, 0.5
571, 0.000732889, 0.5
572, 0.000722029, 0.5
573, 0.000706584, 0.5
574, 0.000687009, 0.5
575, 0.000664016, 0.5
576, 0.000638593, 0.5
577, 0.000612003, 0.5
578, 0.000585778, 0.5
579, 0.000561661, 0.5
580, 0.000541483, 0.5
581, 0.000526954, 0.5
582, 0.00051938, 0.5
583, 0.000519383, 0.5
584, 0.000526729, 0.5
585, 0.000540376, 0.5
586, 0.000558687, 0.5
587, 0.000579734, 0.5
588, 0.000601563, 0.5
589, 0.000622383, 0.5
590, 0.000640666, 0.5
591, 0.000655192, 0.5
592, 0.00066507, 0.5
593, 0.00066973, 0.5
594, 0.000668924, 0.5
595, 0.000662711, 0.5
596, 0.000651454, 0.5
597, 0.000635801, 0.5
598, 0.000616675, 0.5
599, 0.000595244, 0.5
600, 0.000572875, 0.5
601, 0.000551066, 0.5
602, 0.000531325, 0.5
603, 0.000515019, 0.5
604, 0.000503181, 0.5
605, 0.000496335, 0.5
606, 0.000494395, 0.5
607, 0.000496685, 0.5
608, 0.000502075, 0.5
609, 0.000509193, 0.5
610, 0.000516632, 0.5
611, 0.000523117, 0.5
612, 0.000527612, 0.5
613, 0.000529381, 0.5
614, 0.000528009, 0.5
615, 0.000523406, 0.5
616, 0.000515793, 0.5
617, 0.000505676, 0.5
618, 0.000493813, 0.5
619, 0.000481158, 0.5
620, 0.00046878, 0.5
621, 0.000457765, 0.5
622, 0.000449074, 0.5
623, 0.000443409, 0.5
624, 0.000441095, 0.5
625, 0.000442016, 0.5
626, 0.000445648, 0.5
627, 0.00045115, 0.5
628, 0.000457509, 0.5
629, 0.00046368, 0.5
630, 0.000468702, 0.5
631, 0.000471778, 0.5
632, 0.000472326, 0.5
633, 0.000470004, 0.5
634, 0.000464715, 0.5
635, 0.000456609, 0.5
636, 0.000446069, 0.5
637, 0.000433694, 0.5
638, 0.000420268, 0.5
639, 0.000406718, 0.5
640, 0.000394044, 0.5
641, 0.000383224, 0.5
642, 0.000375099, 0.5
643, 0.000370246, 0.5
644, 0.000368879, 0.5
645, 0.000370816, 0.5
646, 0.000375516, 0.5
647, 0.00038219, 0.5
648, 0.000389928, 0.5
649, 0.000397822, 0.5
650, 0.000405052, 0.5
651, 0.000410948, 0.5
652, 0.000415009, 0.5
653, 0.000416919, 0.5
654, 0.000416542, 0.5
655, 0.000413908, 0.5
656, 0.000409206, 0.5
657, 0.000402758, 0.5
658, 0.000395004, 0.5
659, 0.000386466, 0.5
660, 0.000377722, 0.5
661, 0.000369354, 0.5
662, 0.000361908, 0.5
663, 0.000355832, 0.5
664, 0.000351432, 0.5
665, 0.000348838, 0.5
666, 0.00034799, 0.5
667, 0.000348656, 0.5
668, 0.000350475, 0.5
669, 0.000353009, 0.5
670, 0.000355801, 0.5
671, 0.000358427, 0.5
672, 0.000360533, 0.5
673, 0.000361865, 0.5
674, 0.000362282, 0.5
675, 0.000361762, 0.5
676, 0.000360398, 0.5
677, 0.000358391, 0.5
678, 0.000356025, 0.5
679, 0.00035365, 0.5
680, 0.00035164, 0.5
681, 0.000350362, 0.5
682, 0.00035013, 0.5
683, 0.000351172, 0.5
684, 0.0003536, 0.5
685, 0.000357397, 0.5
686, 0.00036243, 0.5
687, 0.000368461, 0.5
688, 0.000375187, 0.5
689, 0.000382271, 0.5
690, 0.000389378, 0.5
691, 0.000396202, 0.5
692, 0.000402486, 0.5
693, 0.000408035, 0.5
694, 0.000412723, 0.5
695, 0.00041649, 0.5
696, 0.000419338, 0.5
697, 0.000421324, 0.5
698, 0.000422545, 0.5
699, 0.000423124, 0.5
700, 0.000423198, 0.5
701, 0.0004229, 0.5
702, 0.000422349, 0.5
703, 0.000421634, 0.5
704, 0.000420816, 0.5
705, 0.000419914, 0.5
706, 0.000418918, 0.5
707, 0.000417785, 0.5
708, 0.000416454, 0.5
709, 0.000414852, 0.5
710, 0.000412906, 0.5
711, 0.000410552, 0.5
712, 0.000407746, 0.5
713, 0.000404461, 0.5
714, 0.0004007, 0.5
715, 0.000396484, 0.5
716, 0.00039186, 0.5
717, 0.000386887, 0.5
718, 0.000381634, 0.5
719, 0.000376171, 0.5
720, 0.000370562, 0.5
721, 0.000364863, 0.5
722, 0.000359111, 0.5
723, 0.000353332, 0.5
724, 0.000347533, 0.5
725, 0.000341712, 0.5
726, 0.00033586, 0.5
727, 0.000329969, 0.5
728, 0.000324036, 0.5
729, 0.000318069, 0.5
730, 0.000312095, 0.5
731, 0.000306159, 0.5
732, 0.000300327, 0.5
733, 0.000294683, 0.5
734, 0.00028933, 0.5
735, 0.000284384, 0.5
736, 0.000279967, 0.5
737, 0.000276204, 0.5
738, 0.000273213, 0.5
739, 0.000271098, 0.5
740, 0.00026994, 0.5
741, 0.000269789, 0.5
742, 0.00027066, 0.5
743, 0.000272523, 0.5
744, 0.000275303, 0.5
745, 0.000278881, 0.5
746, 0.000283093, 0.5
747, 0.000287739, 0.5
748, 0.000292591, 0.5
749, 0.000297401, 0.5
750, 0.000301911, 0.5
751, 0.000305871, 0.5
752, 0.000309043, 0.5
753, 0.000311217, 0.5
754, 0.000312222, 0.5
755, 0.000311935, 0.5
756, 0.000310289, 0.5
757, 0.000307281, 0.5
758, 0.000302979, 0.5
759, 0.00029752, 0.5
760, 0.000291113, 0.5
761, 0.000284029, 0.5
762, 0.00027659, 0.5
763, 0.000269152, 0.5
764, 0.000262077, 0.5
765, 0.000255694, 0.5
766, 0.000250269, 0.5
767, 0.000245965, 0.5
768, 0.000242817, 0.5
769, 0.000240726, 0.5
770, 0.000239473, 0.5
771, 0.000238751, 0.5
772, 0.000238207, 0.5
773, 0.000237493, 0.5
774, 0.000236303, 0.5
775, 0.000234406, 0.5
776, 0.000231677, 0.5
777, 0.000228105, 0.5
778, 0.000223804, 0.5
779, 0.000219012, 0.5
780, 0.000214077, 0.5
781, 0.000209433, 0.5
782, 0.000205551, 0.5
783, 0.000202883, 0.5
784, 0.000201785, 0.5
785, 0.000202445, 0.5
786, 0.000204845, 0.5
787, 0.00020875, 0.5
788, 0.000213755, 0.5
789, 0.000219344, 0.5
790, 0.000224963, 0.5
791, 0.000230077, 0.5
792, 0.000234216, 0.5
793, 0.000236999, 0.5
794, 0.000238154, 0.5
795, 0.000237527, 0.5
796, 0.000235082, 0.5
797, 0.000230905, 0.5
798, 0.000225198, 0.5
799, 0.00021828, 0.5
800, 0.000210571, 0.5
801, 0.000202581, 0.5
802, 0.000194876, 0.5
803, 0.000188039, 0.5
804, 0.0001826, 0.5
805, 0.000178964, 0.5
806, 0.00017733, 0.5
807, 0.000177663, 0.5
808, 0.000179695, 0.5
809, 0.000182991, 0.5
810, 0.000187033, 0.5
811, 0.000191301, 0.5
812, 0.00019533, 0.5
813, 0.000198753, 0.5
814, 0.000201309, 0.5
815, 0.000202856, 0.5
816, 0.000203359, 0.5
817, 0.000202886, 0.5
818, 0.000201591, 0.5
819, 0.0001997, 0.5
820, 0.000197487, 0.5
821, 0.000195245, 0.5
822, 0.00019326, 0.5
823, 0.000191772, 0.5
824, 0.000190952, 0.5
825, 0.000190871, 0.5
826, 0.000191498, 0.5
827, 0.000192704, 0.5
828, 0.00019428, 0.5
829, 0.00019597, 0.5
830, 0.000197497, 0.5
831, 0.000198595, 0.5
832, 0.000199027, 0.5
833, 0.000198604, 0.5
834, 0.000197197, 0.5
835, 0.000194743, 0.5
836, 0.000191249, 0.5
837, 0.000186794, 0.5
838, 0.000181532, 0.5
839, 0.00017569, 0.5
840, 0.000169563, 0.5
841, 0.00016351, 0.5
842, 0.000157932, 0.5
843, 0.000153244, 0.5
844, 0.000149834, 0.5
845, 0.000148002, 0.5
846, 0.00014791, 0.5
847, 0.000149546, 0.5
848, 0.000152724, 0.5
849, 0.000157123, 0.5
850, 0.00016234, 0.5
851, 0.000167943, 0.5
852, 0.000173517, 0.5
853, 0.000178689, 0.5
854, 0.000183144, 0.5
855, 0.000186632, 0.5
856, 0.000188969, 0.5
857, 0.000190035, 0.5
858, 0.000189773, 0.5
859, 0.000188184, 0.5
860, 0.000185327, 0.5
861, 0.000181311, 0.5
862, 0.000176294, 0.5
863, 0.000170479, 0.5
864, 0.000164104, 0.5
865, 0.000157441, 0.5
866, 0.000150782, 0.5
867, 0.000144433, 0.5
868, 0.000138691, 0.5
869, 0.000133829, 0.5
870, 0.000130072, 0.5
871, 0.000127571, 0.5
872, 0.00012639, 0.5
873, 0.000126502, 0.5
874, 0.0001278, 0.5
875, 0.000130119, 0.5
876, 0.000133264, 0.5
877, 0.000137028, 0.5
878, 0.000141211, 0.5
879, 0.000145628, 0.5
880, 0.000150106, 0.5
881, 0.000154486, 0.5
882, 0.000158621, 0.5
883, 0.000162366, 0.5
884, 0.000165585, 0.5
885, 0.000168148, 0.5
886, 0.000169934, 0.5
887, 0.000170833, 0.5
888, 0.000170758, 0.5
889, 0.000169642, 0.5
890, 0.000167455, 0.5
891, 0.000164203, 0.5
892, 0.000159939, 0.5
893, 0.000154771, 0.5
894, 0.000148869, 0.5
895, 0.000142469, 0.5
896, 0.000135881, 0.5
897, 0.000129488, 0.5
898, 0.000123731, 0.5
899, 0.000119084, 0.5
900, 0.000115989, 0.5
901, 0.000114781, 0.5
902, 0.000115607, 0.5
903, 0.000118383, 0.5
904, 0.000122819, 0.5
905, 0.000128489, 0.5
906, 0.000134912, 0.5
907, 0.000141615, 0.5
908, 0.000148174, 0.5
909, 0.000154231, 0.5
910, 0.000159492, 0.5
911, 0.000163729, 0.5
912, 0.000166775, 0.5
913, 0.00016852, 0.5
914, 0.000168906, 0.5
915, 0.000167927, 0.5
916, 0.000165627, 0.5
917, 0.000162103, 0.5
918, 0.000157506, 0.5
919, 0.000152044, 0.5
920, 0.000145991, 0.5
921, 0.000139687, 0.5
922, 0.000133541, 0.5
923, 0.000128018, 0.5
924, 0.000123607, 0.5
925, 0.000120764, 0.5
926, 0.000119831, 0.5
927, 0.000120951, 0.5
928, 0.000124029, 0.5
929, 0.000128751, 0.5
930, 0.000134654, 0.5
931, 0.00014121, 0.5
932, 0.000147892, 0.5
933, 0.000154216, 0.5
934, 0.000159764, 0.5
935, 0.000164192, 0.5
936, 0.000167236, 0.5
937, 0.00016871, 0.5
938, 0.000168514, 0.5
939, 0.000166636, 0.5
940, 0.000163154, 0.5
941, 0.000158247, 0.5
942, 0.000152198, 0.5
943, 0.000145404, 0.5
944, 0.000138374, 0.5
945, 0.000131719, 0.5
946, 0.000126113, 0.5
947, 0.000122203, 0.5
948, 0.000120485, 0.5
949, 0.000121166, 0.5
950, 0.000124092, 0.5
951, 0.000128793, 0.5
952, 0.000134606, 0.5
953, 0.000140814, 0.5
954, 0.000146742, 0.5
955, 0.000151817, 0.5
956, 0.00015558, 0.5
957, 0.000157697, 0.5
958, 0.000157956, 0.5
959, 0.000156262, 0.5
960, 0.00015264, 0.5
961, 0.000147236, 0.5
962, 0.000140321, 0.5
963, 0.000132298, 0.5
964, 0.000123718, 0.5
965, 0.000115277, 0.5
966, 0.000107802, 0.5
967, 0.000102173, 0.5
968, 9.91463e-05, 0.5
969, 9.91141e-05, 0.5
970, 0.00010194, 0.5
971, 0.000107007, 0.5
972, 0.000113447, 0.5
973, 0.000120367, 0.5
974, 0.000126991, 0.5
975, 0.000132705, 0.5
976, 0.000137058, 0.5
977, 0.000139749, 0.5
978, 0.000140614, 0.5
979, 0.000139615, 0.5
980, 0.000136834, 0.5
981, 0.000132471, 0.5
982, 0.000126843, 0.5
983, 0.000120387, 0.5
984, 0.000113659, 0.5
985, 0.00010732, 0.5
986, 0.000102088, 0.5
987, 9.8636e-05, 0.5
988, 9.74386e-05, 0.5
989, 9.86222e-05, 0.5
990, 0.000101922, 0.5
991, 0.000106779, 0.5
992, 0.000112507, 0.5
993, 0.000118436, 0.5
994, 0.000123993, 0.5
995, 0.00012873, 0.5
996, 0.000132323, 0.5
997, 0.000134569, 0.5
998, 0.000135372, 0.5
999, 0.000134736, 0.5
1000, 0.000132757, 0.5
1001, 0.000129617, 0.5
1002, 0.000125579, 0.5
1003, 0.000120975, 0.5
1004, 0.000116197, 0.5
1005, 0.000111672, 0.5
1006, 0.000107824, 0.5
1007, 0.000105024, 0.5
1008, 0.000103522, 0.5
1009, 0.0001034, 0.5
1010, 0.000104554, 0.5
1011, 0.00010672, 0.5
1012, 0.00010954, 0.5
1013, 0.000112621, 0.5
1014, 0.000115594, 0.5
1015, 0.000118143, 0.5
1016, 0.000120023, 0.5
1017, 0.000121063, 0.5
1018, 0.000121166, 0.5
1019, 0.000120307, 0.5
1020, 0.000118524, 0.5
1021, 0.000115923, 0.5
1022, 0.000112662, 0.5
1023, 0.000108956, 0.5
1024, 0.000105061, 0.5
1025, 0.000101267, 0.5
1026, 9.78734e-05, 0.5
1027, 9.51609e-05, 0.5
1028, 9.33549e-05, 0.5
1029, 9.25861e-05, 0.5
1030, 9.28663e-05, 0.5
1031, 9.40872e-05, 0.5
1032, 9.60439e-05, 0.5
1033, 9.84746e-05, 0.5
1034, 0.000101101, 0.5
1035, 0.00010366, 0.5
1036, 0.000105926, 0.5
1037, 0.00010772, 0.5
1038, 0.000108914, 0.5
1039, 0.000109435, 0.5
1040, 0.000109259, 0.5
1041, 0.00010841, 0.5
1042, 0.000106956, 0.5
1043, 0.000105004, 0.5
1044, 0.000102695, 0.5
1045, 0.000100191, 0.5
1046, 9.76689e-05, 0.5
1047, 9.53013e-05, 0.5
1048, 9.32427e-05, 0.5
1049, 9.16108e-05, 0.5
1050, 9.04718e-05, 0.5
1051, 8.98329e-05, 0.5
1052, 8.96437e-05, 0.5
1053, 8.9807e-05, 0.5
1054, 9.01968e-05, 0.5
1055, 9.06775e-05, 0.5
1056, 9.11227e-05, 0.5
1057, 9.14287e-05, 0.5
1058, 9.15243e-05, 0.5
1059, 9.13752e-05, 0.5
1060, 9.09849e-05, 0.5
1061, 9.03913e-05, 0.5
1062, 8.96613e-05, 0.5
1063, 8.88811e-05, 0.5
1064, 8.81457e-05, 0.5
1065, 8.75451e-05, 0.5
1066, 8.71517e-05, 0.5
1067, 8.7009e-05, 0.5
1068, 8.71242e-05, 0.5
1069, 8.74675e-05, 0.5
1070, 8.79758e-05, 0.5
1071, 8.85626e-05, 0.5
1072, 8.91293e-05, 0.5
1073, 8.95776e-05, 0.5
1074, 8.98205e-05, 0.5
1075, 8.97905e-05, 0.5
1076, 8.94456e-05, 0.5
1077, 8.87726e-05, 0.5
1078, 8.77876e-05, 0.5
1079, 8.65348e-05, 0.5
1080, 8.50824e-05, 0.5
1081, 8.35173e-05, 0.5
1082, 8.19372e-05, 0.5
1083, 8.0441e-05, 0.5
1084, 7.9119e-05, 0.5
1085, 7.80428e-05, 0.5
1086, 7.72572e-05, 0.5
1087, 7.67761e-05, 0.5
1088, 7.65826e-05, 0.5
1089, 7.66344e-05, 0.5
1090, 7.68713e-05, 0.5
1091, 7.72253e-05, 0.5
1092, 7.76295e-05, 0.5
1093, 7.80253e-05, 0.5
1094, 7.83667e-05, 0.5
1095, 7.8622e-05, 0.5
1096, 7.87739e-05, 0.5
1097, 7.88163e-05, 0.5
1098, 7.87521e-05, 0.5
1099, 7.85887e-05, 0.5
1100, 7.83352e-05, 0.5
1101, 7.8e-05, 0.5
1102, 7.75892e-05, 0.5
1103, 7.71067e-05, 0.5
1104, 7.6556e-05, 0.5
1105, 7.59419e-05, 0.5
1106, 7.52731e-05, 0.5
1107, 7.45646e-05, 0.5
1108, 7.38387e-05, 0.5
1109, 7.31247e-05, 0.5
1110, 7.24572e-05, 0.5
1111, 7.18713e-05, 0.5
1112, 7.13975e-05, 0.5
1113, 7.10555e-05, 0.5
1114, 7.08477e-05, 0.5
1115, 7.0756e-05, 0.5
1116, 7.07401e-05, 0.5
1117, 7.07402e-05, 0.5
1118, 7.06818e-05, 0.5
1119, 7.04837e-05, 0.5
1120, 7.00665e-05, 0.5
1121, 6.93621e-05, 0.5
1122, 6.8322e-05, 0.5
1123, 6.69252e-05, 0.5
1124, 6.51851e-05, 0.5
1125, 6.31549e-05, 0.5
1126, 6.09312e-05, 0.5
1127, 5.86549e-05, 0.5
1128, 5.65064e-05, 0.5
1129, 5.46917e-05, 0.5
1130, 5.34158e-05, 0.5
1131, 5.28449e-05, 0.5
1132, 5.30651e-05, 0.5
1133, 5.40558e-05, 0.5
1134, 5.56914e-05, 0.5
1135, 5.77687e-05, 0.5
1136, 6.00469e-05, 0.5
1137, 6.22832e-05, 0.5
1138, 6.42572e-05, 0.5
1139, 6.57858e-05, 0.5
1140, 6.67299e-05, 0.5
1141, 6.69981e-05, 0.5
1142, 6.65486e-05, 0.5
1143, 6.53902e-05, 0.5
1144, 6.35836e-05, 0.5
1145, 6.12427e-05, 0.5
1146, 5.85351e-05, 0.5
1147, 5.56807e-05, 0.5
1148, 5.29435e-05, 0.5
1149, 5.06119e-05, 0.5
1150, 4.89596e-05, 0.5
1151, 4.81884e-05, 0.5
1152, 4.83715e-05, 0.5
1153, 4.94283e-05, 0.5
1154, 5.11491e-05, 0.5
1155, 5.32528e-05, 0.5
1156, 5.54468e-05, 0.5
1157, 5.74677e-05, 0.5
1158, 5.91025e-05, 0.5
1159, 6.01957e-05, 0.5
1160, 6.06505e-05, 0.5
1161, 6.04282e-05, 0.5
1162, 5.95461e-05, 0.5
1163, 5.80773e-05, 0.5
1164, 5.61494e-05, 0.5
1165, 5.39434e-05, 0.5
1166, 5.16881e-05, 0.5
1167, 4.96472e-05, 0.5
1168, 4.80912e-05, 0.5
1169, 4.72525e-05, 0.5
1170, 4.7271e-05, 0.5
1171, 4.81551e-05, 0.5
1172, 4.97798e-05, 0.5
1173, 5.19244e-05, 0.5
1174, 5.43264e-05, 0.5
1175, 5.67261e-05, 0.5
1176, 5.88944e-05, 0.5
1177, 6.06446e-05, 0.5
1178, 6.18365e-05, 0.5
1179, 6.23747e-05, 0.5
1180, 6.22074e-05, 0.5
1181, 6.13234e-05, 0.5
1182, 5.97508e-05, 0.5
1183, 5.75557e-05, 0.5
1184, 5.48419e-05, 0.5
1185, 5.17516e-05, 0.5
1186, 4.8467e-05, 0.5
1187, 4.52104e-05, 0.5
1188, 4.22398e-05, 0.5
1189, 3.98314e-05, 0.5
1190, 3.82395e-05, 0.5
1191, 3.76355e-05, 0.5
1192, 3.80503e-05, 0.5
1193, 3.93611e-05, 0.5
1194, 4.13363e-05, 0.5
1195, 4.37039e-05, 0.5
1196, 4.62055e-05, 0.5
1197, 4.86235e-05, 0.5
1198, 5.07872e-05, 0.5
1199, 5.25704e-05, 0.5
1200, 5.38863e-05, 0.5
1201, 5.46814e-05, 0.5
1202, 5.49322e-05, 0.5
1203, 5.46413e-05, 0.5
1204, 5.38355e-05, 0.5
1205, 5.25642e-05, 0.5
1206, 5.08981e-05, 0.5
1207, 4.89287e-05, 0.5
1208, 4.67667e-05, 0.5
1209, 4.45403e-05, 0.5
1210, 4.23907e-05, 0.5
1211, 4.04641e-05, 0.5
1212, 3.8898e-05, 0.5
1213, 3.78026e-05, 0.5
1214, 3.72406e-05, 0.5
1215, 3.72136e-05, 0.5
1216, 3.76624e-05, 0.5
1217, 3.84824e-05, 0.5
1218, 3.95463e-05, 0.5
1219, 4.07268e-05, 0.5
1220, 4.19123e-05, 0.5
1221, 4.30158e-05, 0.5
1222, 4.39781e-05, 0.5
1223, 4.47672e-05, 0.5
1224, 4.53761e-05, 0.5
1225, 4.58184e-05, 0.5
1226, 4.61234e-05, 0.5
1227, 4.63297e-05, 0.5
1228, 4.64786e-05, 0.5
1229, 4.66071e-05, 0.5
1230, 4.67414e-05, 0.5
1231, 4.68926e-05, 0.5
1232, 4.70542e-05, 0.5
1233, 4.7203e-05, 0.5
1234, 4.73023e-05, 0.5
1235, 4.73078e-05, 0.5
1236, 4.71745e-05, 0.5
1237, 4.68631e-05, 0.5
1238, 4.63473e-05, 0.5
1239, 4.56194e-05, 0.5
1240, 4.46948e-05, 0.5
1241, 4.36153e-05, 0.5
1242, 4.24506e-05, 0.5
1243, 4.12967e-05, 0.5
1244, 4.02697e-05, 0.5
1245, 3.94941e-05, 0.5
1246, 3.90845e-05, 0.5
1247, 3.9123e-05, 0.5
1248, 3.96398e-05, 0.5
1249, 4.06045e-05, 0.5
1250, 4.19315e-05, 0.5
1251, 4.34968e-05, 0.5
1252, 4.51583e-05, 0.5
1253, 4.67746e-05, 0.5
1254, 4.82169e-05, 0.5
1255, 4.93774e-05, 0.5
1256, 5.01734e-05, 0.5
1257, 5.05491e-05, 0.5
1258, 5.04765e-05, 0.5
1259, 4.99556e-05, 0.5
1260, 4.90138e-05, 0.5
1261, 4.77055e-05, 0.5
1262, 4.61107e-05, 0.5
1263, 4.43331e-05, 0.5
1264, 4.24972e-05, 0.5
1265, 4.07414e-05, 0.5
1266, 3.92084e-05, 0.5
1267, 3.80296e-05, 0.5
1268, 3.73057e-05, 0.5
1269, 3.70885e-05, 0.5
1270, 3.73714e-05, 0.5
1271, 3.80926e-05, 0.5
1272, 3.91519e-05, 0.5
1273, 4.04309e-05, 0.5
1274, 4.18119e-05, 0.5
1275, 4.31894e-05, 0.5
1276, 4.44759e-05, 0.5
1277, 4.56032e-05, 0.5
1278, 4.65208e-05, 0.5
1279, 4.71932e-05, 0.5
1280, 4.75976e-05, 0.5
1281, 4.77211e-05, 0.5
1282, 4.75596e-05, 0.5
1283, 4.71168e-05, 0.5
1284, 4.64043e-05, 0.5
1285, 4.54436e-05, 0.5
1286, 4.42677e-05, 0.5
1287, 4.2924e-05, 0.5
1288, 4.14775e-05, 0.5
1289, 4.00131e-05, 0.5
1290, 3.86354e-05, 0.5
1291, 3.74643e-05, 0.5
1292, 3.66243e-05, 0.5
1293, 3.6225e-05, 0.5
1294, 3.63378e-05, 0.5
1295, 3.6976e-05, 0.5
1296, 3.80872e-05, 0.5
1297, 3.9562e-05, 0.5
1298, 4.12539e-05, 0.5
1299, 4.30004e-05, 0.5
1300, 4.46408e-05, 0.5
1301, 4.60279e-05, 0.5
1302, 4.70355e-05, 0.5
1303, 4.75623e-05, 0.5
1304, 4.75357e-05, 0.5
1305, 4.69139e-05, 0.5
1306, 4.56896e-05, 0.5
1307, 4.3893e-05, 0.5
1308, 4.15978e-05, 0.5
1309, 3.89276e-05, 0.5
1310, 3.6066e-05, 0.5
1311, 3.32668e-05, 0.5
1312, 3.08551e-05, 0.5
1313, 2.91983e-05, 0.5
1314, 2.8617e-05, 0.5
1315, 2.92514e-05, 0.5
1316, 3.09859e-05, 0.5
1317, 3.35091e-05, 0.5
1318, 3.64443e-05, 0.5
1319, 3.94425e-05, 0.5
1320, 4.22182e-05, 0.5
1321, 4.45507e-05, 0.5
1322, 4.6277e-05, 0.5
1323, 4.72845e-05, 0.5
1324, 4.7506e-05, 0.5
1325, 4.69169e-05, 0.5
1326, 4.55354e-05, 0.5
1327, 4.34229e-05, 0.5
1328, 4.06889e-05, 0.5
1329, 3.7498e-05, 0.5
1330, 3.4082e-05, 0.5
1331, 3.07572e-05, 0.5
1332, 2.79329e-05, 0.5
1333, 2.6076e-05, 0.5
1334, 2.55717e-05, 0.5
1335, 2.65173e-05, 0.5
1336, 2.86529e-05, 0.5
1337, 3.15218e-05, 0.5
1338, 3.46677e-05, 0.5
1339, 3.7723e-05, 0.5
1340, 4.04167e-05, 0.5
1341, 4.25577e-05, 0.5
1342, 4.40185e-05, 0.5
1343, 4.47234e-05, 0.5
1344, 4.46427e-05, 0.5
1345, 4.37888e-05, 0.5
1346, 4.22156e-05, 0.5
1347, 4.00194e-05, 0.5
1348, 3.73429e-05, 0.5
1349, 3.43823e-05, 0.5
1350, 3.13958e-05, 0.5
1351, 2.87098e-05, 0.5
1352, 2.66998e-05, 0.5
1353, 2.57137e-05, 0.5
1354, 2.59339e-05, 0.5
1355, 2.72753e-05, 0.5
1356, 2.94344e-05, 0.5
1357, 3.20335e-05, 0.5
1358, 3.4731e-05, 0.5
1359, 3.72592e-05, 0.5
1360, 3.9423e-05, 0.5
1361, 4.10881e-05, 0.5
1362, 4.217e-05, 0.5
1363, 4.26261e-05, 0.5
1364, 4.24503e-05, 0.5
1365, 4.16702e-05, 0.5
1366, 4.03452e-05, 0.5
1367, 3.8566e-05, 0.5
1368, 3.64545e-05, 0.5
1369, 3.41651e-05, 0.5
1370, 3.1884e-05, 0.5
1371, 2.98235e-05, 0.5
1372, 2.82042e-05, 0.5
1373, 2.72171e-05, 0.5
1374, 2.69716e-05, 0.5
1375, 2.74556e-05, 0.5
1376, 2.85399e-05, 0.5
1377, 3.00259e-05, 0.5
1378, 3.17004e-05, 0.5
1379, 3.33731e-05, 0.5
1380, 3.48917e-05, 0.5
1381, 3.61433e-05, 0.5
1382, 3.70521e-05, 0.5
1383, 3.75741e-05, 0.5
1384, 3.76941e-05, 0.5
1385, 3.74222e-05, 0.5
1386, 3.67919e-05, 0.5
1387, 3.58583e-05, 0.5
1388, 3.46967e-05, 0.5
1389, 3.34002e-05, 0.5
1390, 3.20769e-05, 0.5
1391, 3.08433e-05, 0.5
1392, 2.98146e-05, 0.5
1393, 2.90898e-05, 0.5
1394, 2.87344e-05, 0.5
1395, 2.87666e-05, 0.5
1396, 2.91533e-05, 0.5
1397, 2.98185e-05, 0.5
1398, 3.06597e-05, 0.5
1399, 3.15661e-05, 0.5
1400, 3.24332e-05, 0.5
1401, 3.31714e-05, 0.5
1402, 3.3711e-05, 0.5
1403, 3.40039e-05, 0.5
1404, 3.40238e-05, 0.5
1405, 3.37664e-05, 0.5
1406, 3.32485e-05, 0.5
1407, 3.25075e-05, 0.5
1408, 3.16004e-05, 0.5
1409, 3.06012e-05, 0.5
1410, 2.95971e-05, 0.5
1411, 2.86822e-05, 0.5
1412, 2.79469e-05, 0.5
1413, 2.74651e-05, 0.5
1414, 2.72802e-05, 0.5
1415, 2.73956e-05, 0.5
1416, 2.77748e-05, 0.5
1417, 2.83486e-05, 0.5
1418, 2.90301e-05, 0.5
1419, 2.9728e-05, 0.5
1420, 3.03589e-05, 0.5
1421, 3.0854e-05, 0.5
1422, 3.1164e-05, 0.5
1423, 3.12604e-05, 0.5
1424, 3.11361e-05, 0.5
1425, 3.08048e-05, 0.5
1426, 3.02999e-05, 0.5
1427, 2.96716e-05, 0.5
1428, 2.8984e-05, 0.5
1429, 2.83087e-05, 0.5
1430, 2.77178e-05, 0.5
1431, 2.72738e-05, 0.5
1432, 2.70202e-05, 0.5
1433, 2.69731e-05, 0.5
1434, 2.71188e-05, 0.5
1435, 2.74169e-05, 0.5
1436, 2.78081e-05, 0.5
1437, 2.82253e-05, 0.5
1438, 2.86028e-05, 0.5
1439, 2.88839e-05, 0.5
1440, 2.90263e-05, 0.5
1441, 2.90045e-05, 0.5
1442, 2.88113e-05, 0.5
1443, 2.84572e-05, 0.5
1444, 2.79697e-05, 0.5
1445, 2.73905e-05, 0.5
1446, 2.6772e-05, 0.5
1447, 2.61725e-05, 0.5
1448, 2.56494e-05, 0.5
1449, 2.52516e-05, 0.5
1450, 2.50119e-05, 0.5
1451, 2.49421e-05, 0.5
1452, 2.50314e-05, 0.5
1453, 2.52494e-05, 0.5
1454, 2.55528e-05, 0.5
1455, 2.58927e-05, 0.5
1456, 2.62224e-05, 0.5
1457, 2.65026e-05, 0.5
1458, 2.67051e-05, 0.5
1459, 2.68138e-05, 0.5
1460, 2.68249e-05, 0.5
1461, 2.6745e-05, 0.5
1462, 2.65895e-05, 0.5
1463, 2.63787e-05, 0.5
1464, 2.61349e-05, 0.5
1465, 2.58787e-05, 0.5
1466, 2.56259e-05, 0.5
1467, 2.53858e-05, 0.5
1468, 2.516e-05, 0.5
1469, 2.49439e-05, 0.5
1470, 2.4728e-05, 0.5
1471, 2.45019e-05, 0.5
1472, 2.4257e-05, 0.5
1473, 2.39898e-05, 0.5
1474, 2.37045e-05, 0.5
1475, 2.34136e-05, 0.5
1476, 2.31376e-05, 0.5
1477, 2.2903e-05, 0.5
1478, 2.27379e-05, 0.5
1479, 2.26671e-05, 0.5
1480, 2.27065e-05, 0.5
1481, 2.28584e-05, 0.5
1482, 2.31092e-05, 0.5
1483, 2.34305e-05, 0.5
1484, 2.3782e-05, 0.5
1485, 2.4117e-05, 0.5
1486, 2.43877e-05, 0.5
1487, 2.45507e-05, 0.5
1488, 2.45714e-05, 0.5
1489, 2.44271e-05, 0.5
1490, 2.411e-05, 0.5
1491, 2.36284e-05, 0.5
1492, 2.30085e-05, 0.5
1493, 2.22938e-05, 0.5
1494, 2.1544e-05, 0.5
1495, 2.08311e-05, 0.5
1496, 2.02323e-05, 0.5
1497, 1.98182e-05, 0.5
1498, 1.96388e-05, 0.5
1499, 1.97108e-05, 0.5
1500, 2.00117e-05, 0.5
1501, 2.04851e-05, 0.5
1502, 2.10521e-05, 0.5
1503, 2.16261e-05, 0.5
1504, 2.21245e-05, 0.5
1505, 2.24767e-05, 0.5
1506, 2.26289e-05, 0.5
1507, 2.25468e-05, 0.5
1508, 2.22165e-05, 0.5
1509, 2.1646e-05, 0.5
1510, 2.08658e-05, 0.5
1511, 1.99301e-05, 0.5
1512, 1.89171e-05, 0.5
1513, 1.79276e-05, 0.5
1514, 1.70789e-05, 0.5
1515, 1.64897e-05, 0.5
1516, 1.62537e-05, 0.5
1517, 1.64106e-05, 0.5
1518, 1.69312e-05, 0.5
1519, 1.77272e-05, 0.5
1520, 1.8679e-05, 0.5
1521, 1.96629e-05, 0.5
1522, 2.0568e-05, 0.5
1523, 2.1304e-05, 0.5
1524, 2.18024e-05, 0.5
1525, 2.20164e-05, 0.5
1526, 2.19198e-05, 0.5
1527, 2.15059e-05, 0.5
1528, 2.07871e-05, 0.5
1529, 1.9795e-05, 0.5
1530, 1.85811e-05, 0.5
1531, 1.72191e-05, 0.5
1532, 1.58071e-05, 0.5
1533, 1.44706e-05, 0.5
1534, 1.33587e-05, 0.5
1535, 1.2626e-05, 0.5
1536, 1.23881e-05, 0.5
1537, 1.26698e-05, 0.5
1538, 1.33905e-05, 0.5
1539, 1.44044e-05, 0.5
1540, 1.55555e-05, 0.5
1541, 1.67105e-05, 0.5
1542, 1.77672e-05, 0.5
1543, 1.86524e-05, 0.5
1544, 1.93173e-05, 0.5
1545, 1.97328e-05, 0.5
1546, 1.98865e-05, 0.5
1547, 1.97802e-05, 0.5
1548, 1.94289e-05, 0.5
1549, 1.88587e-05, 0.5
1550, 1.8107e-05, 0.5
1551, 1.72212e-05, 0.5
1552, 1.62587e-05, 0.5
1553, 1.52859e-05, 0.5
1554, 1.43764e-05, 0.5
1555, 1.36057e-05, 0.5
1556, 1.30426e-05, 0.5
1557, 1.2736e-05, 0.5
1558, 1.2702e-05, 0.5
1559, 1.29192e-05, 0.5
1560, 1.33353e-05, 0.5
1561, 1.38817e-05, 0.5
1562, 1.44881e-05, 0.5
1563, 1.50917e-05, 0.5
1564, 1.56414e-05, 0.5
1565, 1.60987e-05, 0.5
1566, 1.64372e-05, 0.5
1567, 1.66415e-05, 0.5
1568, 1.67064e-05, 0.5
1569, 1.66362e-05, 0.5
1570, 1.64441e-05, 0.5
1571, 1.61517e-05, 0.5
1572, 1.57885e-05, 0.5
1573, 1.53901e-05, 0.5
1574, 1.49969e-05, 0.5
1575, 1.46501e-05, 0.5
1576, 1.43872e-05, 0.5
1577, 1.42362e-05, 0.5
1578, 1.42106e-05, 0.5
1579, 1.43064e-05, 0.5
1580, 1.45025e-05, 0.5
1581, 1.47651e-05, 0.5
1582, 1.5053e-05, 0.5
1583, 1.53239e-05, 0.5
1584, 1.55394e-05, 0.5
1585, 1.56683e-05, 0.5
1586, 1.56891e-05, 0.5
1587, 1.55918e-05, 0.5
1588, 1.53786e-05, 0.5
1589, 1.50647e-05, 0.5
1590, 1.4678e-05, 0.5
1591, 1.42587e-05, 0.5
1592, 1.38568e-05, 0.5
1593, 1.35266e-05, 0.5
1594, 1.33197e-05, 0.5
1595, 1.32741e-05, 0.5
1596, 1.34049e-05, 0.5
1597, 1.37001e-05, 0.5
1598, 1.41227e-05, 0.5
1599, 1.46193e-05, 0.5
1600, 1.51299e-05, 0.5
1601, 1.5596e-05, 0.5
1602, 1.59668e-05, 0.5
1603, 1.6202e-05, 0.5
1604, 1.6274e-05, 0.5
1605, 1.61689e-05, 0.5
1606, 1.5887e-05, 0.5
1607, 1.54437e-05, 0.5
1608, 1.48696e-05, 0.5
1609, 1.42112e-05, 0.5
1610, 1.35303e-05, 0.5
1611, 1.29013e-05, 0.5
1612, 1.24038e-05, 0.5
1613, 1.21098e-05, 0.5
1614, 1.20656e-05, 0.5
1615, 1.2277e-05, 0.5
1616, 1.27075e-05, 0.5
1617, 1.32903e-05, 0.5
1618, 1.39458e-05, 0.5
1619, 1.45971e-05, 0.5
1620, 1.51784e-05, 0.5
1621, 1.56386e-05, 0.5
1622, 1.59422e-05, 0.5
1623, 1.60691e-05, 0.5
1624, 1.60133e-05, 0.5
1625, 1.57829e-05, 0.5
1626, 1.53988e-05, 0.5
1627, 1.4894e-05, 0.5
1628, 1.43123e-05, 0.5
1629, 1.37061e-05, 0.5
1630, 1.31329e-05, 0.5
1631, 1.26496e-05, 0.5
1632, 1.23043e-05, 0.5
1633, 1.21276e-05, 0.5
1634, 1.2126e-05, 0.5
1635, 1.22812e-05, 0.5
1636, 1.25565e-05, 0.5
1637, 1.29064e-05, 0.5
1638, 1.32859e-05, 0.5
1639, 1.36569e-05, 0.5
1640, 1.39916e-05, 0.5
1641, 1.42727e-05, 0.5
1642, 1.44929e-05, 0.5
1643, 1.46526e-05, 0.5
1644, 1.47576e-05, 0.5
1645, 1.48166e-05, 0.5
1646, 1.48378e-05, 0.5
1647, 1.48273e-05, 0.5
1648, 1.47875e-05, 0.5
1649, 1.47159e-05, 0.5
1650, 1.46065e-05, 0.5
1651, 1.44509e-05, 0.5
1652, 1.42405e-05, 0.5
1653, 1.39699e-05, 0.5
1654, 1.36393e-05, 0.5
1655, 1.32577e-05, 0.5
1656, 1.28448e-05, 0.5
1657, 1.24325e-05, 0.5
1658, 1.20639e-05, 0.5
1659, 1.17898e-05, 0.5
1660, 1.16602e-05, 0.5
1661, 1.17129e-05, 0.5
1662, 1.19621e-05, 0.5
1663, 1.2392e-05, 0.5
1664, 1.29605e-05, 0.5
1665, 1.36078e-05, 0.5
1666, 1.42671e-05, 0.5
1667, 1.48732e-05, 0.5
1668, 1.53675e-05, 0.5
1669, 1.57015e-05, 0.5
1670, 1.58381e-05, 0.5
1671, 1.5753e-05, 0.5
1672, 1.5436e-05, 0.5
1673, 1.48921e-05, 0.5
1674, 1.41434e-05, 0.5
1675, 1.32319e-05, 0.5
1676, 1.22235e-05, 0.5
1677, 1.1213e-05, 0.5
1678, 1.0327e-05, 0.5
1679, 9.71446e-06, 0.5
1680, 9.51091e-06, 0.5
1681, 9.77713e-06, 0.5
1682, 1.04637e-05, 0.5
1683, 1.14405e-05, 0.5
1684, 1.25564e-05, 0.5
1685, 1.36765e-05, 0.5
1686, 1.46939e-05, 0.5
1687, 1.55277e-05, 0.5
1688, 1.61195e-05, 0.5
1689, 1.64296e-05, 0.5
1690, 1.64357e-05, 0.5
1691, 1.61315e-05, 0.5
1692, 1.55273e-05, 0.5
1693, 1.465e-05, 0.5
1694, 1.35457e-05, 0.5
1695, 1.22836e-05, 0.5
1696, 1.09632e-05, 0.5
1697, 9.72475e-06, 0.5
1698, 8.75524e-06, 0.5
1699, 8.26122e-06, 0.5
1700, 8.37509e-06, 0.5
1701, 9.05723e-06, 0.5
1702, 1.01274e-05, 0.5
1703, 1.13791e-05, 0.5
1704, 1.26448e-05, 0.5
1705, 1.38044e-05, 0.5
1706, 1.47746e-05, 0.5
1707, 1.54996e-05, 0.5
1708, 1.59442e-05, 0.5
1709, 1.6091e-05, 0.5
1710, 1.5938e-05, 0.5
1711, 1.54985e-05, 0.5
1712, 1.48005e-05, 0.5
1713, 1.38876e-05, 0.5
1714, 1.28212e-05, 0.5
1715, 1.16834e-05, 0.5
1716, 1.0581e-05, 0.5
1717, 9.64626e-06, 0.5
1718, 9.02349e-06, 0.5
1719, 8.8269e-06, 0.5
1720, 9.08307e-06, 0.5
1721, 9.71322e-06, 0.5
1722, 1.05786e-05, 0.5
1723, 1.15381e-05, 0.5
1724, 1.2477e-05, 0.5
1725, 1.33111e-05, 0.5
1726, 1.39821e-05, 0.5
1727, 1.44525e-05, 0.5
1728, 1.47017e-05, 0.5
1729, 1.47232e-05, 0.5
1730, 1.45235e-05, 0.5
1731, 1.41206e-05, 0.5
1732, 1.35438e-05, 0.5
1733, 1.28341e-05, 0.5
1734, 1.20438e-05, 0.5
1735, 1.12371e-05, 0.5
1736, 1.04888e-05, 0.5
1737, 9.87913e-06, 0.5
1738, 9.48221e-06, 0.5
1739, 9.34695e-06, 0.5
1740, 9.47981e-06, 0.5
1741, 9.84222e-06, 0.5
1742, 1.03655e-05, 0.5
1743, 1.0972e-05, 0.5
1744, 1.15904e-05, 0.5
1745, 1.21623e-05, 0.5
1746, 1.26434e-05, 0.5
1747, 1.30027e-05, 0.5
1748, 1.32206e-05, 0.5
1749, 1.32876e-05, 0.5
1750, 1.32035e-05, 0.5
1751, 1.29765e-05, 0.5
1752, 1.26231e-05, 0.5
1753, 1.21676e-05, 0.5
1754, 1.16425e-05, 0.5
1755, 1.10879e-05, 0.5
1756, 1.05508e-05, 0.5
1757, 1.00819e-05, 0.5
1758, 9.7306e-06, 0.5
1759, 9.53611e-06, 0.5
1760, 9.51825e-06, 0.5
1761, 9.67149e-06, 0.5
1762, 9.96641e-06, 0.5
1763, 1.03577e-05, 0.5
1764, 1.07941e-05, 0.5
1765, 1.12262e-05, 0.5
1766, 1.16114e-05, 0.5
1767, 1.19159e-05, 0.5
1768, 1.21151e-05, 0.5
1769, 1.21941e-05, 0.5
1770, 1.21472e-05, 0.5
1771, 1.19781e-05, 0.5
1772, 1.16997e-05, 0.5
1773, 1.13341e-05, 0.5
1774, 1.09125e-05, 0.5
1775, 1.04739e-05, 0.5
1776, 1.00635e-05, 0.5
1777, 9.72799e-06, 0.5
1778, 9.50872e-06, 0.5
1779, 9.43292e-06, 0.5
1780, 9.50662e-06, 0.5
1781, 9.7128e-06, 0.5
1782, 1.00159e-05, 0.5
1783, 1.03705e-05, 0.5
1784, 1.07297e-05, 0.5
1785, 1.10509e-05, 0.5
1786, 1.12998e-05, 0.5
1787, 1.14516e-05, 0.5
1788, 1.14915e-05, 0.5
1789, 1.14149e-05, 0.5
1790, 1.12276e-05, 0.5
1791, 1.09448e-05, 0.5
1792, 1.05914e-05, 0.5
1793, 1.02011e-05, 0.5
1794, 9.81398e-06, 0.5
1795, 9.47373e-06, 0.5
1796, 9.2215e-06, 0.5
1797, 9.08858e-06, 0.5
1798, 9.08897e-06, 0.5
1799, 9.21575e-06, 0.5
1800, 9.4431e-06, 0.5
1801, 9.73303e-06, 0.5
1802, 1.00435e-05, 0.5
1803, 1.03351e-05, 0.5
1804, 1.05749e-05, 0.5
1805, 1.07389e-05, 0.5
1806, 1.08127e-05, 0.5
1807, 1.07912e-05, 0.5
1808, 1.06786e-05, 0.5
1809, 1.04877e-05, 0.5
1810, 1.02385e-05, 0.5
1811, 9.9572e-06, 0.5
1812, 9.67383e-06, 0.5
1813, 9.4189e-06, 0.5
1814, 9.21944e-06, 0.5
1815, 9.09451e-06, 0.5
1816, 9.05166e-06, 0.5
1817, 9.08562e-06, 0.5
1818, 9.17994e-06, 0.5
1819, 9.31089e-06, 0.5
1820, 9.45226e-06, 0.5
1821, 9.57961e-06, 0.5
1822, 9.67334e-06, 0.5
1823, 9.72051e-06, 0.5
1824, 9.71554e-06, 0.5
1825, 9.66018e-06, 0.5
1826, 9.56285e-06, 0.5
1827, 9.43738e-06, 0.5
1828, 9.30116e-06, 0.5
1829, 9.1727e-06, 0.5
1830, 9.06882e-06, 0.5
1831, 9.00179e-06, 0.5
1832, 8.97709e-06, 0.5
1833, 8.99242e-06, 0.5
1834, 9.03832e-06, 0.5
1835, 9.10013e-06, 0.5
1836, 9.16081e-06, 0.5
1837, 9.20377e-06, 0.5
1838, 9.21537e-06, 0.5
1839, 9.18669e-06, 0.5
1840, 9.11466e-06, 0.5
1841, 9.0025e-06, 0.5
1842, 8.85949e-06, 0.5
1843, 8.70012e-06, 0.5
1844, 8.54239e-06, 0.5
1845, 8.40535e-06, 0.5
1846, 8.30598e-06, 0.5
1847, 8.25585e-06, 0.5
1848, 8.25854e-06, 0.5
1849, 8.30855e-06, 0.5
1850, 8.39217e-06, 0.5
1851, 8.48999e-06, 0.5
1852, 8.58019e-06, 0.5
1853, 8.64174e-06, 0.5
1854, 8.65713e-06, 0.5
1855, 8.61425e-06, 0.5
1856, 8.50781e-06, 0.5
1857, 8.3401e-06, 0.5
1858, 8.12141e-06, 0.5
1859, 7.86998e-06, 0.5
1860, 7.6111e-06, 0.5
1861, 7.37515e-06, 0.5
1862, 7.1937e-06, 0.5
1863, 7.09386e-06, 0.5
1864, 7.0918e-06, 0.5
1865, 7.18798e-06, 0.5
1866, 7.36656e-06, 0.5
1867, 7.59908e-06, 0.5
1868, 7.85062e-06, 0.5
1869, 8.08558e-06, 0.5
1870, 8.27183e-06, 0.5
1871, 8.38315e-06, 0.5
1872, 8.40055e-06, 0.5
1873, 8.31281e-06, 0.5
1874, 8.11693e-06, 0.5
1875, 7.81835e-06, 0.5
1876, 7.43153e-06, 0.5
1877, 6.98056e-06, 0.5
1878, 6.50005e-06, 0.5
1879, 6.03551e-06, 0.5
1880, 5.6417e-06, 0.5
1881, 5.37566e-06, 0.5
1882, 5.28187e-06, 0.5
1883, 5.37461e-06, 0.5
1884, 5.63069e-06, 0.5
1885, 6.00001e-06, 0.5
1886, 6.42383e-06, 0.5
1887, 6.84817e-06, 0.5
1888, 7.2293e-06, 0.5
1889, 7.53451e-06, 0.5
1890, 7.74122e-06, 0.5
1891, 7.8358e-06, 0.5
1892, 7.81266e-06, 0.5
1893, 7.67361e-06, 0.5
1894, 7.42746e-06, 0.5
1895, 7.08988e-06, 0.5
1896, 6.6834e-06, 0.5
1897, 6.23764e-06, 0.5
1898, 5.78932e-06, 0.5
1899, 5.38131e-06, 0.5
1900, 5.05912e-06, 0.5
1901, 4.86284e-06, 0.5
1902, 4.81523e-06, 0.5
1903, 4.91262e-06, 0.5
1904, 5.12634e-06, 0.5
1905, 5.41407e-06, 0.5
1906, 5.73224e-06, 0.5
1907, 6.04345e-06, 0.5
1908, 6.31901e-06, 0.5
1909, 6.53876e-06, 0.5
1910, 6.68998e-06, 0.5
1911, 6.76629e-06, 0.5
1912, 6.76669e-06, 0.5
1913, 6.69472e-06, 0.5
1914, 6.55789e-06, 0.5
1915, 6.36717e-06, 0.5
1916, 6.13655e-06, 0.5
1917, 5.88267e-06, 0.5
1918, 5.62428e-06, 0.5
1919, 5.38138e-06, 0.5
1920, 5.17391e-06, 0.5
1921, 5.01963e-06, 0.5
1922, 4.9315e-06, 0.5
1923, 4.91523e-06, 0.5
1924, 4.96808e-06, 0.5
1925, 5.0795e-06, 0.5
1926, 5.23352e-06, 0.5
1927, 5.41155e-06, 0.5
1928, 5.59494e-06, 0.5
1929, 5.76651e-06, 0.5
1930, 5.91156e-06, 0.5
1931, 6.01822e-06, 0.5
1932, 6.07776e-06, 0.5
1933, 6.08465e-06, 0.5
1934, 6.03685e-06, 0.5
1935, 5.936e-06, 0.5
1936, 5.7877e-06, 0.5
1937, 5.60186e-06, 0.5
1938, 5.39282e-06, 0.5
1939, 5.17924e-06, 0.5
1940, 4.98324e-06, 0.5
1941, 4.8283e-06, 0.5
1942, 4.73556e-06, 0.5
1943, 4.71904e-06, 0.5
1944, 4.78159e-06, 0.5
1945, 4.91358e-06, 0.5
1946, 5.09538e-06, 0.5
1947, 5.30183e-06, 0.5
1948, 5.50673e-06, 0.5
1949, 5.68606e-06, 0.5
1950, 5.81984e-06, 0.5
1951, 5.8931e-06, 0.5
1952, 5.89633e-06, 0.5
1953, 5.82585e-06, 0.5
1954, 5.68415e-06, 0.5
1955, 5.48025e-06, 0.5
1956, 5.23023e-06, 0.5
1957, 4.95759e-06, 0.5
1958, 4.69303e-06, 0.5
1959, 4.4726e-06, 0.5
1960, 4.33246e-06, 0.5
1961, 4.29994e-06, 0.5
1962, 4.38391e-06, 0.5
1963, 4.57101e-06, 0.5
1964, 4.83081e-06, 0.5
1965, 5.1255e-06, 0.5
1966, 5.41801e-06, 0.5
1967, 5.67646e-06, 0.5
1968, 5.87574e-06, 0.5
1969, 5.9978e-06, 0.5
1970, 6.03151e-06, 0.5
1971, 5.97248e-06, 0.5
1972, 5.82308e-06, 0.5
1973, 5.59266e-06, 0.5
1974, 5.29792e-06, 0.5
1975, 4.96358e-06, 0.5
1976, 4.62282e-06, 0.5
1977, 4.31672e-06, 0.5
1978, 4.09042e-06, 0.5
1979, 3.98341e-06, 0.5
1980, 4.01556e-06, 0.5
1981, 4.17784e-06, 0.5
1982, 4.43669e-06, 0.5
1983, 4.74772e-06, 0.5
1984, 5.06789e-06, 0.5
1985, 5.3616e-06, 0.5
1986, 5.60215e-06, 0.5
1987, 5.77142e-06, 0.5
1988, 5.85908e-06, 0.5
1989, 5.8619e-06, 0.5
1990, 5.78333e-06, 0.5
1991, 5.63307e-06, 0.5
1992, 5.42684e-06, 0.5
1993, 5.18592e-06, 0.5
1994, 4.93631e-06, 0.5
1995, 4.70686e-06, 0.5
1996, 4.52588e-06, 0.5
1997, 4.41593e-06, 0.5
1998, 4.3882e-06, 0.5
1999, 4.43922e-06, 0.5
2000, 4.55235e-06, 0.5
2001, 4.70315e-06, 0.5
2002, 4.86566e-06, 0.5
2003, 5.01704e-06, 0.5
2004, 5.14009e-06, 0.5
2005, 5.2242e-06, 0.5
2006, 5.26532e-06, 0.5
2007, 5.26548e-06, 0.5
2008, 5.23202e-06, 0.5
2009, 5.17638e-06, 0.5
2010, 5.11249e-06, 0.5
2011, 5.05466e-06, 0.5
2012, 5.01505e-06, 0.5
2013, 5.00131e-06, 0.5
2014, 5.01486e-06, 0.5
2015, 5.05058e-06, 0.5
2016, 5.09799e-06, 0.5
2017, 5.1434e-06, 0.5
2018, 5.17252e-06, 0.5
2019, 5.17279e-06, 0.5
2020, 5.13527e-06, 0.5
2021, 5.05603e-06, 0.5
2022, 4.93716e-06, 0.5
2023, 4.78743e-06, 0.5
2024, 4.62251e-06, 0.5
2025, 4.46444e-06, 0.5
2026, 4.33952e-06, 0.5
2027, 4.27398e-06, 0.5
2028, 4.2875e-06, 0.5
2029, 4.38678e-06, 0.5
2030, 4.56295e-06, 0.5
2031, 4.79407e-06, 0.5
2032, 5.05105e-06, 0.5
2033, 5.30332e-06, 0.5
2034, 5.52275e-06, 0.5
2035, 5.68568e-06, 0.5
2036, 5.77387e-06, 0.5
2037, 5.77498e-06, 0.5
2038, 5.6828e-06, 0.5
2039, 5.49763e-06, 0.5
2040, 5.22689e-06, 0.5
2041, 4.88603e-06, 0.5
2042, 4.5001e-06, 0.5
2043, 4.10588e-06, 0.5
2044, 3.75356e-06, 0.5
2045, 3.5042e-06, 0.5
2046, 3.41518e-06, 0.5
2047, 3.51347e-06, 0.5
2048, 3.77866e-06, 0.5
2049, 4.15629e-06, 0.5
2050, 4.58446e-06, 0.5
2051, 5.00966e-06, 0.5
2052, 5.39056e-06, 0.5
2053, 5.6967e-06, 0.5
2054, 5.90662e-06, 0.5
2055, 6.00649e-06, 0.5
2056, 5.9893e-06, 0.5
2057, 5.85451e-06, 0.5
2058, 5.60802e-06, 0.5
2059, 5.26258e-06, 0.5
2060, 4.83868e-06, 0.5
2061, 4.36641e-06, 0.5
2062, 3.88842e-06, 0.5
2063, 3.46359e-06, 0.5
2064, 3.16585e-06, 0.5
2065, 3.06532e-06, 0.5
2066, 3.18833e-06, 0.5
2067, 3.49646e-06, 0.5
2068, 3.9155e-06, 0.5
2069, 4.37361e-06, 0.5
2070, 4.81598e-06, 0.5
2071, 5.20404e-06, 0.5
2072, 5.51154e-06, 0.5
2073, 5.72144e-06, 0.5
2074, 5.82413e-06, 0.5
2075, 5.8163e-06, 0.5
2076, 5.70051e-06, 0.5
2077, 5.48494e-06, 0.5
2078, 5.18349e-06, 0.5
2079, 4.81628e-06, 0.5
2080, 4.41052e-06, 0.5
2081, 4.00183e-06, 0.5
2082, 3.63511e-06, 0.5
2083, 3.36199e-06, 0.5
2084, 3.22985e-06, 0.5
2085, 3.2616e-06, 0.5
2086, 3.44196e-06, 0.5
2087, 3.72645e-06, 0.5
2088, 4.06301e-06, 0.5
2089, 4.40654e-06, 0.5
2090, 4.72302e-06, 0.5
2091, 4.98859e-06, 0.5
2092, 5.18757e-06, 0.5
2093, 5.31083e-06, 0.5
2094, 5.35467e-06, 0.5
2095, 5.32006e-06, 0.5
2096, 5.21214e-06, 0.5
2097, 5.04e-06, 0.5
2098, 4.81644e-06, 0.5
2099, 4.55801e-06, 0.5
2100, 4.2849e-06, 0.5
2101, 4.0206e-06, 0.5
2102, 3.79081e-06, 0.5
2103, 3.62063e-06, 0.5
2104, 3.52983e-06, 0.5
2105, 3.52737e-06, 0.5
2106, 3.60831e-06, 0.5
2107, 3.75577e-06, 0.5
2108, 3.94633e-06, 0.5
2109, 4.15568e-06, 0.5
2110, 4.3621e-06, 0.5
2111, 4.54789e-06, 0.5
2112, 4.69956e-06, 0.5
2113, 4.80749e-06, 0.5
2114, 4.86558e-06, 0.5
2115, 4.87092e-06, 0.5
2116, 4.82363e-06, 0.5
2117, 4.72677e-06, 0.5
2118, 4.5864e-06, 0.5
2119, 4.41167e-06, 0.5
2120, 4.21502e-06, 0.5
2121, 4.01215e-06, 0.5
2122, 3.82164e-06, 0.5
2123, 3.66366e-06, 0.5
2124, 3.55734e-06, 0.5
2125, 3.5168e-06, 0.5
2126, 3.54719e-06, 0.5
2127, 3.64284e-06, 0.5
2128, 3.78889e-06, 0.5
2129, 3.96522e-06, 0.5
2130, 4.15045e-06, 0.5
2131, 4.32484e-06, 0.5
2132, 4.4717e-06, 0.5
2133, 4.57806e-06, 0.5
2134, 4.63481e-06, 0.5
2135, 4.63673e-06, 0.5
2136, 4.58258e-06, 0.5
2137, 4.47517e-06, 0.5
2138, 4.32147e-06, 0.5
2139, 4.13289e-06, 0.5
2140, 3.92532e-06, 0.5
2141, 3.71897e-06, 0.5
2142, 3.53731e-06, 0.5
2143, 3.40428e-06, 0.5
2144, 3.33954e-06, 0.5
2145, 3.35268e-06, 0.5
2146, 3.43971e-06, 0.5
2147, 3.58445e-06, 0.5
2148, 3.76363e-06, 0.5
2149, 3.95258e-06, 0.5
2150, 4.12897e-06, 0.5
2151, 4.27473e-06, 0.5
2152, 4.37656e-06, 0.5
2153, 4.42597e-06, 0.5
2154, 4.41917e-06, 0.5
2155, 4.35697e-06, 0.5
2156, 4.24466e-06, 0.5
2157, 4.09198e-06, 0.5
2158, 3.91302e-06, 0.5
2159, 3.72589e-06, 0.5
2160, 3.55163e-06, 0.5
2161, 3.41212e-06, 0.5
2162, 3.32625e-06, 0.5
2163, 3.30524e-06, 0.5
2164, 3.34914e-06, 0.5
2165, 3.44679e-06, 0.5
2166, 3.57943e-06, 0.5
2167, 3.72555e-06, 0.5
2168, 3.86493e-06, 0.5
2169, 3.98084e-06, 0.5
2170, 4.06105e-06, 0.5
2171, 4.09805e-06, 0.5
2172, 4.08894e-06, 0.5
2173, 4.03533e-06, 0.5
2174, 3.94303e-06, 0.5
2175, 3.82181e-06, 0.5
2176, 3.68493e-06, 0.5
2177, 3.54819e-06, 0.5
2178, 3.42844e-06, 0.5
2179, 3.34111e-06, 0.5
2180, 3.29723e-06, 0.5
2181, 3.3007e-06, 0.5
2182, 3.34731e-06, 0.5
2183, 3.42604e-06, 0.5
2184, 3.52192e-06, 0.5
2185, 3.61919e-06, 0.5
2186, 3.70374e-06, 0.5
2187, 3.76451e-06, 0.5
2188, 3.79419e-06, 0.5
2189, 3.7894e-06, 0.5
2190, 3.75066e-06, 0.5
2191, 3.68214e-06, 0.5
2192, 3.59136e-06, 0.5
2193, 3.48849e-06, 0.5
2194, 3.3855e-06, 0.5
2195, 3.29471e-06, 0.5
2196, 3.22693e-06, 0.5
2197, 3.18944e-06, 0.5
2198, 3.18438e-06, 0.5
2199, 3.20833e-06, 0.5
2200, 3.25325e-06, 0.5
2201, 3.30838e-06, 0.5
2202, 3.36241e-06, 0.5
2203, 3.40528e-06, 0.5
2204, 3.42932e-06, 0.5
2205, 3.43e-06, 0.5
2206, 3.40615e-06, 0.5
2207, 3.35998e-06, 0.5
2208, 3.29682e-06, 0.5
2209, 3.2246e-06, 0.5
2210, 3.15299e-06, 0.5
2211, 3.09203e-06, 0.5
2212, 3.05048e-06, 0.5
2213, 3.03399e-06, 0.5
2214, 3.04373e-06, 0.5
2215, 3.07605e-06, 0.5
2216, 3.12328e-06, 0.5
2217, 3.17527e-06, 0.5
2218, 3.22125e-06, 0.5
2219, 3.25139e-06, 0.5
2220, 3.2579e-06, 0.5
2221, 3.23577e-06, 0.5
2222, 3.18325e-06, 0.5
2223, 3.10207e-06, 0.5
2224, 2.99759e-06, 0.5
2225, 2.87879e-06, 0.5
2226, 2.75798e-06, 0.5
2227, 2.64983e-06, 0.5
2228, 2.56954e-06, 0.5
2229, 2.52979e-06, 0.5
2230, 2.53728e-06, 0.5
2231, 2.59043e-06, 0.5
2232, 2.67982e-06, 0.5
2233, 2.79084e-06, 0.5
2234, 2.90716e-06, 0.5
2235, 3.01334e-06, 0.5
2236, 3.09637e-06, 0.5
2237, 3.1464e-06, 0.5
2238, 3.15692e-06, 0.5
2239, 3.1248e-06, 0.5
2240, 3.05036e-06, 0.5
2241, 2.93732e-06, 0.5
2242, 2.79293e-06, 0.5
2243, 2.62809e-06, 0.5
2244, 2.45745e-06, 0.5
2245, 2.29903e-06, 0.5
2246, 2.17275e-06, 0.5
2247, 2.09694e-06, 0.5
2248, 2.08293e-06, 0.5
2249, 2.13044e-06, 0.5
2250, 2.22767e-06, 0.5
2251, 2.35596e-06, 0.5
2252, 2.49539e-06, 0.5
2253, 2.62844e-06, 0.5
2254, 2.74135e-06, 0.5
2255, 2.82428e-06, 0.5
2256, 2.87106e-06, 0.5
2257, 2.87881e-06, 0.5
2258, 2.84759e-06, 0.5
2259, 2.78022e-06, 0.5
2260, 2.68205e-06, 0.5
2261, 2.56079e-06, 0.5
2262, 2.42633e-06, 0.5
2263, 2.29039e-06, 0.5
2264, 2.16586e-06, 0.5
2265, 2.06545e-06, 0.5
2266, 1.99966e-06, 0.5
2267, 1.97428e-06, 0.5
2268, 1.98881e-06, 0.5
2269, 2.03674e-06, 0.5
2270, 2.10776e-06, 0.5
2271, 2.19045e-06, 0.5
2272, 2.27437e-06, 0.5
2273, 2.35108e-06, 0.5
2274, 2.41444e-06, 0.5
2275, 2.46053e-06, 0.5
2276, 2.48727e-06, 0.5
2277, 2.49415e-06, 0.5
2278, 2.4819e-06, 0.5
2279, 2.45217e-06, 0.5
2280, 2.40735e-06, 0.5
2281, 2.35036e-06, 0.5
2282, 2.28456e-06, 0.5
2283, 2.21365e-06, 0.5
2284, 2.14168e-06, 0.5
2285, 2.07303e-06, 0.5
2286, 2.01224e-06, 0.5
2287, 1.96385e-06, 0.5
2288, 1.93192e-06, 0.5
2289, 1.91949e-06, 0.5
2290, 1.92792e-06, 0.5
2291, 1.95648e-06, 0.5
2292, 2.00226e-06, 0.5
2293, 2.06048e-06, 0.5
2294, 2.12512e-06, 0.5
2295, 2.18957e-06, 0.5
2296, 2.24725e-06, 0.5
2297, 2.29214e-06, 0.5
2298, 2.31914e-06, 0.5
2299, 2.32437e-06, 0.5
2300, 2.3055e-06, 0.5
2301, 2.26194e-06, 0.5
2302, 2.19515e-06, 0.5
2303, 2.10889e-06, 0.5
2304, 2.00949e-06, 0.5
2305, 1.90604e-06, 0.5
2306, 1.81021e-06, 0.5
2307, 1.73528e-06, 0.5
2308, 1.69387e-06, 0.5
2309, 1.69444e-06, 0.5
2310, 1.73809e-06, 0.5
2311, 1.81797e-06, 0.5
2312, 1.92165e-06, 0.5
2313, 2.03459e-06, 0.5
2314, 2.14284e-06, 0.5
2315, 2.23445e-06, 0.5
2316, 2.30001e-06, 0.5
2317, 2.33278e-06, 0.5
2318, 2.32871e-06, 0.5
2319, 2.28646e-06, 0.5
2320, 2.20757e-06, 0.5
2321, 2.09663e-06, 0.5
2322, 1.96172e-06, 0.5
2323, 1.81493e-06, 0.5
2324, 1.67287e-06, 0.5
2325, 1.55636e-06, 0.5
2326, 1.48741e-06, 0.5
2327, 1.48213e-06, 0.5
2328, 1.54271e-06, 0.5
2329, 1.65606e-06, 0.5
2330, 1.80075e-06, 0.5
2331, 1.95481e-06, 0.5
2332, 2.0997e-06, 0.5
2333, 2.2212e-06, 0.5
2334, 2.30908e-06, 0.5
2335, 2.35661e-06, 0.5
2336, 2.36024e-06, 0.5
2337, 2.31944e-06, 0.5
2338, 2.23667e-06, 0.5
2339, 2.11752e-06, 0.5
2340, 1.97109e-06, 0.5
2341, 1.81046e-06, 0.5
2342, 1.65337e-06, 0.5
2343, 1.52202e-06, 0.5
2344, 1.44022e-06, 0.5
2345, 1.42571e-06, 0.5
2346, 1.48089e-06, 0.5
2347, 1.59122e-06, 0.5
2348, 1.73341e-06, 0.5
2349, 1.88442e-06, 0.5
2350, 2.02561e-06, 0.5
2351, 2.14335e-06, 0.5
2352, 2.22843e-06, 0.5
2353, 2.27544e-06, 0.5
2354, 2.28227e-06, 0.5
2355, 2.24991e-06, 0.5
2356, 2.1823e-06, 0.5
2357, 2.08631e-06, 0.5
2358, 1.97182e-06, 0.5
2359, 1.85158e-06, 0.5
2360, 1.7407e-06, 0.5
2361, 1.65506e-06, 0.5
2362, 1.60809e-06, 0.5
2363, 1.60653e-06, 0.5
2364, 1.64768e-06, 0.5
2365, 1.72058e-06, 0.5
2366, 1.81022e-06, 0.5
2367, 1.90162e-06, 0.5
2368, 1.98234e-06, 0.5
2369, 2.04329e-06, 0.5
2370, 2.07894e-06, 0.5
2371, 2.08707e-06, 0.5
2372, 2.06865e-06, 0.5
2373, 2.02758e-06, 0.5
2374, 1.97049e-06, 0.5
2375, 1.90631e-06, 0.5
2376, 1.84546e-06, 0.5
2377, 1.79846e-06, 0.5
2378, 1.7739e-06, 0.5
2379, 1.77626e-06, 0.5
2380, 1.80458e-06, 0.5
2381, 1.85274e-06, 0.5
2382, 1.91128e-06, 0.5
2383, 1.9696e-06, 0.5
2384, 2.01783e-06, 0.5
2385, 2.04799e-06, 0.5
2386, 2.05463e-06, 0.5
2387, 2.03512e-06, 0.5
2388, 1.98986e-06, 0.5
2389, 1.92239e-06, 0.5
2390, 1.83961e-06, 0.5
2391, 1.7517e-06, 0.5
2392, 1.67168e-06, 0.5
2393, 1.61397e-06, 0.5
2394, 1.5913e-06, 0.5
2395, 1.61067e-06, 0.5
2396, 1.67053e-06, 0.5
2397, 1.76141e-06, 0.5
2398, 1.86926e-06, 0.5
2399, 1.97916e-06, 0.5
2400, 2.07763e-06, 0.5
2401, 2.15368e-06, 0.5
2402, 2.19911e-06, 0.5
2403, 2.20854e-06, 0.5
2404, 2.17939e-06, 0.5
2405, 2.11195e-06, 0.5
2406, 2.0095e-06, 0.5
2407, 1.87867e-06, 0.5
2408, 1.72999e-06, 0.5
2409, 1.57867e-06, 0.5
2410, 1.44511e-06, 0.5
2411, 1.35345e-06, 0.5
2412, 1.32522e-06, 0.5
2413, 1.36889e-06, 0.5
2414, 1.47442e-06, 0.5
2415, 1.6197e-06, 0.5
2416, 1.78079e-06, 0.5
2417, 1.93743e-06, 0.5
2418, 2.07423e-06, 0.5
2419, 2.18008e-06, 0.5
2420, 2.24743e-06, 0.5
2421, 2.27177e-06, 0.5
2422, 2.25133e-06, 0.5
2423, 2.18698e-06, 0.5
2424, 2.08221e-06, 0.5
2425, 1.94335e-06, 0.5
2426, 1.77997e-06, 0.5
2427, 1.60566e-06, 0.5
2428, 1.43905e-06, 0.5
2429, 1.30417e-06, 0.5
2430, 1.22731e-06, 0.5
2431, 1.22673e-06, 0.5
2432, 1.30089e-06, 0.5
2433, 1.42946e-06, 0.5
2434, 1.58588e-06, 0.5
2435, 1.747e-06, 0.5
2436, 1.89563e-06, 0.5
2437, 2.01975e-06, 0.5
2438, 2.11145e-06, 0.5
2439, 2.16598e-06, 0.5
2440, 2.18127e-06, 0.5
2441, 2.15761e-06, 0.5
2442, 2.09749e-06, 0.5
2443, 2.00557e-06, 0.5
2444, 1.88868e-06, 0.5
2445, 1.756e-06, 0.5
2446, 1.61924e-06, 0.5
2447, 1.49256e-06, 0.5
2448, 1.39174e-06, 0.5
2449, 1.3315e-06, 0.5
2450, 1.32077e-06, 0.5
2451, 1.35868e-06, 0.5
2452, 1.43495e-06, 0.5
2453, 1.53459e-06, 0.5
2454, 1.64272e-06, 0.5
2455, 1.74703e-06, 0.5
2456, 1.83839e-06, 0.5
2457, 1.91052e-06, 0.5
2458, 1.95959e-06, 0.5
2459, 1.98375e-06, 0.5
2460, 1.98287e-06, 0.5
2461, 1.95823e-06, 0.5
2462, 1.91244e-06, 0.5
2463, 1.84922e-06, 0.5
2464, 1.77334e-06, 0.5
2465, 1.69054e-06, 0.5
2466, 1.60733e-06, 0.5
2467, 1.53077e-06, 0.5
2468, 1.4679e-06, 0.5
2469, 1.4249e-06, 0.5
2470, 1.40597e-06, 0.5
2471, 1.41237e-06, 0.5
2472, 1.44211e-06, 0.5
2473, 1.49054e-06, 0.5
2474, 1.55145e-06, 0.5
2475, 1.61818e-06, 0.5
2476, 1.68447e-06, 0.5
2477, 1.74478e-06, 0.5
2478, 1.79455e-06, 0.5
2479, 1.83014e-06, 0.5
2480, 1.84893e-06, 0.5
2481, 1.84922e-06, 0.5
2482, 1.83039e-06, 0.5
2483, 1.79287e-06, 0.5
2484, 1.7383e-06, 0.5
2485, 1.66969e-06, 0.5
2486, 1.59151e-06, 0.5
2487, 1.50987e-06, 0.5
2488, 1.43244e-06, 0.5
2489, 1.36799e-06, 0.5
2490, 1.32527e-06, 0.5
2491, 1.31102e-06, 0.5
2492, 1.32783e-06, 0.5
2493, 1.37313e-06, 0.5
2494, 1.43995e-06, 0.5
2495, 1.51901e-06, 0.5
2496, 1.60063e-06, 0.5
2497, 1.67606e-06, 0.5
2498, 1.73807e-06, 0.5
2499, 1.78112e-06, 0.5
2500, 1.8014e-06, 0.5
2501, 1.79687e-06, 0.5
2502, 1.76726e-06, 0.5
2503, 1.71413e-06, 0.5
2504, 1.64095e-06, 0.5
2505, 1.55331e-06, 0.5
2506, 1.45898e-06, 0.5
2507, 1.36797e-06, 0.5
2508, 1.29189e-06, 0.5
2509, 1.24234e-06, 0.5
2510, 1.22784e-06, 0.5
2511, 1.2506e-06, 0.5
2512, 1.30549e-06, 0.5
2513, 1.38211e-06, 0.5
2514, 1.46829e-06, 0.5
2515, 1.55263e-06, 0.5
2516, 1.62577e-06, 0.5
2517, 1.6807e-06, 0.5
2518, 1.71268e-06, 0.5
2519, 1.71916e-06, 0.5
2520, 1.69963e-06, 0.5
2521, 1.65564e-06, 0.5
2522, 1.59077e-06, 0.5
2523, 1.51071e-06, 0.5
2524, 1.42328e-06, 0.5
2525, 1.33829e-06, 0.5
2526, 1.26687e-06, 0.5
2527, 1.21983e-06, 0.5
2528, 1.20482e-06, 0.5
2529, 1.22355e-06, 0.5
2530, 1.27107e-06, 0.5
2531, 1.33771e-06, 0.5
2532, 1.41224e-06, 0.5
2533, 1.48422e-06, 0.5
2534, 1.54518e-06, 0.5
2535, 1.58895e-06, 0.5
2536, 1.61159e-06, 0.5
2537, 1.61134e-06, 0.5
2538, 1.58843e-06, 0.5
2539, 1.54508e-06, 0.5
2540, 1.48539e-06, 0.5
2541, 1.41532e-06, 0.5
2542, 1.34248e-06, 0.5
2543, 1.27573e-06, 0.5
2544, 1.22406e-06, 0.5
2545, 1.19494e-06, 0.5
2546, 1.19216e-06, 0.5
2547, 1.21454e-06, 0.5
2548, 1.25641e-06, 0.5
2549, 1.30947e-06, 0.5
2550, 1.36494e-06, 0.5
2551, 1.41505e-06, 0.5
2552, 1.45378e-06, 0.5
2553, 1.47706e-06, 0.5
2554, 1.48276e-06, 0.5
2555, 1.47065e-06, 0.5
2556, 1.44226e-06, 0.5
2557, 1.40076e-06, 0.5
2558, 1.35083e-06, 0.5
2559, 1.29829e-06, 0.5
2560, 1.24965e-06, 0.5
2561, 1.21121e-06, 0.5
2562, 1.18793e-06, 0.5
2563, 1.18217e-06, 0.5
2564, 1.19312e-06, 0.5
2565, 1.21704e-06, 0.5
2566, 1.24833e-06, 0.5
2567, 1.28084e-06, 0.5
2568, 1.30897e-06, 0.5
2569, 1.32831e-06, 0.5
2570, 1.33595e-06, 0.5
2571, 1.33065e-06, 0.5
2572, 1.31279e-06, 0.5
2573, 1.28431e-06, 0.5
2574, 1.24861e-06, 0.5
2575, 1.21023e-06, 0.5
2576, 1.17442e-06, 0.5
2577, 1.14639e-06, 0.5
2578, 1.13035e-06, 0.5
2579, 1.12848e-06, 0.5
2580, 1.14034e-06, 0.5
2581, 1.16299e-06, 0.5
2582, 1.19174e-06, 0.5
2583, 1.22118e-06, 0.5
2584, 1.24613e-06, 0.5
2585, 1.26226e-06, 0.5
2586, 1.26646e-06, 0.5
2587, 1.25704e-06, 0.5
2588, 1.23382e-06, 0.5
2589, 1.19815e-06, 0.5
2590, 1.15294e-06, 0.5
2591, 1.10259e-06, 0.5
2592, 1.0528e-06, 0.5
2593, 1.01008e-06, 0.5
2594, 9.80758e-07, 0.5
2595, 9.69545e-07, 0.5
2596, 9.78098e-07, 0.5
2597, 1.00442e-06, 0.5
2598, 1.0435e-06, 0.5
2599, 1.08881e-06, 0.5
2600, 1.13367e-06, 0.5
2601, 1.17223e-06, 0.5
2602, 1.19989e-06, 0.5
2603, 1.21348e-06, 0.5
2604, 1.21126e-06, 0.5
2605, 1.19289e-06, 0.5
2606, 1.15944e-06, 0.5
2607, 1.11335e-06, 0.5
2608, 1.05838e-06, 0.5
2609, 9.9962e-07, 0.5
2610, 9.43255e-07, 0.5
2611, 8.96046e-07, 0.5
2612, 8.64278e-07, 0.5
2613, 8.52206e-07, 0.5
2614, 8.60638e-07, 0.5
2615, 8.86633e-07, 0.5
2616, 9.2459e-07, 0.5
2617, 9.67944e-07, 0.5
2618, 1.01054e-06, 0.5
2619, 1.04738e-06, 0.5
2620, 1.07483e-06, 0.5
2621, 1.09064e-06, 0.5
2622, 1.09385e-06, 0.5
2623, 1.08463e-06, 0.5
2624, 1.0642e-06, 0.5
2625, 1.03468e-06, 0.5
2626, 9.98945e-07, 0.5
2627, 9.60387e-07, 0.5
2628, 9.22682e-07, 0.5
2629, 8.89381e-07, 0.5
2630, 8.63444e-07, 0.5
2631, 8.46757e-07, 0.5
2632, 8.39818e-07, 0.5
2633, 8.41726e-07, 0.5
2634, 8.50518e-07, 0.5
2635, 8.63712e-07, 0.5
2636, 8.78829e-07, 0.5
2637, 8.93782e-07, 0.5
2638, 9.07064e-07, 0.5
2639, 9.17786e-07, 0.5
2640, 9.25591e-07, 0.5
2641, 9.30515e-07, 0.5
2642, 9.32811e-07, 0.5
2643, 9.32771e-07, 0.5
2644, 9.30593e-07, 0.5
2645, 9.26285e-07, 0.5
2646, 9.19649e-07, 0.5
2647, 9.10339e-07, 0.5
2648, 8.97973e-07, 0.5
2649, 8.82297e-07, 0.5
2650, 8.63364e-07, 0.5
2651, 8.417e-07, 0.5
2652, 8.18437e-07, 0.5
2653, 7.95366e-07, 0.5
2654, 7.7487e-07, 0.5
2655, 7.59661e-07, 0.5
2656, 7.52317e-07, 0.5
2657, 7.54649e-07, 0.5
2658, 7.67139e-07, 0.5
2659, 7.88669e-07, 0.5
2660, 8.16696e-07, 0.5
2661, 8.47738e-07, 0.5
2662, 8.77955e-07, 0.5
2663, 9.03631e-07, 0.5
2664, 9.21524e-07, 0.5
2665, 9.29085e-07, 0.5
2666, 9.24614e-07, 0.5
2667, 9.0737e-07, 0.5
2668, 8.77697e-07, 0.5
2669, 8.37154e-07, 0.5
2670, 7.88685e-07, 0.5
2671, 7.36805e-07, 0.5
2672, 6.87694e-07, 0.5
2673, 6.4888e-07, 0.5
2674, 6.27943e-07, 0.5
2675, 6.3004e-07, 0.5
2676, 6.55476e-07, 0.5
2677, 6.99507e-07, 0.5
2678, 7.54508e-07, 0.5
2679, 8.12452e-07, 0.5
2680, 8.66301e-07, 0.5
2681, 9.1045e-07, 0.5
2682, 9.40729e-07, 0.5
2683, 9.54311e-07, 0.5
2684, 9.49642e-07, 0.5
2685, 9.26414e-07, 0.5
2686, 8.85613e-07, 0.5
2687, 8.29639e-07, 0.5
2688, 7.62544e-07, 0.5
2689, 6.90435e-07, 0.5
2690, 6.21983e-07, 0.5
2691, 5.68513e-07, 0.5
2692, 5.42115e-07, 0.5
2693, 5.50354e-07, 0.5
2694, 5.91142e-07, 0.5
2695, 6.54295e-07, 0.5
2696, 7.27543e-07, 0.5
2697, 8.0042e-07, 0.5
2698, 8.65095e-07, 0.5
2699, 9.16011e-07, 0.5
2700, 9.49433e-07, 0.5
2701, 9.6314e-07, 0.5
2702, 9.5626e-07, 0.5
2703, 9.29221e-07, 0.5
2704, 8.83769e-07, 0.5
2705, 8.2309e-07, 0.5
2706, 7.52053e-07, 0.5
2707, 6.77613e-07, 0.5
2708, 6.09255e-07, 0.5
2709, 5.58771e-07, 0.5
2710, 5.3763e-07, 0.5
2711, 5.51234e-07, 0.5
2712, 5.95031e-07, 0.5
2713, 6.57755e-07, 0.5
2714, 7.27414e-07, 0.5
2715, 7.94356e-07, 0.5
2716, 8.51643e-07, 0.5
2717, 8.94599e-07, 0.5
2718, 9.20354e-07, 0.5
2719, 9.27561e-07, 0.5
2720, 9.16248e-07, 0.5
2721, 8.87772e-07, 0.5
2722, 8.4483e-07, 0.5
2723, 7.91554e-07, 0.5
2724, 7.33616e-07, 0.5
2725, 6.78255e-07, 0.5
2726, 6.33841e-07, 0.5
2727, 6.0837e-07, 0.5
2728, 6.06715e-07, 0.5
2729, 6.28226e-07, 0.5
2730, 6.6706e-07, 0.5
2731, 7.14936e-07, 0.5
2732, 7.63815e-07, 0.5
2733, 8.07193e-07, 0.5
2734, 8.40383e-07, 0.5
2735, 8.60411e-07, 0.5
2736, 8.65847e-07, 0.5
2737, 8.56693e-07, 0.5
2738, 8.34317e-07, 0.5
2739, 8.01435e-07, 0.5
2740, 7.62093e-07, 0.5
2741, 7.21576e-07, 0.5
2742, 6.86048e-07, 0.5
2743, 6.6167e-07, 0.5
2744, 6.53092e-07, 0.5
2745, 6.61829e-07, 0.5
2746, 6.85639e-07, 0.5
2747, 7.19441e-07, 0.5
2748, 7.57014e-07, 0.5
2749, 7.92427e-07, 0.5
2750, 8.20797e-07, 0.5
2751, 8.38561e-07, 0.5
2752, 8.43527e-07, 0.5
2753, 8.3486e-07, 0.5
2754, 8.13077e-07, 0.5
2755, 7.8008e-07, 0.5
2756, 7.3922e-07, 0.5
2757, 6.95357e-07, 0.5
2758, 6.54749e-07, 0.5
2759, 6.24458e-07, 0.5
2760, 6.10861e-07, 0.5
2761, 6.17438e-07, 0.5
2762, 6.43202e-07, 0.5
2763, 6.83176e-07, 0.5
2764, 7.30425e-07, 0.5
2765, 7.78002e-07, 0.5
2766, 8.19975e-07, 0.5
2767, 8.51756e-07, 0.5
2768, 8.70108e-07, 0.5
2769, 8.73079e-07, 0.5
2770, 8.59946e-07, 0.5
2771, 8.31209e-07, 0.5
2772, 7.8864e-07, 0.5
2773, 7.35408e-07, 0.5
2774, 6.76297e-07, 0.5
2775, 6.17964e-07, 0.5
2776, 5.68948e-07, 0.5
2777, 5.3863e-07, 0.5
2778, 5.34224e-07, 0.5
2779, 5.56963e-07, 0.5
2780, 6.01324e-07, 0.5
2781, 6.5825e-07, 0.5
2782, 7.18726e-07, 0.5
2783, 7.75411e-07, 0.5
2784, 8.22853e-07, 0.5
2785, 8.57246e-07, 0.5
2786, 8.76173e-07, 0.5
2787, 8.78427e-07, 0.5
2788, 8.6391e-07, 0.5
2789, 8.33604e-07, 0.5
2790, 7.89583e-07, 0.5
2791, 7.35109e-07, 0.5
2792, 6.74784e-07, 0.5
2793, 6.14759e-07, 0.5
2794, 5.62756e-07, 0.5
2795, 5.2731e-07, 0.5
2796, 5.15405e-07, 0.5
2797, 5.29097e-07, 0.5
2798, 5.6423e-07, 0.5
2799, 6.12856e-07, 0.5
2800, 6.66641e-07, 0.5
2801, 7.18692e-07, 0.5
2802, 7.63931e-07, 0.5
2803, 7.9889e-07, 0.5
2804, 8.21435e-07, 0.5
2805, 8.30547e-07, 0.5
2806, 8.2618e-07, 0.5
2807, 8.09166e-07, 0.5
2808, 7.81159e-07, 0.5
2809, 7.44599e-07, 0.5
2810, 7.02681e-07, 0.5
2811, 6.59307e-07, 0.5
2812, 6.18921e-07, 0.5
2813, 5.86129e-07, 0.5
2814, 5.64945e-07, 0.5
2815, 5.5778e-07, 0.5
2816, 5.6465e-07, 0.5
2817, 5.83222e-07, 0.5
2818, 6.09704e-07, 0.5
2819, 6.39961e-07, 0.5
2820, 6.70302e-07, 0.5
2821, 6.97825e-07, 0.5
2822, 7.20475e-07, 0.5
2823, 7.36962e-07, 0.5
2824, 7.46645e-07, 0.5
2825, 7.49412e-07, 0.5
2826, 7.45574e-07, 0.5
2827, 7.35769e-07, 0.5
2828, 7.20887e-07, 0.5
2829, 7.02009e-07, 0.5
2830, 6.8036e-07, 0.5
2831, 6.57283e-07, 0.5
2832, 6.34212e-07, 0.5
2833, 6.12649e-07, 0.5
2834, 5.94114e-07, 0.5
2835, 5.80055e-07, 0.5
2836, 5.71703e-07, 0.5
2837, 5.6989e-07, 0.5
2838, 5.7487e-07, 0.5
2839, 5.86231e-07, 0.5
2840, 6.02909e-07, 0.5
2841, 6.23328e-07, 0.5
2842, 6.45586e-07, 0.5
2843, 6.67653e-07, 0.5
2844, 6.87537e-07, 0.5
2845, 7.03408e-07, 0.5
2846, 7.13701e-07, 0.5
2847, 7.17198e-07, 0.5
2848, 7.131e-07, 0.5
2849, 7.011e-07, 0.5
2850, 6.81458e-07, 0.5
2851, 6.55087e-07, 0.5
2852, 6.2364e-07, 0.5
2853, 5.89597e-07, 0.5
2854, 5.56292e-07, 0.5
2855, 5.27779e-07, 0.5
2856, 5.08331e-07, 0.5
2857, 5.01458e-07, 0.5
2858, 5.08696e-07, 0.5
2859, 5.2894e-07, 0.5
2860, 5.58843e-07, 0.5
2861, 5.93939e-07, 0.5
2862, 6.29689e-07, 0.5
2863, 6.62096e-07, 0.5
2864, 6.87936e-07, 0.5
2865, 7.04815e-07, 0.5
2866, 7.11157e-07, 0.5
2867, 7.06194e-07, 0.5
2868, 6.89971e-07, 0.5
2869, 6.63378e-07, 0.5
2870, 6.28214e-07, 0.5
2871, 5.87291e-07, 0.5
2872, 5.44542e-07, 0.5
2873, 5.05051e-07, 0.5
2874, 4.74704e-07, 0.5
2875, 4.59045e-07, 0.5
2876, 4.61289e-07, 0.5
2877, 4.80717e-07, 0.5
2878, 5.13023e-07, 0.5
2879, 5.52251e-07, 0.5
2880, 5.9258e-07, 0.5
2881, 6.29187e-07, 0.5
2882, 6.58429e-07, 0.5
2883, 6.77772e-07, 0.5
2884, 6.85688e-07, 0.5
2885, 6.8157e-07, 0.5
2886, 6.65703e-07, 0.5
2887, 6.39257e-07, 0.5
2888, 6.04337e-07, 0.5
2889, 5.6405e-07, 0.5
2890, 5.22586e-07, 0.5
2891, 4.85162e-07, 0.5
2892, 4.57538e-07, 0.5
2893, 4.44723e-07, 0.5
2894, 4.49045e-07, 0.5
2895, 4.68965e-07, 0.5
2896, 4.99846e-07, 0.5
2897, 5.35912e-07, 0.5
2898, 5.71795e-07, 0.5
2899, 6.03208e-07, 0.5
2900, 6.27037e-07, 0.5
2901, 6.41259e-07, 0.5
2902, 6.44833e-07, 0.5
2903, 6.37615e-07, 0.5
2904, 6.20324e-07, 0.5
2905, 5.94526e-07, 0.5
2906, 5.62641e-07, 0.5
2907, 5.27952e-07, 0.5
2908, 4.9453e-07, 0.5
2909, 4.66922e-07, 0.5
2910, 4.49401e-07, 0.5
2911, 4.44754e-07, 0.5
2912, 4.53184e-07, 0.5
2913, 4.72213e-07, 0.5
2914, 4.97707e-07, 0.5
2915, 5.25187e-07, 0.5
2916, 5.50713e-07, 0.5
2917, 5.71245e-07, 0.5
2918, 5.84712e-07, 0.5
2919, 5.89962e-07, 0.5
2920, 5.86705e-07, 0.5
2921, 5.75452e-07, 0.5
2922, 5.57472e-07, 0.5
2923, 5.34754e-07, 0.5
2924, 5.0992e-07, 0.5
2925, 4.86068e-07, 0.5
2926, 4.66429e-07, 0.5
2927, 4.53805e-07, 0.5
2928, 4.49858e-07, 0.5
2929, 4.54597e-07, 0.5
2930, 4.66374e-07, 0.5
2931, 4.82447e-07, 0.5
2932, 4.9972e-07, 0.5
2933, 5.15345e-07, 0.5
2934, 5.27057e-07, 0.5
2935, 5.33314e-07, 0.5
2936, 5.33334e-07, 0.5
2937, 5.27081e-07, 0.5
2938, 5.15235e-07, 0.5
2939, 4.99152e-07, 0.5
2940, 4.80789e-07, 0.5
2941, 4.62561e-07, 0.5
2942, 4.47073e-07, 0.5
2943, 4.36685e-07, 0.5
2944, 4.32977e-07, 0.5
2945, 4.36292e-07, 0.5
2946, 4.45631e-07, 0.5
2947, 4.58961e-07, 0.5
2948, 4.73757e-07, 0.5
2949, 4.87509e-07, 0.5
2950, 4.98072e-07, 0.5
2951, 5.03851e-07, 0.5
2952, 5.03877e-07, 0.5
2953, 4.97834e-07, 0.5
2954, 4.86061e-07, 0.5
2955, 4.69548e-07, 0.5
2956, 4.49909e-07, 0.5
2957, 4.29326e-07, 0.5
2958, 4.10392e-07, 0.5
2959, 3.95789e-07, 0.5
2960, 3.87763e-07, 0.5
2961, 3.87502e-07, 0.5
2962, 3.9474e-07, 0.5
2963, 4.07843e-07, 0.5
2964, 4.24333e-07, 0.5
2965, 4.4151e-07, 0.5
2966, 4.56922e-07, 0.5
2967, 4.68608e-07, 0.5
2968, 4.75194e-07, 0.5
2969, 4.75916e-07, 0.5
2970, 4.70601e-07, 0.5
2971, 4.59657e-07, 0.5
2972, 4.44041e-07, 0.5
2973, 4.25233e-07, 0.5
2974, 4.0517e-07, 0.5
2975, 3.8612e-07, 0.5
2976, 3.70434e-07, 0.5
2977, 3.60137e-07, 0.5
2978, 3.56438e-07, 0.5
2979, 3.59367e-07, 0.5
2980, 3.67776e-07, 0.5
2981, 3.79721e-07, 0.5
2982, 3.92986e-07, 0.5
2983, 4.05514e-07, 0.5
2984, 4.15661e-07, 0.5
2985, 4.22301e-07, 0.5
2986, 4.24834e-07, 0.5
2987, 4.2317e-07, 0.5
2988, 4.17677e-07, 0.5
2989, 4.09119e-07, 0.5
2990, 3.98573e-07, 0.5
2991, 3.87312e-07, 0.5
2992, 3.76649e-07, 0.5
2993, 3.67753e-07, 0.5
2994, 3.61441e-07, 0.5
2995, 3.58038e-07, 0.5
2996, 3.57325e-07, 0.5
2997, 3.58632e-07, 0.5
2998, 3.61024e-07, 0.5
2999, 3.63523e-07, 0.5
3000, 3.65304e-07, 0.5
3001, 3.65821e-07, 0.5
3002, 3.64878e-07, 0.5
3003, 3.62638e-07, 0.5
3004, 3.5958e-07, 0.5
3005, 3.56406e-07, 0.5
3006, 3.53899e-07, 0.5
3007, 3.52754e-07, 0.5
3008, 3.53398e-07, 0.5
3009, 3.55872e-07, 0.5
3010, 3.59781e-07, 0.5
3011, 3.64365e-07, 0.5
3012, 3.68635e-07, 0.5
3013, 3.7154e-07, 0.5
3014, 3.72133e-07, 0.5
3015, 3.69707e-07, 0.5
3016, 3.63895e-07, 0.5
3017, 3.54754e-07, 0.5
3018, 3.42826e-07, 0.5
3019, 3.29172e-07, 0.5
3020, 3.15369e-07, 0.5
3021, 3.03404e-07, 0.5
3022, 2.95397e-07, 0.5
3023, 2.93117e-07, 0.5
3024, 2.97404e-07, 0.5
3025, 3.07832e-07, 0.5
3026, 3.22826e-07, 0.5
3027, 3.40142e-07, 0.5
3028, 3.57379e-07, 0.5
3029, 3.72332e-07, 0.5
3030, 3.83179e-07, 0.5
3031, 3.88553e-07, 0.5
3032, 3.87581e-07, 0.5
3033, 3.79901e-07, 0.5
3034, 3.65699e-07, 0.5
3035, 3.45761e-07, 0.5
3036, 3.21564e-07, 0.5
3037, 2.95406e-07, 0.5
3038, 2.70539e-07, 0.5
3039, 2.51102e-07, 0.5
3040, 2.41396e-07, 0.5
3041, 2.44183e-07, 0.5
3042, 2.59056e-07, 0.5
3043, 2.82708e-07, 0.5
3044, 3.10718e-07, 0.5
3045, 3.38991e-07, 0.5
3046, 3.64265e-07, 0.5
3047, 3.84112e-07, 0.5
3048, 3.96828e-07, 0.5
3049, 4.01338e-07, 0.5
3050, 3.9714e-07, 0.5
3051, 3.84293e-07, 0.5
3052, 3.6344e-07, 0.5
3053, 3.35867e-07, 0.5
3054, 3.03652e-07, 0.5
3055, 2.69915e-07, 0.5
3056, 2.39158e-07, 0.5
3057, 2.17323e-07, 0.5
3058, 2.10333e-07, 0.5
3059, 2.20532e-07, 0.5
3060, 2.447e-07, 0.5
3061, 2.76693e-07, 0.5
3062, 3.10749e-07, 0.5
3063, 3.4257e-07, 0.5
3064, 3.69163e-07, 0.5
3065, 3.88506e-07, 0.5
3066, 3.99325e-07, 0.5
3067, 4.00971e-07, 0.5
3068, 3.93368e-07, 0.5
3069, 3.77003e-07, 0.5
3070, 3.52961e-07, 0.5
3071, 3.23004e-07, 0.5
3072, 2.89749e-07, 0.5
3073, 2.56932e-07, 0.5
3074, 2.29644e-07, 0.5
3075, 2.13835e-07, 0.5
3076, 2.13918e-07, 0.5
3077, 2.29584e-07, 0.5
3078, 2.56023e-07, 0.5
3079, 2.87255e-07, 0.5
3080, 3.18348e-07, 0.5
3081, 3.45792e-07, 0.5
3082, 3.67223e-07, 0.5
3083, 3.81145e-07, 0.5
3084, 3.86759e-07, 0.5
3085, 3.83874e-07, 0.5
3086, 3.72875e-07, 0.5
3087, 3.54728e-07, 0.5
3088, 3.31026e-07, 0.5
3089, 3.04072e-07, 0.5
3090, 2.76983e-07, 0.5
3091, 2.53699e-07, 0.5
3092, 2.38523e-07, 0.5
3093, 2.34788e-07, 0.5
3094, 2.43088e-07, 0.5
3095, 2.6088e-07, 0.5
3096, 2.83968e-07, 0.5
3097, 3.08216e-07, 0.5
3098, 3.30321e-07, 0.5
3099, 3.47915e-07, 0.5
3100, 3.59461e-07, 0.5
3101, 3.64121e-07, 0.5
3102, 3.61688e-07, 0.5
3103, 3.52547e-07, 0.5
3104, 3.37668e-07, 0.5
3105, 3.18632e-07, 0.5
3106, 2.9766e-07, 0.5
3107, 2.7759e-07, 0.5
3108, 2.61665e-07, 0.5
3109, 2.52924e-07, 0.5
3110, 2.5317e-07, 0.5
3111, 2.62131e-07, 0.5
3112, 2.77597e-07, 0.5
3113, 2.96401e-07, 0.5
3114, 3.15405e-07, 0.5
3115, 3.32001e-07, 0.5
3116, 3.44255e-07, 0.5
3117, 3.50893e-07, 0.5
3118, 3.51255e-07, 0.5
3119, 3.45265e-07, 0.5
3120, 3.33417e-07, 0.5
3121, 3.16797e-07, 0.5
3122, 2.9712e-07, 0.5
3123, 2.7676e-07, 0.5
3124, 2.587e-07, 0.5
3125, 2.46192e-07, 0.5
3126, 2.4193e-07, 0.5
3127, 2.46944e-07, 0.5
3128, 2.60076e-07, 0.5
3129, 2.78573e-07, 0.5
3130, 2.99189e-07, 0.5
3131, 3.18977e-07, 0.5
3132, 3.35593e-07, 0.5
3133, 3.47337e-07, 0.5
3134, 3.53102e-07, 0.5
3135, 3.52336e-07, 0.5
3136, 3.45002e-07, 0.5
3137, 3.31585e-07, 0.5
3138, 3.13103e-07, 0.5
3139, 2.91168e-07, 0.5
3140, 2.68052e-07, 0.5
3141, 2.46726e-07, 0.5
3142, 2.30664e-07, 0.5
3143, 2.23111e-07, 0.5
3144, 2.25775e-07, 0.5
3145, 2.37875e-07, 0.5
3146, 2.566e-07, 0.5
3147, 2.7845e-07, 0.5
3148, 3.00248e-07, 0.5
3149, 3.1951e-07, 0.5
3150, 3.34448e-07, 0.5
3151, 3.4389e-07, 0.5
3152, 3.47196e-07, 0.5
3153, 3.44208e-07, 0.5
3154, 3.35216e-07, 0.5
3155, 3.20957e-07, 0.5
3156, 3.02621e-07, 0.5
3157, 2.81878e-07, 0.5
3158, 2.60896e-07, 0.5
3159, 2.42284e-07, 0.5
3160, 2.28816e-07, 0.5
3161, 2.22769e-07, 0.5
3162, 2.25044e-07, 0.5
3163, 2.34722e-07, 0.5
3164, 2.49525e-07, 0.5
3165, 2.66736e-07, 0.5
3166, 2.83902e-07, 0.5
3167, 2.99106e-07, 0.5
3168, 3.11004e-07, 0.5
3169, 3.18764e-07, 0.5
3170, 3.22006e-07, 0.5
3171, 3.2074e-07, 0.5
3172, 3.15325e-07, 0.5
3173, 3.06427e-07, 0.5
3174, 2.94986e-07, 0.5
3175, 2.82161e-07, 0.5
3176, 2.69264e-07, 0.5
3177, 2.57641e-07, 0.5
3178, 2.48505e-07, 0.5
3179, 2.42732e-07, 0.5
3180, 2.40676e-07, 0.5
3181, 2.42111e-07, 0.5
3182, 2.46329e-07, 0.5
3183, 2.52363e-07, 0.5
3184, 2.59212e-07, 0.5
3185, 2.66014e-07, 0.5
3186, 2.72123e-07, 0.5
3187, 2.77131e-07, 0.5
3188, 2.80846e-07, 0.5
3189, 2.83238e-07, 0.5
3190, 2.84392e-07, 0.5
3191, 2.84449e-07, 0.5
3192, 2.83551e-07, 0.5
3193, 2.81809e-07, 0.5
3194, 2.79282e-07, 0.5
3195, 2.75974e-07, 0.5
3196, 2.71861e-07, 0.5
3197, 2.66929e-07, 0.5
3198, 2.61222e-07, 0.5
3199, 2.54892e-07, 0.5
3200, 2.48242e-07, 0.5
3201, 2.41748e-07, 0.5
3202, 2.36049e-07, 0.5
3203, 2.31879e-07, 0.5
3204, 2.2995e-07, 0.5
3205, 2.30782e-07, 0.5
3206, 2.34546e-07, 0.5
3207, 2.40979e-07, 0.5
3208, 2.49411e-07, 0.5
3209, 2.58886e-07, 0.5
3210, 2.68314e-07, 0.5
3211, 2.76612e-07, 0.5
3212, 2.8281e-07, 0.5
3213, 2.86117e-07, 0.5
3214, 2.8597e-07, 0.5
3215, 2.82074e-07, 0.5
3216, 2.74429e-07, 0.5
3217, 2.63372e-07, 0.5
3218, 2.49613e-07, 0.5
3219, 2.34288e-07, 0.5
3220, 2.18988e-07, 0.5
3221, 2.05725e-07, 0.5
3222, 1.967e-07, 0.5
3223, 1.93754e-07, 0.5
3224, 1.97647e-07, 0.5
3225, 2.07674e-07, 0.5
3226, 2.21994e-07, 0.5
3227, 2.38319e-07, 0.5
3228, 2.54472e-07, 0.5
3229, 2.68637e-07, 0.5
3230, 2.79419e-07, 0.5
3231, 2.85827e-07, 0.5
3232, 2.87257e-07, 0.5
3233, 2.83474e-07, 0.5
3234, 2.74613e-07, 0.5
3235, 2.61196e-07, 0.5
3236, 2.44173e-07, 0.5
3237, 2.24983e-07, 0.5
3238, 2.05641e-07, 0.5
3239, 1.88763e-07, 0.5
3240, 1.77316e-07, 0.5
3241, 1.73802e-07, 0.5
3242, 1.79029e-07, 0.5
3243, 1.91598e-07, 0.5
3244, 2.08725e-07, 0.5
3245, 2.27442e-07, 0.5
3246, 2.45251e-07, 0.5
3247, 2.60269e-07, 0.5
3248, 2.71172e-07, 0.5
3249, 2.77112e-07, 0.5
3250, 2.77662e-07, 0.5
3251, 2.72781e-07, 0.5
3252, 2.6281e-07, 0.5
3253, 2.48481e-07, 0.5
3254, 2.30959e-07, 0.5
3255, 2.11899e-07, 0.5
3256, 1.93508e-07, 0.5
3257, 1.78492e-07, 0.5
3258, 1.69637e-07, 0.5
3259, 1.68827e-07, 0.5
3260, 1.76011e-07, 0.5
3261, 1.89219e-07, 0.5
3262, 2.0562e-07, 0.5
3263, 2.22523e-07, 0.5
3264, 2.37797e-07, 0.5
3265, 2.4991e-07, 0.5
3266, 2.57851e-07, 0.5
3267, 2.61057e-07, 0.5
3268, 2.59365e-07, 0.5
3269, 2.52983e-07, 0.5
3270, 2.42485e-07, 0.5
3271, 2.28818e-07, 0.5
3272, 2.13326e-07, 0.5
3273, 1.97753e-07, 0.5
3274, 1.84183e-07, 0.5
3275, 1.74774e-07, 0.5
3276, 1.71188e-07, 0.5
3277, 1.73903e-07, 0.5
3278, 1.81964e-07, 0.5
3279, 1.93448e-07, 0.5
3280, 2.06193e-07, 0.5
3281, 2.18295e-07, 0.5
3282, 2.28297e-07, 0.5
3283, 2.35201e-07, 0.5
3284, 2.38431e-07, 0.5
3285, 2.37795e-07, 0.5
3286, 2.33452e-07, 0.5
3287, 2.25901e-07, 0.5
3288, 2.15962e-07, 0.5
3289, 2.04765e-07, 0.5
3290, 1.93697e-07, 0.5
3291, 1.84284e-07, 0.5
3292, 1.77949e-07, 0.5
3293, 1.75644e-07, 0.5
3294, 1.77532e-07, 0.5
3295, 1.82922e-07, 0.5
3296, 1.90534e-07, 0.5
3297, 1.98893e-07, 0.5
3298, 2.06638e-07, 0.5
3299, 2.12692e-07, 0.5
3300, 2.16309e-07, 0.5
3301, 2.1709e-07, 0.5
3302, 2.14961e-07, 0.5
3303, 2.10168e-07, 0.5
3304, 2.03254e-07, 0.5
3305, 1.95038e-07, 0.5
3306, 1.86572e-07, 0.5
3307, 1.79042e-07, 0.5
3308, 1.73595e-07, 0.5
3309, 1.71084e-07, 0.5
3310, 1.71823e-07, 0.5
3311, 1.75482e-07, 0.5
3312, 1.81199e-07, 0.5
3313, 1.87843e-07, 0.5
3314, 1.94266e-07, 0.5
3315, 1.99482e-07, 0.5
3316, 2.02753e-07, 0.5
3317, 2.03619e-07, 0.5
3318, 2.01907e-07, 0.5
3319, 1.97727e-07, 0.5
3320, 1.91465e-07, 0.5
3321, 1.83772e-07, 0.5
3322, 1.75535e-07, 0.5
3323, 1.67814e-07, 0.5
3324, 1.61715e-07, 0.5
3325, 1.58174e-07, 0.5
3326, 1.57708e-07, 0.5
3327, 1.60243e-07, 0.5
3328, 1.65141e-07, 0.5
3329, 1.71407e-07, 0.5
3330, 1.77945e-07, 0.5
3331, 1.8376e-07, 0.5
3332, 1.88064e-07, 0.5
3333, 1.90317e-07, 0.5
3334, 1.90243e-07, 0.5
3335, 1.87823e-07, 0.5
3336, 1.83285e-07, 0.5
3337, 1.77094e-07, 0.5
3338, 1.69929e-07, 0.5
3339, 1.6264e-07, 0.5
3340, 1.56167e-07, 0.5
3341, 1.51399e-07, 0.5
3342, 1.4898e-07, 0.5
3343, 1.49135e-07, 0.5
3344, 1.51599e-07, 0.5
3345, 1.55705e-07, 0.5
3346, 1.60581e-07, 0.5
3347, 1.65345e-07, 0.5
3348, 1.69248e-07, 0.5
3349, 1.71743e-07, 0.5
3350, 1.72516e-07, 0.5
3351, 1.71487e-07, 0.5
3352, 1.68806e-07, 0.5
3353, 1.6483e-07, 0.5
3354, 1.60094e-07, 0.5
3355, 1.55258e-07, 0.5
3356, 1.51024e-07, 0.5
3357, 1.48011e-07, 0.5
3358, 1.4663e-07, 0.5
3359, 1.46966e-07, 0.5
3360, 1.48767e-07, 0.5
3361, 1.51507e-07, 0.5
3362, 1.54523e-07, 0.5
3363, 1.57153e-07, 0.5
3364, 1.58837e-07, 0.5
3365, 1.59187e-07, 0.5
3366, 1.58023e-07, 0.5
3367, 1.5539e-07, 0.5
3368, 1.51561e-07, 0.5
3369, 1.47024e-07, 0.5
3370, 1.42448e-07, 0.5
3371, 1.38602e-07, 0.5
3372, 1.36221e-07, 0.5
3373, 1.35824e-07, 0.5
3374, 1.37561e-07, 0.5
3375, 1.41148e-07, 0.5
3376, 1.45948e-07, 0.5
3377, 1.51134e-07, 0.5
3378, 1.55853e-07, 0.5
3379, 1.59348e-07, 0.5
3380, 1.61031e-07, 0.5
3381, 1.60519e-07, 0.5
3382, 1.57656e-07, 0.5
3383, 1.52538e-07, 0.5
3384, 1.45527e-07, 0.5
3385, 1.37279e-07, 0.5
3386, 1.28765e-07, 0.5
3387, 1.21243e-07, 0.5
3388, 1.16113e-07, 0.5
3389, 1.14564e-07, 0.5
3390, 1.17102e-07, 0.5
3391, 1.23292e-07, 0.5
3392, 1.31968e-07, 0.5
3393, 1.41682e-07, 0.5
3394, 1.51061e-07, 0.5
3395, 1.58964e-07, 0.5
3396, 1.64523e-07, 0.5
3397, 1.67135e-07, 0.5
3398, 1.66452e-07, 0.5
3399, 1.62378e-07, 0.5
3400, 1.55071e-07, 0.5
3401, 1.44977e-07, 0.5
3402, 1.32869e-07, 0.5
3403, 1.19938e-07, 0.5
3404, 1.07894e-07, 0.5
3405, 9.8958e-08, 0.5
3406, 9.5397e-08, 0.5
3407, 9.83751e-08, 0.5
3408, 1.07102e-07, 0.5
3409, 1.19434e-07, 0.5
3410, 1.33067e-07, 0.5
3411, 1.46131e-07, 0.5
3412, 1.57251e-07, 0.5
3413, 1.65464e-07, 0.5
3414, 1.70131e-07, 0.5
3415, 1.70888e-07, 0.5
3416, 1.67626e-07, 0.5
3417, 1.60483e-07, 0.5
3418, 1.49862e-07, 0.5
3419, 1.36467e-07, 0.5
3420, 1.21395e-07, 0.5
3421, 1.06283e-07, 0.5
3422, 9.35097e-08, 0.5
3423, 8.60775e-08, 0.5
3424, 8.63925e-08, 0.5
3425, 9.43331e-08, 0.5
3426, 1.07363e-07, 0.5
3427, 1.22497e-07, 0.5
3428, 1.37411e-07, 0.5
3429, 1.50506e-07, 0.5
3430, 1.6071e-07, 0.5
3431, 1.67328e-07, 0.5
3432, 1.69964e-07, 0.5
3433, 1.68477e-07, 0.5
3434, 1.62975e-07, 0.5
3435, 1.53812e-07, 0.5
3436, 1.41622e-07, 0.5
3437, 1.27372e-07, 0.5
3438, 1.12478e-07, 0.5
3439, 9.89578e-08, 0.5
3440, 8.9458e-08, 0.5
3441, 8.65614e-08, 0.5
3442, 9.11317e-08, 0.5
3443, 1.0153e-07, 0.5
3444, 1.14972e-07, 0.5
3445, 1.28989e-07, 0.5
3446, 1.41807e-07, 0.5
3447, 1.52236e-07, 0.5
3448, 1.59509e-07, 0.5
3449, 1.63181e-07, 0.5
3450, 1.63085e-07, 0.5
3451, 1.59299e-07, 0.5
3452, 1.52154e-07, 0.5
3453, 1.42243e-07, 0.5
3454, 1.30458e-07, 0.5
3455, 1.18055e-07, 0.5
3456, 1.06702e-07, 0.5
3457, 9.84051e-08, 0.5
3458, 9.50253e-08, 0.5
3459, 9.73508e-08, 0.5
3460, 1.04546e-07, 0.5
3461, 1.14716e-07, 0.5
3462, 1.25854e-07, 0.5
3463, 1.3634e-07, 0.5
3464, 1.45012e-07, 0.5
3465, 1.51097e-07, 0.5
3466, 1.54147e-07, 0.5
3467, 1.53989e-07, 0.5
3468, 1.50707e-07, 0.5
3469, 1.44631e-07, 0.5
3470, 1.36354e-07, 0.5
3471, 1.26749e-07, 0.5
3472, 1.16989e-07, 0.5
3473, 1.08524e-07, 0.5
3474, 1.02897e-07, 0.5
3475, 1.01301e-07, 0.5
3476, 1.04024e-07, 0.5
3477, 1.10285e-07, 0.5
3478, 1.1865e-07, 0.5
3479, 1.27596e-07, 0.5
3480, 1.35831e-07, 0.5
3481, 1.4239e-07, 0.5
3482, 1.46618e-07, 0.5
3483, 1.48138e-07, 0.5
3484, 1.46828e-07, 0.5
3485, 1.42808e-07, 0.5
3486, 1.3644e-07, 0.5
3487, 1.2834e-07, 0.5
3488, 1.19397e-07, 0.5
3489, 1.10778e-07, 0.5
3490, 1.03859e-07, 0.5
3491, 9.99821e-08, 0.5
3492, 9.99976e-08, 0.5
3493, 1.03848e-07, 0.5
3494, 1.10602e-07, 0.5
3495, 1.18897e-07, 0.5
3496, 1.27385e-07, 0.5
3497, 1.34954e-07, 0.5
3498, 1.4078e-07, 0.5
3499, 1.44308e-07, 0.5
3500, 1.45232e-07, 0.5
3501, 1.43471e-07, 0.5
3502, 1.39161e-07, 0.5
3503, 1.32658e-07, 0.5
3504, 1.24549e-07, 0.5
3505, 1.15666e-07, 0.5
3506, 1.07094e-07, 0.5
3507, 1.00115e-07, 0.5
3508, 9.59901e-08, 0.5
3509, 9.55504e-08, 0.5
3510, 9.88007e-08, 0.5
3511, 1.04916e-07, 0.5
3512, 1.1264e-07, 0.5
3513, 1.20711e-07, 0.5
3514, 1.28084e-07, 0.5
3515, 1.33985e-07, 0.5
3516, 1.37894e-07, 0.5
3517, 1.39521e-07, 0.5
3518, 1.38784e-07, 0.5
3519, 1.35791e-07, 0.5
3520, 1.30836e-07, 0.5
3521, 1.24394e-07, 0.5
3522, 1.17118e-07, 0.5
3523, 1.09827e-07, 0.5
3524, 1.03455e-07, 0.5
3525, 9.89222e-08, 0.5
3526, 9.69156e-08, 0.5
3527, 9.76527e-08, 0.5
3528, 1.00793e-07, 0.5
3529, 1.05583e-07, 0.5
3530, 1.11124e-07, 0.5
3531, 1.16582e-07, 0.5
3532, 1.21294e-07, 0.5
3533, 1.24799e-07, 0.5
3534, 1.26832e-07, 0.5
3535, 1.27305e-07, 0.5
3536, 1.26289e-07, 0.5
3537, 1.23994e-07, 0.5
3538, 1.20744e-07, 0.5
3539, 1.16954e-07, 0.5
3540, 1.13086e-07, 0.5
3541, 1.09597e-07, 0.5
3542, 1.06869e-07, 0.5
3543, 1.05145e-07, 0.5
3544, 1.04482e-07, 0.5
3545, 1.04752e-07, 0.5
3546, 1.05685e-07, 0.5
3547, 1.0695e-07, 0.5
3548, 1.08226e-07, 0.5
3549, 1.09262e-07, 0.5
3550, 1.09907e-07, 0.5
3551, 1.10122e-07, 0.5
3552, 1.0997e-07, 0.5
3553, 1.09598e-07, 0.5
3554, 1.09196e-07, 0.5
3555, 1.0896e-07, 0.5
3556, 1.09038e-07, 0.5
3557, 1.09496e-07, 0.5
3558, 1.10291e-07, 0.5
3559, 1.11276e-07, 0.5
3560, 1.12227e-07, 0.5
3561, 1.12881e-07, 0.5
3562, 1.12982e-07, 0.5
3563, 1.12324e-07, 0.5
3564, 1.10784e-07, 0.5
3565, 1.08348e-07, 0.5
3566, 1.05133e-07, 0.5
3567, 1.014e-07, 0.5
3568, 9.75523e-08, 0.5
3569, 9.41104e-08, 0.5
3570, 9.16481e-08, 0.5
3571, 9.06726e-08, 0.5
3572, 9.14775e-08, 0.5
3573, 9.40343e-08, 0.5
3574, 9.79906e-08, 0.5
3575, 1.02772e-07, 0.5
3576, 1.0772e-07, 0.5
3577, 1.12198e-07, 0.5
3578, 1.15658e-07, 0.5
3579, 1.17674e-07, 0.5
3580, 1.17957e-07, 0.5
3581, 1.1636e-07, 0.5
3582, 1.12891e-07, 0.5
3583, 1.07723e-07, 0.5
3584, 1.01212e-07, 0.5
3585, 9.39271e-08, 0.5
3586, 8.66735e-08, 0.5
3587, 8.04881e-08, 0.5
3588, 7.65144e-08, 0.5
3589, 7.56681e-08, 0.5
3590, 7.82002e-08, 0.5
3591, 8.3548e-08, 0.5
3592, 9.06385e-08, 0.5
3593, 9.83117e-08, 0.5
3594, 1.05564e-07, 0.5
3595, 1.11617e-07, 0.5
3596, 1.15903e-07, 0.5
3597, 1.18049e-07, 0.5
3598, 1.17852e-07, 0.5
3599, 1.15278e-07, 0.5
3600, 1.10454e-07, 0.5
3601, 1.03689e-07, 0.5
3602, 9.54875e-08, 0.5
3603, 8.66015e-08, 0.5
3604, 7.80776e-08, 0.5
3605, 7.12656e-08, 0.5
3606, 6.76076e-08, 0.5
3607, 6.80438e-08, 0.5
3608, 7.2399e-08, 0.5
3609, 7.95014e-08, 0.5
3610, 8.78744e-08, 0.5
3611, 9.62327e-08, 0.5
3612, 1.03612e-07, 0.5
3613, 1.09333e-07, 0.5
3614, 1.12953e-07, 0.5
3615, 1.1422e-07, 0.5
3616, 1.13055e-07, 0.5
3617, 1.09541e-07, 0.5
3618, 1.03926e-07, 0.5
3619, 9.66394e-08, 0.5
3620, 8.83135e-08, 0.5
3621, 7.98298e-08, 0.5
3622, 7.23444e-08, 0.5
3623, 6.7201e-08, 0.5
3624, 6.55503e-08, 0.5
3625, 6.77336e-08, 0.5
3626, 7.30382e-08, 0.5
3627, 8.01565e-08, 0.5
3628, 8.77812e-08, 0.5
3629, 9.48755e-08, 0.5
3630, 1.00699e-07, 0.5
3631, 1.0476e-07, 0.5
3632, 1.06775e-07, 0.5
3633, 1.06632e-07, 0.5
3634, 1.04384e-07, 0.5
3635, 1.00239e-07, 0.5
3636, 9.45668e-08, 0.5
3637, 8.79067e-08, 0.5
3638, 8.09838e-08, 0.5
3639, 7.47019e-08, 0.5
3640, 7.00611e-08, 0.5
3641, 6.79229e-08, 0.5
3642, 6.86548e-08, 0.5
3643, 7.19281e-08, 0.5
3644, 7.68938e-08, 0.5
3645, 8.25535e-08, 0.5
3646, 8.80233e-08, 0.5
3647, 9.26285e-08, 0.5
3648, 9.59065e-08, 0.5
3649, 9.75847e-08, 0.5
3650, 9.75591e-08, 0.5
3651, 9.588e-08, 0.5
3652, 9.27441e-08, 0.5
3653, 8.8491e-08, 0.5
3654, 8.35994e-08, 0.5
3655, 7.8674e-08, 0.5
3656, 7.44019e-08, 0.5
3657, 7.14503e-08, 0.5
3658, 7.02973e-08, 0.5
3659, 7.10605e-08, 0.5
3660, 7.3448e-08, 0.5
3661, 7.68793e-08, 0.5
3662, 8.06793e-08, 0.5
3663, 8.42292e-08, 0.5
3664, 8.70415e-08, 0.5
3665, 8.87812e-08, 0.5
3666, 8.92655e-08, 0.5
3667, 8.8456e-08, 0.5
3668, 8.64522e-08, 0.5
3669, 8.34843e-08, 0.5
3670, 7.99058e-08, 0.5
3671, 7.61763e-08, 0.5
3672, 7.28238e-08, 0.5
3673, 7.03689e-08, 0.5
3674, 6.92096e-08, 0.5
3675, 6.9501e-08, 0.5
3676, 7.11008e-08, 0.5
3677, 7.36218e-08, 0.5
3678, 7.65546e-08, 0.5
3679, 7.9389e-08, 0.5
3680, 8.16914e-08, 0.5
3681, 8.3142e-08, 0.5
3682, 8.35465e-08, 0.5
3683, 8.28374e-08, 0.5
3684, 8.10721e-08, 0.5
3685, 7.84287e-08, 0.5
3686, 7.52014e-08, 0.5
3687, 7.17866e-08, 0.5
3688, 6.86526e-08, 0.5
3689, 6.62771e-08, 0.5
3690, 6.50463e-08, 0.5
3691, 6.51434e-08, 0.5
3692, 6.64838e-08, 0.5
3693, 6.87459e-08, 0.5
3694, 7.14746e-08, 0.5
3695, 7.41944e-08, 0.5
3696, 7.64882e-08, 0.5
3697, 7.80383e-08, 0.5
3698, 7.86405e-08, 0.5
3699, 7.82079e-08, 0.5
3700, 7.67699e-08, 0.5
3701, 7.44692e-08, 0.5
3702, 7.15576e-08, 0.5
3703, 6.83858e-08, 0.5
3704, 6.53786e-08, 0.5
3705, 6.2983e-08, 0.5
3706, 6.15817e-08, 0.5
3707, 6.13883e-08, 0.5
3708, 6.23745e-08, 0.5
3709, 6.42796e-08, 0.5
3710, 6.66964e-08, 0.5
3711, 6.91785e-08, 0.5
3712, 7.13225e-08, 0.5
3713, 7.2813e-08, 0.5
3714, 7.34417e-08, 0.5
3715, 7.31137e-08, 0.5
3716, 7.18473e-08, 0.5
3717, 6.97735e-08, 0.5
3718, 6.71324e-08, 0.5
3719, 6.42635e-08, 0.5
3720, 6.15802e-08, 0.5
3721, 5.95168e-08, 0.5
3722, 5.84382e-08, 0.5
3723, 5.85342e-08, 0.5
3724, 5.97518e-08, 0.5
3725, 6.18119e-08, 0.5
3726, 6.42993e-08, 0.5
3727, 6.67679e-08, 0.5
3728, 6.88178e-08, 0.5
3729, 7.01364e-08, 0.5
3730, 7.05168e-08, 0.5
3731, 6.98643e-08, 0.5
3732, 6.82e-08, 0.5
3733, 6.56645e-08, 0.5
3734, 6.25225e-08, 0.5
3735, 5.91626e-08, 0.5
3736, 5.60808e-08, 0.5
3737, 5.38234e-08, 0.5
3738, 5.28642e-08, 0.5
3739, 5.34407e-08, 0.5
3740, 5.54498e-08, 0.5
3741, 5.84895e-08, 0.5
3742, 6.20092e-08, 0.5
3743, 6.54537e-08, 0.5
3744, 6.83456e-08, 0.5
3745, 7.03171e-08, 0.5
3746, 7.11168e-08, 0.5
3747, 7.06091e-08, 0.5
3748, 6.87745e-08, 0.5
3749, 6.57147e-08, 0.5
3750, 6.16637e-08, 0.5
3751, 5.70065e-08, 0.5
3752, 5.23031e-08, 0.5
3753, 4.8291e-08, 0.5
3754, 4.5798e-08, 0.5
3755, 4.54788e-08, 0.5
3756, 4.74684e-08, 0.5
3757, 5.12953e-08, 0.5
3758, 5.61587e-08, 0.5
3759, 6.12484e-08, 0.5
3760, 6.58953e-08, 0.5
3761, 6.95963e-08, 0.5
3762, 7.19966e-08, 0.5
3763, 7.28713e-08, 0.5
3764, 7.21134e-08, 0.5
3765, 6.973e-08, 0.5
3766, 6.58456e-08, 0.5
3767, 6.07166e-08, 0.5
3768, 5.47601e-08, 0.5
3769, 4.86067e-08, 0.5
3770, 4.31658e-08, 0.5
