1 1 0.95 0.9 0.85 0.8 0.75 0.7 0.65 0.6 0.55 0.5 0.45 0.4 0.35 0.3 0.25 0.2 0.15 0.1 0.05 0 -0.05 -0.1 -0.15 -0.2 -0.25 -0.3 -0.35 -0.4 -0.45 -0.5 -0.55 -0.6 -0.65 -0.7 -0.75 -0.8 -0.85 -0.9 -0.95 -1 -1 
1 1 0.964438 0.909 0.8585 0.808 0.7575 0.707 0.6565 0.606 0.5555 0.505 0.4545 0.404 0.3535 0.303 0.2525 0.202 0.1515 0.101 0.0505 -4.01155e-19 -0.0505 -0.101 -0.1515 -0.202 -0.2525 -0.303 -0.3535 -0.404 -0.4545 -0.505 -0.5555 -0.606 -0.6565 -0.707 -0.7575 -0.808 -0.8585 -0.909 -0.964438 -1 -1 
1 1 0.975369 0.920164 0.866973 0.816161 0.765151 0.714141 0.663131 0.612121 0.561111 0.510101 0.45909 0.40808 0.35707 0.30606 0.25505 0.20404 0.15303 0.10202 0.0510101 -8.13152e-19 -0.0510101 -0.10202 -0.15303 -0.20404 -0.25505 -0.30606 -0.35707 -0.40808 -0.45909 -0.510101 -0.561111 -0.612121 -0.663131 -0.714141 -0.765151 -0.816161 -0.866973 -0.920164 -0.975369 -1 -1 
1 1 0.98311 0.932664 0.876005 0.824367 0.772965 0.721426 0.669896 0.618365 0.566835 0.515305 0.463774 0.412244 0.360713 0.309183 0.257652 0.206122 0.154591 0.103061 0.0515305 -1.24683e-18 -0.0515305 -0.103061 -0.154591 -0.206122 -0.257652 -0.309183 -0.360713 -0.412244 -0.463774 -0.515305 -0.566835 -0.618365 -0.669896 -0.721426 -0.772965 -0.824367 -0.876005 -0.932664 -0.98311 -1 -1 
1 1 0.988442 0.945236 0.886013 0.832678 0.780907 0.728867 0.6768 0.624738 0.572677 0.520615 0.468554 0.416492 0.364431 0.312369 0.260308 0.208246 0.156185 0.104123 0.0520615 -1.7022e-18 -0.0520615 -0.104123 -0.156185 -0.208246 -0.260308 -0.312369 -0.364431 -0.416492 -0.468554 -0.520615 -0.572677 -0.624738 -0.6768 -0.728867 -0.780907 -0.832678 -0.886013 -0.945236 -0.988442 -1 -1 
1 1 0.992087 0.956794 0.897188 0.841269 0.788941 0.736465 0.683848 0.631243 0.57864 0.526036 0.473433 0.420829 0.368225 0.315622 0.263018 0.210414 0.157811 0.105207 0.0526036 -2.15756e-18 -0.0526036 -0.105207 -0.157811 -0.210414 -0.263018 -0.315622 -0.368225 -0.420829 -0.473433 -0.526036 -0.57864 -0.631243 -0.683848 -0.736465 -0.788941 -0.841269 -0.897188 -0.956794 -0.992087 -1 -1 
1 1 0.994576 0.966697 0.909391 0.850372 0.797067 0.744205 0.691049 0.637884 0.584727 0.53157 0.478413 0.425256 0.372099 0.318942 0.265785 0.212628 0.159471 0.106314 0.053157 -2.64545e-18 -0.053157 -0.106314 -0.159471 -0.212628 -0.265785 -0.318942 -0.372099 -0.425256 -0.478413 -0.53157 -0.584727 -0.637884 -0.691049 -0.744205 -0.797067 -0.850372 -0.909391 -0.966697 -0.994576 -1 -1 
1 1 0.996278 0.974756 0.922133 0.860228 0.805336 0.752066 0.698407 0.644667 0.590944 0.537222 0.4835 0.429777 0.376055 0.322333 0.268611 0.214889 0.161167 0.107444 0.0537222 -3.11166e-18 -0.0537222 -0.107444 -0.161167 -0.214889 -0.268611 -0.322333 -0.376055 -0.429777 -0.4835 -0.537222 -0.590944 -0.644667 -0.698407 -0.752066 -0.805336 -0.860228 -0.922133 -0.974756 -0.996278 -1 -1 
1 1 0.997443 0.981092 0.934731 0.871034 0.813856 0.760032 0.705919 0.651598 0.597292 0.542994 0.488695 0.434395 0.380096 0.325796 0.271497 0.217198 0.162898 0.108599 0.0542994 -3.57787e-18 -0.0542994 -0.108599 -0.162898 -0.217198 -0.271497 -0.325796 -0.380096 -0.434395 -0.488695 -0.542994 -0.597292 -0.651598 -0.705919 -0.760032 -0.813856 -0.871034 -0.934731 -0.981092 -0.997443 -1 -1 
1 1 0.998241 0.98596 0.946519 0.882853 0.822778 0.7681 0.713576 0.658684 0.603779 0.54889 0.494002 0.439113 0.384224 0.329334 0.274445 0.219556 0.164667 0.109778 0.0548891 -4.08744e-18 -0.0548891 -0.109778 -0.164667 -0.219556 -0.274445 -0.329334 -0.384224 -0.439113 -0.494002 -0.54889 -0.603779 -0.658684 -0.713576 -0.7681 -0.822778 -0.882853 -0.946519 -0.98596 -0.998241 -1 -1 
1 1 0.998789 0.989642 0.957014 0.895542 0.832285 0.776299 0.721365 0.665928 0.610409 0.554916 0.499425 0.443933 0.388441 0.33295 0.277458 0.221967 0.166475 0.110983 0.0554916 -4.62954e-18 -0.0554916 -0.110983 -0.166475 -0.221967 -0.277458 -0.33295 -0.388441 -0.443933 -0.499425 -0.554916 -0.610409 -0.665928 -0.721365 -0.776299 -0.832285 -0.895542 -0.957014 -0.989642 -0.998789 -1 -1 
1 1 0.999166 0.992398 0.965986 0.908724 0.842567 0.784695 0.729269 0.673332 0.617189 0.561074 0.504967 0.44886 0.392753 0.336645 0.280538 0.22443 0.168323 0.112215 0.0561075 -5.14996e-18 -0.0561075 -0.112215 -0.168323 -0.22443 -0.280538 -0.336645 -0.392753 -0.44886 -0.504967 -0.561074 -0.617189 -0.673332 -0.729269 -0.784695 -0.842567 -0.908724 -0.965986 -0.992398 -0.999166 -1 -1 
1 1 0.999425 0.994444 0.973417 0.921867 0.853781 0.793389 0.737282 0.680889 0.624125 0.567369 0.510634 0.453897 0.39716 0.340423 0.283686 0.226948 0.170211 0.113474 0.0567371 -5.68122e-18 -0.0567371 -0.113474 -0.170211 -0.226948 -0.283686 -0.340423 -0.39716 -0.453897 -0.510634 -0.567369 -0.624125 -0.680889 -0.737282 -0.793389 -0.853781 -0.921867 -0.973417 -0.994444 -0.999425 -1 -1 
1 1 0.999603 0.995953 0.97943 0.934407 0.86599 0.802518 0.745414 0.688591 0.631222 0.573809 0.516427 0.459047 0.401667 0.344286 0.286905 0.229524 0.172143 0.114762 0.0573809 -6.16911e-18 -0.0573809 -0.114762 -0.172143 -0.229524 -0.286905 -0.344286 -0.401667 -0.459047 -0.516427 -0.573809 -0.631222 -0.688591 -0.745414 -0.802518 -0.86599 -0.934407 -0.97943 -0.995953 -0.999603 -1 -1 
1 1 0.999726 0.997061 0.984211 0.945884 0.879094 0.812243 0.753697 0.696424 0.638484 0.580398 0.522353 0.464315 0.406276 0.348237 0.290197 0.232158 0.174118 0.116079 0.0580394 -6.72205e-18 -0.0580394 -0.116079 -0.174118 -0.232158 -0.290197 -0.348237 -0.406276 -0.464315 -0.522353 -0.580398 -0.638484 -0.696424 -0.753697 -0.812243 -0.879094 -0.945884 -0.984211 -0.997061 -0.999726 -1 -1 
1 1 0.999811 0.99787 0.987962 0.95601 0.892805 0.822739 0.762193 0.704378 0.64591 0.587144 0.528416 0.469705 0.410992 0.352279 0.293566 0.234853 0.176139 0.117426 0.0587132 -7.26415e-18 -0.0587132 -0.117426 -0.176139 -0.234853 -0.293566 -0.352279 -0.410992 -0.469705 -0.528416 -0.587144 -0.64591 -0.704378 -0.762193 -0.822739 -0.892805 -0.95601 -0.987962 -0.99787 -0.999811 -1 -1 
1 1 0.999869 0.99846 0.990873 0.964681 0.906673 0.834163 0.770995 0.712449 0.653495 0.594053 0.534621 0.47522 0.415818 0.356416 0.297013 0.23761 0.178208 0.118805 0.0594026 -7.87131e-18 -0.0594026 -0.118805 -0.178208 -0.23761 -0.297013 -0.356416 -0.415818 -0.47522 -0.534621 -0.594053 -0.653495 -0.712449 -0.770995 -0.834163 -0.906673 -0.964681 -0.990873 -0.99846 -0.999869 -1 -1 
1 1 0.999909 0.998889 0.993114 0.971932 0.920178 0.846607 0.780229 0.720647 0.661229 0.60113 0.540975 0.480865 0.420758 0.36065 0.300542 0.240433 0.180325 0.120217 0.0601083 -8.46762e-18 -0.0601083 -0.120217 -0.180325 -0.240433 -0.300542 -0.36065 -0.420758 -0.480865 -0.540975 -0.60113 -0.661229 -0.720647 -0.780229 -0.846607 -0.920178 -0.971932 -0.993114 -0.998889 -0.999909 -1 -1 
1 1 0.999937 0.999199 0.994826 0.977885 0.932841 0.860037 0.790043 0.729002 0.669102 0.608379 0.547484 0.486644 0.425816 0.364986 0.304155 0.243324 0.182493 0.121662 0.0608309 -9.17235e-18 -0.0608309 -0.121662 -0.182493 -0.243324 -0.304155 -0.364986 -0.425816 -0.486644 -0.547484 -0.608379 -0.669102 -0.729002 -0.790043 -0.860037 -0.932841 -0.977885 -0.994826 -0.999199 -0.999937 -1 -1 
1 1 0.999957 0.999424 0.996127 0.982701 0.94431 0.874249 0.800607 0.737567 0.677105 0.615799 0.554155 0.492564 0.430997 0.369426 0.307855 0.246284 0.184713 0.123142 0.061571 -9.86624e-18 -0.061571 -0.123142 -0.184713 -0.246284 -0.307855 -0.369426 -0.430997 -0.492564 -0.554155 -0.615799 -0.677105 -0.737567 -0.800607 -0.874249 -0.94431 -0.982701 -0.996127 -0.999424 -0.999957 -1 -1 
1 1 0.99997 0.999586 0.99711 0.986552 0.954392 0.888872 0.812088 0.746427 0.685232 0.623387 0.560996 0.49863 0.436303 0.373975 0.311646 0.249317 0.186988 0.124658 0.0623292 -1.05276e-17 -0.0623292 -0.124658 -0.186988 -0.249317 -0.311646 -0.373975 -0.436303 -0.49863 -0.560996 -0.623387 -0.685232 -0.746427 -0.812088 -0.888872 -0.954392 -0.986552 -0.99711 -0.999586 -0.99997 -1 -1 
1 1 0.999979 0.999703 0.99785 0.989603 0.963039 0.903421 0.824616 0.755693 0.693491 0.631136 0.568012 0.504848 0.441741 0.378637 0.315531 0.252425 0.189319 0.126212 0.0631062 -1.11998e-17 -0.0631062 -0.126212 -0.189319 -0.252425 -0.315531 -0.378637 -0.441741 -0.504848 -0.568012 -0.631136 -0.693491 -0.755693 -0.824616 -0.903421 -0.963039 -0.989603 -0.99785 -0.999703 -0.999979 -1 -1 
1 1 0.999986 0.999787 0.998404 0.991999 0.970313 0.917395 0.83823 0.765505 0.701905 0.639034 0.575207 0.511225 0.447315 0.383416 0.319514 0.255611 0.191708 0.127805 0.0639027 -1.1872e-17 -0.0639027 -0.127805 -0.191708 -0.255611 -0.319514 -0.383416 -0.447315 -0.511225 -0.575207 -0.639034 -0.701905 -0.765505 -0.83823 -0.917395 -0.970313 -0.991999 -0.998404 -0.999787 -0.999986 -1 -1 
1 1 0.99999 0.999847 0.998819 0.993869 0.976336 0.930366 0.852823 0.776025 0.710519 0.647074 0.582583 0.517769 0.45303 0.388316 0.323597 0.258878 0.194158 0.129439 0.0647194 -1.25876e-17 -0.0647194 -0.129439 -0.194158 -0.258878 -0.323597 -0.388316 -0.45303 -0.517769 -0.582583 -0.647074 -0.710519 -0.776025 -0.852823 -0.930366 -0.976336 -0.993869 -0.998819 -0.999847 -0.99999 -1 -1 
1 1 0.999993 0.999891 0.999127 0.99532 0.98126 0.942046 0.868116 0.787431 0.719403 0.655249 0.590139 0.524488 0.458894 0.393341 0.327786 0.262229 0.196671 0.131114 0.0655571 -1.33682e-17 -0.0655571 -0.131114 -0.196671 -0.262229 -0.327786 -0.393341 -0.458894 -0.524488 -0.590139 -0.655249 -0.719403 -0.787431 -0.868116 -0.942046 -0.98126 -0.99532 -0.999127 -0.999891 -0.999993 -1 -1 
1 1 0.999995 0.999922 0.999356 0.99644 0.985245 0.952292 0.883678 0.799888 0.728655 0.66356 0.597869 0.531389 0.464912 0.398497 0.332084 0.265667 0.19925 0.132833 0.0664167 -1.40621e-17 -0.0664167 -0.132833 -0.19925 -0.265667 -0.332084 -0.398497 -0.464912 -0.531389 -0.597869 -0.66356 -0.728655 -0.799888 -0.883678 -0.952292 -0.985245 -0.99644 -0.999356 -0.999922 -0.999995 -1 -1 
1 1 0.999997 0.999944 0.999526 0.997299 0.988441 0.961091 0.899002 0.813506 0.738402 0.672023 0.605765 0.538477 0.471091 0.403789 0.336495 0.269196 0.201897 0.134598 0.0672989 -1.47126e-17 -0.0672989 -0.134598 -0.201897 -0.269196 -0.336495 -0.403789 -0.471091 -0.538477 -0.605765 -0.672023 -0.738402 -0.813506 -0.899002 -0.961091 -0.988441 -0.997299 -0.999526 -0.999944 -0.999997 -1 -1 
1 1 0.999998 0.99996 0.999652 0.997957 0.990985 0.968521 0.913593 0.828281 0.748798 0.680672 0.613818 0.545756 0.477441 0.409222 0.341023 0.272819 0.204614 0.136409 0.0682047 -1.55366e-17 -0.0682047 -0.136409 -0.204614 -0.272819 -0.341023 -0.409222 -0.477441 -0.545756 -0.613818 -0.680672 -0.748798 -0.828281 -0.913593 -0.968521 -0.990985 -0.997957 -0.999652 -0.99996 -0.999998 -1 -1 
1 1 0.999998 0.999972 0.999745 0.998459 0.992998 0.974706 0.927053 0.84405 0.760023 0.689561 0.622019 0.553227 0.483969 0.414803 0.345675 0.276541 0.207405 0.13827 0.0691351 -1.62522e-17 -0.0691351 -0.13827 -0.207405 -0.276541 -0.345675 -0.414803 -0.483969 -0.553227 -0.622019 -0.689561 -0.760023 -0.84405 -0.927053 -0.974706 -0.992998 -0.998459 -0.999745 -0.999972 -0.999998 -1 -1 
1 1 0.999999 0.99998 0.999813 0.99884 0.994581 0.979798 0.939128 0.860475 0.772264 0.698774 0.630366 0.560888 0.490682 0.420538 0.350453 0.280364 0.210273 0.140182 0.070091 -1.70111e-17 -0.070091 -0.140182 -0.210273 -0.280364 -0.350453 -0.420538 -0.490682 -0.560888 -0.630366 -0.698774 -0.772264 -0.860475 -0.939128 -0.979798 -0.994581 -0.99884 -0.999813 -0.99998 -0.999999 -1 -1 
1 1 0.999999 0.999986 0.999863 0.999129 0.99582 0.98395 0.949708 0.877077 0.785689 0.708421 0.638865 0.568733 0.49759 0.426436 0.355364 0.284295 0.213221 0.142147 0.0710736 -1.77918e-17 -0.0710736 -0.142147 -0.213221 -0.284295 -0.355364 -0.426436 -0.49759 -0.568733 -0.638865 -0.708421 -0.785689 -0.877077 -0.949708 -0.98395 -0.99582 -0.999129 -0.999863 -0.999986 -0.999999 -1 -1 
1 1 0.999999 0.99999 0.9999 0.999347 0.996785 0.987308 0.958803 0.89332 0.800397 0.718644 0.647537 0.576754 0.504698 0.432503 0.360414 0.288336 0.216252 0.144168 0.0720839 -1.86374e-17 -0.0720839 -0.144168 -0.216252 -0.288336 -0.360414 -0.432503 -0.504698 -0.576754 -0.647537 -0.718644 -0.800397 -0.89332 -0.958803 -0.987308 -0.996785 -0.999347 -0.9999 -0.99999 -0.999999 -1 -1 
1 1 1 0.999993 0.999927 0.999512 0.997535 0.990006 0.966499 0.908704 0.816358 0.729613 0.656424 0.584943 0.512009 0.438749 0.365608 0.292492 0.21937 0.146246 0.0731231 -1.95048e-17 -0.0731231 -0.146246 -0.21937 -0.292492 -0.365608 -0.438749 -0.512009 -0.584943 -0.656424 -0.729613 -0.816358 -0.908704 -0.966499 -0.990006 -0.997535 -0.999512 -0.999927 -0.999993 -1 -1 -1 
1 1 1 0.999995 0.999947 0.999636 0.998114 0.99216 0.97293 0.922841 0.833363 0.741523 0.665588 0.593293 0.519526 0.445183 0.370953 0.296769 0.222578 0.148385 0.0741925 -2.04589e-17 -0.0741925 -0.148385 -0.222578 -0.296769 -0.370953 -0.445183 -0.519526 -0.593293 -0.665588 -0.741523 -0.833363 -0.922841 -0.97293 -0.99216 -0.998114 -0.999636 -0.999947 -0.999995 -1 -1 -1 
1 1 1 0.999996 0.999961 0.999728 0.998561 0.993871 0.978247 0.935495 0.851023 0.75458 0.675123 0.601803 0.527247 0.451814 0.376457 0.301171 0.225881 0.150587 0.0752934 -2.15214e-17 -0.0752934 -0.150587 -0.225881 -0.301171 -0.376457 -0.451814 -0.527247 -0.601803 -0.675123 -0.75458 -0.851023 -0.935495 -0.978247 -0.993871 -0.998561 -0.999728 -0.999961 -0.999996 -1 -1 -1 
1 1 1 0.999997 0.999972 0.999798 0.998904 0.995223 0.982605 0.946574 0.868814 0.768962 0.685151 0.610482 0.535165 0.45865 0.382128 0.305705 0.229282 0.152855 0.0764272 -2.26273e-17 -0.0764272 -0.152855 -0.229282 -0.305705 -0.382128 -0.45865 -0.535165 -0.610482 -0.685151 -0.768962 -0.868814 -0.946574 -0.982605 -0.995223 -0.998904 -0.999798 -0.999972 -0.999997 -1 -1 -1 
1 1 1 0.999998 0.99998 0.99985 0.999168 0.996288 0.986151 0.956101 0.886164 0.784771 0.695826 0.619356 0.543275 0.465699 0.387975 0.310376 0.232786 0.155191 0.0775954 -2.37766e-17 -0.0775954 -0.155191 -0.232786 -0.310376 -0.387975 -0.465699 -0.543275 -0.619356 -0.695826 -0.784771 -0.886164 -0.956101 -0.986151 -0.996288 -0.999168 -0.99985 -0.99998 -0.999998 -1 -1 -1 
1 1 1 0.999999 0.999985 0.999889 0.999369 0.997124 0.989017 0.964176 0.90255 0.801959 0.707336 0.628469 0.551567 0.472966 0.394007 0.315191 0.236399 0.157599 0.0787997 -2.49041e-17 -0.0787997 -0.157599 -0.236399 -0.315191 -0.394007 -0.472966 -0.551567 -0.628469 -0.707336 -0.801959 -0.90255 -0.964176 -0.989017 -0.997124 -0.999369 -0.999889 -0.999985 -0.999999 -1 -1 -1 
1 1 1 0.999999 0.999989 0.999917 0.999522 0.997777 0.99132 0.970937 0.917577 0.82029 0.719895 0.637892 0.560036 0.480454 0.400234 0.320156 0.240124 0.160083 0.0800415 -2.601e-17 -0.0800415 -0.160083 -0.240124 -0.320156 -0.400234 -0.480454 -0.560036 -0.637892 -0.719895 -0.82029 -0.917577 -0.970937 -0.99132 -0.997777 -0.999522 -0.999917 -0.999989 -0.999999 -1 -1 -1 
1 1 1 0.999999 0.999992 0.999939 0.999639 0.998285 0.993163 0.976544 0.93101 0.839329 0.733731 0.647725 0.568683 0.488161 0.406667 0.325281 0.243967 0.162646 0.0813229 -2.70942e-17 -0.0813229 -0.162646 -0.243967 -0.325281 -0.406667 -0.488161 -0.568683 -0.647725 -0.733731 -0.839329 -0.93101 -0.976544 -0.993163 -0.998285 -0.999639 -0.999939 -0.999992 -0.999999 -1 -1 -1 
1 1 1 1 0.999994 0.999955 0.999728 0.998681 0.99463 0.981155 0.942766 0.858504 0.749048 0.6581 0.577518 0.496083 0.413316 0.330572 0.247933 0.165291 0.0826456 -2.82868e-17 -0.0826456 -0.165291 -0.247933 -0.330572 -0.413316 -0.496083 -0.577518 -0.6581 -0.749048 -0.858504 -0.942766 -0.981155 -0.99463 -0.998681 -0.999728 -0.999955 -0.999994 -1 -1 -1 -1 
1 1 1 1 0.999996 0.999967 0.999795 0.998987 0.995794 0.984921 0.952877 0.877192 0.76596 0.669184 0.586567 0.504216 0.420188 0.336041 0.25203 0.168023 0.0840117 -2.95011e-17 -0.0840117 -0.168023 -0.25203 -0.336041 -0.420188 -0.504216 -0.586567 -0.669184 -0.76596 -0.877192 -0.952877 -0.984921 -0.995794 -0.998987 -0.999795 -0.999967 -0.999996 -1 -1 -1 -1 
1 1 1 1 0.999997 0.999975 0.999846 0.999224 0.996714 0.987979 0.961453 0.894832 0.784425 0.68118 0.595878 0.512551 0.427291 0.341696 0.256262 0.170846 0.0854233 -3.06721e-17 -0.0854233 -0.170846 -0.256262 -0.341696 -0.427291 -0.512551 -0.595878 -0.68118 -0.784425 -0.894832 -0.961453 -0.987979 -0.996714 -0.999224 -0.999846 -0.999975 -0.999997 -1 -1 -1 -1 
1 1 1 1 0.999998 0.999982 0.999884 0.999406 0.997439 0.990447 0.968644 0.911 0.804188 0.694327 0.605524 0.521084 0.43463 0.34755 0.260638 0.173765 0.0868828 -3.18647e-17 -0.0868828 -0.173765 -0.260638 -0.34755 -0.43463 -0.521084 -0.605524 -0.694327 -0.804188 -0.911 -0.968644 -0.990447 -0.997439 -0.999406 -0.999884 -0.999982 -0.999998 -1 -1 -1 -1 
1 1 1 1 0.999998 0.999987 0.999913 0.999547 0.998009 0.992432 0.974617 0.925449 0.82478 0.708882 0.615611 0.529815 0.442207 0.353613 0.265166 0.176784 0.0883925 -3.31224e-17 -0.0883925 -0.176784 -0.265166 -0.353613 -0.442207 -0.529815 -0.615611 -0.708882 -0.82478 -0.925449 -0.974617 -0.992432 -0.998009 -0.999547 -0.999913 -0.999987 -0.999998 -1 -1 -1 -1 
1 1 1 1 0.999999 0.99999 0.999935 0.999654 0.998455 0.994021 0.97954 0.938093 0.845574 0.725082 0.626277 0.538753 0.450019 0.359896 0.269854 0.179908 0.0899552 -3.43367e-17 -0.0899552 -0.179908 -0.269854 -0.359896 -0.450019 -0.538753 -0.626277 -0.725082 -0.845574 -0.938093 -0.97954 -0.994021 -0.998455 -0.999654 -0.999935 -0.99999 -0.999999 -1 -1 -1 -1 
1 1 1 1 0.999999 0.999993 0.999952 0.999737 0.998804 0.995288 0.98357 0.948969 0.865886 0.743079 0.6377 0.547925 0.458064 0.36641 0.274711 0.183143 0.0915736 -3.58546e-17 -0.0915736 -0.183143 -0.274711 -0.36641 -0.458064 -0.547925 -0.6377 -0.743079 -0.865886 -0.948969 -0.98357 -0.995288 -0.998804 -0.999737 -0.999952 -0.999993 -0.999999 -1 -1 -1 -1 
1 1 1 1 0.999999 0.999995 0.999964 0.9998 0.999075 0.996296 0.986852 0.958197 0.88509 0.762854 0.6501 0.557377 0.466335 0.373165 0.279748 0.186496 0.0932507 -3.76327e-17 -0.0932507 -0.186496 -0.279748 -0.373165 -0.466335 -0.557377 -0.6501 -0.762854 -0.88509 -0.958197 -0.986852 -0.996296 -0.999075 -0.9998 -0.999964 -0.999995 -0.999999 -1 -1 -1 -1 
1 1 1 1 1 0.999996 0.999973 0.999848 0.999287 0.997095 0.989509 0.965939 0.902714 0.784158 0.66374 0.567184 0.474827 0.380168 0.284977 0.189972 0.0949897 -3.93674e-17 -0.0949897 -0.189972 -0.284977 -0.380168 -0.474827 -0.567184 -0.66374 -0.784158 -0.902714 -0.965939 -0.989509 -0.997095 -0.999287 -0.999848 -0.999973 -0.999996 -1 -1 -1 -1 -1 
1 1 1 1 1 0.999997 0.99998 0.999885 0.999451 0.997726 0.991653 0.972375 0.918475 0.806498 0.678912 0.57745 0.483542 0.387425 0.290409 0.193579 0.096794 -4.11888e-17 -0.096794 -0.193579 -0.290409 -0.387425 -0.483542 -0.57745 -0.678912 -0.806498 -0.918475 -0.972375 -0.991653 -0.997726 -0.999451 -0.999885 -0.99998 -0.999997 -1 -1 -1 -1 -1 
1 1 1 1 1 0.999998 0.999985 0.999913 0.999578 0.998224 0.993376 0.977685 0.932273 0.829191 0.695901 0.58832 0.492486 0.394937 0.296057 0.197326 0.0986674 -4.28802e-17 -0.0986674 -0.197326 -0.296057 -0.394937 -0.492486 -0.58832 -0.695901 -0.829191 -0.932273 -0.977685 -0.993376 -0.998224 -0.999578 -0.999913 -0.999985 -0.999998 -1 -1 -1 -1 -1 
1 1 1 1 1 0.999998 0.999989 0.999934 0.999676 0.998615 0.994756 0.982039 0.944144 0.851474 0.714917 0.599979 0.501683 0.402703 0.301933 0.20122 0.100614 -4.48751e-17 -0.100614 -0.20122 -0.301933 -0.402703 -0.501683 -0.599979 -0.714917 -0.851474 -0.944144 -0.982039 -0.994756 -0.998615 -0.999676 -0.999934 -0.999989 -0.999998 -1 -1 -1 -1 -1 
1 1 1 1 1 0.999999 0.999992 0.999951 0.999752 0.998922 0.995857 0.985588 0.954216 0.872632 0.735996 0.61266 0.511175 0.410722 0.30805 0.205271 0.102637 -4.68267e-17 -0.102637 -0.205271 -0.30805 -0.410722 -0.511175 -0.61266 -0.735996 -0.872632 -0.954216 -0.985588 -0.995857 -0.998922 -0.999752 -0.999951 -0.999992 -0.999999 -1 -1 -1 -1 -1 
1 1 1 1 1 0.999999 0.999994 0.999963 0.99981 0.999163 0.996734 0.988469 0.962667 0.892113 0.758924 0.626648 0.521032 0.418989 0.314418 0.209491 0.104743 -4.8865e-17 -0.104743 -0.209491 -0.314418 -0.418989 -0.521032 -0.626648 -0.758924 -0.892113 -0.962667 -0.988469 -0.996734 -0.999163 -0.99981 -0.999963 -0.999994 -0.999999 -1 -1 -1 -1 -1 
1 1 1 1 1 0.999999 0.999995 0.999972 0.999855 0.999351 0.99743 0.990797 0.969693 0.909572 0.783205 0.642276 0.531359 0.427504 0.321046 0.213891 0.106936 -5.11635e-17 -0.106936 -0.213891 -0.321046 -0.427504 -0.531359 -0.642276 -0.783205 -0.909572 -0.969693 -0.990797 -0.99743 -0.999351 -0.999855 -0.999972 -0.999995 -0.999999 -1 -1 -1 -1 -1 
1 1 1 1 1 1 0.999997 0.999979 0.999889 0.999497 0.997982 0.992673 0.975492 0.924875 0.808111 0.659888 0.542296 0.436274 0.327941 0.218482 0.109222 -5.34186e-17 -0.109222 -0.218482 -0.327941 -0.436274 -0.542296 -0.659888 -0.808111 -0.924875 -0.975492 -0.992673 -0.997982 -0.999497 -0.999889 -0.999979 -0.999997 -1 -1 -1 -1 -1 -1 
1 1 1 1 1 1 0.999998 0.999984 0.999916 0.999611 0.998418 0.994179 0.980247 0.938048 0.832785 0.679774 0.554033 0.445315 0.335106 0.223279 0.111607 -5.58906e-17 -0.111607 -0.223279 -0.335106 -0.445315 -0.554033 -0.679774 -0.832785 -0.938048 -0.980247 -0.994179 -0.998418 -0.999611 -0.999916 -0.999984 -0.999998 -1 -1 -1 -1 -1 -1 
1 1 1 1 1 1 0.999998 0.999988 0.999936 0.9997 0.998762 0.995385 0.984126 0.949224 0.856392 0.702065 0.56681 0.454664 0.342544 0.228294 0.114098 -5.84493e-17 -0.114098 -0.228294 -0.342544 -0.454664 -0.56681 -0.702065 -0.856392 -0.949224 -0.984126 -0.995385 -0.998762 -0.9997 -0.999936 -0.999988 -0.999998 -1 -1 -1 -1 -1 -1 
1 1 1 1 1 1 0.999999 0.999991 0.999951 0.999769 0.999033 0.996348 0.987277 0.958599 0.878256 0.726628 0.58093 0.464382 0.350255 0.233542 0.116703 -6.11815e-17 -0.116703 -0.233542 -0.350255 -0.464382 -0.58093 -0.726628 -0.878256 -0.958599 -0.987277 -0.996348 -0.999033 -0.999769 -0.999951 -0.999991 -0.999999 -1 -1 -1 -1 -1 -1 
1 1 1 1 1 1 0.999999 0.999993 0.999963 0.999822 0.999246 0.997115 0.989826 0.96639 0.897933 0.753006 0.596761 0.474565 0.358239 0.239033 0.119431 -6.39571e-17 -0.119431 -0.239033 -0.358239 -0.474565 -0.596761 -0.753006 -0.897933 -0.96639 -0.989826 -0.997115 -0.999246 -0.999822 -0.999963 -0.999993 -0.999999 -1 -1 -1 -1 -1 -1 
1 1 1 1 1 1 0.999999 0.999995 0.999972 0.999863 0.999412 0.997725 0.991882 0.972816 0.915224 0.780446 0.614714 0.485348 0.366499 0.244779 0.122291 -6.72531e-17 -0.122291 -0.244779 -0.366499 -0.485348 -0.614714 -0.780446 -0.915224 -0.972816 -0.991882 -0.997725 -0.999412 -0.999863 -0.999972 -0.999995 -0.999999 -1 -1 -1 -1 -1 -1 
1 1 1 1 1 1 0.999999 0.999996 0.999979 0.999895 0.999543 0.998209 0.993535 0.978083 0.930126 0.807998 0.635184 0.496912 0.375049 0.25079 0.125293 -7.05924e-17 -0.125293 -0.25079 -0.375049 -0.496912 -0.635184 -0.807998 -0.930126 -0.978083 -0.993535 -0.998209 -0.999543 -0.999895 -0.999979 -0.999996 -0.999999 -1 -1 -1 -1 -1 -1 
1 1 1 1 1 1 1 0.999997 0.999984 0.99992 0.999645 0.998592 0.994861 0.982378 0.942774 0.834676 0.658438 0.509498 0.383916 0.257073 0.128449 -7.44088e-17 -0.128449 -0.257073 -0.383916 -0.509498 -0.658438 -0.834676 -0.942774 -0.982378 -0.994861 -0.998592 -0.999645 -0.99992 -0.999984 -0.999997 -1 -1 -1 -1 -1 -1 -1 
1 1 1 1 1 1 1 0.999998 0.999988 0.999938 0.999725 0.998895 0.995922 0.985866 0.953378 0.859625 0.68449 0.523416 0.393147 0.263631 0.13177 -7.83987e-17 -0.13177 -0.263631 -0.393147 -0.523416 -0.68449 -0.859625 -0.953378 -0.985866 -0.995922 -0.998895 -0.999725 -0.999938 -0.999988 -0.999998 -1 -1 -1 -1 -1 -1 -1 
1 1 1 1 1 1 1 0.999998 0.999991 0.999953 0.999787 0.999134 0.996769 0.988687 0.962182 0.882242 0.712993 0.539056 0.402823 0.270471 0.135269 -8.2562e-17 -0.135269 -0.270471 -0.402823 -0.539056 -0.712993 -0.882242 -0.962182 -0.988687 -0.996769 -0.999134 -0.999787 -0.999953 -0.999991 -0.999998 -1 -1 -1 -1 -1 -1 -1 
1 1 1 1 1 1 1 0.999999 0.999993 0.999964 0.999835 0.999322 0.997444 0.990963 0.969436 0.90221 0.743228 0.556889 0.413062 0.277596 0.138956 -8.68988e-17 -0.138956 -0.277596 -0.413062 -0.556889 -0.743228 -0.90221 -0.969436 -0.990963 -0.997444 -0.999322 -0.999835 -0.999964 -0.999993 -0.999999 -1 -1 -1 -1 -1 -1 -1 
1 1 1 1 1 1 1 0.999999 0.999995 0.999973 0.999873 0.99947 0.997981 0.992794 0.975374 0.919466 0.774177 0.577425 0.424029 0.285014 0.142844 -9.18428e-17 -0.142844 -0.285014 -0.424029 -0.577425 -0.774177 -0.919466 -0.975374 -0.992794 -0.997981 -0.99947 -0.999873 -0.999973 -0.999995 -0.999999 -1 -1 -1 -1 -1 -1 -1 
1 1 1 1 1 1 1 0.999999 0.999996 0.999979 0.999902 0.999587 0.998408 0.994263 0.98021 0.934126 0.804683 0.601116 0.435948 0.292742 0.146943 -9.72204e-17 -0.146943 -0.292742 -0.435948 -0.601116 -0.804683 -0.934126 -0.98021 -0.994263 -0.998408 -0.999587 -0.999902 -0.999979 -0.999996 -0.999999 -1 -1 -1 -1 -1 -1 -1 
1 1 1 1 1 1 1 1 0.999997 0.999984 0.999924 0.999678 0.998746 0.99544 0.984132 0.946414 0.833652 0.628199 0.449117 0.300814 0.151261 -1.02685e-16 -0.151261 -0.300814 -0.449117 -0.628199 -0.833652 -0.946414 -0.984132 -0.99544 -0.998746 -0.999678 -0.999924 -0.999984 -0.999997 -1 -1 -1 -1 -1 -1 -1 -1 
1 1 1 1 1 1 1 1 0.999998 0.999988 0.999942 0.999749 0.999014 0.99638 0.987301 0.956606 0.86023 0.658553 0.463928 0.309284 0.155806 -1.08323e-16 -0.155806 -0.309284 -0.463928 -0.658553 -0.86023 -0.956606 -0.987301 -0.99638 -0.999014 -0.999749 -0.999942 -0.999988 -0.999998 -1 -1 -1 -1 -1 -1 -1 -1 
1 1 1 1 1 1 1 1 0.999998 0.999991 0.999955 0.999805 0.999225 0.99713 0.989855 0.964989 0.883897 0.691605 0.480882 0.318244 0.160584 -1.14221e-16 -0.160584 -0.318244 -0.480882 -0.691605 -0.883897 -0.964989 -0.989855 -0.99713 -0.999225 -0.999805 -0.999955 -0.999991 -0.999998 -1 -1 -1 -1 -1 -1 -1 -1 
1 1 1 1 1 1 1 1 0.999999 0.999993 0.999966 0.999849 0.999392 0.997728 0.991908 0.971838 0.904459 0.72636 0.500587 0.327826 0.165602 -1.20032e-16 -0.165602 -0.327826 -0.500587 -0.72636 -0.904459 -0.971838 -0.991908 -0.997728 -0.999392 -0.999849 -0.999966 -0.999993 -0.999999 -1 -1 -1 -1 -1 -1 -1 -1 
1 1 1 1 1 1 1 1 0.999999 0.999995 0.999974 0.999883 0.999524 0.998204 0.993554 0.977405 0.921973 0.761522 0.523691 0.338216 0.170867 -1.26797e-16 -0.170867 -0.338216 -0.523691 -0.761522 -0.921973 -0.977405 -0.993554 -0.998204 -0.999524 -0.999883 -0.999974 -0.999995 -0.999999 -1 -1 -1 -1 -1 -1 -1 -1 
1 1 1 1 1 1 1 1 0.999999 0.999996 0.99998 0.999909 0.999627 0.998581 0.994873 0.981909 0.936664 0.795712 0.550744 0.34967 0.176396 -1.33216e-16 -0.176396 -0.34967 -0.550744 -0.795712 -0.936664 -0.981909 -0.994873 -0.998581 -0.999627 -0.999909 -0.99998 -0.999996 -0.999999 -1 -1 -1 -1 -1 -1 -1 -1 
1 1 1 1 1 1 1 1 0.999999 0.999997 0.999985 0.99993 0.999709 0.998881 0.995926 0.985541 0.948839 0.827707 0.582 0.362541 0.182214 -1.40328e-16 -0.182214 -0.362541 -0.582 -0.827707 -0.948839 -0.985541 -0.995926 -0.998881 -0.999709 -0.99993 -0.999985 -0.999997 -0.999999 -1 -1 -1 -1 -1 -1 -1 -1 
1 1 1 1 1 1 1 1 1 0.999998 0.999988 0.999946 0.999773 0.999118 0.996767 0.988461 0.958835 0.856631 0.61724 0.377303 0.188371 -1.4692e-16 -0.188371 -0.377303 -0.61724 -0.856631 -0.958835 -0.988461 -0.996767 -0.999118 -0.999773 -0.999946 -0.999988 -0.999998 -1 -1 -1 -1 -1 -1 -1 -1 -1 
1 1 1 1 1 1 1 1 1 0.999998 0.999991 0.999958 0.999823 0.999306 0.997437 0.990804 0.966981 0.882024 0.655694 0.394587 0.194944 -1.54206e-16 -0.194944 -0.394587 -0.655694 -0.882024 -0.966981 -0.990804 -0.997437 -0.999306 -0.999823 -0.999958 -0.999991 -0.999998 -1 -1 -1 -1 -1 -1 -1 -1 -1 
1 1 1 1 1 1 1 1 1 0.999999 0.999993 0.999968 0.999862 0.999455 0.99797 0.99268 0.973581 0.903789 0.696089 0.415184 0.202049 -1.62186e-16 -0.202049 -0.415184 -0.696089 -0.903789 -0.973581 -0.99268 -0.99797 -0.999455 -0.999862 -0.999968 -0.999993 -0.999999 -1 -1 -1 -1 -1 -1 -1 -1 -1 
1 1 1 1 1 1 1 1 1 0.999999 0.999995 0.999975 0.999893 0.999572 0.998394 0.994179 0.978905 0.922098 0.736817 0.439967 0.209856 -1.70859e-16 -0.209856 -0.439967 -0.736817 -0.922098 -0.978905 -0.994179 -0.998394 -0.999572 -0.999893 -0.999975 -0.999995 -0.999999 -1 -1 -1 -1 -1 -1 -1 -1 -1 
1 1 1 1 1 1 1 1 1 0.999999 0.999996 0.999981 0.999916 0.999664 0.998731 0.995376 0.983183 0.937277 0.776196 0.469715 0.218608 -1.79533e-16 -0.218608 -0.469715 -0.776196 -0.937277 -0.983183 -0.995376 -0.998731 -0.999664 -0.999916 -0.999981 -0.999996 -0.999999 -1 -1 -1 -1 -1 -1 -1 -1 -1 
1 1 1 1 1 1 1 1 1 0.999999 0.999997 0.999985 0.999935 0.999737 0.998998 0.99633 0.986612 0.94972 0.812777 0.504852 0.228653 -1.8838e-16 -0.228653 -0.504852 -0.812777 -0.94972 -0.986612 -0.99633 -0.998998 -0.999737 -0.999935 -0.999985 -0.999997 -0.999999 -1 -1 -1 -1 -1 -1 -1 -1 -1 
1 1 1 1 1 1 1 1 1 1 0.999998 0.999989 0.99995 0.999794 0.99921 0.99709 0.989354 0.959833 0.845557 0.545233 0.240495 -1.98095e-16 -0.240495 -0.545233 -0.845557 -0.959833 -0.989354 -0.99709 -0.99921 -0.999794 -0.99995 -0.999989 -0.999998 -1 -1 -1 -1 -1 -1 -1 -1 -1 -1 
1 1 1 1 1 1 1 1 1 1 0.999998 0.999991 0.999961 0.999839 0.999377 0.997694 0.991542 0.967998 0.874054 0.590029 0.254852 -2.09023e-16 -0.254852 -0.590029 -0.874054 -0.967998 -0.991542 -0.997694 -0.999377 -0.999839 -0.999961 -0.999991 -0.999998 -1 -1 -1 -1 -1 -1 -1 -1 -1 -1 
1 1 1 1 1 1 1 1 1 1 0.999999 0.999993 0.99997 0.999874 0.99951 0.998174 0.993286 0.974555 0.898228 0.637769 0.272708 -2.22728e-16 -0.272708 -0.637769 -0.898228 -0.974555 -0.993286 -0.998174 -0.99951 -0.999874 -0.99997 -0.999993 -0.999999 -1 -1 -1 -1 -1 -1 -1 -1 -1 -1 
1 1 1 1 1 1 1 1 1 1 0.999999 0.999995 0.999977 0.999902 0.999615 0.998556 0.994674 0.9798 0.918348 0.686493 0.295272 -2.39901e-16 -0.295272 -0.686493 -0.918348 -0.9798 -0.994674 -0.998556 -0.999615 -0.999902 -0.999977 -0.999995 -0.999999 -1 -1 -1 -1 -1 -1 -1 -1 -1 -1 
1 1 1 1 1 1 1 1 1 1 0.999999 0.999996 0.999982 0.999924 0.999697 0.998859 0.995778 0.983984 0.934849 0.734057 0.32381 -2.61065e-16 -0.32381 -0.734057 -0.934849 -0.983984 -0.995778 -0.998859 -0.999697 -0.999924 -0.999982 -0.999996 -0.999999 -1 -1 -1 -1 -1 -1 -1 -1 -1 -1 
1 1 1 1 1 1 1 1 1 1 0.999999 0.999997 0.999986 0.999941 0.999762 0.999099 0.996655 0.987313 0.948232 0.778511 0.359327 -2.91596e-16 -0.359327 -0.778511 -0.948232 -0.987313 -0.996655 -0.999099 -0.999762 -0.999941 -0.999986 -0.999997 -0.999999 -1 -1 -1 -1 -1 -1 -1 -1 -1 -1 
1 1 1 1 1 1 1 1 1 1 1 0.999998 0.999989 0.999954 0.999814 0.999289 0.997352 0.989957 0.958996 0.81844 0.402247 -3.33923e-16 -0.402247 -0.81844 -0.958996 -0.989957 -0.997352 -0.999289 -0.999814 -0.999954 -0.999989 -0.999998 -1 -1 -1 -1 -1 -1 -1 -1 -1 -1 -1 
1 1 1 1 1 1 1 1 1 1 1 0.999998 0.999992 0.999964 0.999854 0.999439 0.997904 0.992055 0.967597 0.853101 0.45222 -3.96373e-16 -0.45222 -0.853101 -0.967597 -0.992055 -0.997904 -0.999439 -0.999854 -0.999964 -0.999992 -0.999998 -1 -1 -1 -1 -1 -1 -1 -1 -1 -1 -1 
1 1 1 1 1 1 1 1 1 1 1 0.999999 0.999994 0.999972 0.999886 0.999558 0.998343 0.993717 0.974437 0.882368 0.508067 -4.90049e-16 -0.508067 -0.882368 -0.974437 -0.993717 -0.998343 -0.999558 -0.999886 -0.999972 -0.999994 -0.999999 -1 -1 -1 -1 -1 -1 -1 -1 -1 -1 -1 
1 1 1 1 1 1 1 1 1 1 1 0.999999 0.999995 0.999978 0.999911 0.999652 0.99869 0.995033 0.979858 0.906551 0.567828 -6.30214e-16 -0.567828 -0.906551 -0.979858 -0.995033 -0.99869 -0.999652 -0.999911 -0.999978 -0.999995 -0.999999 -1 -1 -1 -1 -1 -1 -1 -1 -1 -1 -1 
1 1 1 1 1 1 1 1 1 1 1 0.999999 0.999996 0.999983 0.99993 0.999727 0.998965 0.996075 0.984142 0.926207 0.628899 -8.24503e-16 -0.628899 -0.926207 -0.984142 -0.996075 -0.998965 -0.999727 -0.99993 -0.999983 -0.999996 -0.999999 -1 -1 -1 -1 -1 -1 -1 -1 -1 -1 -1 
1 1 1 1 1 1 1 1 1 1 1 0.999999 0.999997 0.999987 0.999946 0.999785 0.999183 0.996899 0.987521 0.941987 0.688373 -1.07153e-15 -0.688373 -0.941987 -0.987521 -0.996899 -0.999183 -0.999785 -0.999946 -0.999987 -0.999997 -0.999999 -1 -1 -1 -1 -1 -1 -1 -1 -1 -1 -1 
1 1 1 1 1 1 1 1 1 1 1 1 0.999998 0.99999 0.999958 0.999831 0.999356 0.997551 0.990184 0.954538 0.743588 -1.35463e-15 -0.743588 -0.954538 -0.990184 -0.997551 -0.999356 -0.999831 -0.999958 -0.99999 -0.999998 -1 -1 -1 -1 -1 -1 -1 -1 -1 -1 -1 -1 
1 1 1 1 1 1 1 1 1 1 1 1 0.999998 0.999992 0.999967 0.999868 0.999492 0.998067 0.992279 0.964454 0.79265 -1.65439e-15 -0.79265 -0.964454 -0.992279 -0.998067 -0.999492 -0.999868 -0.999967 -0.999992 -0.999998 -1 -1 -1 -1 -1 -1 -1 -1 -1 -1 -1 -1 
1 1 1 1 1 1 1 1 1 1 1 1 0.999999 0.999994 0.999974 0.999896 0.9996 0.998474 0.993928 0.972248 0.834653 -1.95416e-15 -0.834653 -0.972248 -0.993928 -0.998474 -0.9996 -0.999896 -0.999974 -0.999994 -0.999999 -1 -1 -1 -1 -1 -1 -1 -1 -1 -1 -1 -1 
1 1 1 1 1 1 1 1 1 1 1 1 0.999999 0.999995 0.99998 0.999919 0.999685 0.998796 0.995225 0.978354 0.869564 -2.23171e-15 -0.869564 -0.978354 -0.995225 -0.998796 -0.999685 -0.999919 -0.99998 -0.999995 -0.999999 -1 -1 -1 -1 -1 -1 -1 -1 -1 -1 -1 -1 
1 1 1 1 1 1 1 1 1 1 1 1 0.999999 0.999996 0.999984 0.999936 0.999752 0.99905 0.996244 0.983124 0.897931 -2.46486e-15 -0.897931 -0.983124 -0.996244 -0.99905 -0.999752 -0.999936 -0.999984 -0.999996 -0.999999 -1 -1 -1 -1 -1 -1 -1 -1 -1 -1 -1 -1 
1 1 1 1 1 1 1 1 1 1 1 1 0.999999 0.999997 0.999988 0.99995 0.999805 0.999251 0.997046 0.986846 0.920595 -2.6536e-15 -0.920595 -0.986846 -0.997046 -0.999251 -0.999805 -0.99995 -0.999988 -0.999997 -0.999999 -1 -1 -1 -1 -1 -1 -1 -1 -1 -1 -1 -1 
1 1 1 1 1 1 1 1 1 1 1 1 1 0.999998 0.999991 0.999961 0.999847 0.99941 0.997676 0.989745 0.93848 -2.76462e-15 -0.93848 -0.989745 -0.997676 -0.99941 -0.999847 -0.999961 -0.999991 -0.999998 -1 -1 -1 -1 -1 -1 -1 -1 -1 -1 -1 -1 -1 
1 1 1 1 1 1 1 1 1 1 1 1 1 0.999998 0.999993 0.99997 0.99988 0.999535 0.998172 0.992004 0.952468 -2.83123e-15 -0.952468 -0.992004 -0.998172 -0.999535 -0.99988 -0.99997 -0.999993 -0.999998 -1 -1 -1 -1 -1 -1 -1 -1 -1 -1 -1 -1 -1 
1 1 1 1 1 1 1 1 1 1 1 1 1 0.999999 0.999994 0.999976 0.999906 0.999634 0.998562 0.993762 0.963339 -2.90895e-15 -0.963339 -0.993762 -0.998562 -0.999634 -0.999906 -0.999976 -0.999994 -0.999999 -1 -1 -1 -1 -1 -1 -1 -1 -1 -1 -1 -1 -1 
1 1 1 1 1 1 1 1 1 1 1 1 1 0.999999 0.999996 0.999982 0.999926 0.999712 0.998869 0.995132 0.971751 -2.97556e-15 -0.971751 -0.995132 -0.998869 -0.999712 -0.999926 -0.999982 -0.999996 -0.999999 -1 -1 -1 -1 -1 -1 -1 -1 -1 -1 -1 -1 -1 
1 1 1 1 1 1 1 1 1 1 1 1 1 0.999999 0.999997 0.999986 0.999942 0.999773 0.99911 0.996199 0.978241 -2.99776e-15 -0.978241 -0.996199 -0.99911 -0.999773 -0.999942 -0.999986 -0.999997 -0.999999 -1 -1 -1 -1 -1 -1 -1 -1 -1 -1 -1 -1 -1 
1 1 1 1 1 1 1 1 1 1 1 1 1 0.999999 0.999997 0.999989 0.999955 0.999822 0.9993 0.997031 0.983239 -3.01997e-15 -0.983239 -0.997031 -0.9993 -0.999822 -0.999955 -0.999989 -0.999997 -0.999999 -1 -1 -1 -1 -1 -1 -1 -1 -1 -1 -1 -1 -1 
1 1 1 1 1 1 1 1 1 1 1 1 1 1 0.999998 0.999991 0.999964 0.99986 0.99945 0.99768 0.987083 -3.04217e-15 -0.987083 -0.99768 -0.99945 -0.99986 -0.999964 -0.999991 -0.999998 -1 -1 -1 -1 -1 -1 -1 -1 -1 -1 -1 -1 -1 -1 
1 1 1 1 1 1 1 1 1 1 1 1 1 1 0.999998 0.999993 0.999972 0.99989 0.999567 0.998186 0.99004 -3.03107e-15 -0.99004 -0.998186 -0.999567 -0.99989 -0.999972 -0.999993 -0.999998 -1 -1 -1 -1 -1 -1 -1 -1 -1 -1 -1 -1 -1 -1 
1 1 1 1 1 1 1 1 1 1 1 1 1 1 0.999999 0.999995 0.999978 0.999914 0.99966 0.998581 0.992314 -3.03107e-15 -0.992314 -0.998581 -0.99966 -0.999914 -0.999978 -0.999995 -0.999999 -1 -1 -1 -1 -1 -1 -1 -1 -1 -1 -1 -1 -1 -1 
1 1 1 1 1 1 1 1 1 1 1 1 1 1 0.999999 0.999996 0.999983 0.999932 0.999733 0.998889 0.994064 -3.01997e-15 -0.994064 -0.998889 -0.999733 -0.999932 -0.999983 -0.999996 -0.999999 -1 -1 -1 -1 -1 -1 -1 -1 -1 -1 -1 -1 -1 -1 
1 1 1 1 1 1 1 1 1 1 1 1 1 1 0.999999 0.999997 0.999987 0.999947 0.99979 0.999131 0.995411 -3.01997e-15 -0.995411 -0.999131 -0.99979 -0.999947 -0.999987 -0.999997 -0.999999 -1 -1 -1 -1 -1 -1 -1 -1 -1 -1 -1 -1 -1 -1 
1 1 1 1 1 1 1 1 1 1 1 1 1 1 0.999999 0.999998 0.99999 0.999958 0.999835 0.999319 0.996449 -3.01997e-15 -0.996449 -0.999319 -0.999835 -0.999958 -0.99999 -0.999998 -0.999999 -1 -1 -1 -1 -1 -1 -1 -1 -1 -1 -1 -1 -1 -1 
1 1 1 1 1 1 1 1 1 1 1 1 1 1 1 0.999998 0.999992 0.999967 0.99987 0.999467 0.99725 -3.01997e-15 -0.99725 -0.999467 -0.99987 -0.999967 -0.999992 -0.999998 -1 -1 -1 -1 -1 -1 -1 -1 -1 -1 -1 -1 -1 -1 -1 
1 1 1 1 1 1 1 1 1 1 1 1 1 1 1 0.999999 0.999994 0.999974 0.999898 0.999582 0.997868 -3.01997e-15 -0.997868 -0.999582 -0.999898 -0.999974 -0.999994 -0.999999 -1 -1 -1 -1 -1 -1 -1 -1 -1 -1 -1 -1 -1 -1 -1 
1 1 1 1 1 1 1 1 1 1 1 1 1 1 1 0.999999 0.999995 0.99998 0.99992 0.999673 0.998345 -3.01997e-15 -0.998345 -0.999673 -0.99992 -0.99998 -0.999995 -0.999999 -1 -1 -1 -1 -1 -1 -1 -1 -1 -1 -1 -1 -1 -1 -1 
1 1 1 1 1 1 1 1 1 1 1 1 1 1 1 0.999999 0.999996 0.999984 0.999937 0.999744 0.998715 -3.01997e-15 -0.998715 -0.999744 -0.999937 -0.999984 -0.999996 -0.999999 -1 -1 -1 -1 -1 -1 -1 -1 -1 -1 -1 -1 -1 -1 -1 
1 1 1 1 1 1 1 1 1 1 1 1 1 1 1 0.999999 0.999997 0.999988 0.999951 0.999799 0.999001 -3.01997e-15 -0.999001 -0.999799 -0.999951 -0.999988 -0.999997 -0.999999 -1 -1 -1 -1 -1 -1 -1 -1 -1 -1 -1 -1 -1 -1 -1 
1 1 1 1 1 1 1 1 1 1 1 1 1 1 1 0.999999 0.999998 0.99999 0.999962 0.999843 0.999223 -3.01997e-15 -0.999223 -0.999843 -0.999962 -0.99999 -0.999998 -0.999999 -1 -1 -1 -1 -1 -1 -1 -1 -1 -1 -1 -1 -1 -1 -1 
1 1 1 1 1 1 1 1 1 1 1 1 1 1 1 1 0.999998 0.999993 0.99997 0.999877 0.999395 -3.04217e-15 -0.999395 -0.999877 -0.99997 -0.999993 -0.999998 -1 -1 -1 -1 -1 -1 -1 -1 -1 -1 -1 -1 -1 -1 -1 -1 
1 1 1 1 1 1 1 1 1 1 1 1 1 1 1 1 0.999999 0.999994 0.999976 0.999903 0.999529 -3.05328e-15 -0.999529 -0.999903 -0.999976 -0.999994 -0.999999 -1 -1 -1 -1 -1 -1 -1 -1 -1 -1 -1 -1 -1 -1 -1 -1 
1 1 1 1 1 1 1 1 1 1 1 1 1 1 1 1 0.999999 0.999995 0.999982 0.999924 0.999633 -3.05328e-15 -0.999633 -0.999924 -0.999982 -0.999995 -0.999999 -1 -1 -1 -1 -1 -1 -1 -1 -1 -1 -1 -1 -1 -1 -1 -1 
1 1 1 1 1 1 1 1 1 1 1 1 1 1 1 1 0.999999 0.999996 0.999986 0.999941 0.999714 -3.07548e-15 -0.999714 -0.999941 -0.999986 -0.999996 -0.999999 -1 -1 -1 -1 -1 -1 -1 -1 -1 -1 -1 -1 -1 -1 -1 -1 
1 1 1 1 1 1 1 1 1 1 1 1 1 1 1 1 0.999999 0.999997 0.999989 0.999954 0.999776 -3.03107e-15 -0.999776 -0.999954 -0.999989 -0.999997 -0.999999 -1 -1 -1 -1 -1 -1 -1 -1 -1 -1 -1 -1 -1 -1 -1 -1 
1 1 1 1 1 1 1 1 1 1 1 1 1 1 1 1 1 0.999998 0.999991 0.999964 0.999826 -2.99776e-15 -0.999826 -0.999964 -0.999991 -0.999998 -1 -1 -1 -1 -1 -1 -1 -1 -1 -1 -1 -1 -1 -1 -1 -1 -1 
1 1 1 1 1 1 1 1 1 1 1 1 1 1 1 1 1 0.999998 0.999993 0.999972 0.999864 -2.97556e-15 -0.999864 -0.999972 -0.999993 -0.999998 -1 -1 -1 -1 -1 -1 -1 -1 -1 -1 -1 -1 -1 -1 -1 -1 -1 
1 1 1 1 1 1 1 1 1 1 1 1 1 1 1 1 1 0.999999 0.999995 0.999978 0.999894 -2.95336e-15 -0.999894 -0.999978 -0.999995 -0.999999 -1 -1 -1 -1 -1 -1 -1 -1 -1 -1 -1 -1 -1 -1 -1 -1 -1 
1 1 1 1 1 1 1 1 1 1 1 1 1 1 1 1 1 0.999999 0.999996 0.999983 0.999917 -2.93115e-15 -0.999917 -0.999983 -0.999996 -0.999999 -1 -1 -1 -1 -1 -1 -1 -1 -1 -1 -1 -1 -1 -1 -1 -1 -1 
1 1 1 1 1 1 1 1 1 1 1 1 1 1 1 1 1 0.999999 0.999997 0.999986 0.999935 -2.93115e-15 -0.999935 -0.999986 -0.999997 -0.999999 -1 -1 -1 -1 -1 -1 -1 -1 -1 -1 -1 -1 -1 -1 -1 -1 -1 
1 1 1 1 1 1 1 1 1 1 1 1 1 1 1 1 1 0.999999 0.999997 0.999989 0.999949 -2.92005e-15 -0.999949 -0.999989 -0.999997 -0.999999 -1 -1 -1 -1 -1 -1 -1 -1 -1 -1 -1 -1 -1 -1 -1 -1 -1 
1 1 1 1 1 1 1 1 1 1 1 1 1 1 1 1 1 1 0.999998 0.999992 0.99996 -2.87564e-15 -0.99996 -0.999992 -0.999998 -1 -1 -1 -1 -1 -1 -1 -1 -1 -1 -1 -1 -1 -1 -1 -1 -1 -1 
1 1 1 1 1 1 1 1 1 1 1 1 1 1 1 1 1 1 0.999998 0.999994 0.999969 -2.83123e-15 -0.999969 -0.999994 -0.999998 -1 -1 -1 -1 -1 -1 -1 -1 -1 -1 -1 -1 -1 -1 -1 -1 -1 -1 
1 1 1 1 1 1 1 1 1 1 1 1 1 1 1 1 1 1 0.999999 0.999995 0.999976 -2.79792e-15 -0.999976 -0.999995 -0.999999 -1 -1 -1 -1 -1 -1 -1 -1 -1 -1 -1 -1 -1 -1 -1 -1 -1 -1 
1 1 1 1 1 1 1 1 1 1 1 1 1 1 1 1 1 1 0.999999 0.999996 0.999981 -2.77572e-15 -0.999981 -0.999996 -0.999999 -1 -1 -1 -1 -1 -1 -1 -1 -1 -1 -1 -1 -1 -1 -1 -1 -1 -1 
1 1 1 1 1 1 1 1 1 1 1 1 1 1 1 1 1 1 0.999999 0.999997 0.999985 -2.75352e-15 -0.999985 -0.999997 -0.999999 -1 -1 -1 -1 -1 -1 -1 -1 -1 -1 -1 -1 -1 -1 -1 -1 -1 -1 
1 1 1 1 1 1 1 1 1 1 1 1 1 1 1 1 1 1 0.999999 0.999998 0.999988 -2.70911e-15 -0.999988 -0.999998 -0.999999 -1 -1 -1 -1 -1 -1 -1 -1 -1 -1 -1 -1 -1 -1 -1 -1 -1 -1 
1 1 1 1 1 1 1 1 1 1 1 1 1 1 1 1 1 1 1 0.999998 0.999991 -2.6647e-15 -0.999991 -0.999998 -1 -1 -1 -1 -1 -1 -1 -1 -1 -1 -1 -1 -1 -1 -1 -1 -1 -1 -1 
1 1 1 1 1 1 1 1 1 1 1 1 1 1 1 1 1 1 1 0.999999 0.999993 -2.6647e-15 -0.999993 -0.999999 -1 -1 -1 -1 -1 -1 -1 -1 -1 -1 -1 -1 -1 -1 -1 -1 -1 -1 -1 
1 1 1 1 1 1 1 1 1 1 1 1 1 1 1 1 1 1 1 0.999999 0.999995 -2.6647e-15 -0.999995 -0.999999 -1 -1 -1 -1 -1 -1 -1 -1 -1 -1 -1 -1 -1 -1 -1 -1 -1 -1 -1 
1 1 1 1 1 1 1 1 1 1 1 1 1 1 1 1 1 1 1 0.999999 0.999996 -2.6647e-15 -0.999996 -0.999999 -1 -1 -1 -1 -1 -1 -1 -1 -1 -1 -1 -1 -1 -1 -1 -1 -1 -1 -1 
1 1 1 1 1 1 1 1 1 1 1 1 1 1 1 1 1 1 1 0.999999 0.999997 -2.6647e-15 -0.999997 -0.999999 -1 -1 -1 -1 -1 -1 -1 -1 -1 -1 -1 -1 -1 -1 -1 -1 -1 -1 -1 
1 1 1 1 1 1 1 1 1 1 1 1 1 1 1 1 1 1 1 0.999999 0.999997 -2.6647e-15 -0.999997 -0.999999 -1 -1 -1 -1 -1 -1 -1 -1 -1 -1 -1 -1 -1 -1 -1 -1 -1 -1 -1 
1 1 1 1 1 1 1 1 1 1 1 1 1 1 1 1 1 1 1 1 0.999998 -2.6647e-15 -0.999998 -1 -1 -1 -1 -1 -1 -1 -1 -1 -1 -1 -1 -1 -1 -1 -1 -1 -1 -1 -1 
1 1 1 1 1 1 1 1 1 1 1 1 1 1 1 1 1 1 1 1 0.999998 -2.6647e-15 -0.999998 -1 -1 -1 -1 -1 -1 -1 -1 -1 -1 -1 -1 -1 -1 -1 -1 -1 -1 -1 -1 
1 1 1 1 1 1 1 1 1 1 1 1 1 1 1 1 1 1 1 1 0.999999 -2.6647e-15 -0.999999 -1 -1 -1 -1 -1 -1 -1 -1 -1 -1 -1 -1 -1 -1 -1 -1 -1 -1 -1 -1 
1 1 1 1 1 1 1 1 1 1 1 1 1 1 1 1 1 1 1 1 0.999999 -2.6647e-15 -0.999999 -1 -1 -1 -1 -1 -1 -1 -1 -1 -1 -1 -1 -1 -1 -1 -1 -1 -1 -1 -1 
1 1 1 1 1 1 1 1 1 1 1 1 1 1 1 1 1 1 1 1 0.999999 -2.6647e-15 -0.999999 -1 -1 -1 -1 -1 -1 -1 -1 -1 -1 -1 -1 -1 -1 -1 -1 -1 -1 -1 -1 
1 1 1 1 1 1 1 1 1 1 1 1 1 1 1 1 1 1 1 1 0.999999 -2.6647e-15 -0.999999 -1 -1 -1 -1 -1 -1 -1 -1 -1 -1 -1 -1 -1 -1 -1 -1 -1 -1 -1 -1 
1 1 1 1 1 1 1 1 1 1 1 1 1 1 1 1 1 1 1 1 1 -2.6647e-15 -1 -1 -1 -1 -1 -1 -1 -1 -1 -1 -1 -1 -1 -1 -1 -1 -1 -1 -1 -1 -1 
1 1 1 1 1 1 1 1 1 1 1 1 1 1 1 1 1 1 1 1 1 -2.6647e-15 -1 -1 -1 -1 -1 -1 -1 -1 -1 -1 -1 -1 -1 -1 -1 -1 -1 -1 -1 -1 -1 
1 1 1 1 1 1 1 1 1 1 1 1 1 1 1 1 1 1 1 1 1 -2.6647e-15 -1 -1 -1 -1 -1 -1 -1 -1 -1 -1 -1 -1 -1 -1 -1 -1 -1 -1 -1 -1 -1 
1 1 1 1 1 1 1 1 1 1 1 1 1 1 1 1 1 1 1 1 1 -2.6647e-15 -1 -1 -1 -1 -1 -1 -1 -1 -1 -1 -1 -1 -1 -1 -1 -1 -1 -1 -1 -1 -1 
1 1 1 1 1 1 1 1 1 1 1 1 1 1 1 1 1 1 1 1 1 -2.6647e-15 -1 -1 -1 -1 -1 -1 -1 -1 -1 -1 -1 -1 -1 -1 -1 -1 -1 -1 -1 -1 -1 
1 1 1 1 1 1 1 1 1 1 1 1 1 1 1 1 1 1 1 1 1 -2.6647e-15 -1 -1 -1 -1 -1 -1 -1 -1 -1 -1 -1 -1 -1 -1 -1 -1 -1 -1 -1 -1 -1 
1 1 1 1 1 1 1 1 1 1 1 1 1 1 1 1 1 1 1 1 1 -2.6647e-15 -1 -1 -1 -1 -1 -1 -1 -1 -1 -1 -1 -1 -1 -1 -1 -1 -1 -1 -1 -1 -1 
1 1 1 1 1 1 1 1 1 1 1 1 1 1 1 1 1 1 1 1 1 -2.6647e-15 -1 -1 -1 -1 -1 -1 -1 -1 -1 -1 -1 -1 -1 -1 -1 -1 -1 -1 -1 -1 -1 
