0 0 0 0 0 0 0 0 0 0 0 0 0 0 0 0 0 0 0 0 0 0.5 1 1 1 1 1 1 1 1 1 1 1 1 1 1 1 1 1 1 1 1 1 
0 -2.99545e-19 2.40839e-18 -1.96658e-17 1.60544e-16 -1.31062e-15 1.06994e-14 -8.73464e-14 7.13065e-13 -5.8212e-12 4.75222e-11 -3.87954e-10 3.16712e-09 -2.58552e-08 2.11072e-07 -1.72312e-06 1.40669e-05 -0.000114837 0.00093749 -0.00765333 -0.0379226 0.5 1.03792 1.00765 0.999063 1.00011 0.999986 1 1 1 1 1 1 1 1 1 1 1 1 1 1 1 1 
2.99545e-19 1.57735e-18 -1.68902e-17 1.24843e-16 -9.18883e-16 6.68193e-15 -4.78589e-14 3.36088e-13 -2.29785e-12 1.5119e-11 -9.37124e-11 5.22461e-10 -2.2849e-09 2.48676e-09 1.11675e-07 -1.98907e-06 2.50343e-05 -0.000276111 0.00284561 -0.00773546 -0.0728064 0.5 1.07281 1.00774 0.997154 1.00028 0.999975 1 1 1 1 1 1 1 1 1 1 1 1 1 1 1 1 
-1.57735e-18 2.72298e-18 4.47374e-18 1.47172e-17 -4.54319e-16 5.92633e-15 -6.22997e-14 5.88075e-13 -5.17093e-12 4.29591e-11 -3.38209e-10 2.50736e-09 -1.71602e-08 1.02968e-07 -4.55025e-07 -1.06773e-07 3.75569e-05 -0.000651693 0.00445924 -0.00144596 -0.10253 0.5 1.10253 1.00145 0.995541 1.00065 0.999962 1 1 1 1 1 1 1 1 1 1 1 1 1 1 1 1 
-2.72298e-18 -7.96636e-18 7.59369e-17 -4.94256e-16 3.05774e-15 -1.68115e-14 7.20097e-14 -8.73163e-14 -2.93791e-12 4.88086e-11 -5.48855e-10 5.18699e-09 -4.30797e-08 3.10293e-07 -1.75667e-06 4.00314e-06 8.79482e-05 -0.00121267 0.00491958 0.0092886 -0.125754 0.5 1.12575 0.990711 0.99508 1.00121 0.999912 0.999996 1 1 1 1 1 1 1 1 1 1 1 1 1 1 1 
7.96636e-18 -3.28448e-17 1.40279e-16 -1.17591e-15 9.13864e-15 -6.58719e-14 4.3319e-13 -2.48221e-12 1.07096e-11 -8.20895e-12 -5.29224e-10 8.22277e-09 -8.61087e-08 7.08033e-07 -4.20073e-06 4.63169e-06 0.000208819 -0.00181174 0.00387102 0.0222179 -0.142059 0.5 1.14206 0.977782 0.996129 1.00181 0.999791 0.999995 1 0.999999 1 1 1 1 1 1 1 1 1 1 1 1 1 
3.28448e-17 -5.09931e-17 7.23816e-17 -1.34651e-15 1.45699e-14 -1.32364e-13 1.05969e-12 -7.4827e-12 4.46421e-11 -1.90139e-10 -9.35029e-12 1.19303e-08 -1.66045e-07 1.47904e-06 -7.49182e-06 -8.46282e-06 0.000407205 -0.00226186 0.00140629 0.0352032 -0.151871 0.5 1.15187 0.964797 0.998594 1.00226 0.999593 1.00001 1.00001 0.999999 1 1 1 1 1 1 1 1 1 1 1 1 1 
5.09931e-17 -8.09802e-18 -3.13641e-16 2.43838e-16 1.23944e-14 -1.89247e-13 1.95212e-12 -1.63942e-11 1.14095e-10 -6.0391e-10 1.36248e-09 1.90141e-08 -3.34447e-07 2.81081e-06 -9.97985e-06 -4.54055e-05 0.000658024 -0.00239975 -0.00207935 0.0465597 -0.156243 0.5 1.15624 0.95344 1.00208 1.0024 0.999342 1.00005 1.00001 0.999997 1 1 1 1 1 1 1 1 1 1 1 1 1 
8.09802e-18 1.90216e-16 -1.26438e-15 5.66565e-15 -1.01686e-14 -1.82256e-13 3.09485e-12 -3.17844e-11 2.49263e-10 -1.44295e-09 3.85832e-09 3.91147e-08 -6.76953e-07 4.6866e-06 -8.72359e-06 -0.000111222 0.000910765 -0.00212778 -0.00605391 0.055237 -0.156559 0.5 1.15656 0.944763 1.00605 1.00213 0.999089 1.00011 1.00001 0.999995 1 1 1 1 1 1 1 1 1 1 1 1 1 
-1.90216e-16 6.87006e-16 -3.11644e-15 1.84367e-14 -7.64696e-14 -1.1004e-14 4.52237e-12 -5.93933e-11 5.11683e-10 -3.02308e-09 6.82622e-09 9.39531e-08 -1.28237e-06 6.68845e-06 -2.93243e-07 -0.000202717 0.00110444 -0.00143273 -0.0099863 0.0608364 -0.154276 0.5 1.15428 0.939164 1.00999 1.00143 0.998896 1.0002 1 0.999993 1 1 1 1 1 1 1 1 1 1 1 1 1 
-6.87006e-16 1.69508e-15 -6.38475e-15 4.49008e-14 -2.30245e-13 5.03082e-13 6.54222e-12 -1.12318e-10 1.01918e-09 -5.70258e-09 6.99109e-09 2.18029e-07 -2.18298e-06 7.93805e-06 1.80089e-05 -0.000308179 0.00118469 -0.000383181 -0.0134382 0.0635071 -0.150714 0.5 1.15071 0.936493 1.01344 1.00038 0.998815 1.00031 0.999982 0.999992 1 1 1 1 1 1 1 1 1 1 1 1 1 
-1.69508e-15 3.54907e-15 -1.19663e-14 9.70575e-14 -5.53845e-13 1.65064e-12 1.04413e-11 -2.19267e-10 1.96382e-09 -9.54679e-09 -3.43834e-09 4.50607e-07 -3.2902e-06 7.23683e-06 4.69733e-05 -0.000409744 0.0011177 0.000890333 -0.0161129 0.0637779 -0.146929 0.5 1.14693 0.936222 1.01611 0.99911 0.998882 1.00041 0.999953 0.999993 1 1 1 1 1 1 1 1 1 1 1 1 1 
-3.54907e-15 6.82635e-15 -2.15958e-14 1.98168e-13 -1.19806e-12 3.81229e-12 2.03492e-11 -4.36657e-10 3.58522e-09 -1.37042e-08 -3.75101e-08 8.18649e-07 -4.35706e-06 3.38033e-06 8.47719e-05 -0.000487484 0.000897646 0.0022256 -0.017871 0.062376 -0.143654 0.5 1.14365 0.937624 1.01787 0.997774 0.999102 1.00049 0.999915 0.999997 1 0.999999 1 1 1 1 1 1 1 1 1 1 1 
-6.82635e-15 1.26228e-14 -3.88804e-14 3.93375e-13 -2.42086e-12 7.21761e-12 4.6994e-11 -8.58646e-10 6.05574e-09 -1.56721e-08 -1.11766e-07 1.3153e-06 -4.99181e-06 -4.44862e-06 0.000126959 -0.00052398 0.000546851 0.0034619 -0.01872 0.0600642 -0.141298 0.5 1.1413 0.939936 1.01872 0.996538 0.999453 1.00052 0.999873 1 1 0.999999 1 1 1 1 1 1 1 1 1 1 1 
-1.26228e-14 2.31731e-14 -7.15974e-14 7.67981e-13 -4.61022e-12 1.11959e-11 1.13262e-10 -1.61238e-09 9.26159e-09 -1.08318e-08 -2.41429e-07 1.88198e-06 -4.72905e-06 -1.63345e-05 0.000167198 -0.000508217 0.000109675 0.00446878 -0.018787 0.0575186 -0.139987 0.5 1.13999 0.942481 1.01879 0.995531 0.99989 1.00051 0.999833 1.00002 1 0.999998 1 1 1 1 1 1 1 1 1 1 1 
-2.31731e-14 4.31903e-14 -1.36434e-13 1.47349e-12 -8.22284e-12 1.26188e-11 2.5958e-10 -2.82323e-09 1.25211e-08 7.30811e-09 -4.33301e-07 2.4026e-06 -3.14471e-06 -3.14442e-05 0.000198529 -0.000437935 -0.000357437 0.00516521 -0.0182782 0.0552503 -0.13963 0.5 1.13963 0.94475 1.01828 0.994835 1.00036 1.00044 0.999801 1.00003 1 0.999998 1 1 1 1 1 1 1 1 1 1 1 
-4.31903e-14 8.25231e-14 -2.67576e-13 2.75227e-12 -1.35218e-11 3.50648e-12 5.44871e-10 -4.54136e-09 1.43462e-08 4.58652e-08 -6.784e-07 2.71529e-06 1.54338e-08 -4.80675e-05 0.000214837 -0.000320043 -0.00079711 0.00552665 -0.0174333 0.053573 -0.139997 0.5 1.14 0.946427 1.01743 0.994473 1.0008 1.00032 0.999785 1.00005 1 0.999997 1 1 1 1 1 1 1 1 1 1 1 
-8.25231e-14 1.60807e-13 -5.29537e-13 4.93463e-12 -1.9985e-11 -3.16153e-11 1.03761e-09 -6.63682e-09 1.23914e-08 1.10376e-07 -9.47026e-07 2.64208e-06 4.73002e-06 -6.38821e-05 0.000212168 -0.000169143 -0.00116102 0.00558067 -0.0164834 0.0526088 -0.140802 0.5 1.1408 0.947391 1.01648 0.994419 1.00116 1.00017 0.999788 1.00006 0.999995 0.999997 1 1 1 1 1 1 1 1 1 1 1 
-1.60807e-13 3.14288e-13 -1.03125e-12 8.36272e-12 -2.53367e-11 -1.17232e-10 1.79275e-09 -8.69185e-09 3.71603e-09 2.02077e-07 -1.1887e-06 2.03068e-06 1.06514e-05 -7.63838e-05 0.000189575 -4.62092e-06 -0.00141699 0.00539401 -0.0156166 0.0523215 -0.141766 0.5 1.14177 0.947678 1.01562 0.994606 1.00142 1 0.99981 1.00008 0.999989 0.999998 1 1 1 1 1 1 1 1 1 1 1 
-3.14288e-13 6.03456e-13 -1.93238e-12 1.31869e-11 -2.43496e-11 -2.85276e-10 2.81468e-09 -9.93577e-09 -1.4588e-08 3.1544e-07 -1.33824e-06 7.9843e-07 1.71281e-05 -8.33797e-05 0.000149333 0.000152996 -0.00155232 0.00505504 -0.0149589 0.0525671 -0.142662 0.5 1.14266 0.947433 1.01496 0.994945 1.00155 0.999847 0.999851 1.00008 0.999983 0.999999 1 1 1 1 1 1 1 1 1 1 1 
-6.03456e-13 1.11735e-12 -3.4257e-12 1.90008e-11 -7.84221e-12 -5.68625e-10 4.01304e-09 -9.27191e-09 -4.44771e-08 4.36864e-07 -1.32762e-06 -1.03338e-06 2.33009e-05 -8.34329e-05 9.64944e-05 0.000285625 -0.00157337 0.00465567 -0.0145682 0.0531479 -0.143344 0.5 1.14334 0.946852 1.01457 0.995344 1.00157 0.999714 0.999904 1.00008 0.999977 1 1 1 1 1 1 1 1 1 1 1 1 
-1.11735e-12 1.96694e-12 -5.67575e-12 2.43397e-11 3.7451e-11 -9.88886e-10 5.16504e-09 -5.43113e-09 -8.59425e-08 5.45238e-07 -1.10126e-06 -3.32481e-06 2.82522e-05 -7.61585e-05 3.79278e-05 0.000380445 -0.00150184 0.0042762 -0.0144418 0.0538617 -0.143746 0.5 1.14375 0.946138 1.01444 0.995724 1.0015 0.99962 0.999962 1.00008 0.999972 1 1 0.999999 1 1 1 1 1 1 1 1 1 
-1.96694e-12 3.2576e-12 -8.69839e-12 2.61632e-11 1.27381e-10 -1.53973e-09 5.90171e-09 2.74669e-09 -1.36191e-07 6.14665e-07 -6.31382e-07 -5.82781e-06 3.11781e-05 -6.23124e-05 -1.89377e-05 0.000431503 -0.00136909 0.00397495 -0.0145317 0.0545386 -0.143873 0.5 1.14387 0.945461 1.01453 0.996025 1.00137 0.999568 1.00002 1.00006 0.999969 1.00001 1 0.999999 1 1 1 1 1 1 1 1 1 
-3.2576e-12 5.03148e-12 -1.21838e-11 1.9542e-11 2.76719e-10 -2.16947e-09 5.73453e-09 1.59446e-08 -1.89313e-07 6.19077e-07 7.05221e-08 -8.2216e-06 3.15447e-05 -4.36581e-05 -6.73878e-05 0.000439915 -0.00120961 0.00378364 -0.0147649 0.0550622 -0.14378 0.5 1.14378 0.944938 1.01476 0.996216 1.00121 0.99956 1.00007 1.00004 0.999968 1.00001 1 0.999999 1 1 1 1 1 1 1 1 1 
-5.03148e-12 7.17742e-12 -1.52946e-11 -2.16647e-12 4.93367e-10 -2.76866e-09 4.13066e-09 3.39954e-08 -2.3667e-07 5.37892e-07 9.49304e-07 -1.01663e-05 2.91948e-05 -2.26477e-05 -0.000102474 0.000412817 -0.00105498 0.00370807 -0.0150616 0.0553766 -0.143547 0.5 1.14355 0.944623 1.01506 0.996292 1.00105 0.999587 1.0001 1.00002 0.999971 1.00001 0.999999 0.999999 1 1 1 1 1 1 1 1 1 
-7.17742e-12 9.31866e-12 -1.65067e-11 -4.63901e-11 7.71295e-10 -3.16915e-09 6.32528e-10 5.56082e-08 -2.68037e-07 3.6147e-07 1.91069e-06 -1.13641e-05 2.43838e-05 -1.98808e-06 -0.000121662 0.000361405 -0.000929381 0.00373299 -0.0153516 0.0554793 -0.143258 0.5 1.14326 0.944521 1.01535 0.996267 1.00093 0.999639 1.00012 1 0.999976 1.00001 0.999998 1 1 1 1 1 1 1 1 1 1 
-9.31866e-12 1.07061e-11 -1.35855e-11 -1.19542e-10 1.08392e-09 -3.15981e-09 -4.99779e-09 7.8296e-08 -2.73398e-07 9.506e-08 2.83439e-06 -1.16148e-05 1.7737e-05 1.58171e-05 -0.000125003 0.000298561 -0.000847077 0.00382944 -0.0155835 0.0554083 -0.142985 0.5 1.14299 0.944592 1.01558 0.996171 1.00085 0.999701 1.00013 0.999984 0.999982 1.00001 0.999997 1 1 1 1 1 1 1 1 1 1 
-1.07061e-11 1.01619e-11 -3.79502e-12 -2.24477e-10 1.38025e-09 -2.52059e-09 -1.26417e-08 9.85697e-08 -2.45042e-07 -2.39884e-07 3.59356e-06 -1.08548e-05 1.01407e-05 2.88617e-05 -0.000114836 0.000236533 -0.000812058 0.00396287 -0.0157296 0.0552238 -0.142776 0.5 1.14278 0.944776 1.01573 0.996037 1.00081 0.999763 1.00011 0.999971 0.99999 1.00001 0.999996 1 1 1 1 1 1 1 1 1 1 
-1.01619e-11 6.12566e-12 1.55967e-11 -3.57644e-10 1.58608e-09 -1.07182e-09 -2.17325e-08 1.12411e-07 -1.79533e-07 -6.07543e-07 4.07686e-06 -9.17079e-06 2.58808e-06 3.60984e-05 -9.51414e-05 0.000185087 -0.000819481 0.00410042 -0.015785 0.0549914 -0.142655 0.5 1.14266 0.945009 1.01579 0.9959 1.00082 0.999815 1.0001 0.999964 0.999997 1.00001 0.999996 1 1 1 1 1 1 1 1 1 1 
-6.12566e-12 -3.14898e-12 4.65247e-11 -5.06667e-10 1.61183e-09 1.26973e-09 -3.12443e-08 1.15959e-07 -7.90874e-08 -9.62641e-07 4.20859e-06 -6.78615e-06 -3.98585e-06 3.74295e-05 -7.06928e-05 0.000150364 -0.000858343 0.00421629 -0.0157624 0.0547686 -0.142623 0.5 1.14262 0.945231 1.01576 0.995784 1.00086 0.99985 1.00007 0.999963 1 1.00001 0.999996 1 1 1 1 1 1 1 1 1 1 
3.14898e-12 -1.92281e-11 8.91535e-11 -6.49218e-10 1.36733e-09 4.44058e-09 -3.97813e-08 1.06299e-07 4.80156e-08 -1.25758e-06 3.96299e-06 -4.02302e-06 -8.85153e-06 3.36275e-05 -4.61832e-05 0.000134545 -0.000914666 0.00429469 -0.0156858 0.0545959 -0.142661 0.5 1.14266 0.945404 1.01569 0.995705 1.00091 0.999865 1.00005 0.999966 1.00001 1 0.999996 1 1 1 1 1 1 1 1 1 1 
1.92281e-11 -4.29856e-11 1.40934e-10 -7.53995e-10 7.81695e-10 8.19979e-09 -4.57678e-08 8.21752e-08 1.88175e-07 -1.45047e-06 3.36957e-06 -1.24759e-06 -1.15867e-05 2.61155e-05 -2.54887e-05 0.000136234 -0.000974544 0.00433035 -0.0155833 0.0544939 -0.142744 0.5 1.14274 0.945506 1.01558 0.99567 1.00097 0.999864 1.00003 0.999974 1.00001 1 0.999997 1 1 1 1 1 1 1 1 1 1 
4.29856e-11 -7.40238e-11 1.95971e-10 -7.84266e-10 -1.7501e-10 1.21299e-08 -4.77133e-08 4.44842e-08 3.24304e-07 -1.51255e-06 2.50868e-06 1.19028e-06 -1.21182e-05 1.66629e-05 -1.11749e-05 0.000151381 -0.00102655 0.00432702 -0.0154809 0.0544643 -0.142844 0.5 1.14284 0.945536 1.01548 0.995673 1.00103 0.999849 1.00001 0.999983 1.00001 0.999999 0.999997 1 1 1 1 1 1 1 1 1 1 
7.40238e-11 -1.10159e-10 2.44991e-10 -7.03897e-10 -1.47319e-09 1.56758e-08 -4.45066e-08 -3.59851e-09 4.38469e-07 -1.43341e-06 1.49812e-06 3.01178e-06 -1.07016e-05 7.05878e-06 -4.29919e-06 0.000174489 -0.0010632 0.00429467 -0.0153979 0.0544944 -0.142937 0.5 1.14294 0.945506 1.0154 0.995705 1.00106 0.999826 1 0.999993 1.00001 0.999997 0.999999 1 1 1 1 1 1 1 1 1 1 
1.10159e-10 -1.47132e-10 2.76134e-10 -4.85117e-10 -3.01328e-09 1.82203e-08 -3.56803e-08 -5.69098e-08 5.14847e-07 -1.2231e-06 4.73423e-07 4.04873e-06 -7.84708e-06 -1.17592e-06 -4.4997e-06 0.000199837 -0.00108143 0.0042463 -0.0153456 0.0545631 -0.143006 0.5 1.14301 0.945437 1.01535 0.995754 1.00108 0.9998 1 1 1.00001 0.999996 1 1 0.999999 1 1 1 1 1 1 1 1 
1.47132e-10 -1.78693e-10 2.76616e-10 -1.16626e-10 -4.62766e-09 1.91862e-08 -2.15868e-08 -1.08989e-07 5.42452e-07 -9.10666e-07 -4.34202e-07 4.26176e-06 -4.21007e-06 -6.99265e-06 -1.03092e-05 0.000222518 -0.00108215 0.00419476 -0.0153263 0.0546473 -0.143044 0.5 1.14304 0.945353 1.01533 0.995805 1.00108 0.999777 1.00001 1.00001 1 0.999996 1 1 0.999999 1 1 1 1 1 1 1 1 
1.78693e-10 -1.97178e-10 2.35132e-10 3.89719e-10 -6.09678e-09 1.8147e-08 -3.4393e-09 -1.53059e-07 5.17093e-07 -5.39345e-07 -1.11835e-06 3.7355e-06 -4.70155e-07 -9.91143e-06 -1.96037e-05 0.000239122 -0.00106924 0.0041505 -0.0153357 0.0547265 -0.143051 0.5 1.14305 0.945273 1.01534 0.995849 1.00107 0.999761 1.00002 1.00001 1 0.999996 1 1 0.999999 1 1 1 1 1 1 1 1 
1.97178e-10 -1.94572e-10 1.44609e-10 9.95441e-10 -7.17886e-09 1.49252e-08 1.68023e-08 -1.83122e-07 4.42187e-07 -1.59482e-07 -1.51264e-06 2.65341e-06 2.78023e-06 -1.00073e-05 -3.00852e-05 0.000248032 -0.00104819 0.00412015 -0.0153651 0.0547865 -0.143033 0.5 1.14303 0.945214 1.01537 0.99588 1.00105 0.999752 1.00003 1.00001 0.999997 0.999997 1 1 1 1 1 1 1 1 1 1 1 
1.94572e-10 -1.63974e-10 4.77486e-12 1.63661e-09 -7.64892e-09 9.65655e-09 3.66912e-08 -1.94971e-07 3.28266e-07 1.79625e-07 -1.59832e-06 1.2586e-06 5.11849e-06 -7.80524e-06 -3.97074e-05 0.000249337 -0.00102474 0.00410619 -0.0154038 0.05482 -0.143 0.5 1.143 0.94518 1.0154 0.995894 1.00102 0.999751 1.00004 1.00001 0.999995 0.999999 1 1 1 1 1 1 1 1 1 1 1 
1.63974e-10 -1.01223e-10 -1.76086e-10 2.23022e-09 -7.34064e-09 2.80331e-09 5.36597e-08 -1.86923e-07 1.91268e-07 4.3738e-07 -1.40336e-06 -1.91307e-07 6.33536e-06 -4.11579e-06 -4.69803e-05 0.000244467 -0.00100378 0.00410742 -0.0154422 0.054827 -0.142963 0.5 1.14296 0.945173 1.01544 0.995893 1.001 0.999756 1.00005 1 0.999994 1 1 1 1 1 1 1 1 1 1 1 1 
1.01223e-10 -6.3855e-12 -3.80728e-10 2.68538e-09 -6.18311e-09 -4.88957e-09 6.54283e-08 -1.60134e-07 4.9943e-08 5.8773e-07 -9.93938e-07 -1.46676e-06 6.43665e-06 1.51353e-07 -5.11218e-05 0.000235651 -0.000988652 0.00412006 -0.0154729 0.0548125 -0.142929 0.5 1.14293 0.945187 1.01547 0.99588 1.00099 0.999764 1.00005 1 0.999994 1 1 0.999999 1 1 1 1 1 1 1 1 1 
6.3855e-12 1.15248e-10 -5.84249e-10 2.91763e-09 -4.22458e-09 -1.24926e-08 7.03826e-08 -1.18437e-07 -7.71545e-08 6.2227e-07 -4.60291e-07 -2.39922e-06 5.60862e-06 4.15919e-06 -5.20561e-05 0.000225358 -0.000980863 0.00413902 -0.0154916 0.0547847 -0.142906 0.5 1.14291 0.945215 1.01549 0.995861 1.00098 0.999775 1.00005 0.999996 0.999994 1 1 0.999999 1 1 1 1 1 1 1 1 1 
-1.15248e-10 2.52953e-10 -7.5712e-10 2.86424e-09 -1.63742e-09 -1.9029e-08 6.78495e-08 -6.77234e-08 -1.74537e-07 5.5022e-07 1.00021e-07 -2.8999e-06 4.15807e-06 7.27342e-06 -5.02883e-05 0.000215791 -0.000980215 0.0041592 -0.0154977 0.0547522 -0.142894 0.5 1.14289 0.945248 1.0155 0.995841 1.00098 0.999784 1.00005 0.999993 0.999996 1 1 0.999999 1 1 1 1 1 1 1 1 1 
-2.52953e-10 3.91343e-10 -8.69593e-10 2.49725e-09 1.29834e-09 -2.36275e-08 5.82199e-08 -1.49926e-08 -2.32021e-07 3.95509e-07 5.98361e-07 -2.9628e-06 2.44127e-06 9.13459e-06 -4.67004e-05 0.000208551 -0.00098522 0.00417644 -0.0154928 0.0547226 -0.142894 0.5 1.14289 0.945277 1.01549 0.995824 1.00099 0.999791 1.00005 0.999991 0.999998 1 0.999999 1 1 1 1 1 1 1 1 1 1 
-3.91343e-10 5.12129e-10 -8.96805e-10 1.83197e-09 4.23145e-09 -2.56645e-08 4.28934e-08 3.27619e-08 -2.45977e-07 1.91674e-07 9.67999e-07 -2.65347e-06 7.95633e-07 9.66955e-06 -4.23184e-05 0.000204467 -0.000993658 0.00418808 -0.0154806 0.0547012 -0.142902 0.5 1.1429 0.945299 1.01548 0.995812 1.00099 0.999796 1.00004 0.99999 0.999999 1 0.999999 1 1 1 1 1 1 1 1 1 1 
-5.12129e-10 5.96675e-10 -8.23667e-10 9.28553e-10 6.79036e-09 -2.48686e-08 2.4056e-08 6.96312e-08 -2.19424e-07 -2.43582e-08 1.17197e-06 -2.08735e-06 -5.14242e-07 9.05065e-06 -3.81005e-05 0.000203607 -0.00100316 0.00419317 -0.0154651 0.0546902 -0.142916 0.5 1.14292 0.94531 1.01547 0.995807 1.001 0.999796 1.00004 0.999991 1 1 0.999999 1 1 1 1 1 1 1 1 1 1 
-5.96675e-10 6.28976e-10 -6.48561e-10 -1.13966e-10 8.64036e-09 -2.13688e-08 4.3292e-09 9.16484e-08 -1.61034e-07 -2.18447e-07 1.20502e-06 -1.40283e-06 -1.32912e-06 7.61921e-06 -3.47774e-05 0.000205429 -0.00101167 0.00419221 -0.0154502 0.0546894 -0.14293 0.5 1.14293 0.945311 1.01545 0.995808 1.00101 0.999795 1.00003 0.999992 1 1 0.999999 1 1 1 1 1 1 1 1 1 1 
-6.28976e-10 5.98558e-10 -3.85033e-10 -1.17068e-09 9.5368e-09 -1.56769e-08 -1.36446e-08 9.72854e-08 -8.32824e-08 -3.64318e-07 1.09006e-06 -7.34497e-07 -1.60392e-06 5.79308e-06 -3.2767e-05 0.000209009 -0.0010178 0.00418677 -0.0154386 0.0546965 -0.142943 0.5 1.14294 0.945304 1.01544 0.995813 1.00102 0.999791 1.00003 0.999994 1 1 0.999999 1 1 1 1 1 1 1 1 1 1 
-5.98558e-10 5.02747e-10 -6.0976e-11 -2.10892e-09 9.36505e-09 -8.60652e-09 -2.76085e-08 8.75243e-08 -1.43711e-10 -4.4679e-07 8.70331e-07 -1.91084e-07 -1.39518e-06 3.9778e-06 -3.2161e-05 0.000213293 -0.00102089 0.00417892 -0.0154319 0.0547083 -0.142951 0.5 1.14295 0.945292 1.01543 0.995821 1.00102 0.999787 1.00003 0.999996 1 1 0.999999 1 1 1 1 1 1 1 1 1 1 
-5.02747e-10 3.47849e-10 2.84731e-10 -2.80843e-09 8.15983e-09 -1.14445e-09 -3.60195e-08 6.55152e-08 7.52579e-08 -4.62795e-07 5.99289e-07 1.58681e-07 -8.32875e-07 2.49667e-06 -3.27751e-05 0.000217323 -0.00102104 0.00417076 -0.0154302 0.0547214 -0.142955 0.5 1.14295 0.945279 1.01543 0.995829 1.00102 0.999783 1.00003 0.999998 1 1 0.999999 1 1 1 1 1 1 1 1 1 1 
-3.47849e-10 1.48934e-10 6.07702e-10 -3.1802e-09 6.10036e-09 5.70467e-09 -3.82455e-08 3.59075e-08 1.32622e-07 -4.20272e-07 3.30178e-07 2.9106e-07 -8.43021e-08 1.5487e-06 -3.42388e-05 0.000220392 -0.00101887 0.00416393 -0.0154328 0.0547327 -0.142954 0.5 1.14295 0.945267 1.01543 0.995836 1.00102 0.99978 1.00003 0.999998 1 1 1 1 1 1 1 1 1 1 1 1 1 
-1.48934e-10 -7.18459e-11 8.64753e-10 -3.18057e-09 3.48215e-09 1.10719e-08 -3.46044e-08 3.98961e-09 1.6578e-07 -3.35369e-07 1.07162e-07 2.23711e-07 6.82201e-07 1.19699e-06 -3.61017e-05 0.000222128 -0.00101531 0.00415947 -0.0154382 0.0547405 -0.14295 0.5 1.14295 0.945259 1.01544 0.995841 1.00102 0.999778 1.00004 0.999999 0.999999 1 1 1 1 1 1 1 1 1 1 1 1 
7.18459e-11 -2.88194e-10 1.02072e-09 -2.81816e-09 6.70383e-10 1.43504e-08 -2.62471e-08 -2.51999e-08 1.73179e-07 -2.28638e-07 -4.06626e-08 5.49224e-09 1.32723e-06 1.38396e-06 -3.7933e-05 0.00022249 -0.00101135 0.00415773 -0.0154446 0.0547441 -0.142944 0.5 1.14294 0.945256 1.01544 0.995842 1.00101 0.999778 1.00004 0.999999 0.999999 1 1 1 1 1 1 1 1 1 1 1 1 
2.88194e-10 -4.73421e-10 1.05418e-09 -2.15232e-09 -1.95705e-09 1.52741e-08 -1.49139e-08 -4.76382e-08 1.5755e-07 -1.21008e-07 -1.01776e-07 -2.97464e-07 1.7597e-06 1.96548e-06 -3.93975e-05 0.000221706 -0.00100785 0.00415844 -0.0154506 0.0547435 -0.142938 0.5 1.14294 0.945256 1.01545 0.995842 1.00101 0.999778 1.00004 0.999998 0.999998 1 1 1 1 1 1 1 1 1 1 1 1 
4.73421e-10 -6.04409e-10 9.61041e-10 -1.28346e-09 -4.06684e-09 1.39376e-08 -2.61359e-09 -6.08425e-08 1.24906e-07 -3.0257e-08 -8.13195e-08 -6.16343e-07 1.94404e-06 2.75427e-06 -4.02981e-05 0.000220172 -0.00100538 0.00416091 -0.015455 0.05474 -0.142933 0.5 1.14293 0.94526 1.01546 0.995839 1.00101 0.99978 1.00004 0.999997 0.999998 1 1 1 1 1 1 1 1 1 1 1 1 
6.04409e-10 -6.65124e-10 7.5535e-10 -3.36897e-10 -5.41849e-09 1.07575e-08 8.7139e-09 -6.40875e-08 8.31191e-08 3.14838e-08 2.54039e-09 -8.92193e-07 1.89609e-06 3.56271e-06 -4.05842e-05 0.000218343 -0.00100421 0.00416427 -0.0154574 0.0547349 -0.14293 0.5 1.14293 0.945265 1.01546 0.995836 1.001 0.999782 1.00004 0.999996 0.999998 1 1 1 1 1 1 1 1 1 1 1 1 
6.65124e-10 -6.49064e-10 4.67146e-10 5.56821e-10 -5.89558e-09 6.38395e-09 1.74949e-08 -5.83103e-08 4.03727e-08 5.88966e-08 1.23929e-07 -1.08455e-06 1.67051e-06 4.23739e-06 -4.03311e-05 0.000216633 -0.00100426 0.00416765 -0.0154577 0.0547295 -0.142929 0.5 1.14293 0.94527 1.01546 0.995832 1.001 0.999783 1.00004 0.999996 0.999998 1 1 1 1 1 1 1 1 1 1 1 1 
6.49064e-10 -5.60246e-10 1.37723e-10 1.28187e-09 -5.5158e-09 1.58187e-09 2.27313e-08 -4.57519e-08 3.76645e-09 5.33081e-08 2.5505e-07 -1.17525e-06 1.34349e-06 4.68061e-06 -3.96999e-05 0.000215345 -0.00100528 0.00417039 -0.0154563 0.0547251 -0.14293 0.5 1.14293 0.945275 1.01546 0.99583 1.00101 0.999785 1.00004 0.999995 0.999999 1 1 1 1 1 1 1 1 1 1 1 1 
5.60246e-10 -4.12532e-10 -1.86876e-10 1.75393e-09 -4.41904e-09 -2.89762e-09 2.4096e-08 -2.94261e-08 -2.17061e-08 2.14051e-08 3.71354e-07 -1.16762e-06 9.9479e-07 4.85733e-06 -3.88896e-05 0.000214637 -0.00100684 0.00417208 -0.0154539 0.0547222 -0.142932 0.5 1.14293 0.945278 1.01545 0.995828 1.00101 0.999785 1.00004 0.999995 0.999999 1 1 1 1 1 1 1 1 1 1 1 1 
4.12532e-10 -2.27437e-10 -4.62998e-10 1.93113e-09 -2.83698e-09 -6.43232e-09 2.19084e-08 -1.25248e-08 -3.36795e-08 -2.67748e-08 4.55268e-07 -1.08191e-06 6.92515e-07 4.78917e-06 -3.80917e-05 0.00021452 -0.00100852 0.00417263 -0.0154512 0.0547212 -0.142935 0.5 1.14293 0.945279 1.01545 0.995827 1.00101 0.999785 1.00004 0.999995 0.999999 1 1 1 1 1 1 1 1 1 1 1 1 
2.27437e-10 -3.0782e-11 -6.5596e-10 1.81773e-09 -1.05015e-09 -8.61316e-09 1.70063e-08 2.13019e-09 -3.24173e-08 -8.01171e-08 4.98065e-07 -9.48568e-07 4.82914e-07 4.53906e-06 -3.74553e-05 0.000214891 -0.00100997 0.00417217 -0.0154488 0.0547218 -0.142937 0.5 1.14294 0.945278 1.01545 0.995828 1.00101 0.999785 1.00004 0.999995 1 1 1 1 1 1 1 1 1 1 1 1 1 
3.0782e-11 1.51239e-10 -7.44962e-10 1.46013e-09 6.59267e-10 -9.28594e-09 1.05481e-08 1.25026e-08 -2.03645e-08 -1.28529e-07 4.99846e-07 -8.00866e-07 3.86118e-07 4.19123e-06 -3.7068e-05 0.000215575 -0.00101096 0.00417102 -0.015447 0.0547235 -0.142939 0.5 1.14294 0.945277 1.01545 0.995829 1.00101 0.999784 1.00004 0.999996 1 1 1 1 1 1 1 1 1 1 1 1 1 
-1.51239e-10 2.95912e-10 -7.25576e-10 9.36517e-10 2.05108e-09 -8.54773e-09 3.78389e-09 1.75682e-08 -1.39194e-09 -1.64521e-07 4.67956e-07 -6.68338e-07 3.97493e-07 3.83112e-06 -3.69517e-05 0.000216371 -0.00101138 0.00416955 -0.0154462 0.0547257 -0.14294 0.5 1.14294 0.945274 1.01545 0.99583 1.00101 0.999784 1.00004 0.999996 1 1 1 1 1 1 1 1 1 1 1 1 1 
-2.95912e-10 3.87174e-10 -6.0951e-10 3.42176e-10 2.95999e-09 -6.70276e-09 -2.15974e-09 1.73399e-08 2.00903e-08 -1.84073e-07 4.14383e-07 -5.72139e-07 4.93315e-07 3.52919e-06 -3.7072e-05 0.000217102 -0.00101129 0.00416813 -0.0154463 0.054728 -0.14294 0.5 1.14294 0.945272 1.01545 0.995832 1.00101 0.999783 1.00004 0.999996 1 1 1 1 1 1 1 1 1 1 1 1 1 
-3.87174e-10 4.17587e-10 -4.21805e-10 -2.26802e-10 3.31345e-09 -4.18947e-09 -6.44824e-09 1.27127e-08 3.99766e-08 -1.86747e-07 3.52779e-07 -5.22761e-07 6.3888e-07 3.3306e-06 -3.73564e-05 0.00021764 -0.0010108 0.00416703 -0.015447 0.0547297 -0.14294 0.5 1.14294 0.94527 1.01545 0.995833 1.00101 0.999782 1.00004 0.999997 0.999999 1 1 1 1 1 1 1 1 1 1 1 1 
-4.17587e-10 3.88891e-10 -1.96065e-10 -6.88508e-10 3.13282e-09 -1.49389e-09 -8.63685e-09 5.18082e-09 5.51249e-08 -1.75149e-07 2.95713e-07 -5.20128e-07 7.97094e-07 3.25183e-06 -3.77159e-05 0.00021792 -0.00101011 0.00416639 -0.0154481 0.0547307 -0.142939 0.5 1.14294 0.945269 1.01545 0.995834 1.00101 0.999782 1.00004 0.999997 0.999999 1 1 1 1 1 1 1 1 1 1 1 1 
-3.88891e-10 3.11087e-10 3.13486e-11 -9.86608e-10 2.51923e-09 9.34605e-10 -8.69033e-09 -3.50696e-09 6.37449e-08 -1.53937e-07 2.52603e-07 -5.55606e-07 9.35847e-07 3.2833e-06 -3.80657e-05 0.000217943 -0.00100938 0.00416625 -0.0154493 0.054731 -0.142938 0.5 1.14294 0.945269 1.01545 0.995834 1.00101 0.999782 1.00004 0.999997 0.999999 1 1 1 1 1 1 1 1 1 1 1 1 
-3.11087e-10 2.00308e-10 2.27162e-10 -1.09652e-09 1.62814e-09 2.75131e-09 -6.93102e-09 -1.16849e-08 6.54861e-08 -1.28642e-07 2.28592e-07 -6.15219e-07 1.03303e-06 3.39647e-06 -3.83403e-05 0.000217758 -0.00100877 0.00416652 -0.0154502 0.0547306 -0.142937 0.5 1.14294 0.945269 1.01545 0.995833 1.00101 0.999782 1.00004 0.999997 0.999999 1 1 1 1 1 1 1 1 1 1 1 1 
-2.00308e-10 7.58962e-11 3.66077e-10 -1.02586e-09 6.37915e-10 3.75839e-09 -3.93361e-09 -1.80432e-08 6.12603e-08 -1.04522e-07 2.24396e-07 -6.83233e-07 1.07871e-06 3.55305e-06 -3.85023e-05 0.000217446 -0.00100838 0.00416706 -0.0154509 0.0547298 -0.142936 0.5 1.14294 0.94527 1.01545 0.995833 1.00101 0.999783 1.00004 0.999996 0.999999 1 1 1 1 1 1 1 1 1 1 1 1 
-7.58962e-11 -4.2794e-11 4.33981e-10 -8.09547e-10 -2.81657e-10 3.91733e-09 -3.91773e-10 -2.1797e-08 5.28688e-08 -8.56762e-08 2.36996e-07 -7.45405e-07 1.07461e-06 3.71426e-06 -3.85438e-05 0.000217094 -0.00100824 0.00416771 -0.0154512 0.0547288 -0.142936 0.5 1.14294 0.945271 1.01545 0.995832 1.00101 0.999783 1.00004 0.999996 0.999999 1 1 1 1 1 1 1 1 1 1 1 1 
4.2794e-11 -1.39321e-10 4.29078e-10 -5.01104e-10 -9.9559e-10 3.33323e-09 3.01647e-09 -2.27395e-08 4.25345e-08 -7.45099e-08 2.60875e-07 -7.91336e-07 1.03148e-06 3.84829e-06 -3.84818e-05 0.00021678 -0.00100831 0.00416831 -0.0154511 0.0547279 -0.142936 0.5 1.14294 0.945272 1.01545 0.995832 1.00101 0.999783 1.00004 0.999996 0.999999 1 1 1 1 1 1 1 1 1 1 1 1 
1.39321e-10 -2.02367e-10 3.60936e-10 -1.61765e-10 -1.42098e-09 2.21718e-09 5.74131e-09 -2.11849e-08 3.2436e-08 -7.16064e-08 2.89493e-07 -8.15663e-07 9.65281e-07 3.93501e-06 -3.83498e-05 0.000216557 -0.00100855 0.00416876 -0.0154507 0.0547272 -0.142936 0.5 1.14294 0.945273 1.01545 0.995831 1.00101 0.999783 1.00004 0.999996 0.999999 1 1 1 1 1 1 1 1 1 1 1 1 
2.02367e-10 -2.26929e-10 2.47783e-10 1.50356e-10 -1.53344e-09 8.35993e-10 7.43521e-09 -1.78292e-08 2.43282e-08 -7.5948e-08 3.16677e-07 -8.18093e-07 8.93189e-07 3.9674e-06 -3.81879e-05 0.000216451 -0.00100887 0.00416899 -0.0154502 0.0547268 -0.142936 0.5 1.14294 0.945273 1.01545 0.995831 1.00101 0.999784 1.00004 0.999996 0.999999 1 1 1 1 1 1 1 1 1 1 1 1 
2.26929e-10 -2.14406e-10 1.12683e-10 3.89321e-10 -1.36304e-09 -5.40402e-10 7.98117e-09 -1.35664e-08 1.93011e-08 -8.53895e-08 3.37693e-07 -8.02479e-07 8.30063e-07 3.95033e-06 -3.80339e-05 0.000216456 -0.00100918 0.00416901 -0.0154497 0.0547268 -0.142937 0.5 1.14294 0.945273 1.01545 0.995831 1.00101 0.999784 1.00004 0.999996 0.999999 1 1 1 1 1 1 1 1 1 1 1 1 
2.14406e-10 -1.71659e-10 -2.06748e-11 5.273e-10 -9.81638e-10 -1.68466e-09 7.47687e-09 -9.29883e-09 1.77009e-08 -9.72523e-08 3.49843e-07 -7.75305e-07 7.86105e-07 3.89716e-06 -3.7916e-05 0.00021655 -0.00100944 0.00416886 -0.0154493 0.054727 -0.142937 0.5 1.14294 0.945273 1.01545 0.995831 1.00101 0.999783 1.00004 0.999996 0.999999 1 1 1 1 1 1 1 1 1 1 1 1 
1.71659e-10 -1.09305e-10 -1.31834e-10 5.56756e-10 -4.85014e-10 -2.44388e-09 6.18415e-09 -5.77693e-09 1.9196e-08 -1.08911e-07 3.52588e-07 -7.43955e-07 7.65843e-07 3.8255e-06 -3.78499e-05 0.000216694 -0.00100959 0.0041686 -0.0154491 0.0547274 -0.142938 0.5 1.14294 0.945273 1.01545 0.995831 1.00101 0.999783 1.00004 0.999996 0.999999 1 1 1 1 1 1 1 1 1 1 1 1 
1.09305e-10 -3.96025e-11 -2.06462e-10 4.88963e-10 2.65655e-11 -2.75412e-09 4.45762e-09 -3.49167e-09 2.29564e-08 -1.18263e-07 3.47237e-07 -7.15158e-07 7.68388e-07 3.75293e-06 -3.78377e-05 0.000216851 -0.00100963 0.00416831 -0.015449 0.0547278 -0.142938 0.5 1.14294 0.945272 1.01545 0.995832 1.00101 0.999783 1.00004 0.999996 0.999999 1 1 1 1 1 1 1 1 1 1 1 1 
3.96025e-11 2.56762e-11 -2.37911e-10 3.49567e-10 4.65788e-10 -2.63752e-09 2.66833e-09 -2.63107e-09 2.78903e-08 -1.24022e-07 3.36356e-07 -6.93844e-07 7.88681e-07 3.69369e-06 -3.78707e-05 0.000216986 -0.00100958 0.00416806 -0.0154491 0.0547282 -0.142938 0.5 1.14294 0.945272 1.01545 0.995832 1.00101 0.999783 1.00004 0.999996 0.999999 1 1 1 1 1 1 1 1 1 1 1 1 
-2.56762e-11 7.70501e-11 -2.27321e-10 1.72322e-10 7.7104e-10 -2.1851e-09 1.13653e-09 -3.09785e-09 3.28891e-08 -1.25801e-07 3.23052e-07 -6.82564e-07 8.19277e-07 3.65652e-06 -3.79332e-05 0.000217077 -0.00100947 0.00416788 -0.0154492 0.0547285 -0.142937 0.5 1.14294 0.945272 1.01545 0.995832 1.00101 0.999783 1.00004 0.999996 0.999999 1 1 1 1 1 1 1 1 1 1 1 1 
-7.70501e-11 1.08539e-10 -1.8243e-10 -7.69556e-12 9.12926e-10 -1.53035e-09 8.40321e-11 -4.57517e-09 3.70311e-08 -1.24021e-07 3.1029e-07 -6.8147e-07 8.52247e-07 3.64414e-06 -3.80068e-05 0.000217116 -0.00100932 0.0041678 -0.0154495 0.0547286 -0.142937 0.5 1.14294 0.945271 1.01545 0.995832 1.00101 0.999783 1.00004 0.999996 0.999999 1 1 1 1 1 1 1 1 1 1 1 1 
-1.08539e-10 1.18154e-10 -1.15444e-10 -1.60164e-10 8.94321e-10 -8.1947e-10 -3.8843e-10 -6.62075e-09 3.97171e-08 -1.19686e-07 3.00363e-07 -6.88754e-07 8.80788e-07 3.65392e-06 -3.80749e-05 0.000217106 -0.00100918 0.00416781 -0.0154497 0.0547286 -0.142937 0.5 1.14294 0.945271 1.01545 0.995832 1.00101 0.999783 1.00004 0.999996 0.999999 1 1 1 1 1 1 1 1 1 1 1 1 
-1.18154e-10 1.07679e-10 -4.04341e-11 -2.6394e-10 7.44892e-10 -1.84142e-10 -2.98879e-10 -8.76769e-09 4.07221e-08 -1.14083e-07 2.9459e-07 -7.01371e-07 9.00305e-07 3.67946e-06 -3.81252e-05 0.000217058 -0.00100908 0.00416789 -0.0154498 0.0547285 -0.142937 0.5 1.14294 0.945272 1.01545 0.995832 1.00101 0.999783 1.00004 0.999996 0.999999 1 1 1 1 1 1 1 1 1 1 1 1 
-1.07679e-10 8.18556e-11 2.92388e-11 -3.09285e-10 5.11831e-10 2.78961e-10 2.38913e-10 -1.06127e-08 4.01696e-08 -1.08498e-07 2.93254e-07 -7.15859e-07 9.08854e-07 3.71259e-06 -3.81515e-05 0.000216991 -0.00100902 0.00416801 -0.0154499 0.0547283 -0.142937 0.5 1.14294 0.945272 1.01545 0.995832 1.00101 0.999783 1.00004 0.999996 0.999999 1 1 1 1 1 1 1 1 1 1 1 1 
-8.18556e-11 4.72032e-11 8.30312e-11 -2.97831e-10 2.48989e-10 5.19254e-10 1.05162e-09 -1.18778e-08 3.84469e-08 -1.03971e-07 2.95745e-07 -7.2908e-07 9.0699e-07 3.74534e-06 -3.81536e-05 0.000216921 -0.00100901 0.00416814 -0.01545 0.0547281 -0.142937 0.5 1.14294 0.945272 1.01545 0.995832 1.00101 0.999783 1.00004 0.999996 0.999999 1 1 1 1 1 1 1 1 1 1 1 1 
-4.72032e-11 1.06958e-11 1.14571e-10 -2.40589e-10 6.52335e-12 5.33485e-10 1.94714e-09 -1.24387e-08 3.60863e-08 -1.01149e-07 3.00849e-07 -7.38755e-07 8.97164e-07 3.77141e-06 -3.81359e-05 0.000216863 -0.00100904 0.00416825 -0.0154499 0.0547279 -0.142937 0.5 1.14294 0.945272 1.01545 0.995832 1.00101 0.999783 1.00004 0.999996 0.999999 1 1 1 1 1 1 1 1 1 1 1 1 
-1.06958e-11 -2.14464e-11 1.22122e-10 -1.54648e-10 -1.77187e-10 3.58457e-10 2.75201e-09 -1.23206e-08 3.36404e-08 -1.00239e-07 3.07088e-07 -7.43733e-07 8.82874e-07 3.78706e-06 -3.81061e-05 0.000216825 -0.0010091 0.00416832 -0.0154498 0.0547278 -0.142937 0.5 1.14294 0.945272 1.01545 0.995832 1.00101 0.999783 1.00004 0.999996 0.999999 1 1 1 1 1 1 1 1 1 1 1 1 
2.14464e-11 -4.46718e-11 1.08197e-10 -5.93057e-11 -2.80309e-10 5.78794e-11 3.33908e-09 -1.16675e-08 3.15773e-08 -1.01051e-07 3.13054e-07 -7.43988e-07 8.67782e-07 3.79136e-06 -3.80725e-05 0.000216812 -0.00100916 0.00416835 -0.0154497 0.0547278 -0.142937 0.5 1.14294 0.945272 1.01545 0.995832 1.00101 0.999783 1.00004 0.999996 0.999999 1 1 1 1 1 1 1 1 1 1 1 1 
4.46718e-11 -5.66031e-11 7.85115e-11 2.7595e-11 -2.98669e-10 -2.93375e-10 3.64238e-09 -1.06946e-08 3.02081e-08 -1.03105e-07 3.17663e-07 -7.40408e-07 8.54974e-07 3.78577e-06 -3.80424e-05 0.000216821 -0.00100922 0.00416833 -0.0154496 0.0547278 -0.142937 0.5 1.14294 0.945272 1.01545 0.995832 1.00101 0.999783 1.00004 0.999996 0.999999 1 1 1 1 1 1 1 1 1 1 1 1 
5.66031e-11 -5.71041e-11 4.05418e-11 9.25217e-11 -2.43589e-10 -6.24396e-10 3.65833e-09 -9.63729e-09 2.96587e-08 -1.05778e-07 3.20299e-07 -7.34441e-07 8.46476e-07 3.77338e-06 -3.8021e-05 0.000216845 -0.00100927 0.00416829 -0.0154496 0.0547279 -0.142937 0.5 1.14294 0.945272 1.01545 0.995832 1.00101 0.999783 1.00004 0.999996 0.999999 1 1 1 1 1 1 1 1 1 1 1 1 
5.71041e-11 -4.79613e-11 1.99112e-12 1.2792e-10 -1.37349e-10 -8.80139e-10 3.43559e-09 -8.7038e-09 2.98794e-08 -1.08449e-07 3.2084e-07 -7.27711e-07 8.43075e-07 3.758e-06 -3.80109e-05 0.000216877 -0.00100929 0.00416823 -0.0154495 0.054728 -0.142937 0.5 1.14294 0.945272 1.01545 0.995832 1.00101 0.999783 1.00004 0.999996 0.999999 1 1 1 1 1 1 1 1 1 1 1 1 
4.79613e-11 -3.22869e-11 -3.05519e-11 1.32581e-10 -7.44376e-12 -1.02851e-09 3.05717e-09 -8.04234e-09 3.06864e-08 -1.10613e-07 3.1959e-07 -7.2167e-07 8.44408e-07 3.74324e-06 -3.80116e-05 0.000216908 -0.00100929 0.00416818 -0.0154495 0.054728 -0.142937 0.5 1.14294 0.945272 1.01545 0.995832 1.00101 0.999783 1.00004 0.999996 0.999999 1 1 1 1 1 1 1 1 1 1 1 1 
3.22869e-11 -1.37887e-11 -5.25653e-11 1.10834e-10 1.19138e-10 -1.06215e-09 2.61945e-09 -7.72449e-09 3.18203e-08 -1.11956e-07 3.17134e-07 -7.1735e-07 8.49267e-07 3.73187e-06 -3.80209e-05 0.000216933 -0.00100927 0.00416813 -0.0154495 0.0547281 -0.142937 0.5 1.14294 0.945272 1.01545 0.995832 1.00101 0.999783 1.00004 0.999996 0.999999 1 1 1 1 1 1 1 1 1 1 1 1 
1.37887e-11 3.95107e-12 -6.20451e-11 7.09005e-11 2.20607e-10 -9.9549e-10 2.21236e-09 -7.74573e-09 3.30086e-08 -1.12378e-07 3.1418e-07 -7.15247e-07 8.55997e-07 3.72544e-06 -3.80352e-05 0.000216948 -0.00100924 0.0041681 -0.0154496 0.0547282 -0.142937 0.5 1.14294 0.945272 1.01545 0.995832 1.00101 0.999783 1.00004 0.999996 0.999999 1 1 1 1 1 1 1 1 1 1 1 1 
-3.95107e-12 1.8064e-11 -5.94538e-11 2.28234e-11 2.83368e-10 -8.58407e-10 1.90419e-09 -8.03995e-09 3.4019e-08 -1.11975e-07 3.11391e-07 -7.15333e-07 8.62908e-07 3.7242e-06 -3.80506e-05 0.000216952 -0.00100921 0.0041681 -0.0154496 0.0547282 -0.142937 0.5 1.14294 0.945272 1.01545 0.995832 1.00101 0.999783 1.00004 0.999996 0.999999 1 1 1 1 1 1 1 1 1 1 1 1 
-1.8064e-11 2.67697e-11 -4.72497e-11 -2.35995e-11 3.03048e-10 -6.8815e-10 1.733e-09 -8.50272e-09 3.46952e-08 -1.10979e-07 3.09272e-07 -7.17158e-07 8.68614e-07 3.72736e-06 -3.80638e-05 0.000216946 -0.00100919 0.00416811 -0.0154497 0.0547281 -0.142937 0.5 1.14294 0.945272 1.01545 0.995832 1.00101 0.999783 1.00004 0.999996 0.999999 1 1 1 1 1 1 1 1 1 1 1 1 
-2.67697e-11 2.95051e-11 -2.91429e-11 -6.05003e-11 2.83714e-10 -5.21353e-10 1.70504e-09 -9.01749e-09 3.49729e-08 -1.09693e-07 3.08102e-07 -7.20023e-07 8.72239e-07 3.7334e-06 -3.80728e-05 0.000216934 -0.00100917 0.00416813 -0.0154497 0.0547281 -0.142937 0.5 1.14294 0.945272 1.01545 0.995832 1.00101 0.999783 1.00004 0.999996 0.999999 1 1 1 1 1 1 1 1 1 1 1 1 
-2.95051e-11 2.6823e-11 -9.25113e-12 -8.30137e-11 2.35698e-10 -3.87518e-10 1.79928e-09 -9.47939e-09 3.48742e-08 -1.08417e-07 3.07923e-07 -7.23167e-07 8.73488e-07 3.74054e-06 -3.80765e-05 0.000216919 -0.00100916 0.00416815 -0.0154497 0.0547281 -0.142937 0.5 1.14294 0.945272 1.01545 0.995832 1.00101 0.999783 1.00004 0.999996 0.999999 1 1 1 1 1 1 1 1 1 1 1 1 
-2.6823e-11 2.01143e-11 8.68224e-12 -8.96405e-11 1.72672e-10 -3.04926e-10 1.97612e-09 -9.81253e-09 3.44881e-08 -1.07392e-07 3.08578e-07 -7.25921e-07 8.72593e-07 3.74717e-06 -3.80753e-05 0.000216905 -0.00100916 0.00416818 -0.0154497 0.054728 -0.142937 0.5 1.14294 0.945272 1.01545 0.995832 1.00101 0.999783 1.00004 0.999996 0.999999 1 1 1 1 1 1 1 1 1 1 1 1 
-2.01143e-11 1.12293e-11 2.18796e-11 -8.19518e-11 1.08615e-10 -2.79298e-10 2.18798e-09 -9.97885e-09 3.39411e-08 -1.06767e-07 3.09779e-07 -7.27825e-07 8.70158e-07 3.75207e-06 -3.80705e-05 0.000216894 -0.00100917 0.0041682 -0.0154497 0.054728 -0.142937 0.5 1.14294 0.945272 1.01545 0.995832 1.00101 0.999783 1.00004 0.999996 0.999999 1 1 1 1 1 1 1 1 1 1 1 1 
-1.12293e-11 2.08089e-12 2.88559e-11 -6.37944e-11 5.52376e-11 -3.0497e-10 2.38949e-09 -9.97834e-09 3.33665e-08 -1.06585e-07 3.11188e-07 -7.28674e-07 8.66968e-07 3.75463e-06 -3.80637e-05 0.000216889 -0.00100919 0.00416821 -0.0154497 0.054728 -0.142937 0.5 1.14294 0.945272 1.01545 0.995832 1.00101 0.999783 1.00004 0.999996 0.999999 1 1 1 1 1 1 1 1 1 1 1 1 
