No, norm, delta_time
1, 0.191793, 0.025
2, 0.235269, 0.0244574
3, 0.38872, 0.0234658
4, 0.801559, 0.0216805
5, 1.61639, 0.0188812
6, 2.80249, 0.0154951
7, 4.22038, 0.0122767
8, 6.09301, 0.00935091
9, 8.77134, 0.00682993
10, 12.4213, 0.00494261
11, 17.2306, 0.00360485
12, 23.0773, 0.00270836
13, 30.2319, 0.00207589
14, 39.1103, 0.0016086
15, 50.1403, 0.00125678
16, 63.8591, 0.000987913
17, 80.9563, 0.000779894
18, 102.301, 0.000617517
19, 128.985, 0.000489954
20, 115.438, 0.000389282
21, 37.4442, 0.00179995
22, 56.4987, 0.000950166
23, 83.7503, 0.00069331
24, 118.617, 0.000512192
25, 164.334, 0.000376778
26, 219.417, 0.000284751
27, 285.223, 0.000220188
28, 365.785, 0.000172184
29, 465.362, 0.000135562
30, 589.138, 0.000107183
31, 743.584, 8.49702e-05
32, 936.778, 6.74704e-05
33, 1176.54, 5.3744e-05
34, 1477.56, 4.27995e-05
35, 1856.22, 3.40686e-05
36, 2332.48, 2.71114e-05
37, 2931.5, 2.15708e-05
38, 2616.03, 1.71369e-05
39, 1152.16, 7.98694e-05
40, 1391.38, 4.16287e-05
41, 1875.69, 3.02748e-05
42, 2653.59, 2.24785e-05
43, 3673.46, 1.67516e-05
44, 4910.68, 1.26652e-05
45, 6375.55, 9.7816e-06
46, 8132.94, 7.6352e-06
47, 10200.9, 6.00035e-06
48, 12501.8, 4.7365e-06
49, 14780.4, 3.74929e-06
50, 16771, 2.97301e-06
51, 19276.5, 2.36003e-06
52, 23850.2, 1.87472e-06
53, 30007.6, 1.48987e-06
54, 37746.3, 1.18444e-06
55, 47472.2, 9.41798e-07
56, 59707.9, 7.48799e-07
57, 75097.6, 5.95347e-07
58, 94452.1, 4.7334e-07
59, 118794, 3.7635e-07
60, 149367, 2.99255e-07
61, 185613, 2.41177e-07
62, 229535, 1.95203e-07
63, 286219, 1.56437e-07
64, 358824, 1.24692e-07
65, 450881, 9.91894e-08
66, 567494, 7.87838e-08
67, 714723, 6.25458e-08
68, 900186, 4.96574e-08
69, 1.13349e+06, 3.94372e-08
70, 1.42679e+06, 3.13314e-08
71, 1.79548e+06, 2.48986e-08
72, 2.25899e+06, 1.97905e-08
73, 2.84176e+06, 1.57323e-08
74, 3.57443e+06, 1.25078e-08
75, 4.49551e+06, 9.94531e-09
76, 5.65416e+06, 7.9073e-09
77, 5.05561e+06, 6.28676e-09
78, 2.23411e+06, 2.90485e-08
79, 2.68642e+06, 1.52944e-08
80, 3.59712e+06, 1.11484e-08
81, 5.08464e+06, 8.28551e-09
82, 7.04369e+06, 6.18254e-09
83, 9.42893e+06, 4.67676e-09
84, 1.22838e+07, 3.61236e-09
85, 1.5787e+07, 2.81973e-09
86, 2.01246e+07, 2.21584e-09
87, 2.55232e+07, 1.74893e-09
88, 3.22681e+07, 1.3842e-09
89, 4.07162e+07, 1.0974e-09
90, 5.13142e+07, 8.70952e-10
91, 6.46224e+07, 6.91688e-10
92, 8.1344e+07, 5.49548e-10
93, 1.02363e+08, 4.3673e-10
94, 1.28789e+08, 3.4713e-10
95, 1.62018e+08, 2.75941e-10
96, 2.03806e+08, 2.19366e-10
97, 2.56359e+08, 1.74398e-10
98, 3.22453e+08, 1.38652e-10
99, 4.05581e+08, 1.10234e-10
100, 5.10132e+08, 8.7642e-11
101, 6.41629e+08, 6.96805e-11
102, 8.07018e+08, 5.54003e-11
103, 1.01504e+09, 4.40468e-11
104, 1.27667e+09, 3.502e-11
105, 1.60574e+09, 2.78432e-11
106, 2.01963e+09, 2.21372e-11
107, 2.54021e+09, 1.76006e-11
108, 3.19496e+09, 1.39936e-11
109, 4.01847e+09, 1.11259e-11
110, 5.05426e+09, 8.84583e-12
111, 6.35702e+09, 7.03303e-12
112, 7.99557e+09, 5.59173e-12
113, 1.00565e+10, 4.44581e-12
114, 1.26486e+10, 3.53472e-12
115, 1.59088e+10, 2.81034e-12
116, 1.42245e+10, 2.23441e-12
117, 6.28594e+09, 1.03242e-11
118, 7.55853e+09, 5.43587e-12
119, 1.01208e+10, 3.96235e-12
120, 1.43061e+10, 2.94481e-12
121, 1.98181e+10, 2.19737e-12
122, 2.65296e+10, 1.66217e-12
123, 3.45627e+10, 1.28385e-12
124, 4.44206e+10, 1.00212e-12
125, 5.66272e+10, 7.8748e-13
126, 7.18199e+10, 6.21527e-13
127, 9.08017e+10, 4.91899e-13
128, 1.14577e+11, 3.89974e-13
129, 1.44401e+11, 3.095e-13
130, 1.81852e+11, 2.45796e-13
131, 2.28908e+11, 1.95286e-13
132, 2.88054e+11, 1.55196e-13
133, 3.62416e+11, 1.23357e-13
134, 4.55921e+11, 9.80595e-14
135, 5.73509e+11, 7.79553e-14
136, 7.21391e+11, 6.19753e-14
137, 9.07379e+11, 4.92724e-14
138, 1.1413e+12, 3.91738e-14
139, 1.4355e+12, 3.11452e-14
140, 1.80553e+12, 2.47623e-14
141, 2.27093e+12, 1.96875e-14
142, 2.85629e+12, 1.56529e-14
143, 3.59252e+12, 1.2445e-14
144, 4.51852e+12, 9.89463e-15
145, 5.6832e+12, 7.86689e-15
146, 7.14807e+12, 6.25471e-15
147, 8.99053e+12, 4.97291e-15
148, 1.13079e+13, 3.9538e-15
149, 1.42225e+13, 3.14354e-15
150, 1.78885e+13, 2.49932e-15
151, 2.24993e+13, 1.98713e-15
152, 2.82986e+13, 1.5799e-15
153, 3.55927e+13, 1.25613e-15
154, 4.47669e+13, 9.98708e-16
155, 4.00275e+13, 7.9404e-16
156, 1.76885e+13, 3.66891e-15
157, 2.12695e+13, 1.93174e-15
158, 2.84797e+13, 1.4081e-15
159, 4.0257e+13, 1.04649e-15
160, 5.57677e+13, 7.80879e-16
161, 7.46535e+13, 5.90686e-16
162, 9.72585e+13, 4.5624e-16
163, 1.24999e+14, 3.56122e-16
164, 1.59348e+14, 2.79846e-16
165, 2.02099e+14, 2.20872e-16
166, 2.55514e+14, 1.74806e-16
167, 3.22415e+14, 1.38585e-16
168, 4.06341e+14, 1.09987e-16
169, 5.11727e+14, 8.73483e-17
170, 6.44141e+14, 6.93986e-17
171, 8.10578e+14, 5.51519e-17
172, 1.01983e+15, 4.38372e-17
173, 1.28295e+15, 3.48474e-17
174, 1.61384e+15, 2.77029e-17
175, 2.02998e+15, 2.20241e-17
176, 2.55334e+15, 1.75099e-17
177, 3.21158e+15, 1.39212e-17
178, 4.03946e+15, 1.10681e-17
179, 5.08071e+15, 8.79976e-18
180, 6.39034e+15, 6.99635e-18
181, 8.03752e+15, 5.56255e-18
182, 1.01093e+16, 4.42259e-18
183, 1.2715e+16, 3.51625e-18
184, 1.59924e+16, 2.79565e-18
185, 2.01145e+16, 2.22273e-18
186, 2.52991e+16, 1.76722e-18
187, 3.18201e+16, 1.40506e-18
188, 4.00219e+16, 1.11712e-18
189, 5.03377e+16, 8.88183e-19
190, 6.33125e+16, 7.06165e-19
191, 7.96316e+16, 5.61449e-19
192, 1.00157e+17, 4.4639e-19
193, 1.25973e+17, 3.5491e-19
194, 1.12636e+17, 2.82178e-19
195, 4.97749e+16, 1.30382e-18
196, 5.98519e+16, 6.86482e-19
197, 8.01412e+16, 5.00394e-19
198, 1.13282e+17, 3.71892e-19
199, 1.56929e+17, 2.775e-19
200, 2.10073e+17, 2.09912e-19
201, 2.73683e+17, 1.62134e-19
202, 3.51743e+17, 1.26555e-19
203, 4.484e+17, 9.94487e-20
204, 5.68703e+17, 7.8491e-20
205, 7.19009e+17, 6.21207e-20
206, 9.07268e+17, 4.92488e-20
207, 1.14343e+18, 3.90859e-20
208, 1.43999e+18, 3.10409e-20
209, 1.8126e+18, 2.46621e-20
210, 2.28094e+18, 1.95993e-20
211, 2.86977e+18, 1.55784e-20
212, 3.61019e+18, 1.23837e-20
213, 4.5413e+18, 9.84476e-21
214, 5.7123e+18, 7.8267e-21
215, 7.18503e+18, 6.22248e-21
216, 9.03729e+18, 4.94715e-21
217, 1.13669e+19, 3.93325e-21
218, 1.4297e+19, 3.12716e-21
219, 1.79822e+19, 2.48629e-21
220, 2.26174e+19, 1.97676e-21
221, 2.84472e+19, 1.57165e-21
222, 3.57797e+19, 1.24957e-21
223, 4.50021e+19, 9.93489e-22
224, 5.66017e+19, 7.8989e-22
225, 7.1191e+19, 6.28016e-22
226, 8.95409e+19, 4.99315e-22
227, 1.12621e+20, 3.96989e-22
228, 1.41649e+20, 3.15633e-22
229, 1.7816e+20, 2.50949e-22
230, 2.24081e+20, 1.99522e-22
231, 2.81839e+20, 1.58633e-22
232, 3.54485e+20, 1.26124e-22
233, 3.16956e+20, 1.00277e-22
234, 1.40065e+20, 4.63337e-22
235, 1.68422e+20, 2.43955e-22
236, 2.25515e+20, 1.77825e-22
237, 3.18773e+20, 1.32159e-22
238, 4.41594e+20, 9.86151e-23
239, 5.9114e+20, 7.45962e-23
240, 7.70137e+20, 5.76174e-23
241, 9.89795e+20, 4.49737e-23
242, 1.26179e+21, 3.5341e-23
243, 1.60031e+21, 2.78933e-23
244, 2.02327e+21, 2.20758e-23
245, 2.55303e+21, 1.75015e-23
246, 3.21759e+21, 1.38899e-23
247, 4.05209e+21, 1.1031e-23
248, 5.1006e+21, 8.76416e-24
249, 6.41852e+21, 6.96499e-24
250, 8.07547e+21, 5.53608e-24
251, 1.0159e+22, 4.40078e-24
252, 1.27791e+22, 3.49853e-24
253, 1.60743e+22, 2.78137e-24
254, 2.02185e+22, 2.21128e-24
255, 2.54307e+22, 1.75807e-24
256, 3.19862e+22, 1.39776e-24
257, 4.02313e+22, 1.1113e-24
258, 5.06016e+22, 8.8355e-25
259, 6.36447e+22, 7.02479e-25
260, 8.00497e+22, 5.58517e-25
261, 1.00683e+23, 4.44058e-25
262, 1.26635e+23, 3.53055e-25
263, 1.59276e+23, 2.80703e-25
264, 2.0033e+23, 2.23178e-25
265, 2.51966e+23, 1.77441e-25
266, 3.16911e+23, 1.41078e-25
267, 3.98597e+23, 1.12166e-25
268, 5.01337e+23, 8.91797e-26
269, 6.30559e+23, 7.09039e-26
270, 7.93089e+23, 5.63734e-26
271, 9.97511e+23, 4.48207e-26
272, 8.91905e+23, 3.56355e-26
273, 3.9414e+23, 1.64656e-25
274, 4.73934e+23, 8.6694e-26
275, 6.34594e+23, 6.31935e-26
276, 8.97018e+23, 4.69652e-26
277, 1.24263e+24, 3.50448e-26
278, 1.66345e+24, 2.65092e-26
279, 2.16715e+24, 2.04754e-26
280, 2.78526e+24, 1.59823e-26
281, 3.55063e+24, 1.25591e-26
282, 4.50324e+24, 9.91242e-27
283, 5.69343e+24, 7.84505e-27
284, 7.18416e+24, 6.2195e-27
285, 9.05423e+24, 4.93605e-27
286, 1.14025e+25, 3.92007e-27
287, 1.43529e+25, 3.11451e-27
288, 1.80615e+25, 2.47514e-27
289, 2.27242e+25, 1.96735e-27
290, 2.85871e+25, 1.5639e-27
291, 3.59601e+25, 1.24327e-27
292, 4.52326e+25, 9.88413e-28
293, 5.68943e+25, 7.8582e-28
294, 7.15613e+25, 6.24762e-28
295, 9.00084e+25, 4.9672e-28
296, 1.1321e+26, 3.94921e-28
297, 1.42391e+26, 3.13987e-28
298, 1.79094e+26, 2.4964e-28
299, 2.25258e+26, 1.9848e-28
300, 2.83319e+26, 1.57804e-28
301, 3.56347e+26, 1.25465e-28
302, 4.48197e+26, 9.97531e-29
303, 5.63723e+26, 7.93104e-29
304, 7.09025e+26, 6.30571e-29
305, 8.9178e+26, 5.01347e-29
306, 1.12164e+27, 3.98604e-29
307, 1.41075e+27, 3.16917e-29
308, 1.77438e+27, 2.51971e-29
309, 2.23173e+27, 2.00334e-29
310, 2.80697e+27, 1.59279e-29
311, 2.5098e+27, 1.26637e-29
312, 1.1091e+27, 5.85136e-29
313, 1.33364e+27, 3.08084e-29
314, 1.78573e+27, 2.2457e-29
315, 2.52419e+27, 1.669e-29
316, 3.49674e+27, 1.24538e-29
317, 4.68091e+27, 9.42055e-30
318, 6.09829e+27, 7.27634e-30
319, 7.83764e+27, 5.67961e-30
320, 9.99138e+27, 4.46312e-30
321, 1.2672e+28, 3.52257e-30
322, 1.60212e+28, 2.78789e-30
323, 2.0216e+28, 2.21022e-30
324, 2.54784e+28, 1.75412e-30
325, 3.20862e+28, 1.39307e-30
326, 4.03888e+28, 1.1068e-30
327, 5.08247e+28, 8.7959e-31
328, 6.39452e+28, 6.99137e-31
329, 8.04434e+28, 5.55763e-31
330, 1.01191e+29, 4.4182e-31
331, 1.27283e+29, 3.51252e-31
332, 1.60099e+29, 2.79256e-31
333, 2.01372e+29, 2.22021e-31
334, 2.53281e+29, 1.76519e-31
335, 3.1857e+29, 1.40343e-31
336, 4.00686e+29, 1.11581e-31
337, 5.03967e+29, 8.87142e-32
338, 6.33869e+29, 7.05336e-32
339, 7.97254e+29, 5.60789e-32
340, 1.00275e+30, 4.45864e-32
341, 1.26122e+30, 3.54492e-32
342, 1.5863e+30, 2.81845e-32
343, 1.99518e+30, 2.24086e-32
344, 2.50945e+30, 1.78163e-32
345, 3.15627e+30, 1.41652e-32
346, 3.96981e+30, 1.12623e-32
347, 4.99305e+30, 8.95427e-33
348, 6.28003e+30, 7.11925e-33
349, 7.89874e+30, 5.66028e-33
350, 7.06251e+30, 4.50031e-33
351, 3.12098e+30, 2.07939e-32
352, 3.75282e+30, 1.09484e-32
353, 5.025e+30, 7.98054e-33
354, 7.10299e+30, 5.93111e-33
355, 9.83973e+30, 4.42571e-33
356, 1.3172e+31, 3.34777e-33
357, 1.71604e+31, 2.58579e-33
358, 2.20549e+31, 2.01836e-33
359, 2.81155e+31, 1.58606e-33
360, 3.56587e+31, 1.25181e-33
361, 4.50832e+31, 9.90731e-34
362, 5.68874e+31, 7.85445e-34
363, 7.16954e+31, 6.23361e-34
364, 9.02898e+31, 4.95056e-34
365, 1.13653e+32, 3.93324e-34
366, 1.43019e+32, 3.12579e-34
367, 1.7994e+32, 2.48452e-34
368, 2.26366e+32, 1.97501e-34
369, 2.84748e+32, 1.57009e-34
370, 3.58172e+32, 1.24824e-34
371, 4.50515e+32, 9.92391e-35
372, 5.66655e+32, 7.88996e-35
373, 7.12727e+32, 6.27294e-35
374, 8.96447e+32, 4.98735e-35
375, 1.12752e+33, 3.96526e-35
376, 1.41815e+33, 3.15263e-35
377, 1.78369e+33, 2.50655e-35
378, 2.24345e+33, 1.99287e-35
379, 2.82171e+33, 1.58447e-35
380, 3.54903e+33, 1.25976e-35
381, 4.46381e+33, 1.00159e-35
382, 5.61438e+33, 7.96332e-36
383, 7.06152e+33, 6.33138e-36
384, 8.88166e+33, 5.03387e-36
385, 1.11709e+34, 4.00227e-36
386, 1.40503e+34, 3.18207e-36
387, 1.76718e+34, 2.52996e-36
388, 2.22269e+34, 2.01149e-36
389, 1.98737e+34, 1.59927e-36
390, 8.78235e+33, 7.38953e-36
391, 1.05603e+34, 3.89071e-36
392, 1.41402e+34, 2.83604e-36
393, 1.99876e+34, 2.10774e-36
394, 2.76888e+34, 1.57276e-36
395, 3.70656e+34, 1.1897e-36
396, 4.8289e+34, 9.1891e-37
397, 6.20619e+34, 7.17263e-37
398, 7.91163e+34, 5.63636e-37
399, 1.00343e+35, 4.44856e-37
400, 1.26863e+35, 3.52075e-37
401, 1.6008e+35, 2.79123e-37
402, 2.01749e+35, 2.21523e-37
403, 2.54073e+35, 1.75928e-37
404, 3.19817e+35, 1.39775e-37
405, 4.02453e+35, 1.11081e-37
406, 5.06347e+35, 8.82922e-38
407, 6.36987e+35, 7.01858e-38
408, 8.01274e+35, 5.57962e-38
409, 1.00789e+36, 4.43586e-38
410, 1.26774e+36, 3.52665e-38
411, 1.59455e+36, 2.80385e-38
412, 2.0056e+36, 2.22921e-38
413, 2.52258e+36, 1.77235e-38
414, 3.17281e+36, 1.40913e-38
415, 3.99064e+36, 1.12035e-38
416, 5.01926e+36, 8.9075e-39
417, 6.31301e+36, 7.08205e-39
418, 7.94023e+36, 5.6307e-39
419, 9.98687e+36, 4.47679e-39
420, 1.2561e+37, 3.55935e-39
421, 1.57987e+37, 2.82992e-39
422, 1.98709e+37, 2.24998e-39
423, 2.49927e+37, 1.78888e-39
424, 3.14348e+37, 1.42228e-39
425, 3.95372e+37, 1.13081e-39
426, 4.97281e+37, 8.99071e-40
427, 6.25458e+37, 7.14822e-40
428, 5.59241e+37, 5.68332e-40
429, 2.47133e+37, 2.62601e-39
430, 2.97165e+37, 1.38264e-39
431, 3.97902e+37, 1.00784e-39
432, 5.62447e+37, 7.49025e-40
433, 7.79154e+37, 5.58911e-40
434, 1.04302e+38, 4.22782e-40
435, 1.35884e+38, 3.26552e-40
436, 1.74641e+38, 2.54893e-40
437, 2.22631e+38, 2.00299e-40
438, 2.82362e+38, 1.58088e-40
439, 3.56989e+38, 1.25117e-40
440, 4.5046e+38, 9.91917e-41
441, 5.67717e+38, 7.87226e-41
442, 7.14956e+38, 6.25193e-41
443, 8.99956e+38, 4.96718e-41
444, 1.13249e+39, 3.94748e-41
445, 1.42485e+39, 3.13763e-41
446, 1.79246e+39, 2.49419e-41
447, 2.25476e+39, 1.98283e-41
448, 2.83616e+39, 1.57637e-41
449, 3.56738e+39, 1.25326e-41
450, 4.48703e+39, 9.96402e-42
451, 5.64369e+39, 7.92193e-42
452, 7.09847e+39, 6.2984e-42
453, 8.92821e+39, 5.00762e-42
454, 1.12296e+40, 3.98137e-42
455, 1.41241e+40, 3.16545e-42
456, 1.77647e+40, 2.51674e-42
457, 2.23436e+40, 2.00098e-42
458, 2.81028e+40, 1.59091e-42
459, 3.53465e+40, 1.26488e-42
460, 4.44572e+40, 1.00567e-42
461, 5.59163e+40, 7.99573e-43
462, 7.03289e+40, 6.35714e-43
463, 8.84566e+40, 5.05436e-43
464, 1.11257e+41, 4.01855e-43
465, 1.39934e+41, 3.19502e-43
466, 1.76002e+41, 2.54026e-43
467, 1.57369e+41, 2.01968e-43
468, 6.95426e+40, 9.33204e-43
469, 8.36216e+40, 4.91347e-43
470, 1.11969e+41, 3.58156e-43
471, 1.58271e+41, 2.6618e-43
472, 2.19252e+41, 1.9862e-43
473, 2.93502e+41, 1.50244e-43
474, 3.82374e+41, 1.16047e-43
475, 4.91434e+41, 9.05812e-44
476, 6.26478e+41, 7.11801e-44
477, 7.94558e+41, 5.61797e-44
478, 1.00456e+42, 4.44627e-44
479, 1.26758e+42, 3.52497e-44
480, 1.59754e+42, 2.79756e-44
481, 2.01187e+42, 2.22174e-44
482, 2.53245e+42, 1.76518e-44
483, 3.1868e+42, 1.40281e-44
484, 4.00948e+42, 1.11502e-44
485, 5.04395e+42, 8.86358e-45
486, 6.34485e+42, 7.04636e-45
487, 7.98089e+42, 5.60193e-45
488, 1.00385e+43, 4.45372e-45
489, 1.26264e+43, 3.54091e-45
490, 1.58812e+43, 2.81521e-45
491, 1.99749e+43, 2.23826e-45
492, 2.51237e+43, 1.77955e-45
493, 3.15997e+43, 1.41486e-45
494, 3.97448e+43, 1.1249e-45
495, 4.99893e+43, 8.94374e-46
496, 6.28743e+43, 7.11087e-46
497, 7.90806e+43, 5.65361e-46
498, 9.9464e+43, 4.495e-46
499, 1.25101e+44, 3.57383e-46
500, 1.57347e+44, 2.84144e-46
501, 1.97904e+44, 2.25913e-46
502, 2.48915e+44, 1.79616e-46
503, 3.13073e+44, 1.42807e-46
504, 3.9377e+44, 1.13541e-46
505, 4.95266e+44, 9.0273e-47
506, 4.42832e+44, 7.17731e-47
507, 1.95691e+44, 3.31632e-46
508, 2.35309e+44, 1.7461e-46
509, 3.15077e+44, 1.27278e-46
510, 4.45371e+44, 9.45923e-47
511, 6.16969e+44, 7.05834e-47
512, 8.25907e+44, 5.3392e-47
513, 1.07599e+45, 4.12394e-47
514, 1.38288e+45, 3.21898e-47
515, 1.76289e+45, 2.52952e-47
516, 2.23587e+45, 1.99645e-47
517, 2.8268e+45, 1.58007e-47
518, 3.56694e+45, 1.25267e-47
519, 4.49544e+45, 9.94167e-48
520, 5.66134e+45, 7.89539e-48
521, 7.12626e+45, 6.27292e-48
522, 8.96758e+45, 4.98517e-48
523, 1.12826e+46, 3.96243e-48
524, 1.41935e+46, 3.14984e-48
525, 1.78542e+46, 2.50406e-48
526, 2.2458e+46, 1.99076e-48
527, 2.82481e+46, 1.58271e-48
528, 3.55303e+46, 1.25833e-48
529, 4.46893e+46, 1.00044e-48
530, 5.62089e+46, 7.95408e-49
531, 7.06976e+46, 6.32398e-49
532, 8.89207e+46, 5.02797e-49
533, 1.11841e+47, 3.99757e-49
534, 1.40669e+47, 3.17833e-49
535, 1.76927e+47, 2.52698e-49
536, 2.22531e+47, 2.00912e-49
537, 2.79889e+47, 1.59739e-49
538, 3.52032e+47, 1.27003e-49
539, 4.4277e+47, 1.00976e-49
540, 5.56896e+47, 8.02826e-50
541, 7.00439e+47, 6.38301e-50
542, 8.8098e+47, 5.07493e-50
543, 1.10806e+48, 4.03491e-50
544, 1.39366e+48, 3.20802e-50
545, 1.24612e+48, 2.5506e-50
546, 5.50669e+47, 1.17852e-49
547, 6.62153e+47, 6.2051e-50
548, 8.86618e+47, 4.52305e-50
549, 1.25326e+48, 3.36152e-50
550, 1.73614e+48, 2.50832e-50
551, 2.32408e+48, 1.89739e-50
552, 3.02781e+48, 1.46552e-50
553, 3.8914e+48, 1.14393e-50
554, 4.96074e+48, 8.98915e-51
555, 6.29167e+48, 7.09479e-51
556, 7.95454e+48, 5.61507e-51
557, 1.00373e+49, 4.45159e-51
558, 1.265e+49, 3.53296e-51
559, 1.59309e+49, 2.80578e-51
560, 2.00531e+49, 2.2292e-51
561, 2.52345e+49, 1.77158e-51
562, 3.17489e+49, 1.40813e-51
563, 3.99403e+49, 1.11936e-51
564, 5.02414e+49, 8.89866e-52
565, 6.31963e+49, 7.07453e-52
566, 7.94894e+49, 5.62448e-52
567, 9.99814e+49, 4.47172e-52
568, 1.25755e+50, 3.55525e-52
569, 1.5817e+50, 2.82664e-52
570, 1.98941e+50, 2.24735e-52
571, 2.5022e+50, 1.78679e-52
572, 3.14717e+50, 1.42061e-52
573, 3.95838e+50, 1.12948e-52
574, 4.97867e+50, 8.98012e-53
575, 6.26195e+50, 7.1398e-53
576, 7.87601e+50, 5.67662e-53
577, 9.90609e+50, 4.5133e-53
578, 1.24594e+51, 3.58837e-53
579, 1.56709e+51, 2.853e-53
580, 1.97102e+51, 2.26833e-53
581, 2.47906e+51, 1.80347e-53
582, 3.11804e+51, 1.43388e-53
583, 3.92174e+51, 1.14003e-53
584, 3.50654e+51, 9.06404e-54
585, 1.54957e+51, 4.18809e-53
586, 1.86328e+51, 2.2051e-53
587, 2.49492e+51, 1.60735e-53
588, 3.52665e+51, 1.19458e-53
589, 4.88544e+51, 8.9138e-54
590, 6.5399e+51, 6.74273e-54
591, 8.52018e+51, 5.20802e-54
592, 1.09503e+52, 4.06516e-54
593, 1.39594e+52, 3.19447e-54
594, 1.77046e+52, 2.52127e-54
595, 2.23839e+52, 1.99542e-54
596, 2.82447e+52, 1.58196e-54
597, 3.55969e+52, 1.25551e-54
598, 4.4829e+52, 9.97088e-55
599, 5.64289e+52, 7.92191e-55
600, 7.10093e+52, 6.29564e-55
601, 8.93405e+52, 5.00405e-55
602, 1.12391e+53, 3.97785e-55
603, 1.41378e+53, 3.16231e-55
604, 1.77833e+53, 2.51407e-55
605, 2.23681e+53, 1.99877e-55
606, 2.81345e+53, 1.58911e-55
607, 3.5387e+53, 1.26343e-55
608, 4.45087e+53, 1.0045e-55
609, 5.59815e+53, 7.98639e-56
610, 7.04114e+53, 6.34969e-56
611, 8.85605e+53, 5.04842e-56
612, 1.11388e+54, 4.01383e-56
613, 1.40099e+54, 3.19126e-56
614, 1.7621e+54, 2.53727e-56
615, 2.21629e+54, 2.0173e-56
616, 2.78755e+54, 1.60389e-56
617, 3.50605e+54, 1.2752e-56
618, 4.40975e+54, 1.01387e-56
619, 5.54639e+54, 8.06094e-57
620, 6.976e+54, 6.40899e-57
621, 8.7741e+54, 5.09558e-57
622, 1.10357e+55, 4.05133e-57
623, 9.86732e+54, 3.22108e-57
624, 4.36045e+54, 1.48832e-56
625, 5.24323e+54, 7.83625e-57
626, 7.02064e+54, 5.71204e-57
627, 9.92389e+54, 4.24518e-57
628, 1.37475e+55, 3.16769e-57
629, 1.84031e+55, 2.39616e-57
630, 2.39756e+55, 1.85077e-57
631, 3.08138e+55, 1.44463e-57
632, 3.92813e+55, 1.13522e-57
633, 4.98203e+55, 8.95982e-58
634, 6.29876e+55, 7.09112e-58
635, 7.94798e+55, 5.62179e-58
636, 1.00169e+56, 4.46169e-58
637, 1.26148e+56, 3.54334e-58
638, 1.58789e+56, 2.8152e-58
639, 1.99818e+56, 2.23728e-58
640, 2.51402e+56, 1.77829e-58
641, 3.16265e+56, 1.41361e-58
642, 3.97834e+56, 1.12379e-58
643, 5.00417e+56, 8.93424e-59
644, 6.29433e+56, 7.10301e-59
645, 7.91697e+56, 5.64721e-59
646, 9.95781e+56, 4.48984e-59
647, 1.25246e+57, 3.56968e-59
648, 1.57531e+57, 2.83812e-59
649, 1.98136e+57, 2.25649e-59
650, 2.49207e+57, 1.79405e-59
651, 3.13442e+57, 1.42639e-59
652, 3.94234e+57, 1.13408e-59
653, 4.9585e+57, 9.01666e-60
654, 6.23658e+57, 7.16885e-60
655, 7.84409e+57, 5.69972e-60
656, 9.86594e+57, 4.53166e-60
657, 1.24089e+58, 3.60298e-60
658, 1.56074e+58, 2.86461e-60
659, 1.96303e+58, 2.27756e-60
660, 2.46901e+58, 1.81081e-60
661, 3.10541e+58, 1.43972e-60
662, 2.77664e+58, 1.14467e-60
663, 1.22702e+58, 5.28903e-60
664, 1.47543e+58, 2.78476e-60
665, 1.97559e+58, 2.02988e-60
666, 2.79256e+58, 1.50861e-60
667, 3.86851e+58, 1.1257e-60
668, 5.17859e+58, 8.51521e-61
669, 6.74666e+58, 6.57707e-61
670, 8.67093e+58, 5.13379e-61
671, 1.10537e+59, 4.03421e-61
672, 1.40193e+59, 3.18404e-61
673, 1.77245e+59, 2.51997e-61
674, 2.23654e+59, 1.99781e-61
675, 2.81872e+59, 1.58555e-61
676, 3.54976e+59, 1.2592e-61
677, 4.46829e+59, 1.00044e-61
678, 5.62284e+59, 7.9506e-62
679, 7.07439e+59, 6.31949e-62
680, 8.89961e+59, 5.02353e-62
681, 1.11949e+60, 3.9936e-62
682, 1.40816e+60, 3.17496e-62
683, 1.77121e+60, 2.52419e-62
684, 2.22782e+60, 2.00685e-62
685, 2.8021e+60, 1.59555e-62
686, 3.5244e+60, 1.26856e-62
687, 4.43287e+60, 1.00858e-62
688, 5.57549e+60, 8.01886e-63
689, 7.01262e+60, 6.37552e-63
690, 8.82018e+60, 5.06896e-63
691, 1.10936e+61, 4.03016e-63
692, 1.39531e+61, 3.20425e-63
693, 1.75496e+61, 2.54759e-63
694, 2.20731e+61, 2.02551e-63
695, 2.77625e+61, 1.61041e-63
696, 3.49184e+61, 1.28039e-63
697, 4.39188e+61, 1.01799e-63
698, 5.52391e+61, 8.09374e-64
699, 6.94772e+61, 6.43507e-64
700, 8.73853e+61, 5.11632e-64
701, 7.81339e+61, 4.06782e-64
702, 3.4528e+61, 1.87956e-63
703, 4.15182e+61, 9.89619e-64
704, 5.55926e+61, 7.21359e-64
705, 7.85818e+61, 5.36112e-64
706, 1.08859e+62, 4.00039e-64
707, 1.45724e+62, 3.02605e-64
708, 1.89849e+62, 2.33729e-64
709, 2.43998e+62, 1.82439e-64
710, 3.11047e+62, 1.43363e-64
711, 3.94499e+62, 1.13151e-64
712, 4.98764e+62, 8.95519e-65
713, 6.29357e+62, 7.09962e-65
714, 7.93181e+62, 5.63455e-65
715, 9.98894e+62, 4.4748e-65
716, 1.25737e+63, 3.55524e-65
717, 1.58225e+63, 2.8254e-65
718, 1.99071e+63, 2.24575e-65
719, 2.50433e+63, 1.78521e-65
720, 3.15023e+63, 1.4192e-65
721, 3.96252e+63, 1.12828e-65
722, 4.98413e+63, 8.9702e-66
723, 6.26902e+63, 7.13172e-66
724, 7.88504e+63, 5.6701e-66
725, 9.91757e+63, 4.50806e-66
726, 1.2474e+64, 3.58418e-66
727, 1.56893e+64, 2.84966e-66
728, 1.97333e+64, 2.26566e-66
729, 2.48197e+64, 1.80135e-66
730, 3.12172e+64, 1.43219e-66
731, 3.92636e+64, 1.13869e-66
732, 4.9384e+64, 9.05335e-67
733, 6.2113e+64, 7.19803e-67
734, 7.81229e+64, 5.72292e-67
735, 9.82595e+64, 4.5501e-67
736, 1.23586e+65, 3.61764e-67
737, 1.55441e+65, 2.87627e-67
738, 1.95507e+65, 2.28683e-67
739, 2.459e+65, 1.81818e-67
740, 2.19867e+65, 1.44558e-67
741, 9.71608e+64, 6.67938e-67
742, 1.16831e+65, 3.5168e-67
743, 1.56436e+65, 2.56349e-67
744, 2.21127e+65, 1.90518e-67
745, 3.06326e+65, 1.42162e-67
746, 4.10064e+65, 1.07536e-67
747, 5.34231e+65, 8.30601e-68
748, 6.86604e+65, 6.48332e-68
749, 8.75279e+65, 5.09469e-68
750, 1.11011e+66, 4.02105e-68
751, 1.40351e+66, 3.1824e-68
752, 1.77099e+66, 2.52299e-68
753, 2.23199e+66, 2.00234e-68
754, 2.81086e+66, 1.59021e-68
755, 3.5382e+66, 1.26342e-68
756, 4.45242e+66, 1.00406e-68
757, 5.60182e+66, 7.98071e-69
758, 7.04711e+66, 6.34408e-69
759, 8.86465e+66, 5.04341e-69
760, 1.11504e+67, 4.00957e-69
761, 1.40252e+67, 3.18773e-69
762, 1.76408e+67, 2.53439e-69
763, 2.21883e+67, 2.01498e-69
764, 2.79078e+67, 1.60203e-69
765, 3.51014e+67, 1.27371e-69
766, 4.41492e+67, 1.01268e-69
767, 5.55291e+67, 8.05147e-70
768, 6.98421e+67, 6.40145e-70
769, 8.78444e+67, 5.08958e-70
770, 1.10487e+68, 4.04656e-70
771, 1.38965e+68, 3.21728e-70
772, 1.74784e+68, 2.55796e-70
773, 2.19836e+68, 2.03375e-70
774, 2.765e+68, 1.61697e-70
775, 3.47769e+68, 1.2856e-70
776, 4.37408e+68, 1.02214e-70
777, 5.50152e+68, 8.12668e-71
778, 6.91956e+68, 6.46126e-71
779, 6.18699e+68, 5.13714e-71
780, 2.73408e+68, 2.37365e-70
781, 3.2876e+68, 1.24976e-70
782, 4.40207e+68, 9.10985e-71
783, 6.22246e+68, 6.77042e-71
784, 8.61994e+68, 5.05199e-71
785, 1.15391e+69, 3.82151e-71
786, 1.50331e+69, 2.9517e-71
787, 1.93208e+69, 2.30397e-71
788, 2.46301e+69, 1.8105e-71
789, 3.12382e+69, 1.42896e-71
790, 3.94944e+69, 1.13093e-71
791, 4.98353e+69, 8.96592e-72
792, 6.28076e+69, 7.11572e-72
793, 7.9097e+69, 5.6511e-72
794, 9.95639e+69, 4.48982e-72
795, 1.2529e+70, 3.56812e-72
796, 1.57634e+70, 2.8361e-72
797, 1.98304e+70, 2.25449e-72
798, 2.49449e+70, 1.79227e-72
799, 3.13771e+70, 1.42488e-72
800, 3.94666e+70, 1.13282e-72
801, 4.96409e+70, 9.00646e-73
802, 6.24373e+70, 7.16061e-73
803, 7.85318e+70, 5.69311e-73
804, 9.87746e+70, 4.52637e-73
805, 1.24235e+71, 3.59876e-73
806, 1.56257e+71, 2.86125e-73
807, 1.96534e+71, 2.27488e-73
808, 2.47192e+71, 1.80868e-73
809, 3.10907e+71, 1.43802e-73
810, 3.91045e+71, 1.14332e-73
811, 4.91839e+71, 9.0902e-74
812, 6.18613e+71, 7.22732e-74
813, 7.78063e+71, 5.74621e-74
814, 9.78613e+71, 4.56862e-74
815, 1.23085e+72, 3.63236e-74
816, 1.54811e+72, 2.88797e-74
817, 1.94715e+72, 2.29613e-74
818, 1.741e+72, 1.82558e-74
819, 7.69363e+71, 8.43521e-74
820, 9.25122e+71, 4.44128e-74
821, 1.23873e+72, 3.23736e-74
822, 1.75098e+72, 2.406e-74
823, 2.42563e+72, 1.79532e-74
824, 3.24707e+72, 1.35805e-74
825, 4.23028e+72, 1.04894e-74
826, 5.43684e+72, 8.18762e-75
827, 6.93085e+72, 6.43395e-75
828, 8.79036e+72, 5.07807e-75
829, 1.11136e+73, 4.01897e-75
830, 1.40235e+73, 3.18621e-75
831, 1.76739e+73, 2.52871e-75
832, 2.22577e+73, 2.00823e-75
833, 2.8017e+73, 1.59555e-75
834, 3.52562e+73, 1.268e-75
835, 4.43577e+73, 1.00786e-75
836, 5.58022e+73, 8.01177e-76
837, 7.01943e+73, 6.36919e-76
838, 8.82942e+73, 5.06358e-76
839, 1.11058e+74, 4.02571e-76
840, 1.39688e+74, 3.20062e-76
841, 1.75697e+74, 2.54466e-76
842, 2.20986e+74, 2.02316e-76
843, 2.77949e+74, 1.60853e-76
844, 3.49593e+74, 1.27889e-76
845, 4.39704e+74, 1.0168e-76
846, 5.53041e+74, 8.08422e-77
847, 6.95591e+74, 6.4275e-77
848, 8.74884e+74, 5.11029e-77
849, 1.10039e+75, 4.06302e-77
850, 1.38402e+75, 3.23038e-77
851, 1.74076e+75, 2.56837e-77
852, 2.18945e+75, 2.04203e-77
853, 2.75379e+75, 1.62355e-77
854, 3.46359e+75, 1.29083e-77
855, 4.35635e+75, 1.0263e-77
856, 5.47922e+75, 8.15975e-78
857, 4.89914e+75, 6.48756e-78
858, 2.16497e+75, 2.99761e-77
859, 2.60327e+75, 1.57829e-77
860, 3.48576e+75, 1.15046e-77
861, 4.92722e+75, 8.55018e-78
862, 6.82565e+75, 6.38002e-78
863, 9.13717e+75, 4.82609e-78
864, 1.19039e+76, 3.72762e-78
865, 1.52991e+76, 2.90963e-78
866, 1.95032e+76, 2.28643e-78
867, 2.47358e+76, 1.80459e-78
868, 3.12734e+76, 1.42822e-78
869, 3.94618e+76, 1.13228e-78
870, 4.97339e+76, 8.98625e-79
871, 6.26325e+76, 7.13663e-79
872, 7.88392e+76, 5.67008e-79
873, 9.92101e+76, 4.50608e-79
874, 1.24821e+77, 3.58163e-79
875, 1.57026e+77, 2.84714e-79
876, 1.97525e+77, 2.26341e-79
877, 2.48458e+77, 1.79944e-79
878, 3.12514e+77, 1.43061e-79
879, 3.93079e+77, 1.1374e-79
880, 4.94407e+77, 9.04295e-80
881, 6.2185e+77, 7.18967e-80
882, 7.82141e+77, 5.71624e-80
883, 9.83747e+77, 4.54477e-80
884, 1.23732e+78, 3.61339e-80
885, 1.55624e+78, 2.87288e-80
886, 1.95738e+78, 2.28413e-80
887, 2.4619e+78, 1.81604e-80
888, 3.09647e+78, 1.44387e-80
889, 3.8946e+78, 1.14798e-80
890, 4.89845e+78, 9.12719e-81
891, 6.16105e+78, 7.25673e-81
892, 7.7491e+78, 5.76959e-81
893, 9.74646e+78, 4.58721e-81
894, 1.22587e+79, 3.64714e-81
895, 1.54184e+79, 2.89973e-81
896, 1.37861e+79, 2.30548e-81
897, 6.09216e+78, 1.06526e-80
898, 7.32553e+78, 5.60877e-81
899, 9.80883e+78, 4.08838e-81
900, 1.38651e+79, 3.03847e-81
901, 1.92072e+79, 2.26726e-81
902, 2.57118e+79, 1.71504e-81
903, 3.34973e+79, 1.32468e-81
904, 4.30513e+79, 1.03399e-81
905, 5.48816e+79, 8.12527e-82
906, 6.9606e+79, 6.41296e-82
907, 8.80026e+79, 5.07545e-82
908, 1.11045e+80, 4.02378e-82
909, 1.3995e+80, 3.19344e-82
910, 1.76246e+80, 2.53614e-82
911, 2.21851e+80, 2.01497e-82
912, 2.79175e+80, 1.60132e-82
913, 3.51244e+80, 1.2728e-82
914, 4.41867e+80, 1.01179e-82
915, 5.5583e+80, 8.04348e-83
916, 6.99153e+80, 6.39466e-83
917, 8.79407e+80, 5.08396e-83
918, 1.10611e+81, 4.04198e-83
919, 1.39125e+81, 3.21359e-83
920, 1.74987e+81, 2.55499e-83
921, 2.20093e+81, 2.03137e-83
922, 2.76824e+81, 1.61507e-83
923, 3.48178e+81, 1.28409e-83
924, 4.37923e+81, 1.02094e-83
925, 5.508e+81, 8.11711e-84
926, 6.92772e+81, 6.45365e-84
927, 8.71338e+81, 5.13108e-84
928, 1.09593e+82, 4.07956e-84
929, 1.37841e+82, 3.24352e-84
930, 1.7337e+82, 2.57882e-84
931, 2.18058e+82, 2.05034e-84
932, 2.74263e+82, 1.63015e-84
933, 3.44955e+82, 1.29608e-84
934, 4.33869e+82, 1.03047e-84
935, 3.87936e+82, 8.19296e-85
936, 1.71432e+82, 3.78561e-84
937, 2.06139e+82, 1.99319e-84
938, 2.76018e+82, 1.45288e-84
939, 3.9016e+82, 1.07978e-84
940, 5.40486e+82, 8.05716e-85
941, 7.23522e+82, 6.09474e-85
942, 9.42604e+82, 4.70752e-85
943, 1.21145e+83, 3.67449e-85
944, 1.54435e+83, 2.88747e-85
945, 1.95869e+83, 2.27897e-85
946, 2.47637e+83, 1.80366e-85
947, 3.12476e+83, 1.42993e-85
948, 3.93815e+83, 1.13485e-85
949, 4.95952e+83, 9.01266e-86
950, 6.24284e+83, 7.16059e-86
951, 7.8559e+83, 5.69062e-86
952, 9.88392e+83, 4.52315e-86
953, 1.2434e+84, 3.59557e-86
954, 1.56409e+84, 2.8584e-86
955, 1.9674e+84, 2.27246e-86
956, 2.47463e+84, 1.80668e-86
957, 3.11258e+84, 1.43639e-86
958, 3.91493e+84, 1.14201e-86
959, 4.92409e+84, 9.07965e-87
960, 6.19335e+84, 7.21888e-87
961, 7.78975e+84, 5.73947e-87
962, 9.79763e+84, 4.56326e-87
963, 1.2323e+85, 3.62809e-87
964, 1.54994e+85, 2.88457e-87
965, 1.94944e+85, 2.29343e-87
966, 2.45192e+85, 1.82343e-87
967, 3.08392e+85, 1.44975e-87
968, 3.87882e+85, 1.15265e-87
969, 4.8786e+85, 9.16433e-88
970, 6.13608e+85, 7.28626e-88
971, 7.71769e+85, 5.79307e-88
972, 9.70696e+85, 4.60588e-88
973, 1.2209e+86, 3.66199e-88
974, 1.09164e+86, 2.91153e-88
975, 4.82405e+85, 1.34529e-87
976, 5.80069e+85, 7.08317e-88
977, 7.76707e+85, 5.1631e-88
978, 1.0979e+86, 3.8372e-88
979, 1.52091e+86, 2.86327e-88
980, 2.03597e+86, 2.16588e-88
981, 2.65246e+86, 1.67291e-88
982, 3.409e+86, 1.3058e-88
983, 4.34577e+86, 1.02612e-88
984, 5.51172e+86, 8.09876e-89
985, 6.96844e+86, 6.40965e-89
986, 8.79301e+86, 5.08153e-89
987, 1.10819e+87, 4.03291e-89
988, 1.3956e+87, 3.20282e-89
989, 1.75672e+87, 2.54465e-89
990, 2.21063e+87, 2.02227e-89
991, 2.78131e+87, 1.60739e-89
992, 3.4989e+87, 1.27776e-89
993, 4.40131e+87, 1.01579e-89
994, 5.53621e+87, 8.07564e-90
995, 6.96354e+87, 6.42039e-90
996, 8.75871e+87, 5.1045e-90
997, 1.10165e+88, 4.05835e-90
998, 1.38563e+88, 3.22663e-90
999, 1.74279e+88, 2.56537e-90
1000, 2.19202e+88, 2.03963e-90
1001, 2.75703e+88, 1.62164e-90
1002, 3.46767e+88, 1.28931e-90
1003, 4.36149e+88, 1.02509e-90
1004, 5.48568e+88, 8.15014e-91
1005, 6.89965e+88, 6.47991e-91
1006, 8.67807e+88, 5.15196e-91
1007, 1.09149e+89, 4.09616e-91
1008, 1.37283e+89, 3.25672e-91
1009, 1.72668e+89, 2.58931e-91
1010, 2.17174e+89, 2.05868e-91
1011, 2.73151e+89, 1.63679e-91
1012, 3.43557e+89, 1.30136e-91
1013, 3.07185e+89, 1.03467e-91
1014, 1.35747e+89, 4.78074e-91
1015, 1.6323e+89, 2.51714e-91
1016, 2.18563e+89, 1.83481e-91
1017, 3.08946e+89, 1.36362e-91
1018, 4.27981e+89, 1.01752e-91
1019, 5.72918e+89, 7.69688e-92
1020, 7.46396e+89, 5.945e-92
1021, 9.59283e+89, 4.64042e-92
1022, 1.22289e+90, 3.64651e-92
1023, 1.55098e+90, 2.87805e-92
1024, 1.9609e+90, 2.27779e-92
1025, 2.47433e+90, 1.80582e-92
1026, 3.11841e+90, 1.43317e-92
1027, 3.92717e+90, 1.13818e-92
1028, 4.94336e+90, 9.04292e-93
1029, 6.22066e+90, 7.18653e-93
1030, 7.82653e+90, 5.71217e-93
1031, 9.84582e+90, 4.54076e-93
1032, 1.23852e+91, 3.6098e-93
1033, 1.55788e+91, 2.86984e-93
1034, 1.95952e+91, 2.28161e-93
1035, 2.46468e+91, 1.81398e-93
1036, 3.10002e+91, 1.44221e-93
1037, 3.89912e+91, 1.14664e-93
1038, 4.90417e+91, 9.11653e-94
1039, 6.16827e+91, 7.24823e-94
1040, 7.7582e+91, 5.76281e-94
1041, 9.75794e+91, 4.58182e-94
1042, 1.22731e+92, 3.64285e-94
1043, 1.54366e+92, 2.89631e-94
1044, 1.94154e+92, 2.30276e-94
1045, 2.44199e+92, 1.83085e-94
1046, 3.07142e+92, 1.45565e-94
1047, 3.86309e+92, 1.15734e-94
1048, 4.85883e+92, 9.20163e-95
1049, 6.11121e+92, 7.31591e-95
1050, 7.68641e+92, 5.81665e-95
1051, 9.66761e+92, 4.62463e-95
1052, 8.64411e+92, 3.67689e-95
1053, 3.8199e+92, 1.69893e-94
1054, 4.59324e+92, 8.94515e-95
1055, 6.15032e+92, 6.52035e-95
1056, 8.69366e+92, 4.8459e-95
1057, 1.20433e+93, 3.61594e-95
1058, 1.61217e+93, 2.73524e-95
1059, 2.10034e+93, 2.11267e-95
1060, 2.6994e+93, 1.64906e-95
1061, 3.44118e+93, 1.29586e-95
1062, 4.36442e+93, 1.02277e-95
1063, 5.51793e+93, 8.09458e-96
1064, 6.9627e+93, 6.41733e-96
1065, 8.77512e+93, 5.09305e-96
1066, 1.1051e+94, 4.04476e-96
1067, 1.39105e+94, 3.21358e-96
1068, 1.75048e+94, 2.55387e-96
1069, 2.20237e+94, 2.02993e-96
1070, 2.77059e+94, 1.61364e-96
1071, 3.48516e+94, 1.28281e-96
1072, 4.38382e+94, 1.01985e-96
1073, 5.51405e+94, 8.10815e-97
1074, 6.93554e+94, 6.44634e-97
1075, 8.72338e+94, 5.12519e-97
1076, 1.0972e+95, 4.07482e-97
1077, 1.38002e+95, 3.23974e-97
1078, 1.73574e+95, 2.5758e-97
1079, 2.18314e+95, 2.04793e-97
1080, 2.74586e+95, 1.62824e-97
1081, 3.45362e+95, 1.29456e-97
1082, 4.34381e+95, 1.02926e-97
1083, 5.46345e+95, 8.18331e-98
1084, 6.87168e+95, 6.50628e-98
1085, 8.6429e+95, 5.17293e-98
1086, 1.08706e+96, 4.11283e-98
1087, 1.36726e+96, 3.26998e-98
1088, 1.71968e+96, 2.59985e-98
1089, 2.16293e+96, 2.06706e-98
1090, 2.72044e+96, 1.64345e-98
1091, 2.43243e+96, 1.30665e-98
1092, 1.07491e+96, 6.03747e-98
1093, 1.29253e+96, 3.17883e-98
1094, 1.73068e+96, 2.31713e-98
1095, 2.44637e+96, 1.72209e-98
1096, 3.38895e+96, 1.285e-98
1097, 4.53662e+96, 9.72019e-99
1098, 5.9103e+96, 7.50778e-99
1099, 7.59603e+96, 5.86026e-99
1100, 9.68339e+96, 4.60508e-99
1101, 1.22814e+97, 3.63461e-99
1102, 1.55273e+97, 2.87656e-99
1103, 1.95928e+97, 2.28052e-99
1104, 2.4693e+97, 1.80991e-99
1105, 3.10971e+97, 1.43738e-99
1106, 3.91438e+97, 1.14201e-99
1107, 4.9258e+97, 9.07567e-100
1108, 6.1974e+97, 7.21375e-100
1109, 7.79636e+97, 5.7344e-100
1110, 9.80714e+97, 4.55872e-100
1111, 1.2336e+98, 3.62424e-100
1112, 1.55164e+98, 2.88139e-100
1113, 1.95164e+98, 2.29083e-100
1114, 2.45474e+98, 1.82133e-100
1115, 3.08749e+98, 1.44807e-100
1116, 3.88334e+98, 1.1513e-100
1117, 4.88432e+98, 9.15359e-101
1118, 6.14329e+98, 7.27771e-101
1119, 7.72677e+98, 5.78626e-101
1120, 9.7184e+98, 4.60046e-101
1121, 1.22234e+99, 3.65767e-101
1122, 1.5374e+99, 2.9081e-101
1123, 1.93367e+99, 2.31213e-101
1124, 2.43209e+99, 1.8383e-101
1125, 3.05897e+99, 1.46157e-101
1126, 3.84744e+99, 1.16205e-101
1127, 4.83913e+99, 9.23907e-102
1128, 6.08644e+99, 7.34569e-102
1129, 7.65525e+99, 5.84032e-102
1130, 6.84479e+99, 4.64345e-102
1131, 3.02477e+99, 2.14553e-101
1132, 3.63714e+99, 1.12966e-101
1133, 4.8701e+99, 8.23437e-102
1134, 6.88403e+99, 6.11976e-102
1135, 9.53641e+99, 4.56648e-102
1136, 1.27659e+100, 3.45426e-102
1137, 1.66314e+100, 2.66804e-102
1138, 2.1375e+100, 2.08256e-102
1139, 2.72488e+100, 1.6365e-102
1140, 3.45595e+100, 1.29163e-102
1141, 4.36934e+100, 1.02224e-102
1142, 5.51338e+100, 8.10427e-103
1143, 6.94853e+100, 6.43188e-103
1144, 8.75065e+100, 5.10802e-103
1145, 1.1015e+101, 4.05834e-103
1146, 1.38611e+101, 3.22522e-103
1147, 1.74393e+101, 2.56354e-103
1148, 2.19388e+101, 2.03783e-103
1149, 2.7597e+101, 1.62003e-103
1150, 3.47131e+101, 1.28794e-103
1151, 4.36627e+101, 1.02396e-103
1152, 5.49187e+101, 8.14091e-104
1153, 6.90756e+101, 6.47246e-104
1154, 8.68813e+101, 5.14599e-104
1155, 1.09276e+102, 4.09138e-104
1156, 1.37443e+102, 3.25291e-104
1157, 1.72871e+102, 2.58627e-104
1158, 2.17429e+102, 2.05626e-104
1159, 2.73473e+102, 1.63486e-104
1160, 3.43962e+102, 1.29982e-104
1161, 4.32621e+102, 1.03345e-104
1162, 5.44131e+102, 8.21661e-105
1163, 6.84383e+102, 6.53276e-105
1164, 8.60787e+102, 5.19398e-105
1165, 1.08266e+103, 4.12957e-105
1166, 1.36172e+103, 3.28328e-105
1167, 1.71271e+103, 2.61043e-105
1168, 2.15417e+103, 2.07547e-105
1169, 1.92611e+103, 1.65014e-105
1170, 8.51162e+102, 7.62456e-105
1171, 1.02348e+103, 4.01446e-105
1172, 1.37043e+103, 2.92624e-105
1173, 1.93715e+103, 2.17478e-105
1174, 2.68352e+103, 1.62279e-105
1175, 3.5923e+103, 1.22754e-105
1176, 4.68004e+103, 9.48138e-106
1177, 6.01488e+103, 7.40077e-106
1178, 7.66774e+103, 5.81564e-106
1179, 9.72495e+103, 4.59006e-106
1180, 1.22952e+104, 3.63274e-106
1181, 1.55145e+104, 2.88001e-106
1182, 1.9553e+104, 2.28569e-106
1183, 2.46241e+104, 1.81523e-106
1184, 3.09958e+104, 1.44221e-106
1185, 3.90047e+104, 1.14614e-106
1186, 4.90738e+104, 9.11005e-107
1187, 6.17351e+104, 7.24182e-107
1188, 7.76574e+104, 5.75709e-107
1189, 9.76816e+104, 4.57695e-107
1190, 1.22866e+105, 3.63883e-107
1191, 1.5454e+105, 2.89303e-107
1192, 1.94377e+105, 2.30011e-107
1193, 2.44482e+105, 1.82873e-107
1194, 3.07501e+105, 1.45395e-107
1195, 3.86762e+105, 1.15598e-107
1196, 4.86454e+105, 9.19082e-108
1197, 6.11841e+105, 7.30731e-108
1198, 7.69546e+105, 5.8098e-108
1199, 9.67901e+105, 4.61918e-108
1200, 1.21738e+106, 3.67256e-108
1201, 1.53117e+106, 2.91993e-108
1202, 1.92584e+106, 2.32154e-108
1203, 2.42223e+106, 1.84578e-108
1204, 3.04657e+106, 1.46752e-108
1205, 3.83184e+106, 1.16678e-108
1206, 4.81952e+106, 9.27668e-109
1207, 6.06177e+106, 7.37558e-109
1208, 5.42002e+106, 5.86409e-109
1209, 2.39515e+106, 2.70954e-108
1210, 2.88005e+106, 1.42662e-108
1211, 3.85636e+106, 1.0399e-108
1212, 5.45109e+106, 7.72849e-109
1213, 7.55136e+106, 5.76689e-109
1214, 1.01086e+107, 4.36229e-109
1215, 1.31695e+107, 3.36939e-109
1216, 1.69257e+107, 2.63001e-109
1217, 2.15768e+107, 2.0667e-109
1218, 2.73657e+107, 1.63117e-109
1219, 3.45984e+107, 1.29096e-109
1220, 4.36574e+107, 1.02347e-109
1221, 5.50216e+107, 8.12265e-110
1222, 6.92916e+107, 6.45078e-110
1223, 8.72214e+107, 5.12517e-110
1224, 1.09758e+108, 4.07304e-110
1225, 1.38092e+108, 3.23743e-110
1226, 1.73721e+108, 2.57352e-110
1227, 2.18526e+108, 2.04589e-110
1228, 2.74874e+108, 1.62651e-110
1229, 3.45741e+108, 1.29313e-110
1230, 4.34871e+108, 1.02809e-110
1231, 5.46972e+108, 8.1739e-111
1232, 6.87965e+108, 6.49873e-111
1233, 8.65298e+108, 5.16689e-111
1234, 1.08834e+109, 4.10801e-111
1235, 1.36887e+109, 3.26614e-111
1236, 1.7217e+109, 2.59679e-111
1237, 2.16548e+109, 2.06462e-111
1238, 2.72365e+109, 1.64151e-111
1239, 3.42568e+109, 1.30511e-111
1240, 4.30867e+109, 1.03765e-111
1241, 5.41926e+109, 8.25004e-112
1242, 6.8161e+109, 6.55934e-112
1243, 8.57298e+109, 5.21512e-112
1244, 1.07827e+110, 4.14637e-112
1245, 1.3562e+110, 3.29665e-112
1246, 1.70577e+110, 2.62106e-112
1247, 1.52518e+110, 2.08392e-112
1248, 6.73988e+109, 9.62886e-112
1249, 8.10438e+109, 5.06976e-112
1250, 1.08517e+110, 3.69547e-112
1251, 1.53392e+110, 2.74647e-112
1252, 2.12493e+110, 2.04937e-112
1253, 2.84454e+110, 1.55022e-112
1254, 3.70587e+110, 1.19738e-112
1255, 4.76285e+110, 9.34624e-113
1256, 6.07166e+110, 7.34441e-113
1257, 7.70065e+110, 5.79666e-113
1258, 9.7359e+110, 4.58769e-113
1259, 1.22851e+111, 3.63709e-113
1260, 1.54829e+111, 2.88654e-113
1261, 1.94985e+111, 2.29241e-113
1262, 2.45439e+111, 1.82133e-113
1263, 3.08857e+111, 1.44743e-113
1264, 3.88588e+111, 1.15048e-113
1265, 4.88846e+111, 9.1455e-114
1266, 6.14926e+111, 7.27048e-114
1267, 7.73487e+111, 5.78011e-114
1268, 9.72906e+111, 4.59538e-114
1269, 1.22372e+112, 3.65353e-114
1270, 1.53916e+112, 2.90475e-114
1271, 1.93592e+112, 2.30945e-114
1272, 2.43493e+112, 1.83615e-114
1273, 3.06256e+112, 1.45986e-114
1274, 3.85196e+112, 1.16068e-114
1275, 4.84483e+112, 9.22821e-115
1276, 6.09361e+112, 7.33704e-115
1277, 7.66428e+112, 5.83344e-115
1278, 9.63979e+112, 4.63798e-115
1279, 1.21245e+113, 3.6875e-115
1280, 1.52496e+113, 2.93181e-115
1281, 1.91803e+113, 2.33099e-115
1282, 2.41241e+113, 1.85329e-115
1283, 3.03423e+113, 1.47349e-115
1284, 3.81631e+113, 1.17153e-115
1285, 4.79998e+113, 9.31443e-116
1286, 4.29181e+113, 7.4056e-116
1287, 1.89659e+113, 3.4218e-115
1288, 2.28055e+113, 1.80164e-115
1289, 3.05364e+113, 1.31326e-115
1290, 4.31642e+113, 9.7601e-116
1291, 5.9795e+113, 7.28285e-116
1292, 8.00447e+113, 5.50902e-116
1293, 1.04282e+114, 4.25511e-116
1294, 1.34025e+114, 3.32137e-116
1295, 1.70855e+114, 2.60998e-116
1296, 2.16694e+114, 2.05996e-116
1297, 2.73966e+114, 1.63032e-116
1298, 3.45699e+114, 1.29251e-116
1299, 4.35686e+114, 1.02579e-116
1300, 5.48682e+114, 8.14652e-117
1301, 6.90658e+114, 6.47244e-117
1302, 8.69114e+114, 5.14373e-117
1303, 1.09348e+115, 4.08847e-117
1304, 1.3756e+115, 3.25003e-117
1305, 1.73039e+115, 2.58371e-117
1306, 2.17657e+115, 2.05408e-117
1307, 2.73773e+115, 1.63306e-117
1308, 3.4435e+115, 1.29835e-117
1309, 4.33117e+115, 1.03226e-117
1310, 5.44762e+115, 8.20707e-118
1311, 6.85182e+115, 6.52513e-118
1312, 8.61796e+115, 5.1879e-118
1313, 1.08393e+116, 4.12472e-118
1314, 1.36332e+116, 3.27942e-118
1315, 1.71473e+116, 2.60736e-118
1316, 2.15671e+116, 2.07302e-118
1317, 2.71261e+116, 1.64819e-118
1318, 3.4118e+116, 1.31043e-118
1319, 4.29121e+116, 1.04188e-118
1320, 5.39729e+116, 8.28362e-119
1321, 6.78847e+116, 6.58604e-119
1322, 8.53823e+116, 5.23634e-119
1323, 1.0739e+117, 4.16325e-119
1324, 1.3507e+117, 3.31006e-119
1325, 1.2077e+117, 2.63172e-119
1326, 5.33694e+116, 1.216e-118
1327, 6.41741e+116, 6.40246e-119
1328, 8.59287e+116, 4.66692e-119
1329, 1.21463e+117, 3.46844e-119
1330, 1.68262e+117, 2.5881e-119
1331, 2.25244e+117, 1.95774e-119
1332, 2.93447e+117, 1.51214e-119
1333, 3.77144e+117, 1.18031e-119
1334, 4.80781e+117, 9.27506e-120
1335, 6.09772e+117, 7.32045e-120
1336, 7.70933e+117, 5.79367e-120
1337, 9.72788e+117, 4.59318e-120
1338, 1.22601e+118, 3.64534e-120
1339, 1.54398e+118, 2.89502e-120
1340, 1.94349e+118, 2.30011e-120
1341, 2.44566e+118, 1.82793e-120
1342, 3.07702e+118, 1.45292e-120
1343, 3.8709e+118, 1.15496e-120
1344, 4.86926e+118, 9.1817e-121
1345, 6.12482e+118, 7.29955e-121
1346, 7.70391e+118, 5.80338e-121
1347, 9.68993e+118, 4.61395e-121
1348, 1.21878e+119, 3.66834e-121
1349, 1.53295e+119, 2.91654e-121
1350, 1.92808e+119, 2.31883e-121
1351, 2.42507e+119, 1.84362e-121
1352, 3.05015e+119, 1.4658e-121
1353, 3.83635e+119, 1.16541e-121
1354, 4.8252e+119, 9.26575e-122
1355, 6.06892e+119, 7.36689e-122
1356, 7.63322e+119, 5.85718e-122
1357, 9.60072e+119, 4.65685e-122
1358, 1.20754e+120, 3.70251e-122
1359, 1.51878e+120, 2.94374e-122
1360, 1.91026e+120, 2.34048e-122
1361, 2.40264e+120, 1.86084e-122
1362, 3.02193e+120, 1.47949e-122
1363, 3.80084e+120, 1.17629e-122
1364, 3.39845e+120, 9.35233e-123
1365, 1.5018e+120, 4.3213e-122
1366, 1.80584e+120, 2.27524e-122
1367, 2.41801e+120, 1.65848e-122
1368, 3.41793e+120, 1.23258e-122
1369, 4.73484e+120, 9.19732e-123
1370, 6.3383e+120, 6.95719e-123
1371, 8.25753e+120, 5.37367e-123
1372, 1.06127e+121, 4.19446e-123
1373, 1.35291e+121, 3.29607e-123
1374, 1.71588e+121, 2.60146e-123
1375, 2.16938e+121, 2.05889e-123
1376, 2.7374e+121, 1.63228e-123
1377, 3.44996e+121, 1.29544e-123
1378, 4.34471e+121, 1.0288e-123
1379, 5.46894e+121, 8.17388e-124
1380, 6.88204e+121, 6.49589e-124
1381, 8.65865e+121, 5.16322e-124
1382, 1.08926e+122, 4.10438e-124
1383, 1.3702e+122, 3.26289e-124
1384, 1.72351e+122, 2.59404e-124
1385, 2.16786e+122, 2.06234e-124
1386, 2.72672e+122, 1.63966e-124
1387, 3.42961e+122, 1.30361e-124
1388, 4.31367e+122, 1.03645e-124
1389, 5.42558e+122, 8.24041e-125
1390, 6.82408e+122, 6.55166e-125
1391, 8.58305e+122, 5.20899e-125
1392, 1.07954e+123, 4.1415e-125
1393, 1.3578e+123, 3.29276e-125
1394, 1.70778e+123, 2.61797e-125
1395, 2.14797e+123, 2.08146e-125
1396, 2.70162e+123, 1.6549e-125
1397, 3.39797e+123, 1.31576e-125
1398, 4.27382e+123, 1.04612e-125
1399, 5.37542e+123, 8.31733e-126
1400, 6.76095e+123, 6.61284e-126
1401, 8.50362e+123, 5.25765e-126
1402, 1.06955e+124, 4.18019e-126
1403, 9.56315e+123, 3.32353e-126
1404, 4.22603e+123, 1.53566e-125
1405, 5.0816e+123, 8.0855e-126
1406, 6.80422e+123, 5.89373e-126
1407, 9.61797e+123, 4.3802e-126
1408, 1.33237e+124, 3.26844e-126
1409, 1.78358e+124, 2.47237e-126
1410, 2.32365e+124, 1.90964e-126
1411, 2.9864e+124, 1.49058e-126
1412, 3.80704e+124, 1.17132e-126
1413, 4.82845e+124, 9.2448e-127
1414, 6.10459e+124, 7.31667e-127
1415, 7.70297e+124, 5.80061e-127
1416, 9.70809e+124, 4.6036e-127
1417, 1.22259e+125, 3.65605e-127
1418, 1.53895e+125, 2.90474e-127
1419, 1.93659e+125, 2.30844e-127
1420, 2.43652e+125, 1.83485e-127
1421, 3.06516e+125, 1.45857e-127
1422, 3.8557e+125, 1.15953e-127
1423, 4.84991e+125, 9.21841e-128
1424, 6.1003e+125, 7.32893e-128
1425, 7.67292e+125, 5.82683e-128
1426, 9.65085e+125, 4.63264e-128
1427, 1.21386e+126, 3.68322e-128
1428, 1.52674e+126, 2.92839e-128
1429, 1.92028e+126, 2.32826e-128
1430, 2.41525e+126, 1.85112e-128
1431, 3.0378e+126, 1.47176e-128
1432, 3.82081e+126, 1.17015e-128
1433, 4.80564e+126, 9.30346e-129
1434, 6.04433e+126, 7.39687e-129
1435, 7.60228e+126, 5.88101e-129
1436, 9.56181e+126, 4.6758e-129
1437, 1.20264e+127, 3.71758e-129
1438, 1.51263e+127, 2.95572e-129
1439, 1.90252e+127, 2.35e-129
1440, 2.3929e+127, 1.86841e-129
1441, 3.00968e+127, 1.48551e-129
1442, 2.69105e+127, 1.18108e-129
1443, 1.18919e+127, 5.45726e-129
1444, 1.42995e+127, 2.87334e-129
1445, 1.91469e+127, 2.09445e-129
1446, 2.70647e+127, 1.55659e-129
1447, 3.74926e+127, 1.1615e-129
1448, 5.01895e+127, 8.78606e-130
1449, 6.53868e+127, 6.78627e-130
1450, 8.40364e+127, 5.29708e-130
1451, 1.07129e+128, 4.16252e-130
1452, 1.35871e+128, 3.28532e-130
1453, 1.71782e+128, 2.60012e-130
1454, 2.1676e+128, 2.06136e-130
1455, 2.73183e+128, 1.63598e-130
1456, 3.44034e+128, 1.29925e-130
1457, 4.33055e+128, 1.03226e-130
1458, 5.44951e+128, 8.20348e-131
1459, 6.85631e+128, 6.52049e-131
1460, 8.62527e+128, 5.18331e-131
1461, 1.08498e+129, 4.12062e-131
1462, 1.36475e+129, 3.27594e-131
1463, 1.71661e+129, 2.60448e-131
1464, 2.15914e+129, 2.07068e-131
1465, 2.71572e+129, 1.6463e-131
1466, 3.41576e+129, 1.3089e-131
1467, 4.29622e+129, 1.04066e-131
1468, 5.40362e+129, 8.27391e-132
1469, 6.79645e+129, 6.5783e-132
1470, 8.54828e+129, 5.23018e-132
1471, 1.07517e+130, 4.15834e-132
1472, 1.3523e+130, 3.30616e-132
1473, 1.70086e+130, 2.62862e-132
1474, 2.13926e+130, 2.08993e-132
1475, 2.69067e+130, 1.66164e-132
1476, 3.3842e+130, 1.32111e-132
1477, 4.2565e+130, 1.05037e-132
1478, 5.35363e+130, 8.35118e-133
1479, 6.73355e+130, 6.63975e-133
1480, 8.46916e+130, 5.27905e-133
1481, 7.57253e+130, 4.1972e-133
1482, 3.34636e+130, 1.93934e-132
1483, 4.02384e+130, 1.0211e-132
1484, 5.38789e+130, 7.44303e-133
1485, 7.61594e+130, 5.53164e-133
1486, 1.05503e+131, 4.12763e-133
1487, 1.41232e+131, 3.12229e-133
1488, 1.83997e+131, 2.41163e-133
1489, 2.36476e+131, 1.88242e-133
1490, 3.01459e+131, 1.47923e-133
1491, 3.82338e+131, 1.1675e-133
1492, 4.83389e+131, 9.24003e-134
1493, 6.09956e+131, 7.32543e-134
1494, 7.6873e+131, 5.81376e-134
1495, 9.68102e+131, 4.61713e-134
1496, 1.21861e+132, 3.66833e-134
1497, 1.53348e+132, 2.91527e-134
1498, 1.92935e+132, 2.31718e-134
1499, 2.42713e+132, 1.84199e-134
1500, 3.05312e+132, 1.46434e-134
1501, 3.84037e+132, 1.16417e-134
1502, 4.83049e+132, 9.25552e-135
1503, 6.07576e+132, 7.35855e-135
1504, 7.64197e+132, 5.85044e-135
1505, 9.61185e+132, 4.65145e-135
1506, 1.20894e+133, 3.69819e-135
1507, 1.52056e+133, 2.94029e-135
1508, 1.9125e+133, 2.33773e-135
1509, 2.40546e+133, 1.85865e-135
1510, 3.02549e+133, 1.47775e-135
1511, 3.80533e+133, 1.17491e-135
1512, 4.78617e+133, 9.34131e-136
1513, 6.01983e+133, 7.42697e-136
1514, 7.57147e+133, 5.90494e-136
1515, 9.52305e+133, 4.69483e-136
1516, 1.19777e+134, 3.73271e-136
1517, 1.5065e+134, 2.96775e-136
1518, 1.8948e+134, 2.35956e-136
1519, 2.3832e+134, 1.87601e-136
1520, 2.13089e+134, 1.49156e-136
1521, 9.41657e+133, 6.89183e-136
1522, 1.1323e+134, 3.62866e-136
1523, 1.51614e+134, 2.64502e-136
1524, 2.14311e+134, 1.96578e-136
1525, 2.96883e+134, 1.46683e-136
1526, 3.97423e+134, 1.10957e-136
1527, 5.17762e+134, 8.5702e-137
1528, 6.65438e+134, 6.68954e-137
1529, 8.48297e+134, 5.25674e-137
1530, 1.07589e+135, 4.14894e-137
1531, 1.36024e+135, 3.28362e-137
1532, 1.7164e+135, 2.60323e-137
1533, 2.16319e+135, 2.06603e-137
1534, 2.72421e+135, 1.64078e-137
1535, 3.42913e+135, 1.30361e-137
1536, 4.31516e+135, 1.036e-137
1537, 5.42913e+135, 8.23455e-138
1538, 6.82988e+135, 6.54586e-138
1539, 8.59139e+135, 5.20382e-138
1540, 1.08067e+136, 4.1371e-138
1541, 1.35929e+136, 3.28913e-138
1542, 1.7097e+136, 2.615e-138
1543, 2.15043e+136, 2.07907e-138
1544, 2.70475e+136, 1.65298e-138
1545, 3.40194e+136, 1.31422e-138
1546, 4.27883e+136, 1.04489e-138
1547, 5.38173e+136, 8.30756e-139
1548, 6.76891e+136, 6.60506e-139
1549, 8.51364e+136, 5.25146e-139
1550, 1.07081e+137, 4.17527e-139
1551, 1.34682e+137, 3.31962e-139
1552, 1.69396e+137, 2.63932e-139
1553, 2.13059e+137, 2.09844e-139
1554, 2.67976e+137, 1.6684e-139
1555, 3.37048e+137, 1.32649e-139
1556, 4.23924e+137, 1.05465e-139
1557, 5.33193e+137, 8.38517e-140
1558, 6.70626e+137, 6.66677e-140
1559, 5.99627e+137, 5.30053e-140
1560, 2.6498e+137, 2.44914e-139
1561, 3.18625e+137, 1.28952e-139
1562, 4.26637e+137, 9.39961e-140
1563, 6.03065e+137, 6.98576e-140
1564, 8.35422e+137, 5.21268e-140
1565, 1.11834e+138, 3.94306e-140
1566, 1.45697e+138, 3.04558e-140
1567, 1.87253e+138, 2.37726e-140
1568, 2.38709e+138, 1.86808e-140
1569, 3.02753e+138, 1.47441e-140
1570, 3.82769e+138, 1.1669e-140
1571, 4.8299e+138, 9.25109e-141
1572, 6.08715e+138, 7.34205e-141
1573, 7.66587e+138, 5.83085e-141
1574, 9.64947e+138, 4.63263e-141
1575, 1.21428e+139, 3.68161e-141
1576, 1.52774e+139, 2.92631e-141
1577, 1.92191e+139, 2.3262e-141
1578, 2.41759e+139, 1.84928e-141
1579, 3.04098e+139, 1.4702e-141
1580, 3.825e+139, 1.16885e-141
1581, 4.81106e+139, 9.29292e-142
1582, 6.05126e+139, 7.38837e-142
1583, 7.6111e+139, 5.87419e-142
1584, 9.57297e+139, 4.67034e-142
1585, 1.20405e+140, 3.71322e-142
1586, 1.51441e+140, 2.95225e-142
1587, 1.90475e+140, 2.34724e-142
1588, 2.39572e+140, 1.86621e-142
1589, 3.01323e+140, 1.48376e-142
1590, 3.7899e+140, 1.17969e-142
1591, 4.76677e+140, 9.37933e-143
1592, 5.99543e+140, 7.4572e-143
1593, 7.54078e+140, 5.92897e-143
1594, 9.48446e+140, 4.71393e-143
1595, 1.19291e+141, 3.7479e-143
1596, 1.50039e+141, 2.97983e-143
1597, 1.88712e+141, 2.36917e-143
1598, 1.68733e+141, 1.88365e-143
1599, 7.45647e+140, 8.7035e-143
1600, 8.96604e+140, 4.58254e-143
1601, 1.20055e+141, 3.34033e-143
1602, 1.69701e+141, 2.48253e-143
1603, 2.35085e+141, 1.85243e-143
1604, 3.14697e+141, 1.40124e-143
1605, 4.09988e+141, 1.08231e-143
1606, 5.26924e+141, 8.44804e-144
1607, 6.7172e+141, 6.6386e-144
1608, 8.51938e+141, 5.23959e-144
1609, 1.0771e+142, 4.1468e-144
1610, 1.35912e+142, 3.28755e-144
1611, 1.71291e+142, 2.60914e-144
1612, 2.15716e+142, 2.0721e-144
1613, 2.71534e+142, 1.64629e-144
1614, 3.41694e+142, 1.30833e-144
1615, 4.29903e+142, 1.03992e-144
1616, 5.4082e+142, 8.2666e-145
1617, 6.80305e+142, 6.57177e-145
1618, 8.55724e+142, 5.22463e-145
1619, 1.07635e+143, 4.15375e-145
1620, 1.35382e+143, 3.30242e-145
1621, 1.70281e+143, 2.6256e-145
1622, 2.14174e+143, 2.08751e-145
1623, 2.69381e+143, 1.6597e-145
1624, 3.38817e+143, 1.31956e-145
1625, 4.2615e+143, 1.04914e-145
1626, 5.35993e+143, 8.34136e-146
1627, 6.74149e+143, 6.63193e-146
1628, 8.47914e+143, 5.27283e-146
1629, 1.06647e+144, 4.19226e-146
1630, 1.34136e+144, 3.33312e-146
1631, 1.6871e+144, 2.65006e-146
1632, 2.12196e+144, 2.10698e-146
1633, 2.6689e+144, 1.67519e-146
1634, 3.35682e+144, 1.33189e-146
1635, 4.22206e+144, 1.05894e-146
1636, 5.31032e+144, 8.41929e-147
1637, 4.74812e+144, 6.6939e-147
1638, 2.09823e+144, 3.09296e-146
1639, 2.52302e+144, 1.62849e-146
1640, 3.3783e+144, 1.18705e-146
1641, 4.77534e+144, 8.82213e-147
1642, 6.61524e+144, 6.58295e-147
1643, 8.85551e+144, 4.97959e-147
1644, 1.15369e+145, 3.84619e-147
1645, 1.48275e+145, 3.00217e-147
1646, 1.8902e+145, 2.35915e-147
1647, 2.39733e+145, 1.86199e-147
1648, 3.03094e+145, 1.47365e-147
1649, 3.82454e+145, 1.1683e-147
1650, 4.82008e+145, 9.27208e-148
1651, 6.07018e+145, 7.36362e-148
1652, 7.64089e+145, 5.85043e-148
1653, 9.61518e+145, 4.64941e-148
1654, 1.20974e+146, 3.69556e-148
1655, 1.52185e+146, 2.9377e-148
1656, 1.91436e+146, 2.33541e-148
1657, 2.40799e+146, 1.85667e-148
1658, 3.02881e+146, 1.47612e-148
1659, 3.80962e+146, 1.17358e-148
1660, 4.79166e+146, 9.33058e-149
1661, 6.02681e+146, 7.41835e-149
1662, 7.58031e+146, 5.89805e-149
1663, 9.53422e+146, 4.68933e-149
1664, 1.19917e+147, 3.72832e-149
1665, 1.50827e+147, 2.96426e-149
1666, 1.89704e+147, 2.35679e-149
1667, 2.38601e+147, 1.8738e-149
1668, 3.00102e+147, 1.4898e-149
1669, 3.77454e+147, 1.18449e-149
1670, 4.74745e+147, 9.4175e-150
1671, 5.97113e+147, 7.48754e-150
1672, 7.51022e+147, 5.9531e-150
1673, 9.44601e+147, 4.73312e-150
1674, 1.18808e+148, 3.76315e-150
1675, 1.49431e+148, 2.99196e-150
1676, 1.33611e+148, 2.37881e-150
1677, 5.90436e+147, 1.09914e-149
1678, 7.09971e+147, 5.78717e-150
1679, 9.50646e+147, 4.21842e-150
1680, 1.34377e+148, 3.13512e-150
1681, 1.86151e+148, 2.33938e-150
1682, 2.49192e+148, 1.76959e-150
1683, 3.24647e+148, 1.36682e-150
1684, 4.17242e+148, 1.06688e-150
1685, 5.31898e+148, 8.38371e-151
1686, 6.74603e+148, 6.61694e-151
1687, 8.52898e+148, 5.23688e-151
1688, 1.07621e+149, 4.15177e-151
1689, 1.35636e+149, 3.29501e-151
1690, 1.70813e+149, 2.6168e-151
1691, 2.15013e+149, 2.07906e-151
1692, 2.70569e+149, 1.65226e-151
1693, 3.40417e+149, 1.31329e-151
1694, 4.28246e+149, 1.04397e-151
1695, 5.38696e+149, 8.29931e-152
1696, 6.77601e+149, 6.59805e-152
1697, 8.52298e+149, 5.24566e-152
1698, 1.07202e+150, 4.17054e-152
1699, 1.34836e+150, 3.3158e-152
1700, 1.69593e+150, 2.63626e-152
1701, 2.13308e+150, 2.09599e-152
1702, 2.6829e+150, 1.66644e-152
1703, 3.37445e+150, 1.32493e-152
1704, 4.24423e+150, 1.05341e-152
1705, 5.33821e+150, 8.37529e-153
1706, 6.71417e+150, 6.65892e-153
1707, 8.44478e+150, 5.29429e-153
1708, 1.06215e+151, 4.20932e-153
1709, 1.33592e+151, 3.34669e-153
1710, 1.68026e+151, 2.66084e-153
1711, 2.11336e+151, 2.11555e-153
1712, 2.65808e+151, 1.68201e-153
1713, 3.34322e+151, 1.33731e-153
1714, 4.20495e+151, 1.06325e-153
1715, 3.75977e+151, 8.45355e-154
1716, 1.66147e+151, 3.90602e-153
1717, 1.99784e+151, 2.05658e-153
1718, 2.67509e+151, 1.4991e-153
1719, 3.78133e+151, 1.11412e-153
1720, 5.23825e+151, 8.31343e-154
1721, 7.01219e+151, 6.28859e-154
1722, 9.13547e+151, 4.85725e-154
1723, 1.17411e+152, 3.79137e-154
1724, 1.49675e+152, 2.97931e-154
1725, 1.89831e+152, 2.35146e-154
1726, 2.40003e+152, 1.86103e-154
1727, 3.02844e+152, 1.47541e-154
1728, 3.81675e+152, 1.17095e-154
1729, 4.80664e+152, 9.29932e-155
1730, 6.0504e+152, 7.38835e-155
1731, 7.61373e+152, 5.87162e-155
1732, 9.57924e+152, 4.66702e-155
1733, 1.20507e+153, 3.70994e-155
1734, 1.51588e+153, 2.94932e-155
1735, 1.90675e+153, 2.34474e-155
1736, 2.39835e+153, 1.86415e-155
1737, 3.01663e+153, 1.48208e-155
1738, 3.79425e+153, 1.17833e-155
1739, 4.7723e+153, 9.36844e-156
1740, 6.00243e+153, 7.44849e-156
1741, 7.54962e+153, 5.92203e-156
1742, 9.4956e+153, 4.7084e-156
1743, 1.19432e+154, 3.74349e-156
1744, inf, 2.97632e-156
