0 0 0 0 0 0 0 0 0 0 0 0 0 0 0 0 0 0 0 0 0 0.5 1 1 1 1 1 1 1 1 1 1 1 1 1 1 1 1 1 1 1 1 1 
0 0 0 0 0 0 0 0 0 0 0 0 0 0 0 0 0 0 0 -0.0416667 0.111111 0.5 0.888889 1.04167 1 1 1 1 1 1 1 1 1 1 1 1 1 1 1 1 1 1 1 
0 0 0 0 0 0 0 0 0 0 0 0 0 0 0 0 0 0.00347222 -0.0220574 -0.0160356 0.13361 0.5 0.86639 1.01604 1.02206 0.996528 1 1 1 1 1 1 1 1 1 1 1 1 1 1 1 1 1 
0 0 0 0 0 0 0 0 0 0 0 0 0 0 0 -0.000289352 0.00289196 -0.00440423 -0.0204456 -0.0105629 0.151361 0.5 0.848639 1.01056 1.02045 1.0044 0.997108 1.00029 1 1 1 1 1 1 1 1 1 1 1 1 1 1 1 
0 0 0 0 0 0 0 0 0 0 0 0 0 2.41127e-05 -0.000329537 0.00117252 0.00101672 -0.00525439 -0.0230153 -0.00292354 0.160057 0.5 0.839943 1.00292 1.02302 1.00525 0.998983 0.998827 1.00033 0.999976 1 1 1 1 1 1 1 1 1 1 1 1 1 
0 0 0 0 0 0 0 0 0 0 0 -2.00939e-06 3.48275e-05 -0.000191968 0.000195374 0.000925691 0.00107141 -0.00762112 -0.0225361 0.000969698 0.166283 0.5 0.833717 0.99903 1.02254 1.00762 0.998929 0.999074 0.999805 1.00019 0.999965 1 1 1 1 1 1 1 1 1 1 1 1 
0 0 0 0 0 0 0 0 0 1.67449e-07 -3.51629e-06 2.60985e-05 -6.64387e-05 -5.43748e-05 0.000167081 0.00128322 0.000247672 -0.00841425 -0.0227346 0.00420533 0.170173 0.5 0.829827 0.995795 1.02273 1.00841 0.999752 0.998717 0.999833 1.00005 1.00007 0.999974 1 1 1 1 1 1 1 1 1 1 1 
0 0 0 0 0 0 0 -1.39541e-08 3.44189e-07 -3.20435e-06 1.26375e-05 -1.02387e-05 -3.75404e-05 -9.71213e-05 0.000390218 0.00118788 -4.51299e-05 -0.00928609 -0.0224975 0.00628059 0.172927 0.5 0.827073 0.993719 1.0225 1.00929 1.00005 0.998812 0.99961 1.0001 1.00004 1.00001 0.999987 1 1 1 1 1 1 1 1 1 1 
0 0 0 0 0 1.16284e-09 -3.29462e-08 3.68451e-07 -1.94572e-06 3.99897e-06 2.05791e-06 -9.60237e-07 -7.59356e-05 -2.20469e-05 0.000428419 0.00123773 -0.000436532 -0.00974607 -0.0224129 0.00783448 0.174802 0.5 0.825198 0.992166 1.02241 1.00975 1.00044 0.998762 0.999572 1.00002 1.00008 1 0.999998 0.999996 1 1 1 1 1 1 1 1 1 
0 0 0 -9.69033e-11 3.10083e-09 -4.04589e-08 2.6637e-07 -8.42702e-07 6.81872e-07 9.80503e-07 8.17285e-06 -2.0557e-05 -6.30504e-05 -1.02181e-05 0.000516165 0.00118967 -0.000663412 -0.0101353 -0.0222856 0.00890656 0.176136 0.5 0.823864 0.991093 1.02229 1.01014 1.00066 0.99881 0.999484 1.00001 1.00006 1.00002 0.999992 0.999999 0.999999 1 1 1 1 1 1 1 1 
0 0 -2.90703e-10 4.29213e-09 -3.37686e-08 1.42058e-07 -2.59721e-07 1.07199e-08 -5.40114e-07 4.71826e-06 1.60683e-06 -2.04124e-05 -7.12659e-05 2.8203e-05 0.000549349 0.00117784 -0.000867962 -0.0103875 -0.0222114 0.00968528 0.177073 0.5 0.822927 0.990315 1.02221 1.01039 1.00087 0.998822 0.999451 0.999972 1.00007 1.00002 0.999998 0.999995 1 1 1 1 1 1 1 1 1 
0 -4.20712e-19 4.19631e-09 -2.10771e-08 5.7797e-08 -5.61388e-08 3.67497e-08 -6.57602e-07 1.15485e-06 3.22704e-06 2.09605e-06 -2.86658e-05 -6.47488e-05 4.60829e-05 0.000587422 0.00114929 -0.00100782 -0.010584 -0.0221489 0.0102341 0.177742 0.5 0.822258 0.989766 1.02215 1.01058 1.00101 0.998851 0.999413 0.999954 1.00006 1.00003 0.999998 0.999997 0.999999 1 1 1 1 1 1 1 1 
4.20712e-19 -1.86612e-17 -1.11427e-08 1.81156e-08 -1.34794e-08 7.42225e-08 -3.08102e-07 -7.93431e-08 8.44777e-07 4.34668e-06 -1.38171e-06 -3.02309e-05 -6.41887e-05 6.71842e-05 0.000608349 0.0011325 -0.00111962 -0.0107235 -0.0221108 0.0106269 0.178216 0.5 0.821784 0.989373 1.02211 1.01072 1.00112 0.998867 0.999392 0.999933 1.00006 1.00003 1 0.999996 0.999999 1 1 1 1 1 1 1 1 
1.86612e-17 -4.66168e-17 5.30469e-09 -9.60511e-09 5.19348e-08 -7.24094e-08 -1.46468e-07 -2.51563e-07 1.62021e-06 3.6114e-06 -2.37573e-06 -3.36475e-05 -6.0176e-05 8.07344e-05 0.000627056 0.00111554 -0.00120054 -0.0108298 -0.022085 0.0109038 0.178554 0.5 0.821446 0.989096 1.02209 1.01083 1.0012 0.998884 0.999373 0.999919 1.00006 1.00003 1 0.999996 0.999998 1 1 1 1 1 1 1 1 
4.66168e-17 -3.19796e-17 -6.64549e-09 2.12979e-08 1.80581e-10 -2.17552e-08 -2.78999e-07 6.14046e-08 1.62063e-06 3.7152e-06 -4.28975e-06 -3.49167e-05 -5.8028e-05 9.29827e-05 0.000639523 0.00110389 -0.00126242 -0.0109083 -0.022071 0.0110989 0.178793 0.5 0.821207 0.988901 1.02207 1.01091 1.00126 0.998896 0.99936 0.999907 1.00006 1.00003 1 0.999996 0.999998 1 1 1 1 1 1 1 1 
3.19796e-17 -3.12596e-17 5.97668e-09 5.19984e-09 2.54147e-08 -9.49857e-08 -2.00013e-07 8.29881e-08 1.93737e-06 3.27989e-06 -5.32131e-06 -3.64235e-05 -5.53918e-05 0.000101854 0.000649731 0.00109442 -0.00130793 -0.0109679 -0.0220641 0.0112347 0.178961 0.5 0.821039 0.988765 1.02206 1.01097 1.00131 0.998906 0.99935 0.999898 1.00006 1.00004 1.00001 0.999997 0.999998 1 1 1 1 1 1 1 1 
3.12596e-17 -1.51551e-17 6.11501e-10 1.94497e-08 -3.0399e-09 -8.23927e-08 -2.28364e-07 2.51419e-07 1.98777e-06 3.10964e-06 -6.44343e-06 -3.72168e-05 -5.35265e-05 0.000109152 0.000657235 0.00108781 -0.00134199 -0.0110126 -0.0220625 0.0113282 0.179078 0.5 0.820922 0.988672 1.02206 1.01101 1.00134 0.998912 0.999343 0.999891 1.00005 1.00004 1.00001 0.999997 0.999998 1 1 1 1 1 1 1 1 
1.51551e-17 -3.7201e-18 6.83849e-09 1.15777e-08 1.35098e-09 -1.12989e-07 -1.84776e-07 3.14511e-07 2.11247e-06 2.81766e-06 -7.2086e-06 -3.79503e-05 -5.18235e-05 0.000114677 0.000663239 0.00108299 -0.00136701 -0.0110465 -0.0220641 0.0113916 0.17916 0.5 0.82084 0.988608 1.02206 1.01105 1.00137 0.998917 0.999337 0.999885 1.00005 1.00004 1.00001 0.999997 0.999998 1 1 1 1 1 1 1 1 
3.7201e-18 2.10435e-18 4.8864e-09 1.5704e-08 -1.35158e-08 -1.11652e-07 -1.76991e-07 4.10597e-07 2.14912e-06 2.6236e-06 -7.89495e-06 -3.84249e-05 -5.05371e-05 0.00011906 0.000667876 0.00107976 -0.00138543 -0.011072 -0.0220677 0.0114337 0.179215 0.5 0.820785 0.988566 1.02207 1.01107 1.00139 0.99892 0.999332 0.999881 1.00005 1.00004 1.00001 0.999997 0.999998 1 1 1 1 1 1 1 1 
-2.10435e-18 8.40922e-18 7.17538e-09 1.1437e-08 -1.60811e-08 -1.22996e-07 -1.48816e-07 4.66875e-07 2.19787e-06 2.42248e-06 -8.40951e-06 -3.88246e-05 -4.94823e-05 0.000122426 0.000671583 0.00107763 -0.00139881 -0.0110912 -0.0220722 0.0114608 0.179252 0.5 0.820748 0.988539 1.02207 1.01109 1.0014 0.998922 0.999328 0.999878 1.00005 1.00004 1.00001 0.999998 0.999998 1 1 1 1 1 1 1 1 
-8.40922e-18 9.40595e-18 6.34833e-09 1.13034e-08 -2.42955e-08 -1.23423e-07 -1.33133e-07 5.2483e-07 2.21757e-06 2.26888e-06 -8.8387e-06 -3.91179e-05 -4.86813e-05 0.000125052 0.000674514 0.00107636 -0.00140846 -0.0111057 -0.0220771 0.0114775 0.179277 0.5 0.820723 0.988522 1.02208 1.01111 1.00141 0.998924 0.999325 0.999875 1.00005 1.00004 1.00001 0.999998 0.999998 0.999999 1 1 1 1 1 1 1 
-9.40595e-18 1.09148e-17 6.85048e-09 8.47026e-09 -2.80335e-08 -1.27069e-07 -1.13515e-07 5.65658e-07 2.23704e-06 2.13288e-06 -9.17293e-06 -3.93604e-05 -4.80594e-05 0.000127073 0.000676864 0.00107567 -0.00141533 -0.0111165 -0.022082 0.0114872 0.179292 0.5 0.820708 0.988513 1.02208 1.01112 1.00142 0.998924 0.999323 0.999873 1.00005 1.00004 1.00001 0.999998 0.999998 0.999999 1 1 1 1 1 1 1 
-1.09148e-17 1.02057e-17 6.30129e-09 7.04021e-09 -3.29697e-08 -1.27195e-07 -9.92048e-08 6.01898e-07 2.24686e-06 2.02537e-06 -9.44407e-06 -3.95523e-05 -4.7595e-05 0.000128633 0.000678743 0.00107541 -0.00142016 -0.0111245 -0.0220866 0.0114922 0.179301 0.5 0.820699 0.988508 1.02209 1.01112 1.00142 0.998925 0.999321 0.999871 1.00005 1.00004 1.00001 0.999998 0.999998 0.999999 1 1 1 1 1 1 1 
-1.02057e-17 9.69014e-18 6.14443e-09 4.93163e-09 -3.61607e-08 -1.28056e-07 -8.54756e-08 6.29528e-07 2.25535e-06 1.93616e-06 -9.65832e-06 -3.97123e-05 -4.72489e-05 0.000129827 0.00068025 0.00107543 -0.00142347 -0.0111305 -0.0220907 0.011494 0.179306 0.5 0.820694 0.988506 1.02209 1.01113 1.00142 0.998925 0.99932 0.99987 1.00005 1.00004 1.00001 0.999998 0.999998 0.999999 1 1 1 1 1 1 1 
-9.69014e-18 8.57392e-18 5.68134e-09 3.3816e-09 -3.933e-08 -1.2787e-07 -7.46441e-08 6.52657e-07 2.26066e-06 1.8655e-06 -9.83021e-06 -3.98444e-05 -4.69982e-05 0.000130739 0.000681458 0.00107563 -0.0014257 -0.0111348 -0.0220944 0.011494 0.179308 0.5 0.820692 0.988506 1.02209 1.01113 1.00143 0.998924 0.999319 0.999869 1.00005 1.00004 1.00001 0.999998 0.999998 0.999999 1 1 1 1 1 1 1 
-8.57392e-18 7.61311e-18 5.35159e-09 1.78704e-09 -4.17085e-08 -1.27876e-07 -6.52472e-08 6.70896e-07 2.2652e-06 1.80879e-06 -9.96668e-06 -3.99558e-05 -4.68197e-05 0.000131432 0.000682425 0.00107593 -0.00142714 -0.011138 -0.0220975 0.0114928 0.179308 0.5 0.820692 0.988507 1.0221 1.01114 1.00143 0.998924 0.999318 0.999869 1.00005 1.00004 1.00001 0.999998 0.999998 0.999999 1 1 1 1 1 1 1 
-7.61311e-18 6.61833e-18 4.96332e-09 4.89631e-10 -4.38265e-08 -1.2763e-07 -5.7702e-08 6.85824e-07 2.2687e-06 1.7643e-06 -1.00755e-05 -4.00496e-05 -4.66968e-05 0.000131954 0.000683198 0.00107629 -0.00142802 -0.0111402 -0.0221002 0.011491 0.179308 0.5 0.820692 0.988509 1.0221 1.01114 1.00143 0.998924 0.999317 0.999868 1.00005 1.00004 1.00001 0.999998 0.999998 0.999999 1 1 1 1 1 1 1 
-6.61833e-18 5.78131e-18 4.64263e-09 -6.89374e-10 -4.55195e-08 -1.2748e-07 -5.14519e-08 6.97764e-07 2.27185e-06 1.72938e-06 -1.0162e-05 -4.01292e-05 -4.66153e-05 0.000132345 0.000683813 0.00107666 -0.00142851 -0.0111418 -0.0221024 0.011489 0.179307 0.5 0.820693 0.988511 1.0221 1.01114 1.00143 0.998923 0.999316 0.999868 1.00005 1.00004 1.00001 0.999998 0.999998 0.999999 1 1 1 1 1 1 1 
-5.78131e-18 5.04689e-18 4.33727e-09 -1.67139e-09 -4.69662e-08 -1.27316e-07 -4.64468e-08 7.07453e-07 2.27463e-06 1.70237e-06 -1.02306e-05 -4.01967e-05 -4.65644e-05 0.000132635 0.000684301 0.00107703 -0.00142874 -0.0111429 -0.0221042 0.011487 0.179305 0.5 0.820695 0.988513 1.0221 1.01114 1.00143 0.998923 0.999316 0.999867 1.00005 1.00004 1.00001 0.999998 0.999998 0.999999 1 1 1 1 1 1 1 
-5.04689e-18 4.44509e-18 4.0796e-09 -2.51872e-09 -4.81538e-08 -1.27223e-07 -4.2408e-08 7.15246e-07 2.27722e-06 1.68159e-06 -1.02849e-05 -4.02539e-05 -4.65357e-05 0.000132848 0.000684686 0.00107737 -0.0014288 -0.0111436 -0.0221056 0.0114851 0.179304 0.5 0.820696 0.988515 1.02211 1.01114 1.00143 0.998923 0.999315 0.999867 1.00005 1.00004 1.00001 0.999998 0.999998 0.999999 1 1 1 1 1 1 1 
-4.44509e-18 3.94764e-18 3.85317e-09 -3.22484e-09 -4.91539e-08 -1.2717e-07 -3.92055e-08 7.21545e-07 2.27961e-06 1.6658e-06 -1.03278e-05 -4.03023e-05 -4.65228e-05 0.000133002 0.000684989 0.00107768 -0.00142874 -0.0111441 -0.0221068 0.0114833 0.179302 0.5 0.820698 0.988517 1.02211 1.01114 1.00143 0.998922 0.999315 0.999867 1.00005 1.00004 1.00001 0.999998 0.999998 0.999999 1 1 1 1 1 1 1 
-3.94764e-18 3.54664e-18 3.66341e-09 -3.8191e-09 -4.99842e-08 -1.2717e-07 -3.66701e-08 7.26617e-07 2.28184e-06 1.65392e-06 -1.03616e-05 -4.03431e-05 -4.65206e-05 0.000133112 0.000685226 0.00107796 -0.00142862 -0.0111444 -0.0221077 0.0114818 0.179301 0.5 0.820699 0.988518 1.02211 1.01114 1.00143 0.998922 0.999315 0.999867 1.00005 1.00004 1.00001 0.999998 0.999998 0.999999 1 1 1 1 1 1 1 
-3.54664e-18 3.22295e-18 3.50288e-09 -4.31169e-09 -5.06802e-08 -1.27206e-07 -3.46862e-08 7.30704e-07 2.28391e-06 1.64509e-06 -1.03881e-05 -4.03775e-05 -4.65256e-05 0.000133189 0.000685409 0.0010782 -0.00142846 -0.0111445 -0.0221084 0.0114805 0.1793 0.5 0.8207 0.988519 1.02211 1.01114 1.00143 0.998922 0.999315 0.999867 1.00005 1.00004 1.00001 0.999998 0.999998 0.999999 1 1 1 1 1 1 1 
-3.22295e-18 2.96412e-18 3.36994e-09 -4.72057e-09 -5.12609e-08 -1.27276e-07 -3.3143e-08 7.33988e-07 2.28581e-06 1.63862e-06 -1.04089e-05 -4.04062e-05 -4.6535e-05 0.00013324 0.00068555 0.0010784 -0.00142829 -0.0111446 -0.0221089 0.0114795 0.179299 0.5 0.820701 0.988521 1.02211 1.01114 1.00143 0.998922 0.999314 0.999867 1.00005 1.00004 1.00001 0.999998 0.999998 0.999999 1 1 1 1 1 1 1 
-2.96412e-18 2.75715e-18 3.25988e-09 -5.05745e-09 -5.17471e-08 -1.27369e-07 -3.19553e-08 7.36625e-07 2.28755e-06 1.63398e-06 -1.0425e-05 -4.04302e-05 -4.65469e-05 0.000133274 0.000685658 0.00107858 -0.00142812 -0.0111446 -0.0221093 0.0114786 0.179298 0.5 0.820702 0.988521 1.02211 1.01114 1.00143 0.998921 0.999314 0.999867 1.00005 1.00004 1.00001 0.999998 0.999998 0.999999 1 1 1 1 1 1 1 
-2.75715e-18 2.59226e-18 3.16976e-09 -5.33468e-09 -5.21535e-08 -1.27477e-07 -3.10496e-08 7.38736e-07 2.28912e-06 1.63071e-06 -1.04375e-05 -4.04502e-05 -4.65599e-05 0.000133295 0.000685739 0.00107872 -0.00142796 -0.0111445 -0.0221096 0.0114779 0.179297 0.5 0.820703 0.988522 1.02211 1.01114 1.00143 0.998921 0.999314 0.999867 1.00005 1.00004 1.00001 0.999998 0.999998 0.999999 1 1 1 1 1 1 1 
-2.59226e-18 2.46092e-18 3.09619e-09 -5.56185e-09 -5.24936e-08 -1.27595e-07 -3.03674e-08 7.4042e-07 2.29052e-06 1.62848e-06 -1.04471e-05 -4.04666e-05 -4.6573e-05 0.000133306 0.000685799 0.00107884 -0.00142782 -0.0111445 -0.0221098 0.0114773 0.179297 0.5 0.820703 0.988523 1.02211 1.01114 1.00143 0.998921 0.999314 0.999867 1.00005 1.00004 1.00001 0.999998 0.999998 0.999999 1 1 1 1 1 1 1 
-2.46092e-18 2.35648e-18 3.03655e-09 -5.74765e-09 -5.27779e-08 -1.27717e-07 -2.98604e-08 7.4176e-07 2.29176e-06 1.62702e-06 -1.04544e-05 -4.04802e-05 -4.65856e-05 0.000133311 0.000685844 0.00107894 -0.00142769 -0.0111444 -0.02211 0.0114769 0.179296 0.5 0.820704 0.988523 1.02211 1.01114 1.00143 0.998921 0.999314 0.999867 1.00005 1.00004 1.00001 0.999998 0.999998 0.999999 1 1 1 1 1 1 1 
-2.35648e-18 2.2735e-18 2.98837e-09 -5.89918e-09 -5.30156e-08 -1.27839e-07 -2.94901e-08 7.42822e-07 2.29285e-06 1.62612e-06 -1.046e-05 -4.04912e-05 -4.65974e-05 0.000133312 0.000685876 0.00107902 -0.00142758 -0.0111443 -0.02211 0.0114765 0.179296 0.5 0.820704 0.988523 1.02211 1.01114 1.00143 0.998921 0.999314 0.999867 1.00005 1.00004 1.00001 0.999998 0.999998 0.999999 1 1 1 1 1 1 1 
-2.2735e-18 2.20764e-18 2.94963e-09 -6.02252e-09 -5.32142e-08 -1.27957e-07 -2.92254e-08 7.43659e-07 2.2938e-06 1.62563e-06 -1.04642e-05 -4.05002e-05 -4.6608e-05 0.00013331 0.000685898 0.00107908 -0.00142749 -0.0111443 -0.0221101 0.0114763 0.179295 0.5 0.820705 0.988524 1.02211 1.01114 1.00143 0.998921 0.999314 0.999867 1.00005 1.00004 1.00001 0.999998 0.999998 0.999999 1 1 1 1 1 1 1 
-2.20764e-18 2.15544e-18 2.91862e-09 -6.12268e-09 -5.338e-08 -1.28069e-07 -2.90417e-08 7.44315e-07 2.29462e-06 1.62541e-06 -1.04673e-05 -4.05074e-05 -4.66175e-05 0.000133306 0.000685914 0.00107913 -0.00142741 -0.0111442 -0.0221101 0.0114761 0.179295 0.5 0.820705 0.988524 1.02211 1.01114 1.00143 0.998921 0.999314 0.999867 1.00005 1.00004 1.00001 0.999998 0.999998 0.999999 1 1 1 1 1 1 1 
-2.15544e-18 2.11413e-18 2.89387e-09 -6.20386e-09 -5.35183e-08 -1.28174e-07 -2.89192e-08 7.44826e-07 2.29532e-06 1.6254e-06 -1.04696e-05 -4.05133e-05 -4.66258e-05 0.000133301 0.000685924 0.00107917 -0.00142734 -0.0111441 -0.0221102 0.011476 0.179295 0.5 0.820705 0.988524 1.02211 1.01114 1.00143 0.998921 0.999314 0.999867 1.00005 1.00004 1.00001 0.999998 0.999998 0.999999 1 1 1 1 1 1 1 
-2.11413e-18 2.0815e-18 2.87421e-09 -6.26952e-09 -5.36335e-08 -1.28271e-07 -2.88426e-08 7.45222e-07 2.29591e-06 1.6255e-06 -1.04712e-05 -4.05179e-05 -4.6633e-05 0.000133295 0.00068593 0.0010792 -0.00142729 -0.0111441 -0.0221102 0.0114759 0.179295 0.5 0.820705 0.988524 1.02211 1.01114 1.00143 0.998921 0.999314 0.999867 1.00005 1.00004 1.00001 0.999998 0.999998 0.999999 1 1 1 1 1 1 1 
-2.0815e-18 2.05577e-18 2.85865e-09 -6.32252e-09 -5.37293e-08 -1.2836e-07 -2.87998e-08 7.45524e-07 2.29641e-06 1.62568e-06 -1.04724e-05 -4.05216e-05 -4.66391e-05 0.00013329 0.000685933 0.00107922 -0.00142725 -0.011144 -0.0221102 0.0114758 0.179295 0.5 0.820705 0.988524 1.02211 1.01114 1.00143 0.998921 0.999314 0.999867 1.00005 1.00004 1.00001 0.999998 0.999998 0.999999 1 1 1 1 1 1 1 
