0 1 1 1 1 1 1 1 1 1 1 
0 0.5 1 1 1 1 1 1 1 1 1 
0 0.5 0.75 1 1 1 1 1 1 1 1 
0 0.375 0.75 0.875 1 1 1 1 1 1 1 
0 0.375 0.625 0.875 0.9375 1 1 1 1 1 1 
0 0.3125 0.625 0.78125 0.9375 0.96875 1 1 1 1 1 
0 0.3125 0.546875 0.78125 0.875 0.96875 0.984375 1 1 1 1 
0 0.273438 0.546875 0.710938 0.875 0.929688 0.984375 0.992188 1 1 1 
0 0.273438 0.492188 0.710938 0.820313 0.929688 0.960938 0.992188 0.996094 1 1 
0 0.246094 0.492188 0.65625 0.820313 0.890625 0.960938 0.978516 0.996094 0.998047 1 
0 0.246094 0.451172 0.65625 0.773438 0.890625 0.93457 0.978516 0.988281 0.998047 1 
0 0.225586 0.451172 0.612305 0.773438 0.854004 0.93457 0.961426 0.988281 0.994141 1 
0 0.225586 0.418945 0.612305 0.733154 0.854004 0.907715 0.961426 0.977783 0.994141 1 
0 0.209473 0.418945 0.57605 0.733154 0.820435 0.907715 0.942749 0.977783 0.988892 1 
0 0.209473 0.392761 0.57605 0.698242 0.820435 0.881592 0.942749 0.96582 0.988892 1 
0 0.196381 0.392761 0.545502 0.698242 0.789917 0.881592 0.923706 0.96582 0.98291 1 
0 0.196381 0.370941 0.545502 0.667709 0.789917 0.856812 0.923706 0.953308 0.98291 1 
0 0.185471 0.370941 0.519325 0.667709 0.76226 0.856812 0.90506 0.953308 0.976654 1 
0 0.185471 0.352398 0.519325 0.640793 0.76226 0.83366 0.90506 0.940857 0.976654 1 
0 0.176199 0.352398 0.496595 0.640793 0.737226 0.83366 0.887259 0.940857 0.970428 1 
0 0.176199 0.336397 0.496595 0.616911 0.737226 0.812243 0.887259 0.928844 0.970428 1 
0 0.168199 0.336397 0.476654 0.616911 0.714577 0.812243 0.870543 0.928843 0.964422 1 
0 0.168199 0.322426 0.476654 0.595615 0.714577 0.79256 0.870543 0.917482 0.964422 1 
0 0.161213 0.322426 0.459021 0.595615 0.694088 0.79256 0.855021 0.917482 0.958741 1 
0 0.161213 0.310117 0.459021 0.576554 0.694088 0.774554 0.855021 0.906881 0.958741 1 
0 0.155059 0.310117 0.443336 0.576554 0.675554 0.774554 0.840718 0.906881 0.953441 1 
0 0.155059 0.299197 0.443336 0.559445 0.675554 0.758136 0.840718 0.897079 0.953441 1 
0 0.149599 0.299197 0.429321 0.559445 0.658791 0.758136 0.827608 0.897079 0.94854 1 
0 0.149599 0.28946 0.429321 0.544056 0.65879 0.743199 0.827608 0.888074 0.94854 1 
0 0.14473 0.28946 0.416758 0.544056 0.643627 0.743199 0.815636 0.888074 0.944037 1 
0 0.14473 0.280744 0.416758 0.530193 0.643627 0.729632 0.815636 0.879837 0.944037 1 
0 0.140372 0.280744 0.405468 0.530193 0.629912 0.729632 0.804734 0.879837 0.939918 1 
0 0.140372 0.27292 0.405468 0.51769 0.629912 0.717323 0.804734 0.872326 0.939918 1 
0 0.13646 0.27292 0.395305 0.51769 0.617507 0.717323 0.794825 0.872326 0.936163 1 
0 0.13646 0.265883 0.395305 0.506406 0.617507 0.706166 0.794825 0.865494 0.936163 1 
0 0.132941 0.265883 0.386144 0.506406 0.606286 0.706166 0.78583 0.865494 0.932747 1 
0 0.132941 0.259543 0.386144 0.496215 0.606286 0.696058 0.78583 0.859288 0.932747 1 
0 0.129771 0.259543 0.377879 0.496215 0.596136 0.696058 0.777673 0.859288 0.929644 1 
0 0.129771 0.253825 0.377879 0.487008 0.596136 0.686905 0.777673 0.853659 0.929644 1 
0 0.126913 0.253825 0.370416 0.487008 0.586956 0.686905 0.770282 0.853659 0.926829 1 
0 0.126913 0.248664 0.370416 0.478686 0.586956 0.678619 0.770282 0.848556 0.926829 1 
0 0.124332 0.248664 0.363675 0.478686 0.578653 0.678619 0.763587 0.848556 0.924278 1 
0 0.124332 0.244004 0.363675 0.471164 0.578653 0.67112 0.763587 0.843933 0.924278 1 
0 0.122002 0.244004 0.357584 0.471164 0.571142 0.67112 0.757526 0.843933 0.921966 1 
0 0.122002 0.239793 0.357584 0.464363 0.571142 0.664334 0.757526 0.839746 0.921966 1 
0 0.119896 0.239793 0.352078 0.464363 0.564349 0.664334 0.75204 0.839746 0.919873 1 
0 0.119896 0.235987 0.352078 0.458213 0.564349 0.658194 0.75204 0.835957 0.919873 1 
0 0.117994 0.235987 0.3471 0.458213 0.558204 0.658194 0.747076 0.835957 0.917978 1 
0 0.117994 0.232547 0.3471 0.452652 0.558204 0.65264 0.747075 0.832527 0.917978 1 
0 0.116273 0.232547 0.342599 0.452652 0.552646 0.65264 0.742583 0.832527 0.916263 1 
0 0.116273 0.229436 0.342599 0.447623 0.552646 0.647615 0.742583 0.829423 0.916263 1 
0 0.114718 0.229436 0.33853 0.447623 0.547619 0.647615 0.738519 0.829423 0.914712 1 
0 0.114718 0.226624 0.33853 0.443074 0.547619 0.643069 0.738519 0.826615 0.914712 1 
0 0.113312 0.226624 0.334849 0.443074 0.543071 0.643069 0.734842 0.826615 0.913308 1 
0 0.113312 0.22408 0.334849 0.43896 0.543071 0.638957 0.734842 0.824075 0.913308 1 
0 0.11204 0.22408 0.33152 0.43896 0.538958 0.638957 0.731516 0.824075 0.912037 1 
0 0.11204 0.22178 0.33152 0.435239 0.538958 0.635237 0.731516 0.821777 0.912037 1 
0 0.11089 0.22178 0.32851 0.435239 0.535238 0.635237 0.728507 0.821777 0.910888 1 
0 0.11089 0.2197 0.32851 0.431874 0.535238 0.631873 0.728507 0.819698 0.910888 1 
0 0.10985 0.2197 0.325787 0.431874 0.531873 0.631873 0.725785 0.819698 0.909849 1 
0 0.10985 0.217819 0.325787 0.42883 0.531873 0.628829 0.725785 0.817817 0.909849 1 
0 0.108909 0.217819 0.323324 0.42883 0.52883 0.628829 0.723323 0.817817 0.908908 1 
0 0.108909 0.216117 0.323324 0.426077 0.52883 0.626076 0.723323 0.816116 0.908908 1 
0 0.108058 0.216117 0.321097 0.426077 0.526077 0.626076 0.721096 0.816116 0.908058 1 
0 0.108058 0.214578 0.321097 0.423587 0.526077 0.623586 0.721096 0.814577 0.908058 1 
0 0.107289 0.214578 0.319082 0.423587 0.523587 0.623586 0.719082 0.814577 0.907288 1 
0 0.107289 0.213186 0.319082 0.421334 0.523587 0.621334 0.719082 0.813185 0.907288 1 
0 0.106593 0.213186 0.31726 0.421334 0.521334 0.621334 0.71726 0.813185 0.906593 1 
0 0.106593 0.211926 0.31726 0.419297 0.521334 0.619297 0.71726 0.811926 0.906593 1 
0 0.105963 0.211926 0.315612 0.419297 0.519297 0.619297 0.715612 0.811926 0.905963 1 
0 0.105963 0.210787 0.315612 0.417454 0.519297 0.617454 0.715612 0.810787 0.905963 1 
0 0.105394 0.210787 0.314121 0.417454 0.517454 0.617454 0.714121 0.810787 0.905394 1 
0 0.105394 0.209757 0.314121 0.415788 0.517454 0.615788 0.714121 0.809757 0.905394 1 
0 0.104879 0.209757 0.312772 0.415788 0.515788 0.615788 0.712772 0.809757 0.904879 1 
0 0.104879 0.208826 0.312772 0.41428 0.515788 0.61428 0.712772 0.808825 0.904879 1 
0 0.104413 0.208826 0.311553 0.41428 0.51428 0.61428 0.711553 0.808825 0.904413 1 
0 0.104413 0.207983 0.311553 0.412916 0.51428 0.612916 0.711553 0.807983 0.904413 1 
0 0.103991 0.207983 0.31045 0.412916 0.512916 0.612916 0.71045 0.807983 0.903991 1 
0 0.103991 0.20722 0.31045 0.411683 0.512916 0.611683 0.71045 0.80722 0.903991 1 
0 0.10361 0.20722 0.309452 0.411683 0.511683 0.611683 0.709452 0.80722 0.90361 1 
0 0.10361 0.206531 0.309452 0.410567 0.511683 0.610567 0.709452 0.806531 0.90361 1 
0 0.103265 0.206531 0.308549 0.410567 0.510567 0.610567 0.708549 0.806531 0.903265 1 
0 0.103265 0.205907 0.308549 0.409558 0.510567 0.609558 0.708549 0.805907 0.903265 1 
0 0.102954 0.205907 0.307733 0.409558 0.509558 0.609558 0.707733 0.805907 0.902954 1 
0 0.102954 0.205343 0.307733 0.408646 0.509558 0.608646 0.707733 0.805343 0.902954 1 
0 0.102672 0.205343 0.306994 0.408646 0.508646 0.608646 0.706994 0.805343 0.902672 1 
0 0.102672 0.204833 0.306994 0.40782 0.508646 0.60782 0.706994 0.804833 0.902672 1 
0 0.102417 0.204833 0.306326 0.40782 0.50782 0.60782 0.706326 0.804833 0.902416 1 
0 0.102417 0.204371 0.306326 0.407073 0.50782 0.607073 0.706326 0.804371 0.902416 1 
0 0.102186 0.204371 0.305722 0.407073 0.507073 0.607073 0.705722 0.804371 0.902186 1 
0 0.102186 0.203954 0.305722 0.406398 0.507073 0.606398 0.705722 0.803954 0.902186 1 
0 0.101977 0.203954 0.305176 0.406398 0.506398 0.606398 0.705176 0.803954 0.901977 1 
0 0.101977 0.203576 0.305176 0.405787 0.506398 0.605787 0.705176 0.803576 0.901977 1 
0 0.101788 0.203576 0.304682 0.405787 0.505787 0.605787 0.704682 0.803576 0.901788 1 
0 0.101788 0.203235 0.304682 0.405234 0.505787 0.605234 0.704682 0.803235 0.901788 1 
0 0.101617 0.203235 0.304235 0.405234 0.505234 0.605234 0.704235 0.803235 0.901617 1 
0 0.101617 0.202926 0.304235 0.404734 0.505234 0.604734 0.704235 0.802926 0.901617 1 
0 0.101463 0.202926 0.30383 0.404734 0.504734 0.604734 0.70383 0.802926 0.901463 1 
0 0.101463 0.202647 0.30383 0.404282 0.504734 0.604282 0.70383 0.802647 0.901463 1 
0 0.101323 0.202647 0.303464 0.404282 0.504282 0.604282 0.703464 0.802647 0.901323 1 
0 0.101323 0.202394 0.303464 0.403873 0.504282 0.603873 0.703464 0.802394 0.901323 1 
0 0.101197 0.202394 0.303134 0.403873 0.503873 0.603873 0.703134 0.802394 0.901197 1 
0 0.101197 0.202165 0.303134 0.403504 0.503873 0.603504 0.703134 0.802165 0.901197 1 
0 0.101083 0.202165 0.302834 0.403504 0.503504 0.603504 0.702834 0.802165 0.901083 1 
0 0.101083 0.201959 0.302834 0.403169 0.503504 0.603169 0.702834 0.801959 0.901083 1 
0 0.100979 0.201959 0.302564 0.403169 0.503169 0.603169 0.702564 0.801959 0.900979 1 
0 0.100979 0.201772 0.302564 0.402866 0.503169 0.602866 0.702564 0.801772 0.900979 1 
0 0.100886 0.201772 0.302319 0.402866 0.502866 0.602866 0.702319 0.801772 0.900886 1 
0 0.100886 0.201602 0.302319 0.402593 0.502866 0.602593 0.702319 0.801602 0.900886 1 
0 0.100801 0.201602 0.302097 0.402593 0.502593 0.602593 0.702097 0.801602 0.900801 1 
0 0.100801 0.201449 0.302097 0.402345 0.502593 0.602345 0.702097 0.801449 0.900801 1 
0 0.100725 0.201449 0.301897 0.402345 0.502345 0.602345 0.701897 0.801449 0.900725 1 
0 0.100725 0.201311 0.301897 0.402121 0.502345 0.602121 0.701897 0.801311 0.900725 1 
0 0.100655 0.201311 0.301716 0.402121 0.502121 0.602121 0.701716 0.801311 0.900655 1 
0 0.100655 0.201186 0.301716 0.401919 0.502121 0.601919 0.701716 0.801186 0.900655 1 
0 0.100593 0.201186 0.301552 0.401919 0.501919 0.601919 0.701552 0.801186 0.900593 1 
0 0.100593 0.201073 0.301552 0.401735 0.501919 0.601735 0.701552 0.801073 0.900593 1 
0 0.100536 0.201073 0.301404 0.401735 0.501735 0.601735 0.701404 0.801073 0.900536 1 
0 0.100536 0.20097 0.301404 0.40157 0.501735 0.60157 0.701404 0.80097 0.900536 1 
0 0.100485 0.20097 0.30127 0.40157 0.50157 0.60157 0.70127 0.80097 0.900485 1 
0 0.100485 0.200877 0.30127 0.40142 0.50157 0.60142 0.70127 0.800877 0.900485 1 
0 0.100439 0.200877 0.301149 0.40142 0.50142 0.60142 0.701149 0.800877 0.900439 1 
0 0.100439 0.200794 0.301149 0.401284 0.50142 0.601284 0.701149 0.800794 0.900439 1 
0 0.100397 0.200794 0.301039 0.401284 0.501284 0.601284 0.701039 0.800794 0.900397 1 
0 0.100397 0.200718 0.301039 0.401162 0.501284 0.601162 0.701039 0.800718 0.900397 1 
0 0.100359 0.200718 0.30094 0.401162 0.501162 0.601162 0.70094 0.800718 0.900359 1 
0 0.100359 0.200649 0.30094 0.401051 0.501162 0.601051 0.70094 0.800649 0.900359 1 
0 0.100325 0.200649 0.30085 0.401051 0.501051 0.601051 0.70085 0.800649 0.900325 1 
0 0.100325 0.200587 0.30085 0.40095 0.501051 0.60095 0.70085 0.800587 0.900325 1 
0 0.100294 0.200587 0.300769 0.40095 0.50095 0.60095 0.700769 0.800587 0.900294 1 
0 0.100294 0.200531 0.300769 0.40086 0.50095 0.60086 0.700769 0.800531 0.900294 1 
0 0.100266 0.200531 0.300695 0.40086 0.50086 0.60086 0.700695 0.800531 0.900266 1 
0 0.100266 0.200481 0.300695 0.400777 0.50086 0.600777 0.700695 0.800481 0.900266 1 
0 0.10024 0.200481 0.300629 0.400777 0.500777 0.600777 0.700629 0.800481 0.90024 1 
0 0.10024 0.200435 0.300629 0.400703 0.500777 0.600703 0.700629 0.800435 0.90024 1 
0 0.100217 0.200435 0.300569 0.400703 0.500703 0.600703 0.700569 0.800435 0.900217 1 
0 0.100217 0.200393 0.300569 0.400636 0.500703 0.600636 0.700569 0.800393 0.900217 1 
0 0.100197 0.200393 0.300515 0.400636 0.500636 0.600636 0.700515 0.800393 0.900197 1 
0 0.100197 0.200356 0.300515 0.400575 0.500636 0.600575 0.700515 0.800356 0.900197 1 
0 0.100178 0.200356 0.300465 0.400575 0.500575 0.600575 0.700465 0.800356 0.900178 1 
0 0.100178 0.200322 0.300465 0.40052 0.500575 0.60052 0.700465 0.800322 0.900178 1 
0 0.100161 0.200322 0.300421 0.40052 0.50052 0.60052 0.700421 0.800322 0.900161 1 
0 0.100161 0.200291 0.300421 0.400471 0.50052 0.600471 0.700421 0.800291 0.900161 1 
0 0.100145 0.200291 0.300381 0.400471 0.500471 0.600471 0.700381 0.800291 0.900145 1 
0 0.100145 0.200263 0.300381 0.400426 0.500471 0.600426 0.700381 0.800263 0.900145 1 
0 0.100132 0.200263 0.300344 0.400426 0.500426 0.600426 0.700344 0.800263 0.900132 1 
0 0.100132 0.200238 0.300344 0.400385 0.500426 0.600385 0.700344 0.800238 0.900132 1 
0 0.100119 0.200238 0.300312 0.400385 0.500385 0.600385 0.700312 0.800238 0.900119 1 
0 0.100119 0.200215 0.300312 0.400348 0.500385 0.600348 0.700312 0.800215 0.900119 1 
0 0.100108 0.200215 0.300282 0.400348 0.500348 0.600348 0.700282 0.800215 0.900108 1 
0 0.100108 0.200195 0.300282 0.400315 0.500348 0.600315 0.700282 0.800195 0.900108 1 
0 0.100097 0.200195 0.300255 0.400315 0.500315 0.600315 0.700255 0.800195 0.900097 1 
0 0.100097 0.200176 0.300255 0.400285 0.500315 0.600285 0.700255 0.800176 0.900097 1 
0 0.100088 0.200176 0.300231 0.400285 0.500285 0.600285 0.700231 0.800176 0.900088 1 
0 0.100088 0.200159 0.300231 0.400258 0.500285 0.600258 0.700231 0.800159 0.900088 1 
0 0.10008 0.200159 0.300209 0.400258 0.500258 0.600258 0.700209 0.800159 0.90008 1 
0 0.10008 0.200144 0.300209 0.400233 0.500258 0.600233 0.700209 0.800144 0.90008 1 
0 0.100072 0.200144 0.300189 0.400233 0.500233 0.600233 0.700189 0.800144 0.900072 1 
0 0.100072 0.20013 0.300189 0.400211 0.500233 0.600211 0.700189 0.80013 0.900072 1 
0 0.100065 0.20013 0.300171 0.400211 0.500211 0.600211 0.700171 0.80013 0.900065 1 
0 0.100065 0.200118 0.300171 0.400191 0.500211 0.600191 0.700171 0.800118 0.900065 1 
0 0.100059 0.200118 0.300154 0.400191 0.500191 0.600191 0.700154 0.800118 0.900059 1 
0 0.100059 0.200107 0.300154 0.400173 0.500191 0.600173 0.700154 0.800107 0.900059 1 
0 0.100053 0.200107 0.30014 0.400173 0.500173 0.600173 0.70014 0.800107 0.900053 1 
0 0.100053 0.200096 0.30014 0.400156 0.500173 0.600156 0.70014 0.800096 0.900053 1 
0 0.100048 0.200096 0.300126 0.400156 0.500156 0.600156 0.700126 0.800096 0.900048 1 
0 0.100048 0.200087 0.300126 0.400141 0.500156 0.600141 0.700126 0.800087 0.900048 1 
0 0.100044 0.200087 0.300114 0.400141 0.500141 0.600141 0.700114 0.800087 0.900044 1 
0 0.100044 0.200079 0.300114 0.400128 0.500141 0.600128 0.700114 0.800079 0.900044 1 
0 0.100039 0.200079 0.300103 0.400128 0.500128 0.600128 0.700103 0.800079 0.900039 1 
0 0.100039 0.200071 0.300103 0.400115 0.500128 0.600115 0.700103 0.800071 0.900039 1 
0 0.100036 0.200071 0.300093 0.400115 0.500115 0.600115 0.700093 0.800071 0.900036 1 
0 0.100036 0.200065 0.300093 0.400104 0.500115 0.600104 0.700093 0.800065 0.900036 1 
0 0.100032 0.200065 0.300085 0.400104 0.500104 0.600104 0.700085 0.800065 0.900032 1 
0 0.100032 0.200058 0.300085 0.400094 0.500104 0.600094 0.700085 0.800058 0.900032 1 
0 0.100029 0.200058 0.300076 0.400094 0.500094 0.600094 0.700076 0.800058 0.900029 1 
0 0.100029 0.200053 0.300076 0.400085 0.500094 0.600085 0.700076 0.800053 0.900029 1 
0 0.100026 0.200053 0.300069 0.400085 0.500085 0.600085 0.700069 0.800053 0.900026 1 
0 0.100026 0.200048 0.300069 0.400077 0.500085 0.600077 0.700069 0.800048 0.900026 1 
0 0.100024 0.200048 0.300063 0.400077 0.500077 0.600077 0.700063 0.800048 0.900024 1 
0 0.100024 0.200043 0.300063 0.40007 0.500077 0.60007 0.700063 0.800043 0.900024 1 
0 0.100022 0.200043 0.300057 0.40007 0.50007 0.60007 0.700057 0.800043 0.900022 1 
0 0.100022 0.200039 0.300057 0.400063 0.50007 0.600063 0.700057 0.800039 0.900022 1 
0 0.10002 0.200039 0.300051 0.400063 0.500063 0.600063 0.700051 0.800039 0.90002 1 
0 0.10002 0.200035 0.300051 0.400057 0.500063 0.600057 0.700051 0.800035 0.90002 1 
0 0.100018 0.200035 0.300046 0.400057 0.500057 0.600057 0.700046 0.800035 0.900018 1 
0 0.100018 0.200032 0.300046 0.400052 0.500057 0.600052 0.700046 0.800032 0.900018 1 
0 0.100016 0.200032 0.300042 0.400052 0.500052 0.600052 0.700042 0.800032 0.900016 1 
0 0.100016 0.200029 0.300042 0.400047 0.500052 0.600047 0.700042 0.800029 0.900016 1 
0 0.100014 0.200029 0.300038 0.400047 0.500047 0.600047 0.700038 0.800029 0.900014 1 
0 0.100014 0.200026 0.300038 0.400042 0.500047 0.600042 0.700038 0.800026 0.900014 1 
0 0.100013 0.200026 0.300034 0.400042 0.500042 0.600042 0.700034 0.800026 0.900013 1 
0 0.100013 0.200024 0.300034 0.400038 0.500042 0.600038 0.700034 0.800024 0.900013 1 
0 0.100012 0.200024 0.300031 0.400038 0.500038 0.600038 0.700031 0.800024 0.900012 1 
0 0.100012 0.200021 0.300031 0.400035 0.500038 0.600035 0.700031 0.800021 0.900012 1 
0 0.100011 0.200021 0.300028 0.400035 0.500035 0.600035 0.700028 0.800021 0.900011 1 
0 0.100011 0.200019 0.300028 0.400031 0.500035 0.600031 0.700028 0.800019 0.900011 1 
0 0.10001 0.200019 0.300025 0.400031 0.500031 0.600031 0.700025 0.800019 0.90001 1 
0 0.10001 0.200018 0.300025 0.400028 0.500031 0.600028 0.700025 0.800018 0.90001 1 
0 0.100009 0.200018 0.300023 0.400028 0.500028 0.600028 0.700023 0.800018 0.900009 1 
0 0.100009 0.200016 0.300023 0.400026 0.500028 0.600026 0.700023 0.800016 0.900009 1 
0 0.100008 0.200016 0.300021 0.400026 0.500026 0.600026 0.700021 0.800016 0.900008 1 
0 0.100008 0.200014 0.300021 0.400023 0.500026 0.600023 0.700021 0.800014 0.900008 1 
0 0.100007 0.200014 0.300019 0.400023 0.500023 0.600023 0.700019 0.800014 0.900007 1 
0 0.100007 0.200013 0.300019 0.400021 0.500023 0.600021 0.700019 0.800013 0.900007 1 
0 0.100006 0.200013 0.300017 0.400021 0.500021 0.600021 0.700017 0.800013 0.900006 1 
0 0.100006 0.200012 0.300017 0.400019 0.500021 0.600019 0.700017 0.800012 0.900006 1 
0 0.100006 0.200012 0.300015 0.400019 0.500019 0.600019 0.700015 0.800012 0.900006 1 
0 0.100006 0.200011 0.300015 0.400017 0.500019 0.600017 0.700015 0.800011 0.900006 1 
0 0.100005 0.200011 0.300014 0.400017 0.500017 0.600017 0.700014 0.800011 0.900005 1 
0 0.100005 0.20001 0.300014 0.400016 0.500017 0.600016 0.700014 0.80001 0.900005 1 
0 0.100005 0.20001 0.300013 0.400016 0.500016 0.600016 0.700013 0.80001 0.900005 1 
0 0.100005 0.200009 0.300013 0.400014 0.500016 0.600014 0.700013 0.800009 0.900005 1 
0 0.100004 0.200009 0.300011 0.400014 0.500014 0.600014 0.700011 0.800009 0.900004 1 
0 0.100004 0.200008 0.300011 0.400013 0.500014 0.600013 0.700011 0.800008 0.900004 1 
0 0.100004 0.200008 0.30001 0.400013 0.500013 0.600013 0.70001 0.800008 0.900004 1 
0 0.100004 0.200007 0.30001 0.400011 0.500013 0.600011 0.70001 0.800007 0.900004 1 
0 0.100004 0.200007 0.300009 0.400011 0.500011 0.600011 0.700009 0.800007 0.900004 1 
0 0.100004 0.200006 0.300009 0.40001 0.500011 0.60001 0.700009 0.800006 0.900004 1 
0 0.100003 0.200006 0.300008 0.40001 0.50001 0.60001 0.700008 0.800006 0.900003 1 
0 0.100003 0.200006 0.300008 0.400009 0.50001 0.600009 0.700008 0.800006 0.900003 1 
0 0.100003 0.200006 0.300008 0.400009 0.500009 0.600009 0.700008 0.800006 0.900003 1 
0 0.100003 0.200005 0.300008 0.400008 0.500009 0.600008 0.700008 0.800005 0.900003 1 
0 0.100003 0.200005 0.300007 0.400008 0.500008 0.600008 0.700007 0.800005 0.900003 1 
0 0.100003 0.200005 0.300007 0.400008 0.500008 0.600008 0.700007 0.800005 0.900003 1 
0 0.100002 0.200005 0.300006 0.400008 0.500008 0.600008 0.700006 0.800005 0.900002 1 
0 0.100002 0.200004 0.300006 0.400007 0.500008 0.600007 0.700006 0.800004 0.900002 1 
0 0.100002 0.200004 0.300006 0.400007 0.500007 0.600007 0.700006 0.800004 0.900002 1 
0 0.100002 0.200004 0.300006 0.400006 0.500007 0.600006 0.700006 0.800004 0.900002 1 
0 0.100002 0.200004 0.300005 0.400006 0.500006 0.600006 0.700005 0.800004 0.900002 1 
0 0.100002 0.200004 0.300005 0.400006 0.500006 0.600006 0.700005 0.800004 0.900002 1 
0 0.100002 0.200004 0.300005 0.400006 0.500006 0.600006 0.700005 0.800004 0.900002 1 
0 0.100002 0.200003 0.300005 0.400005 0.500006 0.600005 0.700005 0.800003 0.900002 1 
0 0.100002 0.200003 0.300004 0.400005 0.500005 0.600005 0.700004 0.800003 0.900002 1 
0 0.100002 0.200003 0.300004 0.400005 0.500005 0.600005 0.700004 0.800003 0.900002 1 
0 0.100001 0.200003 0.300004 0.400005 0.500005 0.600005 0.700004 0.800003 0.900001 1 
0 0.100001 0.200003 0.300004 0.400004 0.500005 0.600004 0.700004 0.800003 0.900001 1 
0 0.100001 0.200003 0.300003 0.400004 0.500004 0.600004 0.700003 0.800003 0.900001 1 
0 0.100001 0.200002 0.300003 0.400004 0.500004 0.600004 0.700003 0.800002 0.900001 1 
0 0.100001 0.200002 0.300003 0.400004 0.500004 0.600004 0.700003 0.800002 0.900001 1 
0 0.100001 0.200002 0.300003 0.400003 0.500004 0.600003 0.700003 0.800002 0.900001 1 
0 0.100001 0.200002 0.300003 0.400003 0.500003 0.600003 0.700003 0.800002 0.900001 1 
0 0.100001 0.200002 0.300003 0.400003 0.500003 0.600003 0.700003 0.800002 0.900001 1 
0 0.100001 0.200002 0.300003 0.400003 0.500003 0.600003 0.700003 0.800002 0.900001 1 
0 0.100001 0.200002 0.300003 0.400003 0.500003 0.600003 0.700003 0.800002 0.900001 1 
