0 0 0 0 0 0 0 0 0 0 0 0 0 0 0 0 0 0 0 0 0 0.5 1 1 1 1 1 1 1 1 1 1 1 1 1 1 1 1 1 1 1 1 1 
0 -1.18755e-18 9.54811e-18 -7.79654e-17 6.36479e-16 -5.19599e-15 4.24182e-14 -3.46287e-13 2.82696e-12 -2.30783e-11 1.88403e-10 -1.53805e-09 1.25561e-08 -1.02503e-07 8.36801e-07 -6.83134e-06 5.57686e-05 -0.000455275 0.0037167 -0.0303418 -0.00330459 0.5 1.0033 1.03034 0.996283 1.00046 0.999944 1.00001 0.999999 1 1 1 1 1 1 1 1 1 1 1 1 1 1 
1.18755e-18 8.14721e-17 -6.71732e-16 5.12853e-15 -3.90227e-14 2.95336e-13 -2.22137e-12 1.65863e-11 -1.22766e-10 8.99035e-10 -6.49708e-09 4.61634e-08 -3.20725e-07 2.16e-06 -1.38923e-05 8.28686e-05 -0.000427224 0.00145091 0.0048079 -0.0460841 -0.0195078 0.5 1.01951 1.04608 0.995192 0.998549 1.00043 0.999917 1.00001 0.999998 1 1 1 1 1 1 1 1 1 1 1 1 1 
-8.14721e-17 -2.23328e-15 1.91171e-14 -1.34277e-13 9.34918e-13 -6.41916e-12 4.33478e-11 -2.86869e-10 1.85138e-09 -1.15709e-08 6.93016e-08 -3.91109e-07 2.01813e-06 -8.93395e-06 2.80949e-05 1.58087e-07 -0.000758964 0.00327649 0.00688015 -0.0549157 -0.0379838 0.5 1.03798 1.05492 0.99312 0.996724 1.00076 1 0.999972 1.00001 0.999998 1 1 1 1 1 1 1 1 1 1 1 1 
2.23328e-15 3.07175e-14 -2.79508e-13 1.76152e-12 -1.0894e-11 6.54049e-11 -3.78427e-10 2.0874e-09 -1.07934e-08 5.08234e-08 -2.05576e-07 6.08245e-07 -3.23796e-07 -1.09923e-05 7.78049e-05 -0.000142625 -0.00109305 0.00470684 0.00982481 -0.0592838 -0.0548259 0.5 1.05483 1.05928 0.990175 0.995293 1.00109 1.00014 0.999922 1.00001 1 0.999999 1 1 1 1 1 1 1 1 1 1 1 
-3.07175e-14 -2.13038e-13 2.17692e-12 -1.17658e-11 6.09487e-11 -2.95142e-10 1.29914e-09 -4.91425e-09 1.3715e-08 -8.40338e-09 -2.10053e-07 1.58442e-06 -5.35589e-06 -5.16503e-06 0.000129802 -0.000286832 -0.00149908 0.00568216 0.0130888 -0.0605977 -0.0684478 0.5 1.06845 1.0606 0.986911 0.994318 1.0015 1.00029 0.99987 1.00001 1.00001 0.999998 1 1 1 1 1 1 1 1 1 1 1 
2.13038e-13 5.7745e-13 -8.09965e-12 3.34089e-11 -1.19474e-10 3.13471e-10 -1.53754e-10 -4.69596e-09 3.5081e-08 -1.36547e-07 1.27801e-07 2.03564e-06 -1.17321e-05 4.0517e-06 0.000187646 -0.00040329 -0.00196959 0.00621334 0.0161944 -0.0599495 -0.0784153 0.5 1.07842 1.05995 0.983806 0.993787 1.00197 1.0004 0.999812 0.999996 1.00001 0.999998 1 1 1 1 1 1 1 1 1 1 1 
-5.7745e-13 5.54538e-13 7.11042e-12 -1.52025e-12 -1.1568e-10 8.27746e-10 -3.37538e-09 5.8632e-09 2.92092e-08 -2.68995e-07 7.22912e-07 2.0692e-06 -1.91111e-05 1.29006e-05 0.000252616 -0.000476863 -0.0024636 0.00635727 0.0188289 -0.0582204 -0.0849496 0.5 1.08495 1.05822 0.981171 0.993643 1.00246 1.00048 0.999747 0.999987 1.00002 0.999998 0.999999 1 1 1 1 1 1 1 1 1 1 
-5.54538e-13 -3.17738e-12 2.17679e-11 -8.4092e-11 1.7946e-10 4.13266e-10 -5.68713e-09 2.30261e-08 -7.594e-09 -3.84019e-07 1.50682e-06 1.97487e-06 -2.74128e-05 1.86757e-05 0.000322388 -0.000502065 -0.00293341 0.00620099 0.0208387 -0.056079 -0.088622 0.5 1.08862 1.05608 0.979161 0.993799 1.00293 1.0005 0.999678 0.999981 1.00003 0.999998 0.999998 1 1 1 1 1 1 1 1 1 1 
3.17738e-12 -5.68345e-12 4.83815e-12 -1.21563e-10 6.01474e-10 -1.05201e-09 -5.57264e-09 4.342e-08 -7.15476e-08 -4.90275e-07 2.43812e-06 2.05298e-06 -3.64193e-05 1.96775e-05 0.000392281 -0.000481269 -0.003339 0.00584436 0.0221962 -0.0539844 -0.0901408 0.5 1.09014 1.05398 0.977804 0.994156 1.00334 1.00048 0.999608 0.99998 1.00004 0.999998 0.999998 1 1 1 1 1 1 1 1 1 1 
5.68345e-12 7.51672e-13 -4.50281e-11 -5.7439e-11 9.59019e-10 -3.38597e-09 -2.62169e-09 6.59466e-08 -1.57521e-07 -6.10043e-07 3.47828e-06 2.54855e-06 -4.5682e-05 1.52004e-05 0.000456877 -0.000422804 -0.00365451 0.00538438 0.0229621 -0.0522094 -0.0902068 0.5 1.09021 1.05221 0.977038 0.994616 1.00365 1.00042 0.999543 0.999985 1.00005 0.999997 0.999997 1 1 1 1 1 1 1 1 1 1 
-7.51672e-13 1.95766e-11 -1.07855e-10 1.2453e-10 1.13248e-09 -6.42081e-09 2.96808e-09 9.1383e-08 -2.59962e-07 -7.68103e-07 4.57473e-06 3.61844e-06 -5.45857e-05 5.47198e-06 0.000511368 -0.000338617 -0.00386971 0.0049038 0.0232482 -0.0508785 -0.0894266 0.5 1.08943 1.05088 0.976752 0.995096 1.00387 1.00034 0.999489 0.999995 1.00005 0.999996 0.999995 1 1 1 1 1 1 1 1 1 1 
-1.95766e-11 4.80089e-11 -1.60527e-10 4.24376e-10 1.08003e-09 -1.01124e-08 1.06828e-08 1.21477e-07 -3.72192e-07 -9.84696e-07 5.65726e-06 5.31471e-06 -6.24737e-05 -8.50844e-06 0.000552433 -0.00024187 -0.00398816 0.00446465 0.0231879 -0.0500091 -0.0882732 0.5 1.08827 1.05001 0.976812 0.995535 1.00399 1.00024 0.999448 1.00001 1.00006 0.999995 0.999994 1 1 1 1 1 1 1 1 1 1 
-4.80089e-11 7.92412e-11 -1.88146e-10 8.42529e-10 8.20223e-10 -1.45282e-08 1.97826e-08 1.58097e-07 -4.85895e-07 -1.27098e-06 6.64494e-06 7.58358e-06 -6.87759e-05 -2.52203e-05 0.000578634 -0.000144864 -0.00402371 0.0041063 0.0229124 -0.0495508 -0.0870783 0.5 1.08708 1.04955 0.977088 0.995894 1.00402 1.00014 0.999421 1.00003 1.00007 0.999992 0.999993 1 1 1 1 1 1 1 1 1 1 
-7.92412e-11 1.05884e-10 -1.87093e-10 1.38431e-09 4.16987e-10 -1.97866e-08 2.93177e-08 2.02547e-07 -5.91364e-07 -1.62659e-06 7.4583e-06 1.02805e-05 -7.31071e-05 -4.29153e-05 0.000590387 -5.75413e-05 -0.00399626 0.00384695 0.0225353 -0.0494167 -0.0860455 0.5 1.08605 1.04942 0.977465 0.996153 1.004 1.00006 0.99941 1.00004 1.00007 0.99999 0.999993 1 1 1 1 1 1 1 1 1 1 
-1.05884e-10 1.22697e-10 -1.63257e-10 2.05718e-09 -3.04755e-11 -2.59854e-08 3.81608e-08 2.55085e-07 -6.78475e-07 -2.03936e-06 8.03244e-06 1.31981e-05 -7.53199e-05 -5.98999e-05 0.000589633 1.33319e-05 -0.00392777 0.0036874 0.0221449 -0.0495082 -0.0852743 0.5 1.08527 1.04951 0.977855 0.996313 1.00393 0.999987 0.99941 1.00006 1.00008 0.999987 0.999992 1 1 1 1 1 1 1 1 1 1 
-1.22697e-10 1.27985e-10 -1.28597e-10 2.86536e-09 -3.96708e-10 -3.31394e-08 4.50938e-08 3.14673e-07 -7.38074e-07 -2.487e-06 8.32766e-06 1.61017e-05 -7.55098e-05 -7.47636e-05 0.00057933 6.43538e-05 -0.00383901 0.003616 0.0218007 -0.0497315 -0.0847873 0.5 1.08479 1.04973 0.978199 0.996384 1.00384 0.999936 0.999421 1.00007 1.00008 0.999984 0.999992 1 1 1 1 1 1 1 1 1 1 
-1.27985e-10 1.23797e-10 -9.78117e-11 3.80447e-09 -5.41548e-10 -4.11355e-08 4.89467e-08 3.78975e-07 -7.63392e-07 -2.94053e-06 8.33526e-06 1.87654e-05 -7.39802e-05 -8.65268e-05 0.000562891 9.51694e-05 -0.00374726 0.0036137 0.0215357 -0.0500082 -0.0845564 0.5 1.08456 1.05001 0.978464 0.996386 1.00375 0.999905 0.999437 1.00009 1.00007 0.999981 0.999992 1 1 1 1 1 1 1 1 1 1 
-1.23797e-10 1.15331e-10 -8.56953e-11 4.85744e-09 -3.25476e-10 -4.97149e-08 4.87626e-08 4.44603e-07 -7.5116e-07 -3.36859e-06 8.07801e-06 2.10026e-05 -7.11788e-05 -9.47007e-05 0.000543673 0.000107819 -0.0036652 0.00365862 0.0213611 -0.0502797 -0.0845262 0.5 1.08453 1.05028 0.978639 0.996341 1.00367 0.999892 0.999456 1.00009 1.00007 0.999979 0.999992 1 1 1 1 1 1 1 1 1 1 
-1.15331e-10 1.09921e-10 -1.0517e-10 5.99246e-09 3.72129e-10 -5.84828e-08 4.39525e-08 5.07546e-07 -7.02179e-07 -3.74197e-06 7.60554e-06 2.26873e-05 -6.76225e-05 -9.92684e-05 0.000524577 0.000105923 -0.00360053 0.00372965 0.0212716 -0.0505086 -0.0846314 0.5 1.08463 1.05051 0.978728 0.99627 1.0036 0.999894 0.999475 1.0001 1.00007 0.999977 0.999992 1 1 0.999999 1 1 1 1 1 1 1 
-1.09921e-10 1.15843e-10 -1.65818e-10 7.16336e-09 1.63439e-09 -6.69452e-08 3.44072e-08 5.63717e-07 -6.21244e-07 -4.03752e-06 6.98607e-06 2.37643e-05 -6.38232e-05 -0.000100604 0.000507795 9.38585e-05 -0.00355647 0.00380886 0.0212519 -0.0506762 -0.0848099 0.5 1.08481 1.05068 0.978748 0.996191 1.00356 0.999906 0.999492 1.0001 1.00006 0.999976 0.999993 1 1 0.999999 1 1 1 1 1 1 1 
-1.15843e-10 1.41116e-10 -2.72792e-10 8.31241e-09 3.49126e-09 -7.45668e-08 2.05416e-08 6.09511e-07 -5.16465e-07 -4.24088e-06 6.29621e-06 2.42475e-05 -6.02266e-05 -9.93532e-05 0.000494704 7.60392e-05 -0.00353261 0.00388288 0.0212821 -0.0507788 -0.0850102 0.5 1.08501 1.05078 0.978718 0.996117 1.00353 0.999924 0.999505 1.0001 1.00006 0.999976 0.999994 1 1 0.999999 1 1 1 1 1 1 1 
-1.41116e-10 1.92375e-10 -4.26105e-10 9.37562e-09 5.91e-09 -8.0838e-08 3.26034e-09 6.42281e-07 -3.98124e-07 -4.34778e-06 5.61072e-06 2.42093e-05 -5.71699e-05 -9.63069e-05 0.000485892 5.63659e-05 -0.00352604 0.00394319 0.0213416 -0.0508229 -0.0851953 0.5 1.0852 1.05082 0.978658 0.996057 1.00353 0.999944 0.999514 1.0001 1.00006 0.999976 0.999994 1 1 0.999999 1 1 1 1 1 1 1 
-1.92375e-10 2.73913e-10 -6.20404e-10 1.02895e-08 8.79389e-09 -8.53437e-08 -1.61481e-08 6.60667e-07 -2.77292e-07 -4.36373e-06 4.9937e-06 2.37635e-05 -5.48615e-05 -9.22736e-05 0.000481278 3.78832e-05 -0.00353244 0.00398577 0.0214125 -0.0508215 -0.0853429 0.5 1.08534 1.05082 0.978588 0.996014 1.00353 0.999962 0.999519 1.00009 1.00005 0.999976 0.999995 1 1 0.999999 1 1 1 1 1 1 1 
-2.73913e-10 3.86984e-10 -8.45326e-10 1.09983e-08 1.19901e-08 -8.78178e-08 -3.61716e-08 6.64728e-07 -1.64438e-07 -4.30254e-06 4.49246e-06 2.30458e-05 -5.33814e-05 -8.7982e-05 0.000480288 2.26308e-05 -0.00354706 0.00401023 0.021481 -0.0507895 -0.0854436 0.5 1.08544 1.05079 0.978519 0.99599 1.00355 0.999977 0.99952 1.00009 1.00005 0.999977 0.999996 1 1 0.999999 1 1 1 1 1 1 1 
-3.86984e-10 5.29445e-10 -1.08648e-09 1.14613e-08 1.53055e-08 -8.81793e-08 -5.52624e-08 6.55872e-07 -6.82312e-08 -4.18373e-06 4.13432e-06 2.21941e-05 -5.26976e-05 -8.40118e-05 0.000482051 1.16613e-05 -0.00356544 0.00401877 0.0215382 -0.0507414 -0.0854979 0.5 1.0855 1.05074 0.978462 0.995981 1.00357 0.999988 0.999518 1.00008 1.00005 0.999978 0.999996 1 1 0.999999 1 1 1 1 1 1 1 
-5.29445e-10 6.9581e-10 -1.32702e-09 1.16578e-08 1.85287e-08 -8.65417e-08 -7.20221e-08 6.36609e-07 5.29514e-09 -4.0297e-06 3.92659e-06 2.13327e-05 -5.26934e-05 -8.07595e-05 0.000485583 5.17827e-06 -0.00358398 0.0040151 0.0215794 -0.0506893 -0.0855128 0.5 1.08551 1.05069 0.978421 0.995985 1.00358 0.999995 0.999514 1.00008 1.00005 0.999979 0.999996 1 1 0.999999 1 1 1 1 1 1 1 
-6.9581e-10 8.77715e-10 -1.54951e-09 1.15899e-08 2.14539e-08 -8.31974e-08 -8.53571e-08 6.10189e-07 5.31553e-08 -3.86275e-06 3.85903e-06 2.05602e-05 -5.31999e-05 -7.84339e-05 0.000489944 2.7449e-06 -0.0036001 0.00400345 0.0216038 -0.0506421 -0.0854989 0.5 1.0855 1.05064 0.978396 0.995997 1.0036 0.999997 0.99951 1.00008 1.00005 0.999979 0.999996 1 1 0.999999 1 1 1 1 1 1 1 
-8.77715e-10 1.06477e-09 -1.73806e-09 1.12821e-08 2.39046e-08 -7.85783e-08 -9.4585e-08 5.80163e-07 7.53812e-08 -3.70263e-06 3.90812e-06 1.99433e-05 -5.40282e-05 -7.70771e-05 0.000494342 3.5192e-06 -0.0036123 0.00398788 0.021613 -0.0506049 -0.0854675 0.5 1.08547 1.0506 0.978387 0.996012 1.00361 0.999996 0.999506 1.00008 1.00005 0.99998 0.999996 1 1 0.999999 1 1 1 1 1 1 1 
-1.06477e-09 1.24566e-09 -1.8801e-09 1.07792e-08 2.57522e-08 -7.3202e-08 -9.94802e-08 5.49966e-07 7.46187e-08 -3.56471e-06 4.04222e-06 1.95159e-05 -5.49963e-05 -7.66e-05 0.000498194 6.47647e-06 -0.00362007 0.00397173 0.0216105 -0.05058 -0.0854287 0.5 1.08543 1.05058 0.978389 0.996028 1.00362 0.999994 0.999502 1.00008 1.00005 0.99998 0.999996 1 1 0.999999 1 1 1 1 1 1 1 
-1.24566e-09 1.40942e-09 -1.96786e-09 1.01397e-08 2.69282e-08 -6.76103e-08 -1.00258e-07 5.22549e-07 5.54547e-08 -3.45899e-06 4.22682e-06 1.92818e-05 -5.59504e-05 -7.68273e-05 0.000501151 1.05946e-05 -0.00362366 0.00395745 0.0216003 -0.0505672 -0.0853904 0.5 1.08539 1.05057 0.9784 0.996043 1.00362 0.999989 0.999499 1.00008 1.00006 0.999981 0.999996 1 1 0.999999 1 1 1 1 1 1 1 
-1.40942e-09 1.54658e-09 -1.99906e-09 9.43018e-09 2.74282e-08 -6.23088e-08 -9.75046e-08 5.00121e-07 2.36024e-08 -3.38997e-06 4.42916e-06 1.92212e-05 -5.67764e-05 -7.75406e-05 0.000503073 1.49876e-05 -0.00362379 0.00394647 0.0215861 -0.0505645 -0.0853583 0.5 1.08536 1.05056 0.978414 0.996054 1.00362 0.999985 0.999497 1.00008 1.00006 0.999981 0.999996 1 1 0.999999 1 1 1 1 1 1 1 
-1.54658e-09 1.65021e-09 -1.97697e-09 8.717e-09 2.73079e-08 -5.7717e-08 -9.20747e-08 4.8401e-07 -1.49249e-08 -3.35711e-06 4.62169e-06 1.92984e-05 -5.74049e-05 -7.85178e-05 0.000503994 1.89846e-05 -0.00362147 0.00393935 0.0215712 -0.0505692 -0.0853349 0.5 1.08533 1.05057 0.978429 0.996061 1.00362 0.999981 0.999496 1.00008 1.00006 0.999981 0.999995 1 1 1 1 1 1 1 1 1 1 
-1.65021e-09 1.71653e-09 -1.90972e-09 8.05991e-09 2.66725e-08 -5.41329e-08 -8.49613e-08 4.74656e-07 -5.45447e-08 -3.35594e-06 4.78421e-06 1.94694e-05 -5.78085e-05 -7.95617e-05 0.000504072 2.21582e-05 -0.00361773 0.00393592 0.021558 -0.0505784 -0.0853211 0.5 1.08532 1.05058 0.978442 0.996064 1.00362 0.999978 0.999496 1.00008 1.00006 0.999981 0.999995 1 1 1 1 1 1 1 1 1 1 
-1.71653e-09 1.74521e-09 -1.80905e-09 7.50638e-09 2.56609e-08 -5.17159e-08 -7.71708e-08 4.71697e-07 -9.06612e-08 -3.37931e-06 4.90475e-06 1.96898e-05 -5.7995e-05 -8.05191e-05 0.00050353 2.43129e-05 -0.0036135 0.00393559 0.0215477 -0.0505894 -0.0853158 0.5 1.08532 1.05059 0.978452 0.996064 1.00361 0.999976 0.999496 1.00008 1.00006 0.99998 0.999995 1 1 1 1 1 1 1 1 1 1 
-1.74521e-09 1.73915e-09 -1.68871e-09 7.08802e-09 2.44277e-08 -5.04873e-08 -6.96119e-08 4.74152e-07 -1.20006e-07 -3.41881e-06 4.97908e-06 1.992e-05 -5.79978e-05 -8.12886e-05 0.000502614 2.5446e-05 -0.00360952 0.00393747 0.0215411 -0.0506 -0.0853173 0.5 1.08532 1.0506 0.978459 0.996063 1.00361 0.999975 0.999497 1.00008 1.00006 0.99998 0.999995 1 1 1 1 1 1 1 1 1 1 
-1.73915e-09 1.70399e-09 -1.56277e-09 6.81917e-09 2.31256e-08 -5.03478e-08 -6.30111e-08 4.80638e-07 -1.40756e-07 -3.46604e-06 5.00957e-06 2.01288e-05 -5.78647e-05 -8.18206e-05 0.00050155 2.56937e-05 -0.00360627 0.00394066 0.0215379 -0.0506089 -0.0853232 0.5 1.08532 1.05061 0.978462 0.996059 1.00361 0.999974 0.999498 1.00008 1.00006 0.99998 0.999995 1 1 1 1 1 1 1 1 1 1 
-1.70399e-09 1.64728e-09 -1.44405e-09 6.69768e-09 2.18894e-08 -5.11051e-08 -5.78631e-08 4.89597e-07 -1.5246e-07 -3.51358e-06 5.00332e-06 2.02956e-05 -5.76487e-05 -8.21096e-05 0.000500523 2.52738e-05 -0.00360399 0.00394431 0.0215377 -0.0506152 -0.0853314 0.5 1.08533 1.05062 0.978462 0.996056 1.0036 0.999975 0.999499 1.00008 1.00006 0.99998 0.999995 1 1 1 1 1 1 1 1 1 1 
-1.64728e-09 1.57756e-09 -1.34285e-09 6.70736e-09 2.08254e-08 -5.25095e-08 -5.44159e-08 4.99509e-07 -1.55809e-07 -3.55566e-06 4.97022e-06 2.04101e-05 -5.73997e-05 -8.21835e-05 0.000499661 2.44332e-05 -0.00360271 0.00394779 0.0215394 -0.0506189 -0.08534 0.5 1.08534 1.05062 0.978461 0.996052 1.0036 0.999976 0.9995 1.00008 1.00006 0.99998 0.999995 1 1 1 1 1 1 1 1 1 1 
-1.57756e-09 1.50333e-09 -1.26615e-09 6.82179e-09 2.00038e-08 -5.42895e-08 -5.26864e-08 5.0906e-07 -1.52319e-07 -3.58853e-06 4.92108e-06 2.04715e-05 -5.71587e-05 -8.2091e-05 0.000499035 2.34064e-05 -0.00360233 0.00395064 0.0215424 -0.0506202 -0.0853476 0.5 1.08535 1.05062 0.978458 0.996049 1.0036 0.999977 0.999501 1.00008 1.00006 0.99998 0.999995 1 1 0.999999 1 1 1 1 1 1 1 
-1.50333e-09 1.43225e-09 -1.21734e-09 7.00868e-09 1.94579e-08 -5.61854e-08 -5.25014e-08 5.17248e-07 -1.43973e-07 -3.6104e-06 4.86605e-06 2.04855e-05 -5.69549e-05 -8.18895e-05 0.000498663 2.23872e-05 -0.00360264 0.00395265 0.0215458 -0.0506196 -0.0853534 0.5 1.08535 1.05062 0.978454 0.996047 1.0036 0.999978 0.999501 1.00008 1.00006 0.99998 0.999995 1 1 0.999999 1 1 1 1 1 1 1 
-1.43225e-09 1.37045e-09 -1.1963e-09 7.23428e-09 1.91862e-08 -5.79751e-08 -5.35524e-08 5.23442e-07 -1.32888e-07 -3.62127e-06 4.81353e-06 2.04628e-05 -5.68052e-05 -8.16356e-05 0.000498527 2.15138e-05 -0.0036034 0.00395378 0.021549 -0.0506178 -0.0853571 0.5 1.08536 1.05062 0.978451 0.996046 1.0036 0.999978 0.999501 1.00008 1.00006 0.99998 0.999995 1 1 0.999999 1 1 1 1 1 1 1 
-1.37045e-09 1.32212e-09 -1.20002e-09 7.46724e-09 1.91593e-08 -5.94917e-08 -5.54569e-08 5.27375e-07 -1.2103e-07 -3.62248e-06 4.76952e-06 2.04157e-05 -5.67148e-05 -8.13774e-05 0.000498578 2.08655e-05 -0.00360437 0.00395413 0.0215516 -0.0506154 -0.0853588 0.5 1.08536 1.05062 0.978448 0.996046 1.0036 0.999979 0.999501 1.00008 1.00006 0.99998 0.999995 1 1 0.999999 1 1 1 1 1 1 1 
-1.32212e-09 1.28937e-09 -1.22335e-09 7.68156e-09 1.93275e-08 -6.06316e-08 -5.78164e-08 5.29102e-07 -1.10006e-07 -3.61624e-06 4.73746e-06 2.03568e-05 -5.66798e-05 -8.11507e-05 0.000498759 2.04686e-05 -0.00360536 0.00395387 0.0215535 -0.0506129 -0.0853589 0.5 1.08536 1.05061 0.978447 0.996046 1.00361 0.99998 0.999501 1.00008 1.00006 0.99998 0.999995 1 1 0.999999 1 1 1 1 1 1 1 
-1.28937e-09 1.27235e-09 -1.26e-09 7.85842e-09 1.96307e-08 -6.13535e-08 -6.02656e-08 5.28925e-07 -1.00955e-07 -3.60515e-06 4.71841e-06 2.02967e-05 -5.669e-05 -8.09774e-05 0.000499009 2.03073e-05 -0.00360623 0.00395321 0.0215545 -0.0506106 -0.0853578 0.5 1.08536 1.05061 0.978446 0.996047 1.00361 0.99998 0.999501 1.00008 1.00006 0.99998 0.999995 1 1 0.999999 1 1 1 1 1 1 1 
-1.27235e-09 1.26959e-09 -1.30337e-09 7.98691e-09 2.00062e-08 -6.1671e-08 -6.25072e-08 5.27301e-07 -9.45106e-08 -3.59181e-06 4.7115e-06 2.02437e-05 -5.67321e-05 -8.08662e-05 0.000499274 2.03378e-05 -0.00360688 0.00395237 0.0215548 -0.050609 -0.085356 0.5 1.08536 1.05061 0.978445 0.996048 1.00361 0.99998 0.999501 1.00008 1.00006 0.99998 0.999995 1 1 0.999999 1 1 1 1 1 1 1 
-1.26959e-09 1.27839e-09 -1.3474e-09 8.06368e-09 2.03971e-08 -6.16396e-08 -6.43328e-08 5.24757e-07 -9.08394e-08 -3.57845e-06 4.71453e-06 2.02028e-05 -5.67918e-05 -8.08154e-05 0.000499514 2.05023e-05 -0.00360729 0.0039515 0.0215545 -0.0506079 -0.0853539 0.5 1.08535 1.05061 0.978446 0.996048 1.00361 0.999979 0.9995 1.00008 1.00006 0.99998 0.999995 1 1 0.999999 1 1 1 1 1 1 1 
-1.27839e-09 1.29539e-09 -1.38714e-09 8.0918e-09 2.07568e-08 -6.13421e-08 -6.56277e-08 5.2181e-07 -8.97284e-08 -3.56676e-06 4.72457e-06 2.01763e-05 -5.68565e-05 -8.08153e-05 0.000499703 2.07404e-05 -0.00360746 0.00395075 0.0215538 -0.0506074 -0.0853521 0.5 1.08535 1.05061 0.978446 0.996049 1.00361 0.999979 0.9995 1.00008 1.00006 0.99998 0.999995 1 1 0.999999 1 1 1 1 1 1 1 
-1.29539e-09 1.31702e-09 -1.41912e-09 8.07912e-09 2.10523e-08 -6.0873e-08 -6.63647e-08 5.18906e-07 -9.06987e-08 -3.55782e-06 4.73853e-06 2.01639e-05 -5.69161e-05 -8.08521e-05 0.000499829 2.09985e-05 -0.00360745 0.00395019 0.021553 -0.0506074 -0.0853506 0.5 1.08535 1.05061 0.978447 0.99605 1.00361 0.999979 0.9995 1.00008 1.00006 0.99998 0.999995 1 1 0.999999 1 1 1 1 1 1 1 
-1.31702e-09 1.33993e-09 -1.44144e-09 8.03636e-09 2.12651e-08 -6.03257e-08 -6.65879e-08 5.16384e-07 -9.31275e-08 -3.55208e-06 4.75358e-06 2.01635e-05 -5.69641e-05 -8.09108e-05 0.000499892 2.12353e-05 -0.0036073 0.00394983 0.0215522 -0.0506078 -0.0853495 0.5 1.08535 1.05061 0.978448 0.99605 1.00361 0.999979 0.9995 1.00008 1.00006 0.99998 0.999995 1 1 0.999999 1 1 1 1 1 1 1 
-1.33993e-09 1.36135e-09 -1.4537e-09 7.9753e-09 2.13903e-08 -5.97812e-08 -6.63916e-08 5.14458e-07 -9.6359e-08 -3.54947e-06 4.76748e-06 2.0172e-05 -5.6997e-05 -8.09775e-05 0.000499901 2.14237e-05 -0.00360708 0.00394968 0.0215516 -0.0506084 -0.085349 0.5 1.08535 1.05061 0.978448 0.99605 1.00361 0.999979 0.9995 1.00008 1.00006 0.99998 0.999995 1 1 0.999999 1 1 1 1 1 1 1 
-1.36135e-09 1.37926e-09 -1.45672e-09 7.90718e-09 2.14341e-08 -5.9302e-08 -6.58983e-08 5.13218e-07 -9.97947e-08 -3.54955e-06 4.7787e-06 2.0186e-05 -5.70145e-05 -8.10409e-05 0.000499869 2.15511e-05 -0.00360683 0.0039497 0.021551 -0.050609 -0.0853489 0.5 1.08535 1.05061 0.978449 0.99605 1.00361 0.999978 0.9995 1.00008 1.00006 0.99998 0.999995 1 1 0.999999 1 1 1 1 1 1 1 
-1.37926e-09 1.39246e-09 -1.45222e-09 7.84152e-09 2.14106e-08 -5.89285e-08 -6.52372e-08 5.1265e-07 -1.02955e-07 -3.55164e-06 4.78646e-06 2.02021e-05 -5.70183e-05 -8.10932e-05 0.000499812 2.16166e-05 -0.0036066 0.00394983 0.0215507 -0.0506095 -0.0853491 0.5 1.08535 1.05061 0.978449 0.99605 1.00361 0.999978 0.9995 1.00008 1.00006 0.99998 0.999995 1 1 0.999999 1 1 1 1 1 1 1 
-1.39246e-09 1.40054e-09 -1.44241e-09 7.78537e-09 2.13386e-08 -5.86793e-08 -6.45277e-08 5.12662e-07 -1.0551e-07 -3.55497e-06 4.79061e-06 2.02177e-05 -5.70116e-05 -8.11302e-05 0.000499746 2.16283e-05 -0.00360641 0.00395003 0.0215506 -0.05061 -0.0853495 0.5 1.08535 1.05061 0.978449 0.99605 1.00361 0.999978 0.9995 1.00008 1.00006 0.99998 0.999995 1 1 0.999999 1 1 1 1 1 1 1 
-1.40054e-09 1.40377e-09 -1.42963e-09 7.74306e-09 2.12381e-08 -5.85542e-08 -6.38666e-08 5.13112e-07 -1.07287e-07 -3.55879e-06 4.79154e-06 2.02308e-05 -5.6998e-05 -8.11511e-05 0.00049968 2.15994e-05 -0.00360629 0.00395025 0.0215506 -0.0506103 -0.08535 0.5 1.08535 1.05061 0.978449 0.99605 1.00361 0.999978 0.9995 1.00008 1.00006 0.99998 0.999995 1 1 0.999999 1 1 1 1 1 1 1 
-1.40377e-09 1.40291e-09 -1.41606e-09 7.71628e-09 2.11278e-08 -5.85379e-08 -6.3322e-08 5.13836e-07 -1.08253e-07 -3.56249e-06 4.78994e-06 2.02402e-05 -5.69813e-05 -8.11573e-05 0.000499625 2.15454e-05 -0.00360622 0.00395045 0.0215508 -0.0506104 -0.0853504 0.5 1.08535 1.05061 0.978449 0.99605 1.00361 0.999978 0.9995 1.00008 1.00006 0.99998 0.999995 1 1 0.999999 1 1 1 1 1 1 1 
-1.40291e-09 1.39901e-09 -1.40347e-09 7.70448e-09 2.10232e-08 -5.86061e-08 -6.29317e-08 5.14679e-07 -1.08488e-07 -3.56562e-06 4.78669e-06 2.02457e-05 -5.69646e-05 -8.1152e-05 0.000499586 2.14806e-05 -0.00360621 0.00395061 0.021551 -0.0506105 -0.0853508 0.5 1.08535 1.05061 0.978449 0.996049 1.00361 0.999979 0.9995 1.00008 1.00006 0.99998 0.999995 1 1 0.999999 1 1 1 1 1 1 1 
-1.39901e-09 1.39324e-09 -1.39312e-09 7.70545e-09 2.09353e-08 -5.87299e-08 -6.27056e-08 5.15506e-07 -1.08142e-07 -3.56792e-06 4.78263e-06 2.02476e-05 -5.69501e-05 -8.1139e-05 0.000499562 2.14171e-05 -0.00360623 0.00395071 0.0215512 -0.0506104 -0.0853511 0.5 1.08535 1.05061 0.978449 0.996049 1.00361 0.999979 0.9995 1.00008 1.00006 0.99998 0.999995 1 1 0.999999 1 1 1 1 1 1 1 
-1.39324e-09 1.38672e-09 -1.38571e-09 7.71598e-09 2.08708e-08 -5.88808e-08 -6.2631e-08 5.16219e-07 -1.07404e-07 -3.56929e-06 4.7785e-06 2.02465e-05 -5.69393e-05 -8.11221e-05 0.000499554 2.13634e-05 -0.00360628 0.00395077 0.0215513 -0.0506103 -0.0853513 0.5 1.08535 1.05061 0.978449 0.996049 1.00361 0.999979 0.9995 1.00008 1.00006 0.99998 0.999995 1 1 0.999999 1 1 1 1 1 1 1 
-1.38672e-09 1.3804e-09 -1.38144e-09 7.73247e-09 2.08315e-08 -5.90338e-08 -6.26798e-08 5.16756e-07 -1.06466e-07 -3.56979e-06 4.77489e-06 2.02434e-05 -5.69326e-05 -8.11049e-05 0.000499559 2.13243e-05 -0.00360635 0.00395078 0.0215515 -0.0506101 -0.0853514 0.5 1.08535 1.05061 0.978449 0.996049 1.00361 0.999979 0.9995 1.00008 1.00006 0.99998 0.999995 1 1 0.999999 1 1 1 1 1 1 1 
-1.3804e-09 1.37497e-09 -1.38007e-09 7.75147e-09 2.08161e-08 -5.91696e-08 -6.28155e-08 5.17094e-07 -1.05497e-07 -3.56959e-06 4.77212e-06 2.02392e-05 -5.69299e-05 -8.10896e-05 0.000499571 2.13013e-05 -0.00360641 0.00395075 0.0215516 -0.05061 -0.0853513 0.5 1.08535 1.05061 0.978448 0.996049 1.00361 0.999979 0.9995 1.00008 1.00006 0.99998 0.999995 1 1 0.999999 1 1 1 1 1 1 1 
-1.37497e-09 1.37087e-09 -1.38107e-09 7.77003e-09 2.08205e-08 -5.92758e-08 -6.29995e-08 5.17239e-07 -1.04631e-07 -3.56887e-06 4.77036e-06 2.02348e-05 -5.69305e-05 -8.1078e-05 0.000499588 2.12932e-05 -0.00360646 0.00395071 0.0215516 -0.0506099 -0.0853512 0.5 1.08535 1.05061 0.978448 0.996049 1.00361 0.999979 0.9995 1.00008 1.00006 0.99998 0.999995 1 1 0.999999 1 1 1 1 1 1 1 
-1.37087e-09 1.36826e-09 -1.38375e-09 7.78601e-09 2.08393e-08 -5.93468e-08 -6.31971e-08 5.17223e-07 -1.03951e-07 -3.56787e-06 4.76958e-06 2.02308e-05 -5.69334e-05 -8.10706e-05 0.000499605 2.1297e-05 -0.0036065 0.00395065 0.0215516 -0.0506098 -0.0853511 0.5 1.08535 1.05061 0.978448 0.996049 1.00361 0.999979 0.9995 1.00008 1.00006 0.99998 0.999995 1 1 0.999999 1 1 1 1 1 1 1 
-1.36826e-09 1.3671e-09 -1.38737e-09 7.79806e-09 2.08666e-08 -5.93826e-08 -6.33801e-08 5.17086e-07 -1.03499e-07 -3.56679e-06 4.76964e-06 2.02277e-05 -5.69376e-05 -8.10674e-05 0.000499621 2.13089e-05 -0.00360652 0.0039506 0.0215516 -0.0506097 -0.085351 0.5 1.08535 1.05061 0.978448 0.996049 1.00361 0.999979 0.9995 1.00008 1.00006 0.99998 0.999995 1 1 0.999999 1 1 1 1 1 1 1 
-1.3671e-09 1.36716e-09 -1.39127e-09 7.80569e-09 2.08968e-08 -5.93874e-08 -6.35292e-08 5.16877e-07 -1.03275e-07 -3.56579e-06 4.7703e-06 2.02256e-05 -5.69422e-05 -8.10676e-05 0.000499633 2.13251e-05 -0.00360653 0.00395055 0.0215516 -0.0506097 -0.0853509 0.5 1.08535 1.05061 0.978448 0.996049 1.00361 0.999979 0.9995 1.00008 1.00006 0.99998 0.999995 1 1 0.999999 1 1 1 1 1 1 1 
-1.36716e-09 1.36815e-09 -1.3949e-09 7.80904e-09 2.09256e-08 -5.93686e-08 -6.36343e-08 5.16641e-07 -1.03251e-07 -3.56498e-06 4.77133e-06 2.02246e-05 -5.69465e-05 -8.10704e-05 0.000499641 2.1342e-05 -0.00360653 0.00395052 0.0215515 -0.0506097 -0.0853508 0.5 1.08535 1.05061 0.978448 0.996049 1.00361 0.999979 0.9995 1.00008 1.00006 0.99998 0.999995 1 1 0.999999 1 1 1 1 1 1 1 
-1.36815e-09 1.36971e-09 -1.39788e-09 7.80878e-09 2.09496e-08 -5.93344e-08 -6.36932e-08 5.16414e-07 -1.03379e-07 -3.56442e-06 4.7725e-06 2.02245e-05 -5.69499e-05 -8.10746e-05 0.000499644 2.13571e-05 -0.00360651 0.0039505 0.0215515 -0.0506097 -0.0853508 0.5 1.08535 1.05061 0.978449 0.996049 1.00361 0.999979 0.9995 1.00008 1.00006 0.99998 0.999995 1 1 0.999999 1 1 1 1 1 1 1 
-1.36971e-09 1.3715e-09 -1.4e-09 7.80583e-09 2.09671e-08 -5.92929e-08 -6.37101e-08 5.16223e-07 -1.03605e-07 -3.56412e-06 4.7736e-06 2.02251e-05 -5.69522e-05 -8.10793e-05 0.000499644 2.13688e-05 -0.0036065 0.0039505 0.0215514 -0.0506098 -0.0853507 0.5 1.08535 1.05061 0.978449 0.99605 1.00361 0.999979 0.9995 1.00008 1.00006 0.99998 0.999995 1 1 0.999999 1 1 1 1 1 1 1 
-1.3715e-09 1.37326e-09 -1.4012e-09 7.80124e-09 2.09775e-08 -5.92513e-08 -6.36934e-08 5.16084e-07 -1.03873e-07 -3.56406e-06 4.77452e-06 2.02261e-05 -5.69535e-05 -8.10837e-05 0.000499642 2.13763e-05 -0.00360648 0.0039505 0.0215514 -0.0506098 -0.0853507 0.5 1.08535 1.05061 0.978449 0.996049 1.00361 0.999979 0.9995 1.00008 1.00006 0.99998 0.999995 1 1 0.999999 1 1 1 1 1 1 1 
-1.37326e-09 1.37477e-09 -1.40157e-09 7.79601e-09 2.09814e-08 -5.92148e-08 -6.36539e-08 5.16001e-07 -1.04138e-07 -3.56417e-06 4.77518e-06 2.02274e-05 -5.69537e-05 -8.10872e-05 0.000499638 2.13797e-05 -0.00360647 0.00395051 0.0215514 -0.0506099 -0.0853508 0.5 1.08535 1.05061 0.978449 0.996049 1.00361 0.999979 0.9995 1.00008 1.00006 0.99998 0.999995 1 1 0.999999 1 1 1 1 1 1 1 
-1.37477e-09 1.3759e-09 -1.40126e-09 7.79095e-09 2.09798e-08 -5.91867e-08 -6.36024e-08 5.1597e-07 -1.04367e-07 -3.56441e-06 4.77555e-06 2.02285e-05 -5.69531e-05 -8.10897e-05 0.000499633 2.13797e-05 -0.00360646 0.00395053 0.0215514 -0.0506099 -0.0853508 0.5 1.08535 1.05061 0.978449 0.996049 1.00361 0.999979 0.9995 1.00008 1.00006 0.99998 0.999995 1 1 0.999999 1 1 1 1 1 1 1 
-1.3759e-09 1.37662e-09 -1.40049e-09 7.78666e-09 2.09744e-08 -5.91685e-08 -6.35484e-08 5.15983e-07 -1.04539e-07 -3.5647e-06 4.77566e-06 2.02295e-05 -5.69521e-05 -8.1091e-05 0.000499628 2.13772e-05 -0.00360645 0.00395054 0.0215514 -0.0506099 -0.0853508 0.5 1.08535 1.05061 0.978449 0.996049 1.00361 0.999979 0.9995 1.00008 1.00006 0.99998 0.999995 1 1 0.999999 1 1 1 1 1 1 1 
-1.37662e-09 1.37693e-09 -1.39946e-09 7.78348e-09 2.09669e-08 -5.916e-08 -6.34996e-08 5.16026e-07 -1.04646e-07 -3.565e-06 4.77556e-06 2.02303e-05 -5.69508e-05 -8.10913e-05 0.000499625 2.13732e-05 -0.00360645 0.00395055 0.0215514 -0.0506099 -0.0853508 0.5 1.08535 1.05061 0.978449 0.996049 1.00361 0.999979 0.9995 1.00008 1.00006 0.99998 0.999995 1 1 0.999999 1 1 1 1 1 1 1 
-1.37693e-09 1.3769e-09 -1.39838e-09 7.78155e-09 2.09587e-08 -5.91597e-08 -6.34609e-08 5.16087e-07 -1.04691e-07 -3.56526e-06 4.77532e-06 2.02307e-05 -5.69496e-05 -8.10907e-05 0.000499622 2.13687e-05 -0.00360645 0.00395056 0.0215514 -0.0506099 -0.0853509 0.5 1.08535 1.05061 0.978449 0.996049 1.00361 0.999979 0.9995 1.00008 1.00006 0.99998 0.999995 1 1 0.999999 1 1 1 1 1 1 1 
