1 1 0.95 0.9 0.85 0.8 0.75 0.7 0.65 0.6 0.55 0.5 0.45 0.4 0.35 0.3 0.25 0.2 0.15 0.1 0.05 0 -0.05 -0.1 -0.15 -0.2 -0.25 -0.3 -0.35 -0.4 -0.45 -0.5 -0.55 -0.6 -0.65 -0.7 -0.75 -0.8 -0.85 -0.9 -0.95 -1 -1 
1 1 0.993313 0.927 0.8755 0.824 0.7725 0.721 0.6695 0.618 0.5665 0.515 0.4635 0.412 0.3605 0.309 0.2575 0.206 0.1545 0.103 0.0515 -8.13152e-19 -0.0515 -0.103 -0.1545 -0.206 -0.2575 -0.309 -0.3605 -0.412 -0.4635 -0.515 -0.5665 -0.618 -0.6695 -0.721 -0.7725 -0.824 -0.8755 -0.927 -0.993313 -1 -1 
1 1 0.999301 0.977336 0.902553 0.849462 0.79637 0.743279 0.690188 0.637096 0.584005 0.530914 0.477822 0.424731 0.371639 0.318548 0.265457 0.212365 0.159274 0.106183 0.0530914 -1.65883e-18 -0.0530914 -0.106183 -0.159274 -0.212365 -0.265457 -0.318548 -0.371639 -0.424731 -0.477822 -0.530914 -0.584005 -0.637096 -0.690188 -0.743279 -0.79637 -0.849462 -0.902553 -0.977336 -0.999301 -1 -1 
1 1 0.99993 0.996556 0.952488 0.876521 0.821738 0.766956 0.712173 0.657391 0.602608 0.547826 0.493043 0.438261 0.383478 0.328695 0.273913 0.21913 0.164348 0.109565 0.0547826 -2.53703e-18 -0.0547826 -0.109565 -0.164348 -0.21913 -0.273913 -0.328695 -0.383478 -0.438261 -0.493043 -0.547826 -0.602608 -0.657391 -0.712173 -0.766956 -0.821738 -0.876521 -0.952488 -0.996556 -0.99993 -1 -1 
1 1 0.999993 0.999563 0.989693 0.919938 0.848749 0.792165 0.735582 0.678999 0.622416 0.565832 0.509249 0.452666 0.396083 0.339499 0.282916 0.226333 0.16975 0.113166 0.0565832 -3.51282e-18 -0.0565832 -0.113166 -0.16975 -0.226333 -0.282916 -0.339499 -0.396083 -0.452666 -0.509249 -0.565832 -0.622416 -0.678999 -0.735582 -0.792165 -0.848749 -0.919938 -0.989693 -0.999563 -0.999993 -1 -1 
1 1 0.999999 0.999948 0.998378 0.975863 0.881803 0.819059 0.760555 0.702051 0.643547 0.585042 0.526538 0.468034 0.40953 0.351025 0.292521 0.234017 0.175513 0.117008 0.0585042 -4.71628e-18 -0.0585042 -0.117008 -0.175513 -0.234017 -0.292521 -0.351025 -0.40953 -0.468034 -0.526538 -0.585042 -0.643547 -0.702051 -0.760555 -0.819059 -0.881803 -0.975863 -0.998378 -0.999948 -0.999999 -1 -1 
1 1 1 0.999994 0.999774 0.995281 0.943973 0.848891 0.787253 0.726695 0.666137 0.605579 0.545021 0.484463 0.423905 0.363347 0.302789 0.242232 0.181674 0.121116 0.0605579 -6.01732e-18 -0.0605579 -0.121116 -0.181674 -0.242232 -0.302789 -0.363347 -0.423905 -0.484463 -0.545021 -0.605579 -0.666137 -0.726695 -0.787253 -0.848891 -0.943973 -0.995281 -0.999774 -0.999994 -1 -1 -1 
1 1 1 0.999999 0.99997 0.999244 0.986816 0.901111 0.816122 0.753099 0.690341 0.627582 0.564824 0.502066 0.439308 0.376549 0.313791 0.251033 0.188275 0.125516 0.0627582 -7.41594e-18 -0.0627582 -0.125516 -0.188275 -0.251033 -0.313791 -0.376549 -0.439308 -0.502066 -0.564824 -0.627582 -0.690341 -0.753099 -0.816122 -0.901111 -0.986816 -0.999244 -0.99997 -0.999999 -1 -1 -1 
1 1 1 1 0.999996 0.999888 0.997671 0.968418 0.852605 0.781519 0.716335 0.651214 0.586093 0.520971 0.45585 0.390728 0.325607 0.260486 0.195364 0.130243 0.0651214 -9.1073e-18 -0.0651214 -0.130243 -0.195364 -0.260486 -0.325607 -0.390728 -0.45585 -0.520971 -0.586093 -0.651214 -0.716335 -0.781519 -0.852605 -0.968418 -0.997671 -0.999888 -0.999996 -1 -1 -1 -1 
1 1 1 1 1 0.999984 0.999631 0.993443 0.925244 0.813529 0.744339 0.676659 0.608993 0.541327 0.473661 0.405995 0.338329 0.270664 0.202998 0.135332 0.0676659 -1.09938e-17 -0.0676659 -0.135332 -0.202998 -0.270664 -0.338329 -0.405995 -0.473661 -0.541327 -0.608993 -0.676659 -0.744339 -0.813529 -0.925244 -0.993443 -0.999631 -0.999984 -1 -1 -1 -1 -1 
1 1 1 1 1 0.999998 0.999944 0.998878 0.98124 0.869749 0.774917 0.704134 0.633718 0.563305 0.492892 0.422478 0.352065 0.281652 0.211239 0.140826 0.0704131 -1.30104e-17 -0.0704131 -0.140826 -0.211239 -0.281652 -0.352065 -0.422478 -0.492892 -0.563305 -0.633718 -0.704134 -0.774917 -0.869749 -0.98124 -0.998878 -0.999944 -0.999998 -1 -1 -1 -1 -1 
1 1 1 1 1 1 0.999992 0.999821 0.996567 0.95056 0.813717 0.733965 0.660492 0.587103 0.513715 0.440327 0.366939 0.293552 0.220164 0.146776 0.0733879 -1.5027e-17 -0.0733879 -0.146776 -0.220164 -0.293552 -0.366939 -0.440327 -0.513715 -0.587103 -0.660492 -0.733965 -0.813717 -0.95056 -0.996567 -0.999821 -0.999992 -1 -1 -1 -1 -1 -1 
1 1 1 1 1 1 0.999999 0.999972 0.999436 0.989423 0.892177 0.767776 0.689593 0.612955 0.536335 0.459716 0.383097 0.306477 0.229858 0.153239 0.0766194 -1.7434e-17 -0.0766194 -0.153239 -0.229858 -0.306477 -0.383097 -0.459716 -0.536335 -0.612955 -0.689593 -0.767776 -0.892177 -0.989423 -0.999436 -0.999972 -0.999999 -1 -1 -1 -1 -1 -1 
1 1 1 1 1 1 1 0.999996 0.999911 0.998202 0.969425 0.821956 0.72164 0.641137 0.560992 0.48085 0.400708 0.320567 0.240425 0.160283 0.0801417 -2.04914e-17 -0.0801417 -0.160283 -0.240425 -0.320567 -0.400708 -0.48085 -0.560992 -0.641137 -0.72164 -0.821956 -0.969425 -0.998202 -0.999911 -0.999996 -1 -1 -1 -1 -1 -1 -1 
1 1 1 1 1 1 1 0.999999 0.999986 0.999712 0.994207 0.916883 0.761054 0.672041 0.587968 0.503972 0.419976 0.335981 0.251986 0.167991 0.0839953 -2.41994e-17 -0.0839953 -0.167991 -0.251986 -0.335981 -0.419976 -0.503972 -0.587968 -0.672041 -0.761054 -0.916883 -0.994207 -0.999712 -0.999986 -0.999999 -1 -1 -1 -1 -1 -1 -1 
1 1 1 1 1 1 1 1 0.999998 0.999955 0.999057 0.980396 0.838404 0.707001 0.617614 0.529371 0.441142 0.352914 0.264685 0.176457 0.0882284 -2.8688e-17 -0.0882284 -0.176457 -0.264685 -0.352914 -0.441142 -0.529371 -0.617614 -0.707001 -0.838404 -0.980396 -0.999057 -0.999955 -0.999998 -1 -1 -1 -1 -1 -1 -1 -1 
1 1 1 1 1 1 1 1 1 0.999993 0.999851 0.996671 0.942173 0.754526 0.650542 0.557397 0.464495 0.371596 0.278697 0.185798 0.092899 -3.40873e-17 -0.092899 -0.185798 -0.278697 -0.371596 -0.464495 -0.557397 -0.650542 -0.754526 -0.942173 -0.996671 -0.999851 -0.999993 -1 -1 -1 -1 -1 -1 -1 -1 -1 
1 1 1 1 1 1 1 1 1 0.999999 0.999977 0.999484 0.988104 0.857586 0.689174 0.588511 0.490386 0.392308 0.294231 0.196154 0.0980771 -4.03323e-17 -0.0980771 -0.196154 -0.294231 -0.392308 -0.490386 -0.588511 -0.689174 -0.857586 -0.988104 -0.999484 -0.999977 -0.999999 -1 -1 -1 -1 -1 -1 -1 -1 -1 
1 1 1 1 1 1 1 1 1 1 0.999996 0.999921 0.998105 0.958792 0.755073 0.623645 0.519251 0.415394 0.311546 0.207697 0.103849 -4.77483e-17 -0.103849 -0.207697 -0.311546 -0.415394 -0.519251 -0.623645 -0.755073 -0.958792 -0.998105 -0.999921 -0.999996 -1 -1 -1 -1 -1 -1 -1 -1 -1 -1 
1 1 1 1 1 1 1 1 1 1 0.999999 0.999988 0.999714 0.99252 0.877101 0.668244 0.5517 0.441278 0.330958 0.220639 0.110319 -5.34729e-17 -0.110319 -0.220639 -0.330958 -0.441278 -0.5517 -0.668244 -0.877101 -0.99252 -0.999714 -0.999988 -0.999999 -1 -1 -1 -1 -1 -1 -1 -1 -1 -1 
1 1 1 1 1 1 1 1 1 1 1 0.999998 0.999957 0.998876 0.969071 0.758045 0.589369 0.470503 0.352865 0.235243 0.117621 -6.02383e-17 -0.117621 -0.235243 -0.352865 -0.470503 -0.589369 -0.758045 -0.969071 -0.998876 -0.999957 -0.999998 -1 -1 -1 -1 -1 -1 -1 -1 -1 -1 -1 
1 1 1 1 1 1 1 1 1 1 1 1 0.999993 0.999836 0.994942 0.895012 0.641284 0.503907 0.377769 0.251845 0.125922 -6.77843e-17 -0.125922 -0.251845 -0.377769 -0.503907 -0.641284 -0.895012 -0.994942 -0.999836 -0.999993 -1 -1 -1 -1 -1 -1 -1 -1 -1 -1 -1 -1 
1 1 1 1 1 1 1 1 1 1 1 1 0.999999 0.999976 0.999282 0.976294 0.757156 0.543965 0.40634 0.270873 0.135436 -7.63712e-17 -0.135436 -0.270873 -0.40634 -0.543965 -0.757156 -0.976294 -0.999282 -0.999976 -0.999999 -1 -1 -1 -1 -1 -1 -1 -1 -1 -1 -1 -1 
1 1 1 1 1 1 1 1 1 1 1 1 1 0.999996 0.999899 0.996404 0.909439 0.603203 0.439674 0.292887 0.146442 -8.70398e-17 -0.146442 -0.292887 -0.439674 -0.603203 -0.909439 -0.996404 -0.999899 -0.999996 -1 -1 -1 -1 -1 -1 -1 -1 -1 -1 -1 -1 -1 
1 1 1 1 1 1 1 1 1 1 1 1 1 0.999999 0.999986 0.999512 0.981277 0.746598 0.480995 0.31866 0.159309 -9.90093e-17 -0.159309 -0.31866 -0.480995 -0.746598 -0.981277 -0.999512 -0.999986 -0.999999 -1 -1 -1 -1 -1 -1 -1 -1 -1 -1 -1 -1 -1 
1 1 1 1 1 1 1 1 1 1 1 1 1 1 0.999998 0.999934 0.997314 0.911336 0.551827 0.349485 0.17454 -1.14362e-16 -0.17454 -0.349485 -0.551827 -0.911336 -0.997314 -0.999934 -0.999998 -1 -1 -1 -1 -1 -1 -1 -1 -1 -1 -1 -1 -1 -1 
1 1 1 1 1 1 1 1 1 1 1 1 1 1 1 0.999991 0.999648 0.982735 0.717108 0.389817 0.19285 -1.32576e-16 -0.19285 -0.389817 -0.717108 -0.982735 -0.999648 -0.999991 -1 -1 -1 -1 -1 -1 -1 -1 -1 -1 -1 -1 -1 -1 -1 
1 1 1 1 1 1 1 1 1 1 1 1 1 1 1 0.999999 0.999954 0.997655 0.899453 0.466774 0.215524 -1.55995e-16 -0.215524 -0.466774 -0.899453 -0.997655 -0.999954 -0.999999 -1 -1 -1 -1 -1 -1 -1 -1 -1 -1 -1 -1 -1 -1 -1 
1 1 1 1 1 1 1 1 1 1 1 1 1 1 1 1 0.999994 0.999707 0.980431 0.648789 0.246955 -1.85659e-16 -0.246955 -0.648789 -0.980431 -0.999707 -0.999994 -1 -1 -1 -1 -1 -1 -1 -1 -1 -1 -1 -1 -1 -1 -1 -1 
1 1 1 1 1 1 1 1 1 1 1 1 1 1 1 1 0.999999 0.999963 0.997437 0.861543 0.312358 -2.26772e-16 -0.312358 -0.861543 -0.997437 -0.999963 -0.999999 -1 -1 -1 -1 -1 -1 -1 -1 -1 -1 -1 -1 -1 -1 -1 -1 
1 1 1 1 1 1 1 1 1 1 1 1 1 1 1 1 1 0.999995 0.999696 0.970314 0.493979 -2.9963e-16 -0.493979 -0.970314 -0.999696 -0.999995 -1 -1 -1 -1 -1 -1 -1 -1 -1 -1 -1 -1 -1 -1 -1 -1 -1 
1 1 1 1 1 1 1 1 1 1 1 1 1 1 1 1 1 0.999999 0.999964 0.996077 0.748312 -6.1188e-16 -0.748312 -0.996077 -0.999964 -0.999999 -1 -1 -1 -1 -1 -1 -1 -1 -1 -1 -1 -1 -1 -1 -1 -1 -1 
1 1 1 1 1 1 1 1 1 1 1 1 1 1 1 1 1 1 0.999996 0.999554 0.927828 -1.36128e-15 -0.927828 -0.999554 -0.999996 -1 -1 -1 -1 -1 -1 -1 -1 -1 -1 -1 -1 -1 -1 -1 -1 -1 -1 
1 1 1 1 1 1 1 1 1 1 1 1 1 1 1 1 1 1 0.999999 0.99995 0.988748 -1.9608e-15 -0.988748 -0.99995 -0.999999 -1 -1 -1 -1 -1 -1 -1 -1 -1 -1 -1 -1 -1 -1 -1 -1 -1 -1 
1 1 1 1 1 1 1 1 1 1 1 1 1 1 1 1 1 1 1 0.999994 0.99873 -1.9608e-15 -0.99873 -0.999994 -1 -1 -1 -1 -1 -1 -1 -1 -1 -1 -1 -1 -1 -1 -1 -1 -1 -1 -1 
1 1 1 1 1 1 1 1 1 1 1 1 1 1 1 1 1 1 1 0.999999 0.999865 -1.9608e-15 -0.999865 -0.999999 -1 -1 -1 -1 -1 -1 -1 -1 -1 -1 -1 -1 -1 -1 -1 -1 -1 -1 -1 
1 1 1 1 1 1 1 1 1 1 1 1 1 1 1 1 1 1 1 1 0.999986 -1.9608e-15 -0.999986 -1 -1 -1 -1 -1 -1 -1 -1 -1 -1 -1 -1 -1 -1 -1 -1 -1 -1 -1 -1 
1 1 1 1 1 1 1 1 1 1 1 1 1 1 1 1 1 1 1 1 0.999998 -1.99411e-15 -0.999998 -1 -1 -1 -1 -1 -1 -1 -1 -1 -1 -1 -1 -1 -1 -1 -1 -1 -1 -1 -1 
1 1 1 1 1 1 1 1 1 1 1 1 1 1 1 1 1 1 1 1 1 -1.92749e-15 -1 -1 -1 -1 -1 -1 -1 -1 -1 -1 -1 -1 -1 -1 -1 -1 -1 -1 -1 -1 -1 
1 1 1 1 1 1 1 1 1 1 1 1 1 1 1 1 1 1 1 1 1 -1.92749e-15 -1 -1 -1 -1 -1 -1 -1 -1 -1 -1 -1 -1 -1 -1 -1 -1 -1 -1 -1 -1 -1 
1 1 1 1 1 1 1 1 1 1 1 1 1 1 1 1 1 1 1 1 1 -1.92749e-15 -1 -1 -1 -1 -1 -1 -1 -1 -1 -1 -1 -1 -1 -1 -1 -1 -1 -1 -1 -1 -1 
