1 1 0.95 0.9 0.85 0.8 0.75 0.7 0.65 0.6 0.55 0.5 0.45 0.4 0.35 0.3 0.25 0.2 0.15 0.1 0.05 0 -0.05 -0.1 -0.15 -0.2 -0.25 -0.3 -0.35 -0.4 -0.45 -0.5 -0.55 -0.6 -0.65 -0.7 -0.75 -0.8 -0.85 -0.9 -0.95 -1 -1 
1 1 0.978875 0.918 0.867 0.816 0.765 0.714 0.663 0.612 0.561 0.51 0.459 0.408 0.357 0.306 0.255 0.204 0.153 0.102 0.051 -1.10589e-18 -0.051 -0.102 -0.153 -0.204 -0.255 -0.306 -0.357 -0.408 -0.459 -0.51 -0.561 -0.612 -0.663 -0.714 -0.765 -0.816 -0.867 -0.918 -0.978875 -1 -1 
1 1 0.989789 0.949365 0.883096 0.832646 0.780606 0.728566 0.676525 0.624485 0.572444 0.520404 0.468364 0.416323 0.364283 0.312242 0.260202 0.208162 0.156121 0.104081 0.0520404 -2.1684e-18 -0.0520404 -0.104081 -0.156121 -0.208162 -0.260202 -0.312242 -0.364283 -0.416323 -0.468364 -0.520404 -0.572444 -0.624485 -0.676525 -0.728566 -0.780606 -0.832646 -0.883096 -0.949365 -0.989789 -1 -1 
1 1 0.994811 0.970844 0.911702 0.84715 0.797116 0.743732 0.690608 0.637484 0.58436 0.531237 0.478113 0.424989 0.371866 0.318742 0.265618 0.212495 0.159371 0.106247 0.0531237 -3.14419e-18 -0.0531237 -0.106247 -0.159371 -0.212495 -0.265618 -0.318742 -0.371866 -0.424989 -0.478113 -0.531237 -0.58436 -0.637484 -0.690608 -0.743732 -0.797116 -0.84715 -0.911702 -0.970844 -0.994811 -1 -1 
1 1 0.997308 0.983065 0.941313 0.869684 0.811009 0.760146 0.705246 0.65103 0.596778 0.542525 0.488273 0.43402 0.379768 0.325515 0.271263 0.21701 0.162758 0.108505 0.0542525 -4.11997e-18 -0.0542525 -0.108505 -0.162758 -0.21701 -0.271263 -0.325515 -0.379768 -0.43402 -0.488273 -0.542525 -0.596778 -0.65103 -0.705246 -0.760146 -0.811009 -0.869684 -0.941313 -0.983065 -0.997308 -1 -1 
1 1 0.998579 0.990218 0.962449 0.900823 0.828016 0.774458 0.721346 0.665056 0.609733 0.554299 0.498869 0.443439 0.388009 0.332579 0.277149 0.221719 0.16629 0.11086 0.0554299 -5.11743e-18 -0.0554299 -0.11086 -0.16629 -0.221719 -0.277149 -0.332579 -0.388009 -0.443439 -0.498869 -0.554299 -0.609733 -0.665056 -0.721346 -0.774458 -0.828016 -0.900823 -0.962449 -0.990218 -0.998579 -1 -1 
1 1 0.999241 0.994363 0.976363 0.930571 0.853693 0.788506 0.736592 0.680483 0.623104 0.566603 0.509929 0.453271 0.396612 0.339953 0.283294 0.226635 0.169977 0.113318 0.0566589 -6.02816e-18 -0.0566589 -0.113318 -0.169977 -0.226635 -0.283294 -0.339953 -0.396612 -0.453271 -0.509929 -0.566603 -0.623104 -0.680483 -0.736592 -0.788506 -0.853693 -0.930571 -0.976363 -0.994363 -0.999241 -1 -1 
1 1 0.999591 0.996751 0.985354 0.953062 0.886376 0.807072 0.750101 0.696372 0.637572 0.579304 0.521507 0.463542 0.405601 0.347658 0.289715 0.231772 0.173829 0.115886 0.0579429 -7.00395e-18 -0.0579429 -0.115886 -0.173829 -0.231772 -0.289715 -0.347658 -0.405601 -0.463542 -0.521507 -0.579304 -0.637572 -0.696372 -0.750101 -0.807072 -0.886376 -0.953062 -0.985354 -0.996751 -0.999591 -1 -1 
1 1 0.999777 0.998127 0.991014 0.968971 0.917543 0.834349 0.764365 0.710854 0.653274 0.592742 0.533513 0.474306 0.414999 0.355716 0.296429 0.237144 0.177858 0.118572 0.0592859 -8.06646e-18 -0.0592859 -0.118572 -0.177858 -0.237144 -0.296429 -0.355716 -0.414999 -0.474306 -0.533513 -0.592742 -0.653274 -0.710854 -0.764365 -0.834349 -0.917543 -0.968971 -0.991014 -0.998127 -0.999777 -1 -1 
1 1 0.999878 0.99892 0.994522 0.97987 0.942202 0.868504 0.783497 0.723991 0.668887 0.607469 0.546007 0.485537 0.424853 0.364149 0.303459 0.242767 0.182075 0.121384 0.0606918 -9.19403e-18 -0.0606918 -0.121384 -0.182075 -0.242767 -0.303459 -0.364149 -0.424853 -0.485537 -0.546007 -0.607469 -0.668887 -0.723991 -0.783497 -0.868504 -0.942202 -0.97987 -0.994522 -0.99892 -0.999878 -1 -1 
1 1 0.999933 0.999377 0.996677 0.98711 0.960453 0.901893 0.811374 0.73815 0.683001 0.623242 0.559435 0.49718 0.435185 0.372993 0.310825 0.248661 0.186496 0.12433 0.0621652 -1.03867e-17 -0.0621652 -0.12433 -0.186496 -0.248661 -0.310825 -0.372993 -0.435185 -0.49718 -0.559435 -0.623242 -0.683001 -0.73815 -0.811374 -0.901893 -0.960453 -0.98711 -0.996677 -0.999377 -0.999933 -1 -1 
1 1 0.999963 0.99964 0.997992 0.991824 0.973478 0.929355 0.846872 0.757011 0.695892 0.638751 0.574206 0.509399 0.445952 0.382288 0.318553 0.254844 0.191133 0.127422 0.063711 -1.16443e-17 -0.063711 -0.127422 -0.191133 -0.254844 -0.318553 -0.382288 -0.445952 -0.509399 -0.574206 -0.638751 -0.695892 -0.757011 -0.846872 -0.929355 -0.973478 -0.991824 -0.997992 -0.99964 -0.999963 -1 -1 
1 1 0.999979 0.999792 0.99879 0.994853 0.982475 0.950378 0.883001 0.784559 0.709649 0.652787 0.589983 0.522631 0.457141 0.392041 0.326679 0.261337 0.196004 0.130669 0.0653347 -1.29454e-17 -0.0653347 -0.130669 -0.196004 -0.261337 -0.326679 -0.392041 -0.457141 -0.522631 -0.589983 -0.652787 -0.709649 -0.784559 -0.883001 -0.950378 -0.982475 -0.994853 -0.99879 -0.999792 -0.999979 -1 -1 
1 1 0.999989 0.99988 0.999272 0.996779 0.988547 0.965862 0.913894 0.820934 0.727578 0.665528 0.605563 0.537233 0.468937 0.402217 0.335239 0.268166 0.201126 0.134084 0.0670421 -1.43332e-17 -0.0670421 -0.134084 -0.201126 -0.268166 -0.335239 -0.402217 -0.468937 -0.537233 -0.605563 -0.665528 -0.727578 -0.820934 -0.913894 -0.965862 -0.988547 -0.996779 -0.999272 -0.99988 -0.999989 -1 -1 
1 1 0.999994 0.99993 0.999563 0.997995 0.992583 0.976887 0.938226 0.860025 0.753814 0.678724 0.619769 0.552934 0.481742 0.412816 0.344239 0.275366 0.206518 0.13768 0.06884 -1.59811e-17 -0.06884 -0.13768 -0.206518 -0.275366 -0.344239 -0.412816 -0.481742 -0.552934 -0.619769 -0.678724 -0.753814 -0.860025 -0.938226 -0.976887 -0.992583 -0.997995 -0.999563 -0.99993 -0.999994 -1 -1 
1 1 0.999996 0.99996 0.999738 0.998756 0.995231 0.984539 0.956619 0.894998 0.790125 0.695279 0.632523 0.568684 0.495923 0.423998 0.353655 0.282971 0.212204 0.141471 0.0707356 -1.80194e-17 -0.0707356 -0.141471 -0.212204 -0.282971 -0.353655 -0.423998 -0.495923 -0.568684 -0.632523 -0.695279 -0.790125 -0.894998 -0.956619 -0.984539 -0.995231 -0.998756 -0.999738 -0.99996 -0.999996 -1 -1 
1 1 0.999998 0.999977 0.999843 0.999231 0.996953 0.98976 0.970049 0.923314 0.831924 0.719269 0.645172 0.583279 0.511368 0.436119 0.363485 0.290993 0.218215 0.145472 0.072737 -2.02312e-17 -0.072737 -0.145472 -0.218215 -0.290993 -0.363485 -0.436119 -0.511368 -0.583279 -0.645172 -0.719269 -0.831924 -0.923314 -0.970049 -0.98976 -0.996953 -0.999231 -0.999843 -0.999977 -0.999998 -1 -1 
1 1 0.999999 0.999986 0.999906 0.999526 0.998063 0.993272 0.979587 0.945208 0.871561 0.754085 0.660189 0.596295 0.527248 0.449566 0.37384 0.299422 0.224582 0.149704 0.0748531 -2.27032e-17 -0.0748531 -0.149704 -0.224582 -0.299422 -0.37384 -0.449566 -0.527248 -0.596295 -0.660189 -0.754085 -0.871561 -0.945208 -0.979587 -0.993272 -0.998063 -0.999526 -0.999906 -0.999986 -0.999999 -1 -1 
1 1 0.999999 0.999992 0.999944 0.999709 0.998774 0.99561 0.986232 0.961552 0.904709 0.79757 0.681274 0.608595 0.542365 0.464427 0.385004 0.308248 0.231327 0.154189 0.0770936 -2.5392e-17 -0.0770936 -0.154189 -0.231327 -0.308248 -0.385004 -0.464427 -0.542365 -0.608595 -0.681274 -0.79757 -0.904709 -0.961552 -0.986232 -0.99561 -0.998774 -0.999709 -0.999944 -0.999992 -0.999999 -1 -1 
1 1 1 0.999995 0.999967 0.999821 0.999227 0.997152 0.990794 0.973391 0.93088 0.842103 0.712905 0.622194 0.555941 0.480179 0.39736 0.31753 0.238454 0.158955 0.07947 -2.82977e-17 -0.07947 -0.158955 -0.238454 -0.31753 -0.39736 -0.480179 -0.555941 -0.622194 -0.712905 -0.842103 -0.93088 -0.973391 -0.990794 -0.997152 -0.999227 -0.999821 -0.999967 -0.999995 -1 -1 -1 
1 1 1 0.999997 0.99998 0.999891 0.999514 0.998161 0.993889 0.981785 0.950813 0.881086 0.756059 0.640207 0.568257 0.495756 0.411168 0.32746 0.245954 0.164026 0.0819964 -3.15503e-17 -0.0819964 -0.164026 -0.245954 -0.32746 -0.411168 -0.495756 -0.568257 -0.640207 -0.756059 -0.881086 -0.950813 -0.981785 -0.993889 -0.998161 -0.999514 -0.999891 -0.99998 -0.999997 -1 -1 -1 
1 1 1 0.999998 0.999988 0.999933 0.999696 0.998818 0.995968 0.987643 0.96552 0.912567 0.804792 0.667243 0.580808 0.510113 0.426261 0.338358 0.253849 0.169419 0.0846894 -3.541e-17 -0.0846894 -0.169419 -0.253849 -0.338358 -0.426261 -0.510113 -0.580808 -0.667243 -0.804792 -0.912567 -0.96552 -0.987643 -0.995968 -0.998818 -0.999696 -0.999933 -0.999988 -0.999998 -1 -1 -1 
1 1 1 0.999999 0.999993 0.999959 0.99981 0.999243 0.997355 0.991681 0.976106 0.936992 0.850544 0.707213 0.596094 0.522922 0.441889 0.350569 0.262233 0.175137 0.0875673 -3.97469e-17 -0.0875673 -0.175137 -0.262233 -0.350569 -0.441889 -0.522922 -0.596094 -0.707213 -0.850544 -0.936992 -0.976106 -0.991681 -0.997355 -0.999243 -0.99981 -0.999959 -0.999993 -0.999999 -1 -1 -1 
1 1 1 0.999999 0.999996 0.999975 0.999881 0.999517 0.998272 0.994435 0.983597 0.955336 0.888702 0.757823 0.618037 0.534997 0.456964 0.364238 0.271319 0.181185 0.0906471 -4.45173e-17 -0.0906471 -0.181185 -0.271319 -0.364238 -0.456964 -0.534997 -0.618037 -0.757823 -0.888702 -0.955336 -0.983597 -0.994435 -0.998272 -0.999517 -0.999881 -0.999975 -0.999996 -0.999999 -1 -1 -1 
1 1 1 1 0.999997 0.999985 0.999926 0.999693 0.998877 0.996298 0.988828 0.968733 0.918848 0.810431 0.651982 0.548251 0.470652 0.379061 0.281414 0.187594 0.0939409 -4.9895e-17 -0.0939409 -0.187594 -0.281414 -0.379061 -0.470652 -0.548251 -0.651982 -0.810431 -0.918848 -0.968733 -0.988828 -0.996298 -0.998877 -0.999693 -0.999926 -0.999985 -0.999997 -1 -1 -1 -1 
1 1 1 1 0.999999 0.999991 0.999954 0.999805 0.999272 0.99755 0.992441 0.978326 0.941882 0.856906 0.700338 0.565685 0.482961 0.394226 0.292816 0.194459 0.0974553 -5.56196e-17 -0.0974553 -0.194459 -0.292816 -0.394226 -0.482961 -0.565685 -0.700338 -0.856906 -0.941882 -0.978326 -0.992441 -0.99755 -0.999272 -0.999805 -0.999954 -0.999991 -0.999999 -1 -1 -1 -1 
1 1 1 1 0.999999 0.999994 0.999972 0.999877 0.99953 0.998386 0.994915 0.985097 0.958961 0.894496 0.757629 0.592163 0.495073 0.40871 0.305626 0.201963 0.101198 -6.19513e-17 -0.101198 -0.201963 -0.305626 -0.40871 -0.495073 -0.592163 -0.757629 -0.894496 -0.958961 -0.985097 -0.994915 -0.998386 -0.99953 -0.999877 -0.999972 -0.999994 -0.999999 -1 -1 -1 -1 
1 1 1 1 0.999999 0.999997 0.999982 0.999922 0.999698 0.99894 0.996596 0.989823 0.971325 0.923686 0.813552 0.633429 0.509204 0.421827 0.319534 0.210366 0.10519 -6.93239e-17 -0.10519 -0.210366 -0.319534 -0.421827 -0.509204 -0.633429 -0.813552 -0.923686 -0.971325 -0.989823 -0.996596 -0.99894 -0.999698 -0.999922 -0.999982 -0.999997 -0.999999 -1 -1 -1 -1 
1 1 1 1 1 0.999998 0.999989 0.999951 0.999806 0.999307 0.997732 0.99309 0.980133 0.945678 0.860935 0.689998 0.528903 0.433783 0.333795 0.219928 0.109493 -7.67832e-17 -0.109493 -0.219928 -0.333795 -0.433783 -0.528903 -0.689998 -0.860935 -0.945678 -0.980133 -0.99309 -0.997732 -0.999307 -0.999806 -0.999951 -0.999989 -0.999998 -1 -1 -1 -1 -1 
1 1 1 1 1 0.999999 0.999993 0.999969 0.999876 0.999548 0.998495 0.995332 0.986331 0.961797 0.898422 0.753726 0.56001 0.445961 0.347481 0.230769 0.114219 -8.49364e-17 -0.114219 -0.230769 -0.347481 -0.445961 -0.56001 -0.753726 -0.898422 -0.961797 -0.986331 -0.995332 -0.998495 -0.999548 -0.999876 -0.999969 -0.999993 -0.999999 -1 -1 -1 -1 -1 
1 1 1 1 1 0.999999 0.999996 0.999981 0.999921 0.999707 0.999005 0.996861 0.990651 0.973374 0.927097 0.81323 0.608492 0.460797 0.359957 0.242697 0.119538 -9.34365e-17 -0.119538 -0.242697 -0.359957 -0.460797 -0.608492 -0.81323 -0.927097 -0.973374 -0.990651 -0.996861 -0.999005 -0.999707 -0.999921 -0.999981 -0.999996 -0.999999 -1 -1 -1 -1 -1 
1 1 1 1 1 1 0.999997 0.999988 0.99995 0.99981 0.999344 0.997898 0.993638 0.981576 0.948422 0.862195 0.673199 0.482357 0.37146 0.255149 0.125647 -1.03151e-16 -0.125647 -0.255149 -0.37146 -0.482357 -0.673199 -0.862195 -0.948422 -0.981576 -0.993638 -0.997898 -0.999344 -0.99981 -0.99995 -0.999988 -0.999997 -1 -1 -1 -1 -1 -1 
1 1 1 1 1 1 0.999998 0.999992 0.999968 0.999877 0.999569 0.998597 0.99569 0.987329 0.963889 0.900249 0.743877 0.517425 0.383392 0.267342 0.132692 -1.14947e-16 -0.132692 -0.267342 -0.383392 -0.517425 -0.743877 -0.900249 -0.963889 -0.987329 -0.99569 -0.998597 -0.999569 -0.999877 -0.999968 -0.999992 -0.999998 -1 -1 -1 -1 -1 -1 
1 1 1 1 1 1 0.999999 0.999995 0.99998 0.999921 0.999718 0.999067 0.997092 0.99133 0.974912 0.928959 0.80808 0.572437 0.398258 0.278632 0.140653 -1.28998e-16 -0.140653 -0.278632 -0.398258 -0.572437 -0.80808 -0.928959 -0.974912 -0.99133 -0.997092 -0.999067 -0.999718 -0.999921 -0.99998 -0.999995 -0.999999 -1 -1 -1 -1 -1 -1 
1 1 1 1 1 1 0.999999 0.999997 0.999987 0.999949 0.999816 0.999382 0.998045 0.994093 0.982678 0.950059 0.859835 0.645367 0.420447 0.289097 0.149255 -1.46346e-16 -0.149255 -0.289097 -0.420447 -0.645367 -0.859835 -0.950059 -0.982678 -0.994093 -0.998045 -0.999382 -0.999816 -0.999949 -0.999987 -0.999997 -0.999999 -1 -1 -1 -1 -1 -1 
1 1 1 1 1 1 1 0.999998 0.999992 0.999967 0.99988 0.999591 0.99869 0.995991 0.988102 0.965213 0.899436 0.724403 0.457589 0.299903 0.157986 -1.65948e-16 -0.157986 -0.299903 -0.457589 -0.724403 -0.899436 -0.965213 -0.988102 -0.995991 -0.99869 -0.999591 -0.99988 -0.999967 -0.999992 -0.999998 -1 -1 -1 -1 -1 -1 -1 
1 1 1 1 1 1 1 0.999999 0.999995 0.999979 0.999922 0.999731 0.999125 0.997288 0.991862 0.975928 0.928933 0.795522 0.51735 0.313309 0.16627 -1.88326e-16 -0.16627 -0.313309 -0.51735 -0.795522 -0.928933 -0.975928 -0.991862 -0.997288 -0.999125 -0.999731 -0.999922 -0.999979 -0.999995 -0.999999 -1 -1 -1 -1 -1 -1 -1 
1 1 1 1 1 1 1 0.999999 0.999997 0.999987 0.99995 0.999823 0.999417 0.998172 0.994455 0.98343 0.950379 0.852117 0.598313 0.333529 0.173905 -2.08796e-16 -0.173905 -0.333529 -0.598313 -0.852117 -0.950379 -0.98343 -0.994455 -0.998172 -0.999417 -0.999823 -0.99995 -0.999987 -0.999997 -0.999999 -1 -1 -1 -1 -1 -1 -1 
1 1 1 1 1 1 1 1 0.999998 0.999992 0.999967 0.999884 0.999613 0.998771 0.996234 0.988644 0.965639 0.894821 0.688009 0.368626 0.181494 -2.24408e-16 -0.181494 -0.368626 -0.688009 -0.894821 -0.965639 -0.988644 -0.996234 -0.998771 -0.999613 -0.999884 -0.999967 -0.999992 -0.999998 -1 -1 -1 -1 -1 -1 -1 -1 
1 1 1 1 1 1 1 1 0.999999 0.999995 0.999979 0.999924 0.999744 0.999176 0.99745 0.992245 0.97634 0.926244 0.76999 0.428594 0.190464 -2.34643e-16 -0.190464 -0.428594 -0.76999 -0.926244 -0.97634 -0.992245 -0.99745 -0.999176 -0.999744 -0.999924 -0.999979 -0.999995 -0.999999 -1 -1 -1 -1 -1 -1 -1 -1 
1 1 1 1 1 1 1 1 0.999999 0.999997 0.999986 0.999951 0.999831 0.999449 0.998278 0.994721 0.983779 0.948873 0.835158 0.51525 0.203767 -2.41408e-16 -0.203767 -0.51525 -0.835158 -0.948873 -0.983779 -0.994721 -0.998278 -0.999449 -0.999831 -0.999951 -0.999986 -0.999997 -0.999999 -1 -1 -1 -1 -1 -1 -1 -1 
1 1 1 1 1 1 1 1 1 0.999998 0.999991 0.999968 0.999888 0.999633 0.99884 0.996416 0.98892 0.964836 0.883765 0.617762 0.228277 -2.49041e-16 -0.228277 -0.617762 -0.883765 -0.964836 -0.98892 -0.996416 -0.99884 -0.999633 -0.999888 -0.999968 -0.999991 -0.999998 -1 -1 -1 -1 -1 -1 -1 -1 -1 
1 1 1 1 1 1 1 1 1 0.999999 0.999994 0.999979 0.999927 0.999756 0.999221 0.997572 0.992454 0.975935 0.9191 0.717297 0.276378 -2.6049e-16 -0.276378 -0.717297 -0.9191 -0.975935 -0.992454 -0.997572 -0.999221 -0.999756 -0.999927 -0.999979 -0.999994 -0.999999 -1 -1 -1 -1 -1 -1 -1 -1 -1 
1 1 1 1 1 1 1 1 1 0.999999 0.999996 0.999986 0.999952 0.999838 0.999478 0.99836 0.994873 0.983588 0.944325 0.798679 0.357321 -2.91715e-16 -0.357321 -0.798679 -0.944325 -0.983588 -0.994873 -0.99836 -0.999478 -0.999838 -0.999952 -0.999986 -0.999996 -0.999999 -1 -1 -1 -1 -1 -1 -1 -1 -1 
1 1 1 1 1 1 1 1 1 0.999999 0.999998 0.999991 0.999968 0.999893 0.999651 0.998894 0.996524 0.988839 0.961995 0.859214 0.467425 -4.07595e-16 -0.467425 -0.859214 -0.961995 -0.988839 -0.996524 -0.998894 -0.999651 -0.999893 -0.999968 -0.999991 -0.999998 -0.999999 -1 -1 -1 -1 -1 -1 -1 -1 -1 
1 1 1 1 1 1 1 1 1 1 0.999999 0.999994 0.999979 0.999929 0.999767 0.999256 0.997649 0.992428 0.974182 0.902677 0.591457 -7.85071e-16 -0.591457 -0.902677 -0.974182 -0.992428 -0.997649 -0.999256 -0.999767 -0.999929 -0.999979 -0.999994 -0.999999 -1 -1 -1 -1 -1 -1 -1 -1 -1 -1 
1 1 1 1 1 1 1 1 1 1 0.999999 0.999996 0.999987 0.999953 0.999845 0.999501 0.998412 0.994873 0.982511 0.933404 0.705925 -1.46231e-15 -0.705925 -0.933404 -0.982511 -0.994873 -0.998412 -0.999501 -0.999845 -0.999953 -0.999987 -0.999996 -0.999999 -1 -1 -1 -1 -1 -1 -1 -1 -1 -1 
1 1 1 1 1 1 1 1 1 1 0.999999 0.999998 0.999991 0.999969 0.999897 0.999665 0.99893 0.996534 0.988176 0.954834 0.794616 -2.17285e-15 -0.794616 -0.954834 -0.988176 -0.996534 -0.99893 -0.999665 -0.999897 -0.999969 -0.999991 -0.999998 -0.999999 -1 -1 -1 -1 -1 -1 -1 -1 -1 -1 
1 1 1 1 1 1 1 1 1 1 1 0.999998 0.999994 0.99998 0.999932 0.999776 0.99928 0.99766 0.992019 0.969543 0.857817 -2.63914e-15 -0.857817 -0.969543 -0.992019 -0.99766 -0.99928 -0.999776 -0.999932 -0.99998 -0.999994 -0.999998 -1 -1 -1 -1 -1 -1 -1 -1 -1 -1 -1 
1 1 1 1 1 1 1 1 1 1 1 0.999999 0.999996 0.999987 0.999955 0.999851 0.999516 0.998423 0.994621 0.979514 0.901837 -3.06103e-15 -0.901837 -0.979514 -0.994621 -0.998423 -0.999516 -0.999851 -0.999955 -0.999987 -0.999996 -0.999999 -1 -1 -1 -1 -1 -1 -1 -1 -1 -1 -1 
1 1 1 1 1 1 1 1 1 1 1 0.999999 0.999998 0.999991 0.99997 0.999901 0.999676 0.998938 0.996378 0.986229 0.932344 -3.32748e-15 -0.932344 -0.986229 -0.996378 -0.998938 -0.999676 -0.999901 -0.99997 -0.999991 -0.999998 -0.999999 -1 -1 -1 -1 -1 -1 -1 -1 -1 -1 -1 
1 1 1 1 1 1 1 1 1 1 1 1 0.999998 0.999994 0.99998 0.999934 0.999783 0.999286 0.997563 0.990739 0.953448 -3.50512e-15 -0.953448 -0.990739 -0.997563 -0.999286 -0.999783 -0.999934 -0.99998 -0.999994 -0.999998 -1 -1 -1 -1 -1 -1 -1 -1 -1 -1 -1 -1 
1 1 1 1 1 1 1 1 1 1 1 1 0.999999 0.999996 0.999987 0.999956 0.999855 0.999521 0.998362 0.993768 0.968025 -3.61614e-15 -0.968025 -0.993768 -0.998362 -0.999521 -0.999855 -0.999956 -0.999987 -0.999996 -0.999999 -1 -1 -1 -1 -1 -1 -1 -1 -1 -1 -1 -1 
1 1 1 1 1 1 1 1 1 1 1 1 0.999999 0.999998 0.999991 0.999971 0.999903 0.999679 0.998899 0.995804 0.978075 -3.74937e-15 -0.978075 -0.995804 -0.998899 -0.999679 -0.999903 -0.999971 -0.999991 -0.999998 -0.999999 -1 -1 -1 -1 -1 -1 -1 -1 -1 -1 -1 -1 
1 1 1 1 1 1 1 1 1 1 1 1 1 0.999998 0.999994 0.999981 0.999935 0.999785 0.999261 0.997174 0.984991 -3.74937e-15 -0.984991 -0.997174 -0.999261 -0.999785 -0.999935 -0.999981 -0.999994 -0.999998 -1 -1 -1 -1 -1 -1 -1 -1 -1 -1 -1 -1 -1 
1 1 1 1 1 1 1 1 1 1 1 1 1 0.999999 0.999996 0.999987 0.999957 0.999856 0.999504 0.998096 0.989742 -3.74937e-15 -0.989742 -0.998096 -0.999504 -0.999856 -0.999957 -0.999987 -0.999996 -0.999999 -1 -1 -1 -1 -1 -1 -1 -1 -1 -1 -1 -1 -1 
1 1 1 1 1 1 1 1 1 1 1 1 1 0.999999 0.999998 0.999992 0.999971 0.999904 0.999667 0.998717 0.992999 -3.74937e-15 -0.992999 -0.998717 -0.999667 -0.999904 -0.999971 -0.999992 -0.999998 -0.999999 -1 -1 -1 -1 -1 -1 -1 -1 -1 -1 -1 -1 -1 
1 1 1 1 1 1 1 1 1 1 1 1 1 1 0.999998 0.999994 0.999981 0.999936 0.999777 0.999136 0.995229 -3.74937e-15 -0.995229 -0.999136 -0.999777 -0.999936 -0.999981 -0.999994 -0.999998 -1 -1 -1 -1 -1 -1 -1 -1 -1 -1 -1 -1 -1 -1 
1 1 1 1 1 1 1 1 1 1 1 1 1 1 0.999999 0.999996 0.999987 0.999957 0.99985 0.999418 0.996752 -3.72716e-15 -0.996752 -0.999418 -0.99985 -0.999957 -0.999987 -0.999996 -0.999999 -1 -1 -1 -1 -1 -1 -1 -1 -1 -1 -1 -1 -1 -1 
1 1 1 1 1 1 1 1 1 1 1 1 1 1 0.999999 0.999998 0.999992 0.999972 0.9999 0.999608 0.997792 -3.72716e-15 -0.997792 -0.999608 -0.9999 -0.999972 -0.999992 -0.999998 -0.999999 -1 -1 -1 -1 -1 -1 -1 -1 -1 -1 -1 -1 -1 -1 
1 1 1 1 1 1 1 1 1 1 1 1 1 1 1 0.999998 0.999995 0.999981 0.999933 0.999737 0.998501 -3.72716e-15 -0.998501 -0.999737 -0.999933 -0.999981 -0.999995 -0.999998 -1 -1 -1 -1 -1 -1 -1 -1 -1 -1 -1 -1 -1 -1 -1 
1 1 1 1 1 1 1 1 1 1 1 1 1 1 1 0.999999 0.999996 0.999987 0.999955 0.999823 0.998983 -3.72716e-15 -0.998983 -0.999823 -0.999955 -0.999987 -0.999996 -0.999999 -1 -1 -1 -1 -1 -1 -1 -1 -1 -1 -1 -1 -1 -1 -1 
1 1 1 1 1 1 1 1 1 1 1 1 1 1 1 0.999999 0.999998 0.999992 0.99997 0.999881 0.999311 -3.72716e-15 -0.999311 -0.999881 -0.99997 -0.999992 -0.999998 -0.999999 -1 -1 -1 -1 -1 -1 -1 -1 -1 -1 -1 -1 -1 -1 -1 
1 1 1 1 1 1 1 1 1 1 1 1 1 1 1 1 0.999998 0.999994 0.99998 0.99992 0.999534 -3.72716e-15 -0.999534 -0.99992 -0.99998 -0.999994 -0.999998 -1 -1 -1 -1 -1 -1 -1 -1 -1 -1 -1 -1 -1 -1 -1 -1 
1 1 1 1 1 1 1 1 1 1 1 1 1 1 1 1 0.999999 0.999996 0.999987 0.999946 0.999685 -3.72716e-15 -0.999685 -0.999946 -0.999987 -0.999996 -0.999999 -1 -1 -1 -1 -1 -1 -1 -1 -1 -1 -1 -1 -1 -1 -1 -1 
1 1 1 1 1 1 1 1 1 1 1 1 1 1 1 1 0.999999 0.999998 0.999991 0.999964 0.999787 -3.70496e-15 -0.999787 -0.999964 -0.999991 -0.999998 -0.999999 -1 -1 -1 -1 -1 -1 -1 -1 -1 -1 -1 -1 -1 -1 -1 -1 
1 1 1 1 1 1 1 1 1 1 1 1 1 1 1 1 1 0.999998 0.999994 0.999976 0.999856 -3.70496e-15 -0.999856 -0.999976 -0.999994 -0.999998 -1 -1 -1 -1 -1 -1 -1 -1 -1 -1 -1 -1 -1 -1 -1 -1 -1 
1 1 1 1 1 1 1 1 1 1 1 1 1 1 1 1 1 0.999999 0.999996 0.999984 0.999903 -3.70496e-15 -0.999903 -0.999984 -0.999996 -0.999999 -1 -1 -1 -1 -1 -1 -1 -1 -1 -1 -1 -1 -1 -1 -1 -1 -1 
1 1 1 1 1 1 1 1 1 1 1 1 1 1 1 1 1 0.999999 0.999997 0.999989 0.999935 -3.70496e-15 -0.999935 -0.999989 -0.999997 -0.999999 -1 -1 -1 -1 -1 -1 -1 -1 -1 -1 -1 -1 -1 -1 -1 -1 -1 
1 1 1 1 1 1 1 1 1 1 1 1 1 1 1 1 1 1 0.999998 0.999993 0.999956 -3.70496e-15 -0.999956 -0.999993 -0.999998 -1 -1 -1 -1 -1 -1 -1 -1 -1 -1 -1 -1 -1 -1 -1 -1 -1 -1 
1 1 1 1 1 1 1 1 1 1 1 1 1 1 1 1 1 1 0.999999 0.999995 0.99997 -3.70496e-15 -0.99997 -0.999995 -0.999999 -1 -1 -1 -1 -1 -1 -1 -1 -1 -1 -1 -1 -1 -1 -1 -1 -1 -1 
1 1 1 1 1 1 1 1 1 1 1 1 1 1 1 1 1 1 0.999999 0.999997 0.99998 -3.70496e-15 -0.99998 -0.999997 -0.999999 -1 -1 -1 -1 -1 -1 -1 -1 -1 -1 -1 -1 -1 -1 -1 -1 -1 -1 
1 1 1 1 1 1 1 1 1 1 1 1 1 1 1 1 1 1 1 0.999998 0.999987 -3.70496e-15 -0.999987 -0.999998 -1 -1 -1 -1 -1 -1 -1 -1 -1 -1 -1 -1 -1 -1 -1 -1 -1 -1 -1 
1 1 1 1 1 1 1 1 1 1 1 1 1 1 1 1 1 1 1 0.999999 0.999991 -3.70496e-15 -0.999991 -0.999999 -1 -1 -1 -1 -1 -1 -1 -1 -1 -1 -1 -1 -1 -1 -1 -1 -1 -1 -1 
1 1 1 1 1 1 1 1 1 1 1 1 1 1 1 1 1 1 1 0.999999 0.999994 -3.70496e-15 -0.999994 -0.999999 -1 -1 -1 -1 -1 -1 -1 -1 -1 -1 -1 -1 -1 -1 -1 -1 -1 -1 -1 
1 1 1 1 1 1 1 1 1 1 1 1 1 1 1 1 1 1 1 0.999999 0.999996 -3.70496e-15 -0.999996 -0.999999 -1 -1 -1 -1 -1 -1 -1 -1 -1 -1 -1 -1 -1 -1 -1 -1 -1 -1 -1 
1 1 1 1 1 1 1 1 1 1 1 1 1 1 1 1 1 1 1 1 0.999997 -3.70496e-15 -0.999997 -1 -1 -1 -1 -1 -1 -1 -1 -1 -1 -1 -1 -1 -1 -1 -1 -1 -1 -1 -1 
1 1 1 1 1 1 1 1 1 1 1 1 1 1 1 1 1 1 1 1 0.999998 -3.70496e-15 -0.999998 -1 -1 -1 -1 -1 -1 -1 -1 -1 -1 -1 -1 -1 -1 -1 -1 -1 -1 -1 -1 
1 1 1 1 1 1 1 1 1 1 1 1 1 1 1 1 1 1 1 1 0.999999 -3.70496e-15 -0.999999 -1 -1 -1 -1 -1 -1 -1 -1 -1 -1 -1 -1 -1 -1 -1 -1 -1 -1 -1 -1 
1 1 1 1 1 1 1 1 1 1 1 1 1 1 1 1 1 1 1 1 0.999999 -3.70496e-15 -0.999999 -1 -1 -1 -1 -1 -1 -1 -1 -1 -1 -1 -1 -1 -1 -1 -1 -1 -1 -1 -1 
1 1 1 1 1 1 1 1 1 1 1 1 1 1 1 1 1 1 1 1 0.999999 -3.70496e-15 -0.999999 -1 -1 -1 -1 -1 -1 -1 -1 -1 -1 -1 -1 -1 -1 -1 -1 -1 -1 -1 -1 
1 1 1 1 1 1 1 1 1 1 1 1 1 1 1 1 1 1 1 1 1 -3.70496e-15 -1 -1 -1 -1 -1 -1 -1 -1 -1 -1 -1 -1 -1 -1 -1 -1 -1 -1 -1 -1 -1 
1 1 1 1 1 1 1 1 1 1 1 1 1 1 1 1 1 1 1 1 1 -3.70496e-15 -1 -1 -1 -1 -1 -1 -1 -1 -1 -1 -1 -1 -1 -1 -1 -1 -1 -1 -1 -1 -1 
1 1 1 1 1 1 1 1 1 1 1 1 1 1 1 1 1 1 1 1 1 -3.70496e-15 -1 -1 -1 -1 -1 -1 -1 -1 -1 -1 -1 -1 -1 -1 -1 -1 -1 -1 -1 -1 -1 
1 1 1 1 1 1 1 1 1 1 1 1 1 1 1 1 1 1 1 1 1 -3.70496e-15 -1 -1 -1 -1 -1 -1 -1 -1 -1 -1 -1 -1 -1 -1 -1 -1 -1 -1 -1 -1 -1 
