1 1 0.95 0.9 0.85 0.8 0.75 0.7 0.65 0.6 0.55 0.5 0.45 0.4 0.35 0.3 0.25 0.2 0.15 0.1 0.05 0 -0.05 -0.1 -0.15 -0.2 -0.25 -0.3 -0.35 -0.4 -0.45 -0.5 -0.55 -0.6 -0.65 -0.7 -0.75 -0.8 -0.85 -0.9 -0.95 -1 -1 
1 1 1.00053 0.9315 0.87975 0.828 0.77625 0.7245 0.67275 0.621 0.56925 0.5175 0.46575 0.414 0.36225 0.3105 0.25875 0.207 0.15525 0.1035 0.05175 -1.40404e-18 -0.05175 -0.1035 -0.15525 -0.207 -0.25875 -0.3105 -0.36225 -0.414 -0.46575 -0.5175 -0.56925 -0.621 -0.67275 -0.7245 -0.77625 -0.828 -0.87975 -0.9315 -1.00053 -1 -1 
1 1 0.999975 0.996934 0.909636 0.857978 0.804355 0.750731 0.697107 0.643484 0.58986 0.536236 0.482613 0.428989 0.375366 0.321742 0.268118 0.214495 0.160871 0.107247 0.0536236 -2.99697e-18 -0.0536236 -0.107247 -0.160871 -0.214495 -0.268118 -0.321742 -0.375366 -0.428989 -0.482613 -0.536236 -0.58986 -0.643484 -0.697107 -0.750731 -0.804355 -0.857978 -0.909636 -0.996934 -0.999975 -1 -1 
1 1 1 1.00015 0.985859 0.886427 0.834844 0.778911 0.723274 0.667638 0.612001 0.556365 0.500728 0.445092 0.389455 0.333819 0.278182 0.222546 0.166909 0.111273 0.0556365 -4.5528e-18 -0.0556365 -0.111273 -0.166909 -0.222546 -0.278182 -0.333819 -0.389455 -0.445092 -0.500728 -0.556365 -0.612001 -0.667638 -0.723274 -0.778911 -0.834844 -0.886427 -0.985859 -1.00015 -1 -1 -1 
1 1 1 0.999995 1.00134 0.964889 0.862503 0.810029 0.7514 0.693636 0.635833 0.57803 0.520227 0.462424 0.404621 0.346818 0.289015 0.231212 0.173409 0.115606 0.057803 -6.374e-18 -0.057803 -0.115606 -0.173409 -0.231212 -0.289015 -0.346818 -0.404621 -0.462424 -0.520227 -0.57803 -0.635833 -0.693636 -0.7514 -0.810029 -0.862503 -0.964889 -1.00134 -0.999995 -1 -1 -1 
1 1 1 1 0.999945 1.00502 0.931878 0.837466 0.783019 0.721542 0.66153 0.601387 0.541248 0.481109 0.420971 0.360832 0.300693 0.240555 0.180416 0.120277 0.0601387 -8.00354e-18 -0.0601387 -0.120277 -0.180416 -0.240555 -0.300693 -0.360832 -0.420971 -0.481109 -0.541248 -0.601387 -0.66153 -0.721542 -0.783019 -0.837466 -0.931878 -1.00502 -0.999945 -1 -1 -1 -1 
1 1 1 1 1 0.99981 1.00861 0.888316 0.81072 0.753291 0.689023 0.626593 0.563919 0.501262 0.438604 0.375946 0.313288 0.250631 0.187973 0.125315 0.0626577 -9.8159e-18 -0.0626577 -0.125315 -0.187973 -0.250631 -0.313288 -0.375946 -0.438604 -0.501262 -0.563919 -0.626593 -0.689023 -0.753291 -0.81072 -0.888316 -1.00861 -0.99981 -1 -1 -1 -1 -1 
1 1 1 1 1 1.00001 0.999566 0.997431 0.84719 0.782145 0.720493 0.653563 0.588471 0.523058 0.457677 0.392294 0.326912 0.26153 0.196147 0.130765 0.0653824 -1.17723e-17 -0.0653824 -0.130765 -0.196147 -0.26153 -0.326912 -0.392294 -0.457677 -0.523058 -0.588471 -0.653563 -0.720493 -0.782145 -0.84719 -0.997431 -0.999566 -1.00001 -1 -1 -1 -1 -1 
1 1 1 1 1 0.999999 1.00006 0.999499 0.966167 0.813469 0.751749 0.684665 0.615121 0.547037 0.47862 0.410249 0.341874 0.273499 0.205124 0.13675 0.0683748 -1.39732e-17 -0.0683748 -0.13675 -0.205124 -0.273499 -0.341874 -0.410249 -0.47862 -0.547037 -0.615121 -0.684665 -0.751749 -0.813469 -0.966167 -0.999499 -1.00006 -0.999999 -1 -1 -1 -1 -1 
1 1 1 1 1 1 0.999999 1.00011 1.00187 0.916323 0.78136 0.717815 0.645203 0.572991 0.501567 0.429879 0.358236 0.286589 0.214941 0.143294 0.0716472 -1.64017e-17 -0.0716472 -0.143294 -0.214941 -0.286589 -0.358236 -0.429879 -0.501567 -0.572991 -0.645203 -0.717815 -0.78136 -0.916323 -1.00187 -1.00011 -0.999999 -1 -1 -1 -1 -1 -1 
1 1 1 1 1 1 1 0.999991 1.00008 1.00531 0.850724 0.747247 0.679118 0.601783 0.526545 0.451429 0.376165 0.300935 0.225701 0.150468 0.0752338 -1.92803e-17 -0.0752338 -0.150468 -0.225701 -0.300935 -0.376165 -0.451429 -0.526545 -0.601783 -0.679118 -0.747247 -0.850724 -1.00531 -1.00008 -0.999991 -1 -1 -1 -1 -1 -1 -1 
1 1 1 1 1 1 1 1 0.999984 0.999915 0.986476 0.790686 0.709592 0.635135 0.55392 0.475041 0.395887 0.316697 0.237525 0.15835 0.0791749 -2.23755e-17 -0.0791749 -0.15835 -0.237525 -0.316697 -0.395887 -0.475041 -0.55392 -0.635135 -0.709592 -0.790686 -0.986476 -0.999915 -0.999984 -1 -1 -1 -1 -1 -1 -1 -1 
1 1 1 1 1 1 1 1 1 0.99998 1.00071 0.933803 0.744644 0.66817 0.58596 0.501087 0.417846 0.334254 0.250688 0.167126 0.083563 -2.66256e-17 -0.083563 -0.167126 -0.250688 -0.334254 -0.417846 -0.501087 -0.58596 -0.66817 -0.744644 -0.933803 -1.00071 -0.99998 -1 -1 -1 -1 -1 -1 -1 -1 -1 
1 1 1 1 1 1 1 1 1 1 0.999939 1.00505 0.853256 0.700609 0.620577 0.530964 0.44207 0.353821 0.26534 0.176895 0.0884475 -3.14793e-17 -0.0884475 -0.176895 -0.26534 -0.353821 -0.44207 -0.530964 -0.620577 -0.700609 -0.853256 -1.00505 -0.999939 -1 -1 -1 -1 -1 -1 -1 -1 -1 -1 
1 1 1 1 1 1 1 1 1 1 1.00001 0.999731 0.996432 0.762545 0.652446 0.565113 0.469334 0.375536 0.281703 0.18779 0.093896 -3.69162e-17 -0.093896 -0.18779 -0.281703 -0.375536 -0.469334 -0.565113 -0.652446 -0.762545 -0.996432 -0.999731 -1.00001 -1 -1 -1 -1 -1 -1 -1 -1 -1 -1 
1 1 1 1 1 1 1 1 1 1 0.999999 1.00003 0.999798 0.939209 0.694274 0.598491 0.501488 0.400052 0.300211 0.200138 0.100067 -4.32913e-17 -0.100067 -0.200138 -0.300211 -0.400052 -0.501488 -0.598491 -0.694274 -0.939209 -0.999798 -1.00003 -0.999999 -1 -1 -1 -1 -1 -1 -1 -1 -1 -1 
1 1 1 1 1 1 1 1 1 1 1 0.999999 1.00005 1.00321 0.83825 0.634293 0.535994 0.428723 0.321106 0.214168 0.107076 -5.13358e-17 -0.107076 -0.214168 -0.321106 -0.428723 -0.535994 -0.634293 -0.83825 -1.00321 -1.00005 -0.999999 -1 -1 -1 -1 -1 -1 -1 -1 -1 -1 -1 
1 1 1 1 1 1 1 1 1 1 1 1 0.999996 0.999937 0.99523 0.7141 0.56942 0.461658 0.345209 0.230121 0.115082 -6.08679e-17 -0.115082 -0.230121 -0.345209 -0.461658 -0.56942 -0.7141 -0.99523 -0.999937 -0.999996 -1 -1 -1 -1 -1 -1 -1 -1 -1 -1 -1 -1 
1 1 1 1 1 1 1 1 1 1 1 1 1 0.999998 1.00016 0.921301 0.616561 0.494691 0.373942 0.248591 0.124348 -7.25556e-17 -0.124348 -0.248591 -0.373942 -0.494691 -0.616561 -0.921301 -1.00016 -0.999998 -1 -1 -1 -1 -1 -1 -1 -1 -1 -1 -1 -1 -1 
1 1 1 1 1 1 1 1 1 1 1 1 1 1 0.99999 1.00362 0.781166 0.531953 0.405703 0.270624 0.135126 -8.69731e-17 -0.135126 -0.270624 -0.405703 -0.531953 -0.781166 -1.00362 -0.99999 -1 -1 -1 -1 -1 -1 -1 -1 -1 -1 -1 -1 -1 -1 
1 1 1 1 1 1 1 1 1 1 1 1 1 1 1 0.999829 0.979925 0.613111 0.437867 0.296693 0.147907 -1.0482e-16 -0.147907 -0.296693 -0.437867 -0.613111 -0.979925 -0.999829 -1 -1 -1 -1 -1 -1 -1 -1 -1 -1 -1 -1 -1 -1 -1 
1 1 1 1 1 1 1 1 1 1 1 1 1 1 1 1.00001 1.00079 0.85185 0.482574 0.324589 0.163613 -1.28498e-16 -0.163613 -0.324589 -0.482574 -0.85185 -1.00079 -1.00001 -1 -1 -1 -1 -1 -1 -1 -1 -1 -1 -1 -1 -1 -1 -1 
1 1 1 1 1 1 1 1 1 1 1 1 1 1 1 0.999999 0.999977 0.999355 0.633177 0.356062 0.182203 -1.57315e-16 -0.182203 -0.356062 -0.633177 -0.999355 -0.999977 -0.999999 -1 -1 -1 -1 -1 -1 -1 -1 -1 -1 -1 -1 -1 -1 -1 
1 1 1 1 1 1 1 1 1 1 1 1 1 1 1 1 1 1 0.902403 0.413488 0.201836 -1.97995e-16 -0.201836 -0.413488 -0.902403 -1 -1 -1 -1 -1 -1 -1 -1 -1 -1 -1 -1 -1 -1 -1 -1 -1 -1 
1 1 1 1 1 1 1 1 1 1 1 1 1 1 1 1 1 1 1.00184 0.635467 0.227019 -2.27745e-16 -0.227019 -0.635467 -1.00184 -1 -1 -1 -1 -1 -1 -1 -1 -1 -1 -1 -1 -1 -1 -1 -1 -1 -1 
1 1 1 1 1 1 1 1 1 1 1 1 1 1 1 1 1 1 0.999913 0.918221 0.292586 -2.68956e-16 -0.292586 -0.918221 -0.999913 -1 -1 -1 -1 -1 -1 -1 -1 -1 -1 -1 -1 -1 -1 -1 -1 -1 -1 
1 1 1 1 1 1 1 1 1 1 1 1 1 1 1 1 1 1 1 1.0015 0.554476 -3.28457e-16 -0.554476 -1.0015 -1 -1 -1 -1 -1 -1 -1 -1 -1 -1 -1 -1 -1 -1 -1 -1 -1 -1 -1 
1 1 1 1 1 1 1 1 1 1 1 1 1 1 1 1 1 1 1 0.999934 0.871979 -6.14605e-16 -0.871979 -0.999934 -1 -1 -1 -1 -1 -1 -1 -1 -1 -1 -1 -1 -1 -1 -1 -1 -1 -1 -1 
1 1 1 1 1 1 1 1 1 1 1 1 1 1 1 1 1 1 1 1 0.997821 -2.40206e-15 -0.997821 -1 -1 -1 -1 -1 -1 -1 -1 -1 -1 -1 -1 -1 -1 -1 -1 -1 -1 -1 -1 
1 1 1 1 1 1 1 1 1 1 1 1 1 1 1 1 1 1 1 1 1.00011 -2.71293e-15 -1.00011 -1 -1 -1 -1 -1 -1 -1 -1 -1 -1 -1 -1 -1 -1 -1 -1 -1 -1 -1 -1 
1 1 1 1 1 1 1 1 1 1 1 1 1 1 1 1 1 1 1 1 0.999994 -2.71293e-15 -0.999994 -1 -1 -1 -1 -1 -1 -1 -1 -1 -1 -1 -1 -1 -1 -1 -1 -1 -1 -1 -1 
1 1 1 1 1 1 1 1 1 1 1 1 1 1 1 1 1 1 1 1 1 -2.67407e-15 -1 -1 -1 -1 -1 -1 -1 -1 -1 -1 -1 -1 -1 -1 -1 -1 -1 -1 -1 -1 -1 
1 1 1 1 1 1 1 1 1 1 1 1 1 1 1 1 1 1 1 1 1 -2.67407e-15 -1 -1 -1 -1 -1 -1 -1 -1 -1 -1 -1 -1 -1 -1 -1 -1 -1 -1 -1 -1 -1 
1 1 1 1 1 1 1 1 1 1 1 1 1 1 1 1 1 1 1 1 1 -2.67407e-15 -1 -1 -1 -1 -1 -1 -1 -1 -1 -1 -1 -1 -1 -1 -1 -1 -1 -1 -1 -1 -1 
