0 0 0 0 0 0 0 0 0 0 0 0 0 0 0 0 0 0 0 0 0 0.5 1 1 1 1 1 1 1 1 1 1 1 1 1 1 1 1 1 1 1 1 1 
0 -2.19823e-13 8.84588e-13 -3.78126e-12 1.61078e-11 -6.86311e-11 2.92415e-10 -1.24589e-09 5.30835e-09 -2.26172e-08 9.63647e-08 -4.1058e-07 1.74935e-06 -7.45344e-06 3.17568e-05 -0.000135306 0.000576494 -0.00245626 0.0104654 -0.0445896 0.0142795 0.5 0.985721 1.04459 0.989535 1.00246 0.999424 1.00014 0.999968 1.00001 0.999998 1 1 1 1 1 1 1 1 1 1 1 1 
2.19823e-13 8.26627e-12 -3.39255e-11 1.35178e-10 -5.37301e-10 2.12429e-09 -8.34808e-09 3.25739e-08 -1.26028e-07 4.82602e-07 -1.82459e-06 6.78711e-06 -2.47131e-05 8.73779e-05 -0.000295979 0.000935571 -0.00260389 0.0051584 0.00312804 -0.0557462 0.00226749 0.5 0.997733 1.05575 0.996872 0.994842 1.0026 0.999064 1.0003 0.999913 1.00002 0.999993 1 1 1 1 1 1 1 1 1 1 1 
-8.26627e-12 -1.30416e-10 5.4967e-10 -2.01476e-09 7.36723e-09 -2.65809e-08 9.44593e-08 -3.29585e-07 1.12442e-06 -3.72918e-06 1.19223e-05 -3.62697e-05 0.000102736 -0.000260167 0.000534862 -0.000619612 -0.00110289 0.00645915 0.0027423 -0.0653871 -0.0104463 0.5 1.01045 1.06539 0.997258 0.993541 1.0011 1.00062 0.999465 1.00026 0.999897 1.00004 0.999988 1 0.999999 1 1 1 1 1 1 1 1 
1.30416e-10 1.11624e-09 -4.88414e-09 1.6178e-08 -5.33539e-08 1.71482e-07 -5.34892e-07 1.60716e-06 -4.60219e-06 1.23568e-05 -3.02787e-05 6.43175e-05 -0.000104661 7.30625e-05 0.00023088 -0.000719676 -0.00102891 0.00843462 0.00284939 -0.0714795 -0.0226656 0.5 1.02267 1.07148 0.997151 0.991565 1.00103 1.00072 0.999769 0.999927 1.0001 0.999936 1.00003 0.999988 1 0.999998 1 1 1 1 1 1 1 
-1.11624e-09 -5.57863e-09 2.58066e-08 -7.53387e-08 2.17533e-07 -5.99639e-07 1.56211e-06 -3.77483e-06 8.20742e-06 -1.51563e-05 2.06381e-05 -9.92248e-06 -3.62659e-05 5.89007e-05 0.000273587 -0.0011106 -0.000738905 0.00974555 0.00407307 -0.0757699 -0.0328997 0.5 1.0329 1.07577 0.995927 0.990254 1.00074 1.00111 0.999726 0.999941 1.00004 1.00001 0.999979 1.00002 0.999992 1 0.999998 1 1 1 1 1 1 
5.57863e-09 1.61911e-08 -8.19353e-08 2.03124e-07 -4.88983e-07 1.08068e-06 -2.13108e-06 3.5355e-06 -4.30752e-06 2.14291e-06 3.48105e-06 2.13069e-06 -6.13288e-05 0.000145226 0.000193507 -0.00131461 -0.000732323 0.0109393 0.00556316 -0.0785117 -0.0410454 0.5 1.04105 1.07851 0.994437 0.989061 1.00073 1.00131 0.999806 0.999855 1.00006 0.999998 0.999997 0.999998 1 0.999996 1 0.999999 1 1 1 1 1 
-1.61911e-08 -2.50061e-08 1.4933e-07 -2.96633e-07 5.43753e-07 -8.37726e-07 9.84139e-07 -6.95945e-07 3.53969e-07 -2.83578e-06 1.27034e-05 -1.82657e-05 -4.2724e-05 0.000174455 0.000178983 -0.00153777 -0.000791152 0.0118808 0.0071512 -0.0801781 -0.0471907 0.5 1.04719 1.08018 0.992849 0.988119 1.00079 1.00154 0.999821 0.999826 1.00004 1.00002 0.999987 1 1 1 0.999999 1 0.999999 1 1 1 1 
2.50061e-08 1.55872e-08 -1.37944e-07 2.0371e-07 -2.47282e-07 2.44925e-07 -3.36506e-07 1.00717e-06 -2.548e-06 2.16975e-06 8.30761e-06 -2.17812e-05 -4.13243e-05 0.000215063 0.000164059 -0.00172235 -0.000933139 0.0126287 0.0086313 -0.0810631 -0.051619 0.5 1.05162 1.08106 0.991369 0.987371 1.00093 1.00172 0.999836 0.999785 1.00004 1.00002 0.999992 0.999998 1 0.999999 1 1 1 1 1 1 1 
-1.55872e-08 -1.68584e-09 5.36709e-08 -8.01995e-08 1.32407e-07 -2.88052e-07 5.13748e-07 -2.57416e-07 -1.42801e-06 2.2908e-06 8.87723e-06 -2.97142e-05 -3.57735e-05 0.000246342 0.000168342 -0.00188889 -0.00110806 0.013185 0.0099244 -0.0814242 -0.0546486 0.5 1.05465 1.08142 0.990076 0.986815 1.00111 1.00189 0.999832 0.999754 1.00004 1.00003 0.999991 0.999998 1 1 0.999999 1 1 1 1 1 1 
1.68584e-09 6.43598e-09 -3.09701e-08 7.12774e-08 -1.07666e-07 4.06751e-08 2.05183e-07 -1.16071e-07 -1.80602e-06 3.98462e-06 7.51801e-06 -3.47751e-05 -3.43428e-05 0.000277197 0.000180426 -0.00202832 -0.00129839 0.0135787 0.0109889 -0.0814502 -0.056596 0.5 1.0566 1.08145 0.989011 0.986421 1.0013 1.00203 0.99982 0.999723 1.00003 1.00003 0.999992 0.999996 1 1 1 1 1 1 1 1 1 
-6.43598e-09 -1.16649e-09 2.40537e-08 -7.71806e-09 -2.01488e-08 -3.59422e-08 3.54731e-07 -5.05786e-07 -1.4932e-06 4.77746e-06 7.16093e-06 -4.02342e-05 -3.37265e-05 0.000304447 0.000200025 -0.00214242 -0.00148465 0.0138359 0.011823 -0.081283 -0.0577426 0.5 1.05774 1.08128 0.988177 0.986164 1.00148 1.00214 0.9998 0.999696 1.00003 1.00004 0.999993 0.999995 1 1 1 1 1 1 1 1 1 
1.16649e-09 -2.0493e-09 4.73775e-09 1.89368e-08 -6.7622e-08 5.82931e-08 2.79437e-07 -6.18693e-07 -1.45994e-06 5.76615e-06 6.7214e-06 -4.50351e-05 -3.47545e-05 0.000328805 0.000223397 -0.002231 -0.00165601 0.0139859 0.0124441 -0.0810218 -0.0583247 0.5 1.05832 1.08102 0.987556 0.986014 1.00166 1.00223 0.999777 0.999671 1.00003 1.00005 0.999993 0.999994 1 1 1 1 1 1 1 1 1 
2.0493e-09 -4.84015e-09 1.33128e-08 -2.63323e-09 -4.80154e-08 7.02616e-08 2.88551e-07 -8.08187e-07 -1.34322e-06 6.58086e-06 6.60233e-06 -4.95816e-05 -3.67064e-05 0.000349559 0.00024861 -0.00229636 -0.00180534 0.0140556 0.0128816 -0.0807335 -0.0585307 0.5 1.05853 1.08073 0.987118 0.985944 1.00181 1.0023 0.999751 0.99965 1.00004 1.00005 0.999993 0.999993 1 1 1 1 1 1 1 1 1 
4.84015e-09 -5.38413e-09 7.10696e-09 -3.9632e-09 -5.3679e-08 1.09402e-07 2.62708e-07 -9.44788e-07 -1.2947e-06 7.38799e-06 6.61838e-06 -5.36601e-05 -3.94417e-05 0.000366708 0.00027371 -0.00234132 -0.00192958 0.014069 0.0131692 -0.0804592 -0.058504 0.5 1.0585 1.08046 0.986831 0.985931 1.00193 1.00234 0.999726 0.999633 1.00004 1.00005 0.999993 0.999993 1 1 1 1 1 1 1 1 1 
5.38413e-09 -5.59026e-09 6.30009e-09 -1.35976e-08 -4.85066e-08 1.32481e-07 2.53898e-07 -1.08742e-06 -1.25569e-06 8.12577e-06 6.80049e-06 -5.72722e-05 -4.26348e-05 0.000380254 0.000297376 -0.00236937 -0.00202834 0.0140462 0.0133404 -0.0802218 -0.0583494 0.5 1.05835 1.08022 0.98666 0.985954 1.00203 1.00237 0.999703 0.99962 1.00004 1.00006 0.999993 0.999992 1 1 1 1 1 1 1 1 1 
5.59026e-09 -5.0664e-09 3.57202e-09 -1.93529e-08 -4.83773e-08 1.58304e-07 2.42535e-07 -1.21605e-06 -1.24656e-06 8.80944e-06 7.09617e-06 -6.0357e-05 -4.6065e-05 0.000390448 0.000318655 -0.00238408 -0.00210319 0.0140029 0.0134261 -0.0800309 -0.0581392 0.5 1.05814 1.08003 0.986574 0.985997 1.0021 1.00238 0.999681 0.99961 1.00005 1.00006 0.999993 0.999991 1 1 1 1 1 1 1 1 1 
5.0664e-09 -4.35721e-09 2.29391e-09 -2.59136e-08 -4.71548e-08 1.80178e-07 2.3644e-07 -1.3389e-06 -1.25614e-06 9.42188e-06 7.48392e-06 -6.29086e-05 -4.95189e-05 0.000397647 0.000337001 -0.00238887 -0.00215692 0.0139508 0.0134524 -0.0798876 -0.0579203 0.5 1.05792 1.07989 0.986548 0.986049 1.00216 1.00239 0.999663 0.999602 1.00005 1.00006 0.999993 0.999991 1 1 1 1 1 1 1 1 1 
4.35721e-09 -3.54117e-09 1.1434e-09 -3.13049e-08 -4.71488e-08 2.01166e-07 2.32343e-07 -1.45189e-06 -1.2849e-06 9.95946e-06 7.93131e-06 -6.49357e-05 -5.28327e-05 0.000402303 0.000352182 -0.00238679 -0.00219292 0.0138982 0.0134407 -0.0797877 -0.0577207 0.5 1.05772 1.07979 0.986559 0.986102 1.00219 1.00239 0.999648 0.999598 1.00005 1.00006 0.999992 0.99999 1 1 1 1 1 1 1 1 1 
3.54117e-09 -2.7725e-09 5.04831e-10 -3.63015e-08 -4.72411e-08 2.20279e-07 2.31223e-07 -1.55515e-06 -1.32851e-06 1.04171e-05 8.41188e-06 -6.64738e-05 -5.58797e-05 0.000404898 0.000364223 -0.00238044 -0.00221475 0.0138503 0.0134075 -0.0797243 -0.0575544 0.5 1.05755 1.07972 0.986593 0.98615 1.00221 1.00238 0.999636 0.999595 1.00006 1.00007 0.999992 0.99999 1 1 1 1 1 1 1 1 1 
2.7725e-09 -2.08643e-09 5.62562e-11 -4.06633e-08 -4.76865e-08 2.37959e-07 2.32425e-07 -1.64722e-06 -1.38417e-06 1.07947e-05 8.90014e-06 -6.75736e-05 -5.85754e-05 0.00040591 0.000373337 -0.00237184 -0.00222583 0.0138098 0.0133646 -0.0796896 -0.0574259 0.5 1.05743 1.07969 0.986635 0.98619 1.00223 1.00237 0.999627 0.999594 1.00006 1.00007 0.999991 0.999989 1 1 1 1 1 1 1 1 1 
2.08643e-09 -1.50378e-09 -2.24705e-10 -4.45702e-08 -4.82794e-08 2.54012e-07 2.35907e-07 -1.7276e-06 -1.4483e-06 1.10949e-05 9.37475e-06 -6.82978e-05 -6.0872e-05 0.000405782 0.00037986 -0.00236252 -0.00222921 0.0137779 0.0133203 -0.079676 -0.0573339 0.5 1.05733 1.07968 0.98668 0.986222 1.00223 1.00236 0.99962 0.999594 1.00006 1.00007 0.999991 0.999989 1 1 1 1 1 1 1 1 1 
1.50378e-09 -1.01668e-09 -4.32188e-10 -4.80398e-08 -4.90537e-08 2.68448e-07 2.41338e-07 -1.79594e-06 -1.51753e-06 1.13233e-05 9.81833e-06 -6.87135e-05 -6.27545e-05 0.000404899 0.000384197 -0.00235356 -0.00222748 0.0137544 0.0132797 -0.0796767 -0.0572739 0.5 1.05727 1.07968 0.98672 0.986246 1.00223 1.00235 0.999616 0.999595 1.00006 1.00007 0.99999 0.999989 1 1 1 1 1 1 1 1 1 
1.01668e-09 -6.13064e-10 -5.91188e-10 -5.11379e-08 -4.99898e-08 2.81195e-07 2.48419e-07 -1.8524e-06 -1.58859e-06 1.14874e-05 1.02181e-05 -6.88881e-05 -6.42343e-05 0.00040358 0.000386773 -0.0023456 -0.00222271 0.0137384 0.0132454 -0.0796861 -0.0572396 0.5 1.05724 1.07969 0.986755 0.986262 1.00222 1.00235 0.999613 0.999596 1.00006 1.00007 0.99999 0.999989 1 1 1 1 1 1 1 1 1 
6.13064e-10 -2.7882e-10 -7.22115e-10 -5.3894e-08 -5.11012e-08 2.92232e-07 2.56765e-07 -1.89748e-06 -1.65854e-06 1.15963e-05 1.05659e-05 -6.88847e-05 -6.53429e-05 0.000402076 0.000388001 -0.002339 -0.00221647 0.0137287 0.0132184 -0.0796998 -0.0572246 0.5 1.05722 1.0797 0.986782 0.986271 1.00222 1.00234 0.999612 0.999598 1.00007 1.00007 0.999989 0.999988 1 1 1 1 1 1 1 1 1 
2.7882e-10 -2.65912e-12 -8.28e-10 -5.63355e-08 -5.23829e-08 3.01562e-07 2.65963e-07 -1.93206e-06 -1.72488e-06 1.16595e-05 1.08576e-05 -6.87597e-05 -6.61247e-05 0.000400569 0.000388256 -0.00233387 -0.0022099 0.0137239 0.0131988 -0.0797149 -0.057223 0.5 1.05722 1.07971 0.986801 0.986276 1.00221 1.00233 0.999612 0.999599 1.00007 1.00007 0.999989 0.999988 1 1 1 1 1 1 1 1 1 
2.65912e-12 2.23901e-10 -9.08998e-10 -5.84794e-08 -5.3821e-08 3.09231e-07 2.75585e-07 -1.95723e-06 -1.78564e-06 1.16865e-05 1.1093e-05 -6.85605e-05 -6.66316e-05 0.000399182 0.00038786 -0.00233013 -0.00220374 0.0137227 0.0131857 -0.0797293 -0.0572298 0.5 1.05723 1.07973 0.986814 0.986277 1.0022 1.00233 0.999612 0.999601 1.00007 1.00007 0.999989 0.999988 1 1 1 1 1 1 1 1 1 
-2.23901e-10 4.06788e-10 -9.63452e-10 -6.03405e-08 -5.53862e-08 3.15323e-07 2.85226e-07 -1.97427e-06 -1.83944e-06 1.16865e-05 1.12747e-05 -6.83256e-05 -6.69175e-05 0.000397989 0.000387078 -0.00232765 -0.00219841 0.0137238 0.0131779 -0.0797417 -0.0572411 0.5 1.05724 1.07974 0.986822 0.986276 1.0022 1.00233 0.999613 0.999602 1.00007 1.00007 0.999989 0.999988 1 1 1 1 1 1 1 1 1 
-4.06788e-10 5.50383e-10 -9.91163e-10 -6.19328e-08 -5.70384e-08 3.19959e-07 2.94519e-07 -1.98453e-06 -1.88549e-06 1.16676e-05 1.14078e-05 -6.8084e-05 -6.70349e-05 0.000397023 0.000386112 -0.00232619 -0.00219411 0.0137263 0.0131743 -0.0797516 -0.057254 0.5 1.05725 1.07975 0.986826 0.986274 1.00219 1.00233 0.999614 0.999603 1.00007 1.00007 0.999989 0.999988 1 1 1 1 1 1 1 1 1 
-5.50383e-10 6.58348e-10 -9.93688e-10 -6.32719e-08 -5.87307e-08 3.23289e-07 3.03162e-07 -1.98938e-06 -1.92349e-06 1.16367e-05 1.14986e-05 -6.78561e-05 -6.70312e-05 0.000396287 0.000385112 -0.00232552 -0.00219088 0.0137295 0.0131736 -0.079759 -0.0572666 0.5 1.05727 1.07976 0.986826 0.986271 1.00219 1.00233 0.999615 0.999604 1.00007 1.00007 0.999989 0.999988 1 1 1 1 1 1 1 1 1 
-6.58348e-10 7.34253e-10 -9.74372e-10 -6.43758e-08 -6.0414e-08 3.25485e-07 3.10924e-07 -1.99009e-06 -1.95364e-06 1.15997e-05 1.15542e-05 -6.76549e-05 -6.69475e-05 0.000395766 0.000384178 -0.00232544 -0.00218864 0.0137327 0.0131749 -0.0797641 -0.0572776 0.5 1.05728 1.07976 0.986825 0.986267 1.00219 1.00233 0.999616 0.999604 1.00007 1.00007 0.999988 0.999988 1 1 1 1 1 1 1 1 1 
-7.34253e-10 7.81892e-10 -9.37752e-10 -6.52651e-08 -6.20417e-08 3.26728e-07 3.17655e-07 -1.98785e-06 -1.97646e-06 1.15609e-05 1.15819e-05 -6.74875e-05 -6.68176e-05 0.00039543 0.000383369 -0.00232573 -0.00218723 0.0137357 0.0131772 -0.0797671 -0.0572865 0.5 1.05729 1.07977 0.986823 0.986264 1.00219 1.00233 0.999617 0.999605 1.00007 1.00007 0.999988 0.999988 1 1 1 1 1 1 1 1 1 
-7.81892e-10 8.05369e-10 -8.88928e-10 -6.59624e-08 -6.35729e-08 3.27201e-07 3.23279e-07 -1.98368e-06 -1.99273e-06 1.15237e-05 1.15886e-05 -6.7356e-05 -6.66677e-05 0.000395244 0.000382712 -0.00232623 -0.0021865 0.0137382 0.01318 -0.0797686 -0.0572932 0.5 1.05729 1.07977 0.98682 0.986262 1.00219 1.00233 0.999617 0.999605 1.00007 1.00007 0.999988 0.999988 1 1 1 1 1 1 1 1 1 
-8.05369e-10 8.0901e-10 -8.32958e-10 -6.64916e-08 -6.49749e-08 3.27079e-07 3.27787e-07 -1.97842e-06 -2.00343e-06 1.14902e-05 1.15805e-05 -6.72589e-05 -6.65169e-05 0.000395174 0.000382214 -0.00232683 -0.00218626 0.0137402 0.0131828 -0.0797689 -0.0572979 0.5 1.0573 1.07977 0.986817 0.98626 1.00219 1.00233 0.999618 0.999605 1.00007 1.00007 0.999988 0.999989 1 1 1 1 1 1 1 1 1 
-8.0901e-10 7.97184e-10 -7.74417e-10 -6.68772e-08 -6.62246e-08 3.26525e-07 3.3123e-07 -1.97277e-06 -2.00954e-06 1.14616e-05 1.1563e-05 -6.71929e-05 -6.63782e-05 0.000395185 0.000381864 -0.00232744 -0.00218637 0.0137416 0.0131853 -0.0797685 -0.0573007 0.5 1.0573 1.07977 0.986815 0.986258 1.00219 1.00233 0.999618 0.999605 1.00007 1.00007 0.999988 0.999989 1 1 1 1 1 1 1 1 1 
-7.97184e-10 7.74102e-10 -7.17105e-10 -6.7143e-08 -6.73083e-08 3.25684e-07 3.33698e-07 -1.96723e-06 -2.0121e-06 1.14385e-05 1.15406e-05 -6.71529e-05 -6.62591e-05 0.000395248 0.00038164 -0.00232799 -0.00218668 0.0137426 0.0131874 -0.0797676 -0.0573021 0.5 1.0573 1.07977 0.986813 0.986257 1.00219 1.00233 0.999618 0.999605 1.00007 1.00007 0.999988 0.999989 1 1 1 1 1 1 1 1 1 
-7.74102e-10 7.4363e-10 -6.63917e-10 -6.73117e-08 -6.82215e-08 3.24678e-07 3.35315e-07 -1.96215e-06 -2.01204e-06 1.14208e-05 1.15164e-05 -6.71336e-05 -6.61631e-05 0.00039534 0.000381521 -0.00232845 -0.0021871 0.0137431 0.013189 -0.0797666 -0.0573025 0.5 1.0573 1.07977 0.986811 0.986257 1.00219 1.00233 0.999618 0.999605 1.00007 1.00007 0.999988 0.999989 1 1 1 1 1 1 1 1 1 
-7.4363e-10 7.0915e-10 -6.16824e-10 -6.74044e-08 -6.89676e-08 3.23607e-07 3.36217e-07 -1.95776e-06 -2.01019e-06 1.14082e-05 1.1493e-05 -6.71298e-05 -6.60906e-05 0.000395443 0.000381479 -0.00232881 -0.00218755 0.0137433 0.0131901 -0.0797655 -0.0573021 0.5 1.0573 1.07977 0.98681 0.986257 1.00219 1.00233 0.999619 0.999605 1.00007 1.00007 0.999989 0.999989 1 1 1 1 1 1 1 1 1 
-7.0915e-10 6.73467e-10 -5.76951e-10 -6.74396e-08 -6.95566e-08 3.22548e-07 3.3655e-07 -1.95417e-06 -2.00728e-06 1.13999e-05 1.1472e-05 -6.71365e-05 -6.60399e-05 0.000395543 0.000381492 -0.00232908 -0.00218797 0.0137434 0.0131908 -0.0797645 -0.0573014 0.5 1.0573 1.07976 0.986809 0.986257 1.00219 1.00233 0.999619 0.999604 1.00007 1.00007 0.999989 0.999989 1 1 1 1 1 1 1 1 1 
-6.73467e-10 6.38779e-10 -5.44697e-10 -6.74336e-08 -7.00029e-08 3.21558e-07 3.36452e-07 -1.95139e-06 -2.00386e-06 1.13952e-05 1.14542e-05 -6.71498e-05 -6.60081e-05 0.000395633 0.000381539 -0.00232925 -0.00218833 0.0137432 0.0131912 -0.0797637 -0.0573005 0.5 1.0573 1.07976 0.986809 0.986257 1.00219 1.00233 0.999618 0.999604 1.00007 1.00007 0.999989 0.999989 1 1 1 1 1 1 1 1 1 
-6.38779e-10 6.06685e-10 -5.19892e-10 -6.73998e-08 -7.03243e-08 3.20675e-07 3.36051e-07 -1.94938e-06 -2.00036e-06 1.13933e-05 1.144e-05 -6.71662e-05 -6.59915e-05 0.000395707 0.000381604 -0.00232935 -0.00218862 0.013743 0.0131914 -0.0797631 -0.0572995 0.5 1.0573 1.07976 0.986809 0.986257 1.00219 1.00233 0.999618 0.999604 1.00007 1.00007 0.999989 0.999989 1 1 1 1 1 1 1 1 1 
-6.06685e-10 5.78236e-10 -5.0195e-10 -6.73493e-08 -7.05401e-08 3.19918e-07 3.3546e-07 -1.94806e-06 -1.99709e-06 1.13934e-05 1.14294e-05 -6.71834e-05 -6.59865e-05 0.000395765 0.000381675 -0.00232939 -0.00218884 0.0137428 0.0131913 -0.0797626 -0.0572986 0.5 1.0573 1.07976 0.986809 0.986257 1.00219 1.00233 0.999618 0.999604 1.00007 1.00007 0.999989 0.999989 1 1 1 1 1 1 1 1 1 
-5.78236e-10 5.54004e-10 -4.90014e-10 -6.72907e-08 -7.06698e-08 3.19297e-07 3.34769e-07 -1.94732e-06 -1.99424e-06 1.13948e-05 1.14221e-05 -6.71996e-05 -6.59896e-05 0.000395806 0.000381743 -0.00232939 -0.00218899 0.0137425 0.0131912 -0.0797623 -0.0572979 0.5 1.0573 1.07976 0.986809 0.986257 1.00219 1.00233 0.999618 0.999604 1.00007 1.00007 0.999989 0.999989 1 1 1 1 1 1 1 1 1 
-5.54004e-10 5.3417e-10 -4.83087e-10 -6.72305e-08 -7.07321e-08 3.18809e-07 3.34054e-07 -1.94705e-06 -1.99191e-06 1.13969e-05 1.14175e-05 -6.72138e-05 -6.59978e-05 0.000395833 0.000381803 -0.00232937 -0.00218908 0.0137423 0.013191 -0.0797622 -0.0572973 0.5 1.0573 1.07976 0.986809 0.986258 1.00219 1.00233 0.999618 0.999604 1.00007 1.00007 0.999989 0.999989 1 1 1 1 1 1 1 1 1 
-5.3417e-10 5.18609e-10 -4.80133e-10 -6.71732e-08 -7.07442e-08 3.18444e-07 3.33369e-07 -1.94711e-06 -1.99013e-06 1.13994e-05 1.14151e-05 -6.72254e-05 -6.60086e-05 0.000395848 0.000381852 -0.00232933 -0.00218912 0.0137421 0.0131908 -0.0797621 -0.0572969 0.5 1.0573 1.07976 0.986809 0.986258 1.00219 1.00233 0.999618 0.999604 1.00007 1.00007 0.999989 0.999989 1 1 1 1 1 1 1 1 1 
-5.18609e-10 5.06982e-10 -4.80154e-10 -6.71217e-08 -7.07213e-08 3.18187e-07 3.32749e-07 -1.94741e-06 -1.98886e-06 1.14019e-05 1.14145e-05 -6.72343e-05 -6.60203e-05 0.000395853 0.000381889 -0.00232928 -0.00218913 0.013742 0.0131906 -0.0797622 -0.0572967 0.5 1.0573 1.07976 0.986809 0.986258 1.00219 1.00233 0.999618 0.999604 1.00007 1.00007 0.999989 0.999989 1 1 1 1 1 1 1 1 1 
-5.06982e-10 4.98812e-10 -4.82247e-10 -6.70776e-08 -7.06759e-08 3.18023e-07 3.32217e-07 -1.94786e-06 -1.98806e-06 1.14042e-05 1.1415e-05 -6.72406e-05 -6.60316e-05 0.000395852 0.000381915 -0.00232923 -0.00218911 0.0137419 0.0131904 -0.0797622 -0.0572965 0.5 1.0573 1.07976 0.98681 0.986258 1.00219 1.00233 0.999618 0.999604 1.00007 1.00007 0.999989 0.999989 1 1 1 1 1 1 1 1 1 
-4.98812e-10 4.93547e-10 -4.85638e-10 -6.70417e-08 -7.06184e-08 3.17932e-07 3.31783e-07 -1.94837e-06 -1.98765e-06 1.14061e-05 1.14162e-05 -6.72447e-05 -6.60415e-05 0.000395847 0.000381931 -0.00232919 -0.00218909 0.0137418 0.0131902 -0.0797623 -0.0572965 0.5 1.0573 1.07976 0.98681 0.986258 1.00219 1.00233 0.999618 0.999604 1.00007 1.00007 0.999989 0.999989 1 1 1 1 1 1 1 1 1 
-4.93547e-10 4.90619e-10 -4.89693e-10 -6.70137e-08 -7.05566e-08 3.17898e-07 3.31447e-07 -1.94889e-06 -1.98754e-06 1.14076e-05 1.14178e-05 -6.72469e-05 -6.60496e-05 0.000395839 0.000381939 -0.00232915 -0.00218905 0.0137418 0.0131901 -0.0797624 -0.0572965 0.5 1.0573 1.07976 0.98681 0.986258 1.00219 1.00233 0.999618 0.999604 1.00007 1.00007 0.999989 0.999989 1 1 1 1 1 1 1 1 1 
-4.90619e-10 4.89481e-10 -4.93924e-10 -6.69931e-08 -7.04962e-08 3.17905e-07 3.31201e-07 -1.94938e-06 -1.98764e-06 1.14087e-05 1.14194e-05 -6.72478e-05 -6.60559e-05 0.00039583 0.000381942 -0.00232913 -0.00218902 0.0137418 0.0131901 -0.0797625 -0.0572966 0.5 1.0573 1.07976 0.98681 0.986258 1.00219 1.00233 0.999618 0.999604 1.00007 1.00007 0.999989 0.999989 1 1 1 1 1 1 1 1 1 
-4.89481e-10 4.89639e-10 -4.97977e-10 -6.6979e-08 -7.04412e-08 3.1794e-07 3.31036e-07 -1.94981e-06 -1.98789e-06 1.14094e-05 1.1421e-05 -6.72476e-05 -6.60604e-05 0.000395822 0.00038194 -0.00232911 -0.00218898 0.0137418 0.01319 -0.0797625 -0.0572966 0.5 1.0573 1.07976 0.98681 0.986258 1.00219 1.00233 0.999618 0.999604 1.00007 1.00007 0.999989 0.999989 1 1 1 1 1 1 1 1 1 
-4.89639e-10 4.90661e-10 -5.01619e-10 -6.69702e-08 -7.03937e-08 3.1799e-07 3.30939e-07 -1.95017e-06 -1.98823e-06 1.14098e-05 1.14224e-05 -6.72468e-05 -6.60633e-05 0.000395814 0.000381935 -0.0023291 -0.00218896 0.0137418 0.01319 -0.0797626 -0.0572967 0.5 1.0573 1.07976 0.98681 0.986258 1.00219 1.00233 0.999618 0.999604 1.00007 1.00007 0.999989 0.999989 1 1 1 1 1 1 1 1 1 
-4.90661e-10 4.92195e-10 -5.04717e-10 -6.69657e-08 -7.03549e-08 3.18048e-07 3.30894e-07 -1.95045e-06 -1.98859e-06 1.141e-05 1.14236e-05 -6.72456e-05 -6.60649e-05 0.000395808 0.000381929 -0.00232909 -0.00218894 0.0137418 0.01319 -0.0797626 -0.0572968 0.5 1.0573 1.07976 0.98681 0.986258 1.00219 1.00233 0.999618 0.999604 1.00007 1.00007 0.999989 0.999989 1 1 1 1 1 1 1 1 1 
-4.92195e-10 4.93963e-10 -5.07217e-10 -6.69644e-08 -7.03247e-08 3.18106e-07 3.30889e-07 -1.95066e-06 -1.98894e-06 1.141e-05 1.14244e-05 -6.72444e-05 -6.60655e-05 0.000395803 0.000381923 -0.00232909 -0.00218892 0.0137418 0.01319 -0.0797627 -0.0572969 0.5 1.0573 1.07976 0.98681 0.986258 1.00219 1.00233 0.999618 0.999604 1.00007 1.00007 0.999989 0.999989 1 1 1 1 1 1 1 1 1 
-4.93963e-10 4.95759e-10 -5.09125e-10 -6.69653e-08 -7.03026e-08 3.18161e-07 3.30911e-07 -1.9508e-06 -1.98926e-06 1.14098e-05 1.1425e-05 -6.72431e-05 -6.60654e-05 0.0003958 0.000381917 -0.00232909 -0.00218891 0.0137419 0.01319 -0.0797627 -0.0572969 0.5 1.0573 1.07976 0.98681 0.986258 1.00219 1.00233 0.999618 0.999604 1.00007 1.00007 0.999989 0.999989 1 1 1 1 1 1 1 1 1 
-4.95759e-10 4.9744e-10 -5.10487e-10 -6.69676e-08 -7.02877e-08 3.18208e-07 3.3095e-07 -1.95088e-06 -1.98953e-06 1.14096e-05 1.14253e-05 -6.72421e-05 -6.60648e-05 0.000395798 0.000381912 -0.0023291 -0.00218891 0.0137419 0.01319 -0.0797627 -0.0572969 0.5 1.0573 1.07976 0.98681 0.986258 1.00219 1.00233 0.999618 0.999604 1.00007 1.00007 0.999989 0.999989 1 1 1 1 1 1 1 1 1 
