No, norma, norm_delta_time, elapsed_norm_time
0, 44.9576, 0.00185797, 0
1, 3.14439, 0.00185797, 0.00185797
2, 2.81369, 0.00187002, 0.00372799
3, 2.60456, 0.001885, 0.00561298
4, 2.44479, 0.00189474, 0.00750773
5, 2.31767, 0.00190194, 0.00940966
6, 2.21716, 0.00191202, 0.0113217
7, 2.13523, 0.00192403, 0.0132457
8, 2.0623, 0.00193304, 0.0151788
9, 1.99746, 0.00194058, 0.0171193
10, 1.9426, 0.00195056, 0.0190699
11, 1.88984, 0.00195645, 0.0210263
12, 1.84442, 0.00196476, 0.0229911
13, 1.80477, 0.00197499, 0.0249661
14, 1.76687, 0.00198339, 0.0269495
15, 1.73231, 0.00199227, 0.0289418
16, 1.70121, 0.00200233, 0.0309441
17, 1.67063, 0.00201038, 0.0329545
18, 1.64301, 0.0020197, 0.0349742
19, 1.61575, 0.00202731, 0.0370015
20, 1.59039, 0.00203534, 0.0390368
21, 1.56592, 0.0020427, 0.0410795
22, 1.54236, 0.00204954, 0.0431291
23, 1.52023, 0.00205673, 0.0451858
24, 1.49825, 0.0020626, 0.0472484
25, 1.47811, 0.00206966, 0.0493181
26, 1.45753, 0.00207477, 0.0513928
27, 1.4388, 0.00208128, 0.0534741
28, 1.41979, 0.00208621, 0.0555603
29, 1.40231, 0.00209229, 0.0576526
30, 1.38465, 0.00209706, 0.0597497
31, 1.3683, 0.00210282, 0.0618525
32, 1.35181, 0.00210742, 0.0639599
33, 1.3365, 0.00211295, 0.0660728
34, 1.32102, 0.00211736, 0.0681902
35, 1.30665, 0.00212272, 0.0703129
36, 1.29206, 0.00212694, 0.0724399
37, 1.27856, 0.00213221, 0.0745721
38, 1.26475, 0.00213621, 0.0767083
39, 1.25205, 0.00214143, 0.0788497
40, 1.23892, 0.00214522, 0.0809949
41, 1.22697, 0.00215042, 0.0831453
42, 1.21444, 0.00215399, 0.0852993
43, 1.20318, 0.00215922, 0.0874585
44, 1.1912, 0.00216255, 0.0896211
45, 1.18058, 0.00216783, 0.0917889
46, 1.16908, 0.00217092, 0.0939599
47, 1.15892, 0.00217602, 0.0961359
48, 1.14799, 0.00217914, 0.098315
49, 1.13824, 0.00218401, 0.100499
50, 1.12787, 0.0021872, 0.102686
51, 1.11847, 0.00219184, 0.104878
52, 1.10863, 0.00219514, 0.107073
53, 1.09955, 0.00219953, 0.109273
54, 1.09021, 0.00220295, 0.111476
55, 1.08142, 0.0022071, 0.113683
56, 1.07255, 0.00221067, 0.115893
57, 1.06403, 0.00221457, 0.118108
58, 1.05561, 0.00221828, 0.120326
59, 1.04733, 0.00222193, 0.122548
60, 1.03932, 0.00222581, 0.124774
61, 1.03126, 0.0022292, 0.127003
62, 1.02366, 0.00223326, 0.129236
63, 1.0158, 0.00223639, 0.131473
64, 1.00859, 0.00224064, 0.133714
65, 1.0009, 0.0022435, 0.135957
66, 0.994059, 0.00224795, 0.138205
67, 0.986539, 0.00225055, 0.140456
68, 0.979923, 0.00225492, 0.14271
69, 0.972683, 0.00225753, 0.144968
70, 0.966221, 0.00226166, 0.14723
71, 0.959339, 0.00226446, 0.149494
72, 0.953064, 0.00226833, 0.151762
73, 0.946631, 0.00227133, 0.154034
74, 0.940757, 0.00227495, 0.156309
75, 0.935223, 0.00227816, 0.158587
76, 0.930654, 0.00228152, 0.160868
77, 0.927716, 0.00228494, 0.163153
78, 0.927414, 0.00228804, 0.165441
79, 0.931769, 0.00229168, 0.167733
80, 0.942247, 0.00229452, 0.170028
81, 0.961279, 0.0022984, 0.172326
82, 0.988217, 0.00230097, 0.174627
83, 1.02222, 0.00230513, 0.176932
84, 1.0575, 0.00230746, 0.17924
85, 1.08992, 0.00231143, 0.181551
86, 1.11323, 0.00231445, 0.183865
87, 1.12482, 0.00231843, 0.186184
88, 1.12361, 0.00232387, 0.188508
89, 1.10984, 0.00233008, 0.190838
90, 1.08554, 0.0023375, 0.193175
91, 1.05354, 0.00234701, 0.195522
92, 1.01592, 0.00235736, 0.19788
93, 0.975199, 0.00236857, 0.200248
94, 0.933738, 0.00238114, 0.202629
95, 0.893379, 0.0023953, 0.205025
96, 0.855565, 0.00241138, 0.207436
97, 0.820278, 0.00242643, 0.209862
98, 0.788665, 0.00244169, 0.212304
99, 0.761544, 0.00245869, 0.214763
100, 0.738986, 0.00247748, 0.21724
101, 0.719554, 0.00249348, 0.219734
102, 0.704355, 0.00251116, 0.222245
103, 0.693134, 0.00253099, 0.224776
104, 0.684409, 0.00254901, 0.227325
105, 0.678381, 0.00256741, 0.229892
106, 0.675124, 0.00258801, 0.23248
107, 0.673416, 0.00260766, 0.235088
108, 0.673081, 0.00262691, 0.237715
109, 0.674535, 0.00264853, 0.240364
110, 0.676675, 0.00266921, 0.243033
111, 0.679428, 0.00268955, 0.245722
112, 0.683389, 0.00271251, 0.248435
113, 0.687247, 0.00273367, 0.251168
114, 0.691556, 0.00275543, 0.253924
115, 0.696721, 0.00278016, 0.256704
116, 0.701112, 0.00280125, 0.259505
117, 0.70609, 0.00282487, 0.26233
118, 0.711357, 0.00284951, 0.26518
119, 0.716038, 0.00287237, 0.268052
120, 0.721492, 0.00289847, 0.270951
121, 0.72618, 0.00292229, 0.273873
122, 0.731197, 0.00294774, 0.276821
123, 0.736277, 0.0029744, 0.279795
124, 0.740879, 0.00299951, 0.282794
125, 0.74618, 0.00302856, 0.285823
126, 0.750418, 0.00305365, 0.288877
127, 0.755295, 0.00308259, 0.291959
128, 0.759758, 0.0031101, 0.295069
129, 0.763192, 0.00313479, 0.298204
130, 0.75664, 0.00311778, 0.301322
131, 0.750221, 0.00310224, 0.304424
132, 0.744638, 0.00308941, 0.307514
133, 0.737792, 0.00307223, 0.310586
134, 0.732115, 0.0030593, 0.313645
135, 0.725791, 0.00304429, 0.316689
136, 0.719725, 0.00303002, 0.319719
137, 0.714144, 0.00301803, 0.322737
138, 0.70773, 0.00300248, 0.32574
139, 0.702266, 0.00299083, 0.328731
140, 0.696092, 0.0029764, 0.331707
141, 0.690432, 0.00296371, 0.334671
142, 0.684776, 0.00295151, 0.337622
143, 0.678919, 0.00293784, 0.34056
144, 0.673739, 0.0029276, 0.343488
145, 0.667672, 0.00291299, 0.346401
146, 0.662395, 0.00290205, 0.349303
147, 0.656693, 0.00288898, 0.352192
148, 0.651329, 0.0028773, 0.355069
149, 0.645985, 0.00286569, 0.357935
150, 0.640545, 0.00285331, 0.360788
151, 0.635547, 0.00284304, 0.363631
152, 0.630022, 0.00283, 0.366461
153, 0.625231, 0.00282035, 0.369282
154, 0.619765, 0.00280734, 0.372089
155, 0.614951, 0.00279716, 0.374886
156, 0.609797, 0.00278529, 0.377671
157, 0.604964, 0.00277461, 0.380446
158, 0.600127, 0.00276385, 0.38321
159, 0.595267, 0.00275268, 0.385962
160, 0.590758, 0.002743, 0.388705
161, 0.585879, 0.00273137, 0.391437
162, 0.581698, 0.00272278, 0.39416
163, 0.576815, 0.0027107, 0.39687
164, 0.572667, 0.00270185, 0.399572
165, 0.568089, 0.00269072, 0.402263
166, 0.563955, 0.00268148, 0.404944
167, 0.559707, 0.00267146, 0.407616
168, 0.555593, 0.00266183, 0.410278
169, 0.551678, 0.00265294, 0.412931
170, 0.547585, 0.00264293, 0.415574
171, 0.544011, 0.0026352, 0.418209
172, 0.539937, 0.00262479, 0.420834
173, 0.536513, 0.00261732, 0.423451
174, 0.532653, 0.00260748, 0.426058
175, 0.529254, 0.00259966, 0.428658
176, 0.525734, 0.00259102, 0.431249
177, 0.522352, 0.00258284, 0.433832
178, 0.519173, 0.00257545, 0.436407
179, 0.515803, 0.0025669, 0.438974
180, 0.512966, 0.00256082, 0.441535
181, 0.509597, 0.00255188, 0.444087
182, 0.506795, 0.00254561, 0.446632
183, 0.503728, 0.00253783, 0.44917
184, 0.500918, 0.0025312, 0.451702
185, 0.498183, 0.0025248, 0.454226
186, 0.495354, 0.0025178, 0.456744
187, 0.492951, 0.00251285, 0.459257
188, 0.490089, 0.00250544, 0.461762
189, 0.487711, 0.00250042, 0.464263
190, 0.485114, 0.00249419, 0.466757
191, 0.482693, 0.0024888, 0.469246
192, 0.480423, 0.00248412, 0.47173
193, 0.477948, 0.00247832, 0.474208
194, 0.475887, 0.00247463, 0.476683
195, 0.473471, 0.00246904, 0.479152
196, 0.471351, 0.00246496, 0.481617
197, 0.469264, 0.00246103, 0.484078
198, 0.467076, 0.00245652, 0.486534
199, 0.465249, 0.0024539, 0.488988
200, 0.463065, 0.00244937, 0.491438
201, 0.46117, 0.00244634, 0.493884
202, 0.459323, 0.00244354, 0.496328
203, 0.457356, 0.00244006, 0.498768
204, 0.455709, 0.00243828, 0.501206
205, 0.45381, 0.0024351, 0.503641
206, 0.452095, 0.00243289, 0.506074
207, 0.450533, 0.00243146, 0.508505
208, 0.448747, 0.00242879, 0.510934
209, 0.447249, 0.00242765, 0.513362
210, 0.445661, 0.00242598, 0.515788
211, 0.444097, 0.0024244, 0.518212
212, 0.442784, 0.00242416, 0.520636
213, 0.441192, 0.00242236, 0.523059
214, 0.439815, 0.00242171, 0.52548
215, 0.438518, 0.00242148, 0.527902
216, 0.437074, 0.0024204, 0.530322
217, 0.435855, 0.00242056, 0.532743
218, 0.434537, 0.00242016, 0.535163
219, 0.43325, 0.00241993, 0.537583
220, 0.432158, 0.00242078, 0.540004
221, 0.43082, 0.00242027, 0.542424
222, 0.42966, 0.00242076, 0.544845
223, 0.428538, 0.00242149, 0.547266
224, 0.427306, 0.00242162, 0.549688
225, 0.426245, 0.00242275, 0.552111
226, 0.425071, 0.00242327, 0.554534
227, 0.423939, 0.00242407, 0.556958
228, 0.422934, 0.00242564, 0.559384
229, 0.42173, 0.00242611, 0.56181
230, 0.420679, 0.0024275, 0.564237
231, 0.419602, 0.00242879, 0.566666
232, 0.418484, 0.00242988, 0.569096
233, 0.4175, 0.0024318, 0.571528
234, 0.416357, 0.00243283, 0.573961
235, 0.415314, 0.00243447, 0.576395
236, 0.414291, 0.00243627, 0.578831
237, 0.413191, 0.00243764, 0.581269
238, 0.412218, 0.00243978, 0.583709
239, 0.411127, 0.00244125, 0.58615
240, 0.410107, 0.00244314, 0.588593
241, 0.409118, 0.00244522, 0.591038
242, 0.408054, 0.00244686, 0.593485
243, 0.407109, 0.0024492, 0.595934
244, 0.406056, 0.00245088, 0.598385
245, 0.405077, 0.00245299, 0.600838
246, 0.404107, 0.00245513, 0.603293
247, 0.403097, 0.00245701, 0.60575
248, 0.402199, 0.00245954, 0.60821
249, 0.401162, 0.00246119, 0.610671
250, 0.400239, 0.0024635, 0.613135
251, 0.399266, 0.00246546, 0.6156
252, 0.39832, 0.00246755, 0.618068
253, 0.397399, 0.00246976, 0.620537
254, 0.396431, 0.00247163, 0.623009
255, 0.395553, 0.00247403, 0.625483
256, 0.394563, 0.00247567, 0.627959
257, 0.393684, 0.00247798, 0.630437
258, 0.392706, 0.00247962, 0.632916
259, 0.391809, 0.00248172, 0.635398
260, 0.390853, 0.00248341, 0.637881
261, 0.389937, 0.00248532, 0.640367
262, 0.388995, 0.00248701, 0.642854
263, 0.38806, 0.00248872, 0.645342
264, 0.387126, 0.0024904, 0.647833
265, 0.386174, 0.00249191, 0.650325
266, 0.385245, 0.00249354, 0.652818
267, 0.384273, 0.00249486, 0.655313
268, 0.383348, 0.00249644, 0.65781
269, 0.382358, 0.00249756, 0.660307
270, 0.381438, 0.0024991, 0.662806
271, 0.380429, 0.00250002, 0.665306
272, 0.379517, 0.00250153, 0.667808
273, 0.378491, 0.00250224, 0.67031
274, 0.377586, 0.00250371, 0.672814
275, 0.376548, 0.00250425, 0.675318
276, 0.37563, 0.00250553, 0.677824
277, 0.374608, 0.00250607, 0.68033
278, 0.373678, 0.00250716, 0.682837
279, 0.37268, 0.00250774, 0.685345
280, 0.371737, 0.00250863, 0.687853
281, 0.370771, 0.00250928, 0.690362
282, 0.369817, 0.00250996, 0.692872
283, 0.36889, 0.00251074, 0.695383
284, 0.367926, 0.00251119, 0.697894
285, 0.367046, 0.00251214, 0.700406
286, 0.366071, 0.00251235, 0.702919
287, 0.365227, 0.00251337, 0.705432
288, 0.364259, 0.00251346, 0.707946
289, 0.363409, 0.00251427, 0.71046
290, 0.362496, 0.00251455, 0.712974
291, 0.36164, 0.00251513, 0.71549
292, 0.360787, 0.00251564, 0.718005
293, 0.359924, 0.00251599, 0.720521
294, 0.359136, 0.00251676, 0.723038
295, 0.358266, 0.00251685, 0.725555
296, 0.357527, 0.00251776, 0.728073
297, 0.356673, 0.00251775, 0.73059
298, 0.355936, 0.00251843, 0.733109
299, 0.355161, 0.00251869, 0.735627
300, 0.354441, 0.00251915, 0.738147
301, 0.35377, 0.0025197, 0.740666
302, 0.353101, 0.00251992, 0.743186
303, 0.352593, 0.0025208, 0.745707
304, 0.352058, 0.00252077, 0.748228
305, 0.351779, 0.00252155, 0.750749
306, 0.351619, 0.00252172, 0.753271
307, 0.351805, 0.00252228, 0.755793
308, 0.352389, 0.00252279, 0.758316
309, 0.353502, 0.00252313, 0.760839
310, 0.355418, 0.002524, 0.763363
311, 0.358155, 0.00252411, 0.765887
312, 0.36213, 0.002525, 0.768412
313, 0.36731, 0.00252526, 0.770938
314, 0.373939, 0.00252594, 0.773464
315, 0.381924, 0.00252661, 0.77599
316, 0.391045, 0.00252708, 0.778517
317, 0.401066, 0.0025282, 0.781046
318, 0.411235, 0.00252847, 0.783574
319, 0.421181, 0.00252949, 0.786103
320, 0.430101, 0.00253026, 0.788634
321, 0.437464, 0.00253115, 0.791165
322, 0.442896, 0.00253272, 0.793698
323, 0.445882, 0.00253371, 0.796231
324, 0.446494, 0.00253535, 0.798767
325, 0.444775, 0.00253769, 0.801304
326, 0.440886, 0.00254066, 0.803845
327, 0.435019, 0.00254377, 0.806389
328, 0.427615, 0.00254766, 0.808936
329, 0.419049, 0.00255239, 0.811489
330, 0.409691, 0.00255799, 0.814047
331, 0.399837, 0.0025641, 0.816611
332, 0.389778, 0.00257053, 0.819181
333, 0.379839, 0.00257763, 0.821759
334, 0.370254, 0.00258544, 0.824345
335, 0.36121, 0.00259407, 0.826939
336, 0.352764, 0.00260296, 0.829542
337, 0.344932, 0.00261152, 0.832153
338, 0.337907, 0.00262083, 0.834774
339, 0.331718, 0.002631, 0.837405
340, 0.326161, 0.00264043, 0.840045
341, 0.321346, 0.0026502, 0.842696
342, 0.317291, 0.00266082, 0.845356
343, 0.313796, 0.00267105, 0.848027
344, 0.310844, 0.00268118, 0.850709
345, 0.308488, 0.00269218, 0.853401
346, 0.306528, 0.00270281, 0.856104
347, 0.304934, 0.00271326, 0.858817
348, 0.303776, 0.00272462, 0.861541
349, 0.30284, 0.00273538, 0.864277
350, 0.302154, 0.00274616, 0.867023
351, 0.301781, 0.00275787, 0.869781
352, 0.301478, 0.00276858, 0.872549
353, 0.301369, 0.0027797, 0.875329
354, 0.301483, 0.00279169, 0.878121
355, 0.301552, 0.00280228, 0.880923
356, 0.301807, 0.00281376, 0.883737
357, 0.302158, 0.00282544, 0.886562
358, 0.302493, 0.00283638, 0.889399
359, 0.302983, 0.00284827, 0.892247
360, 0.303446, 0.0028595, 0.895106
361, 0.303956, 0.00287083, 0.897977
362, 0.304588, 0.002883, 0.90086
363, 0.305102, 0.00289384, 0.903754
364, 0.30574, 0.00290563, 0.90666
365, 0.306372, 0.00291721, 0.909577
366, 0.306989, 0.0029285, 0.912505
367, 0.307726, 0.00294082, 0.915446
368, 0.308326, 0.00295175, 0.918398
369, 0.309028, 0.00296357, 0.921362
370, 0.309732, 0.00297538, 0.924337
371, 0.310401, 0.00298676, 0.927324
372, 0.311178, 0.00299921, 0.930323
373, 0.311839, 0.00301043, 0.933333
374, 0.312572, 0.00302245, 0.936356
375, 0.313339, 0.00303465, 0.93939
376, 0.314035, 0.00304631, 0.942437
377, 0.314863, 0.0030591, 0.945496
378, 0.315573, 0.0030709, 0.948567
379, 0.316363, 0.00308335, 0.95165
380, 0.317196, 0.00309635, 0.954746
381, 0.317952, 0.00310852, 0.957855
382, 0.318824, 0.00312191, 0.960977
383, 0.319643, 0.00313476, 0.964112
384, 0.320488, 0.0031479, 0.96726
385, 0.321449, 0.00316224, 0.970422
386, 0.322274, 0.00317519, 0.973597
387, 0.323222, 0.0031895, 0.976787
388, 0.324193, 0.00320392, 0.97999
389, 0.325114, 0.00321808, 0.983209
390, 0.326214, 0.00323382, 0.986442
391, 0.32549, 0.00323167, 0.989674
392, 0.324751, 0.003229, 0.992903
393, 0.324061, 0.00322702, 0.99613
394, 0.323344, 0.00322437, 0.999354
395, 0.322626, 0.00322196, 1.00258
396, 0.321975, 0.0032198, 1.0058
397, 0.321228, 0.00321697, 1.00901
398, 0.320595, 0.00321483, 1.01223
399, 0.319852, 0.00321191, 1.01544
400, 0.319197, 0.0032094, 1.01865
401, 0.318485, 0.0032067, 1.02186
402, 0.317808, 0.00320385, 1.02506
403, 0.317123, 0.00320132, 1.02826
404, 0.316422, 0.00319812, 1.03146
405, 0.315752, 0.00319564, 1.03465
406, 0.315039, 0.00319222, 1.03785
407, 0.314348, 0.00318945, 1.04104
408, 0.313659, 0.00318619, 1.04422
409, 0.312947, 0.00318313, 1.04741
410, 0.312288, 0.00318011, 1.05059
411, 0.311555, 0.00317676, 1.05376
412, 0.310931, 0.00317404, 1.05694
413, 0.310176, 0.0031704, 1.06011
414, 0.309542, 0.00316755, 1.06327
415, 0.308819, 0.00316417, 1.06644
416, 0.308163, 0.00316106, 1.0696
417, 0.307494, 0.00315818, 1.07276
418, 0.306813, 0.00315481, 1.07591
419, 0.306175, 0.00315219, 1.07907
420, 0.305502, 0.00314889, 1.08221
421, 0.304846, 0.00314603, 1.08536
422, 0.304239, 0.00314343, 1.0885
423, 0.303563, 0.00314032, 1.09164
424, 0.302974, 0.00313793, 1.09478
425, 0.302335, 0.00313515, 1.09792
426, 0.301721, 0.00313252, 1.10105
427, 0.301164, 0.00313056, 1.10418
428, 0.30053, 0.00312774, 1.10731
429, 0.299954, 0.00312555, 1.11043
430, 0.299407, 0.00312368, 1.11356
431, 0.298809, 0.00312123, 1.11668
432, 0.298266, 0.00311943, 1.1198
433, 0.297736, 0.00311769, 1.12292
434, 0.297168, 0.00311564, 1.12603
435, 0.296667, 0.00311418, 1.12915
436, 0.296145, 0.00311265, 1.13226
437, 0.29562, 0.00311095, 1.13537
438, 0.295133, 0.0031098, 1.13848
439, 0.294648, 0.00310853, 1.14159
440, 0.294138, 0.00310715, 1.14469
441, 0.293687, 0.00310625, 1.1478
442, 0.293217, 0.0031053, 1.15091
443, 0.292743, 0.00310418, 1.15401
444, 0.292299, 0.00310351, 1.15711
445, 0.29187, 0.0031029, 1.16022
446, 0.291406, 0.003102, 1.16332
447, 0.290987, 0.00310153, 1.16642
448, 0.29058, 0.00310125, 1.16952
449, 0.290138, 0.00310055, 1.17262
450, 0.28973, 0.00310024, 1.17572
451, 0.289352, 0.00310027, 1.17882
452, 0.288925, 0.00309976, 1.18192
453, 0.288526, 0.00309959, 1.18502
454, 0.28816, 0.00309972, 1.18812
455, 0.287758, 0.00309953, 1.19122
456, 0.287374, 0.00309948, 1.19432
457, 0.28701, 0.00309971, 1.19742
458, 0.286638, 0.0030998, 1.20052
459, 0.286257, 0.00309984, 1.20362
460, 0.285904, 0.00310015, 1.20672
461, 0.285548, 0.00310046, 1.20982
462, 0.285177, 0.00310059, 1.21292
463, 0.284828, 0.00310096, 1.21602
464, 0.284488, 0.00310144, 1.21912
465, 0.284124, 0.00310164, 1.22222
466, 0.28378, 0.00310207, 1.22533
467, 0.28345, 0.00310264, 1.22843
468, 0.283093, 0.00310292, 1.23153
469, 0.282755, 0.0031034, 1.23464
470, 0.282429, 0.003104, 1.23774
471, 0.28208, 0.00310434, 1.24084
472, 0.281749, 0.00310486, 1.24395
473, 0.281421, 0.00310542, 1.24705
474, 0.281081, 0.00310583, 1.25016
475, 0.280758, 0.0031064, 1.25327
476, 0.280424, 0.00310686, 1.25637
477, 0.280095, 0.00310732, 1.25948
478, 0.279772, 0.00310786, 1.26259
479, 0.279437, 0.00310823, 1.2657
480, 0.279117, 0.00310875, 1.26881
481, 0.27878, 0.00310904, 1.27191
482, 0.278454, 0.00310944, 1.27502
483, 0.278116, 0.00310967, 1.27813
484, 0.277777, 0.00310985, 1.28124
485, 0.277435, 0.00310997, 1.28435
486, 0.277082, 0.00310993, 1.28746
487, 0.276713, 0.00310966, 1.29057
488, 0.276329, 0.00310918, 1.29368
489, 0.275927, 0.00310844, 1.29679
490, 0.275505, 0.00310744, 1.2999
491, 0.275067, 0.00310619, 1.303
492, 0.274615, 0.00310474, 1.30611
493, 0.27415, 0.00310307, 1.30921
494, 0.273653, 0.00310099, 1.31231
495, 0.273153, 0.00309881, 1.31541
496, 0.27266, 0.00309666, 1.31851
497, 0.272123, 0.00309394, 1.3216
498, 0.271595, 0.00309126, 1.32469
499, 0.271073, 0.0030886, 1.32778
500, 0.270514, 0.00308545, 1.33087
501, 0.269989, 0.00308265, 1.33395
502, 0.269423, 0.0030793, 1.33703
503, 0.268879, 0.00307618, 1.34011
504, 0.268325, 0.00307289, 1.34318
505, 0.267767, 0.00306952, 1.34625
506, 0.267226, 0.00306629, 1.34931
507, 0.266659, 0.00306275, 1.35238
508, 0.266127, 0.00305958, 1.35544
509, 0.265556, 0.00305595, 1.35849
510, 0.265031, 0.00305283, 1.36155
511, 0.26446, 0.00304919, 1.3646
512, 0.263939, 0.00304613, 1.36764
513, 0.263373, 0.00304256, 1.37068
514, 0.262852, 0.00303953, 1.37372
515, 0.262294, 0.00303611, 1.37676
516, 0.261771, 0.00303312, 1.37979
517, 0.261225, 0.00302991, 1.38282
518, 0.260695, 0.00302694, 1.38585
519, 0.260165, 0.00302402, 1.38887
520, 0.259626, 0.00302105, 1.39189
521, 0.259113, 0.00301848, 1.39491
522, 0.258561, 0.00301551, 1.39793
523, 0.25807, 0.00301334, 1.40094
524, 0.257502, 0.00301035, 1.40395
525, 0.257008, 0.00300831, 1.40696
526, 0.256449, 0.00300561, 1.40997
527, 0.255938, 0.00300355, 1.41297
528, 0.255403, 0.0030013, 1.41597
529, 0.254874, 0.00299921, 1.41897
530, 0.254367, 0.00299745, 1.42197
531, 0.25382, 0.00299531, 1.42496
532, 0.253339, 0.00299402, 1.42796
533, 0.252781, 0.00299185, 1.43095
534, 0.252288, 0.00299051, 1.43394
535, 0.251767, 0.00298885, 1.43693
536, 0.25127, 0.00298743, 1.43992
537, 0.2508, 0.00298628, 1.4429
538, 0.250312, 0.00298478, 1.44589
539, 0.249909, 0.00298406, 1.44887
540, 0.249467, 0.00298254, 1.45185
541, 0.249126, 0.00298172, 1.45484
542, 0.248827, 0.0029807, 1.45782
543, 0.248619, 0.00297978, 1.4608
544, 0.248558, 0.00297925, 1.46377
545, 0.248603, 0.0029782, 1.46675
546, 0.248907, 0.00297787, 1.46973
547, 0.24942, 0.00297698, 1.47271
548, 0.250291, 0.00297652, 1.47568
549, 0.251561, 0.00297611, 1.47866
550, 0.253288, 0.0029755, 1.48164
551, 0.255616, 0.00297555, 1.48461
552, 0.258481, 0.0029748, 1.48759
553, 0.26204, 0.0029747, 1.49056
554, 0.266216, 0.00297442, 1.49354
555, 0.270975, 0.00297417, 1.49651
556, 0.276247, 0.0029744, 1.49948
557, 0.28177, 0.002974, 1.50246
