0 0 0 0 0 0 0 0 0 0 0 0 0 0 0 0 0 0 0 0 0 0.5 1 1 1 1 1 1 1 1 1 1 1 1 1 1 1 1 1 1 1 1 1 
0 0 0 0 0 0 0 0 0 0 0 0 0 0 0 0 0 0 0 -0.0368421 0.107341 0.5 0.892659 1.03684 1 1 1 1 1 1 1 1 1 1 1 1 1 1 1 1 1 1 1 
0 0 0 0 0 0 0 0 0 0 0 0 0 0 0 0 0 0.00271468 -0.0182531 -0.014838 0.12795 0.5 0.87205 1.01484 1.01825 0.997285 1 1 1 1 1 1 1 1 1 1 1 1 1 1 1 1 1 
0 0 0 0 0 0 0 0 0 0 0 0 0 0 0 -0.000200029 0.00211211 -0.00324543 -0.0174768 -0.0110366 0.146423 0.5 0.853577 1.01104 1.01748 1.00325 0.997888 1.0002 1 1 1 1 1 1 1 1 1 1 1 1 1 1 1 
0 0 0 0 0 0 0 0 0 0 0 0 0 1.4739e-05 -0.000212282 0.000779999 0.000877239 -0.00395799 -0.0205183 -0.00373985 0.155092 0.5 0.844908 1.00374 1.02052 1.00396 0.999123 0.99922 1.00021 0.999985 1 1 1 1 1 1 1 1 1 1 1 1 1 
0 0 0 0 0 0 0 0 0 0 0 -1.08603e-06 1.98142e-05 -0.000113348 0.000102717 0.000658231 0.00103409 -0.00616159 -0.0203304 -0.000343068 0.161899 0.5 0.838101 1.00034 1.02033 1.00616 0.998966 0.999342 0.999897 1.00011 0.99998 1 1 1 1 1 1 1 1 1 1 1 1 
0 0 0 0 0 0 0 0 0 8.00233e-08 -1.76746e-06 1.36498e-05 -3.45147e-05 -4.20685e-05 8.3372e-05 0.000986227 0.000385048 -0.00691115 -0.0209159 0.00292037 0.166088 0.5 0.833912 0.99708 1.02092 1.00691 0.999615 0.999014 0.999917 1.00004 1.00003 0.999986 1 1 1 1 1 1 1 1 1 1 1 
0 0 0 0 0 0 0 -5.89646e-09 1.52888e-07 -1.4832e-06 5.9404e-06 -3.63612e-06 -2.11636e-05 -7.82482e-05 0.000253783 0.000942417 0.000194899 -0.00785187 -0.0208438 0.00493767 0.169247 0.5 0.830753 0.995062 1.02084 1.00785 0.999805 0.999058 0.999746 1.00008 1.00002 1 0.999994 1 1 1 1 1 1 1 1 1 1 
0 0 0 0 0 4.34476e-10 -1.29348e-08 1.5088e-07 -8.16697e-07 1.60038e-06 1.49601e-06 1.68212e-06 -4.87038e-05 -3.05765e-05 0.000286313 0.00102999 -0.0001505 -0.00834426 -0.020953 0.00658397 0.17141 0.5 0.82859 0.993416 1.02095 1.00834 1.00015 0.99897 0.999714 1.00003 1.00005 0.999998 0.999999 0.999998 1 1 1 1 1 1 1 1 1 
0 0 0 -3.2014e-11 1.07609e-09 -1.46547e-08 9.93988e-08 -3.12297e-07 1.83667e-07 3.52663e-07 5.28692e-06 -1.03002e-05 -4.28753e-05 -2.78322e-05 0.000369503 0.00101003 -0.000335862 -0.00880878 -0.0209227 0.00771343 0.173021 0.5 0.826979 0.992287 1.02092 1.00881 1.00034 0.99899 0.99963 1.00003 1.00004 1.00001 0.999995 1 1 1 1 1 1 1 1 1 1 
0 0 -8.87265e-11 1.37523e-09 -1.11802e-08 4.7484e-08 -8.07287e-08 -1.41367e-08 -3.92064e-07 2.44684e-06 1.93582e-06 -1.04068e-05 -5.2505e-05 8.29613e-07 0.000402756 0.00102751 -0.000531225 -0.00910887 -0.0209438 0.00858202 0.174174 0.5 0.825826 0.991418 1.02094 1.00911 1.00053 0.998972 0.999597 0.999999 1.00005 1.00001 0.999998 0.999998 1 1 1 1 1 1 1 1 1 
0 -1.69186e-20 1.20766e-09 -6.31057e-09 1.68695e-08 -1.37542e-08 2.53223e-08 -3.35312e-07 4.30219e-07 1.82128e-06 2.69419e-06 -1.69341e-05 -4.96709e-05 1.23833e-05 0.000445861 0.00101604 -0.000660968 -0.00936192 -0.020938 0.00920063 0.175028 0.5 0.824972 0.990799 1.02094 1.00936 1.00066 0.998984 0.999554 0.999988 1.00005 1.00002 0.999997 0.999998 1 1 1 1 1 1 1 1 1 
1.69186e-20 -5.42164e-19 -2.8106e-09 4.56056e-09 -4.06079e-09 3.63002e-08 -1.26136e-07 -9.602e-08 2.73638e-07 2.74544e-06 5.4734e-07 -1.848e-05 -5.201e-05 3.01295e-05 0.000470297 0.00101621 -0.000775089 -0.00954297 -0.0209499 0.00966235 0.175649 0.5 0.824351 0.990338 1.02095 1.00954 1.00078 0.998984 0.99953 0.99997 1.00005 1.00002 0.999999 0.999997 1 1 1 1 1 1 1 1 1 
5.42164e-19 -6.27068e-19 9.6292e-10 -3.8876e-09 2.06676e-08 -2.0224e-08 -6.5465e-08 -2.14995e-07 7.66988e-07 2.43973e-06 1.25877e-07 -2.19577e-05 -5.0237e-05 4.09546e-05 0.000494585 0.00100956 -0.000857485 -0.00968895 -0.0209583 0.00999355 0.176106 0.5 0.823894 0.990006 1.02096 1.00969 1.00086 0.99899 0.999505 0.999959 1.00005 1.00002 1 0.999998 0.999999 1 1 1 1 1 1 1 1 
6.27068e-19 -6.01329e-19 -2.43557e-09 6.69176e-09 3.0927e-09 1.78007e-09 -1.46127e-07 -5.69754e-08 7.9401e-07 2.73408e-06 -1.26004e-06 -2.34618e-05 -5.01872e-05 5.22934e-05 0.000511135 0.00100725 -0.000924613 -0.00979852 -0.0209732 0.0102349 0.176438 0.5 0.823562 0.989765 1.02097 1.0098 1.00092 0.998993 0.999489 0.999948 1.00005 1.00002 1 0.999997 0.999999 1 1 1 1 1 1 1 1 
6.01329e-19 -6.65621e-19 1.15476e-09 1.4804e-09 1.54828e-08 -3.50885e-08 -1.15639e-07 -6.57606e-08 1.06551e-06 2.55115e-06 -1.94019e-06 -2.54032e-05 -4.89377e-05 6.04202e-05 0.000525818 0.00100397 -0.000974542 -0.00988523 -0.0209881 0.010406 0.176679 0.5 0.823321 0.989594 1.02099 1.00989 1.00097 0.998996 0.999474 0.99994 1.00005 1.00003 1 0.999997 0.999999 1 1 1 1 1 1 1 1 
6.65621e-19 -3.22708e-19 -4.24936e-10 7.96281e-09 3.76966e-09 -3.02386e-08 -1.47688e-07 3.7069e-08 1.13746e-06 2.58434e-06 -2.86667e-06 -2.65444e-05 -4.83305e-05 6.77636e-05 0.000536829 0.00100264 -0.00101363 -0.00995167 -0.0210049 0.0105271 0.176853 0.5 0.823147 0.989473 1.021 1.00995 1.00101 0.998997 0.999463 0.999932 1.00005 1.00003 1 0.999997 0.999999 1 1 1 1 1 1 1 1 
3.22708e-19 -2.50821e-19 1.96629e-09 5.38514e-09 7.36829e-09 -5.12984e-08 -1.30707e-07 6.85414e-08 1.2868e-06 2.45197e-06 -3.48325e-06 -2.7702e-05 -4.74614e-05 7.33824e-05 0.00054615 0.00100162 -0.00104282 -0.0100037 -0.0210213 0.0106105 0.176977 0.5 0.823023 0.98939 1.02102 1.01 1.00104 0.998998 0.999454 0.999927 1.00005 1.00003 1 0.999998 0.999999 1 1 1 1 1 1 1 1 
2.50821e-19 3.79602e-19 1.52032e-09 8.38541e-09 -8.79507e-11 -5.30699e-08 -1.38402e-07 1.37954e-07 1.35333e-06 2.39928e-06 -4.11699e-06 -2.85096e-05 -4.68877e-05 7.8136e-05 0.000553487 0.00100158 -0.00106503 -0.0100439 -0.0210375 0.0106667 0.177063 0.5 0.822937 0.989333 1.02104 1.01004 1.00107 0.998998 0.999447 0.999922 1.00005 1.00003 1 0.999998 0.999999 1 1 1 1 1 1 1 1 
-3.79602e-19 8.23049e-19 2.84605e-09 7.05216e-09 -6.67947e-10 -6.45687e-08 -1.26776e-07 1.76734e-07 1.43871e-06 2.29771e-06 -4.59548e-06 -2.92448e-05 -4.63231e-05 8.1862e-05 0.000559584 0.00100191 -0.00108144 -0.010075 -0.0210526 0.0107031 0.177123 0.5 0.822877 0.989297 1.02105 1.01008 1.00108 0.998998 0.99944 0.999918 1.00005 1.00003 1 0.999998 0.999999 1 1 1 1 1 1 1 1 
-8.23049e-19 1.56903e-18 2.81679e-09 8.00116e-09 -5.60544e-09 -6.77275e-08 -1.24483e-07 2.25243e-07 1.48906e-06 2.23001e-06 -5.03257e-06 -2.9809e-05 -4.5924e-05 8.49099e-05 0.000564495 0.00100272 -0.00109356 -0.010099 -0.0210666 0.0107254 0.177163 0.5 0.822837 0.989275 1.02107 1.0101 1.00109 0.998997 0.999436 0.999915 1.00005 1.00003 1.00001 0.999998 0.999999 1 1 1 1 1 1 1 1 
-1.56903e-18 2.11391e-18 3.45323e-09 7.09566e-09 -7.61206e-09 -7.40125e-08 -1.15399e-07 2.59521e-07 1.5407e-06 2.15374e-06 -5.3805e-06 -3.03004e-05 -4.55916e-05 8.73113e-05 0.000568545 0.00100375 -0.0011023 -0.0101174 -0.0210792 0.0107377 0.177188 0.5 0.822812 0.989262 1.02108 1.01012 1.0011 0.998996 0.999431 0.999913 1.00005 1.00003 1.00001 0.999998 0.999998 1 1 1 1 1 1 1 1 
-2.11391e-18 2.68079e-18 3.48829e-09 7.04172e-09 -1.10849e-08 -7.67724e-08 -1.10035e-07 2.94081e-07 1.57666e-06 2.09546e-06 -5.68157e-06 -3.06977e-05 -4.53613e-05 8.92344e-05 0.000571838 0.00100496 -0.0011085 -0.0101314 -0.0210905 0.0107432 0.177204 0.5 0.822796 0.989257 1.02109 1.01013 1.00111 0.998995 0.999428 0.999911 1.00005 1.00003 1.00001 0.999998 0.999998 1 1 1 1 1 1 1 1 
-2.68079e-18 3.0458e-18 3.73677e-09 6.26355e-09 -1.32843e-08 -8.03213e-08 -1.02753e-07 3.21124e-07 1.60989e-06 2.04087e-06 -5.9262e-06 -3.10383e-05 -4.51928e-05 9.07421e-05 0.000574541 0.00100623 -0.00111276 -0.010142 -0.0211003 0.010744 0.177212 0.5 0.822788 0.989256 1.0211 1.01014 1.00111 0.998994 0.999425 0.999909 1.00005 1.00003 1.00001 0.999998 0.999998 1 1 1 1 1 1 1 1 
-3.0458e-18 3.32268e-18 3.72963e-09 5.79975e-09 -1.5843e-08 -8.23691e-08 -9.72364e-08 3.45917e-07 1.63549e-06 1.99774e-06 -6.13219e-06 -3.13215e-05 -4.50875e-05 9.19283e-05 0.000576742 0.00100753 -0.00111558 -0.01015 -0.0211088 0.0107419 0.177215 0.5 0.822785 0.989258 1.02111 1.01015 1.00112 0.998992 0.999423 0.999908 1.00005 1.00003 1.00001 0.999998 0.999998 1 1 1 1 1 1 1 1 
-3.32268e-18 3.45e-18 3.77975e-09 5.08888e-09 -1.77943e-08 -8.44978e-08 -9.1554e-08 3.66187e-07 1.65817e-06 1.96079e-06 -6.3005e-06 -3.1563e-05 -4.50258e-05 9.28475e-05 0.00057854 0.00100879 -0.00111733 -0.0101558 -0.0211161 0.010738 0.177215 0.5 0.822785 0.989262 1.02112 1.01016 1.00112 0.998991 0.999421 0.999907 1.00005 1.00003 1.00001 0.999998 0.999998 1 1 1 1 1 1 1 1 
-3.45e-18 3.49481e-18 3.72613e-09 4.51274e-09 -1.97292e-08 -8.59682e-08 -8.6927e-08 3.83962e-07 1.67674e-06 1.93173e-06 -6.43999e-06 -3.17665e-05 -4.50014e-05 9.35568e-05 0.000579999 0.00100999 -0.0011183 -0.0101601 -0.0211222 0.0107332 0.177213 0.5 0.822787 0.989267 1.02112 1.01016 1.00112 0.99899 0.99942 0.999906 1.00005 1.00003 1.00001 0.999998 0.999998 1 1 1 1 1 1 1 1 
-3.49481e-18 3.45612e-18 3.68592e-09 3.8807e-09 -2.13286e-08 -8.73561e-08 -8.2678e-08 3.98751e-07 1.69298e-06 1.90824e-06 -6.55376e-06 -3.19398e-05 -4.50031e-05 9.40964e-05 0.000581182 0.0010111 -0.00111873 -0.0101632 -0.0211274 0.010728 0.17721 0.5 0.82279 0.989272 1.02113 1.01016 1.00112 0.998989 0.999419 0.999906 1.00005 1.00003 1.00001 0.999998 0.999998 1 1 1 1 1 1 1 1 
-3.45612e-18 3.37297e-18 3.60775e-09 3.32798e-09 -2.28084e-08 -8.84405e-08 -7.91692e-08 4.11431e-07 1.70676e-06 1.89024e-06 -6.64692e-06 -3.20865e-05 -4.50249e-05 9.45026e-05 0.000582137 0.00101212 -0.00111876 -0.0101653 -0.0211316 0.0107228 0.177207 0.5 0.822793 0.989277 1.02113 1.01017 1.00112 0.998988 0.999418 0.999905 1.00005 1.00003 1.00001 0.999998 0.999998 1 1 1 1 1 1 1 1 
-3.37297e-18 3.25634e-18 3.53495e-09 2.79106e-09 -2.4074e-08 -8.94322e-08 -7.61359e-08 4.22036e-07 1.71881e-06 1.87643e-06 -6.72246e-06 -3.22112e-05 -4.506e-05 9.48028e-05 0.000582903 0.00101303 -0.00111854 -0.0101667 -0.0211351 0.0107179 0.177203 0.5 0.822797 0.989282 1.02114 1.01017 1.00112 0.998987 0.999417 0.999905 1.00005 1.00003 1.00001 0.999998 0.999998 1 1 1 1 1 1 1 1 
-3.25634e-18 3.12662e-18 3.45233e-09 2.31511e-09 -2.5209e-08 -9.02721e-08 -7.36519e-08 4.3101e-07 1.72922e-06 1.86632e-06 -6.78362e-06 -3.23167e-05 -4.5104e-05 9.50206e-05 0.000583515 0.00101384 -0.00111816 -0.0101676 -0.021138 0.0107134 0.177199 0.5 0.822801 0.989287 1.02114 1.01017 1.00112 0.998986 0.999416 0.999905 1.00005 1.00003 1.00001 0.999998 0.999998 1 1 1 1 1 1 1 1 
-3.12662e-18 2.99201e-18 3.37568e-09 1.87775e-09 -2.61928e-08 -9.10386e-08 -7.159e-08 4.38506e-07 1.73833e-06 1.85911e-06 -6.83276e-06 -3.24059e-05 -4.51529e-05 9.51741e-05 0.000584001 0.00101455 -0.00111769 -0.0101681 -0.0211402 0.0107093 0.177195 0.5 0.822805 0.989291 1.02114 1.01017 1.00112 0.998985 0.999416 0.999905 1.00005 1.00003 1.00001 0.999998 0.999998 1 1 1 1 1 1 1 1 
-2.99201e-18 2.8616e-18 3.3007e-09 1.49185e-09 -2.7062e-08 -9.17191e-08 -6.99345e-08 4.44789e-07 1.74626e-06 1.85428e-06 -6.87205e-06 -3.24811e-05 -4.52039e-05 9.52784e-05 0.000584383 0.00101517 -0.00111717 -0.0101683 -0.021142 0.0107058 0.177192 0.5 0.822808 0.989294 1.02114 1.01017 1.00112 0.998985 0.999416 0.999905 1.00005 1.00003 1.00001 0.999998 0.999998 1 1 1 1 1 1 1 1 
-2.8616e-18 2.73913e-18 3.23286e-09 1.14771e-09 -2.78185e-08 -9.23433e-08 -6.8609e-08 4.50013e-07 1.7532e-06 1.8513e-06 -6.90323e-06 -3.25444e-05 -4.52548e-05 9.53453e-05 0.000584682 0.0010157 -0.00111665 -0.0101684 -0.0211434 0.0107027 0.177189 0.5 0.822811 0.989297 1.02114 1.01017 1.00112 0.998984 0.999415 0.999905 1.00005 1.00003 1.00001 0.999998 0.999998 1 1 1 1 1 1 1 1 
-2.73913e-18 2.62767e-18 3.17075e-09 8.46914e-10 -2.84816e-08 -9.29104e-08 -6.75761e-08 4.54352e-07 1.75925e-06 1.84976e-06 -6.92778e-06 -3.25975e-05 -4.53041e-05 9.53842e-05 0.000584912 0.00101616 -0.00111614 -0.0101683 -0.0211445 0.0107001 0.177186 0.5 0.822814 0.9893 1.02114 1.01017 1.00112 0.998984 0.999415 0.999905 1.00005 1.00003 1.00001 0.999998 0.999998 1 1 1 1 1 1 1 1 
-2.62767e-18 2.52806e-18 3.11592e-09 5.83671e-10 -2.90585e-08 -9.34321e-08 -6.67831e-08 4.57933e-07 1.76452e-06 1.84931e-06 -6.94693e-06 -3.26417e-05 -4.53508e-05 9.54025e-05 0.000585088 0.00101654 -0.00111567 -0.0101681 -0.0211453 0.010698 0.177184 0.5 0.822816 0.989302 1.02115 1.01017 1.00112 0.998983 0.999415 0.999905 1.00005 1.00003 1.00001 0.999998 0.999998 1 1 1 1 1 1 1 1 
-2.52806e-18 2.44059e-18 3.06756e-09 3.55878e-10 -2.95614e-08 -9.39097e-08 -6.61933e-08 4.60878e-07 1.76911e-06 1.84967e-06 -6.96171e-06 -3.26785e-05 -4.53941e-05 9.5406e-05 0.00058522 0.00101686 -0.00111523 -0.0101679 -0.0211458 0.0106962 0.177182 0.5 0.822818 0.989304 1.02115 1.01017 1.00112 0.998983 0.999415 0.999905 1.00005 1.00003 1.00001 0.999998 0.999998 1 1 1 1 1 1 1 1 
-2.44059e-18 2.3647e-18 3.02578e-09 1.59202e-10 -2.9998e-08 -9.43483e-08 -6.57685e-08 4.63285e-07 1.77308e-06 1.85059e-06 -6.97297e-06 -3.27089e-05 -4.54336e-05 9.53993e-05 0.000585318 0.00101712 -0.00111484 -0.0101676 -0.0211463 0.0106947 0.17718 0.5 0.82282 0.989305 1.02115 1.01017 1.00111 0.998983 0.999415 0.999905 1.00005 1.00003 1.00001 0.999998 0.999998 1 1 1 1 1 1 1 1 
-2.3647e-18 2.29962e-18 2.98986e-09 -9.35845e-12 -3.03769e-08 -9.47495e-08 -6.54788e-08 4.65241e-07 1.77651e-06 1.8519e-06 -6.98141e-06 -3.27339e-05 -4.54693e-05 9.53857e-05 0.000585388 0.00101733 -0.0011145 -0.0101674 -0.0211466 0.0106936 0.177179 0.5 0.822821 0.989306 1.02115 1.01017 1.00111 0.998983 0.999415 0.999905 1.00005 1.00003 1.00001 0.999998 0.999998 1 1 1 1 1 1 1 1 
-2.29962e-18 2.24431e-18 2.9594e-09 -1.53322e-10 -3.07046e-08 -9.51162e-08 -6.52966e-08 4.66819e-07 1.77946e-06 1.85345e-06 -6.98762e-06 -3.27544e-05 -4.5501e-05 9.5368e-05 0.000585438 0.00101751 -0.0011142 -0.0101671 -0.0211467 0.0106927 0.177178 0.5 0.822822 0.989307 1.02115 1.01017 1.00111 0.998982 0.999415 0.999905 1.00005 1.00003 1.00001 0.999998 0.999998 1 1 1 1 1 1 1 1 
-2.24431e-18 2.19771e-18 2.93374e-09 -2.75587e-10 -3.09876e-08 -9.54499e-08 -6.51995e-08 4.68081e-07 1.78199e-06 1.85512e-06 -6.99207e-06 -3.2771e-05 -4.5529e-05 9.53479e-05 0.00058547 0.00101765 -0.00111394 -0.0101669 -0.0211469 0.010692 0.177177 0.5 0.822823 0.989308 1.02115 1.01017 1.00111 0.998982 0.999415 0.999905 1.00005 1.00003 1.00001 0.999998 0.999998 1 1 1 1 1 1 1 1 
-2.19771e-18 2.15874e-18 2.91235e-09 -3.79016e-10 -3.12315e-08 -9.57528e-08 -6.5168e-08 4.69083e-07 1.78415e-06 1.85683e-06 -6.99514e-06 -3.27844e-05 -4.55534e-05 9.5327e-05 0.00058549 0.00101776 -0.00111372 -0.0101667 -0.0211469 0.0106914 0.177176 0.5 0.822824 0.989309 1.02115 1.01017 1.00111 0.998982 0.999415 0.999905 1.00005 1.00003 1.00001 0.999998 0.999998 1 1 1 1 1 1 1 1 
-2.15874e-18 2.12641e-18 2.89465e-09 -4.66086e-10 -3.14411e-08 -9.60265e-08 -6.51864e-08 4.69868e-07 1.78597e-06 1.85852e-06 -6.99716e-06 -3.27952e-05 -4.55745e-05 9.53063e-05 0.000585501 0.00101785 -0.00111354 -0.0101665 -0.0211469 0.010691 0.177176 0.5 0.822824 0.989309 1.02115 1.01017 1.00111 0.998982 0.999414 0.999905 1.00005 1.00003 1.00001 0.999998 0.999998 1 1 1 1 1 1 1 1 
-2.12641e-18 2.09979e-18 2.88015e-09 -5.39076e-10 -3.16207e-08 -9.62728e-08 -6.52414e-08 4.70476e-07 1.78751e-06 1.86013e-06 -6.99838e-06 -3.28037e-05 -4.55926e-05 9.52864e-05 0.000585505 0.00101792 -0.00111338 -0.0101663 -0.0211469 0.0106907 0.177175 0.5 0.822825 0.989309 1.02115 1.01017 1.00111 0.998982 0.999414 0.999905 1.00005 1.00003 1.00001 0.999998 0.999998 1 1 1 1 1 1 1 1 
-2.09979e-18 2.07802e-18 2.86836e-09 -5.99978e-10 -3.17744e-08 -9.64937e-08 -6.53224e-08 4.70938e-07 1.78881e-06 1.86165e-06 -6.99899e-06 -3.28104e-05 -4.56079e-05 9.52678e-05 0.000585504 0.00101797 -0.00111326 -0.0101661 -0.0211468 0.0106905 0.177175 0.5 0.822825 0.989309 1.02115 1.01017 1.00111 0.998982 0.999414 0.999905 1.00005 1.00003 1.00001 0.999998 0.999998 1 1 1 1 1 1 1 1 
-2.07802e-18 2.06037e-18 2.85888e-09 -6.50567e-10 -3.19054e-08 -9.66908e-08 -6.54205e-08 4.71283e-07 1.78988e-06 1.86305e-06 -6.99917e-06 -3.28156e-05 -4.56209e-05 9.52507e-05 0.0005855 0.00101801 -0.00111316 -0.010166 -0.0211468 0.0106904 0.177175 0.5 0.822825 0.98931 1.02115 1.01017 1.00111 0.998982 0.999414 0.999905 1.00005 1.00003 1.00001 0.999998 0.999998 1 1 1 1 1 1 1 1 
-2.06037e-18 2.04618e-18 2.85133e-09 -6.92387e-10 -3.20168e-08 -9.68661e-08 -6.55291e-08 4.71533e-07 1.79077e-06 1.86432e-06 -6.99903e-06 -3.28196e-05 -4.56317e-05 9.52354e-05 0.000585494 0.00101804 -0.00111308 -0.0101659 -0.0211467 0.0106903 0.177175 0.5 0.822825 0.98931 1.02115 1.01017 1.00111 0.998982 0.999415 0.999905 1.00005 1.00003 1.00001 0.999998 0.999998 1 1 1 1 1 1 1 1 
-2.04618e-18 2.03487e-18 2.84538e-09 -7.26789e-10 -3.21112e-08 -9.70212e-08 -6.56427e-08 4.71708e-07 1.7915e-06 1.86546e-06 -6.99869e-06 -3.28226e-05 -4.56407e-05 9.52217e-05 0.000585486 0.00101806 -0.00111301 -0.0101658 -0.0211467 0.0106903 0.177175 0.5 0.822825 0.98931 1.02115 1.01017 1.00111 0.998982 0.999415 0.999905 1.00005 1.00003 1.00001 0.999998 0.999998 1 1 1 1 1 1 1 1 
-2.03487e-18 2.02596e-18 2.84076e-09 -7.5494e-10 -3.2191e-08 -9.71579e-08 -6.57573e-08 4.71823e-07 1.79209e-06 1.86647e-06 -6.9982e-06 -3.28248e-05 -4.5648e-05 9.52097e-05 0.000585478 0.00101807 -0.00111296 -0.0101657 -0.0211466 0.0106903 0.177175 0.5 0.822825 0.98931 1.02115 1.01017 1.00111 0.998982 0.999415 0.999905 1.00005 1.00003 1.00001 0.999998 0.999998 1 1 1 1 1 1 1 1 
-2.02596e-18 2.01902e-18 2.83722e-09 -7.77848e-10 -3.22582e-08 -9.72779e-08 -6.58697e-08 4.71891e-07 1.79257e-06 1.86736e-06 -6.99764e-06 -3.28264e-05 -4.5654e-05 9.51993e-05 0.000585469 0.00101808 -0.00111292 -0.0101657 -0.0211466 0.0106903 0.177175 0.5 0.822825 0.98931 1.02115 1.01017 1.00111 0.998982 0.999415 0.999905 1.00005 1.00003 1.00001 0.999998 0.999998 1 1 1 1 1 1 1 1 
