1 1 0.975 0.95 0.925 0.9 0.875 0.85 0.825 0.8 0.775 0.75 0.725 0.7 0.675 0.65 0.625 0.6 0.575 0.55 0.525 0.5 0.475 0.45 0.425 0.4 0.375 0.35 0.325 0.3 0.275 0.25 0.225 0.2 0.175 0.15 0.125 0.1 0.075 0.05 0.025 0 0 
1 1 0.987344 0.962031 0.936719 0.911406 0.886094 0.860781 0.835469 0.810156 0.784844 0.759531 0.734219 0.708906 0.683594 0.658281 0.632969 0.607656 0.582344 0.557031 0.531719 0.506406 0.481094 0.455781 0.430469 0.405156 0.379844 0.354531 0.329219 0.303906 0.278594 0.253281 0.227969 0.202656 0.177344 0.152031 0.126719 0.101406 0.0760937 0.0507812 0.0254687 0.00015625 0 
1 1 0.993632 0.974367 0.948734 0.923101 0.897469 0.871836 0.846203 0.82057 0.794937 0.769304 0.743671 0.718039 0.692406 0.666773 0.64114 0.615507 0.589874 0.564241 0.538608 0.512976 0.487343 0.46171 0.436077 0.410444 0.384811 0.359178 0.333546 0.307913 0.28228 0.256647 0.231014 0.205381 0.179748 0.154116 0.128483 0.10285 0.077217 0.0515841 0.0259513 0.000318408 -0.00015625 
1 1 0.996806 0.983845 0.961058 0.935097 0.909135 0.883174 0.857212 0.831251 0.80529 0.779328 0.753367 0.727405 0.701444 0.675483 0.649521 0.62356 0.597599 0.571637 0.545676 0.519714 0.493753 0.467792 0.44183 0.415869 0.389907 0.363946 0.337985 0.312023 0.286062 0.260101 0.234139 0.208178 0.182216 0.156255 0.130294 0.104332 0.0783709 0.0524095 0.0264481 0.00048675 -0.000318408 
1 1 0.9984 0.990263 0.972138 0.947403 0.921105 0.894806 0.868508 0.84221 0.815911 0.789613 0.763315 0.737016 0.710718 0.684419 0.658121 0.631823 0.605524 0.579226 0.552928 0.526629 0.500331 0.474032 0.447734 0.421436 0.395137 0.368839 0.342541 0.316242 0.289944 0.263645 0.237347 0.211049 0.18475 0.158452 0.132153 0.105855 0.0795567 0.0532583 0.0269599 0.000661567 -0.00048675 
1 1 0.9992 0.994309 0.98103 0.959273 0.93339 0.906745 0.880101 0.853457 0.826813 0.800169 0.773524 0.74688 0.720236 0.693592 0.666948 0.640304 0.613659 0.587015 0.560371 0.533727 0.507083 0.480438 0.453794 0.42715 0.400506 0.373862 0.347218 0.320573 0.293929 0.267285 0.240641 0.213997 0.187352 0.160708 0.134064 0.10742 0.0807757 0.0541315 0.0274873 0.000843167 -0.000661567 
1 1 0.9996 0.996746 0.987587 0.969827 0.945637 0.919003 0.892003 0.865004 0.838005 0.811006 0.784007 0.757008 0.730009 0.703009 0.67601 0.649011 0.622012 0.595013 0.568014 0.541015 0.514016 0.487016 0.460017 0.433018 0.406019 0.37902 0.352021 0.325022 0.298022 0.271023 0.244024 0.217025 0.190026 0.163027 0.136028 0.109028 0.0820293 0.0550302 0.028031 0.00103188 -0.000843167 
1 1 0.9998 0.99817 0.992131 0.978518 0.95722 0.931418 0.904227 0.876864 0.8495 0.822137 0.794773 0.767409 0.740046 0.712682 0.685318 0.657955 0.630591 0.603228 0.575864 0.5485 0.521137 0.493773 0.46641 0.439046 0.411682 0.384319 0.356955 0.329591 0.302228 0.274864 0.247501 0.220137 0.192773 0.16541 0.138046 0.110683 0.0833189 0.0559553 0.0285917 0.00122805 -0.00103188 
1 1 0.9999 0.998984 0.995136 0.985225 0.967527 0.943601 0.916706 0.889048 0.86131 0.833572 0.805834 0.778096 0.750358 0.72262 0.694882 0.667144 0.639406 0.611668 0.58393 0.556192 0.528454 0.500716 0.472978 0.44524 0.417502 0.389764 0.362026 0.334288 0.30655 0.278812 0.251074 0.223336 0.195598 0.16786 0.140122 0.112384 0.084646 0.056908 0.02917 0.00143204 -0.00122805 
1 1 0.99995 0.999442 0.997054 0.990132 0.976167 0.955032 0.929214 0.901534 0.873448 0.845325 0.817202 0.78908 0.760957 0.732834 0.704712 0.676589 0.648466 0.620344 0.592221 0.564098 0.535975 0.507853 0.47973 0.451607 0.423485 0.395362 0.367239 0.339117 0.310994 0.282871 0.254749 0.226626 0.198503 0.17038 0.142258 0.114135 0.0860123 0.0578896 0.0297669 0.00164425 -0.00143204 
1 1 0.999975 0.999696 0.998246 0.993571 0.983032 0.965236 0.941376 0.914203 0.885911 0.857409 0.828891 0.800373 0.771855 0.743337 0.714819 0.6863 0.657782 0.629264 0.600746 0.572228 0.54371 0.515192 0.486673 0.458155 0.429637 0.401119 0.372601 0.344083 0.315565 0.287046 0.258528 0.23001 0.201492 0.172974 0.144456 0.115938 0.0874195 0.0589014 0.0303832 0.00186509 -0.00164425 
1 1 0.999987 0.999835 0.99897 0.995899 0.98824 0.973904 0.952749 0.926808 0.898643 0.869831 0.840914 0.811989 0.783064 0.754139 0.725215 0.69629 0.667365 0.63844 0.609515 0.580591 0.551666 0.522741 0.493816 0.464892 0.435967 0.407042 0.378117 0.349192 0.320268 0.291343 0.262418 0.233493 0.204568 0.175644 0.146719 0.117794 0.0888694 0.0599446 0.0310198 0.00209501 -0.00186509 
1 1 0.999994 0.999911 0.999402 0.997431 0.992039 0.980936 0.962938 0.938998 0.911497 0.882569 0.853281 0.823941 0.794598 0.765255 0.735912 0.706569 0.677226 0.647883 0.61854 0.589197 0.559853 0.53051 0.501167 0.471824 0.442481 0.413138 0.383795 0.354452 0.325109 0.295766 0.266422 0.237079 0.207736 0.178393 0.14905 0.119707 0.0903638 0.0610207 0.0316776 0.00233447 -0.00209501 
1 1 0.999997 0.999953 0.999657 0.998415 0.99472 0.986412 0.971685 0.950381 0.924219 0.895544 0.865991 0.836244 0.806472 0.776698 0.746924 0.717151 0.687377 0.657603 0.62783 0.598056 0.568283 0.538509 0.508735 0.478962 0.449188 0.419415 0.389641 0.359867 0.330094 0.30032 0.270546 0.240773 0.210999 0.181226 0.151452 0.121678 0.0919048 0.0621312 0.0323576 0.00258397 -0.00233447 
1 1 0.999998 0.999975 0.999805 0.999035 0.996561 0.990527 0.978894 0.960618 0.93648 0.908589 0.879006 0.848903 0.818698 0.788482 0.758265 0.728048 0.697832 0.667615 0.637398 0.607181 0.576964 0.546747 0.51653 0.486314 0.456097 0.42588 0.395663 0.365446 0.335229 0.305013 0.274796 0.244579 0.214362 0.184145 0.153928 0.123711 0.0934946 0.0632777 0.0330609 0.00284406 -0.00258397 
1 1 0.999999 0.999987 0.99989 0.99942 0.997796 0.993525 0.984622 0.96948 0.947928 0.921454 0.892227 0.861907 0.831291 0.800623 0.76995 0.739276 0.708603 0.67793 0.647256 0.616583 0.585909 0.555236 0.524563 0.493889 0.463216 0.432543 0.401869 0.371196 0.340522 0.309849 0.279176 0.248502 0.217829 0.187156 0.156482 0.125809 0.0951354 0.064462 0.0337887 0.00311529 -0.00284406 
1 1 1 0.999993 0.999938 0.999655 0.998607 0.995651 0.989025 0.976877 0.958259 0.933827 0.905479 0.875203 0.84425 0.813135 0.781993 0.75085 0.719706 0.688562 0.657418 0.626274 0.595131 0.563987 0.532843 0.501699 0.470555 0.439412 0.408268 0.377124 0.34598 0.314836 0.283693 0.252549 0.221405 0.190261 0.159117 0.127973 0.0968297 0.0656859 0.0345421 0.00339828 -0.00311529 
1 1 1 0.999996 0.999966 0.999796 0.99913 0.997125 0.992312 0.982847 0.967266 0.945384 0.918514 0.888681 0.857556 0.826027 0.794412 0.762784 0.731155 0.699527 0.667898 0.636269 0.60464 0.573012 0.541383 0.509754 0.478125 0.446496 0.414868 0.383239 0.35161 0.319981 0.288353 0.256724 0.225095 0.193466 0.161838 0.130209 0.09858 0.0669512 0.0353225 0.00369368 -0.00339828 
1 1 1 0.999998 0.999981 0.999881 0.999463 0.998125 0.994706 0.987521 0.974862 0.955847 0.931035 0.90216 0.871144 0.839298 0.80722 0.775097 0.742968 0.710839 0.67871 0.646581 0.614452 0.582323 0.550195 0.518066 0.485937 0.453808 0.421679 0.38955 0.357421 0.325292 0.293163 0.261034 0.228905 0.196776 0.164647 0.132518 0.100389 0.0682601 0.0361312 0.00400219 -0.00369368 
1 1 1 0.999999 0.999989 0.999931 0.999672 0.998793 0.996409 0.991081 0.981073 0.965025 0.942739 0.915393 0.884894 0.852915 0.820424 0.787804 0.755162 0.722517 0.689872 0.657226 0.624581 0.591936 0.559291 0.526646 0.494001 0.461356 0.428711 0.396066 0.363421 0.330776 0.29813 0.265485 0.23284 0.200195 0.16755 0.134905 0.10226 0.0696147 0.0369696 0.00432455 -0.00400219 
1 1 1 0.999999 0.999994 0.99996 0.999801 0.999232 0.997599 0.993729 0.986007 0.972833 0.953368 0.928096 0.898621 0.866808 0.834016 0.800919 0.767753 0.734576 0.701398 0.668221 0.635043 0.601865 0.568687 0.535509 0.502331 0.469153 0.435975 0.402797 0.369619 0.336441 0.303263 0.270085 0.236907 0.203729 0.170551 0.137373 0.104195 0.0710175 0.0378395 0.00466157 -0.00432455 
1 1 1 1 0.999997 0.999977 0.999881 0.999517 0.998414 0.995655 0.989829 0.979284 0.962741 0.939983 0.912081 0.880849 0.84796 0.814447 0.78076 0.747037 0.713309 0.679581 0.645852 0.612124 0.578396 0.544667 0.510939 0.477211 0.443482 0.409754 0.376026 0.342297 0.308569 0.274841 0.241112 0.207384 0.173656 0.139927 0.106199 0.0724708 0.0387424 0.00501409 -0.00466157 
1 1 1 1 0.999998 0.999987 0.999929 0.999699 0.998965 0.997031 0.992721 0.984475 0.970773 0.950809 0.925 0.894848 0.862174 0.828375 0.794194 0.759917 0.725623 0.691326 0.657029 0.622732 0.588434 0.554137 0.51984 0.485543 0.451246 0.416949 0.382652 0.348354 0.314057 0.27976 0.245463 0.211166 0.176869 0.142572 0.108274 0.0739773 0.0396802 0.00538305 -0.00501409 
1 1 1 1 0.999999 0.999993 0.999958 0.999814 0.999332 0.997996 0.994865 0.988551 0.977471 0.9604 0.937103 0.908566 0.876527 0.84266 0.808059 0.773235 0.738359 0.703475 0.66859 0.633705 0.598819 0.563934 0.529049 0.494163 0.459278 0.424393 0.389508 0.354622 0.319737 0.284852 0.249966 0.215081 0.180196 0.145311 0.110425 0.07554 0.0406547 0.00576943 -0.00538305 
1 1 1 1 0.999999 0.999996 0.999975 0.999886 0.999573 0.998663 0.996425 0.991682 0.982917 0.96867 0.948155 0.921734 0.890825 0.857216 0.822338 0.787002 0.751539 0.716049 0.680556 0.645062 0.609568 0.574075 0.538581 0.503087 0.467593 0.4321 0.396606 0.361112 0.325618 0.290125 0.254631 0.219137 0.183643 0.148149 0.112656 0.0771619 0.0416681 0.00617431 -0.00576943 
1 1 1 1 1 0.999998 0.999986 0.999931 0.999729 0.999117 0.997541 0.994039 0.987244 0.975621 0.957986 0.934085 0.904831 0.871903 0.836983 0.801219 0.765179 0.72907 0.692949 0.656825 0.620701 0.584578 0.548454 0.51233 0.476207 0.440083 0.403959 0.367836 0.331712 0.295588 0.259465 0.223341 0.187217 0.151094 0.11497 0.0788462 0.0427225 0.00659884 -0.00617431 
1 1 1 1 1 0.999999 0.999992 0.999958 0.99983 0.999423 0.998328 0.995783 0.99061 0.981324 0.966511 0.94539 0.91828 0.886529 0.851902 0.815866 0.779292 0.742559 0.70579 0.669015 0.632239 0.595462 0.558686 0.52191 0.485134 0.448358 0.411582 0.374806 0.33803 0.301253 0.264477 0.227701 0.190925 0.154149 0.117373 0.0805965 0.0438204 0.00704426 -0.00659884 
1 1 1 1 1 0.999999 0.999995 0.999975 0.999894 0.999626 0.998875 0.997052 0.993179 0.985902 0.973724 0.955485 0.930911 0.900855 0.866951 0.830891 0.793877 0.756535 0.719104 0.681654 0.644202 0.60675 0.569298 0.531845 0.494393 0.45694 0.419488 0.382036 0.344583 0.307131 0.269679 0.232226 0.194774 0.157321 0.119869 0.0824167 0.0449643 0.00751191 -0.00704426 
1 1 1 1 1 1 0.999997 0.999985 0.999934 0.99976 0.99925 0.997961 0.995106 0.989502 0.97969 0.964282 0.9425 0.914619 0.881935 0.846197 0.808912 0.771009 0.732912 0.694769 0.656616 0.618463 0.580309 0.542155 0.504002 0.465848 0.427694 0.38954 0.351387 0.313233 0.275079 0.236926 0.198772 0.160618 0.122464 0.0843107 0.046157 0.00800325 -0.00751191 
1 1 1 1 1 1 0.999998 0.999991 0.99996 0.999847 0.999505 0.998605 0.996529 0.992282 0.984521 0.97177 0.952884 0.927564 0.896615 0.861637 0.82434 0.78598 0.747236 0.708383 0.669506 0.630625 0.591743 0.552862 0.51398 0.475099 0.436217 0.397336 0.358454 0.319572 0.280691 0.241809 0.202928 0.164046 0.125165 0.086283 0.0474014 0.00851985 -0.00800325 
1 1 1 1 1 1 0.999999 0.999995 0.999975 0.999903 0.999676 0.999055 0.997564 0.994394 0.988356 0.978006 0.961971 0.939467 0.910729 0.877012 0.84006 0.801423 0.762087 0.722522 0.682898 0.643263 0.603625 0.563988 0.52435 0.484713 0.445076 0.405438 0.365801 0.326163 0.286526 0.246888 0.207251 0.167613 0.127976 0.0883384 0.0487009 0.00906343 -0.00851985 
1 1 1 1 1 1 0.999999 0.999997 0.999985 0.999939 0.99979 0.999365 0.998308 0.995972 0.991349 0.983094 0.969748 0.950165 0.924022 0.892081 0.855922 0.817278 0.777462 0.737206 0.69682 0.656403 0.615981 0.575558 0.535135 0.494712 0.454289 0.413866 0.373443 0.33302 0.292597 0.252174 0.211751 0.171328 0.130905 0.0904819 0.0500589 0.00963584 -0.00906343 
1 1 1 1 1 1 1 0.999998 0.999991 0.999962 0.999865 0.999577 0.998836 0.997137 0.993646 0.987169 0.976264 0.959564 0.936271 0.906583 0.871724 0.833443 0.793336 0.75245 0.711299 0.670077 0.628839 0.5876 0.54636 0.50512 0.46388 0.422639 0.381399 0.340159 0.298919 0.257679 0.216439 0.175199 0.133959 0.0927192 0.0514791 0.0102391 -0.00963584 
1 1 1 1 1 1 1 0.999999 0.999995 0.999977 0.999913 0.999721 0.999206 0.997985 0.995383 0.990376 0.981617 0.967646 0.947311 0.920261 0.887221 0.849762 0.809648 0.76825 0.726357 0.684312 0.64223 0.600141 0.558051 0.51596 0.47387 0.431779 0.389689 0.347599 0.305508 0.263418 0.221327 0.179237 0.137147 0.0950562 0.0529658 0.0108754 -0.0102391 
1 1 1 1 1 1 1 0.999999 0.999997 0.999986 0.999945 0.999817 0.999464 0.998595 0.99668 0.992862 0.985935 0.974454 0.957046 0.93289 0.902151 0.866029 0.826289 0.784581 0.742011 0.69914 0.656186 0.613214 0.570238 0.527262 0.484285 0.441309 0.398333 0.355357 0.312381 0.269404 0.226428 0.183452 0.140476 0.0974996 0.0545234 0.0115472 -0.0108754 
1 1 1 1 1 1 1 1 0.999998 0.999991 0.999965 0.999881 0.99964 0.999029 0.997635 0.994761 0.989362 0.980081 0.965452 0.944303 0.916253 0.881996 0.843102 0.801377 0.758257 0.714586 0.67074 0.626851 0.582953 0.539053 0.495154 0.451254 0.407354 0.363455 0.319555 0.275655 0.231755 0.187856 0.143956 0.100056 0.0561567 0.0122571 -0.0115472 
1 1 1 1 1 1 1 1 0.999999 0.999995 0.999978 0.999923 0.999761 0.999334 0.998331 0.996193 0.99204 0.984651 0.972567 0.954401 0.9293 0.897397 0.859876 0.818531 0.77507 0.730666 0.685926 0.641089 0.59623 0.551367 0.506504 0.461641 0.416777 0.371914 0.327051 0.282188 0.237324 0.192461 0.147598 0.102734 0.0578712 0.0130079 -0.0122571 
1 1 1 1 1 1 1 1 0.999999 0.999997 0.999986 0.999951 0.999842 0.999547 0.998832 0.997259 0.994104 0.988302 0.97848 0.963152 0.941121 0.911966 0.87636 0.83588 0.792385 0.747381 0.70177 0.655963 0.610106 0.564238 0.518369 0.472499 0.42663 0.38076 0.33489 0.289021 0.243151 0.197281 0.151412 0.105542 0.0596725 0.0138029 -0.0130079 
1 1 1 1 1 1 1 1 1 0.999998 0.999992 0.999969 0.999896 0.999695 0.999189 0.998044 0.995675 0.991178 0.983309 0.970592 0.951609 0.925473 0.892279 0.853207 0.81009 0.764705 0.718295 0.671512 0.624621 0.577704 0.530783 0.483862 0.43694 0.390019 0.343097 0.296175 0.249254 0.202332 0.15541 0.108489 0.0615671 0.0146454 -0.0138029 
1 1 1 1 1 1 1 1 1 0.999999 0.999995 0.99998 0.999932 0.999795 0.999442 0.998616 0.996855 0.993411 0.987193 0.976804 0.960732 0.937738 0.907363 0.870257 0.828019 0.782573 0.735501 0.687767 0.639815 0.591807 0.543786 0.495764 0.447742 0.399719 0.351697 0.303674 0.255652 0.207629 0.159607 0.111584 0.0635619 0.0155394 -0.0146454 
1 1 1 1 1 1 1 1 1 0.999999 0.999997 0.999987 0.999956 0.999864 0.999619 0.999028 0.997734 0.995125 0.990272 0.981905 0.968517 0.948651 0.921374 0.886747 0.845952 0.800872 0.753366 0.704751 0.65573 0.606589 0.557419 0.508244 0.459069 0.409893 0.360718 0.311542 0.262367 0.213191 0.164016 0.11484 0.0656646 0.0164891 -0.0155394 
1 1 1 1 1 1 1 1 1 1 0.999998 0.999992 0.999972 0.99991 0.999741 0.999323 0.99838 0.996425 0.992681 0.986031 0.975045 0.958173 0.934126 0.9024 0.863624 0.819432 0.771825 0.722473 0.672403 0.622097 0.571728 0.521345 0.470961 0.420576 0.370192 0.319807 0.269422 0.219038 0.168653 0.118268 0.0678837 0.0174991 -0.0164891 
1 1 1 1 1 1 1 1 1 1 0.999999 0.999995 0.999982 0.999941 0.999826 0.999532 0.998851 0.9974 0.994543 0.98932 0.980431 0.966327 0.945502 0.916966 0.880743 0.838026 0.790764 0.74091 0.689863 0.638377 0.58676 0.535113 0.48346 0.431806 0.380152 0.328498 0.276844 0.22519 0.173536 0.121883 0.0702285 0.0185746 -0.0174991 
1 1 1 1 1 1 1 1 1 1 0.999999 0.999997 0.999989 0.999961 0.999883 0.999679 0.999191 0.998124 0.995965 0.99191 0.984808 0.973191 0.955456 0.930253 0.897023 0.856381 0.810009 0.76 0.708122 0.655474 0.60257 0.549599 0.496613 0.443626 0.390638 0.33765 0.284662 0.231673 0.178685 0.125697 0.0727094 0.0197213 -0.0185746 
1 1 1 1 1 1 1 1 1 1 1 0.999998 0.999993 0.999975 0.999922 0.999781 0.999435 0.998657 0.997042 0.993926 0.988318 0.978878 0.964007 0.942134 0.912203 0.874197 0.829328 0.779628 0.727163 0.673421 0.619209 0.564857 0.510472 0.456081 0.401689 0.347297 0.292905 0.238513 0.184121 0.12973 0.0753377 0.0209458 -0.0197213 
1 1 1 1 1 1 1 1 1 1 1 0.999999 0.999995 0.999984 0.999949 0.999852 0.999608 0.999046 0.997848 0.995477 0.991097 0.983521 0.97123 0.952557 0.926079 0.89117 0.848437 0.799619 0.746926 0.692239 0.636728 0.580946 0.525092 0.469224 0.413353 0.357482 0.301611 0.24574 0.189868 0.133997 0.0781262 0.022255 -0.0209458 
1 1 1 1 1 1 1 1 1 1 1 0.999999 0.999997 0.99999 0.999966 0.9999 0.99973 0.999327 0.998446 0.996658 0.993272 0.987261 0.977236 0.961538 0.938515 0.90703 0.867022 0.819733 0.767299 0.711915 0.655171 0.597927 0.540536 0.483111 0.425681 0.368249 0.310817 0.253385 0.195953 0.138521 0.0810891 0.0236571 -0.022255 
1 1 1 1 1 1 1 1 1 1 1 1 0.999998 0.999993 0.999978 0.999933 0.999815 0.999528 0.998886 0.99755 0.994957 0.990237 0.98216 0.969147 0.949451 0.921556 0.884766 0.839674 0.788103 0.732396 0.674564 0.61586 0.55687 0.497807 0.438729 0.379648 0.320567 0.261486 0.202405 0.143323 0.0842422 0.0251611 -0.0236571 
1 1 1 1 1 1 1 1 1 1 1 1 0.999999 0.999996 0.999986 0.999956 0.999874 0.999672 0.999207 0.998216 0.996248 0.992579 0.986143 0.975495 0.958898 0.934604 0.90138 0.859113 0.809089 0.753572 0.694906 0.634798 0.574165 0.51338 0.452561 0.391736 0.330909 0.270083 0.209256 0.14843 0.0876034 0.026777 -0.0251611 
1 1 1 1 1 1 1 1 1 1 1 1 0.999999 0.999997 0.999991 0.999971 0.999915 0.999773 0.999439 0.998711 0.99723 0.994404 0.989327 0.980717 0.966924 0.946104 0.91663 0.877716 0.829952 0.775261 0.71615 0.65478 0.592491 0.529907 0.467248 0.404574 0.341898 0.279222 0.216545 0.153869 0.0911927 0.0285163 -0.026777 
1 1 1 1 1 1 1 1 1 1 1 1 1 0.999998 0.999994 0.999981 0.999943 0.999844 0.999606 0.999075 0.997969 0.995811 0.991844 0.984957 0.97364 0.956062 0.930356 0.895172 0.850343 0.797208 0.73819 0.675813 0.611914 0.547468 0.482868 0.418234 0.353595 0.288954 0.224314 0.159673 0.0950326 0.0303921 -0.0285163 
1 1 1 1 1 1 1 1 1 1 1 1 1 0.999999 0.999996 0.999987 0.999962 0.999893 0.999725 0.99934 0.998521 0.996886 0.993815 0.988361 0.979181 0.964542 0.942479 0.911229 0.869905 0.819094 0.760844 0.697863 0.632485 0.566147 0.499508 0.432795 0.366067 0.299338 0.232608 0.165878 0.0991487 0.0324189 -0.0303921 
1 1 1 1 1 1 1 1 1 1 1 1 1 0.999999 0.999998 0.999992 0.999975 0.999928 0.999809 0.999532 0.99893 0.997702 0.995344 0.991064 0.983697 0.971656 0.952997 0.925711 0.888306 0.840549 0.783852 0.720831 0.654229 0.586026 0.517262 0.448344 0.379394 0.310438 0.241482 0.172526 0.10357 0.0346138 -0.0324189 
1 1 1 1 1 1 1 1 1 1 1 1 1 1 0.999998 0.999995 0.999983 0.999951 0.999868 0.999671 0.999231 0.998315 0.996519 0.993189 0.987334 0.977542 0.961975 0.938527 0.905269 0.86119 0.806877 0.744538 0.677124 0.607173 0.536228 0.464981 0.393662 0.32233 0.250997 0.179663 0.10833 0.036996 -0.0346138 
1 1 1 1 1 1 1 1 1 1 1 1 1 1 0.999999 0.999997 0.999989 0.999967 0.99991 0.999769 0.999451 0.998772 0.997414 0.994845 0.990233 0.982352 0.969523 0.949668 0.920599 0.880656 0.829526 0.768716 0.701084 0.629633 0.556508 0.482814 0.408971 0.335099 0.261221 0.187343 0.113465 0.0395876 -0.036996 
1 1 1 1 1 1 1 1 1 1 1 1 1 1 0.999999 0.999998 0.999993 0.999978 0.999938 0.99984 0.99961 0.999111 0.998092 0.996125 0.992522 0.986238 0.975783 0.959194 0.934191 0.898643 0.851387 0.793013 0.725935 0.653403 0.578192 0.501962 0.425434 0.34884 0.272235 0.195628 0.119021 0.0424144 -0.0395876 
1 1 1 1 1 1 1 1 1 1 1 1 1 1 1 0.999999 0.999995 0.999985 0.999958 0.999889 0.999725 0.99936 0.998601 0.997106 0.994313 0.989347 0.980911 0.967219 0.946026 0.914931 0.872062 0.817011 0.751407 0.678415 0.601349 0.522547 0.443177 0.363666 0.284129 0.204588 0.125047 0.0455062 -0.0424144 
1 1 1 1 1 1 1 1 1 1 1 1 1 1 1 0.999999 0.999997 0.99999 0.999972 0.999924 0.999807 0.999542 0.99898 0.997852 0.995703 0.99181 0.985066 0.973888 0.956163 0.929398 0.891214 0.840257 0.777131 0.704506 0.626006 0.544689 0.46234 0.379705 0.29701 0.214307 0.131602 0.0488977 -0.0455062 
1 1 1 1 1 1 1 1 1 1 1 1 1 1 1 0.999999 0.999998 0.999994 0.999981 0.999948 0.999865 0.999675 0.999261 0.998415 0.996774 0.993744 0.988399 0.979362 0.964715 0.942015 0.908593 0.862315 0.802656 0.731407 0.652117 0.568488 0.483072 0.3971 0.311 0.224879 0.138754 0.0526297 -0.0488977 
1 1 1 1 1 1 1 1 1 1 1 1 1 1 1 1 0.999999 0.999996 0.999987 0.999964 0.999906 0.99977 0.999468 0.998838 0.997593 0.995252 0.991048 0.983808 0.971834 0.952836 0.924056 0.882803 0.827488 0.758732 0.679542 0.594008 0.505527 0.416018 0.326242 0.236416 0.146584 0.0567505 -0.0526297 
1 1 1 1 1 1 1 1 1 1 1 1 1 1 1 1 0.999999 0.999997 0.999992 0.999976 0.999935 0.999838 0.999619 0.999152 0.998214 0.996418 0.993136 0.987382 0.977688 0.961977 0.93756 0.901438 0.851139 0.785998 0.708016 0.621241 0.529849 0.436639 0.342901 0.249052 0.155185 0.061317 -0.0567505 
1 1 1 1 1 1 1 1 1 1 1 1 1 1 1 1 0.999999 0.999998 0.999994 0.999984 0.999956 0.999887 0.999728 0.999385 0.998683 0.997314 0.994768 0.990231 0.982451 0.969596 0.949155 0.918045 0.873177 0.812659 0.737143 0.650078 0.556149 0.459161 0.361169 0.26294 0.164671 0.0663977 -0.061317 
1 1 1 1 1 1 1 1 1 1 1 1 1 1 1 1 1 0.999999 0.999996 0.999989 0.99997 0.999921 0.999808 0.999557 0.999034 0.997997 0.996036 0.992483 0.986288 0.975869 0.95896 0.932567 0.893269 0.838165 0.766402 0.680272 0.584474 0.483779 0.381266 0.278267 0.175176 0.0720747 -0.0663977 
1 1 1 1 1 1 1 1 1 1 1 1 1 1 1 1 1 0.999999 0.999998 0.999993 0.999979 0.999945 0.999864 0.999682 0.999295 0.998514 0.997013 0.994249 0.989352 0.98098 0.967139 0.945048 0.911207 0.862017 0.795189 0.711422 0.614764 0.510671 0.403435 0.29525 0.186863 0.0784477 -0.0720747 
1 1 1 1 1 1 1 1 1 1 1 1 1 1 1 1 1 1 0.999998 0.999995 0.999986 0.999962 0.999905 0.999773 0.999489 0.998904 0.997762 0.995625 0.991781 0.985104 0.97388 0.955609 0.926911 0.883824 0.822876 0.742973 0.646811 0.539958 0.427941 0.314146 0.199927 0.0856386 -0.0784477 
1 1 1 1 1 1 1 1 1 1 1 1 1 1 1 1 1 1 0.999999 0.999997 0.999991 0.999974 0.999934 0.999839 0.999631 0.999196 0.998332 0.99669 0.993691 0.988404 0.979377 0.964422 0.940417 0.903329 0.848881 0.774252 0.680222 0.57166 0.455047 0.335258 0.214606 0.0937978 -0.0856386 
1 1 1 1 1 1 1 1 1 1 1 1 1 1 1 1 1 1 0.999999 0.999998 0.999994 0.999982 0.999954 0.999886 0.999735 0.999413 0.998764 0.997509 0.995183 0.991024 0.983818 0.971689 0.951849 0.920424 0.872732 0.804535 0.714413 0.605637 0.484979 0.358925 0.231191 0.103112 -0.0937978 
1 1 1 1 1 1 1 1 1 1 1 1 1 1 1 1 1 1 1 0.999999 0.999996 0.999988 0.999968 0.99992 0.999811 0.999574 0.999088 0.998135 0.996342 0.993089 0.987375 0.977619 0.96139 0.935133 0.894112 0.833131 0.748636 0.641534 0.517877 0.38552 0.250036 0.113817 -0.103112 
1 1 1 1 1 1 1 1 1 1 1 1 1 1 1 1 1 1 1 0.999999 0.999997 0.999992 0.999978 0.999944 0.999865 0.999692 0.999331 0.998611 0.997236 0.994707 0.990204 0.982411 0.969257 0.947582 0.912871 0.859463 0.782049 0.678757 0.553719 0.415412 0.271563 0.126207 -0.113817 
1 1 1 1 1 1 1 1 1 1 1 1 1 1 1 1 1 1 1 0.999999 0.999998 0.999995 0.999985 0.999961 0.999905 0.999779 0.999512 0.998971 0.997922 0.995966 0.992439 0.986255 0.975675 0.957969 0.929016 0.883127 0.813818 0.716479 0.592246 0.448922 0.296268 0.140662 -0.126207 
1 1 1 1 1 1 1 1 1 1 1 1 1 1 1 1 1 1 1 1 0.999999 0.999996 0.99999 0.999973 0.999933 0.999842 0.999645 0.999241 0.998446 0.996941 0.994192 0.989314 0.980864 0.966528 0.942674 0.903916 0.843222 0.753719 0.632893 0.486228 0.324707 0.157659 -0.140662 
1 1 1 1 1 1 1 1 1 1 1 1 1 1 1 1 1 1 1 1 0.999999 0.999998 0.999993 0.999981 0.999953 0.999887 0.999743 0.999443 0.998843 0.997692 0.995561 0.991733 0.985026 0.973508 0.95406 0.921809 0.869732 0.789451 0.674777 0.527262 0.357453 0.177804 -0.157659 
1 1 1 1 1 1 1 1 1 1 1 1 1 1 1 1 1 1 1 1 0.999999 0.999998 0.999995 0.999987 0.999967 0.99992 0.999815 0.999593 0.999143 0.998266 0.996623 0.993635 0.98834 0.979147 0.963432 0.936933 0.893057 0.822751 0.716754 0.571592 0.395011 0.201843 -0.177804 
1 1 1 1 1 1 1 1 1 1 1 1 1 1 1 1 1 1 1 1 1 0.999999 0.999997 0.999991 0.999977 0.999944 0.999868 0.999704 0.999368 0.998704 0.997442 0.995121 0.990964 0.983669 0.971064 0.949522 0.91313 0.852909 0.75755 0.618347 0.437682 0.230667 -0.201843 
1 1 1 1 1 1 1 1 1 1 1 1 1 1 1 1 1 1 1 1 1 0.999999 0.999998 0.999994 0.999984 0.99996 0.999906 0.999786 0.999536 0.999036 0.998072 0.996278 0.993028 0.98727 0.977224 0.959865 0.930077 0.879497 0.795943 0.666229 0.485378 0.265256 -0.230667 
1 1 1 1 1 1 1 1 1 1 1 1 1 1 1 1 1 1 1 1 1 1 0.999999 0.999996 0.999989 0.999972 0.999933 0.999846 0.999661 0.999286 0.998553 0.997172 0.994644 0.990121 0.982158 0.968272 0.944151 0.902379 0.830941 0.713645 0.537446 0.306564 -0.265256 
1 1 1 1 1 1 1 1 1 1 1 1 1 1 1 1 1 1 1 1 1 1 0.999999 0.999997 0.999993 0.999981 0.999953 0.999889 0.999753 0.999473 0.998919 0.997861 0.995903 0.992365 0.986084 0.975043 0.955683 0.921663 0.861897 0.758938 0.592556 0.355281 -0.306564 
1 1 1 1 1 1 1 1 1 1 1 1 1 1 1 1 1 1 1 1 1 1 0.999999 0.999998 0.999995 0.999987 0.999967 0.999921 0.999821 0.999613 0.999196 0.998389 0.996879 0.994124 0.989191 0.980456 0.965028 0.93763 0.888546 0.800658 0.648772 0.411505 -0.355281 
1 1 1 1 1 1 1 1 1 1 1 1 1 1 1 1 1 1 1 1 1 1 1 0.999999 0.999997 0.999991 0.999977 0.999944 0.999871 0.999717 0.999404 0.998792 0.997632 0.995495 0.991637 0.984757 0.972532 0.950662 0.910955 0.837773 0.703809 0.474397 -0.411505 
1 1 1 1 1 1 1 1 1 1 1 1 1 1 1 1 1 1 1 1 1 1 1 0.999999 0.999998 0.999994 0.999984 0.99996 0.999908 0.999794 0.999561 0.999098 0.998211 0.99656 0.993554 0.988156 0.978514 0.961177 0.929435 0.869767 0.755438 0.541971 -0.474397 
1 1 1 1 1 1 1 1 1 1 1 1 1 1 1 1 1 1 1 1 1 1 1 0.999999 0.999998 0.999996 0.999989 0.999972 0.999934 0.999851 0.999677 0.999329 0.998654 0.997383 0.995049 0.99083 0.983255 0.969584 0.944438 0.896606 0.80189 0.61121 -0.541971 
1 1 1 1 1 1 1 1 1 1 1 1 1 1 1 1 1 1 1 1 1 1 1 1 0.999999 0.999997 0.999992 0.99998 0.999953 0.999892 0.999764 0.999503 0.998991 0.998017 0.996212 0.992925 0.986993 0.976258 0.95647 0.918621 0.842109 0.678572 -0.61121 
1 1 1 1 1 1 1 1 1 1 1 1 1 1 1 1 1 1 1 1 1 1 1 1 0.999999 0.999998 0.999995 0.999986 0.999967 0.999923 0.999828 0.999634 0.999247 0.998504 0.997112 0.99456 0.989929 0.981527 0.966032 0.936364 0.875788 0.740744 -0.678572 
1 1 1 1 1 1 1 1 1 1 1 1 1 1 1 1 1 1 1 1 1 1 1 1 1 0.999999 0.999996 0.99999 0.999976 0.999945 0.999875 0.999731 0.99944 0.998875 0.997806 0.99583 0.992226 0.985668 0.973576 0.950474 0.903231 0.79532 -0.740744 
1 1 1 1 1 1 1 1 1 1 1 1 1 1 1 1 1 1 1 1 1 1 1 1 1 0.999999 0.999997 0.999993 0.999983 0.999961 0.99991 0.999803 0.999586 0.999157 0.99834 0.996815 0.994018 0.988911 0.979499 0.961586 0.925125 0.841143 -0.79532 
1 1 1 1 1 1 1 1 1 1 1 1 1 1 1 1 1 1 1 1 1 1 1 1 1 0.999999 0.999998 0.999995 0.999988 0.999972 0.999935 0.999857 0.999694 0.999371 0.998748 0.997576 0.99541 0.991443 0.984131 0.970279 0.942323 0.878226 -0.841143 
1 1 1 1 1 1 1 1 1 1 1 1 1 1 1 1 1 1 1 1 1 1 1 1 1 1 0.999999 0.999997 0.999992 0.99998 0.999954 0.999896 0.999775 0.999533 0.999059 0.998161 0.996489 0.993413 0.987742 0.977047 0.95569 0.907399 -0.878226 
1 1 1 1 1 1 1 1 1 1 1 1 1 1 1 1 1 1 1 1 1 1 1 1 1 1 0.999999 0.999998 0.999994 0.999986 0.999967 0.999925 0.999836 0.999654 0.999296 0.998609 0.997323 0.994943 0.990551 0.9823 0.966009 0.929892 -0.907399 
1 1 1 1 1 1 1 1 1 1 1 1 1 1 1 1 1 1 1 1 1 1 1 1 1 1 0.999999 0.999999 0.999996 0.99999 0.999977 0.999946 0.99988 0.999745 0.999475 0.998952 0.997965 0.996128 0.992731 0.98637 0.973944 0.94701 -0.929892 
1 1 1 1 1 1 1 1 1 1 1 1 1 1 1 1 1 1 1 1 1 1 1 1 1 1 1 0.999999 0.999997 0.999993 0.999983 0.999961 0.999913 0.999813 0.99961 0.999213 0.998458 0.997044 0.99442 0.989517 0.980034 0.959945 -0.94701 
1 1 1 1 1 1 1 1 1 1 1 1 1 1 1 1 1 1 1 1 1 1 1 1 1 1 1 0.999999 0.999998 0.999995 0.999988 0.999972 0.999937 0.999863 0.999711 0.999411 0.998835 0.997749 0.995727 0.991949 0.984703 0.969688 -0.959945 
1 1 1 1 1 1 1 1 1 1 1 1 1 1 1 1 1 1 1 1 1 1 1 1 1 1 1 1 0.999999 0.999997 0.999992 0.99998 0.999955 0.9999 0.999787 0.999561 0.999123 0.998291 0.996735 0.993826 0.988284 0.977024 -0.969688 
1 1 1 1 1 1 1 1 1 1 1 1 1 1 1 1 1 1 1 1 1 1 1 1 1 1 1 1 0.999999 0.999998 0.999994 0.999986 0.999967 0.999927 0.999843 0.999674 0.999342 0.998707 0.997511 0.995274 0.99103 0.982557 -0.977024 
1 1 1 1 1 1 1 1 1 1 1 1 1 1 1 1 1 1 1 1 1 1 1 1 1 1 1 1 0.999999 0.999998 0.999996 0.99999 0.999977 0.999947 0.999885 0.999759 0.999508 0.999024 0.998108 0.996388 0.993137 0.986737 -0.982557 
1 1 1 1 1 1 1 1 1 1 1 1 1 1 1 1 1 1 1 1 1 1 1 1 1 1 1 1 1 0.999999 0.999997 0.999993 0.999983 0.999962 0.999916 0.999822 0.999633 0.999266 0.998565 0.997246 0.994754 0.989905 -0.986737 
1 1 1 1 1 1 1 1 1 1 1 1 1 1 1 1 1 1 1 1 1 1 1 1 1 1 1 1 1 0.999999 0.999998 0.999995 0.999988 0.999973 0.999939 0.999869 0.999728 0.999449 0.998915 0.997904 0.995995 0.992311 -0.989905 
1 1 1 1 1 1 1 1 1 1 1 1 1 1 1 1 1 1 1 1 1 1 1 1 1 1 1 1 1 0.999999 0.999999 0.999997 0.999992 0.999981 0.999956 0.999904 0.999798 0.999588 0.999182 0.998409 0.996947 0.994142 -0.992311 
1 1 1 1 1 1 1 1 1 1 1 1 1 1 1 1 1 1 1 1 1 1 1 1 1 1 1 1 1 1 0.999999 0.999998 0.999994 0.999986 0.999968 0.99993 0.999851 0.999693 0.999385 0.998795 0.997676 0.995538 -0.994142 
1 1 1 1 1 1 1 1 1 1 1 1 1 1 1 1 1 1 1 1 1 1 1 1 1 1 1 1 1 1 0.999999 0.999998 0.999996 0.99999 0.999977 0.999949 0.999891 0.999772 0.999539 0.99909 0.998234 0.996603 -0.995538 
1 1 1 1 1 1 1 1 1 1 1 1 1 1 1 1 1 1 1 1 1 1 1 1 1 1 1 1 1 1 1 0.999999 0.999997 0.999993 0.999984 0.999963 0.99992 0.999832 0.999656 0.999314 0.998662 0.997417 -0.996603 
1 1 1 1 1 1 1 1 1 1 1 1 1 1 1 1 1 1 1 1 1 1 1 1 1 1 1 1 1 1 1 0.999999 0.999998 0.999995 0.999988 0.999973 0.999942 0.999876 0.999744 0.999485 0.998988 0.998038 -0.997417 
1 1 1 1 1 1 1 1 1 1 1 1 1 1 1 1 1 1 1 1 1 1 1 1 1 1 1 1 1 1 1 0.999999 0.999999 0.999997 0.999992 0.999981 0.999957 0.999909 0.99981 0.999614 0.999236 0.998512 -0.998038 
1 1 1 1 1 1 1 1 1 1 1 1 1 1 1 1 1 1 1 1 1 1 1 1 1 1 1 1 1 1 1 1 0.999999 0.999998 0.999994 0.999986 0.999969 0.999933 0.999859 0.999712 0.999425 0.998874 -0.998512 
1 1 1 1 1 1 1 1 1 1 1 1 1 1 1 1 1 1 1 1 1 1 1 1 1 1 1 1 1 1 1 1 0.999999 0.999998 0.999996 0.99999 0.999978 0.999951 0.999896 0.999786 0.999568 0.999149 -0.998874 
1 1 1 1 1 1 1 1 1 1 1 1 1 1 1 1 1 1 1 1 1 1 1 1 1 1 1 1 1 1 1 1 1 0.999999 0.999997 0.999993 0.999984 0.999964 0.999924 0.999841 0.999677 0.999359 -0.999149 
1 1 1 1 1 1 1 1 1 1 1 1 1 1 1 1 1 1 1 1 1 1 1 1 1 1 1 1 1 1 1 1 1 0.999999 0.999998 0.999995 0.999988 0.999974 0.999944 0.999882 0.999759 0.999518 -0.999359 
1 1 1 1 1 1 1 1 1 1 1 1 1 1 1 1 1 1 1 1 1 1 1 1 1 1 1 1 1 1 1 1 1 0.999999 0.999999 0.999996 0.999992 0.999981 0.999959 0.999913 0.999821 0.999638 -0.999518 
1 1 1 1 1 1 1 1 1 1 1 1 1 1 1 1 1 1 1 1 1 1 1 1 1 1 1 1 1 1 1 1 1 1 0.999999 0.999998 0.999994 0.999987 0.99997 0.999936 0.999867 0.999729 -0.999638 
1 1 1 1 1 1 1 1 1 1 1 1 1 1 1 1 1 1 1 1 1 1 1 1 1 1 1 1 1 1 1 1 1 1 0.999999 0.999998 0.999996 0.99999 0.999978 0.999953 0.999901 0.999798 -0.999729 
1 1 1 1 1 1 1 1 1 1 1 1 1 1 1 1 1 1 1 1 1 1 1 1 1 1 1 1 1 1 1 1 1 1 1 0.999999 0.999997 0.999993 0.999984 0.999966 0.999927 0.99985 -0.999798 
1 1 1 1 1 1 1 1 1 1 1 1 1 1 1 1 1 1 1 1 1 1 1 1 1 1 1 1 1 1 1 1 1 1 1 0.999999 0.999998 0.999995 0.999989 0.999975 0.999947 0.999889 -0.99985 
1 1 1 1 1 1 1 1 1 1 1 1 1 1 1 1 1 1 1 1 1 1 1 1 1 1 1 1 1 1 1 1 1 1 1 0.999999 0.999999 0.999996 0.999992 0.999982 0.999961 0.999918 -0.999889 
1 1 1 1 1 1 1 1 1 1 1 1 1 1 1 1 1 1 1 1 1 1 1 1 1 1 1 1 1 1 1 1 1 1 1 1 0.999999 0.999998 0.999994 0.999987 0.999971 0.999939 -0.999918 
1 1 1 1 1 1 1 1 1 1 1 1 1 1 1 1 1 1 1 1 1 1 1 1 1 1 1 1 1 1 1 1 1 1 1 1 0.999999 0.999998 0.999996 0.999991 0.999979 0.999955 -0.999939 
1 1 1 1 1 1 1 1 1 1 1 1 1 1 1 1 1 1 1 1 1 1 1 1 1 1 1 1 1 1 1 1 1 1 1 1 0.999999 0.999999 0.999997 0.999993 0.999985 0.999967 -0.999955 
1 1 1 1 1 1 1 1 1 1 1 1 1 1 1 1 1 1 1 1 1 1 1 1 1 1 1 1 1 1 1 1 1 1 1 1 1 0.999999 0.999998 0.999995 0.999989 0.999976 -0.999967 
1 1 1 1 1 1 1 1 1 1 1 1 1 1 1 1 1 1 1 1 1 1 1 1 1 1 1 1 1 1 1 1 1 1 1 1 1 0.999999 0.999999 0.999997 0.999992 0.999983 -0.999976 
1 1 1 1 1 1 1 1 1 1 1 1 1 1 1 1 1 1 1 1 1 1 1 1 1 1 1 1 1 1 1 1 1 1 1 1 1 1 0.999999 0.999998 0.999994 0.999987 -0.999983 
1 1 1 1 1 1 1 1 1 1 1 1 1 1 1 1 1 1 1 1 1 1 1 1 1 1 1 1 1 1 1 1 1 1 1 1 1 1 0.999999 0.999998 0.999996 0.999991 -0.999987 
1 1 1 1 1 1 1 1 1 1 1 1 1 1 1 1 1 1 1 1 1 1 1 1 1 1 1 1 1 1 1 1 1 1 1 1 1 1 0.999999 0.999999 0.999997 0.999993 -0.999991 
1 1 1 1 1 1 1 1 1 1 1 1 1 1 1 1 1 1 1 1 1 1 1 1 1 1 1 1 1 1 1 1 1 1 1 1 1 1 1 0.999999 0.999998 0.999995 -0.999993 
1 1 1 1 1 1 1 1 1 1 1 1 1 1 1 1 1 1 1 1 1 1 1 1 1 1 1 1 1 1 1 1 1 1 1 1 1 1 1 0.999999 0.999999 0.999997 -0.999995 
1 1 1 1 1 1 1 1 1 1 1 1 1 1 1 1 1 1 1 1 1 1 1 1 1 1 1 1 1 1 1 1 1 1 1 1 1 1 1 1 0.999999 0.999998 -0.999997 
1 1 1 1 1 1 1 1 1 1 1 1 1 1 1 1 1 1 1 1 1 1 1 1 1 1 1 1 1 1 1 1 1 1 1 1 1 1 1 1 0.999999 0.999998 -0.999998 
1 1 1 1 1 1 1 1 1 1 1 1 1 1 1 1 1 1 1 1 1 1 1 1 1 1 1 1 1 1 1 1 1 1 1 1 1 1 1 1 0.999999 0.999999 -0.999998 
1 1 1 1 1 1 1 1 1 1 1 1 1 1 1 1 1 1 1 1 1 1 1 1 1 1 1 1 1 1 1 1 1 1 1 1 1 1 1 1 1 0.999999 -0.999999 
1 1 1 1 1 1 1 1 1 1 1 1 1 1 1 1 1 1 1 1 1 1 1 1 1 1 1 1 1 1 1 1 1 1 1 1 1 1 1 1 1 0.999999 -0.999999 
1 1 1 1 1 1 1 1 1 1 1 1 1 1 1 1 1 1 1 1 1 1 1 1 1 1 1 1 1 1 1 1 1 1 1 1 1 1 1 1 1 1 -0.999999 
1 1 1 1 1 1 1 1 1 1 1 1 1 1 1 1 1 1 1 1 1 1 1 1 1 1 1 1 1 1 1 1 1 1 1 1 1 1 1 1 1 1 -1 
1 1 1 1 1 1 1 1 1 1 1 1 1 1 1 1 1 1 1 1 1 1 1 1 1 1 1 1 1 1 1 1 1 1 1 1 1 1 1 1 1 1 -1 
1 1 1 1 1 1 1 1 1 1 1 1 1 1 1 1 1 1 1 1 1 1 1 1 1 1 1 1 1 1 1 1 1 1 1 1 1 1 1 1 1 1 -1 
1 1 1 1 1 1 1 1 1 1 1 1 1 1 1 1 1 1 1 1 1 1 1 1 1 1 1 1 1 1 1 1 1 1 1 1 1 1 1 1 1 1 -1 
1 1 1 1 1 1 1 1 1 1 1 1 1 1 1 1 1 1 1 1 1 1 1 1 1 1 1 1 1 1 1 1 1 1 1 1 1 1 1 1 1 1 -1 
