1 1 0.95 0.9 0.85 0.8 0.75 0.7 0.65 0.6 0.55 0.5 0.45 0.4 0.35 0.3 0.25 0.2 0.15 0.1 0.05 0 -0.05 -0.1 -0.15 -0.2 -0.25 -0.3 -0.35 -0.4 -0.45 -0.5 -0.55 -0.6 -0.65 -0.7 -0.75 -0.8 -0.85 -0.9 -0.95 -1 -1 
1 1 0.9695 0.9185 0.8675 0.8165 0.7655 0.7145 0.6635 0.6125 0.5615 0.5105 0.4595 0.4085 0.3575 0.3065 0.2555 0.2045 0.1535 0.1025 0.0515 -2.1684e-18 -0.0515 -0.1025 -0.1535 -0.2045 -0.2555 -0.3065 -0.3575 -0.4085 -0.4595 -0.5105 -0.5615 -0.6125 -0.6635 -0.7145 -0.7655 -0.8165 -0.8675 -0.9185 -0.9695 -1 -1 
1 1 0.981514 0.937758 0.885717 0.833677 0.781636 0.729596 0.677556 0.625515 0.573475 0.521434 0.469394 0.417354 0.365313 0.313273 0.261232 0.209192 0.157152 0.105111 0.0530708 -4.59702e-18 -0.0530708 -0.105111 -0.157152 -0.209192 -0.261232 -0.313273 -0.365313 -0.417354 -0.469394 -0.521434 -0.573475 -0.625515 -0.677556 -0.729596 -0.781636 -0.833677 -0.885717 -0.937758 -0.981514 -1 -1 
1 1 0.98884 0.954554 0.904696 0.851572 0.798449 0.745325 0.692201 0.639078 0.585954 0.53283 0.479707 0.426583 0.373459 0.320336 0.267212 0.214088 0.160965 0.107841 0.0547172 -7.11237e-18 -0.0547172 -0.107841 -0.160965 -0.214088 -0.267212 -0.320336 -0.373459 -0.426583 -0.479707 -0.53283 -0.585954 -0.639078 -0.692201 -0.745325 -0.798449 -0.851572 -0.904696 -0.954554 -0.98884 -1 -1 
1 1 0.993279 0.96788 0.923236 0.870232 0.81598 0.761727 0.707475 0.653222 0.59897 0.544717 0.490465 0.436212 0.381959 0.327707 0.273454 0.219202 0.164949 0.110697 0.0564443 -9.71445e-18 -0.0564443 -0.110697 -0.164949 -0.219202 -0.273454 -0.327707 -0.381959 -0.436212 -0.490465 -0.544717 -0.59897 -0.653222 -0.707475 -0.761727 -0.81598 -0.870232 -0.923236 -0.96788 -0.993279 -1 -1 
1 1 0.995958 0.977842 0.940121 0.889244 0.834276 0.778846 0.723416 0.667986 0.612557 0.557127 0.501697 0.446267 0.390837 0.335407 0.279977 0.224547 0.169118 0.113688 0.0582579 -1.24033e-17 -0.0582579 -0.113688 -0.169118 -0.224547 -0.279977 -0.335407 -0.390837 -0.446267 -0.501697 -0.557127 -0.612557 -0.667986 -0.723416 -0.778846 -0.834276 -0.889244 -0.940121 -0.977842 -0.995958 -1 -1 
1 1 0.997572 0.984994 0.954591 0.907859 0.853224 0.796729 0.74007 0.683411 0.626753 0.570094 0.513435 0.456776 0.400117 0.343458 0.286799 0.230141 0.173482 0.116823 0.0601641 -1.53523e-17 -0.0601641 -0.116823 -0.173482 -0.230141 -0.286799 -0.343458 -0.400117 -0.456776 -0.513435 -0.570094 -0.626753 -0.683411 -0.74007 -0.796729 -0.853224 -0.907859 -0.954591 -0.984994 -0.997572 -1 -1 
1 1 0.998542 0.989981 0.966385 0.925266 0.872467 0.815372 0.757485 0.699542 0.641599 0.583656 0.525713 0.46777 0.409827 0.351884 0.293941 0.235998 0.178056 0.120113 0.0621696 -1.85615e-17 -0.0621696 -0.120113 -0.178056 -0.235998 -0.293941 -0.351884 -0.409827 -0.46777 -0.525713 -0.583656 -0.641599 -0.699542 -0.757485 -0.815372 -0.872467 -0.925266 -0.966385 -0.989981 -0.998542 -1 -1 
1 1 0.999125 0.993386 0.975617 0.940822 0.891451 0.834645 0.775695 0.716427 0.657141 0.597855 0.538569 0.479283 0.419997 0.360712 0.301426 0.24214 0.182854 0.123568 0.064282 -2.2031e-17 -0.064282 -0.123568 -0.182854 -0.24214 -0.301426 -0.360712 -0.419997 -0.479283 -0.538569 -0.597855 -0.657141 -0.716427 -0.775695 -0.834645 -0.891451 -0.940822 -0.975617 -0.993386 -0.999125 -1 -1 
1 1 0.999475 0.995673 0.982615 0.954159 0.909543 0.854256 0.794681 0.734114 0.673428 0.612736 0.552044 0.491352 0.43066 0.369969 0.309277 0.248585 0.187893 0.127201 0.0665094 -2.55004e-17 -0.0665094 -0.127201 -0.187893 -0.248585 -0.309277 -0.369969 -0.43066 -0.491352 -0.552044 -0.612736 -0.673428 -0.734114 -0.794681 -0.854256 -0.909543 -0.954159 -0.982615 -0.995673 -0.999475 -1 -1 
1 1 0.999685 0.99719 0.987781 0.965181 0.926173 0.873759 0.814328 0.752633 0.690511 0.628348 0.566183 0.504017 0.441852 0.379687 0.317522 0.255356 0.193191 0.131026 0.0688607 -2.93168e-17 -0.0688607 -0.131026 -0.193191 -0.255356 -0.317522 -0.379687 -0.441852 -0.504017 -0.566183 -0.628348 -0.690511 -0.752633 -0.814328 -0.873759 -0.926173 -0.965181 -0.987781 -0.99719 -0.999685 -1 -1 
1 1 0.999811 0.998186 0.991516 0.974009 0.940929 0.892627 0.834393 0.771967 0.708441 0.644745 0.581034 0.517323 0.453612 0.389901 0.32619 0.262479 0.198768 0.135057 0.0713459 -3.34802e-17 -0.0713459 -0.135057 -0.198768 -0.262479 -0.32619 -0.389901 -0.453612 -0.517323 -0.581034 -0.644745 -0.708441 -0.771967 -0.834393 -0.892627 -0.940929 -0.974009 -0.991516 -0.998186 -0.999811 -1 -1 
1 1 0.999886 0.998835 0.994171 0.980891 0.953598 0.91034 0.854507 0.792023 0.72725 0.661983 0.596653 0.531319 0.465984 0.400649 0.335315 0.26998 0.204645 0.139311 0.073976 -3.81639e-17 -0.073976 -0.139311 -0.204645 -0.26998 -0.335315 -0.400649 -0.465984 -0.531319 -0.596653 -0.661983 -0.72725 -0.792023 -0.854507 -0.91034 -0.953598 -0.980891 -0.994171 -0.998835 -0.999886 -1 -1 
1 1 0.999932 0.999256 0.99603 0.986137 0.964158 0.926466 0.874215 0.812599 0.746932 0.680118 0.613099 0.546058 0.479016 0.411974 0.344931 0.277889 0.210847 0.143805 0.076763 -4.35416e-17 -0.076763 -0.143805 -0.210847 -0.277889 -0.344931 -0.411974 -0.479016 -0.546058 -0.613099 -0.680118 -0.746932 -0.812599 -0.874215 -0.926466 -0.964158 -0.986137 -0.99603 -0.999256 -0.999932 -1 -1 
1 1 0.999959 0.999526 0.997317 0.990059 0.972731 0.940718 0.893032 0.833386 0.767414 0.699187 0.630433 0.5616 0.49276 0.42392 0.35508 0.28624 0.2174 0.14856 0.0797204 -4.89192e-17 -0.0797204 -0.14856 -0.2174 -0.28624 -0.35508 -0.42392 -0.49276 -0.5616 -0.630433 -0.699187 -0.767414 -0.833386 -0.893032 -0.940718 -0.972731 -0.990059 -0.997317 -0.999526 -0.999959 -1 -1 
1 1 0.999975 0.999699 0.998199 0.992944 0.979533 0.952969 0.910521 0.853981 0.788536 0.719199 0.648716 0.57801 0.507277 0.436541 0.365806 0.29507 0.224335 0.153599 0.0828634 -5.51642e-17 -0.0828634 -0.153599 -0.224335 -0.29507 -0.365806 -0.436541 -0.507277 -0.57801 -0.648716 -0.719199 -0.788536 -0.853981 -0.910521 -0.952969 -0.979533 -0.992944 -0.998199 -0.999699 -0.999975 -1 -1 
1 1 0.999985 0.99981 0.998799 0.995037 0.984823 0.963236 0.926341 0.873934 0.810035 0.740107 0.667999 0.595357 0.52263 0.449893 0.377156 0.30442 0.231683 0.158946 0.0862087 -6.15827e-17 -0.0862087 -0.158946 -0.231683 -0.30442 -0.377156 -0.449893 -0.52263 -0.595357 -0.667999 -0.740107 -0.810035 -0.873934 -0.926341 -0.963236 -0.984823 -0.995037 -0.998799 -0.99981 -0.999985 -1 -1 
1 1 0.999991 0.99988 0.999203 0.996537 0.988868 0.971647 0.940284 0.892803 0.831555 0.761787 0.688306 0.613712 0.538892 0.464041 0.389188 0.314335 0.239481 0.164628 0.089775 -6.81746e-17 -0.089775 -0.164628 -0.239481 -0.314335 -0.389188 -0.464041 -0.538892 -0.613712 -0.688306 -0.761787 -0.831555 -0.892803 -0.940284 -0.971647 -0.988868 -0.996537 -0.999203 -0.99988 -0.999991 -1 -1 
1 1 0.999995 0.999924 0.999474 0.997601 0.991913 0.978399 0.952277 0.910211 0.852678 0.78402 0.709617 0.633137 0.556139 0.479055 0.401961 0.324867 0.247772 0.170678 0.0935836 -7.58074e-17 -0.0935836 -0.170678 -0.247772 -0.324867 -0.401961 -0.479055 -0.556139 -0.633137 -0.709617 -0.78402 -0.852678 -0.910211 -0.952277 -0.978399 -0.991913 -0.997601 -0.999474 -0.999924 -0.999995 -1 -1 
1 1 0.999997 0.999953 0.999654 0.998349 0.994176 0.983724 0.962364 0.92588 0.872963 0.806494 0.731843 0.653675 0.574453 0.495014 0.415545 0.336074 0.256602 0.17713 0.0976582 -8.34402e-17 -0.0976582 -0.17713 -0.256602 -0.336074 -0.415545 -0.495014 -0.574453 -0.653675 -0.731843 -0.806494 -0.872963 -0.92588 -0.962364 -0.983724 -0.994176 -0.998349 -0.999654 -0.999953 -0.999997 -1 -1 
1 1 0.999998 0.99997 0.999773 0.99887 0.995839 0.987859 0.970678 0.939658 0.892001 0.828821 0.754811 0.675336 0.593912 0.512006 0.430018 0.34802 0.266022 0.184024 0.102026 -9.14199e-17 -0.102026 -0.184024 -0.266022 -0.34802 -0.430018 -0.512006 -0.593912 -0.675336 -0.754811 -0.828821 -0.892001 -0.939658 -0.970678 -0.987859 -0.995839 -0.99887 -0.999773 -0.99997 -0.999998 -1 -1 
1 1 0.999999 0.999981 0.999852 0.999231 0.997048 0.991025 0.977408 0.95151 0.909459 0.850565 0.778252 0.698068 0.614582 0.530122 0.445465 0.36078 0.276092 0.191405 0.106717 -1.0044e-16 -0.106717 -0.191405 -0.276092 -0.36078 -0.445465 -0.530122 -0.614582 -0.698068 -0.778252 -0.850565 -0.909459 -0.95151 -0.977408 -0.991025 -0.997048 -0.999231 -0.999852 -0.999981 -0.999999 -1 -1 
1 1 0.999999 0.999988 0.999904 0.999479 0.99792 0.99342 0.982769 0.961501 0.92511 0.871296 0.801809 0.721744 0.636499 0.549459 0.461983 0.374435 0.286879 0.199323 0.111766 -1.09808e-16 -0.111766 -0.199323 -0.286879 -0.374435 -0.461983 -0.549459 -0.636499 -0.721744 -0.801809 -0.871296 -0.92511 -0.961501 -0.982769 -0.99342 -0.99792 -0.999479 -0.999904 -0.999988 -0.999999 -1 -1 
1 1 1 0.999993 0.999938 0.999649 0.998543 0.995212 0.986978 0.969771 0.938841 0.890631 0.825061 0.74614 0.659656 0.570104 0.479678 0.38908 0.29846 0.207837 0.117214 -1.20216e-16 -0.117214 -0.207837 -0.29846 -0.38908 -0.479678 -0.570104 -0.659656 -0.74614 -0.825061 -0.890631 -0.938841 -0.969771 -0.986978 -0.995212 -0.998543 -0.999649 -0.999938 -0.999993 -1 -1 -1 
1 1 1 0.999995 0.99996 0.999765 0.998985 0.99654 0.990243 0.976505 0.950648 0.908271 0.84756 0.77094 0.683972 0.592129 0.498664 0.404822 0.310921 0.217013 0.123105 -1.31319e-16 -0.123105 -0.217013 -0.310921 -0.404822 -0.498664 -0.592129 -0.683972 -0.77094 -0.84756 -0.908271 -0.950648 -0.976505 -0.990243 -0.99654 -0.998985 -0.999765 -0.99996 -0.999995 -1 -1 -1 
1 1 1 0.999997 0.999974 0.999843 0.999297 0.997516 0.992745 0.981909 0.960614 0.924026 0.86888 0.795742 0.709278 0.615569 0.519054 0.421779 0.324362 0.226929 0.129493 -1.43462e-16 -0.129493 -0.226929 -0.324362 -0.421779 -0.519054 -0.615569 -0.709278 -0.795742 -0.86888 -0.924026 -0.960614 -0.981909 -0.992745 -0.997516 -0.999297 -0.999843 -0.999974 -0.999997 -1 -1 -1 
1 1 1 0.999998 0.999983 0.999895 0.999515 0.998227 0.994644 0.986188 0.968887 0.937817 0.888654 0.820091 0.735304 0.640399 0.540956 0.440083 0.3389 0.237671 0.136439 -1.58033e-16 -0.136439 -0.237671 -0.3389 -0.440083 -0.540956 -0.640399 -0.735304 -0.820091 -0.888654 -0.937817 -0.968887 -0.986188 -0.994644 -0.998227 -0.999515 -0.999895 -0.999983 -0.999998 -1 -1 -1 
1 1 1 0.999999 0.999989 0.99993 0.999667 0.998742 0.996072 0.989538 0.975652 0.949665 0.906613 0.843523 0.76168 0.666512 0.564451 0.459875 0.354664 0.249345 0.144013 -1.73299e-16 -0.144013 -0.249345 -0.354664 -0.459875 -0.564451 -0.666512 -0.76168 -0.843523 -0.906613 -0.949665 -0.975652 -0.989538 -0.996072 -0.998742 -0.999667 -0.99993 -0.999989 -0.999999 -1 -1 -1 
1 1 1 0.999999 0.999993 0.999954 0.999772 0.999111 0.997137 0.992133 0.98111 0.959672 0.922596 0.865606 0.787955 0.693695 0.589578 0.481299 0.371803 0.262067 0.1523 -1.90646e-16 -0.1523 -0.262067 -0.371803 -0.481299 -0.589578 -0.693695 -0.787955 -0.865606 -0.922596 -0.959672 -0.98111 -0.992133 -0.997137 -0.999111 -0.999772 -0.999954 -0.999993 -0.999999 -1 -1 -1 
1 1 1 1 0.999996 0.99997 0.999845 0.999376 0.997925 0.994124 0.98546 0.967993 0.936553 0.885988 0.813635 0.721627 0.6163 0.50449 0.390486 0.275979 0.161397 -2.10769e-16 -0.161397 -0.275979 -0.390486 -0.50449 -0.6163 -0.721627 -0.813635 -0.885988 -0.936553 -0.967993 -0.98546 -0.994124 -0.997925 -0.999376 -0.999845 -0.99997 -0.999996 -1 -1 -1 -1 
1 1 1 1 0.999997 0.99998 0.999895 0.999563 0.998505 0.995638 0.98889 0.974817 0.948529 0.904419 0.838229 0.749878 0.644484 0.529553 0.410892 0.291242 0.17142 -2.32279e-16 -0.17142 -0.291242 -0.410892 -0.529553 -0.644484 -0.749878 -0.838229 -0.904419 -0.948529 -0.974817 -0.98889 -0.995638 -0.998505 -0.999563 -0.999895 -0.99998 -0.999997 -1 -1 -1 -1 
1 1 1 1 0.999998 0.999987 0.999929 0.999696 0.998928 0.996782 0.991569 0.980344 0.958641 0.920766 0.861299 0.77794 0.673876 0.556539 0.433211 0.308044 0.182507 -2.54484e-16 -0.182507 -0.308044 -0.433211 -0.556539 -0.673876 -0.77794 -0.861299 -0.920766 -0.958641 -0.980344 -0.991569 -0.996782 -0.998928 -0.999696 -0.999929 -0.999987 -0.999998 -1 -1 -1 -1 
1 1 1 1 0.999999 0.999991 0.999952 0.999789 0.999235 0.997638 0.993642 0.984771 0.967058 0.935003 0.882494 0.805269 0.704092 0.585414 0.457623 0.3266 0.194824 -2.80852e-16 -0.194824 -0.3266 -0.457623 -0.585414 -0.704092 -0.805269 -0.882494 -0.935003 -0.967058 -0.984771 -0.993642 -0.997638 -0.999235 -0.999789 -0.999952 -0.999991 -0.999999 -1 -1 -1 -1 
1 1 1 1 0.999999 0.999994 0.999968 0.999854 0.999456 0.998276 0.995233 0.988281 0.973972 0.947197 0.901581 0.831337 0.734635 0.616021 0.484282 0.34715 0.208566 -3.09995e-16 -0.208566 -0.34715 -0.484282 -0.616021 -0.734635 -0.831337 -0.901581 -0.947197 -0.973972 -0.988281 -0.995233 -0.998276 -0.999456 -0.999854 -0.999968 -0.999994 -0.999999 -1 -1 -1 -1 
1 1 1 1 1 0.999996 0.999978 0.9999 0.999615 0.998748 0.996446 0.991039 0.979588 0.957485 0.918447 0.855682 0.764921 0.648062 0.513272 0.369953 0.223969 -3.41914e-16 -0.223969 -0.369953 -0.513272 -0.648062 -0.764921 -0.855682 -0.918447 -0.957485 -0.979588 -0.991039 -0.996446 -0.998748 -0.999615 -0.9999 -0.999978 -0.999996 -1 -1 -1 -1 -1 
1 1 1 1 1 0.999998 0.999986 0.999931 0.999729 0.999094 0.997365 0.993188 0.984101 0.966048 0.933094 0.877953 0.794339 0.681086 0.54458 0.39527 0.241309 -3.79384e-16 -0.241309 -0.39527 -0.54458 -0.681086 -0.794339 -0.877953 -0.933094 -0.966048 -0.984101 -0.993188 -0.997365 -0.999094 -0.999729 -0.999931 -0.999986 -0.999998 -1 -1 -1 -1 -1 
1 1 1 1 1 0.999998 0.99999 0.999953 0.99981 0.999348 0.998055 0.994851 0.987695 0.973089 0.945611 0.897925 0.822304 0.714505 0.578042 0.423336 0.260911 -4.22405e-16 -0.260911 -0.423336 -0.578042 -0.714505 -0.822304 -0.897925 -0.945611 -0.973089 -0.987695 -0.994851 -0.998055 -0.999348 -0.99981 -0.999953 -0.99999 -0.999998 -1 -1 -1 -1 -1 
1 1 1 1 1 0.999999 0.999994 0.999968 0.999867 0.999533 0.998572 0.996128 0.990532 0.978817 0.956155 0.915507 0.848321 0.747639 0.613319 0.45432 0.283139 -4.75141e-16 -0.283139 -0.45432 -0.613319 -0.747639 -0.848321 -0.915507 -0.956155 -0.978817 -0.990532 -0.996128 -0.998572 -0.999533 -0.999867 -0.999968 -0.999994 -0.999999 -1 -1 -1 -1 -1 
1 1 1 1 1 0.999999 0.999996 0.999978 0.999907 0.999666 0.998956 0.997103 0.992756 0.983431 0.964925 0.930723 0.872022 0.779776 0.64988 0.48827 0.308386 -5.33427e-16 -0.308386 -0.48827 -0.64988 -0.779776 -0.872022 -0.930723 -0.964925 -0.983431 -0.992756 -0.997103 -0.998956 -0.999666 -0.999907 -0.999978 -0.999996 -0.999999 -1 -1 -1 -1 -1 
1 1 1 1 1 1 0.999997 0.999985 0.999936 0.999763 0.99924 0.997843 0.994486 0.987117 0.972136 0.94369 0.893187 0.81025 0.687021 0.525057 0.337048 -5.9449e-16 -0.337048 -0.525057 -0.687021 -0.81025 -0.893187 -0.94369 -0.972136 -0.987117 -0.994486 -0.997843 -0.99924 -0.999763 -0.999936 -0.999985 -0.999997 -1 -1 -1 -1 -1 -1 
1 1 1 1 1 1 0.999998 0.99999 0.999956 0.999832 0.999449 0.998401 0.995823 0.990037 0.978006 0.95459 0.91174 0.838506 0.723922 0.56432 0.369464 -6.63879e-16 -0.369464 -0.56432 -0.723922 -0.838506 -0.91174 -0.95459 -0.978006 -0.990037 -0.995823 -0.998401 -0.999449 -0.999832 -0.999956 -0.99999 -0.999998 -1 -1 -1 -1 -1 -1 
1 1 1 1 1 1 0.999999 0.999993 0.999969 0.999881 0.999602 0.99882 0.996851 0.992335 0.982742 0.963641 0.927735 0.864141 0.759728 0.605441 0.405855 -7.41594e-16 -0.405855 -0.605441 -0.759728 -0.864141 -0.927735 -0.963641 -0.982742 -0.992335 -0.996851 -0.99882 -0.999602 -0.999881 -0.999969 -0.999993 -0.999999 -1 -1 -1 -1 -1 -1 
1 1 1 1 1 1 0.999999 0.999995 0.999979 0.999917 0.999714 0.999132 0.997637 0.994132 0.986531 0.971076 0.941317 0.886932 0.793639 0.647567 0.446223 -8.24861e-16 -0.446223 -0.647567 -0.793639 -0.886932 -0.941317 -0.971076 -0.986531 -0.994132 -0.997637 -0.999132 -0.999714 -0.999917 -0.999979 -0.999995 -0.999999 -1 -1 -1 -1 -1 -1 
1 1 1 1 1 1 0.999999 0.999997 0.999986 0.999942 0.999795 0.999365 0.998234 0.995528 0.989542 0.977127 0.952699 0.906818 0.824996 0.689671 0.490269 -9.13679e-16 -0.490269 -0.689671 -0.824996 -0.906818 -0.952699 -0.977127 -0.989542 -0.995528 -0.998234 -0.999365 -0.999795 -0.999942 -0.999986 -0.999997 -0.999999 -1 -1 -1 -1 -1 -1 
1 1 1 1 1 1 1 0.999998 0.99999 0.999959 0.999854 0.999537 0.998686 0.996607 0.991919 0.982011 0.962128 0.923881 0.853336 0.730665 0.537325 -1.0136e-15 -0.537325 -0.730665 -0.853336 -0.923881 -0.962128 -0.982011 -0.991919 -0.996607 -0.998686 -0.999537 -0.999854 -0.999959 -0.99999 -0.999998 -1 -1 -1 -1 -1 -1 -1 
1 1 1 1 1 1 1 0.999999 0.999993 0.999972 0.999896 0.999663 0.999026 0.997437 0.993783 0.985922 0.969859 0.938308 0.878411 0.769527 0.586356 -1.13572e-15 -0.586356 -0.769527 -0.878411 -0.938308 -0.969859 -0.985922 -0.993783 -0.997437 -0.999026 -0.999663 -0.999896 -0.999972 -0.999993 -0.999999 -1 -1 -1 -1 -1 -1 -1 
1 1 1 1 1 1 1 0.999999 0.999995 0.99998 0.999926 0.999756 0.999281 0.998071 0.995238 0.989035 0.976142 0.950349 0.900174 0.805414 0.636028 -1.26895e-15 -0.636028 -0.805414 -0.900174 -0.950349 -0.976142 -0.989035 -0.995238 -0.998071 -0.999281 -0.999756 -0.999926 -0.99998 -0.999995 -0.999999 -1 -1 -1 -1 -1 -1 -1 
1 1 1 1 1 1 1 0.999999 0.999997 0.999986 0.999948 0.999824 0.999471 0.998554 0.996368 0.991497 0.981209 0.960287 0.918744 0.837738 0.68486 -1.41328e-15 -0.68486 -0.837738 -0.918744 -0.960287 -0.981209 -0.991497 -0.996368 -0.998554 -0.999471 -0.999824 -0.999948 -0.999986 -0.999997 -0.999999 -1 -1 -1 -1 -1 -1 -1 
1 1 1 1 1 1 1 1 0.999998 0.999991 0.999963 0.999874 0.999612 0.998921 0.99724 0.993433 0.985268 0.968411 0.934356 0.866195 0.731414 -1.56871e-15 -0.731414 -0.866195 -0.934356 -0.968411 -0.985268 -0.993433 -0.99724 -0.998921 -0.999612 -0.999874 -0.999963 -0.999991 -0.999998 -1 -1 -1 -1 -1 -1 -1 -1 
1 1 1 1 1 1 1 1 0.999999 0.999993 0.999974 0.999909 0.999717 0.999197 0.997911 0.994949 0.988499 0.974998 0.947316 0.890741 0.77448 -1.70194e-15 -0.77448 -0.890741 -0.947316 -0.974998 -0.988499 -0.994949 -0.997911 -0.999197 -0.999717 -0.999909 -0.999974 -0.999993 -0.999999 -1 -1 -1 -1 -1 -1 -1 -1 
1 1 1 1 1 1 1 1 0.999999 0.999996 0.999982 0.999935 0.999794 0.999405 0.998425 0.99613 0.991058 0.9803 0.957958 0.911538 0.8132 -1.76855e-15 -0.8132 -0.911538 -0.957958 -0.9803 -0.991058 -0.99613 -0.998425 -0.999405 -0.999794 -0.999935 -0.999982 -0.999996 -0.999999 -1 -1 -1 -1 -1 -1 -1 -1 
1 1 1 1 1 1 1 1 0.999999 0.999997 0.999987 0.999954 0.99985 0.99956 0.998816 0.997045 0.993074 0.984541 0.966619 0.928895 0.847121 -1.81296e-15 -0.847121 -0.928895 -0.966619 -0.984541 -0.993074 -0.997045 -0.998816 -0.99956 -0.99985 -0.999954 -0.999987 -0.999997 -0.999999 -1 -1 -1 -1 -1 -1 -1 -1 
1 1 1 1 1 1 1 1 1 0.999998 0.999991 0.999967 0.999892 0.999676 0.999114 0.997752 0.994654 0.987916 0.973613 0.943196 0.876168 -1.81296e-15 -0.876168 -0.943196 -0.973613 -0.987916 -0.994654 -0.997752 -0.999114 -0.999676 -0.999892 -0.999967 -0.999991 -0.999998 -1 -1 -1 -1 -1 -1 -1 -1 -1 
1 1 1 1 1 1 1 1 1 0.999999 0.999994 0.999977 0.999922 0.999763 0.999339 0.998296 0.995889 0.990588 0.979224 0.954857 0.900557 -1.81296e-15 -0.900557 -0.954857 -0.979224 -0.990588 -0.995889 -0.998296 -0.999339 -0.999763 -0.999922 -0.999977 -0.999994 -0.999999 -1 -1 -1 -1 -1 -1 -1 -1 -1 
1 1 1 1 1 1 1 1 1 0.999999 0.999996 0.999984 0.999944 0.999826 0.999508 0.998713 0.996849 0.992694 0.983701 0.964282 0.920707 -1.81296e-15 -0.920707 -0.964282 -0.983701 -0.992694 -0.996849 -0.998713 -0.999508 -0.999826 -0.999944 -0.999984 -0.999996 -0.999999 -1 -1 -1 -1 -1 -1 -1 -1 -1 
1 1 1 1 1 1 1 1 1 0.999999 0.999997 0.999988 0.99996 0.999873 0.999635 0.99903 0.997593 0.994347 0.987256 0.971848 0.937135 -1.76855e-15 -0.937135 -0.971848 -0.987256 -0.994347 -0.997593 -0.99903 -0.999635 -0.999873 -0.99996 -0.999988 -0.999997 -0.999999 -1 -1 -1 -1 -1 -1 -1 -1 -1 
1 1 1 1 1 1 1 1 1 1 0.999998 0.999992 0.999971 0.999908 0.999731 0.999272 0.998167 0.99564 0.990066 0.977885 0.950388 -1.72414e-15 -0.950388 -0.977885 -0.990066 -0.99564 -0.998167 -0.999272 -0.999731 -0.999908 -0.999971 -0.999992 -0.999998 -1 -1 -1 -1 -1 -1 -1 -1 -1 -1 
1 1 1 1 1 1 1 1 1 1 0.999999 0.999994 0.99998 0.999933 0.999801 0.999455 0.998608 0.996648 0.99228 0.982679 0.960992 -1.67973e-15 -0.960992 -0.982679 -0.99228 -0.996648 -0.998608 -0.999455 -0.999801 -0.999933 -0.99998 -0.999994 -0.999999 -1 -1 -1 -1 -1 -1 -1 -1 -1 -1 
1 1 1 1 1 1 1 1 1 1 0.999999 0.999996 0.999985 0.999952 0.999854 0.999594 0.998947 0.99743 0.994017 0.986471 0.969423 -1.63532e-15 -0.969423 -0.986471 -0.994017 -0.99743 -0.998947 -0.999594 -0.999854 -0.999952 -0.999985 -0.999996 -0.999999 -1 -1 -1 -1 -1 -1 -1 -1 -1 -1 
1 1 1 1 1 1 1 1 1 1 0.999999 0.999997 0.99999 0.999965 0.999893 0.999698 0.999205 0.998036 0.995377 0.98946 0.976092 -1.59091e-15 -0.976092 -0.98946 -0.995377 -0.998036 -0.999205 -0.999698 -0.999893 -0.999965 -0.99999 -0.999997 -0.999999 -1 -1 -1 -1 -1 -1 -1 -1 -1 -1 
1 1 1 1 1 1 1 1 1 1 1 0.999998 0.999993 0.999975 0.999922 0.999776 0.999402 0.998503 0.996437 0.991809 0.981347 -1.54651e-15 -0.981347 -0.991809 -0.996437 -0.998503 -0.999402 -0.999776 -0.999922 -0.999975 -0.999993 -0.999998 -1 -1 -1 -1 -1 -1 -1 -1 -1 -1 -1 
1 1 1 1 1 1 1 1 1 1 1 0.999999 0.999995 0.999982 0.999943 0.999834 0.999552 0.998862 0.997261 0.993649 0.985476 -1.5021e-15 -0.985476 -0.993649 -0.997261 -0.998862 -0.999552 -0.999834 -0.999943 -0.999982 -0.999995 -0.999999 -1 -1 -1 -1 -1 -1 -1 -1 -1 -1 -1 
1 1 1 1 1 1 1 1 1 1 1 0.999999 0.999996 0.999987 0.999959 0.999878 0.999665 0.999138 0.9979 0.995087 0.988711 -1.45769e-15 -0.988711 -0.995087 -0.9979 -0.999138 -0.999665 -0.999878 -0.999959 -0.999987 -0.999996 -0.999999 -1 -1 -1 -1 -1 -1 -1 -1 -1 -1 -1 
1 1 1 1 1 1 1 1 1 1 1 0.999999 0.999997 0.999991 0.99997 0.99991 0.99975 0.999349 0.998395 0.996209 0.991241 -1.36887e-15 -0.991241 -0.996209 -0.998395 -0.999349 -0.99975 -0.99991 -0.99997 -0.999991 -0.999997 -0.999999 -1 -1 -1 -1 -1 -1 -1 -1 -1 -1 -1 
1 1 1 1 1 1 1 1 1 1 1 1 0.999998 0.999994 0.999978 0.999934 0.999814 0.999509 0.998776 0.997081 0.993216 -1.28005e-15 -0.993216 -0.997081 -0.998776 -0.999509 -0.999814 -0.999934 -0.999978 -0.999994 -0.999998 -1 -1 -1 -1 -1 -1 -1 -1 -1 -1 -1 -1 
1 1 1 1 1 1 1 1 1 1 1 1 0.999999 0.999995 0.999984 0.999952 0.999862 0.999631 0.999069 0.997757 0.994754 -1.19123e-15 -0.994754 -0.997757 -0.999069 -0.999631 -0.999862 -0.999952 -0.999984 -0.999995 -0.999999 -1 -1 -1 -1 -1 -1 -1 -1 -1 -1 -1 -1 
1 1 1 1 1 1 1 1 1 1 1 1 0.999999 0.999997 0.999989 0.999965 0.999898 0.999723 0.999294 0.998281 0.995951 -1.10242e-15 -0.995951 -0.998281 -0.999294 -0.999723 -0.999898 -0.999965 -0.999989 -0.999997 -0.999999 -1 -1 -1 -1 -1 -1 -1 -1 -1 -1 -1 -1 
1 1 1 1 1 1 1 1 1 1 1 1 0.999999 0.999998 0.999992 0.999974 0.999925 0.999793 0.999465 0.998686 0.99688 -1.05801e-15 -0.99688 -0.998686 -0.999465 -0.999793 -0.999925 -0.999974 -0.999992 -0.999998 -0.999999 -1 -1 -1 -1 -1 -1 -1 -1 -1 -1 -1 -1 
1 1 1 1 1 1 1 1 1 1 1 1 1 0.999998 0.999994 0.999981 0.999945 0.999846 0.999597 0.998997 0.997601 -1.05801e-15 -0.997601 -0.998997 -0.999597 -0.999846 -0.999945 -0.999981 -0.999994 -0.999998 -1 -1 -1 -1 -1 -1 -1 -1 -1 -1 -1 -1 -1 
1 1 1 1 1 1 1 1 1 1 1 1 1 0.999999 0.999996 0.999987 0.999959 0.999885 0.999696 0.999237 0.998158 -1.05801e-15 -0.998158 -0.999237 -0.999696 -0.999885 -0.999959 -0.999987 -0.999996 -0.999999 -1 -1 -1 -1 -1 -1 -1 -1 -1 -1 -1 -1 -1 
1 1 1 1 1 1 1 1 1 1 1 1 1 0.999999 0.999997 0.99999 0.99997 0.999915 0.999772 0.99942 0.998589 -1.05801e-15 -0.998589 -0.99942 -0.999772 -0.999915 -0.99997 -0.99999 -0.999997 -0.999999 -1 -1 -1 -1 -1 -1 -1 -1 -1 -1 -1 -1 -1 
1 1 1 1 1 1 1 1 1 1 1 1 1 0.999999 0.999998 0.999993 0.999978 0.999937 0.999829 0.999561 0.998921 -1.05801e-15 -0.998921 -0.999561 -0.999829 -0.999937 -0.999978 -0.999993 -0.999998 -0.999999 -1 -1 -1 -1 -1 -1 -1 -1 -1 -1 -1 -1 -1 
1 1 1 1 1 1 1 1 1 1 1 1 1 1 0.999999 0.999995 0.999984 0.999954 0.999872 0.999668 0.999177 -1.05801e-15 -0.999177 -0.999668 -0.999872 -0.999954 -0.999984 -0.999995 -0.999999 -1 -1 -1 -1 -1 -1 -1 -1 -1 -1 -1 -1 -1 -1 
1 1 1 1 1 1 1 1 1 1 1 1 1 1 0.999999 0.999996 0.999989 0.999966 0.999905 0.99975 0.999373 -1.05801e-15 -0.999373 -0.99975 -0.999905 -0.999966 -0.999989 -0.999996 -0.999999 -1 -1 -1 -1 -1 -1 -1 -1 -1 -1 -1 -1 -1 -1 
1 1 1 1 1 1 1 1 1 1 1 1 1 1 0.999999 0.999997 0.999992 0.999975 0.999929 0.999812 0.999524 -1.05801e-15 -0.999524 -0.999812 -0.999929 -0.999975 -0.999992 -0.999997 -0.999999 -1 -1 -1 -1 -1 -1 -1 -1 -1 -1 -1 -1 -1 -1 
1 1 1 1 1 1 1 1 1 1 1 1 1 1 0.999999 0.999998 0.999994 0.999982 0.999947 0.999859 0.999639 -1.10242e-15 -0.999639 -0.999859 -0.999947 -0.999982 -0.999994 -0.999998 -0.999999 -1 -1 -1 -1 -1 -1 -1 -1 -1 -1 -1 -1 -1 -1 
1 1 1 1 1 1 1 1 1 1 1 1 1 1 1 0.999999 0.999996 0.999987 0.999961 0.999894 0.999727 -1.14683e-15 -0.999727 -0.999894 -0.999961 -0.999987 -0.999996 -0.999999 -1 -1 -1 -1 -1 -1 -1 -1 -1 -1 -1 -1 -1 -1 -1 
1 1 1 1 1 1 1 1 1 1 1 1 1 1 1 0.999999 0.999997 0.99999 0.999971 0.999921 0.999794 -1.19123e-15 -0.999794 -0.999921 -0.999971 -0.99999 -0.999997 -0.999999 -1 -1 -1 -1 -1 -1 -1 -1 -1 -1 -1 -1 -1 -1 -1 
1 1 1 1 1 1 1 1 1 1 1 1 1 1 1 0.999999 0.999998 0.999993 0.999979 0.999941 0.999845 -1.23564e-15 -0.999845 -0.999941 -0.999979 -0.999993 -0.999998 -0.999999 -1 -1 -1 -1 -1 -1 -1 -1 -1 -1 -1 -1 -1 -1 -1 
1 1 1 1 1 1 1 1 1 1 1 1 1 1 1 1 0.999998 0.999995 0.999984 0.999956 0.999883 -1.28005e-15 -0.999883 -0.999956 -0.999984 -0.999995 -0.999998 -1 -1 -1 -1 -1 -1 -1 -1 -1 -1 -1 -1 -1 -1 -1 -1 
1 1 1 1 1 1 1 1 1 1 1 1 1 1 1 1 0.999999 0.999996 0.999989 0.999968 0.999912 -1.32446e-15 -0.999912 -0.999968 -0.999989 -0.999996 -0.999999 -1 -1 -1 -1 -1 -1 -1 -1 -1 -1 -1 -1 -1 -1 -1 -1 
1 1 1 1 1 1 1 1 1 1 1 1 1 1 1 1 0.999999 0.999997 0.999992 0.999976 0.999934 -1.36887e-15 -0.999934 -0.999976 -0.999992 -0.999997 -0.999999 -1 -1 -1 -1 -1 -1 -1 -1 -1 -1 -1 -1 -1 -1 -1 -1 
1 1 1 1 1 1 1 1 1 1 1 1 1 1 1 1 0.999999 0.999998 0.999994 0.999982 0.999951 -1.41328e-15 -0.999951 -0.999982 -0.999994 -0.999998 -0.999999 -1 -1 -1 -1 -1 -1 -1 -1 -1 -1 -1 -1 -1 -1 -1 -1 
1 1 1 1 1 1 1 1 1 1 1 1 1 1 1 1 1 0.999999 0.999996 0.999987 0.999964 -1.45769e-15 -0.999964 -0.999987 -0.999996 -0.999999 -1 -1 -1 -1 -1 -1 -1 -1 -1 -1 -1 -1 -1 -1 -1 -1 -1 
1 1 1 1 1 1 1 1 1 1 1 1 1 1 1 1 1 0.999999 0.999997 0.99999 0.999973 -1.5021e-15 -0.999973 -0.99999 -0.999997 -0.999999 -1 -1 -1 -1 -1 -1 -1 -1 -1 -1 -1 -1 -1 -1 -1 -1 -1 
1 1 1 1 1 1 1 1 1 1 1 1 1 1 1 1 1 0.999999 0.999998 0.999993 0.99998 -1.54651e-15 -0.99998 -0.999993 -0.999998 -0.999999 -1 -1 -1 -1 -1 -1 -1 -1 -1 -1 -1 -1 -1 -1 -1 -1 -1 
1 1 1 1 1 1 1 1 1 1 1 1 1 1 1 1 1 0.999999 0.999998 0.999995 0.999985 -1.59091e-15 -0.999985 -0.999995 -0.999998 -0.999999 -1 -1 -1 -1 -1 -1 -1 -1 -1 -1 -1 -1 -1 -1 -1 -1 -1 
1 1 1 1 1 1 1 1 1 1 1 1 1 1 1 1 1 1 0.999999 0.999996 0.999989 -1.59091e-15 -0.999989 -0.999996 -0.999999 -1 -1 -1 -1 -1 -1 -1 -1 -1 -1 -1 -1 -1 -1 -1 -1 -1 -1 
1 1 1 1 1 1 1 1 1 1 1 1 1 1 1 1 1 1 0.999999 0.999997 0.999992 -1.59091e-15 -0.999992 -0.999997 -0.999999 -1 -1 -1 -1 -1 -1 -1 -1 -1 -1 -1 -1 -1 -1 -1 -1 -1 -1 
1 1 1 1 1 1 1 1 1 1 1 1 1 1 1 1 1 1 0.999999 0.999998 0.999994 -1.59091e-15 -0.999994 -0.999998 -0.999999 -1 -1 -1 -1 -1 -1 -1 -1 -1 -1 -1 -1 -1 -1 -1 -1 -1 -1 
1 1 1 1 1 1 1 1 1 1 1 1 1 1 1 1 1 1 1 0.999999 0.999996 -1.59091e-15 -0.999996 -0.999999 -1 -1 -1 -1 -1 -1 -1 -1 -1 -1 -1 -1 -1 -1 -1 -1 -1 -1 -1 
1 1 1 1 1 1 1 1 1 1 1 1 1 1 1 1 1 1 1 0.999999 0.999997 -1.59091e-15 -0.999997 -0.999999 -1 -1 -1 -1 -1 -1 -1 -1 -1 -1 -1 -1 -1 -1 -1 -1 -1 -1 -1 
1 1 1 1 1 1 1 1 1 1 1 1 1 1 1 1 1 1 1 0.999999 0.999998 -1.59091e-15 -0.999998 -0.999999 -1 -1 -1 -1 -1 -1 -1 -1 -1 -1 -1 -1 -1 -1 -1 -1 -1 -1 -1 
1 1 1 1 1 1 1 1 1 1 1 1 1 1 1 1 1 1 1 0.999999 0.999998 -1.59091e-15 -0.999998 -0.999999 -1 -1 -1 -1 -1 -1 -1 -1 -1 -1 -1 -1 -1 -1 -1 -1 -1 -1 -1 
1 1 1 1 1 1 1 1 1 1 1 1 1 1 1 1 1 1 1 1 0.999999 -1.59091e-15 -0.999999 -1 -1 -1 -1 -1 -1 -1 -1 -1 -1 -1 -1 -1 -1 -1 -1 -1 -1 -1 -1 
1 1 1 1 1 1 1 1 1 1 1 1 1 1 1 1 1 1 1 1 0.999999 -1.59091e-15 -0.999999 -1 -1 -1 -1 -1 -1 -1 -1 -1 -1 -1 -1 -1 -1 -1 -1 -1 -1 -1 -1 
1 1 1 1 1 1 1 1 1 1 1 1 1 1 1 1 1 1 1 1 0.999999 -1.59091e-15 -0.999999 -1 -1 -1 -1 -1 -1 -1 -1 -1 -1 -1 -1 -1 -1 -1 -1 -1 -1 -1 -1 
1 1 1 1 1 1 1 1 1 1 1 1 1 1 1 1 1 1 1 1 1 -1.59091e-15 -1 -1 -1 -1 -1 -1 -1 -1 -1 -1 -1 -1 -1 -1 -1 -1 -1 -1 -1 -1 -1 
1 1 1 1 1 1 1 1 1 1 1 1 1 1 1 1 1 1 1 1 1 -1.59091e-15 -1 -1 -1 -1 -1 -1 -1 -1 -1 -1 -1 -1 -1 -1 -1 -1 -1 -1 -1 -1 -1 
1 1 1 1 1 1 1 1 1 1 1 1 1 1 1 1 1 1 1 1 1 -1.59091e-15 -1 -1 -1 -1 -1 -1 -1 -1 -1 -1 -1 -1 -1 -1 -1 -1 -1 -1 -1 -1 -1 
1 1 1 1 1 1 1 1 1 1 1 1 1 1 1 1 1 1 1 1 1 -1.59091e-15 -1 -1 -1 -1 -1 -1 -1 -1 -1 -1 -1 -1 -1 -1 -1 -1 -1 -1 -1 -1 -1 
1 1 1 1 1 1 1 1 1 1 1 1 1 1 1 1 1 1 1 1 1 -1.59091e-15 -1 -1 -1 -1 -1 -1 -1 -1 -1 -1 -1 -1 -1 -1 -1 -1 -1 -1 -1 -1 -1 
1 1 1 1 1 1 1 1 1 1 1 1 1 1 1 1 1 1 1 1 1 -1.59091e-15 -1 -1 -1 -1 -1 -1 -1 -1 -1 -1 -1 -1 -1 -1 -1 -1 -1 -1 -1 -1 -1 
