0 0 0 0 0 0 0 0 0 0 0 0 0 0 0 0 0 0 0 0 0 0.5 1 1 1 1 1 1 1 1 1 1 1 1 1 1 1 1 1 1 1 1 1 
0 0 0 0 0 0 0 0 0 0 0 0 0 0 0 0 0 0 0 -0.0291667 0.0902778 0.5 0.909722 1.02917 1 1 1 1 1 1 1 1 1 1 1 1 1 1 1 1 1 1 1 
0 0 0 0 0 0 0 0 0 0 0 0 0 0 0 0 0 0.00170139 -0.0114628 -0.0188847 0.120712 0.5 0.879288 1.01888 1.01146 0.998299 1 1 1 1 1 1 1 1 1 1 1 1 1 1 1 1 1 
0 0 0 0 0 0 0 0 0 0 0 0 0 0 0 -9.92477e-05 0.00103172 -0.000655394 -0.0148846 -0.0116416 0.137635 0.5 0.862365 1.01164 1.01488 1.00066 0.998968 1.0001 1 1 1 1 1 1 1 1 1 1 1 1 1 1 1 
0 0 0 0 0 0 0 0 0 0 0 0 0 5.78945e-06 -8.14205e-05 0.000220595 0.00109288 -0.0023462 -0.0164531 -0.00608166 0.147737 0.5 0.852263 1.00608 1.01645 1.00235 0.998907 0.999779 1.00008 0.999994 1 1 1 1 1 1 1 1 1 1 1 1 1 
0 0 0 0 0 0 0 0 0 0 0 -3.37718e-07 5.98777e-06 -2.80368e-05 -4.60335e-05 0.000427192 0.000958906 -0.00361716 -0.0170679 -0.00210253 0.154243 0.5 0.845757 1.0021 1.01707 1.00362 0.999041 0.999573 1.00005 1.00003 0.999994 1 1 1 1 1 1 1 1 1 1 1 1 
0 0 0 0 0 0 0 0 0 1.97002e-08 -4.21521e-07 2.78516e-06 -1.11064e-06 -4.34928e-05 7.82535e-06 0.000563612 0.000748717 -0.00450712 -0.0172998 0.000758775 0.1586 0.5 0.8414 0.999241 1.0173 1.00451 0.999251 0.999436 0.999992 1.00004 1 0.999997 1 1 1 1 1 1 1 1 1 1 1 
0 0 0 0 0 0 0 -1.14918e-09 2.88024e-08 -2.44984e-07 5.04115e-07 3.22844e-06 -9.20551e-06 -4.83142e-05 6.41914e-05 0.000641895 0.000543866 -0.00513481 -0.0173636 0.00281952 0.161601 0.5 0.838399 0.99718 1.01736 1.00513 0.999456 0.999358 0.999936 1.00005 1.00001 0.999997 0.999999 1 1 1 1 1 1 1 1 1 1 
0 0 0 0 0 6.70354e-11 -1.92593e-09 2.00054e-08 -7.10485e-08 -1.65172e-07 1.33603e-06 2.27001e-06 -1.6452e-05 -4.5584e-05 0.000112524 0.000685019 0.000366425 -0.00558018 -0.0173596 0.00431006 0.163705 0.5 0.836295 0.99569 1.01736 1.00558 0.999634 0.999315 0.999887 1.00005 1.00002 0.999998 0.999999 1 1 1 1 1 1 1 1 1 1 
0 0 0 -3.9104e-12 1.26684e-10 -1.55291e-09 7.70054e-09 1.50565e-09 -1.33692e-07 6.47098e-08 1.89962e-06 4.93762e-07 -2.17934e-05 -3.9371e-05 0.000151378 0.000707308 0.00022138 -0.00589966 -0.0173321 0.00539166 0.1652 0.5 0.8348 0.994608 1.01733 1.0059 0.999779 0.999293 0.999849 1.00004 1.00002 1 0.999998 1 1 1 1 1 1 1 1 1 1 
0 0 -8.30234e-12 1.1614e-10 -7.33626e-10 1.00245e-09 1.05529e-08 -2.90876e-08 -1.47841e-07 3.5437e-07 2.12906e-06 -1.48286e-06 -2.54079e-05 -3.19835e-05 0.00018157 0.000717919 0.00010624 -0.0061312 -0.0173004 0.0061783 0.166272 0.5 0.833728 0.993822 1.0173 1.00613 0.999894 0.999282 0.999818 1.00003 1.00003 1 0.999998 1 1 1 1 1 1 1 1 1 1 
0 -1.97641e-22 6.72652e-11 -1.72394e-10 -6.43877e-10 4.08399e-09 6.81676e-09 -5.97029e-08 -1.15629e-07 6.24156e-07 2.10969e-06 -3.35292e-06 -2.7688e-05 -2.47048e-05 0.000204686 0.000722236 1.64093e-05 -0.00630059 -0.0172721 0.00675109 0.167046 0.5 0.832954 0.993249 1.01727 1.0063 0.999984 0.999278 0.999795 1.00002 1.00003 1 0.999998 0.999999 1 1 1 1 1 1 1 1 1 
1.97641e-22 -4.02153e-22 1.86349e-11 -4.21155e-10 1.66859e-10 6.28195e-09 -1.94255e-09 -8.15902e-08 -5.55698e-08 8.43478e-07 1.9344e-06 -4.98039e-06 -2.90378e-05 -1.81298e-05 0.000222276 0.000723356 -5.29088e-05 -0.00642551 -0.0172499 0.00716824 0.167606 0.5 0.832394 0.992832 1.01725 1.00643 1.00005 0.999277 0.999778 1.00002 1.00003 1 0.999998 0.999999 1 1 1 1 1 1 1 1 1 
4.02153e-22 -8.26148e-22 -1.02102e-10 -4.90565e-10 1.36906e-09 6.8153e-09 -1.26835e-08 -9.30536e-08 1.64324e-08 1.00625e-06 1.67982e-06 -6.3328e-06 -2.97776e-05 -1.24742e-05 0.00023565 0.000723003 -0.000105988 -0.00651823 -0.0172336 0.00747178 0.168012 0.5 0.831988 0.992528 1.01723 1.00652 1.00011 0.999277 0.999764 1.00001 1.00003 1.00001 0.999998 0.999999 1 1 1 1 1 1 1 1 1 
8.26148e-22 5.70127e-21 -2.26659e-10 -3.32834e-10 2.54419e-09 5.82296e-09 -2.32361e-08 -9.54333e-08 8.92233e-08 1.11902e-06 1.39817e-06 -7.42636e-06 -3.01375e-05 -7.75507e-06 0.000245834 0.000722101 -0.000146391 -0.00658741 -0.0172225 0.00769227 0.168308 0.5 0.831692 0.992308 1.01722 1.00659 1.00015 0.999278 0.999754 1.00001 1.00003 1.00001 0.999999 0.999999 1 1 1 1 1 1 1 1 1 
-5.70127e-21 1.58413e-20 -2.97848e-10 -3.59566e-12 3.45415e-09 3.75356e-09 -3.23691e-08 -9.12292e-08 1.56478e-07 1.19235e-06 1.12132e-06 -8.2965e-06 -3.02733e-05 -3.89651e-06 0.000253614 0.000721119 -0.000176989 -0.0066392 -0.0172155 0.00785201 0.168522 0.5 0.831478 0.992148 1.01722 1.00664 1.00018 0.999279 0.999746 1 1.00003 1.00001 0.999999 0.999999 1 1 1 1 1 1 1 1 1 
-1.58413e-20 1.9947e-20 -2.9665e-10 4.17492e-10 4.01354e-09 1.10157e-09 -3.96234e-08 -8.29108e-08 2.1532e-07 1.23679e-06 8.66535e-07 -8.98261e-06 -3.02853e-05 -7.86513e-07 0.000259577 0.000720269 -0.000200051 -0.00667809 -0.0172116 0.00796734 0.168677 0.5 0.831323 0.992033 1.01721 1.00668 1.0002 0.99928 0.99974 1 1.00003 1.00001 0.999999 0.999999 1 1 1 1 1 1 1 1 1 
-1.9947e-20 1.47894e-20 -2.30648e-10 8.5834e-10 4.24018e-09 -1.73463e-09 -4.50089e-08 -7.24723e-08 2.65028e-07 1.26125e-06 6.41558e-07 -9.52114e-06 -3.02361e-05 1.6935e-06 0.000264166 0.000719627 -0.000217352 -0.00670732 -0.0172098 0.00805022 0.16879 0.5 0.83121 0.99195 1.01721 1.00671 1.00022 0.99928 0.999736 0.999998 1.00003 1.00001 0.999999 0.999999 1 1 1 1 1 1 1 1 1 
-1.47894e-20 5.29724e-21 -1.20103e-10 1.26852e-09 4.20007e-09 -4.48448e-09 -4.87699e-08 -6.13398e-08 3.06061e-07 1.27258e-06 4.48374e-07 -9.94317e-06 -3.01627e-05 3.65458e-06 0.000267708 0.000719199 -0.000230266 -0.0067293 -0.0172095 0.00810947 0.168871 0.5 0.831129 0.991891 1.01721 1.00673 1.00023 0.999281 0.999732 0.999996 1.00003 1.00001 1 0.999999 1 1 1 1 1 1 1 1 1 
-5.29724e-21 -1.15687e-21 1.2951e-11 1.6196e-09 3.97142e-09 -6.99175e-09 -5.1232e-08 -5.04391e-08 3.39419e-07 1.27575e-06 2.85754e-07 -1.0274e-05 -3.0086e-05 5.19454e-06 0.000270449 0.00071896 -0.000239852 -0.00674583 -0.0172101 0.00815155 0.168929 0.5 0.831071 0.991848 1.01721 1.00675 1.00024 0.999281 0.99973 0.999995 1.00003 1.00001 1 0.999999 1 1 1 1 1 1 1 1 1 
1.15687e-21 2.35448e-22 1.50342e-10 1.90053e-09 3.6254e-09 -9.18525e-09 -5.27168e-08 -4.03122e-08 3.66272e-07 1.27421e-06 1.50864e-07 -1.05338e-05 -3.00166e-05 6.39642e-06 0.000272576 0.00071887 -0.000246926 -0.00675823 -0.0172113 0.00818119 0.16897 0.5 0.83103 0.991819 1.01721 1.00676 1.00025 0.999281 0.999727 0.999994 1.00003 1.00001 1 0.999999 1 1 1 1 1 1 1 1 1 
-2.35448e-22 1.03224e-20 2.79583e-10 2.11184e-09 3.2186e-09 -1.10498e-08 -5.35037e-08 -3.12306e-08 3.87761e-07 1.27024e-06 4.02341e-08 -1.07383e-05 -2.99592e-05 7.32916e-06 0.000274229 0.000718892 -0.00025211 -0.00676752 -0.0172127 0.00820188 0.168999 0.5 0.831001 0.991798 1.01721 1.00677 1.00025 0.999281 0.999726 0.999993 1.00003 1.00001 1 0.999999 1 1 1 1 1 1 1 1 1 
-1.03224e-20 2.70892e-20 3.93545e-10 2.26074e-09 2.79202e-09 -1.2603e-08 -5.38164e-08 -2.3288e-08 4.04906e-07 1.2653e-06 -4.9682e-08 -1.08996e-05 -2.99148e-05 8.04911e-06 0.000275514 0.000718991 -0.00025588 -0.00677445 -0.0172141 0.00821616 0.16902 0.5 0.83098 0.991784 1.01721 1.00677 1.00026 0.999281 0.999724 0.999992 1.00003 1.00001 1 0.999999 1 1 1 1 1 1 1 1 1 
-2.70892e-20 4.7399e-20 4.89262e-10 2.35747e-09 2.3731e-09 -1.3879e-08 -5.38252e-08 -1.64693e-08 4.18571e-07 1.26026e-06 -1.22219e-07 -1.10272e-05 -2.98826e-05 8.60177e-06 0.000276514 0.000719138 -0.000258597 -0.00677961 -0.0172156 0.00822588 0.169034 0.5 0.830966 0.991774 1.01722 1.00678 1.00026 0.999281 0.999723 0.999991 1.00003 1.00001 1 0.999999 1 1 1 1 1 1 1 1 1 
-4.7399e-20 6.8305e-20 5.66577e-10 2.41288e-09 1.97867e-09 -1.49178e-08 -5.36536e-08 -1.06977e-08 4.29468e-07 1.2556e-06 -1.80362e-07 -1.11283e-05 -2.9861e-05 9.02363e-06 0.000277291 0.000719312 -0.000260534 -0.00678343 -0.0172169 0.00823238 0.169044 0.5 0.830956 0.991768 1.01722 1.00678 1.00026 0.999281 0.999723 0.999991 1.00003 1.00001 1 0.999999 1 1 1 1 1 1 1 1 1 
-6.8305e-20 8.76813e-20 6.27e-10 2.43717e-09 1.61791e-09 -1.57588e-08 -5.33879e-08 -5.86657e-09 4.3817e-07 1.25156e-06 -2.267e-07 -1.12087e-05 -2.98481e-05 9.34372e-06 0.000277894 0.000719496 -0.000261897 -0.00678624 -0.0172181 0.00823662 0.169051 0.5 0.830949 0.991763 1.01722 1.00679 1.00026 0.999281 0.999722 0.999991 1.00003 1.00001 1 0.999999 1 1 1 1 1 1 1 1 1 
-8.76813e-20 1.0433e-19 6.72846e-10 2.43913e-09 1.29471e-09 -1.64383e-08 -5.30859e-08 -1.85901e-09 4.45136e-07 1.24823e-06 -2.63436e-07 -1.12726e-05 -2.98418e-05 9.58502e-06 0.000278362 0.000719678 -0.000262842 -0.00678829 -0.0172191 0.00823932 0.169056 0.5 0.830944 0.991761 1.01722 1.00679 1.00026 0.99928 0.999722 0.99999 1.00003 1.00001 1 0.999999 1 1 1 1 1 1 1 1 1 
-1.0433e-19 1.17817e-19 7.06674e-10 2.42595e-09 1.00958e-09 -1.69874e-08 -5.27841e-08 1.44034e-09 4.50724e-07 1.24559e-06 -2.92411e-07 -1.13235e-05 -2.98406e-05 9.76562e-06 0.000278724 0.000719851 -0.000263484 -0.00678978 -0.01722 0.00824096 0.169058 0.5 0.830942 0.991759 1.01722 1.00679 1.00026 0.99928 0.999721 0.99999 1.00003 1.00001 1 0.999999 1 1 1 1 1 1 1 1 1 
-1.17817e-19 1.2822e-19 7.30943e-10 2.40326e-09 7.6097e-10 -1.74319e-08 -5.25044e-08 4.139e-09 4.55219e-07 1.24357e-06 -3.15152e-07 -1.1364e-05 -2.98429e-05 9.89971e-06 0.000279003 0.000720009 -0.000263909 -0.00679085 -0.0172208 0.0082419 0.16906 0.5 0.83094 0.991758 1.01722 1.00679 1.00026 0.99928 0.999721 0.99999 1.00003 1.00001 1 0.999999 1 1 1 1 1 1 1 1 1 
-1.2822e-19 1.35902e-19 7.47835e-10 2.37529e-09 5.46159e-10 -1.77932e-08 -5.22579e-08 6.33349e-09 4.58842e-07 1.24209e-06 -3.32908e-07 -1.13963e-05 -2.98475e-05 9.99836e-06 0.000279218 0.000720152 -0.00026418 -0.00679161 -0.0172214 0.00824237 0.169061 0.5 0.830939 0.991758 1.01722 1.00679 1.00026 0.99928 0.999721 0.99999 1.00003 1.00001 1 0.999999 1 1 1 1 1 1 1 1 1 
-1.35902e-19 1.4134e-19 7.59189e-10 2.3451e-09 3.61904e-10 -1.8088e-08 -5.20492e-08 8.10842e-09 4.61769e-07 1.24105e-06 -3.467e-07 -1.1422e-05 -2.98536e-05 1.00702e-05 0.000279382 0.000720277 -0.000264345 -0.00679214 -0.0172218 0.00824256 0.169062 0.5 0.830938 0.991757 1.01722 1.00679 1.00026 0.99928 0.999721 0.99999 1.00003 1.00001 1 0.999999 1 1 1 1 1 1 1 1 1 
-1.4134e-19 1.45022e-19 7.66489e-10 2.31483e-09 2.048e-10 -1.83298e-08 -5.18784e-08 9.53665e-09 4.64137e-07 1.24037e-06 -3.57354e-07 -1.14425e-05 -2.98603e-05 1.01218e-05 0.000279507 0.000720385 -0.000264437 -0.00679251 -0.0172222 0.00824257 0.169062 0.5 0.830938 0.991757 1.01722 1.00679 1.00026 0.99928 0.99972 0.99999 1.00003 1.00001 1 0.999999 1 1 1 1 1 1 1 1 1 
-1.45022e-19 1.47386e-19 7.70902e-10 2.28587e-09 7.15203e-11 -1.85291e-08 -5.17428e-08 1.06801e-08 4.66055e-07 1.23998e-06 -3.65534e-07 -1.14587e-05 -2.98673e-05 1.01584e-05 0.000279602 0.000720477 -0.00026448 -0.00679276 -0.0172225 0.00824248 0.169062 0.5 0.830938 0.991758 1.01722 1.00679 1.00026 0.99928 0.99972 0.99999 1.00003 1.00001 1 0.999999 1 1 1 1 1 1 1 1 1 
-1.47386e-19 1.48797e-19 7.73316e-10 2.25906e-09 -4.10532e-11 -1.86942e-08 -5.16388e-08 1.15909e-08 4.67609e-07 1.23979e-06 -3.71776e-07 -1.14716e-05 -2.98741e-05 1.01838e-05 0.000279674 0.000720554 -0.000264491 -0.00679292 -0.0172227 0.00824234 0.169062 0.5 0.830938 0.991758 1.01722 1.00679 1.00026 0.999279 0.99972 0.99999 1.00003 1.00001 1 0.999999 1 1 1 1 1 1 1 1 1 
-1.48797e-19 1.49546e-19 7.74392e-10 2.23486e-09 -1.35767e-10 -1.88316e-08 -5.15617e-08 1.23125e-08 4.68868e-07 1.23975e-06 -3.76503e-07 -1.14818e-05 -2.98805e-05 1.0201e-05 0.000279727 0.000720618 -0.000264483 -0.00679302 -0.0172229 0.00824219 0.169062 0.5 0.830938 0.991758 1.01722 1.00679 1.00026 0.999279 0.99972 0.99999 1.00003 1.00001 1 0.999999 1 1 1 1 1 1 1 1 1 
-1.49546e-19 1.49852e-19 7.7461e-10 2.21343e-09 -2.15168e-10 -1.89464e-08 -5.15072e-08 1.28811e-08 4.69887e-07 1.23982e-06 -3.80057e-07 -1.14898e-05 -2.98864e-05 1.02123e-05 0.000279767 0.000720671 -0.000264465 -0.00679307 -0.0172231 0.00824203 0.169062 0.5 0.830938 0.991758 1.01722 1.00679 1.00026 0.999279 0.99972 0.99999 1.00003 1.00001 1 0.999999 1 1 1 1 1 1 1 1 1 
-1.49852e-19 1.49877e-19 7.74312e-10 2.19477e-09 -2.8151e-10 -1.90426e-08 -5.14709e-08 1.33265e-08 4.70711e-07 1.23996e-06 -3.82703e-07 -1.14961e-05 -2.98917e-05 1.02194e-05 0.000279796 0.000720714 -0.00026444 -0.00679311 -0.0172232 0.0082419 0.169062 0.5 0.830938 0.991758 1.01722 1.00679 1.00026 0.999279 0.99972 0.99999 1.00003 1.00001 1 0.999999 1 1 1 1 1 1 1 1 1 
-1.49877e-19 1.49736e-19 7.73733e-10 2.17873e-09 -3.36762e-10 -1.91234e-08 -5.14491e-08 1.36731e-08 4.71377e-07 1.24014e-06 -3.84654e-07 -1.1501e-05 -2.98963e-05 1.02235e-05 0.000279817 0.000720748 -0.000264414 -0.00679312 -0.0172232 0.00824178 0.169062 0.5 0.830938 0.991758 1.01722 1.00679 1.00026 0.999279 0.99972 0.99999 1.00003 1.00001 1 0.999999 1 1 1 1 1 1 1 1 1 
-1.49736e-19 1.49508e-19 7.73029e-10 2.1651e-09 -3.82633e-10 -1.91913e-08 -5.14384e-08 1.39408e-08 4.71912e-07 1.24034e-06 -3.86075e-07 -1.15048e-05 -2.99004e-05 1.02256e-05 0.000279832 0.000720776 -0.000264389 -0.00679312 -0.0172233 0.00824168 0.169062 0.5 0.830938 0.991758 1.01722 1.00679 1.00026 0.999279 0.99972 0.99999 1.00003 1.00001 1 0.999999 1 1 1 1 1 1 1 1 1 
-1.49508e-19 1.49244e-19 7.72302e-10 2.15363e-09 -4.20598e-10 -1.92485e-08 -5.1436e-08 1.4146e-08 4.72342e-07 1.24055e-06 -3.87095e-07 -1.15078e-05 -2.99039e-05 1.02263e-05 0.000279843 0.000720797 -0.000264366 -0.00679311 -0.0172233 0.0082416 0.169062 0.5 0.830938 0.991758 1.01722 1.00679 1.00026 0.999279 0.99972 0.99999 1.00003 1.00001 1 0.999999 1 1 1 1 1 1 1 1 1 
-1.49244e-19 1.48979e-19 7.71612e-10 2.14408e-09 -4.51922e-10 -1.92967e-08 -5.14396e-08 1.43019e-08 4.72686e-07 1.24075e-06 -3.87815e-07 -1.151e-05 -2.99068e-05 1.02261e-05 0.00027985 0.000720814 -0.000264345 -0.0067931 -0.0172233 0.00824153 0.169062 0.5 0.830938 0.991758 1.01722 1.00679 1.00026 0.999279 0.99972 0.99999 1.00003 1.00001 1 0.999999 1 1 1 1 1 1 1 1 1 
-1.48979e-19 1.48731e-19 7.70992e-10 2.13619e-09 -4.77686e-10 -1.93372e-08 -5.14474e-08 1.4419e-08 4.7296e-07 1.24095e-06 -3.88311e-07 -1.15118e-05 -2.99093e-05 1.02254e-05 0.000279855 0.000720827 -0.000264327 -0.00679309 -0.0172233 0.00824148 0.169062 0.5 0.830938 0.991759 1.01722 1.00679 1.00026 0.999279 0.99972 0.99999 1.00003 1.00001 1 0.999999 1 1 1 1 1 1 1 1 1 
