1 1 0.95 0.9 0.85 0.8 0.75 0.7 0.65 0.6 0.55 0.5 0.45 0.4 0.35 0.3 0.25 0.2 0.15 0.1 0.05 0 -0.05 -0.1 -0.15 -0.2 -0.25 -0.3 -0.35 -0.4 -0.45 -0.5 -0.55 -0.6 -0.65 -0.7 -0.75 -0.8 -0.85 -0.9 -0.95 -1 -1 
1 1 0.957219 0.9045 0.85425 0.804 0.75375 0.7035 0.65325 0.603 0.55275 0.5025 0.45225 0.402 0.35175 0.3015 0.25125 0.201 0.15075 0.1005 0.05025 -2.76472e-19 -0.05025 -0.1005 -0.15075 -0.201 -0.25125 -0.3015 -0.35175 -0.402 -0.45225 -0.5025 -0.55275 -0.603 -0.65325 -0.7035 -0.75375 -0.804 -0.85425 -0.9045 -0.957219 -1 -1 
1 1 0.96343 0.909732 0.858434 0.80804 0.757538 0.707035 0.656533 0.60603 0.555528 0.505025 0.454523 0.40402 0.353518 0.303015 0.252513 0.20201 0.151508 0.101005 0.0505025 -5.58364e-19 -0.0505025 -0.101005 -0.151508 -0.20201 -0.252513 -0.303015 -0.353518 -0.40402 -0.454523 -0.505025 -0.555528 -0.60603 -0.656533 -0.707035 -0.757538 -0.80804 -0.858434 -0.909732 -0.96343 -1 -1 
1 1 0.968765 0.915423 0.862732 0.812074 0.761368 0.710606 0.659848 0.609091 0.558333 0.507576 0.456818 0.40606 0.355303 0.304545 0.253788 0.20303 0.152273 0.101515 0.0507576 -8.40257e-19 -0.0507576 -0.101515 -0.152273 -0.20303 -0.253788 -0.304545 -0.355303 -0.40606 -0.456818 -0.507576 -0.558333 -0.609091 -0.659848 -0.710606 -0.761368 -0.812074 -0.862732 -0.915423 -0.968765 -1 -1 
1 1 0.973341 0.921354 0.867249 0.816103 0.76523 0.714215 0.663197 0.612182 0.561167 0.510152 0.459137 0.408122 0.357106 0.306091 0.255076 0.204061 0.153046 0.10203 0.0510152 -1.12215e-18 -0.0510152 -0.10203 -0.153046 -0.204061 -0.255076 -0.306091 -0.357106 -0.408122 -0.459137 -0.510152 -0.561167 -0.612182 -0.663197 -0.714215 -0.76523 -0.816103 -0.867249 -0.921354 -0.973341 -1 -1 
1 1 0.97726 0.927351 0.872036 0.820153 0.769112 0.717864 0.666581 0.615305 0.56403 0.512754 0.461479 0.410204 0.358928 0.307653 0.256377 0.205102 0.153826 0.102551 0.0512754 -1.40404e-18 -0.0512754 -0.102551 -0.153826 -0.205102 -0.256377 -0.307653 -0.358928 -0.410204 -0.461479 -0.512754 -0.56403 -0.615305 -0.666581 -0.717864 -0.769112 -0.820153 -0.872036 -0.927351 -0.97726 -1 -1 
1 1 0.980612 0.933282 0.877103 0.824263 0.773004 0.721551 0.67 0.61846 0.566922 0.515384 0.463845 0.412307 0.360769 0.30923 0.257692 0.206153 0.154615 0.103077 0.0515384 -1.68593e-18 -0.0515384 -0.103077 -0.154615 -0.206153 -0.257692 -0.30923 -0.360769 -0.412307 -0.463845 -0.515384 -0.566922 -0.61846 -0.67 -0.721551 -0.773004 -0.824263 -0.877103 -0.933282 -0.980612 -1 -1 
1 1 0.983478 0.939046 0.882432 0.828476 0.776904 0.72527 0.673458 0.621647 0.569844 0.51804 0.466236 0.414432 0.362628 0.310824 0.25902 0.207216 0.155412 0.103608 0.051804 -1.96241e-18 -0.051804 -0.103608 -0.155412 -0.207216 -0.25902 -0.310824 -0.362628 -0.414432 -0.466236 -0.51804 -0.569844 -0.621647 -0.673458 -0.72527 -0.776904 -0.828476 -0.882432 -0.939046 -0.983478 -1 -1 
1 1 0.985926 0.94457 0.887984 0.832833 0.780815 0.729018 0.676953 0.624868 0.572795 0.520723 0.468651 0.416579 0.364506 0.312434 0.260362 0.208289 0.156217 0.104145 0.0520723 -2.24972e-18 -0.0520723 -0.104145 -0.156217 -0.208289 -0.260362 -0.312434 -0.364506 -0.416579 -0.468651 -0.520723 -0.572795 -0.624868 -0.676953 -0.729018 -0.780815 -0.832833 -0.887984 -0.94457 -0.985926 -1 -1 
1 1 0.988015 0.949802 0.89371 0.837364 0.78475 0.732785 0.680487 0.628123 0.575778 0.523435 0.471092 0.418748 0.366405 0.314061 0.261718 0.209374 0.157031 0.104687 0.0523435 -2.54245e-18 -0.0523435 -0.104687 -0.157031 -0.209374 -0.261718 -0.314061 -0.366405 -0.418748 -0.471092 -0.523435 -0.575778 -0.628123 -0.680487 -0.732785 -0.78475 -0.837364 -0.89371 -0.949802 -0.988015 -1 -1 
1 1 0.989796 0.954711 0.899551 0.842093 0.788728 0.736569 0.684058 0.631415 0.578791 0.526175 0.473557 0.42094 0.368322 0.315705 0.263087 0.21047 0.157852 0.105235 0.0526175 -2.83519e-18 -0.0526175 -0.105235 -0.157852 -0.21047 -0.263087 -0.315705 -0.368322 -0.42094 -0.473557 -0.526175 -0.578791 -0.631415 -0.684058 -0.736569 -0.788728 -0.842093 -0.899551 -0.954711 -0.989796 -1 -1 
1 1 0.991315 0.959278 0.905448 0.847032 0.79277 0.740365 0.687662 0.634743 0.581836 0.528943 0.476049 0.423155 0.37026 0.317366 0.264472 0.211577 0.158683 0.105789 0.0528943 -3.1225e-18 -0.0528943 -0.105789 -0.158683 -0.211577 -0.264472 -0.317366 -0.37026 -0.423155 -0.476049 -0.528943 -0.581836 -0.634743 -0.687662 -0.740365 -0.79277 -0.847032 -0.905448 -0.959278 -0.991315 -1 -1 
1 1 0.992609 0.963497 0.911344 0.852181 0.796902 0.744173 0.691297 0.638109 0.584914 0.53174 0.478567 0.425393 0.372219 0.319045 0.265871 0.212697 0.159522 0.106348 0.0531741 -3.41524e-18 -0.0531741 -0.106348 -0.159522 -0.212697 -0.265871 -0.319045 -0.372219 -0.425393 -0.478567 -0.53174 -0.584914 -0.638109 -0.691297 -0.744173 -0.796902 -0.852181 -0.911344 -0.963497 -0.992609 -1 -1 
1 1 0.993712 0.96737 0.917183 0.857533 0.801147 0.747999 0.694958 0.641513 0.588026 0.534567 0.481112 0.427655 0.374198 0.320741 0.267284 0.213827 0.160371 0.106914 0.0534569 -3.70797e-18 -0.0534569 -0.106914 -0.160371 -0.213827 -0.267284 -0.320741 -0.374198 -0.427655 -0.481112 -0.534567 -0.588026 -0.641513 -0.694958 -0.747999 -0.801147 -0.857533 -0.917183 -0.96737 -0.993712 -1 -1 
1 1 0.994651 0.970906 0.922917 0.863069 0.805529 0.751849 0.69864 0.644955 0.591172 0.537424 0.483684 0.429941 0.376198 0.322456 0.268713 0.214971 0.161228 0.107485 0.0537426 -4.00613e-18 -0.0537426 -0.107485 -0.161228 -0.214971 -0.268713 -0.322456 -0.376198 -0.429941 -0.483684 -0.537424 -0.591172 -0.644955 -0.69864 -0.751849 -0.805529 -0.863069 -0.922917 -0.970906 -0.994651 -1 -1 
1 1 0.99545 0.97412 0.928501 0.868766 0.810068 0.755735 0.70234 0.648434 0.594355 0.540312 0.486283 0.432252 0.37822 0.324189 0.270157 0.216126 0.162094 0.108063 0.0540315 -4.30428e-18 -0.0540315 -0.108063 -0.162094 -0.216126 -0.270157 -0.324189 -0.37822 -0.432252 -0.486283 -0.540312 -0.594355 -0.648434 -0.70234 -0.755735 -0.810068 -0.868766 -0.928501 -0.97412 -0.99545 -1 -1 
1 1 0.99613 0.977027 0.9339 0.874592 0.814779 0.759671 0.706056 0.651947 0.597575 0.543231 0.48891 0.434587 0.380264 0.32594 0.271617 0.217294 0.16297 0.108647 0.0543234 -4.60786e-18 -0.0543234 -0.108647 -0.16297 -0.217294 -0.271617 -0.32594 -0.380264 -0.434587 -0.48891 -0.543231 -0.597575 -0.651947 -0.706056 -0.759671 -0.814779 -0.874592 -0.9339 -0.977027 -0.99613 -1 -1 
1 1 0.996709 0.979648 0.939082 0.880514 0.819674 0.763672 0.709787 0.655491 0.600832 0.546182 0.491565 0.436948 0.38233 0.327711 0.273093 0.218474 0.163856 0.109237 0.0546185 -4.90601e-18 -0.0546185 -0.109237 -0.163856 -0.218474 -0.273093 -0.327711 -0.38233 -0.436948 -0.491565 -0.546182 -0.600832 -0.655491 -0.709787 -0.763672 -0.819674 -0.880514 -0.939082 -0.979648 -0.996709 -1 -1 
1 1 0.997201 0.982002 0.944026 0.886494 0.824758 0.767758 0.713534 0.659064 0.604127 0.549167 0.494249 0.439335 0.384418 0.329501 0.274584 0.219667 0.16475 0.109834 0.0549168 -5.20417e-18 -0.0549168 -0.109834 -0.16475 -0.219667 -0.274584 -0.329501 -0.384418 -0.439335 -0.494249 -0.549167 -0.604127 -0.659064 -0.713534 -0.767758 -0.824758 -0.886494 -0.944026 -0.982002 -0.997201 -1 -1 
1 1 0.99762 0.98411 0.948714 0.892494 0.830029 0.771946 0.7173 0.662662 0.607461 0.552186 0.496962 0.441747 0.386529 0.33131 0.276092 0.220874 0.165655 0.110437 0.0552184 -5.51317e-18 -0.0552184 -0.110437 -0.165655 -0.220874 -0.276092 -0.33131 -0.386529 -0.441747 -0.496962 -0.552186 -0.607461 -0.662662 -0.7173 -0.771946 -0.830029 -0.892494 -0.948714 -0.98411 -0.99762 -1 -1 
1 1 0.997977 0.985993 0.953136 0.898475 0.835483 0.776254 0.721092 0.666283 0.610832 0.55524 0.499705 0.444186 0.388663 0.33314 0.277617 0.222093 0.16657 0.111047 0.0555233 -5.82217e-18 -0.0555233 -0.111047 -0.16657 -0.222093 -0.277617 -0.33314 -0.388663 -0.444186 -0.499705 -0.55524 -0.610832 -0.666283 -0.721092 -0.776254 -0.835483 -0.898475 -0.953136 -0.985993 -0.997977 -1 -1 
1 1 0.99828 0.98767 0.957285 0.904402 0.841108 0.7807 0.724918 0.669922 0.61424 0.558331 0.502479 0.446652 0.390821 0.33499 0.279158 0.223326 0.167495 0.111663 0.0558316 -6.13116e-18 -0.0558316 -0.111663 -0.167495 -0.223326 -0.279158 -0.33499 -0.390821 -0.446652 -0.502479 -0.558331 -0.61424 -0.669922 -0.724918 -0.7807 -0.841108 -0.904402 -0.957285 -0.98767 -0.99828 -1 -1 
1 1 0.998537 0.98916 0.96116 0.910238 0.846888 0.7853 0.728788 0.673579 0.617682 0.561459 0.505284 0.449145 0.393003 0.33686 0.280717 0.224573 0.16843 0.112287 0.0561433 -6.4239e-18 -0.0561433 -0.112287 -0.16843 -0.224573 -0.280717 -0.33686 -0.393003 -0.449145 -0.505284 -0.561459 -0.617682 -0.673579 -0.728788 -0.7853 -0.846888 -0.910238 -0.96116 -0.98916 -0.998537 -1 -1 
1 1 0.998756 0.990481 0.964764 0.915952 0.852801 0.790064 0.732714 0.677252 0.621157 0.564625 0.508121 0.451665 0.39521 0.338751 0.282293 0.225834 0.169376 0.112917 0.0564585 -6.71663e-18 -0.0564585 -0.112917 -0.169376 -0.225834 -0.282293 -0.338751 -0.39521 -0.451665 -0.508121 -0.564625 -0.621157 -0.677252 -0.732714 -0.790064 -0.852801 -0.915952 -0.964764 -0.990481 -0.998756 -1 -1 
1 1 0.998943 0.991651 0.968101 0.921515 0.858823 0.795004 0.736712 0.680942 0.624662 0.56783 0.510991 0.454214 0.397441 0.340664 0.283886 0.227109 0.170332 0.113555 0.0567773 -6.98768e-18 -0.0567773 -0.113555 -0.170332 -0.227109 -0.283886 -0.340664 -0.397441 -0.454214 -0.510991 -0.56783 -0.624662 -0.680942 -0.736712 -0.795004 -0.858823 -0.921515 -0.968101 -0.991651 -0.998943 -1 -1 
1 1 0.999101 0.992685 0.971181 0.926903 0.864927 0.800124 0.740795 0.68465 0.628194 0.571074 0.513896 0.456791 0.399697 0.342598 0.285498 0.228399 0.171299 0.114199 0.0570996 -7.26958e-18 -0.0570996 -0.114199 -0.171299 -0.228399 -0.285498 -0.342598 -0.399697 -0.456791 -0.513896 -0.571074 -0.628194 -0.68465 -0.740795 -0.800124 -0.864927 -0.926903 -0.971181 -0.992685 -0.999101 -1 -1 
1 1 0.999236 0.993597 0.974013 0.932094 0.871084 0.805427 0.74498 0.688381 0.631751 0.574356 0.516836 0.459398 0.401979 0.344554 0.287128 0.229703 0.172277 0.114851 0.0574257 -7.52978e-18 -0.0574257 -0.114851 -0.172277 -0.229703 -0.287128 -0.344554 -0.401979 -0.459398 -0.516836 -0.574356 -0.631751 -0.688381 -0.74498 -0.805427 -0.871084 -0.932094 -0.974013 -0.993597 -0.999236 -1 -1 
1 1 0.999351 0.994401 0.976609 0.937072 0.877264 0.81091 0.749281 0.692139 0.63533 0.577675 0.519812 0.462035 0.404287 0.346533 0.288777 0.231022 0.173266 0.115511 0.0577555 -7.82252e-18 -0.0577555 -0.115511 -0.173266 -0.231022 -0.288777 -0.346533 -0.404287 -0.462035 -0.519812 -0.577675 -0.63533 -0.692139 -0.749281 -0.81091 -0.877264 -0.937072 -0.976609 -0.994401 -0.999351 -1 -1 
1 1 0.999448 0.995107 0.978981 0.941823 0.883435 0.816568 0.753715 0.695933 0.638928 0.581031 0.522826 0.464702 0.406621 0.348535 0.290445 0.232356 0.174267 0.116178 0.058089 -8.09357e-18 -0.058089 -0.116178 -0.174267 -0.232356 -0.290445 -0.348535 -0.406621 -0.464702 -0.522826 -0.581031 -0.638928 -0.695933 -0.753715 -0.816568 -0.883435 -0.941823 -0.978981 -0.995107 -0.999448 -1 -1 
1 1 0.999531 0.995728 0.981143 0.946338 0.889568 0.822389 0.758295 0.699771 0.642544 0.584423 0.525877 0.467401 0.408982 0.350559 0.292132 0.233706 0.175279 0.116853 0.0584265 -8.3592e-18 -0.0584265 -0.116853 -0.175279 -0.233706 -0.292132 -0.350559 -0.408982 -0.467401 -0.525877 -0.584423 -0.642544 -0.699771 -0.758295 -0.822389 -0.889568 -0.946338 -0.981143 -0.995728 -0.999531 -1 -1 
1 1 0.999601 0.996273 0.983109 0.950612 0.895632 0.828361 0.763033 0.703663 0.646178 0.587847 0.528968 0.470133 0.41137 0.352607 0.293839 0.235071 0.176303 0.117536 0.0587678 -8.61399e-18 -0.0587678 -0.117536 -0.176303 -0.235071 -0.293839 -0.352607 -0.41137 -0.470133 -0.528968 -0.587847 -0.646178 -0.703663 -0.763033 -0.828361 -0.895632 -0.950612 -0.983109 -0.996273 -0.999601 -1 -1 
1 1 0.999661 0.996751 0.984891 0.95464 0.9016 0.834465 0.767941 0.707623 0.649829 0.591302 0.532098 0.472898 0.413785 0.354679 0.295566 0.236453 0.17734 0.118226 0.0591132 -8.86877e-18 -0.0591132 -0.118226 -0.17734 -0.236453 -0.295566 -0.354679 -0.413785 -0.472898 -0.532098 -0.591302 -0.649829 -0.707623 -0.767941 -0.834465 -0.9016 -0.95464 -0.984891 -0.996751 -0.999661 -1 -1 
1 1 0.999712 0.99717 0.986504 0.958424 0.907447 0.840681 0.773025 0.711663 0.653499 0.594785 0.535267 0.475697 0.416229 0.356776 0.297314 0.237851 0.178388 0.118925 0.0594626 -9.12356e-18 -0.0594626 -0.118925 -0.178388 -0.237851 -0.297314 -0.356776 -0.416229 -0.475697 -0.535267 -0.594785 -0.653499 -0.711663 -0.773025 -0.840681 -0.907447 -0.958424 -0.986504 -0.99717 -0.999712 -1 -1 
1 1 0.999755 0.997536 0.987959 0.961966 0.913147 0.846987 0.778291 0.715796 0.657191 0.598295 0.538475 0.478532 0.418702 0.358897 0.299082 0.239265 0.179449 0.119632 0.0598162 -9.38919e-18 -0.0598162 -0.119632 -0.179449 -0.239265 -0.299082 -0.358897 -0.418702 -0.478532 -0.538475 -0.598295 -0.657191 -0.715796 -0.778291 -0.846987 -0.913147 -0.961966 -0.987959 -0.997536 -0.999755 -1 -1 
1 1 0.999792 0.997856 0.989271 0.96527 0.918681 0.853358 0.783741 0.720039 0.660909 0.601828 0.541723 0.481404 0.421205 0.361042 0.300871 0.240696 0.180522 0.120348 0.060174 -9.64398e-18 -0.060174 -0.120348 -0.180522 -0.240696 -0.300871 -0.361042 -0.421205 -0.481404 -0.541723 -0.601828 -0.660909 -0.720039 -0.783741 -0.853358 -0.918681 -0.96527 -0.989271 -0.997856 -0.999792 -1 -1 
1 1 0.999823 0.998135 0.990451 0.968343 0.924032 0.859767 0.789373 0.724403 0.664659 0.605382 0.545008 0.484313 0.423738 0.363214 0.302681 0.242145 0.181608 0.121072 0.0605361 -9.90961e-18 -0.0605361 -0.121072 -0.181608 -0.242145 -0.302681 -0.363214 -0.423738 -0.484313 -0.545008 -0.605382 -0.664659 -0.724403 -0.789373 -0.859767 -0.924032 -0.968343 -0.990451 -0.998135 -0.999823 -1 -1 
1 1 0.99985 0.998379 0.991511 0.971193 0.929183 0.866187 0.795183 0.728905 0.668449 0.608955 0.54833 0.487261 0.426302 0.365411 0.304514 0.24361 0.182708 0.121805 0.0609026 -1.01698e-17 -0.0609026 -0.121805 -0.182708 -0.24361 -0.304514 -0.365411 -0.426302 -0.487261 -0.54833 -0.608955 -0.668449 -0.728905 -0.795183 -0.866187 -0.929183 -0.971193 -0.991511 -0.998379 -0.99985 -1 -1 
1 1 0.999872 0.998592 0.992461 0.973828 0.934123 0.872591 0.801162 0.733556 0.672287 0.612548 0.551687 0.490248 0.428898 0.367635 0.306368 0.245094 0.18382 0.122547 0.0612735 -1.04354e-17 -0.0612735 -0.122547 -0.18382 -0.245094 -0.306368 -0.367635 -0.428898 -0.490248 -0.551687 -0.612548 -0.672287 -0.733556 -0.801162 -0.872591 -0.934123 -0.973828 -0.992461 -0.998592 -0.999872 -1 -1 
1 1 0.999891 0.998777 0.993311 0.976259 0.938842 0.878952 0.8073 0.738369 0.676184 0.616158 0.555077 0.493275 0.431527 0.369885 0.308245 0.246596 0.184947 0.123298 0.0616489 -1.0674e-17 -0.0616489 -0.123298 -0.184947 -0.246596 -0.308245 -0.369885 -0.431527 -0.493275 -0.555077 -0.616158 -0.676184 -0.738369 -0.8073 -0.878952 -0.938842 -0.976259 -0.993311 -0.998777 -0.999891 -1 -1 
1 1 0.999908 0.998939 0.994071 0.978496 0.943335 0.885243 0.813582 0.743354 0.680151 0.619787 0.558499 0.496342 0.434191 0.372163 0.310145 0.248116 0.186087 0.124058 0.062029 -1.08908e-17 -0.062029 -0.124058 -0.186087 -0.248116 -0.310145 -0.372163 -0.434191 -0.496342 -0.558499 -0.619787 -0.680151 -0.743354 -0.813582 -0.885243 -0.943335 -0.978496 -0.994071 -0.998939 -0.999908 -1 -1 
1 1 0.999921 0.999079 0.994749 0.98055 0.947598 0.891441 0.819991 0.748518 0.6842 0.623436 0.561949 0.49945 0.436889 0.374469 0.312069 0.249656 0.187241 0.124827 0.0624137 -1.10968e-17 -0.0624137 -0.124827 -0.187241 -0.249656 -0.312069 -0.374469 -0.436889 -0.49945 -0.561949 -0.623436 -0.6842 -0.748518 -0.819991 -0.891441 -0.947598 -0.98055 -0.994749 -0.999079 -0.999921 -1 -1 
1 1 0.999933 0.999202 0.995354 0.982431 0.951629 0.897521 0.826507 0.753869 0.688345 0.627108 0.565425 0.502599 0.439624 0.376804 0.314016 0.251214 0.18841 0.125607 0.0628033 -1.12811e-17 -0.0628033 -0.125607 -0.18841 -0.251214 -0.314016 -0.376804 -0.439624 -0.502599 -0.565425 -0.627108 -0.688345 -0.753869 -0.826507 -0.897521 -0.951629 -0.982431 -0.995354 -0.999202 -0.999933 -1 -1 
1 1 0.999943 0.999308 0.995893 0.98415 0.955428 0.903461 0.833108 0.759409 0.6926 0.630808 0.568926 0.505787 0.442396 0.379168 0.315987 0.252792 0.189593 0.126395 0.0631977 -1.15305e-17 -0.0631977 -0.126395 -0.189593 -0.252792 -0.315987 -0.379168 -0.442396 -0.505787 -0.568926 -0.630808 -0.6926 -0.759409 -0.833108 -0.903461 -0.955428 -0.98415 -0.995893 -0.999308 -0.999943 -1 -1 
1 1 0.999952 0.9994 0.996372 0.985719 0.959 0.909243 0.839772 0.765139 0.696977 0.63454 0.57245 0.509014 0.445206 0.381562 0.317982 0.25439 0.190791 0.127194 0.0635971 -1.1769e-17 -0.0635971 -0.127194 -0.190791 -0.25439 -0.317982 -0.381562 -0.445206 -0.509014 -0.57245 -0.63454 -0.696977 -0.765139 -0.839772 -0.909243 -0.959 -0.985719 -0.996372 -0.9994 -0.999952 -1 -1 
1 1 0.999959 0.999481 0.996797 0.987147 0.962346 0.91485 0.846473 0.771057 0.701492 0.638312 0.575994 0.51228 0.448056 0.383987 0.320003 0.256007 0.192005 0.128003 0.0640016 -1.20184e-17 -0.0640016 -0.128003 -0.192005 -0.256007 -0.320003 -0.383987 -0.448056 -0.51228 -0.575994 -0.638312 -0.701492 -0.771057 -0.846473 -0.91485 -0.962346 -0.987147 -0.996797 -0.999481 -0.999959 -1 -1 
1 1 0.999965 0.99955 0.997175 0.988446 0.965474 0.920267 0.853186 0.777157 0.706157 0.642131 0.579557 0.515582 0.450946 0.386444 0.322049 0.257646 0.193234 0.128822 0.0644112 -1.22677e-17 -0.0644112 -0.128822 -0.193234 -0.257646 -0.322049 -0.386444 -0.450946 -0.515582 -0.579557 -0.642131 -0.706157 -0.777157 -0.853186 -0.920267 -0.965474 -0.988446 -0.997175 -0.99955 -0.999965 -1 -1 
1 1 0.99997 0.999611 0.997509 0.989625 0.96839 0.925481 0.859885 0.783432 0.710985 0.646008 0.583139 0.518918 0.453876 0.388934 0.324121 0.259305 0.194479 0.129652 0.0648261 -1.25063e-17 -0.0648261 -0.129652 -0.194479 -0.259305 -0.324121 -0.388934 -0.453876 -0.518918 -0.583139 -0.646008 -0.710985 -0.783432 -0.859885 -0.925481 -0.96839 -0.989625 -0.997509 -0.999611 -0.99997 -1 -1 
1 1 0.999975 0.999663 0.997806 0.990693 0.971102 0.930485 0.866544 0.789869 0.715986 0.649953 0.586741 0.522288 0.456848 0.391457 0.326219 0.260986 0.195739 0.130493 0.0652463 -1.27556e-17 -0.0652463 -0.130493 -0.195739 -0.260986 -0.326219 -0.391457 -0.456848 -0.522288 -0.586741 -0.649953 -0.715986 -0.789869 -0.866544 -0.930485 -0.971102 -0.990693 -0.997806 -0.999663 -0.999975 -1 -1 
1 1 0.999979 0.999709 0.998069 0.991659 0.973619 0.935269 0.87314 0.796455 0.721171 0.653977 0.590362 0.525689 0.459862 0.394016 0.328345 0.262689 0.197017 0.131344 0.065672 -1.3005e-17 -0.065672 -0.131344 -0.197017 -0.262689 -0.328345 -0.394016 -0.459862 -0.525689 -0.590362 -0.653977 -0.721171 -0.796455 -0.87314 -0.935269 -0.973619 -0.991659 -0.998069 -0.999709 -0.999979 -1 -1 
1 1 0.999982 0.999748 0.998301 0.992532 0.975948 0.93983 0.879647 0.803172 0.726547 0.658094 0.594007 0.529118 0.462918 0.396611 0.330498 0.264413 0.198311 0.132207 0.0661033 -1.32652e-17 -0.0661033 -0.132207 -0.198311 -0.264413 -0.330498 -0.396611 -0.462918 -0.529118 -0.594007 -0.658094 -0.726547 -0.803172 -0.879647 -0.93983 -0.975948 -0.992532 -0.998301 -0.999748 -0.999982 -1 -1 
1 1 0.999985 0.999782 0.998506 0.99332 0.9781 0.944165 0.886043 0.810003 0.73212 0.662317 0.597677 0.532574 0.466015 0.399243 0.332679 0.26616 0.199622 0.133081 0.0665402 -1.35037e-17 -0.0665402 -0.133081 -0.199622 -0.26616 -0.332679 -0.399243 -0.466015 -0.532574 -0.597677 -0.662317 -0.73212 -0.810003 -0.886043 -0.944165 -0.9781 -0.99332 -0.998506 -0.999782 -0.999985 -1 -1 
1 1 0.999987 0.999812 0.998687 0.99403 0.980085 0.948273 0.892306 0.816926 0.737893 0.666659 0.601378 0.536054 0.469153 0.401913 0.33489 0.26793 0.20095 0.133966 0.066983 -1.37531e-17 -0.066983 -0.133966 -0.20095 -0.26793 -0.33489 -0.401913 -0.469153 -0.536054 -0.601378 -0.666659 -0.737893 -0.816926 -0.892306 -0.948273 -0.980085 -0.99403 -0.998687 -0.999812 -0.999987 -1 -1 
1 1 0.999989 0.999837 0.998847 0.994669 0.981911 0.952155 0.898419 0.823918 0.743867 0.671135 0.605116 0.539557 0.472331 0.404623 0.33713 0.269723 0.202297 0.134864 0.0674317 -1.40133e-17 -0.0674317 -0.134864 -0.202297 -0.269723 -0.33713 -0.404623 -0.472331 -0.539557 -0.605116 -0.671135 -0.743867 -0.823918 -0.898419 -0.952155 -0.981911 -0.994669 -0.998847 -0.999837 -0.999989 -1 -1 
1 1 0.999991 0.99986 0.998988 0.995244 0.983589 0.955814 0.904363 0.830956 0.75004 0.675758 0.608897 0.543081 0.475549 0.407373 0.339402 0.27154 0.203661 0.135773 0.0678864 -1.42627e-17 -0.0678864 -0.135773 -0.203661 -0.27154 -0.339402 -0.407373 -0.475549 -0.543081 -0.608897 -0.675758 -0.75004 -0.830956 -0.904363 -0.955814 -0.983589 -0.995244 -0.998988 -0.99986 -0.999991 -1 -1 
1 1 0.999992 0.999879 0.999112 0.995759 0.985127 0.959253 0.910124 0.838015 0.756406 0.680542 0.612731 0.546626 0.478804 0.410165 0.341705 0.273381 0.205043 0.136695 0.0683472 -1.45229e-17 -0.0683472 -0.136695 -0.205043 -0.273381 -0.341705 -0.410165 -0.478804 -0.546626 -0.612731 -0.680542 -0.756406 -0.838015 -0.910124 -0.959253 -0.985127 -0.995759 -0.999112 -0.999879 -0.999992 -1 -1 
1 1 0.999993 0.999895 0.999221 0.996222 0.986536 0.962479 0.915689 0.845068 0.762959 0.685499 0.616626 0.55019 0.482096 0.412998 0.344041 0.275247 0.206445 0.137629 0.0688143 -1.47831e-17 -0.0688143 -0.137629 -0.206445 -0.275247 -0.344041 -0.412998 -0.482096 -0.55019 -0.616626 -0.685499 -0.762959 -0.845068 -0.915689 -0.962479 -0.986536 -0.996222 -0.999221 -0.999895 -0.999993 -1 -1 
1 1 0.999994 0.99991 0.999317 0.996637 0.987823 0.965497 0.921048 0.852093 0.769687 0.690641 0.620594 0.553774 0.485421 0.415875 0.346411 0.277138 0.207865 0.138576 0.0692879 -1.51626e-17 -0.0692879 -0.138576 -0.207865 -0.277138 -0.346411 -0.415875 -0.485421 -0.553774 -0.620594 -0.690641 -0.769687 -0.852093 -0.921048 -0.965497 -0.987823 -0.996637 -0.999317 -0.99991 -0.999994 -1 -1 
1 1 0.999995 0.999922 0.999402 0.997008 0.988999 0.968315 0.926191 0.859062 0.776577 0.695977 0.624647 0.55738 0.488779 0.418794 0.348815 0.279054 0.209305 0.139537 0.069768 -1.5542e-17 -0.069768 -0.139537 -0.209305 -0.279054 -0.348815 -0.418794 -0.488779 -0.55738 -0.624647 -0.695977 -0.776577 -0.859062 -0.926191 -0.968315 -0.988999 -0.997008 -0.999402 -0.999922 -0.999995 -1 -1 
1 1 0.999996 0.999933 0.999476 0.997341 0.99007 0.97094 0.931114 0.865953 0.783614 0.701518 0.628798 0.561009 0.492167 0.421756 0.351256 0.280998 0.210765 0.14051 0.0702547 -1.59215e-17 -0.0702547 -0.14051 -0.210765 -0.280998 -0.351256 -0.421756 -0.492167 -0.561009 -0.628798 -0.701518 -0.783614 -0.865953 -0.931114 -0.97094 -0.99007 -0.997341 -0.999476 -0.999933 -0.999996 -1 -1 
1 1 0.999996 0.999942 0.999541 0.997637 0.991046 0.973381 0.935812 0.872742 0.790778 0.707268 0.63306 0.564666 0.495583 0.424762 0.353734 0.282968 0.212245 0.141498 0.0707483 -1.63227e-17 -0.0707483 -0.141498 -0.212245 -0.282968 -0.353734 -0.424762 -0.495583 -0.564666 -0.63306 -0.707268 -0.790778 -0.872742 -0.935812 -0.973381 -0.991046 -0.997637 -0.999541 -0.999942 -0.999996 -1 -1 
1 1 0.999997 0.99995 0.999599 0.997903 0.991932 0.975645 0.940282 0.879407 0.79805 0.713232 0.637447 0.568354 0.499025 0.42781 0.356251 0.284966 0.213745 0.142499 0.0712489 -1.6713e-17 -0.0712489 -0.142499 -0.213745 -0.284966 -0.356251 -0.42781 -0.499025 -0.568354 -0.637447 -0.713232 -0.79805 -0.879407 -0.940282 -0.975645 -0.991932 -0.997903 -0.999599 -0.99995 -0.999997 -1 -1 
1 1 0.999997 0.999957 0.999649 0.998139 0.992737 0.977743 0.944526 0.885929 0.805407 0.719413 0.641974 0.57208 0.502491 0.4309 0.358807 0.286993 0.215267 0.143514 0.0717565 -1.71792e-17 -0.0717565 -0.143514 -0.215267 -0.286993 -0.358807 -0.4309 -0.502491 -0.57208 -0.641974 -0.719413 -0.805407 -0.885929 -0.944526 -0.977743 -0.992737 -0.998139 -0.999649 -0.999957 -0.999997 -1 -1 
1 1 0.999998 0.999963 0.999693 0.99835 0.993467 0.979683 0.948543 0.89229 0.812825 0.725808 0.646655 0.57585 0.505979 0.434032 0.361404 0.28905 0.21681 0.144544 0.0722715 -1.77213e-17 -0.0722715 -0.144544 -0.21681 -0.28905 -0.361404 -0.434032 -0.505979 -0.57585 -0.646655 -0.725808 -0.812825 -0.89229 -0.948543 -0.979683 -0.993467 -0.99835 -0.999693 -0.999963 -0.999998 -1 -1 
1 1 0.999998 0.999968 0.999732 0.998538 0.994129 0.981473 0.952337 0.898473 0.82028 0.732415 0.651505 0.579673 0.50949 0.437203 0.364042 0.291137 0.218375 0.145589 0.0727938 -1.82742e-17 -0.0727938 -0.145589 -0.218375 -0.291137 -0.364042 -0.437203 -0.50949 -0.579673 -0.651505 -0.732415 -0.82028 -0.898473 -0.952337 -0.981473 -0.994129 -0.998538 -0.999732 -0.999968 -0.999998 -1 -1 
1 1 0.999998 0.999972 0.999766 0.998705 0.994727 0.983124 0.955912 0.904464 0.827747 0.739227 0.656536 0.583559 0.51302 0.440414 0.366723 0.293255 0.219962 0.146649 0.0733238 -1.88272e-17 -0.0733238 -0.146649 -0.219962 -0.293255 -0.366723 -0.440414 -0.51302 -0.583559 -0.656536 -0.739227 -0.827747 -0.904464 -0.955912 -0.983124 -0.994727 -0.998705 -0.999766 -0.999972 -0.999998 -1 -1 
1 1 0.999999 0.999976 0.999795 0.998853 0.995268 0.984642 0.959273 0.910252 0.8352 0.746235 0.661762 0.587517 0.516572 0.443661 0.369447 0.295406 0.221572 0.147724 0.0738615 -1.94018e-17 -0.0738615 -0.147724 -0.221572 -0.295406 -0.369447 -0.443661 -0.516572 -0.587517 -0.661762 -0.746235 -0.8352 -0.910252 -0.959273 -0.984642 -0.995268 -0.998853 -0.999795 -0.999976 -0.999999 -1 -1 
1 1 0.999999 0.99998 0.999821 0.998986 0.995757 0.986038 0.962426 0.915827 0.842612 0.753426 0.667194 0.591561 0.520146 0.446943 0.372215 0.29759 0.223205 0.148815 0.0744072 -1.99656e-17 -0.0744072 -0.148815 -0.223205 -0.29759 -0.372215 -0.446943 -0.520146 -0.591561 -0.667194 -0.753426 -0.842612 -0.915827 -0.962426 -0.986038 -0.995757 -0.998986 -0.999821 -0.99998 -0.999999 -1 -1 
1 1 0.999999 0.999982 0.999844 0.999103 0.996198 0.987318 0.965377 0.92118 0.84996 0.760786 0.672843 0.595703 0.523744 0.450258 0.375028 0.299809 0.224862 0.149923 0.0749609 -2.05402e-17 -0.0749609 -0.149923 -0.224862 -0.299809 -0.375028 -0.450258 -0.523744 -0.595703 -0.672843 -0.760786 -0.84996 -0.92118 -0.965377 -0.987318 -0.996198 -0.999103 -0.999844 -0.999982 -0.999999 -1 -1 
1 1 0.999999 0.999985 0.999864 0.999207 0.996595 0.988492 0.968135 0.926308 0.85722 0.768297 0.678716 0.599957 0.527368 0.453604 0.377885 0.302064 0.226544 0.151046 0.075523 -2.11148e-17 -0.075523 -0.151046 -0.226544 -0.302064 -0.377885 -0.453604 -0.527368 -0.599957 -0.678716 -0.768297 -0.85722 -0.926308 -0.968135 -0.988492 -0.996595 -0.999207 -0.999864 -0.999985 -0.999999 -1 -1 
1 1 0.999999 0.999987 0.999881 0.9993 0.996953 0.989566 0.970707 0.931205 0.864367 0.77594 0.68482 0.604338 0.531023 0.456979 0.380787 0.304356 0.228251 0.152186 0.0760935 -2.17762e-17 -0.0760935 -0.152186 -0.228251 -0.304356 -0.380787 -0.456979 -0.531023 -0.604338 -0.68482 -0.77594 -0.864367 -0.931205 -0.970707 -0.989566 -0.996953 -0.9993 -0.999881 -0.999987 -0.999999 -1 -1 
1 1 0.999999 0.999989 0.999897 0.999382 0.997275 0.990547 0.973102 0.93587 0.87138 0.783693 0.691158 0.60886 0.534713 0.46038 0.383734 0.306687 0.229984 0.153343 0.0766727 -2.24376e-17 -0.0766727 -0.153343 -0.229984 -0.306687 -0.383734 -0.46038 -0.534713 -0.60886 -0.691158 -0.783693 -0.87138 -0.93587 -0.973102 -0.990547 -0.997275 -0.999382 -0.999897 -0.999989 -0.999999 -1 -1 
1 1 0.999999 0.99999 0.99991 0.999454 0.997565 0.991444 0.975327 0.940304 0.878241 0.791531 0.697733 0.61354 0.538446 0.463807 0.386724 0.309057 0.231743 0.154518 0.0772607 -2.31098e-17 -0.0772607 -0.154518 -0.231743 -0.309057 -0.386724 -0.463807 -0.538446 -0.61354 -0.697733 -0.791531 -0.878241 -0.940304 -0.975327 -0.991444 -0.997565 -0.999454 -0.99991 -0.99999 -0.999999 -1 -1 
1 1 1 0.999992 0.999922 0.999518 0.997825 0.992261 0.977392 0.944507 0.88493 0.799431 0.704542 0.618392 0.542228 0.467257 0.389757 0.311467 0.23353 0.15571 0.0778578 -2.37928e-17 -0.0778578 -0.15571 -0.23353 -0.311467 -0.389757 -0.467257 -0.542228 -0.618392 -0.704542 -0.799431 -0.88493 -0.944507 -0.977392 -0.992261 -0.997825 -0.999518 -0.999922 -0.999992 -1 -1 -1 
1 1 1 0.999993 0.999932 0.999575 0.998058 0.993006 0.979304 0.948483 0.891432 0.807366 0.711582 0.623431 0.546069 0.47073 0.392832 0.313919 0.235345 0.156921 0.0784641 -2.4465e-17 -0.0784641 -0.156921 -0.235345 -0.313919 -0.392832 -0.47073 -0.546069 -0.623431 -0.711582 -0.807366 -0.891432 -0.948483 -0.979304 -0.993006 -0.998058 -0.999575 -0.999932 -0.999993 -1 -1 -1 
1 1 1 0.999994 0.99994 0.999626 0.998268 0.993684 0.981073 0.952235 0.897732 0.81531 0.718844 0.628673 0.54998 0.474226 0.395947 0.316415 0.23719 0.15815 0.0790799 -2.51481e-17 -0.0790799 -0.15815 -0.23719 -0.316415 -0.395947 -0.474226 -0.54998 -0.628673 -0.718844 -0.81531 -0.897732 -0.952235 -0.981073 -0.993684 -0.998268 -0.999626 -0.99994 -0.999994 -1 -1 -1 
1 1 1 0.999995 0.999948 0.99967 0.998455 0.9943 0.982708 0.955768 0.90382 0.823235 0.72632 0.63413 0.553971 0.477743 0.399102 0.318953 0.239065 0.159398 0.0797054 -2.5842e-17 -0.0797054 -0.159398 -0.239065 -0.318953 -0.399102 -0.477743 -0.553971 -0.63413 -0.72632 -0.823235 -0.90382 -0.955768 -0.982708 -0.9943 -0.998455 -0.99967 -0.999948 -0.999995 -1 -1 -1 
1 1 1 0.999995 0.999955 0.99971 0.998624 0.99486 0.984215 0.95909 0.909686 0.831116 0.733995 0.639815 0.558056 0.481283 0.402293 0.321537 0.240971 0.160666 0.0803407 -2.66117e-17 -0.0803407 -0.160666 -0.240971 -0.321537 -0.402293 -0.481283 -0.558056 -0.639815 -0.733995 -0.831116 -0.909686 -0.95909 -0.984215 -0.99486 -0.998624 -0.99971 -0.999955 -0.999995 -1 -1 -1 
1 1 1 0.999996 0.999961 0.999744 0.998774 0.995368 0.985604 0.962206 0.915322 0.838926 0.741853 0.64574 0.562249 0.484849 0.40552 0.324165 0.24291 0.161954 0.0809862 -2.73924e-17 -0.0809862 -0.161954 -0.24291 -0.324165 -0.40552 -0.484849 -0.562249 -0.64574 -0.741853 -0.838926 -0.915322 -0.962206 -0.985604 -0.995368 -0.998774 -0.999744 -0.999961 -0.999996 -1 -1 -1 
1 1 1 0.999997 0.999966 0.999775 0.998909 0.995828 0.986882 0.965123 0.920723 0.84664 0.749877 0.651913 0.566564 0.488443 0.40878 0.32684 0.244882 0.163262 0.081642 -2.81838e-17 -0.081642 -0.163262 -0.244882 -0.32684 -0.40878 -0.488443 -0.566564 -0.651913 -0.749877 -0.84664 -0.920723 -0.965123 -0.986882 -0.995828 -0.998909 -0.999775 -0.999966 -0.999997 -1 -1 -1 
1 1 1 0.999997 0.99997 0.999802 0.999029 0.996246 0.988056 0.967851 0.925885 0.854235 0.758045 0.658342 0.571017 0.492069 0.412071 0.32956 0.246889 0.164591 0.0823083 -2.89753e-17 -0.0823083 -0.164591 -0.246889 -0.32956 -0.412071 -0.492069 -0.571017 -0.658342 -0.758045 -0.854235 -0.925885 -0.967851 -0.988056 -0.996246 -0.999029 -0.999802 -0.99997 -0.999997 -1 -1 -1 
1 1 1 0.999998 0.999974 0.999826 0.999136 0.996623 0.989134 0.970395 0.930806 0.861687 0.766333 0.66503 0.575625 0.495732 0.415391 0.332326 0.248933 0.165941 0.0829855 -2.97885e-17 -0.0829855 -0.165941 -0.248933 -0.332326 -0.415391 -0.495732 -0.575625 -0.66503 -0.766333 -0.861687 -0.930806 -0.970395 -0.989134 -0.996623 -0.999136 -0.999826 -0.999974 -0.999998 -1 -1 -1 
1 1 1 0.999998 0.999978 0.999847 0.999232 0.996965 0.990122 0.972766 0.935488 0.868977 0.774717 0.671981 0.580404 0.499439 0.418739 0.335137 0.251013 0.167314 0.0836737 -3.06124e-17 -0.0836737 -0.167314 -0.251013 -0.335137 -0.418739 -0.499439 -0.580404 -0.671981 -0.774717 -0.868977 -0.935488 -0.972766 -0.990122 -0.996965 -0.999232 -0.999847 -0.999978 -0.999998 -1 -1 -1 
1 1 1 0.999998 0.999981 0.999866 0.999318 0.997273 0.991027 0.974972 0.939931 0.876086 0.783169 0.679192 0.585372 0.503197 0.422112 0.337994 0.253133 0.16871 0.0843732 -3.14148e-17 -0.0843732 -0.16871 -0.253133 -0.337994 -0.422112 -0.503197 -0.585372 -0.679192 -0.783169 -0.876086 -0.939931 -0.974972 -0.991027 -0.997273 -0.999318 -0.999866 -0.999981 -0.999998 -1 -1 -1 
1 1 1 0.999998 0.999983 0.999882 0.999394 0.997552 0.991855 0.977021 0.944138 0.882998 0.791663 0.68666 0.590544 0.507017 0.425509 0.340895 0.255292 0.17013 0.0850842 -3.22388e-17 -0.0850842 -0.17013 -0.255292 -0.340895 -0.425509 -0.507017 -0.590544 -0.68666 -0.791663 -0.882998 -0.944138 -0.977021 -0.991855 -0.997552 -0.999394 -0.999882 -0.999983 -0.999998 -1 -1 -1 
1 1 1 0.999999 0.999985 0.999896 0.999462 0.997803 0.992612 0.978921 0.948113 0.889697 0.800169 0.694377 0.595937 0.510909 0.428931 0.343839 0.257492 0.171574 0.0858071 -3.30627e-17 -0.0858071 -0.171574 -0.257492 -0.343839 -0.428931 -0.510909 -0.595937 -0.694377 -0.800169 -0.889697 -0.948113 -0.978921 -0.992612 -0.997803 -0.999462 -0.999896 -0.999985 -0.999999 -1 -1 -1 
1 1 1 0.999999 0.999987 0.999909 0.999523 0.99803 0.993303 0.980681 0.951862 0.896172 0.808659 0.702334 0.601567 0.514884 0.432375 0.346825 0.259734 0.173044 0.0865421 -3.38976e-17 -0.0865421 -0.173044 -0.259734 -0.346825 -0.432375 -0.514884 -0.601567 -0.702334 -0.808659 -0.896172 -0.951862 -0.980681 -0.993303 -0.99803 -0.999523 -0.999909 -0.999987 -0.999999 -1 -1 -1 
1 1 1 0.999999 0.999989 0.99992 0.999577 0.998234 0.993934 0.982309 0.955391 0.902414 0.817105 0.710517 0.607448 0.518956 0.435844 0.349851 0.262019 0.17454 0.0872895 -3.47433e-17 -0.0872895 -0.17454 -0.262019 -0.349851 -0.435844 -0.518956 -0.607448 -0.710517 -0.817105 -0.902414 -0.955391 -0.982309 -0.993934 -0.998234 -0.999577 -0.99992 -0.999989 -0.999999 -1 -1 -1 
1 1 1 0.999999 0.99999 0.99993 0.999625 0.998418 0.994509 0.983813 0.958707 0.908413 0.825479 0.718909 0.613593 0.523141 0.439338 0.352916 0.264349 0.176063 0.0880496 -3.55889e-17 -0.0880496 -0.176063 -0.264349 -0.352916 -0.439338 -0.523141 -0.613593 -0.718909 -0.825479 -0.908413 -0.958707 -0.983813 -0.994509 -0.998418 -0.999625 -0.99993 -0.99999 -0.999999 -1 -1 -1 
1 1 1 0.999999 0.999992 0.999939 0.999668 0.998584 0.995032 0.985202 0.961816 0.914166 0.833753 0.727489 0.620013 0.527453 0.442861 0.356018 0.266723 0.177614 0.0888227 -3.64455e-17 -0.0888227 -0.177614 -0.266723 -0.356018 -0.442861 -0.527453 -0.620013 -0.727489 -0.833753 -0.914166 -0.961816 -0.985202 -0.995032 -0.998584 -0.999668 -0.999939 -0.999992 -0.999999 -1 -1 -1 
1 1 1 0.999999 0.999993 0.999946 0.999706 0.998733 0.995509 0.986482 0.964728 0.919667 0.841902 0.736237 0.626718 0.53191 0.446415 0.359155 0.269143 0.179195 0.0896092 -3.73128e-17 -0.0896092 -0.179195 -0.269143 -0.359155 -0.446415 -0.53191 -0.626718 -0.736237 -0.841902 -0.919667 -0.964728 -0.986482 -0.995509 -0.998733 -0.999706 -0.999946 -0.999993 -0.999999 -1 -1 -1 
1 1 1 0.999999 0.999994 0.999953 0.999739 0.998867 0.995942 0.98766 0.967449 0.924916 0.849903 0.745127 0.633713 0.53653 0.450005 0.362325 0.271609 0.180806 0.0904096 -3.82669e-17 -0.0904096 -0.180806 -0.271609 -0.362325 -0.450005 -0.53653 -0.633713 -0.745127 -0.849903 -0.924916 -0.967449 -0.98766 -0.995942 -0.998867 -0.999739 -0.999953 -0.999994 -0.999999 -1 -1 -1 
1 1 1 1 0.999995 0.999959 0.999769 0.998987 0.996336 0.988744 0.969989 0.929912 0.857733 0.754132 0.641003 0.54133 0.453637 0.365525 0.274121 0.182448 0.0912241 -3.92427e-17 -0.0912241 -0.182448 -0.274121 -0.365525 -0.453637 -0.54133 -0.641003 -0.754132 -0.857733 -0.929912 -0.969989 -0.988744 -0.996336 -0.998987 -0.999769 -0.999959 -0.999995 -1 -1 -1 -1 
1 1 1 1 0.999995 0.999964 0.999796 0.999095 0.996693 0.98974 0.972357 0.934657 0.865371 0.763224 0.648588 0.54633 0.457319 0.368754 0.27668 0.184124 0.0920532 -4.02402e-17 -0.0920532 -0.184124 -0.27668 -0.368754 -0.457319 -0.54633 -0.648588 -0.763224 -0.865371 -0.934657 -0.972357 -0.98974 -0.996693 -0.999095 -0.999796 -0.999964 -0.999995 -1 -1 -1 -1 
1 1 1 1 0.999996 0.999968 0.99982 0.999191 0.997017 0.990655 0.97456 0.939155 0.872801 0.772371 0.656466 0.551549 0.461059 0.372011 0.279284 0.185834 0.0928974 -4.12159e-17 -0.0928974 -0.185834 -0.279284 -0.372011 -0.461059 -0.551549 -0.656466 -0.772371 -0.872801 -0.939155 -0.97456 -0.990655 -0.997017 -0.999191 -0.99982 -0.999968 -0.999996 -1 -1 -1 -1 
1 1 1 1 0.999996 0.999972 0.999841 0.999278 0.997311 0.991493 0.976608 0.943408 0.880006 0.781544 0.664631 0.557005 0.464869 0.375294 0.281934 0.187579 0.0937572 -4.22351e-17 -0.0937572 -0.187579 -0.281934 -0.375294 -0.464869 -0.557005 -0.664631 -0.781544 -0.880006 -0.943408 -0.976608 -0.991493 -0.997311 -0.999278 -0.999841 -0.999972 -0.999996 -1 -1 -1 -1 
1 1 1 1 0.999997 0.999976 0.999859 0.999356 0.997577 0.992262 0.978509 0.947424 0.886974 0.790711 0.673072 0.562718 0.468759 0.378602 0.284628 0.18936 0.0946331 -4.31675e-17 -0.0946331 -0.18936 -0.284628 -0.378602 -0.468759 -0.562718 -0.673072 -0.790711 -0.886974 -0.947424 -0.978509 -0.992262 -0.997577 -0.999356 -0.999859 -0.999976 -0.999997 -1 -1 -1 -1 
1 1 1 1 0.999997 0.999979 0.999876 0.999425 0.997819 0.992965 0.980271 0.951207 0.893693 0.799841 0.681778 0.568703 0.472744 0.381935 0.287367 0.19118 0.0955257 -4.40566e-17 -0.0955257 -0.19118 -0.287367 -0.381935 -0.472744 -0.568703 -0.681778 -0.799841 -0.893693 -0.951207 -0.980271 -0.992965 -0.997819 -0.999425 -0.999876 -0.999979 -0.999997 -1 -1 -1 -1 
1 1 1 1 0.999998 0.999981 0.99989 0.999488 0.998037 0.993609 0.981903 0.954765 0.900155 0.808903 0.690732 0.574978 0.476838 0.385293 0.290147 0.193038 0.0964356 -4.49456e-17 -0.0964356 -0.193038 -0.290147 -0.385293 -0.476838 -0.574978 -0.690732 -0.808903 -0.900155 -0.954765 -0.981903 -0.993609 -0.998037 -0.999488 -0.99989 -0.999981 -0.999998 -1 -1 -1 -1 
1 1 1 1 0.999998 0.999984 0.999903 0.999544 0.998234 0.994197 0.983413 0.958106 0.906355 0.817866 0.699912 0.581557 0.481059 0.388679 0.292969 0.194936 0.0973635 -4.57696e-17 -0.0973635 -0.194936 -0.292969 -0.388679 -0.481059 -0.581557 -0.699912 -0.817866 -0.906355 -0.958106 -0.983413 -0.994197 -0.998234 -0.999544 -0.999903 -0.999984 -0.999998 -1 -1 -1 -1 
1 1 1 1 0.999998 0.999986 0.999914 0.999593 0.998412 0.994734 0.984807 0.961239 0.912287 0.826704 0.709297 0.588453 0.485423 0.392094 0.29583 0.196876 0.0983102 -4.65936e-17 -0.0983102 -0.196876 -0.29583 -0.392094 -0.485423 -0.588453 -0.709297 -0.826704 -0.912287 -0.961239 -0.984807 -0.994734 -0.998412 -0.999593 -0.999914 -0.999986 -0.999998 -1 -1 -1 -1 
1 1 1 1 0.999999 0.999988 0.999924 0.999638 0.998573 0.995225 0.986095 0.96417 0.917949 0.835388 0.718859 0.595676 0.48995 0.395541 0.298728 0.198857 0.0992763 -4.7461e-17 -0.0992763 -0.198857 -0.298728 -0.395541 -0.48995 -0.595676 -0.718859 -0.835388 -0.917949 -0.96417 -0.986095 -0.995225 -0.998573 -0.999638 -0.999924 -0.999988 -0.999999 -1 -1 -1 -1 
1 1 1 1 0.999999 0.999989 0.999933 0.999678 0.998718 0.995672 0.987282 0.96691 0.923343 0.843895 0.728571 0.603233 0.49466 0.399027 0.301662 0.200881 0.100263 -4.82849e-17 -0.100263 -0.200881 -0.301662 -0.399027 -0.49466 -0.603233 -0.728571 -0.843895 -0.923343 -0.96691 -0.987282 -0.995672 -0.998718 -0.999678 -0.999933 -0.999989 -0.999999 -1 -1 -1 -1 
1 1 1 1 0.999999 0.999991 0.999941 0.999713 0.998849 0.996079 0.988375 0.969467 0.928468 0.852201 0.738399 0.611128 0.499574 0.402556 0.304629 0.202949 0.10127 -4.91523e-17 -0.10127 -0.202949 -0.304629 -0.402556 -0.499574 -0.611128 -0.738399 -0.852201 -0.928468 -0.969467 -0.988375 -0.996079 -0.998849 -0.999713 -0.999941 -0.999991 -0.999999 -1 -1 -1 -1 
1 1 1 1 0.999999 0.999992 0.999948 0.999745 0.998967 0.99645 0.989382 0.97185 0.933329 0.860286 0.748312 0.619363 0.504714 0.406136 0.307629 0.20506 0.1023 -5.01281e-17 -0.1023 -0.20506 -0.307629 -0.406136 -0.504714 -0.619363 -0.748312 -0.860286 -0.933329 -0.97185 -0.989382 -0.99645 -0.998967 -0.999745 -0.999948 -0.999992 -0.999999 -1 -1 -1 -1 
1 1 1 1 0.999999 0.999993 0.999954 0.999773 0.999074 0.996788 0.990307 0.974068 0.93793 0.868133 0.758276 0.627934 0.510101 0.409777 0.310658 0.207216 0.103353 -5.10605e-17 -0.103353 -0.207216 -0.310658 -0.409777 -0.510101 -0.627934 -0.758276 -0.868133 -0.93793 -0.974068 -0.990307 -0.996788 -0.999074 -0.999773 -0.999954 -0.999993 -0.999999 -1 -1 -1 -1 
1 1 1 1 0.999999 0.999994 0.99996 0.999799 0.99917 0.997095 0.991158 0.97613 0.942275 0.875726 0.768255 0.636833 0.515758 0.413489 0.313715 0.209416 0.10443 -5.19929e-17 -0.10443 -0.209416 -0.313715 -0.413489 -0.515758 -0.636833 -0.768255 -0.875726 -0.942275 -0.97613 -0.991158 -0.997095 -0.99917 -0.999799 -0.99996 -0.999994 -0.999999 -1 -1 -1 -1 
1 1 1 1 0.999999 0.999995 0.999965 0.999821 0.999256 0.997374 0.991938 0.978045 0.946373 0.883053 0.778214 0.646051 0.521705 0.417285 0.3168 0.211659 0.105531 -5.30338e-17 -0.105531 -0.211659 -0.3168 -0.417285 -0.521705 -0.646051 -0.778214 -0.883053 -0.946373 -0.978045 -0.991938 -0.997374 -0.999256 -0.999821 -0.999965 -0.999995 -0.999999 -1 -1 -1 -1 
1 1 1 1 0.999999 0.999995 0.999969 0.999841 0.999333 0.997627 0.992655 0.979822 0.95023 0.890104 0.788119 0.655572 0.527965 0.42118 0.319911 0.213946 0.106659 -5.40963e-17 -0.106659 -0.213946 -0.319911 -0.42118 -0.527965 -0.655572 -0.788119 -0.890104 -0.95023 -0.979822 -0.992655 -0.997627 -0.999333 -0.999841 -0.999969 -0.999995 -0.999999 -1 -1 -1 -1 
1 1 1 1 1 0.999996 0.999973 0.999859 0.999403 0.997857 0.993311 0.981467 0.953854 0.896873 0.797935 0.665376 0.534556 0.425189 0.323049 0.216276 0.107814 -5.51588e-17 -0.107814 -0.216276 -0.323049 -0.425189 -0.534556 -0.665376 -0.797935 -0.896873 -0.953854 -0.981467 -0.993311 -0.997857 -0.999403 -0.999859 -0.999973 -0.999996 -1 -1 -1 -1 -1 
1 1 1 1 1 0.999996 0.999976 0.999875 0.999466 0.998066 0.993912 0.982991 0.957254 0.903353 0.807629 0.67544 0.541497 0.42933 0.326214 0.218648 0.108997 -5.62213e-17 -0.108997 -0.218648 -0.326214 -0.42933 -0.541497 -0.67544 -0.807629 -0.903353 -0.957254 -0.982991 -0.993912 -0.998066 -0.999466 -0.999875 -0.999976 -0.999996 -1 -1 -1 -1 -1 
1 1 1 1 1 0.999997 0.999979 0.999889 0.999522 0.998255 0.994462 0.984399 0.960439 0.909542 0.817171 0.685737 0.548804 0.433623 0.329408 0.221061 0.110209 -5.72188e-17 -0.110209 -0.221061 -0.329408 -0.433623 -0.548804 -0.685737 -0.817171 -0.909542 -0.960439 -0.984399 -0.994462 -0.998255 -0.999522 -0.999889 -0.999979 -0.999997 -1 -1 -1 -1 -1 
1 1 1 1 1 0.999997 0.999981 0.999902 0.999573 0.998427 0.994965 0.985701 0.963418 0.915439 0.826531 0.696237 0.556489 0.438089 0.332633 0.223513 0.111452 -5.82379e-17 -0.111452 -0.223513 -0.332633 -0.438089 -0.556489 -0.696237 -0.826531 -0.915439 -0.963418 -0.985701 -0.994965 -0.998427 -0.999573 -0.999902 -0.999981 -0.999997 -1 -1 -1 -1 -1 
1 1 1 1 1 0.999998 0.999984 0.999913 0.999618 0.998582 0.995425 0.986902 0.966201 0.921047 0.835683 0.706906 0.564563 0.442751 0.335894 0.226003 0.112726 -5.92137e-17 -0.112726 -0.226003 -0.335894 -0.442751 -0.564563 -0.706906 -0.835683 -0.921047 -0.966201 -0.986902 -0.995425 -0.998582 -0.999618 -0.999913 -0.999984 -0.999998 -1 -1 -1 -1 -1 
1 1 1 1 1 0.999998 0.999986 0.999923 0.999659 0.998722 0.995845 0.988009 0.968798 0.926367 0.844603 0.717707 0.573033 0.447633 0.339195 0.22853 0.114031 -6.02979e-17 -0.114031 -0.22853 -0.339195 -0.447633 -0.573033 -0.717707 -0.844603 -0.926367 -0.968798 -0.988009 -0.995845 -0.998722 -0.999659 -0.999923 -0.999986 -0.999998 -1 -1 -1 -1 -1 
1 1 1 1 1 0.999998 0.999987 0.999932 0.999695 0.998849 0.996228 0.98903 0.971217 0.931405 0.853269 0.728602 0.5819 0.452759 0.342543 0.23109 0.11537 -6.14038e-17 -0.11537 -0.23109 -0.342543 -0.452759 -0.5819 -0.728602 -0.853269 -0.931405 -0.971217 -0.98903 -0.996228 -0.998849 -0.999695 -0.999932 -0.999987 -0.999998 -1 -1 -1 -1 -1 
1 1 1 1 1 0.999998 0.999989 0.999939 0.999728 0.998964 0.996578 0.989969 0.973469 0.936165 0.861665 0.739553 0.591165 0.458155 0.345947 0.233684 0.116742 -6.24663e-17 -0.116742 -0.233684 -0.345947 -0.458155 -0.591165 -0.739553 -0.861665 -0.936165 -0.973469 -0.989969 -0.996578 -0.998964 -0.999728 -0.999939 -0.999989 -0.999998 -1 -1 -1 -1 -1 
1 1 1 1 1 0.999999 0.99999 0.999946 0.999757 0.999068 0.996897 0.990833 0.975562 0.940656 0.869773 0.750518 0.60082 0.463849 0.349416 0.236308 0.118149 -6.35288e-17 -0.118149 -0.236308 -0.349416 -0.463849 -0.60082 -0.750518 -0.869773 -0.940656 -0.975562 -0.990833 -0.996897 -0.999068 -0.999757 -0.999946 -0.99999 -0.999999 -1 -1 -1 -1 -1 
1 1 1 1 1 0.999999 0.999991 0.999952 0.999783 0.999162 0.997187 0.991628 0.977505 0.944885 0.877583 0.761457 0.610854 0.469866 0.352962 0.238961 0.11959 -6.46998e-17 -0.11959 -0.238961 -0.352962 -0.469866 -0.610854 -0.761457 -0.877583 -0.944885 -0.977505 -0.991628 -0.997187 -0.999162 -0.999783 -0.999952 -0.999991 -0.999999 -1 -1 -1 -1 -1 
1 1 1 1 1 0.999999 0.999992 0.999958 0.999807 0.999247 0.997452 0.992357 0.979308 0.94886 0.885084 0.77233 0.621252 0.476232 0.3566 0.241643 0.121066 -6.58924e-17 -0.121066 -0.241643 -0.3566 -0.476232 -0.621252 -0.77233 -0.885084 -0.94886 -0.979308 -0.992357 -0.997452 -0.999247 -0.999807 -0.999958 -0.999992 -0.999999 -1 -1 -1 -1 -1 
1 1 1 1 1 0.999999 0.999993 0.999963 0.999828 0.999323 0.997693 0.993027 0.980979 0.952592 0.892271 0.783098 0.631991 0.482972 0.360346 0.244351 0.122577 -6.7085e-17 -0.122577 -0.244351 -0.360346 -0.482972 -0.631991 -0.783098 -0.892271 -0.952592 -0.980979 -0.993027 -0.997693 -0.999323 -0.999828 -0.999963 -0.999993 -0.999999 -1 -1 -1 -1 -1 
1 1 1 1 1 0.999999 0.999994 0.999967 0.999846 0.999392 0.997911 0.993642 0.982526 0.956089 0.899139 0.793723 0.643046 0.490111 0.364217 0.247086 0.124123 -6.84511e-17 -0.124123 -0.247086 -0.364217 -0.490111 -0.643046 -0.793723 -0.899139 -0.956089 -0.982526 -0.993642 -0.997911 -0.999392 -0.999846 -0.999967 -0.999994 -0.999999 -1 -1 -1 -1 -1 
1 1 1 1 1 0.999999 0.999995 0.999971 0.999863 0.999454 0.99811 0.994205 0.983957 0.959362 0.905686 0.804171 0.654387 0.497671 0.368234 0.249847 0.125704 -6.97521e-17 -0.125704 -0.249847 -0.368234 -0.497671 -0.654387 -0.804171 -0.905686 -0.959362 -0.983957 -0.994205 -0.99811 -0.999454 -0.999863 -0.999971 -0.999995 -0.999999 -1 -1 -1 -1 -1 
1 1 1 1 1 0.999999 0.999996 0.999974 0.999878 0.99951 0.998291 0.994721 0.985279 0.962421 0.911914 0.814408 0.665977 0.50567 0.372419 0.252635 0.127319 -7.11399e-17 -0.127319 -0.252635 -0.372419 -0.50567 -0.665977 -0.814408 -0.911914 -0.962421 -0.985279 -0.994721 -0.998291 -0.99951 -0.999878 -0.999974 -0.999996 -0.999999 -1 -1 -1 -1 -1 
1 1 1 1 1 0.999999 0.999996 0.999977 0.999891 0.99956 0.998455 0.995193 0.986501 0.965277 0.917825 0.824405 0.67778 0.514126 0.376797 0.255453 0.128967 -7.25277e-17 -0.128967 -0.255453 -0.376797 -0.514126 -0.67778 -0.824405 -0.917825 -0.965277 -0.986501 -0.995193 -0.998455 -0.99956 -0.999891 -0.999977 -0.999996 -0.999999 -1 -1 -1 -1 -1 
1 1 1 1 1 1 0.999997 0.99998 0.999903 0.999606 0.998604 0.995625 0.987628 0.967939 0.923424 0.834135 0.689751 0.523051 0.381393 0.258304 0.130648 -7.40022e-17 -0.130648 -0.258304 -0.381393 -0.523051 -0.689751 -0.834135 -0.923424 -0.967939 -0.987628 -0.995625 -0.998604 -0.999606 -0.999903 -0.99998 -0.999997 -1 -1 -1 -1 -1 -1 
1 1 1 1 1 1 0.999997 0.999982 0.999914 0.999646 0.998739 0.996021 0.988667 0.970418 0.928716 0.843575 0.701847 0.532453 0.386238 0.26119 0.132361 -7.54767e-17 -0.132361 -0.26119 -0.386238 -0.532453 -0.701847 -0.843575 -0.928716 -0.970418 -0.988667 -0.996021 -0.998739 -0.999646 -0.999914 -0.999982 -0.999997 -1 -1 -1 -1 -1 -1 
1 1 1 1 1 1 0.999997 0.999984 0.999924 0.999683 0.998862 0.996382 0.989624 0.972724 0.933709 0.852706 0.71402 0.542336 0.39136 0.26412 0.134103 -7.69946e-17 -0.134103 -0.26412 -0.39136 -0.542336 -0.71402 -0.852706 -0.933709 -0.972724 -0.989624 -0.996382 -0.998862 -0.999683 -0.999924 -0.999984 -0.999997 -1 -1 -1 -1 -1 -1 
1 1 1 1 1 1 0.999998 0.999986 0.999932 0.999716 0.998973 0.996712 0.990505 0.974867 0.938412 0.86151 0.726224 0.552697 0.39679 0.267098 0.135875 -7.85125e-17 -0.135875 -0.267098 -0.39679 -0.552697 -0.726224 -0.86151 -0.938412 -0.974867 -0.990505 -0.996712 -0.998973 -0.999716 -0.999932 -0.999986 -0.999998 -1 -1 -1 -1 -1 -1 
1 1 1 1 1 1 0.999998 0.999988 0.99994 0.999746 0.999074 0.997013 0.991316 0.976856 0.942834 0.869976 0.738409 0.563529 0.402562 0.270136 0.137673 -7.98569e-17 -0.137673 -0.270136 -0.402562 -0.563529 -0.738409 -0.869976 -0.942834 -0.976856 -0.991316 -0.997013 -0.999074 -0.999746 -0.99994 -0.999988 -0.999998 -1 -1 -1 -1 -1 -1 
1 1 1 1 1 1 0.999998 0.999989 0.999946 0.999772 0.999165 0.997288 0.992062 0.978701 0.946985 0.878093 0.750527 0.574817 0.408708 0.273243 0.139497 -8.09845e-17 -0.139497 -0.273243 -0.408708 -0.574817 -0.750527 -0.878093 -0.946985 -0.978701 -0.992062 -0.997288 -0.999165 -0.999772 -0.999946 -0.999989 -0.999998 -1 -1 -1 -1 -1 -1 
1 1 1 1 1 1 0.999998 0.999991 0.999952 0.999796 0.999247 0.997538 0.992747 0.98041 0.950877 0.885856 0.762534 0.586541 0.415262 0.276434 0.141345 -8.21988e-17 -0.141345 -0.276434 -0.415262 -0.586541 -0.762534 -0.885856 -0.950877 -0.98041 -0.992747 -0.997538 -0.999247 -0.999796 -0.999952 -0.999991 -0.999998 -1 -1 -1 -1 -1 -1 
1 1 1 1 1 1 0.999999 0.999992 0.999958 0.999818 0.999322 0.997767 0.993376 0.981992 0.954519 0.893261 0.774382 0.598675 0.422257 0.279724 0.143216 -8.34131e-17 -0.143216 -0.279724 -0.422257 -0.598675 -0.774382 -0.893261 -0.954519 -0.981992 -0.993376 -0.997767 -0.999322 -0.999818 -0.999958 -0.999992 -0.999999 -1 -1 -1 -1 -1 -1 
1 1 1 1 1 1 0.999999 0.999993 0.999962 0.999837 0.999389 0.997975 0.993954 0.983456 0.957923 0.900308 0.786032 0.611185 0.429725 0.283131 0.145108 -8.49743e-17 -0.145108 -0.283131 -0.429725 -0.611185 -0.786032 -0.900308 -0.957923 -0.983456 -0.993954 -0.997975 -0.999389 -0.999837 -0.999962 -0.999993 -0.999999 -1 -1 -1 -1 -1 -1 
1 1 1 1 1 1 0.999999 0.999994 0.999967 0.999854 0.99945 0.998164 0.994483 0.984809 0.961102 0.906999 0.797443 0.624033 0.437695 0.286675 0.14702 -8.63621e-17 -0.14702 -0.286675 -0.437695 -0.624033 -0.797443 -0.906999 -0.961102 -0.984809 -0.994483 -0.998164 -0.99945 -0.999854 -0.999967 -0.999994 -0.999999 -1 -1 -1 -1 -1 -1 
1 1 1 1 1 1 0.999999 0.999994 0.99997 0.99987 0.999505 0.998336 0.994969 0.986059 0.964065 0.913337 0.808581 0.637175 0.446196 0.29038 0.148951 -8.788e-17 -0.148951 -0.29038 -0.446196 -0.637175 -0.808581 -0.913337 -0.964065 -0.986059 -0.994969 -0.998336 -0.999505 -0.99987 -0.99997 -0.999994 -0.999999 -1 -1 -1 -1 -1 -1 
1 1 1 1 1 1 0.999999 0.999995 0.999974 0.999884 0.999555 0.998493 0.995413 0.987212 0.966826 0.919329 0.819414 0.650561 0.455253 0.294273 0.150902 -8.93545e-17 -0.150902 -0.294273 -0.455253 -0.650561 -0.819414 -0.919329 -0.966826 -0.987212 -0.995413 -0.998493 -0.999555 -0.999884 -0.999974 -0.999995 -0.999999 -1 -1 -1 -1 -1 -1 
1 1 1 1 1 1 0.999999 0.999996 0.999977 0.999896 0.9996 0.998636 0.995821 0.988276 0.969394 0.924983 0.829914 0.664139 0.464884 0.298381 0.152874 -9.09591e-17 -0.152874 -0.298381 -0.464884 -0.664139 -0.829914 -0.924983 -0.969394 -0.988276 -0.995821 -0.998636 -0.9996 -0.999896 -0.999977 -0.999996 -0.999999 -1 -1 -1 -1 -1 -1 
1 1 1 1 1 1 0.999999 0.999996 0.999979 0.999907 0.99964 0.998765 0.996193 0.989257 0.971781 0.930308 0.840058 0.677852 0.475106 0.302738 0.154867 -9.22602e-17 -0.154867 -0.302738 -0.475106 -0.677852 -0.840058 -0.930308 -0.971781 -0.989257 -0.996193 -0.998765 -0.99964 -0.999907 -0.999979 -0.999996 -0.999999 -1 -1 -1 -1 -1 -1 
1 1 1 1 1 1 0.999999 0.999997 0.999982 0.999917 0.999676 0.998883 0.996534 0.99016 0.973997 0.935315 0.849828 0.691642 0.485928 0.307377 0.156884 -9.33444e-17 -0.156884 -0.307377 -0.485928 -0.691642 -0.849828 -0.935315 -0.973997 -0.99016 -0.996534 -0.998883 -0.999676 -0.999917 -0.999982 -0.999997 -0.999999 -1 -1 -1 -1 -1 -1 
1 1 1 1 1 1 1 0.999997 0.999984 0.999926 0.999709 0.99899 0.996846 0.990991 0.976053 0.940014 0.85921 0.705451 0.497351 0.312336 0.158929 -9.4472e-17 -0.158929 -0.312336 -0.497351 -0.705451 -0.85921 -0.940014 -0.976053 -0.990991 -0.996846 -0.99899 -0.999709 -0.999926 -0.999984 -0.999997 -1 -1 -1 -1 -1 -1 -1 
1 1 1 1 1 1 1 0.999997 0.999986 0.999934 0.999739 0.999087 0.997131 0.991756 0.977959 0.944418 0.868191 0.719218 0.509372 0.317654 0.161007 -9.56429e-17 -0.161007 -0.317654 -0.509372 -0.719218 -0.868191 -0.944418 -0.977959 -0.991756 -0.997131 -0.999087 -0.999739 -0.999934 -0.999986 -0.999997 -1 -1 -1 -1 -1 -1 -1 
1 1 1 1 1 1 1 0.999998 0.999987 0.999941 0.999766 0.999175 0.997391 0.992459 0.979724 0.94854 0.876766 0.732885 0.521977 0.323373 0.163125 -9.65536e-17 -0.163125 -0.323373 -0.521977 -0.732885 -0.876766 -0.94854 -0.979724 -0.992459 -0.997391 -0.999175 -0.999766 -0.999941 -0.999987 -0.999998 -1 -1 -1 -1 -1 -1 -1 
1 1 1 1 1 1 1 0.999998 0.999989 0.999948 0.99979 0.999255 0.997628 0.993105 0.981357 0.952391 0.884932 0.746397 0.535145 0.329537 0.165291 -9.78547e-17 -0.165291 -0.329537 -0.535145 -0.746397 -0.884932 -0.952391 -0.981357 -0.993105 -0.997628 -0.999255 -0.99979 -0.999948 -0.999989 -0.999998 -1 -1 -1 -1 -1 -1 -1 
1 1 1 1 1 1 1 0.999998 0.99999 0.999953 0.999811 0.999327 0.997845 0.993699 0.982867 0.955986 0.892688 0.759699 0.548846 0.336191 0.167516 -9.91557e-17 -0.167516 -0.336191 -0.548846 -0.759699 -0.892688 -0.955986 -0.982867 -0.993699 -0.997845 -0.999327 -0.999811 -0.999953 -0.99999 -0.999998 -1 -1 -1 -1 -1 -1 -1 
1 1 1 1 1 1 1 0.999998 0.999991 0.999958 0.999831 0.999393 0.998043 0.994243 0.984263 0.959337 0.900038 0.772742 0.563041 0.34338 0.169812 -1.00197e-16 -0.169812 -0.34338 -0.563041 -0.772742 -0.900038 -0.959337 -0.984263 -0.994243 -0.998043 -0.999393 -0.999831 -0.999958 -0.999991 -0.999998 -1 -1 -1 -1 -1 -1 -1 
1 1 1 1 1 1 1 0.999999 0.999992 0.999963 0.999848 0.999452 0.998223 0.994743 0.985551 0.962457 0.906988 0.78548 0.577685 0.35115 0.172194 -1.01584e-16 -0.172194 -0.35115 -0.577685 -0.78548 -0.906988 -0.962457 -0.985551 -0.994743 -0.998223 -0.999452 -0.999848 -0.999963 -0.999992 -0.999999 -1 -1 -1 -1 -1 -1 -1 
1 1 1 1 1 1 1 0.999999 0.999993 0.999967 0.999864 0.999506 0.998387 0.995202 0.98674 0.965359 0.913545 0.797873 0.592723 0.359545 0.174682 -1.02929e-16 -0.174682 -0.359545 -0.592723 -0.797873 -0.913545 -0.965359 -0.98674 -0.995202 -0.998387 -0.999506 -0.999864 -0.999967 -0.999993 -0.999999 -1 -1 -1 -1 -1 -1 -1 
1 1 1 1 1 1 1 0.999999 0.999994 0.999971 0.999878 0.999554 0.998537 0.995622 0.987837 0.968056 0.91972 0.809885 0.608093 0.368605 0.177295 -1.04447e-16 -0.177295 -0.368605 -0.608093 -0.809885 -0.91972 -0.968056 -0.987837 -0.995622 -0.998537 -0.999554 -0.999878 -0.999971 -0.999994 -0.999999 -1 -1 -1 -1 -1 -1 -1 
1 1 1 1 1 1 1 0.999999 0.999995 0.999974 0.999891 0.999598 0.998673 0.996007 0.988848 0.970559 0.925523 0.821487 0.62373 0.378371 0.180058 -1.06225e-16 -0.180058 -0.378371 -0.62373 -0.821487 -0.925523 -0.970559 -0.988848 -0.996007 -0.998673 -0.999598 -0.999891 -0.999974 -0.999995 -0.999999 -1 -1 -1 -1 -1 -1 -1 
1 1 1 1 1 1 1 0.999999 0.999995 0.999977 0.999902 0.999638 0.998797 0.996359 0.989779 0.972881 0.930968 0.832654 0.63956 0.388876 0.183 -1.08306e-16 -0.183 -0.388876 -0.63956 -0.832654 -0.930968 -0.972881 -0.989779 -0.996359 -0.998797 -0.999638 -0.999902 -0.999977 -0.999995 -0.999999 -1 -1 -1 -1 -1 -1 -1 
1 1 1 1 1 1 1 0.999999 0.999996 0.999979 0.999913 0.999674 0.99891 0.996682 0.990636 0.975033 0.936068 0.843366 0.655511 0.400146 0.186152 -1.10735e-16 -0.186152 -0.400146 -0.655511 -0.843366 -0.936068 -0.975033 -0.990636 -0.996682 -0.99891 -0.999674 -0.999913 -0.999979 -0.999996 -0.999999 -1 -1 -1 -1 -1 -1 -1 
1 1 1 1 1 1 1 0.999999 0.999996 0.999982 0.999922 0.999706 0.999012 0.996977 0.991425 0.977025 0.940839 0.853611 0.671503 0.412203 0.18955 -1.13511e-16 -0.18955 -0.412203 -0.671503 -0.853611 -0.940839 -0.977025 -0.991425 -0.996977 -0.999012 -0.999706 -0.999922 -0.999982 -0.999996 -0.999999 -1 -1 -1 -1 -1 -1 -1 
1 1 1 1 1 1 1 0.999999 0.999997 0.999984 0.99993 0.999736 0.999106 0.997247 0.99215 0.978868 0.945294 0.863379 0.687462 0.425058 0.193236 -1.16546e-16 -0.193236 -0.425058 -0.687462 -0.863379 -0.945294 -0.978868 -0.99215 -0.997247 -0.999106 -0.999736 -0.99993 -0.999984 -0.999997 -0.999999 -1 -1 -1 -1 -1 -1 -1 
1 1 1 1 1 1 1 1 0.999997 0.999986 0.999937 0.999762 0.99919 0.997494 0.992817 0.980572 0.949449 0.872667 0.703311 0.43871 0.197255 -1.19929e-16 -0.197255 -0.43871 -0.703311 -0.872667 -0.949449 -0.980572 -0.992817 -0.997494 -0.99919 -0.999762 -0.999937 -0.999986 -0.999997 -1 -1 -1 -1 -1 -1 -1 -1 
1 1 1 1 1 1 1 1 0.999997 0.999987 0.999944 0.999786 0.999267 0.997719 0.99343 0.982147 0.953319 0.881473 0.718976 0.453151 0.201656 -1.23745e-16 -0.201656 -0.453151 -0.718976 -0.881473 -0.953319 -0.982147 -0.99343 -0.997719 -0.999267 -0.999786 -0.999944 -0.999987 -0.999997 -1 -1 -1 -1 -1 -1 -1 -1 
1 1 1 1 1 1 1 1 0.999998 0.999989 0.99995 0.999808 0.999337 0.997925 0.993992 0.983601 0.95692 0.889803 0.734389 0.468359 0.206496 -1.27822e-16 -0.206496 -0.468359 -0.734389 -0.889803 -0.95692 -0.983601 -0.993992 -0.997925 -0.999337 -0.999808 -0.99995 -0.999989 -0.999998 -1 -1 -1 -1 -1 -1 -1 -1 
1 1 1 1 1 1 1 1 0.999998 0.99999 0.999955 0.999827 0.999401 0.998113 0.994509 0.984943 0.960267 0.897662 0.749485 0.484297 0.211833 -1.32419e-16 -0.211833 -0.484297 -0.749485 -0.897662 -0.960267 -0.984943 -0.994509 -0.998113 -0.999401 -0.999827 -0.999955 -0.99999 -0.999998 -1 -1 -1 -1 -1 -1 -1 -1 
1 1 1 1 1 1 1 1 0.999998 0.999991 0.99996 0.999845 0.999458 0.998284 0.994983 0.986181 0.963374 0.905062 0.764206 0.500921 0.217732 -1.37233e-16 -0.217732 -0.500921 -0.764206 -0.905062 -0.963374 -0.986181 -0.994983 -0.998284 -0.999458 -0.999845 -0.99996 -0.999991 -0.999998 -1 -1 -1 -1 -1 -1 -1 -1 
1 1 1 1 1 1 1 1 0.999998 0.999992 0.999964 0.99986 0.99951 0.998441 0.995417 0.987322 0.966256 0.912014 0.7785 0.518169 0.224261 -1.43174e-16 -0.224261 -0.518169 -0.7785 -0.912014 -0.966256 -0.987322 -0.995417 -0.998441 -0.99951 -0.99986 -0.999964 -0.999992 -0.999998 -1 -1 -1 -1 -1 -1 -1 -1 
1 1 1 1 1 1 1 1 0.999999 0.999993 0.999968 0.999875 0.999558 0.998584 0.995816 0.988373 0.968927 0.918532 0.792323 0.53597 0.231489 -1.49593e-16 -0.231489 -0.53597 -0.792323 -0.918532 -0.968927 -0.988373 -0.995816 -0.998584 -0.999558 -0.999875 -0.999968 -0.999993 -0.999999 -1 -1 -1 -1 -1 -1 -1 -1 
1 1 1 1 1 1 1 1 0.999999 0.999994 0.999972 0.999887 0.9996 0.998714 0.996181 0.989341 0.971401 0.924634 0.805637 0.554244 0.23949 -1.56618e-16 -0.23949 -0.554244 -0.805637 -0.924634 -0.971401 -0.989341 -0.996181 -0.998714 -0.9996 -0.999887 -0.999972 -0.999994 -0.999999 -1 -1 -1 -1 -1 -1 -1 -1 
1 1 1 1 1 1 1 1 0.999999 0.999994 0.999975 0.999899 0.999639 0.998832 0.996515 0.990231 0.973689 0.930335 0.818414 0.572897 0.248335 -1.64208e-16 -0.248335 -0.572897 -0.818414 -0.930335 -0.973689 -0.990231 -0.996515 -0.998832 -0.999639 -0.999899 -0.999975 -0.999994 -0.999999 -1 -1 -1 -1 -1 -1 -1 -1 
1 1 1 1 1 1 1 1 0.999999 0.999995 0.999977 0.999909 0.999674 0.99894 0.996822 0.991051 0.975805 0.935653 0.83063 0.591833 0.258096 -1.73012e-16 -0.258096 -0.591833 -0.83063 -0.935653 -0.975805 -0.991051 -0.996822 -0.99894 -0.999674 -0.999909 -0.999977 -0.999995 -0.999999 -1 -1 -1 -1 -1 -1 -1 -1 
1 1 1 1 1 1 1 1 0.999999 0.999996 0.99998 0.999919 0.999706 0.999038 0.997102 0.991804 0.977759 0.940608 0.842271 0.610946 0.26884 -1.82639e-16 -0.26884 -0.610946 -0.842271 -0.940608 -0.977759 -0.991804 -0.997102 -0.999038 -0.999706 -0.999919 -0.99998 -0.999996 -0.999999 -1 -1 -1 -1 -1 -1 -1 -1 
1 1 1 1 1 1 1 1 0.999999 0.999996 0.999982 0.999927 0.999735 0.999128 0.997358 0.992497 0.979564 0.945217 0.853327 0.630132 0.280627 -1.94435e-16 -0.280627 -0.630132 -0.853327 -0.945217 -0.979564 -0.992497 -0.997358 -0.999128 -0.999735 -0.999927 -0.999982 -0.999996 -0.999999 -1 -1 -1 -1 -1 -1 -1 -1 
1 1 1 1 1 1 1 1 0.999999 0.999997 0.999984 0.999935 0.999761 0.999209 0.997593 0.993133 0.98123 0.9495 0.863797 0.649281 0.29351 -2.0866e-16 -0.29351 -0.649281 -0.863797 -0.9495 -0.98123 -0.993133 -0.997593 -0.999209 -0.999761 -0.999935 -0.999984 -0.999997 -0.999999 -1 -1 -1 -1 -1 -1 -1 -1 
1 1 1 1 1 1 1 1 0.999999 0.999997 0.999986 0.999941 0.999785 0.999283 0.997807 0.993718 0.982766 0.953475 0.873683 0.668289 0.307531 -2.25574e-16 -0.307531 -0.668289 -0.873683 -0.953475 -0.982766 -0.993718 -0.997807 -0.999283 -0.999785 -0.999941 -0.999986 -0.999997 -0.999999 -1 -1 -1 -1 -1 -1 -1 -1 
1 1 1 1 1 1 1 1 1 0.999997 0.999987 0.999947 0.999806 0.999351 0.998003 0.994254 0.984182 0.957159 0.882993 0.687055 0.322718 -2.45003e-16 -0.322718 -0.687055 -0.882993 -0.957159 -0.984182 -0.994254 -0.998003 -0.999351 -0.999806 -0.999947 -0.999987 -0.999997 -1 -1 -1 -1 -1 -1 -1 -1 -1 
1 1 1 1 1 1 1 1 1 0.999998 0.999989 0.999953 0.999825 0.999412 0.998182 0.994747 0.985487 0.960572 0.891739 0.705482 0.339081 -2.6634e-16 -0.339081 -0.705482 -0.891739 -0.960572 -0.985487 -0.994747 -0.998182 -0.999412 -0.999825 -0.999953 -0.999989 -0.999998 -1 -1 -1 -1 -1 -1 -1 -1 -1 
1 1 1 1 1 1 1 1 1 0.999998 0.99999 0.999958 0.999842 0.999467 0.998346 0.995199 0.986688 0.96373 0.899935 0.723483 0.356615 -2.90105e-16 -0.356615 -0.723483 -0.899935 -0.96373 -0.986688 -0.995199 -0.998346 -0.999467 -0.999842 -0.999958 -0.99999 -0.999998 -1 -1 -1 -1 -1 -1 -1 -1 -1 
1 1 1 1 1 1 1 1 1 0.999998 0.999991 0.999962 0.999858 0.999518 0.998495 0.995613 0.987794 0.96665 0.907599 0.74098 0.375293 -3.17688e-16 -0.375293 -0.74098 -0.907599 -0.96665 -0.987794 -0.995613 -0.998495 -0.999518 -0.999858 -0.999962 -0.999991 -0.999998 -1 -1 -1 -1 -1 -1 -1 -1 -1 
1 1 1 1 1 1 1 1 1 0.999998 0.999992 0.999966 0.999872 0.999564 0.998631 0.995992 0.988811 0.969347 0.914753 0.757904 0.395068 -3.46484e-16 -0.395068 -0.757904 -0.914753 -0.969347 -0.988811 -0.995992 -0.998631 -0.999564 -0.999872 -0.999966 -0.999992 -0.999998 -1 -1 -1 -1 -1 -1 -1 -1 -1 
1 1 1 1 1 1 1 1 1 0.999999 0.999993 0.99997 0.999885 0.999605 0.998756 0.99634 0.989747 0.971837 0.921417 0.774198 0.41587 -3.78403e-16 -0.41587 -0.774198 -0.921417 -0.971837 -0.989747 -0.99634 -0.998756 -0.999605 -0.999885 -0.99997 -0.999993 -0.999999 -1 -1 -1 -1 -1 -1 -1 -1 -1 
1 1 1 1 1 1 1 1 1 0.999999 0.999994 0.999973 0.999897 0.999643 0.998869 0.996659 0.990607 0.974134 0.927615 0.789816 0.43761 -4.13791e-16 -0.43761 -0.789816 -0.927615 -0.974134 -0.990607 -0.996659 -0.998869 -0.999643 -0.999897 -0.999973 -0.999994 -0.999999 -1 -1 -1 -1 -1 -1 -1 -1 -1 
1 1 1 1 1 1 1 1 1 0.999999 0.999994 0.999976 0.999907 0.999677 0.998972 0.996951 0.991398 0.976252 0.93337 0.804723 0.460177 -4.53343e-16 -0.460177 -0.804723 -0.93337 -0.976252 -0.991398 -0.996951 -0.998972 -0.999677 -0.999907 -0.999976 -0.999994 -0.999999 -1 -1 -1 -1 -1 -1 -1 -1 -1 
1 1 1 1 1 1 1 1 1 0.999999 0.999995 0.999978 0.999916 0.999708 0.999066 0.997218 0.992124 0.978204 0.938706 0.818894 0.483442 -4.94976e-16 -0.483442 -0.818894 -0.938706 -0.978204 -0.992124 -0.997218 -0.999066 -0.999708 -0.999916 -0.999978 -0.999995 -0.999999 -1 -1 -1 -1 -1 -1 -1 -1 -1 
1 1 1 1 1 1 1 1 1 0.999999 0.999996 0.999981 0.999925 0.999736 0.999152 0.997463 0.992791 0.980001 0.943648 0.832315 0.507261 -5.35222e-16 -0.507261 -0.832315 -0.943648 -0.980001 -0.992791 -0.997463 -0.999152 -0.999736 -0.999925 -0.999981 -0.999996 -0.999999 -1 -1 -1 -1 -1 -1 -1 -1 -1 
1 1 1 1 1 1 1 1 1 0.999999 0.999996 0.999983 0.999933 0.999762 0.99923 0.997686 0.993403 0.981656 0.948218 0.844981 0.531478 -5.76855e-16 -0.531478 -0.844981 -0.948218 -0.981656 -0.993403 -0.997686 -0.99923 -0.999762 -0.999933 -0.999983 -0.999996 -0.999999 -1 -1 -1 -1 -1 -1 -1 -1 -1 
1 1 1 1 1 1 1 1 1 0.999999 0.999997 0.999985 0.999939 0.999785 0.999301 0.997891 0.993965 0.983178 0.952441 0.856894 0.555928 -6.17101e-16 -0.555928 -0.856894 -0.952441 -0.983178 -0.993965 -0.997891 -0.999301 -0.999785 -0.999939 -0.999985 -0.999997 -0.999999 -1 -1 -1 -1 -1 -1 -1 -1 -1 
1 1 1 1 1 1 1 1 1 0.999999 0.999997 0.999986 0.999946 0.999806 0.999366 0.998078 0.994481 0.984578 0.956339 0.868066 0.580443 -6.58734e-16 -0.580443 -0.868066 -0.956339 -0.984578 -0.994481 -0.998078 -0.999366 -0.999806 -0.999946 -0.999986 -0.999997 -0.999999 -1 -1 -1 -1 -1 -1 -1 -1 -1 
1 1 1 1 1 1 1 1 1 0.999999 0.999997 0.999988 0.999951 0.999825 0.999425 0.998249 0.994954 0.985866 0.959934 0.878512 0.604853 -7.04531e-16 -0.604853 -0.878512 -0.959934 -0.985866 -0.994954 -0.998249 -0.999425 -0.999825 -0.999951 -0.999988 -0.999997 -0.999999 -1 -1 -1 -1 -1 -1 -1 -1 -1 
1 1 1 1 1 1 1 1 1 1 0.999998 0.999989 0.999956 0.999842 0.999479 0.998405 0.995387 0.987049 0.963246 0.888253 0.628997 -7.53103e-16 -0.628997 -0.888253 -0.963246 -0.987049 -0.995387 -0.998405 -0.999479 -0.999842 -0.999956 -0.999989 -0.999998 -1 -1 -1 -1 -1 -1 -1 -1 -1 -1 
1 1 1 1 1 1 1 1 1 1 0.999998 0.99999 0.999961 0.999857 0.999528 0.998548 0.995785 0.988136 0.966296 0.897317 0.652718 -8.05839e-16 -0.652718 -0.897317 -0.966296 -0.988136 -0.995785 -0.998548 -0.999528 -0.999857 -0.999961 -0.99999 -0.999998 -1 -1 -1 -1 -1 -1 -1 -1 -1 -1 
1 1 1 1 1 1 1 1 1 1 0.999998 0.999991 0.999965 0.999871 0.999572 0.998678 0.996149 0.989134 0.969102 0.90573 0.675874 -8.58574e-16 -0.675874 -0.90573 -0.969102 -0.989134 -0.996149 -0.998678 -0.999572 -0.999871 -0.999965 -0.999991 -0.999998 -1 -1 -1 -1 -1 -1 -1 -1 -1 -1 
1 1 1 1 1 1 1 1 1 1 0.999998 0.999992 0.999968 0.999884 0.999612 0.998797 0.996482 0.990051 0.971683 0.913525 0.698339 -9.08534e-16 -0.698339 -0.913525 -0.971683 -0.990051 -0.996482 -0.998797 -0.999612 -0.999884 -0.999968 -0.999992 -0.999998 -1 -1 -1 -1 -1 -1 -1 -1 -1 -1 
1 1 1 1 1 1 1 1 1 1 0.999998 0.999993 0.999972 0.999896 0.999649 0.998906 0.996788 0.990892 0.974055 0.920733 0.720002 -9.55719e-16 -0.720002 -0.920733 -0.974055 -0.990892 -0.996788 -0.998906 -0.999649 -0.999896 -0.999972 -0.999993 -0.999998 -1 -1 -1 -1 -1 -1 -1 -1 -1 -1 
1 1 1 1 1 1 1 1 1 1 0.999999 0.999994 0.999975 0.999906 0.999682 0.999005 0.997068 0.991665 0.976234 0.927387 0.740773 -9.97352e-16 -0.740773 -0.927387 -0.976234 -0.991665 -0.997068 -0.999005 -0.999682 -0.999906 -0.999975 -0.999994 -0.999999 -1 -1 -1 -1 -1 -1 -1 -1 -1 -1 
1 1 1 1 1 1 1 1 1 1 0.999999 0.999994 0.999977 0.999915 0.999712 0.999095 0.997324 0.992373 0.978235 0.933522 0.760579 -1.05009e-15 -0.760579 -0.933522 -0.978235 -0.992373 -0.997324 -0.999095 -0.999712 -0.999915 -0.999977 -0.999994 -0.999999 -1 -1 -1 -1 -1 -1 -1 -1 -1 -1 
1 1 1 1 1 1 1 1 1 1 0.999999 0.999995 0.99998 0.999924 0.999739 0.999177 0.997558 0.993022 0.980072 0.939169 0.779369 -1.10282e-15 -0.779369 -0.939169 -0.980072 -0.993022 -0.997558 -0.999177 -0.999739 -0.999924 -0.99998 -0.999995 -0.999999 -1 -1 -1 -1 -1 -1 -1 -1 -1 -1 
1 1 1 1 1 1 1 1 1 1 0.999999 0.999996 0.999982 0.999931 0.999764 0.999252 0.997772 0.993618 0.981757 0.944361 0.797109 -1.15556e-15 -0.797109 -0.944361 -0.981757 -0.993618 -0.997772 -0.999252 -0.999764 -0.999931 -0.999982 -0.999996 -0.999999 -1 -1 -1 -1 -1 -1 -1 -1 -1 -1 
1 1 1 1 1 1 1 1 1 1 0.999999 0.999996 0.999984 0.999938 0.999787 0.999321 0.997968 0.994164 0.983303 0.94913 0.81378 -1.19442e-15 -0.81378 -0.94913 -0.983303 -0.994164 -0.997968 -0.999321 -0.999787 -0.999938 -0.999984 -0.999996 -0.999999 -1 -1 -1 -1 -1 -1 -1 -1 -1 -1 
1 1 1 1 1 1 1 1 1 1 0.999999 0.999997 0.999985 0.999944 0.999807 0.999383 0.998147 0.994664 0.98472 0.953507 0.829382 -1.22217e-15 -0.829382 -0.953507 -0.98472 -0.994664 -0.998147 -0.999383 -0.999807 -0.999944 -0.999985 -0.999997 -0.999999 -1 -1 -1 -1 -1 -1 -1 -1 -1 -1 
1 1 1 1 1 1 1 1 1 1 0.999999 0.999997 0.999987 0.99995 0.999826 0.99944 0.998311 0.995123 0.98602 0.957519 0.843925 -1.23883e-15 -0.843925 -0.957519 -0.98602 -0.995123 -0.998311 -0.99944 -0.999826 -0.99995 -0.999987 -0.999997 -0.999999 -1 -1 -1 -1 -1 -1 -1 -1 -1 -1 
1 1 1 1 1 1 1 1 1 1 0.999999 0.999997 0.999988 0.999955 0.999842 0.999491 0.998461 0.995543 0.987211 0.961195 0.857435 -1.26658e-15 -0.857435 -0.961195 -0.987211 -0.995543 -0.998461 -0.999491 -0.999842 -0.999955 -0.999988 -0.999997 -0.999999 -1 -1 -1 -1 -1 -1 -1 -1 -1 -1 
1 1 1 1 1 1 1 1 1 1 0.999999 0.999998 0.99999 0.99996 0.999858 0.999538 0.998598 0.995928 0.988302 0.964561 0.869942 -1.28323e-15 -0.869942 -0.964561 -0.988302 -0.995928 -0.998598 -0.999538 -0.999858 -0.99996 -0.99999 -0.999998 -0.999999 -1 -1 -1 -1 -1 -1 -1 -1 -1 -1 
1 1 1 1 1 1 1 1 1 1 1 0.999998 0.999991 0.999964 0.999871 0.999581 0.998723 0.99628 0.989302 0.967641 0.881487 -1.31099e-15 -0.881487 -0.967641 -0.989302 -0.99628 -0.998723 -0.999581 -0.999871 -0.999964 -0.999991 -0.999998 -1 -1 -1 -1 -1 -1 -1 -1 -1 -1 -1 
1 1 1 1 1 1 1 1 1 1 1 0.999998 0.999992 0.999967 0.999884 0.99962 0.998837 0.996602 0.990217 0.970458 0.892114 -1.33875e-15 -0.892114 -0.970458 -0.990217 -0.996602 -0.998837 -0.99962 -0.999884 -0.999967 -0.999992 -0.999998 -1 -1 -1 -1 -1 -1 -1 -1 -1 -1 -1 
1 1 1 1 1 1 1 1 1 1 1 0.999998 0.999992 0.999971 0.999895 0.999656 0.998941 0.996897 0.991056 0.973034 0.901874 -1.37205e-15 -0.901874 -0.973034 -0.991056 -0.996897 -0.998941 -0.999656 -0.999895 -0.999971 -0.999992 -0.999998 -1 -1 -1 -1 -1 -1 -1 -1 -1 -1 -1 
1 1 1 1 1 1 1 1 1 1 1 0.999998 0.999993 0.999974 0.999905 0.999688 0.999036 0.997167 0.991824 0.975387 0.910818 -1.39426e-15 -0.910818 -0.975387 -0.991824 -0.997167 -0.999036 -0.999688 -0.999905 -0.999974 -0.999993 -0.999998 -1 -1 -1 -1 -1 -1 -1 -1 -1 -1 -1 
1 1 1 1 1 1 1 1 1 1 1 0.999999 0.999994 0.999976 0.999915 0.999717 0.999123 0.997415 0.992527 0.977537 0.918998 -1.43311e-15 -0.918998 -0.977537 -0.992527 -0.997415 -0.999123 -0.999717 -0.999915 -0.999976 -0.999994 -0.999999 -1 -1 -1 -1 -1 -1 -1 -1 -1 -1 -1 
1 1 1 1 1 1 1 1 1 1 1 0.999999 0.999995 0.999979 0.999923 0.999744 0.999202 0.997641 0.99317 0.979501 0.926466 -1.46642e-15 -0.926466 -0.979501 -0.99317 -0.997641 -0.999202 -0.999744 -0.999923 -0.999979 -0.999995 -0.999999 -1 -1 -1 -1 -1 -1 -1 -1 -1 -1 -1 
1 1 1 1 1 1 1 1 1 1 1 0.999999 0.999995 0.999981 0.999931 0.999768 0.999274 0.997847 0.993759 0.981295 0.933275 -1.49973e-15 -0.933275 -0.981295 -0.993759 -0.997847 -0.999274 -0.999768 -0.999931 -0.999981 -0.999995 -0.999999 -1 -1 -1 -1 -1 -1 -1 -1 -1 -1 -1 
1 1 1 1 1 1 1 1 1 1 1 0.999999 0.999996 0.999983 0.999937 0.99979 0.99934 0.998036 0.994298 0.982933 0.939474 -1.52193e-15 -0.939474 -0.982933 -0.994298 -0.998036 -0.99934 -0.99979 -0.999937 -0.999983 -0.999996 -0.999999 -1 -1 -1 -1 -1 -1 -1 -1 -1 -1 -1 
1 1 1 1 1 1 1 1 1 1 1 0.999999 0.999996 0.999985 0.999944 0.999809 0.9994 0.998209 0.994791 0.984427 0.945112 -1.54414e-15 -0.945112 -0.984427 -0.994791 -0.998209 -0.9994 -0.999809 -0.999944 -0.999985 -0.999996 -0.999999 -1 -1 -1 -1 -1 -1 -1 -1 -1 -1 -1 
1 1 1 1 1 1 1 1 1 1 1 0.999999 0.999997 0.999986 0.999949 0.999828 0.999455 0.998367 0.995242 0.985792 0.950235 -1.55524e-15 -0.950235 -0.985792 -0.995242 -0.998367 -0.999455 -0.999828 -0.999949 -0.999986 -0.999997 -0.999999 -1 -1 -1 -1 -1 -1 -1 -1 -1 -1 -1 
1 1 1 1 1 1 1 1 1 1 1 0.999999 0.999997 0.999988 0.999954 0.999844 0.999505 0.998511 0.995655 0.987037 0.954886 -1.56634e-15 -0.954886 -0.987037 -0.995655 -0.998511 -0.999505 -0.999844 -0.999954 -0.999988 -0.999997 -0.999999 -1 -1 -1 -1 -1 -1 -1 -1 -1 -1 -1 
1 1 1 1 1 1 1 1 1 1 1 0.999999 0.999997 0.999989 0.999959 0.999859 0.99955 0.998643 0.996032 0.988174 0.959105 -1.58855e-15 -0.959105 -0.988174 -0.996032 -0.998643 -0.99955 -0.999859 -0.999959 -0.999989 -0.999997 -0.999999 -1 -1 -1 -1 -1 -1 -1 -1 -1 -1 -1 
1 1 1 1 1 1 1 1 1 1 1 0.999999 0.999998 0.99999 0.999963 0.999872 0.999591 0.998764 0.996377 0.989211 0.962932 -1.61075e-15 -0.962932 -0.989211 -0.996377 -0.998764 -0.999591 -0.999872 -0.999963 -0.99999 -0.999998 -0.999999 -1 -1 -1 -1 -1 -1 -1 -1 -1 -1 -1 
1 1 1 1 1 1 1 1 1 1 1 1 0.999998 0.999991 0.999967 0.999885 0.999629 0.998874 0.996693 0.990157 0.966399 -1.63295e-15 -0.966399 -0.990157 -0.996693 -0.998874 -0.999629 -0.999885 -0.999967 -0.999991 -0.999998 -1 -1 -1 -1 -1 -1 -1 -1 -1 -1 -1 -1 
1 1 1 1 1 1 1 1 1 1 1 1 0.999998 0.999992 0.99997 0.999896 0.999663 0.998974 0.996981 0.991021 0.969542 -1.65516e-15 -0.969542 -0.991021 -0.996981 -0.998974 -0.999663 -0.999896 -0.99997 -0.999992 -0.999998 -1 -1 -1 -1 -1 -1 -1 -1 -1 -1 -1 -1 
1 1 1 1 1 1 1 1 1 1 1 1 0.999998 0.999993 0.999973 0.999906 0.999694 0.999066 0.997245 0.991809 0.972388 -1.67736e-15 -0.972388 -0.991809 -0.997245 -0.999066 -0.999694 -0.999906 -0.999973 -0.999993 -0.999998 -1 -1 -1 -1 -1 -1 -1 -1 -1 -1 -1 -1 
1 1 1 1 1 1 1 1 1 1 1 1 0.999998 0.999994 0.999976 0.999915 0.999723 0.999149 0.997486 0.992528 0.974965 -1.67736e-15 -0.974965 -0.992528 -0.997486 -0.999149 -0.999723 -0.999915 -0.999976 -0.999994 -0.999998 -1 -1 -1 -1 -1 -1 -1 -1 -1 -1 -1 -1 
1 1 1 1 1 1 1 1 1 1 1 1 0.999999 0.999994 0.999978 0.999923 0.999748 0.999226 0.997706 0.993184 0.9773 -1.67736e-15 -0.9773 -0.993184 -0.997706 -0.999226 -0.999748 -0.999923 -0.999978 -0.999994 -0.999999 -1 -1 -1 -1 -1 -1 -1 -1 -1 -1 -1 -1 
1 1 1 1 1 1 1 1 1 1 1 1 0.999999 0.999995 0.99998 0.99993 0.999772 0.999295 0.997908 0.993783 0.979413 -1.69402e-15 -0.979413 -0.993783 -0.997908 -0.999295 -0.999772 -0.99993 -0.99998 -0.999995 -0.999999 -1 -1 -1 -1 -1 -1 -1 -1 -1 -1 -1 -1 
1 1 1 1 1 1 1 1 1 1 1 1 0.999999 0.999995 0.999982 0.999937 0.999793 0.999359 0.998092 0.994329 0.981328 -1.70512e-15 -0.981328 -0.994329 -0.998092 -0.999359 -0.999793 -0.999937 -0.999982 -0.999995 -0.999999 -1 -1 -1 -1 -1 -1 -1 -1 -1 -1 -1 -1 
1 1 1 1 1 1 1 1 1 1 1 1 0.999999 0.999996 0.999984 0.999943 0.999812 0.999417 0.99826 0.994828 0.983061 -1.70512e-15 -0.983061 -0.994828 -0.99826 -0.999417 -0.999812 -0.999943 -0.999984 -0.999996 -0.999999 -1 -1 -1 -1 -1 -1 -1 -1 -1 -1 -1 -1 
1 1 1 1 1 1 1 1 1 1 1 1 0.999999 0.999996 0.999986 0.999949 0.99983 0.999469 0.998413 0.995283 0.984631 -1.70512e-15 -0.984631 -0.995283 -0.998413 -0.999469 -0.99983 -0.999949 -0.999986 -0.999996 -0.999999 -1 -1 -1 -1 -1 -1 -1 -1 -1 -1 -1 -1 
1 1 1 1 1 1 1 1 1 1 1 1 0.999999 0.999997 0.999987 0.999954 0.999846 0.999518 0.998553 0.995698 0.986052 -1.70512e-15 -0.986052 -0.995698 -0.998553 -0.999518 -0.999846 -0.999954 -0.999987 -0.999997 -0.999999 -1 -1 -1 -1 -1 -1 -1 -1 -1 -1 -1 -1 
1 1 1 1 1 1 1 1 1 1 1 1 0.999999 0.999997 0.999988 0.999958 0.999861 0.999561 0.998682 0.996076 0.98734 -1.69957e-15 -0.98734 -0.996076 -0.998682 -0.999561 -0.999861 -0.999958 -0.999988 -0.999997 -0.999999 -1 -1 -1 -1 -1 -1 -1 -1 -1 -1 -1 -1 
1 1 1 1 1 1 1 1 1 1 1 1 0.999999 0.999997 0.99999 0.999962 0.999874 0.999601 0.998798 0.996422 0.988507 -1.69402e-15 -0.988507 -0.996422 -0.998798 -0.999601 -0.999874 -0.999962 -0.99999 -0.999997 -0.999999 -1 -1 -1 -1 -1 -1 -1 -1 -1 -1 -1 -1 
1 1 1 1 1 1 1 1 1 1 1 1 0.999999 0.999998 0.999991 0.999966 0.999886 0.999638 0.998905 0.996737 0.989565 -1.70512e-15 -0.989565 -0.996737 -0.998905 -0.999638 -0.999886 -0.999966 -0.999991 -0.999998 -0.999999 -1 -1 -1 -1 -1 -1 -1 -1 -1 -1 -1 -1 
1 1 1 1 1 1 1 1 1 1 1 1 1 0.999998 0.999992 0.999969 0.999896 0.999671 0.999003 0.997025 0.990524 -1.71622e-15 -0.990524 -0.997025 -0.999003 -0.999671 -0.999896 -0.999969 -0.999992 -0.999998 -1 -1 -1 -1 -1 -1 -1 -1 -1 -1 -1 -1 -1 
1 1 1 1 1 1 1 1 1 1 1 1 1 0.999998 0.999993 0.999972 0.999906 0.999701 0.999091 0.997287 0.991393 -1.73287e-15 -0.991393 -0.997287 -0.999091 -0.999701 -0.999906 -0.999972 -0.999993 -0.999998 -1 -1 -1 -1 -1 -1 -1 -1 -1 -1 -1 -1 -1 
1 1 1 1 1 1 1 1 1 1 1 1 1 0.999998 0.999993 0.999975 0.999915 0.999729 0.999173 0.997527 0.992181 -1.74953e-15 -0.992181 -0.997527 -0.999173 -0.999729 -0.999915 -0.999975 -0.999993 -0.999998 -1 -1 -1 -1 -1 -1 -1 -1 -1 -1 -1 -1 -1 
1 1 1 1 1 1 1 1 1 1 1 1 1 0.999999 0.999994 0.999978 0.999923 0.999754 0.999247 0.997746 0.992895 -1.74953e-15 -0.992895 -0.997746 -0.999247 -0.999754 -0.999923 -0.999978 -0.999994 -0.999999 -1 -1 -1 -1 -1 -1 -1 -1 -1 -1 -1 -1 -1 
1 1 1 1 1 1 1 1 1 1 1 1 1 0.999999 0.999995 0.99998 0.999931 0.999776 0.999314 0.997945 0.993544 -1.75508e-15 -0.993544 -0.997945 -0.999314 -0.999776 -0.999931 -0.99998 -0.999995 -0.999999 -1 -1 -1 -1 -1 -1 -1 -1 -1 -1 -1 -1 -1 
1 1 1 1 1 1 1 1 1 1 1 1 1 0.999999 0.999995 0.999982 0.999937 0.999797 0.999376 0.998127 0.994132 -1.75508e-15 -0.994132 -0.998127 -0.999376 -0.999797 -0.999937 -0.999982 -0.999995 -0.999999 -1 -1 -1 -1 -1 -1 -1 -1 -1 -1 -1 -1 -1 
1 1 1 1 1 1 1 1 1 1 1 1 1 0.999999 0.999996 0.999984 0.999943 0.999816 0.999432 0.998293 0.994666 -1.77728e-15 -0.994666 -0.998293 -0.999432 -0.999816 -0.999943 -0.999984 -0.999996 -0.999999 -1 -1 -1 -1 -1 -1 -1 -1 -1 -1 -1 -1 -1 
1 1 1 1 1 1 1 1 1 1 1 1 1 0.999999 0.999996 0.999985 0.999949 0.999833 0.999483 0.998444 0.995151 -1.78839e-15 -0.995151 -0.998444 -0.999483 -0.999833 -0.999949 -0.999985 -0.999996 -0.999999 -1 -1 -1 -1 -1 -1 -1 -1 -1 -1 -1 -1 -1 
1 1 1 1 1 1 1 1 1 1 1 1 1 0.999999 0.999997 0.999987 0.999954 0.999848 0.99953 0.998582 0.995591 -1.80504e-15 -0.995591 -0.998582 -0.99953 -0.999848 -0.999954 -0.999987 -0.999997 -0.999999 -1 -1 -1 -1 -1 -1 -1 -1 -1 -1 -1 -1 -1 
1 1 1 1 1 1 1 1 1 1 1 1 1 0.999999 0.999997 0.999988 0.999958 0.999863 0.999572 0.998708 0.995991 -1.80504e-15 -0.995991 -0.998708 -0.999572 -0.999863 -0.999958 -0.999988 -0.999997 -0.999999 -1 -1 -1 -1 -1 -1 -1 -1 -1 -1 -1 -1 -1 
1 1 1 1 1 1 1 1 1 1 1 1 1 0.999999 0.999997 0.999989 0.999962 0.999875 0.999611 0.998823 0.996354 -1.81614e-15 -0.996354 -0.998823 -0.999611 -0.999875 -0.999962 -0.999989 -0.999997 -0.999999 -1 -1 -1 -1 -1 -1 -1 -1 -1 -1 -1 -1 -1 
1 1 1 1 1 1 1 1 1 1 1 1 1 0.999999 0.999998 0.99999 0.999966 0.999887 0.999646 0.998928 0.996684 -1.82724e-15 -0.996684 -0.998928 -0.999646 -0.999887 -0.999966 -0.99999 -0.999998 -0.999999 -1 -1 -1 -1 -1 -1 -1 -1 -1 -1 -1 -1 -1 
1 1 1 1 1 1 1 1 1 1 1 1 1 0.999999 0.999998 0.999991 0.999969 0.999898 0.999678 0.999024 0.996984 -1.83835e-15 -0.996984 -0.999024 -0.999678 -0.999898 -0.999969 -0.999991 -0.999998 -0.999999 -1 -1 -1 -1 -1 -1 -1 -1 -1 -1 -1 -1 -1 
1 1 1 1 1 1 1 1 1 1 1 1 1 1 0.999998 0.999992 0.999972 0.999907 0.999708 0.999111 0.997256 -1.83835e-15 -0.997256 -0.999111 -0.999708 -0.999907 -0.999972 -0.999992 -0.999998 -1 -1 -1 -1 -1 -1 -1 -1 -1 -1 -1 -1 -1 -1 
1 1 1 1 1 1 1 1 1 1 1 1 1 1 0.999998 0.999993 0.999975 0.999916 0.999734 0.99919 0.997504 -1.84945e-15 -0.997504 -0.99919 -0.999734 -0.999916 -0.999975 -0.999993 -0.999998 -1 -1 -1 -1 -1 -1 -1 -1 -1 -1 -1 -1 -1 -1 
1 1 1 1 1 1 1 1 1 1 1 1 1 1 0.999998 0.999994 0.999977 0.999924 0.999759 0.999263 0.997729 -1.87165e-15 -0.997729 -0.999263 -0.999759 -0.999924 -0.999977 -0.999994 -0.999998 -1 -1 -1 -1 -1 -1 -1 -1 -1 -1 -1 -1 -1 -1 
1 1 1 1 1 1 1 1 1 1 1 1 1 1 0.999999 0.999994 0.99998 0.999931 0.999781 0.999329 0.997934 -1.8772e-15 -0.997934 -0.999329 -0.999781 -0.999931 -0.99998 -0.999994 -0.999999 -1 -1 -1 -1 -1 -1 -1 -1 -1 -1 -1 -1 -1 -1 
1 1 1 1 1 1 1 1 1 1 1 1 1 1 0.999999 0.999995 0.999982 0.999938 0.999801 0.999389 0.99812 -1.91051e-15 -0.99812 -0.999389 -0.999801 -0.999938 -0.999982 -0.999995 -0.999999 -1 -1 -1 -1 -1 -1 -1 -1 -1 -1 -1 -1 -1 -1 
1 1 1 1 1 1 1 1 1 1 1 1 1 1 0.999999 0.999995 0.999983 0.999944 0.999819 0.999444 0.99829 -1.94382e-15 -0.99829 -0.999444 -0.999819 -0.999944 -0.999983 -0.999995 -0.999999 -1 -1 -1 -1 -1 -1 -1 -1 -1 -1 -1 -1 -1 -1 
1 1 1 1 1 1 1 1 1 1 1 1 1 1 0.999999 0.999996 0.999985 0.999949 0.999836 0.999494 0.998444 -1.97712e-15 -0.998444 -0.999494 -0.999836 -0.999949 -0.999985 -0.999996 -0.999999 -1 -1 -1 -1 -1 -1 -1 -1 -1 -1 -1 -1 -1 -1 
1 1 1 1 1 1 1 1 1 1 1 1 1 1 0.999999 0.999996 0.999987 0.999954 0.999851 0.99954 0.998584 -2.01043e-15 -0.998584 -0.99954 -0.999851 -0.999954 -0.999987 -0.999996 -0.999999 -1 -1 -1 -1 -1 -1 -1 -1 -1 -1 -1 -1 -1 -1 
1 1 1 1 1 1 1 1 1 1 1 1 1 1 0.999999 0.999997 0.999988 0.999958 0.999865 0.999581 0.998712 -2.03264e-15 -0.998712 -0.999581 -0.999865 -0.999958 -0.999988 -0.999997 -0.999999 -1 -1 -1 -1 -1 -1 -1 -1 -1 -1 -1 -1 -1 -1 
1 1 1 1 1 1 1 1 1 1 1 1 1 1 0.999999 0.999997 0.999989 0.999962 0.999877 0.999619 0.998828 -2.04929e-15 -0.998828 -0.999619 -0.999877 -0.999962 -0.999989 -0.999997 -0.999999 -1 -1 -1 -1 -1 -1 -1 -1 -1 -1 -1 -1 -1 -1 
1 1 1 1 1 1 1 1 1 1 1 1 1 1 0.999999 0.999997 0.99999 0.999966 0.999889 0.999654 0.998934 -2.06039e-15 -0.998934 -0.999654 -0.999889 -0.999966 -0.99999 -0.999997 -0.999999 -1 -1 -1 -1 -1 -1 -1 -1 -1 -1 -1 -1 -1 -1 
1 1 1 1 1 1 1 1 1 1 1 1 1 1 0.999999 0.999998 0.999991 0.999969 0.999899 0.999685 0.99903 -2.0826e-15 -0.99903 -0.999685 -0.999899 -0.999969 -0.999991 -0.999998 -0.999999 -1 -1 -1 -1 -1 -1 -1 -1 -1 -1 -1 -1 -1 -1 
1 1 1 1 1 1 1 1 1 1 1 1 1 1 0.999999 0.999998 0.999992 0.999972 0.999909 0.999714 0.999117 -2.0937e-15 -0.999117 -0.999714 -0.999909 -0.999972 -0.999992 -0.999998 -0.999999 -1 -1 -1 -1 -1 -1 -1 -1 -1 -1 -1 -1 -1 -1 
1 1 1 1 1 1 1 1 1 1 1 1 1 1 1 0.999998 0.999993 0.999975 0.999917 0.99974 0.999197 -2.1159e-15 -0.999197 -0.99974 -0.999917 -0.999975 -0.999993 -0.999998 -1 -1 -1 -1 -1 -1 -1 -1 -1 -1 -1 -1 -1 -1 -1 
1 1 1 1 1 1 1 1 1 1 1 1 1 1 1 0.999998 0.999994 0.999977 0.999925 0.999763 0.999269 -2.127e-15 -0.999269 -0.999763 -0.999925 -0.999977 -0.999994 -0.999998 -1 -1 -1 -1 -1 -1 -1 -1 -1 -1 -1 -1 -1 -1 -1 
1 1 1 1 1 1 1 1 1 1 1 1 1 1 1 0.999998 0.999994 0.999979 0.999932 0.999785 0.999335 -2.14921e-15 -0.999335 -0.999785 -0.999932 -0.999979 -0.999994 -0.999998 -1 -1 -1 -1 -1 -1 -1 -1 -1 -1 -1 -1 -1 -1 -1 
1 1 1 1 1 1 1 1 1 1 1 1 1 1 1 0.999999 0.999995 0.999981 0.999938 0.999805 0.999395 -2.17141e-15 -0.999395 -0.999805 -0.999938 -0.999981 -0.999995 -0.999999 -1 -1 -1 -1 -1 -1 -1 -1 -1 -1 -1 -1 -1 -1 -1 
1 1 1 1 1 1 1 1 1 1 1 1 1 1 1 0.999999 0.999995 0.999983 0.999944 0.999823 0.99945 -2.18807e-15 -0.99945 -0.999823 -0.999944 -0.999983 -0.999995 -0.999999 -1 -1 -1 -1 -1 -1 -1 -1 -1 -1 -1 -1 -1 -1 -1 
1 1 1 1 1 1 1 1 1 1 1 1 1 1 1 0.999999 0.999996 0.999985 0.999949 0.999839 0.9995 -2.21027e-15 -0.9995 -0.999839 -0.999949 -0.999985 -0.999996 -0.999999 -1 -1 -1 -1 -1 -1 -1 -1 -1 -1 -1 -1 -1 -1 -1 
1 1 1 1 1 1 1 1 1 1 1 1 1 1 1 0.999999 0.999996 0.999986 0.999954 0.999854 0.999545 -2.23248e-15 -0.999545 -0.999854 -0.999954 -0.999986 -0.999996 -0.999999 -1 -1 -1 -1 -1 -1 -1 -1 -1 -1 -1 -1 -1 -1 -1 
1 1 1 1 1 1 1 1 1 1 1 1 1 1 1 0.999999 0.999997 0.999988 0.999959 0.999867 0.999586 -2.23248e-15 -0.999586 -0.999867 -0.999959 -0.999988 -0.999997 -0.999999 -1 -1 -1 -1 -1 -1 -1 -1 -1 -1 -1 -1 -1 -1 -1 
1 1 1 1 1 1 1 1 1 1 1 1 1 1 1 0.999999 0.999997 0.999989 0.999962 0.999879 0.999624 -2.23248e-15 -0.999624 -0.999879 -0.999962 -0.999989 -0.999997 -0.999999 -1 -1 -1 -1 -1 -1 -1 -1 -1 -1 -1 -1 -1 -1 -1 
1 1 1 1 1 1 1 1 1 1 1 1 1 1 1 0.999999 0.999997 0.99999 0.999966 0.99989 0.999658 -2.23248e-15 -0.999658 -0.99989 -0.999966 -0.99999 -0.999997 -0.999999 -1 -1 -1 -1 -1 -1 -1 -1 -1 -1 -1 -1 -1 -1 -1 
1 1 1 1 1 1 1 1 1 1 1 1 1 1 1 0.999999 0.999998 0.999991 0.999969 0.999901 0.999689 -2.23248e-15 -0.999689 -0.999901 -0.999969 -0.999991 -0.999998 -0.999999 -1 -1 -1 -1 -1 -1 -1 -1 -1 -1 -1 -1 -1 -1 -1 
1 1 1 1 1 1 1 1 1 1 1 1 1 1 1 0.999999 0.999998 0.999992 0.999972 0.99991 0.999717 -2.23248e-15 -0.999717 -0.99991 -0.999972 -0.999992 -0.999998 -0.999999 -1 -1 -1 -1 -1 -1 -1 -1 -1 -1 -1 -1 -1 -1 -1 
1 1 1 1 1 1 1 1 1 1 1 1 1 1 1 0.999999 0.999998 0.999993 0.999975 0.999918 0.999743 -2.23248e-15 -0.999743 -0.999918 -0.999975 -0.999993 -0.999998 -0.999999 -1 -1 -1 -1 -1 -1 -1 -1 -1 -1 -1 -1 -1 -1 -1 
1 1 1 1 1 1 1 1 1 1 1 1 1 1 1 1 0.999998 0.999993 0.999977 0.999926 0.999767 -2.23248e-15 -0.999767 -0.999926 -0.999977 -0.999993 -0.999998 -1 -1 -1 -1 -1 -1 -1 -1 -1 -1 -1 -1 -1 -1 -1 -1 
1 1 1 1 1 1 1 1 1 1 1 1 1 1 1 1 0.999998 0.999994 0.999979 0.999933 0.999788 -2.23248e-15 -0.999788 -0.999933 -0.999979 -0.999994 -0.999998 -1 -1 -1 -1 -1 -1 -1 -1 -1 -1 -1 -1 -1 -1 -1 -1 
1 1 1 1 1 1 1 1 1 1 1 1 1 1 1 1 0.999999 0.999995 0.999981 0.999939 0.999807 -2.24358e-15 -0.999807 -0.999939 -0.999981 -0.999995 -0.999999 -1 -1 -1 -1 -1 -1 -1 -1 -1 -1 -1 -1 -1 -1 -1 -1 
1 1 1 1 1 1 1 1 1 1 1 1 1 1 1 1 0.999999 0.999995 0.999983 0.999945 0.999825 -2.25468e-15 -0.999825 -0.999945 -0.999983 -0.999995 -0.999999 -1 -1 -1 -1 -1 -1 -1 -1 -1 -1 -1 -1 -1 -1 -1 -1 
1 1 1 1 1 1 1 1 1 1 1 1 1 1 1 1 0.999999 0.999996 0.999985 0.99995 0.999841 -2.26578e-15 -0.999841 -0.99995 -0.999985 -0.999996 -0.999999 -1 -1 -1 -1 -1 -1 -1 -1 -1 -1 -1 -1 -1 -1 -1 -1 
1 1 1 1 1 1 1 1 1 1 1 1 1 1 1 1 0.999999 0.999996 0.999986 0.999955 0.999856 -2.27688e-15 -0.999856 -0.999955 -0.999986 -0.999996 -0.999999 -1 -1 -1 -1 -1 -1 -1 -1 -1 -1 -1 -1 -1 -1 -1 -1 
1 1 1 1 1 1 1 1 1 1 1 1 1 1 1 1 0.999999 0.999996 0.999988 0.999959 0.999869 -2.28799e-15 -0.999869 -0.999959 -0.999988 -0.999996 -0.999999 -1 -1 -1 -1 -1 -1 -1 -1 -1 -1 -1 -1 -1 -1 -1 -1 
1 1 1 1 1 1 1 1 1 1 1 1 1 1 1 1 0.999999 0.999997 0.999989 0.999963 0.999881 -2.27688e-15 -0.999881 -0.999963 -0.999989 -0.999997 -0.999999 -1 -1 -1 -1 -1 -1 -1 -1 -1 -1 -1 -1 -1 -1 -1 -1 
1 1 1 1 1 1 1 1 1 1 1 1 1 1 1 1 0.999999 0.999997 0.99999 0.999966 0.999892 -2.27688e-15 -0.999892 -0.999966 -0.99999 -0.999997 -0.999999 -1 -1 -1 -1 -1 -1 -1 -1 -1 -1 -1 -1 -1 -1 -1 -1 
1 1 1 1 1 1 1 1 1 1 1 1 1 1 1 1 0.999999 0.999997 0.999991 0.999969 0.999902 -2.27688e-15 -0.999902 -0.999969 -0.999991 -0.999997 -0.999999 -1 -1 -1 -1 -1 -1 -1 -1 -1 -1 -1 -1 -1 -1 -1 -1 
1 1 1 1 1 1 1 1 1 1 1 1 1 1 1 1 0.999999 0.999998 0.999992 0.999972 0.999911 -2.27688e-15 -0.999911 -0.999972 -0.999992 -0.999998 -0.999999 -1 -1 -1 -1 -1 -1 -1 -1 -1 -1 -1 -1 -1 -1 -1 -1 
1 1 1 1 1 1 1 1 1 1 1 1 1 1 1 1 0.999999 0.999998 0.999993 0.999975 0.999919 -2.28244e-15 -0.999919 -0.999975 -0.999993 -0.999998 -0.999999 -1 -1 -1 -1 -1 -1 -1 -1 -1 -1 -1 -1 -1 -1 -1 -1 
1 1 1 1 1 1 1 1 1 1 1 1 1 1 1 1 1 0.999998 0.999993 0.999977 0.999927 -2.27688e-15 -0.999927 -0.999977 -0.999993 -0.999998 -1 -1 -1 -1 -1 -1 -1 -1 -1 -1 -1 -1 -1 -1 -1 -1 -1 
1 1 1 1 1 1 1 1 1 1 1 1 1 1 1 1 1 0.999998 0.999994 0.999979 0.999933 -2.28799e-15 -0.999933 -0.999979 -0.999994 -0.999998 -1 -1 -1 -1 -1 -1 -1 -1 -1 -1 -1 -1 -1 -1 -1 -1 -1 
1 1 1 1 1 1 1 1 1 1 1 1 1 1 1 1 1 0.999998 0.999995 0.999981 0.99994 -2.29909e-15 -0.99994 -0.999981 -0.999995 -0.999998 -1 -1 -1 -1 -1 -1 -1 -1 -1 -1 -1 -1 -1 -1 -1 -1 -1 
1 1 1 1 1 1 1 1 1 1 1 1 1 1 1 1 1 0.999999 0.999995 0.999983 0.999945 -2.31019e-15 -0.999945 -0.999983 -0.999995 -0.999999 -1 -1 -1 -1 -1 -1 -1 -1 -1 -1 -1 -1 -1 -1 -1 -1 -1 
1 1 1 1 1 1 1 1 1 1 1 1 1 1 1 1 1 0.999999 0.999996 0.999985 0.99995 -2.3324e-15 -0.99995 -0.999985 -0.999996 -0.999999 -1 -1 -1 -1 -1 -1 -1 -1 -1 -1 -1 -1 -1 -1 -1 -1 -1 
1 1 1 1 1 1 1 1 1 1 1 1 1 1 1 1 1 0.999999 0.999996 0.999986 0.999955 -2.36015e-15 -0.999955 -0.999986 -0.999996 -0.999999 -1 -1 -1 -1 -1 -1 -1 -1 -1 -1 -1 -1 -1 -1 -1 -1 -1 
1 1 1 1 1 1 1 1 1 1 1 1 1 1 1 1 1 0.999999 0.999996 0.999988 0.999959 -2.37125e-15 -0.999959 -0.999988 -0.999996 -0.999999 -1 -1 -1 -1 -1 -1 -1 -1 -1 -1 -1 -1 -1 -1 -1 -1 -1 
1 1 1 1 1 1 1 1 1 1 1 1 1 1 1 1 1 0.999999 0.999997 0.999989 0.999963 -2.39346e-15 -0.999963 -0.999989 -0.999997 -0.999999 -1 -1 -1 -1 -1 -1 -1 -1 -1 -1 -1 -1 -1 -1 -1 -1 -1 
1 1 1 1 1 1 1 1 1 1 1 1 1 1 1 1 1 0.999999 0.999997 0.99999 0.999966 -2.41566e-15 -0.999966 -0.99999 -0.999997 -0.999999 -1 -1 -1 -1 -1 -1 -1 -1 -1 -1 -1 -1 -1 -1 -1 -1 -1 
1 1 1 1 1 1 1 1 1 1 1 1 1 1 1 1 1 0.999999 0.999997 0.999991 0.99997 -2.43787e-15 -0.99997 -0.999991 -0.999997 -0.999999 -1 -1 -1 -1 -1 -1 -1 -1 -1 -1 -1 -1 -1 -1 -1 -1 -1 
1 1 1 1 1 1 1 1 1 1 1 1 1 1 1 1 1 0.999999 0.999998 0.999992 0.999972 -2.46007e-15 -0.999972 -0.999992 -0.999998 -0.999999 -1 -1 -1 -1 -1 -1 -1 -1 -1 -1 -1 -1 -1 -1 -1 -1 -1 
1 1 1 1 1 1 1 1 1 1 1 1 1 1 1 1 1 0.999999 0.999998 0.999993 0.999975 -2.46007e-15 -0.999975 -0.999993 -0.999998 -0.999999 -1 -1 -1 -1 -1 -1 -1 -1 -1 -1 -1 -1 -1 -1 -1 -1 -1 
1 1 1 1 1 1 1 1 1 1 1 1 1 1 1 1 1 0.999999 0.999998 0.999993 0.999977 -2.46007e-15 -0.999977 -0.999993 -0.999998 -0.999999 -1 -1 -1 -1 -1 -1 -1 -1 -1 -1 -1 -1 -1 -1 -1 -1 -1 
1 1 1 1 1 1 1 1 1 1 1 1 1 1 1 1 1 1 0.999998 0.999994 0.99998 -2.46007e-15 -0.99998 -0.999994 -0.999998 -1 -1 -1 -1 -1 -1 -1 -1 -1 -1 -1 -1 -1 -1 -1 -1 -1 -1 
1 1 1 1 1 1 1 1 1 1 1 1 1 1 1 1 1 1 0.999998 0.999994 0.999981 -2.46007e-15 -0.999981 -0.999994 -0.999998 -1 -1 -1 -1 -1 -1 -1 -1 -1 -1 -1 -1 -1 -1 -1 -1 -1 -1 
1 1 1 1 1 1 1 1 1 1 1 1 1 1 1 1 1 1 0.999999 0.999995 0.999983 -2.45452e-15 -0.999983 -0.999995 -0.999999 -1 -1 -1 -1 -1 -1 -1 -1 -1 -1 -1 -1 -1 -1 -1 -1 -1 -1 
1 1 1 1 1 1 1 1 1 1 1 1 1 1 1 1 1 1 0.999999 0.999996 0.999985 -2.45452e-15 -0.999985 -0.999996 -0.999999 -1 -1 -1 -1 -1 -1 -1 -1 -1 -1 -1 -1 -1 -1 -1 -1 -1 -1 
1 1 1 1 1 1 1 1 1 1 1 1 1 1 1 1 1 1 0.999999 0.999996 0.999986 -2.45452e-15 -0.999986 -0.999996 -0.999999 -1 -1 -1 -1 -1 -1 -1 -1 -1 -1 -1 -1 -1 -1 -1 -1 -1 -1 
1 1 1 1 1 1 1 1 1 1 1 1 1 1 1 1 1 1 0.999999 0.999996 0.999988 -2.45452e-15 -0.999988 -0.999996 -0.999999 -1 -1 -1 -1 -1 -1 -1 -1 -1 -1 -1 -1 -1 -1 -1 -1 -1 -1 
1 1 1 1 1 1 1 1 1 1 1 1 1 1 1 1 1 1 0.999999 0.999997 0.999989 -2.45452e-15 -0.999989 -0.999997 -0.999999 -1 -1 -1 -1 -1 -1 -1 -1 -1 -1 -1 -1 -1 -1 -1 -1 -1 -1 
1 1 1 1 1 1 1 1 1 1 1 1 1 1 1 1 1 1 0.999999 0.999997 0.99999 -2.46562e-15 -0.99999 -0.999997 -0.999999 -1 -1 -1 -1 -1 -1 -1 -1 -1 -1 -1 -1 -1 -1 -1 -1 -1 -1 
1 1 1 1 1 1 1 1 1 1 1 1 1 1 1 1 1 1 0.999999 0.999997 0.999991 -2.46007e-15 -0.999991 -0.999997 -0.999999 -1 -1 -1 -1 -1 -1 -1 -1 -1 -1 -1 -1 -1 -1 -1 -1 -1 -1 
1 1 1 1 1 1 1 1 1 1 1 1 1 1 1 1 1 1 0.999999 0.999998 0.999992 -2.45452e-15 -0.999992 -0.999998 -0.999999 -1 -1 -1 -1 -1 -1 -1 -1 -1 -1 -1 -1 -1 -1 -1 -1 -1 -1 
1 1 1 1 1 1 1 1 1 1 1 1 1 1 1 1 1 1 0.999999 0.999998 0.999992 -2.45452e-15 -0.999992 -0.999998 -0.999999 -1 -1 -1 -1 -1 -1 -1 -1 -1 -1 -1 -1 -1 -1 -1 -1 -1 -1 
1 1 1 1 1 1 1 1 1 1 1 1 1 1 1 1 1 1 0.999999 0.999998 0.999993 -2.45452e-15 -0.999993 -0.999998 -0.999999 -1 -1 -1 -1 -1 -1 -1 -1 -1 -1 -1 -1 -1 -1 -1 -1 -1 -1 
1 1 1 1 1 1 1 1 1 1 1 1 1 1 1 1 1 1 1 0.999998 0.999994 -2.45452e-15 -0.999994 -0.999998 -1 -1 -1 -1 -1 -1 -1 -1 -1 -1 -1 -1 -1 -1 -1 -1 -1 -1 -1 
1 1 1 1 1 1 1 1 1 1 1 1 1 1 1 1 1 1 1 0.999998 0.999994 -2.45452e-15 -0.999994 -0.999998 -1 -1 -1 -1 -1 -1 -1 -1 -1 -1 -1 -1 -1 -1 -1 -1 -1 -1 -1 
1 1 1 1 1 1 1 1 1 1 1 1 1 1 1 1 1 1 1 0.999999 0.999995 -2.45452e-15 -0.999995 -0.999999 -1 -1 -1 -1 -1 -1 -1 -1 -1 -1 -1 -1 -1 -1 -1 -1 -1 -1 -1 
1 1 1 1 1 1 1 1 1 1 1 1 1 1 1 1 1 1 1 0.999999 0.999995 -2.45452e-15 -0.999995 -0.999999 -1 -1 -1 -1 -1 -1 -1 -1 -1 -1 -1 -1 -1 -1 -1 -1 -1 -1 -1 
1 1 1 1 1 1 1 1 1 1 1 1 1 1 1 1 1 1 1 0.999999 0.999996 -2.45452e-15 -0.999996 -0.999999 -1 -1 -1 -1 -1 -1 -1 -1 -1 -1 -1 -1 -1 -1 -1 -1 -1 -1 -1 
1 1 1 1 1 1 1 1 1 1 1 1 1 1 1 1 1 1 1 0.999999 0.999996 -2.45452e-15 -0.999996 -0.999999 -1 -1 -1 -1 -1 -1 -1 -1 -1 -1 -1 -1 -1 -1 -1 -1 -1 -1 -1 
1 1 1 1 1 1 1 1 1 1 1 1 1 1 1 1 1 1 1 0.999999 0.999997 -2.44342e-15 -0.999997 -0.999999 -1 -1 -1 -1 -1 -1 -1 -1 -1 -1 -1 -1 -1 -1 -1 -1 -1 -1 -1 
1 1 1 1 1 1 1 1 1 1 1 1 1 1 1 1 1 1 1 0.999999 0.999997 -2.43787e-15 -0.999997 -0.999999 -1 -1 -1 -1 -1 -1 -1 -1 -1 -1 -1 -1 -1 -1 -1 -1 -1 -1 -1 
1 1 1 1 1 1 1 1 1 1 1 1 1 1 1 1 1 1 1 0.999999 0.999997 -2.43787e-15 -0.999997 -0.999999 -1 -1 -1 -1 -1 -1 -1 -1 -1 -1 -1 -1 -1 -1 -1 -1 -1 -1 -1 
1 1 1 1 1 1 1 1 1 1 1 1 1 1 1 1 1 1 1 0.999999 0.999998 -2.43787e-15 -0.999998 -0.999999 -1 -1 -1 -1 -1 -1 -1 -1 -1 -1 -1 -1 -1 -1 -1 -1 -1 -1 -1 
1 1 1 1 1 1 1 1 1 1 1 1 1 1 1 1 1 1 1 0.999999 0.999998 -2.42676e-15 -0.999998 -0.999999 -1 -1 -1 -1 -1 -1 -1 -1 -1 -1 -1 -1 -1 -1 -1 -1 -1 -1 -1 
1 1 1 1 1 1 1 1 1 1 1 1 1 1 1 1 1 1 1 0.999999 0.999998 -2.41566e-15 -0.999998 -0.999999 -1 -1 -1 -1 -1 -1 -1 -1 -1 -1 -1 -1 -1 -1 -1 -1 -1 -1 -1 
1 1 1 1 1 1 1 1 1 1 1 1 1 1 1 1 1 1 1 1 0.999998 -2.39346e-15 -0.999998 -1 -1 -1 -1 -1 -1 -1 -1 -1 -1 -1 -1 -1 -1 -1 -1 -1 -1 -1 -1 
1 1 1 1 1 1 1 1 1 1 1 1 1 1 1 1 1 1 1 1 0.999998 -2.39346e-15 -0.999998 -1 -1 -1 -1 -1 -1 -1 -1 -1 -1 -1 -1 -1 -1 -1 -1 -1 -1 -1 -1 
1 1 1 1 1 1 1 1 1 1 1 1 1 1 1 1 1 1 1 1 0.999999 -2.38791e-15 -0.999999 -1 -1 -1 -1 -1 -1 -1 -1 -1 -1 -1 -1 -1 -1 -1 -1 -1 -1 -1 -1 
1 1 1 1 1 1 1 1 1 1 1 1 1 1 1 1 1 1 1 1 0.999999 -2.3768e-15 -0.999999 -1 -1 -1 -1 -1 -1 -1 -1 -1 -1 -1 -1 -1 -1 -1 -1 -1 -1 -1 -1 
1 1 1 1 1 1 1 1 1 1 1 1 1 1 1 1 1 1 1 1 0.999999 -2.38791e-15 -0.999999 -1 -1 -1 -1 -1 -1 -1 -1 -1 -1 -1 -1 -1 -1 -1 -1 -1 -1 -1 -1 
1 1 1 1 1 1 1 1 1 1 1 1 1 1 1 1 1 1 1 1 0.999999 -2.41011e-15 -0.999999 -1 -1 -1 -1 -1 -1 -1 -1 -1 -1 -1 -1 -1 -1 -1 -1 -1 -1 -1 -1 
1 1 1 1 1 1 1 1 1 1 1 1 1 1 1 1 1 1 1 1 0.999999 -2.42676e-15 -0.999999 -1 -1 -1 -1 -1 -1 -1 -1 -1 -1 -1 -1 -1 -1 -1 -1 -1 -1 -1 -1 
1 1 1 1 1 1 1 1 1 1 1 1 1 1 1 1 1 1 1 1 0.999999 -2.44897e-15 -0.999999 -1 -1 -1 -1 -1 -1 -1 -1 -1 -1 -1 -1 -1 -1 -1 -1 -1 -1 -1 -1 
1 1 1 1 1 1 1 1 1 1 1 1 1 1 1 1 1 1 1 1 0.999999 -2.47117e-15 -0.999999 -1 -1 -1 -1 -1 -1 -1 -1 -1 -1 -1 -1 -1 -1 -1 -1 -1 -1 -1 -1 
1 1 1 1 1 1 1 1 1 1 1 1 1 1 1 1 1 1 1 1 0.999999 -2.49338e-15 -0.999999 -1 -1 -1 -1 -1 -1 -1 -1 -1 -1 -1 -1 -1 -1 -1 -1 -1 -1 -1 -1 
1 1 1 1 1 1 1 1 1 1 1 1 1 1 1 1 1 1 1 1 0.999999 -2.48783e-15 -0.999999 -1 -1 -1 -1 -1 -1 -1 -1 -1 -1 -1 -1 -1 -1 -1 -1 -1 -1 -1 -1 
1 1 1 1 1 1 1 1 1 1 1 1 1 1 1 1 1 1 1 1 0.999999 -2.49338e-15 -0.999999 -1 -1 -1 -1 -1 -1 -1 -1 -1 -1 -1 -1 -1 -1 -1 -1 -1 -1 -1 -1 
1 1 1 1 1 1 1 1 1 1 1 1 1 1 1 1 1 1 1 1 0.999999 -2.49338e-15 -0.999999 -1 -1 -1 -1 -1 -1 -1 -1 -1 -1 -1 -1 -1 -1 -1 -1 -1 -1 -1 -1 
1 1 1 1 1 1 1 1 1 1 1 1 1 1 1 1 1 1 1 1 1 -2.49338e-15 -1 -1 -1 -1 -1 -1 -1 -1 -1 -1 -1 -1 -1 -1 -1 -1 -1 -1 -1 -1 -1 
1 1 1 1 1 1 1 1 1 1 1 1 1 1 1 1 1 1 1 1 1 -2.49338e-15 -1 -1 -1 -1 -1 -1 -1 -1 -1 -1 -1 -1 -1 -1 -1 -1 -1 -1 -1 -1 -1 
1 1 1 1 1 1 1 1 1 1 1 1 1 1 1 1 1 1 1 1 1 -2.48783e-15 -1 -1 -1 -1 -1 -1 -1 -1 -1 -1 -1 -1 -1 -1 -1 -1 -1 -1 -1 -1 -1 
1 1 1 1 1 1 1 1 1 1 1 1 1 1 1 1 1 1 1 1 1 -2.48783e-15 -1 -1 -1 -1 -1 -1 -1 -1 -1 -1 -1 -1 -1 -1 -1 -1 -1 -1 -1 -1 -1 
1 1 1 1 1 1 1 1 1 1 1 1 1 1 1 1 1 1 1 1 1 -2.48783e-15 -1 -1 -1 -1 -1 -1 -1 -1 -1 -1 -1 -1 -1 -1 -1 -1 -1 -1 -1 -1 -1 
1 1 1 1 1 1 1 1 1 1 1 1 1 1 1 1 1 1 1 1 1 -2.47672e-15 -1 -1 -1 -1 -1 -1 -1 -1 -1 -1 -1 -1 -1 -1 -1 -1 -1 -1 -1 -1 -1 
1 1 1 1 1 1 1 1 1 1 1 1 1 1 1 1 1 1 1 1 1 -2.47117e-15 -1 -1 -1 -1 -1 -1 -1 -1 -1 -1 -1 -1 -1 -1 -1 -1 -1 -1 -1 -1 -1 
1 1 1 1 1 1 1 1 1 1 1 1 1 1 1 1 1 1 1 1 1 -2.48783e-15 -1 -1 -1 -1 -1 -1 -1 -1 -1 -1 -1 -1 -1 -1 -1 -1 -1 -1 -1 -1 -1 
1 1 1 1 1 1 1 1 1 1 1 1 1 1 1 1 1 1 1 1 1 -2.49338e-15 -1 -1 -1 -1 -1 -1 -1 -1 -1 -1 -1 -1 -1 -1 -1 -1 -1 -1 -1 -1 -1 
1 1 1 1 1 1 1 1 1 1 1 1 1 1 1 1 1 1 1 1 1 -2.48228e-15 -1 -1 -1 -1 -1 -1 -1 -1 -1 -1 -1 -1 -1 -1 -1 -1 -1 -1 -1 -1 -1 
1 1 1 1 1 1 1 1 1 1 1 1 1 1 1 1 1 1 1 1 1 -2.47672e-15 -1 -1 -1 -1 -1 -1 -1 -1 -1 -1 -1 -1 -1 -1 -1 -1 -1 -1 -1 -1 -1 
1 1 1 1 1 1 1 1 1 1 1 1 1 1 1 1 1 1 1 1 1 -2.48228e-15 -1 -1 -1 -1 -1 -1 -1 -1 -1 -1 -1 -1 -1 -1 -1 -1 -1 -1 -1 -1 -1 
1 1 1 1 1 1 1 1 1 1 1 1 1 1 1 1 1 1 1 1 1 -2.49338e-15 -1 -1 -1 -1 -1 -1 -1 -1 -1 -1 -1 -1 -1 -1 -1 -1 -1 -1 -1 -1 -1 
1 1 1 1 1 1 1 1 1 1 1 1 1 1 1 1 1 1 1 1 1 -2.49338e-15 -1 -1 -1 -1 -1 -1 -1 -1 -1 -1 -1 -1 -1 -1 -1 -1 -1 -1 -1 -1 -1 
1 1 1 1 1 1 1 1 1 1 1 1 1 1 1 1 1 1 1 1 1 -2.51003e-15 -1 -1 -1 -1 -1 -1 -1 -1 -1 -1 -1 -1 -1 -1 -1 -1 -1 -1 -1 -1 -1 
