0 0 0 0 0 0 0 0 0 0 0 0 0 0 0 0 0 0 0 0 0 0.5 1 1 1 1 1 1 1 1 1 1 1 1 1 1 1 1 1 1 1 1 1 
0 3.53955e-18 -1.89818e-17 1.05363e-16 -5.84176e-16 3.23902e-15 -1.7959e-14 9.95754e-14 -5.52105e-13 3.06119e-12 -1.69731e-11 9.41087e-11 -5.21794e-10 2.89313e-09 -1.60412e-08 8.89421e-08 -4.93147e-07 2.7343e-06 -1.51606e-05 8.40591e-05 -0.0339333 0.5 1.03393 0.999916 1.00002 0.999997 1 1 1 1 1 1 1 1 1 1 1 1 1 1 1 1 1 
-3.53955e-18 1.22771e-16 -6.43007e-16 3.54654e-15 -1.95241e-14 1.07484e-13 -5.91688e-13 3.25701e-12 -1.79276e-11 9.86741e-11 -5.43075e-10 2.98877e-09 -1.64475e-08 9.05074e-08 -4.98015e-07 2.74016e-06 -1.50759e-05 8.29405e-05 -0.000456255 0.00475068 -0.0648167 0.5 1.06482 0.995249 1.00046 0.999917 1.00002 0.999997 1 1 1 1 1 1 1 1 1 1 1 1 1 1 1 
-1.22771e-16 9.14453e-16 -4.37036e-15 2.34717e-14 -1.25315e-13 6.68364e-13 -3.56012e-12 1.89372e-11 -1.00583e-10 5.33376e-10 -2.82349e-09 1.49182e-08 -7.86594e-08 4.13808e-07 -2.17151e-06 1.13638e-05 -5.92841e-05 0.000308267 -0.00174508 0.0131457 -0.091929 0.5 1.09193 0.986854 1.00175 0.999692 1.00006 0.999989 1 1 1 1 1 1 1 1 1 1 1 1 1 1 1 
-9.14453e-16 4.30083e-15 -1.90895e-14 1.00039e-13 -5.18994e-13 2.68721e-12 -1.38794e-11 7.14975e-11 -3.67246e-10 1.88044e-09 -9.59538e-09 4.8777e-08 -2.46911e-07 1.24401e-06 -6.23467e-06 3.10607e-05 -0.00015367 0.000764675 -0.00408133 0.0242397 -0.114856 0.5 1.11486 0.97576 1.00408 0.999235 1.00015 0.999969 1.00001 0.999999 1 1 1 1 1 1 1 1 1 1 1 1 1 
-4.30083e-15 1.57476e-14 -6.57565e-14 3.36921e-13 -1.70183e-12 8.57206e-12 -4.30228e-11 2.15094e-10 -1.07082e-09 5.30619e-09 -2.61583e-08 1.28217e-07 -6.24439e-07 3.01908e-06 -1.44759e-05 6.87481e-05 -0.000323428 0.00153103 -0.00746312 0.0369506 -0.133484 0.5 1.13348 0.963049 1.00746 0.998469 1.00032 0.999931 1.00001 0.999997 1 1 1 1 1 1 1 1 1 1 1 1 1 
-1.57476e-14 4.89269e-14 -1.93934e-13 9.73033e-13 -4.79291e-12 2.35241e-11 -1.14922e-10 5.58589e-10 -2.7e-09 1.29707e-08 -6.18851e-08 2.93003e-07 -1.37524e-06 6.3909e-06 -2.93578e-05 0.000133099 -0.000595727 0.00266158 -0.0117336 0.0502529 -0.147959 0.5 1.14796 0.949747 1.01173 0.997338 1.0006 0.999867 1.00003 0.999994 1 1 1 1 1 1 1 1 1 1 1 1 1 
-4.89269e-14 1.34968e-13 -5.11132e-13 2.51426e-12 -1.20921e-11 5.7906e-11 -2.75714e-10 1.30464e-09 -6.13108e-09 2.85935e-08 -1.32217e-07 6.05499e-07 -2.74256e-06 1.22652e-05 -5.40397e-05 0.000234112 -0.000995808 0.00417632 -0.016638 0.0632611 -0.158624 0.5 1.15862 0.936739 1.01664 0.995824 1.001 0.999766 1.00005 0.999988 1 0.999999 1 1 1 1 1 1 1 1 1 1 1 
-1.34968e-13 3.39711e-13 -1.23513e-12 5.96217e-12 -2.80247e-11 1.31072e-10 -6.08895e-10 2.80784e-09 -1.28427e-08 5.82078e-08 -2.61131e-07 1.15793e-06 -5.06637e-06 2.18251e-05 -9.23053e-05 0.000382273 -0.00154287 0.00605832 -0.0218791 0.0752807 -0.165954 0.5 1.16595 0.924719 1.02188 0.993942 1.00154 0.999618 1.00009 0.999978 1.00001 0.999999 1 1 1 1 1 1 1 1 1 1 1 
-3.39711e-13 7.94264e-13 -2.78284e-12 1.31924e-11 -6.06517e-11 2.77278e-10 -1.25777e-09 5.65705e-09 -2.52041e-08 1.11111e-07 -4.84005e-07 2.07978e-06 -8.79697e-06 3.65287e-05 -0.000148376 0.000587436 -0.00224662 0.00825656 -0.0271623 0.0858277 -0.170492 0.5 1.17049 0.914172 1.02716 0.991743 1.00225 0.999413 1.00015 0.999963 1.00001 0.999998 1 1 1 1 1 1 1 1 1 1 1 
-7.94264e-13 1.74673e-12 -5.91489e-12 2.75549e-11 -1.23986e-10 5.54412e-10 -2.4573e-09 1.07869e-08 -4.6845e-08 2.00997e-07 -8.50699e-07 3.54448e-06 -1.45015e-05 5.80725e-05 -0.000226611 0.000857563 -0.00310513 0.0106928 -0.0322274 0.0946235 -0.172797 0.5 1.1728 0.905377 1.03223 0.989307 1.00311 0.999142 1.00023 0.999942 1.00001 0.999996 1 1 1 1 1 1 1 1 1 1 1 
-1.74673e-12 3.64637e-12 -1.19621e-11 5.47897e-11 -2.41406e-10 1.0564e-09 -4.5775e-09 1.9622e-08 -8.31046e-08 3.4723e-07 -1.4286e-06 5.77425e-06 -2.28602e-05 8.8316e-05 -0.000331116 0.00119757 -0.00410427 0.0132709 -0.0368669 0.101571 -0.173408 0.5 1.17341 0.898429 1.03687 0.986729 1.0041 0.998802 1.00033 0.999912 1.00002 0.999994 1 1 1 1 1 1 1 1 1 1 1 
-3.64637e-12 7.27566e-12 -2.31681e-11 1.04377e-10 -4.50515e-10 1.93021e-09 -8.18019e-09 3.42564e-08 -1.41553e-07 5.7617e-07 -2.30523e-06 9.04194e-06 -3.46496e-05 0.000129168 -0.000465306 0.00160842 -0.00521872 0.0158868 -0.0409341 0.106718 -0.172812 0.5 1.17281 0.893282 1.04093 0.984113 1.00522 0.998392 1.00047 0.999871 1.00003 0.999991 1 0.999999 1 1 1 1 1 1 1 1 1 
-7.27566e-12 1.39509e-11 -4.31901e-11 1.91463e-10 -8.09825e-10 3.39827e-09 -1.40906e-08 5.76661e-08 -2.32562e-07 9.22457e-07 -3.59011e-06 1.36687e-05 -5.07114e-05 0.000182442 -0.000631478 0.00208662 -0.00641425 0.0184384 -0.0443421 0.110224 -0.171433 0.5 1.17143 0.889776 1.04434 0.981562 1.00641 0.997913 1.00063 0.999818 1.00005 0.999986 1 0.999999 1 1 1 1 1 1 1 1 1 
-1.39509e-11 2.58172e-11 -7.78116e-11 3.3952e-10 -1.40765e-09 5.78711e-09 -2.34839e-08 9.39498e-08 -3.69886e-07 1.43007e-06 -5.41518e-06 2.00165e-05 -7.19072e-05 0.000249691 -0.000830441 0.00262418 -0.00765089 0.0208336 -0.0470587 0.112317 -0.169619 0.5 1.16962 0.887683 1.04706 0.979166 1.00765 0.997376 1.00083 0.99975 1.00007 0.99998 1.00001 0.999999 1 1 1 1 1 1 1 1 1 
-2.58172e-11 4.62713e-11 -1.35923e-10 5.8392e-10 -2.37355e-09 9.56261e-09 -3.7986e-08 1.48587e-07 -5.71211e-07 2.15304e-06 -7.93364e-06 2.84752e-05 -9.90606e-05 0.000332039 -0.00106127 0.00320902 -0.00888645 0.0229972 -0.0490979 0.113262 -0.167646 0.5 1.16765 0.886738 1.0491 0.977003 1.00889 0.996791 1.00106 0.999668 1.0001 0.999972 1.00001 0.999998 1 1 1 1 1 1 1 1 1 
-4.62713e-11 8.05491e-11 -2.30839e-10 9.76583e-10 -3.8927e-09 1.53719e-08 -5.97855e-08 2.28697e-07 -8.58602e-07 3.15556e-06 -1.13166e-05 3.94436e-05 -0.000132892 0.000430033 -0.00132119 0.00382579 -0.0100799 0.0248743 -0.0505095 0.113332 -0.165716 0.5 1.16572 0.886668 1.05051 0.975126 1.01008 0.996174 1.00132 0.99957 1.00013 0.999961 1.00001 0.999997 1 1 1 1 1 1 1 1 1 
-8.05491e-11 1.36522e-10 -3.82013e-10 1.59187e-09 -6.22313e-09 2.40911e-08 -9.17514e-08 3.43278e-07 -1.25878e-06 4.51138e-06 -1.57475e-05 5.33058e-05 -0.000173949 0.00054352 -0.00160566 0.00445693 -0.0111946 0.0264323 -0.051369 0.112788 -0.163968 0.5 1.16397 0.887212 1.05137 0.973568 1.01119 0.995543 1.00161 0.999456 1.00017 0.999947 1.00002 0.999995 1 1 1 1 1 1 1 1 1 
-1.36522e-10 2.25749e-10 -6.17219e-10 2.53384e-09 -9.71595e-09 3.68779e-08 -1.3755e-07 5.034e-07 -1.80314e-06 6.30238e-06 -2.14141e-05 7.04045e-05 -0.000222543 0.000671577 -0.00190856 0.00508397 -0.0122002 0.0276604 -0.0517681 0.111859 -0.162483 0.5 1.16248 0.888141 1.05177 0.97234 1.0122 0.994916 1.00191 0.999328 1.00022 0.99993 1.00002 0.999994 1 0.999999 1 1 1 1 1 1 1 
-2.25749e-10 3.6483e-10 -9.75237e-10 3.94486e-09 -1.48381e-08 5.52257e-08 -2.01753e-07 7.22314e-07 -2.52748e-06 8.61601e-06 -2.84986e-05 9.10113e-05 -0.000278693 0.000812501 -0.00222258 0.00568882 -0.0130745 0.0285674 -0.0518049 0.11074 -0.161298 0.5 1.1613 0.88926 1.0518 0.971433 1.01307 0.994311 1.00222 0.999187 1.00028 0.999909 1.00003 0.999991 1 0.999999 1 1 1 1 1 1 1 
-3.6483e-10 5.77107e-10 -1.50909e-09 6.01562e-09 -2.21969e-08 8.10177e-08 -2.89916e-07 1.01546e-06 -3.47132e-06 1.1542e-05 -3.71658e-05 0.000115299 -0.000342092 0.000963858 -0.00253966 0.00625498 -0.0138043 0.0291782 -0.051577 0.109582 -0.160414 0.5 1.16041 0.890418 1.05158 0.970822 1.0138 0.993745 1.00254 0.999036 1.00034 0.999885 1.00004 0.999988 1 0.999999 1 1 1 1 1 1 1 
-5.77107e-10 8.9474e-10 -2.28978e-09 8.99628e-09 -3.25655e-08 1.16574e-07 -4.08633e-07 1.40033e-06 -4.67685e-06 1.51679e-05 -4.75509e-05 0.000143317 -0.000412085 0.00112259 -0.00285152 0.00676854 -0.0143849 0.0295298 -0.0511752 0.108494 -0.159808 0.5 1.15981 0.891506 1.05118 0.97047 1.01438 0.993231 1.00285 0.998877 1.00041 0.999857 1.00005 0.999985 1 0.999999 1 1 1 1 1 1 1 
-8.9474e-10 1.36119e-09 -3.41056e-09 1.32085e-08 -4.69071e-08 1.6469e-07 -5.6553e-07 1.89617e-06 -6.18736e-06 1.95742e-05 -5.9747e-05 0.000174973 -0.000487683 0.00128518 -0.00315018 0.00721892 -0.0148195 0.0296666 -0.0506786 0.107547 -0.159439 0.5 1.15944 0.892453 1.05068 0.970333 1.01482 0.992781 1.00315 0.998715 1.00049 0.999825 1.00006 0.99998 1.00001 0.999998 1 1 1 1 1 1 1 
-1.36119e-09 2.03406e-09 -4.99155e-09 1.90576e-08 -6.63967e-08 2.28656e-07 -7.69204e-07 2.52348e-06 -8.04542e-06 2.48287e-05 -7.37935e-05 0.000210018 -0.000567593 0.00144784 -0.00342844 0.00759932 -0.0151184 0.0296363 -0.0501525 0.106779 -0.159261 0.5 1.15926 0.893221 1.05015 0.970364 1.01512 0.992401 1.00343 0.998552 1.00057 0.99979 1.00007 0.999975 1.00001 0.999997 1 1 1 1 1 1 1 
-2.03406e-09 2.98838e-09 -7.18453e-09 2.7045e-08 -9.2438e-08 3.12257e-07 -1.02909e-06 3.30338e-06 -1.02906e-05 3.09809e-05 -8.96672e-05 0.000248052 -0.000650274 0.00160675 -0.00368025 0.00790683 -0.0152968 0.0294862 -0.0496466 0.106201 -0.159225 0.5 1.15922 0.893799 1.04965 0.970514 1.0153 0.992093 1.00368 0.998393 1.00065 0.999752 1.00009 0.999969 1.00001 0.999997 1 1 1 1 1 1 1 
-2.98838e-09 4.32004e-09 -1.01778e-08 3.77783e-08 -1.26672e-07 4.19745e-07 -1.35523e-06 4.25672e-06 -1.2957e-05 3.80571e-05 -0.000107276 0.000288527 -0.000734014 0.00175824 -0.00390109 0.00814221 -0.0153737 0.02926 -0.0491957 0.105804 -0.159285 0.5 1.15928 0.894196 1.0492 0.97074 1.01537 0.991858 1.0039 0.998242 1.00073 0.999711 1.00011 0.999962 1.00001 0.999996 1 1 1 1 1 1 1 
-4.32004e-09 6.14951e-09 -1.42005e-08 5.19803e-08 -1.70977e-07 5.55772e-07 -1.75798e-06 5.40313e-06 -1.60709e-05 4.60553e-05 -0.000126455 0.000330767 -0.000817019 0.00189903 -0.00408805 0.00830951 -0.0153698 0.0289956 -0.0488205 0.105566 -0.159402 0.5 1.1594 0.894434 1.04882 0.971004 1.01537 0.99169 1.00409 0.998101 1.00082 0.999669 1.00013 0.999954 1.00002 0.999995 1 0.999999 1 1 1 1 1 
-6.14951e-09 8.62551e-09 -1.95266e-08 7.04938e-08 -2.27451e-07 7.25297e-07 -2.24766e-06 6.75987e-06 -1.96479e-05 5.49425e-05 -0.000146972 0.000373999 -0.000897503 0.00202637 -0.00423992 0.0084154 -0.0153061 0.0287241 -0.0485297 0.105457 -0.159545 0.5 1.15954 0.894543 1.04853 0.971276 1.01531 0.991585 1.00424 0.997974 1.0009 0.999626 1.00015 0.999945 1.00002 0.999993 1 0.999999 1 1 1 1 1 
-8.62551e-09 1.19285e-08 -2.64771e-08 9.4282e-08 -2.98388e-07 9.33448e-07 -2.83402e-06 8.3407e-06 -2.36914e-05 6.46523e-05 -0.000168529 0.000417384 -0.00097379 0.00213821 -0.00435714 0.00846848 -0.0152026 0.0284688 -0.0483226 0.105445 -0.159689 0.5 1.15969 0.894555 1.04832 0.971531 1.0152 0.991532 1.00436 0.997862 1.00097 0.999583 1.00017 0.999935 1.00002 0.999992 1 0.999999 1 1 1 1 1 
-1.19285e-08 1.62735e-08 -3.54213e-08 1.24424e-07 -3.86227e-07 1.18535e-06 -3.52584e-06 1.01547e-05 -2.81901e-05 7.50854e-05 -0.000190776 0.000460062 -0.00104439 0.00223322 -0.00444157 0.00847849 -0.0150771 0.0282455 -0.0481918 0.1055 -0.159819 0.5 1.15982 0.8945 1.04819 0.971755 1.01508 0.991522 1.00444 0.997767 1.00104 0.99954 1.00019 0.999925 1.00003 0.99999 1 0.999999 1 1 1 1 1 
-1.62735e-08 2.19125e-08 -4.67757e-08 1.62101e-07 -4.93494e-07 1.48591e-06 -4.3303e-06 1.22054e-05 -3.31176e-05 8.61111e-05 -0.000213325 0.000501191 -0.00110809 0.00231087 -0.00449625 0.00845557 -0.0149446 0.0280633 -0.0481255 0.105593 -0.159925 0.5 1.15993 0.894407 1.04813 0.971937 1.01494 0.991544 1.0045 0.997689 1.00111 0.999499 1.00021 0.999914 1.00003 0.999988 1 0.999999 1 1 1 1 1 
-2.19125e-08 2.91355e-08 -6.1e-08 2.08578e-07 -6.22716e-07 1.83961e-06 -5.25251e-06 1.44895e-05 -3.84317e-05 9.7571e-05 -0.000235764 0.000539989 -0.00116396 0.00237136 -0.00452514 0.00840957 -0.0148168 0.0279255 -0.0481094 0.105703 -0.160005 0.5 1.16001 0.894297 1.04811 0.972074 1.01482 0.99159 1.00453 0.997629 1.00116 0.99946 1.00024 0.999902 1.00004 0.999986 1.00001 0.999998 1 1 1 1 1 
-2.91355e-08 3.82701e-08 -7.85906e-08 2.65177e-07 -7.76329e-07 2.25023e-06 -6.29497e-06 1.69967e-05 -4.40747e-05 0.000109285 -0.00025768 0.000575771 -0.00121145 0.00241557 -0.00453272 0.00834956 -0.0147023 0.0278309 -0.0481294 0.105811 -0.160059 0.5 1.16006 0.894189 1.04813 0.972169 1.0147 0.99165 1.00453 0.997584 1.00121 0.999424 1.00026 0.999891 1.00004 0.999983 1.00001 0.999998 1 1 1 1 1 
-3.82701e-08 4.96796e-08 -1.00071e-07 3.33237e-07 -9.56568e-07 2.7206e-06 -7.45715e-06 1.97092e-05 -4.99751e-05 0.000121058 -0.000278674 0.000607981 -0.00125036 0.00244493 -0.00452372 0.00828338 -0.0146062 0.0277749 -0.048172 0.105908 -0.160089 0.5 1.16009 0.894092 1.04817 0.972225 1.01461 0.991717 1.00452 0.997555 1.00125 0.999392 1.00028 0.999879 1.00005 0.99998 1.00001 0.999997 1 1 1 1 1 
-4.96796e-08 6.37584e-08 -1.25979e-07 4.14077e-07 -1.16535e-06 3.25238e-06 -8.73513e-06 2.26017e-05 -5.60496e-05 0.000132689 -0.000298381 0.000636213 -0.00128081 0.0024613 -0.0045028 0.00821739 -0.0145312 0.0277511 -0.0482258 0.105985 -0.1601 0.5 1.1601 0.894015 1.04823 0.972249 1.01453 0.991783 1.0045 0.997539 1.00128 0.999364 1.0003 0.999867 1.00006 0.999977 1.00001 0.999997 1 1 1 1 1 
-6.37584e-08 8.09262e-08 -1.5685e-07 5.08939e-07 -1.40415e-06 3.84583e-06 -1.01214e-05 2.56419e-05 -6.22058e-05 0.000143976 -0.000316487 0.000660222 -0.00130323 0.00246683 -0.00447429 0.00815641 -0.0144774 0.0277518 -0.0482818 0.106042 -0.160097 0.5 1.1601 0.893958 1.04828 0.972248 1.01448 0.991844 1.00447 0.997533 1.0013 0.99934 1.00032 0.999856 1.00006 0.999974 1.00001 0.999996 1 0.999999 1 1 1 
-8.09262e-08 1.01619e-07 -1.93196e-07 6.18937e-07 -1.6739e-06 4.49962e-06 -1.1605e-05 2.87912e-05 -6.83461e-05 0.000154731 -0.000332741 0.000679931 -0.00131834 0.00246378 -0.00444202 0.00810368 -0.0144432 0.0277695 -0.0483335 0.106078 -0.160086 0.5 1.16009 0.893922 1.04833 0.97223 1.01444 0.991896 1.00444 0.997536 1.00132 0.99932 1.00033 0.999845 1.00007 0.999971 1.00001 0.999996 1 0.999999 1 1 1 
-1.01619e-07 1.26277e-07 -2.35489e-07 7.45001e-07 -1.97484e-06 5.21074e-06 -1.31711e-05 3.20063e-05 -7.43711e-05 0.000164782 -0.000346962 0.000695419 -0.00132701 0.00245442 -0.00440916 0.00806104 -0.014426 0.0277975 -0.0483769 0.106097 -0.16007 0.5 1.16007 0.893903 1.04838 0.972202 1.01443 0.991939 1.00441 0.997546 1.00133 0.999305 1.00035 0.999835 1.00007 0.999968 1.00001 0.999995 1 0.999999 1 1 1 
-1.26277e-07 1.55334e-07 -2.84131e-07 8.87815e-07 -2.30649e-06 5.97441e-06 -1.48021e-05 3.524e-05 -8.0184e-05 0.000173984 -0.000359049 0.000706911 -0.00133028 0.00244087 -0.00437819 0.00802908 -0.0144223 0.0278298 -0.04841 0.106101 -0.160054 0.5 1.16005 0.893899 1.04841 0.97217 1.01442 0.991971 1.00438 0.997559 1.00133 0.999293 1.00036 0.999826 1.00008 0.999965 1.00001 0.999994 1 0.999999 1 1 1 
-1.55334e-07 1.89198e-07 -3.39434e-07 1.04776e-06 -2.6675e-06 6.78415e-06 -1.64773e-05 3.84434e-05 -8.56943e-05 0.000182222 -0.000368978 0.000714748 -0.00132923 0.00242506 -0.00435084 0.00800743 -0.0144284 0.0278619 -0.0484325 0.106096 -0.160038 0.5 1.16004 0.893904 1.04843 0.972138 1.01443 0.991993 1.00435 0.997575 1.00133 0.999285 1.00037 0.999818 1.00009 0.999962 1.00002 0.999993 1 0.999999 1 1 1 
-1.89198e-07 2.28238e-07 -4.01599e-07 1.22488e-06 -3.0557e-06 7.63185e-06 -1.81741e-05 4.15678e-05 -9.08217e-05 0.000189417 -0.000376798 0.000719367 -0.00132496 0.00240858 -0.0043282 0.007995 -0.014441 0.0278907 -0.0484452 0.106084 -0.160025 0.5 1.16003 0.893916 1.04845 0.972109 1.01444 0.992005 1.00433 0.997591 1.00132 0.999281 1.00038 0.999811 1.00009 0.999958 1.00002 0.999992 1 0.999999 1 1 1 
-2.28238e-07 2.72763e-07 -4.70685e-07 1.41883e-06 -3.46805e-06 8.50796e-06 -1.98686e-05 4.45663e-05 -9.5499e-05 0.000195528 -0.000382626 0.000721267 -0.00131849 0.00239274 -0.00431071 0.00799024 -0.014457 0.0279141 -0.0484498 0.106069 -0.160016 0.5 1.16002 0.893931 1.04845 0.972086 1.01446 0.99201 1.00431 0.997607 1.00132 0.999279 1.00038 0.999804 1.0001 0.999955 1.00002 0.999991 1 0.999999 1 1 1 
-2.72763e-07 3.23009e-07 -5.46601e-07 1.62883e-06 -3.90065e-06 9.40179e-06 -2.15362e-05 4.73957e-05 -9.96745e-05 0.00020055 -0.000386633 0.000720976 -0.00131076 0.00237847 -0.00429835 0.0079914 -0.0144738 0.0279314 -0.0484483 0.106055 -0.16001 0.5 1.16001 0.893945 1.04845 0.972069 1.01447 0.992009 1.0043 0.997622 1.00131 0.999279 1.00039 0.999799 1.0001 0.999953 1.00002 0.999991 1 0.999998 1 1 1 
-3.23009e-07 3.79115e-07 -6.29083e-07 1.8537e-06 -4.34889e-06 1.03018e-05 -2.31528e-05 5.00183e-05 -0.000103314 0.000204512 -0.000389035 0.000719027 -0.00130258 0.00236639 -0.0042907 0.00799668 -0.0144896 0.0279427 -0.0484428 0.106042 -0.160007 0.5 1.16001 0.893958 1.04844 0.972057 1.01449 0.992003 1.00429 0.997634 1.0013 0.999281 1.00039 0.999795 1.0001 0.99995 1.00002 0.99999 1 0.999998 1 1 1 
-3.79115e-07 4.41114e-07 -7.17691e-07 2.09182e-06 -4.80749e-06 1.11959e-05 -2.46957e-05 5.24031e-05 -0.0001064 0.000207475 -0.000390076 0.000715928 -0.00129459 0.00235681 -0.0042871 0.00800443 -0.014503 0.0279484 -0.0484351 0.106032 -0.160006 0.5 1.16001 0.893968 1.04844 0.972052 1.0145 0.991996 1.00429 0.997643 1.00129 0.999284 1.00039 0.999793 1.00011 0.999948 1.00002 0.999989 1 0.999998 1 1 1 
-4.41114e-07 5.08915e-07 -8.11804e-07 2.34118e-06 -5.27067e-06 1.20721e-05 -2.61441e-05 5.4527e-05 -0.000108935 0.000209527 -0.000390015 0.000712141 -0.00128728 0.00234978 -0.00428673 0.00801324 -0.0145136 0.0279497 -0.0484267 0.106025 -0.160007 0.5 1.16001 0.893975 1.04843 0.97205 1.01451 0.991987 1.00429 0.99765 1.00129 0.999288 1.00039 0.99979 1.00011 0.999945 1.00003 0.999988 1.00001 0.999998 1 0.999999 1 
-5.08915e-07 5.82297e-07 -9.10623e-07 2.5994e-06 -5.73234e-06 1.29186e-05 -2.74801e-05 5.63752e-05 -0.000110936 0.000210774 -0.000389111 0.000708066 -0.00128099 0.00234518 -0.00428872 0.00802197 -0.0145209 0.0279478 -0.0484189 0.106021 -0.16001 0.5 1.16001 0.893979 1.04842 0.972052 1.01452 0.991978 1.00429 0.997655 1.00128 0.999292 1.00039 0.999789 1.00011 0.999944 1.00003 0.999987 1.00001 0.999997 1 0.999999 1 
-5.82297e-07 6.60901e-07 -1.01319e-06 2.86381e-06 -6.18629e-06 1.37246e-05 -2.86894e-05 5.79417e-05 -0.000112434 0.000211338 -0.000387615 0.000704033 -0.0012759 0.0023427 -0.00429224 0.00802983 -0.0145253 0.0279438 -0.0484124 0.106019 -0.160012 0.5 1.16001 0.893981 1.04841 0.972056 1.01453 0.99197 1.00429 0.997657 1.00128 0.999296 1.00039 0.999789 1.00011 0.999942 1.00003 0.999986 1.00001 0.999997 1 0.999999 1 
-6.60901e-07 7.44231e-07 -1.11839e-06 3.13147e-06 -6.62635e-06 1.44804e-05 -2.97614e-05 5.92289e-05 -0.000113475 0.000211347 -0.000385752 0.000700294 -0.00127206 0.00234198 -0.00429656 0.00803629 -0.0145271 0.0279388 -0.0484075 0.10602 -0.160014 0.5 1.16001 0.89398 1.04841 0.972061 1.01453 0.991964 1.0043 0.997658 1.00127 0.9993 1.00039 0.999789 1.00011 0.999941 1.00003 0.999986 1.00001 0.999997 1 0.999999 1 
-7.44231e-07 8.31655e-07 -1.22502e-06 3.39933e-06 -7.04668e-06 1.51777e-05 -3.06898e-05 6.0247e-05 -0.000114112 0.000210928 -0.000383724 0.000697025 -0.00126944 0.0023426 -0.00430106 0.00804114 -0.0145269 0.0279336 -0.0484044 0.106022 -0.160017 0.5 1.16002 0.893978 1.0484 0.972066 1.01453 0.991959 1.0043 0.997657 1.00127 0.999303 1.00038 0.999789 1.00011 0.99994 1.00003 0.999985 1.00001 0.999997 1 0.999999 1 
-8.31655e-07 9.22422e-07 -1.33177e-06 3.66426e-06 -7.4419e-06 1.581e-05 -3.14725e-05 6.10134e-05 -0.000114406 0.000210205 -0.000381693 0.000694331 -0.0012679 0.00234413 -0.00430527 0.00804436 -0.0145253 0.0279289 -0.0484028 0.106024 -0.160018 0.5 1.16002 0.893976 1.0484 0.972071 1.01453 0.991956 1.00431 0.997656 1.00127 0.999306 1.00038 0.99979 1.00011 0.999939 1.00003 0.999984 1.00001 0.999996 1 0.999999 1 
-9.22422e-07 1.01567e-06 -1.4373e-06 3.92317e-06 -7.8073e-06 1.63727e-05 -3.21115e-05 6.15509e-05 -0.000114418 0.00020929 -0.000379789 0.000692255 -0.0012673 0.00234621 -0.0043089 0.00804608 -0.0145229 0.0279251 -0.0484025 0.106027 -0.160019 0.5 1.16002 0.893973 1.0484 0.972075 1.01452 0.991954 1.00431 0.997654 1.00127 0.999308 1.00038 0.999791 1.00011 0.999938 1.00003 0.999984 1.00001 0.999996 1 0.999999 1 
-1.01567e-06 1.11044e-06 -1.54024e-06 4.17311e-06 -8.13901e-06 1.68635e-05 -3.26123e-05 6.18869e-05 -0.000114214 0.000208282 -0.000378103 0.000690787 -0.00126741 0.0023485 -0.00431176 0.00804656 -0.0145201 0.0279223 -0.0484032 0.106029 -0.160019 0.5 1.16002 0.893971 1.0484 0.972078 1.01452 0.991953 1.00431 0.997652 1.00127 0.999309 1.00038 0.999792 1.00011 0.999938 1.00003 0.999983 1.00001 0.999996 1 0.999999 1 
-1.11044e-06 1.20574e-06 -1.63931e-06 4.41135e-06 -8.43408e-06 1.72818e-05 -3.29842e-05 6.20516e-05 -0.000113853 0.000207264 -0.000376693 0.000689879 -0.00126805 0.00235074 -0.00431379 0.0080461 -0.0145174 0.0279206 -0.0484045 0.106031 -0.160019 0.5 1.16002 0.893969 1.0484 0.972079 1.01452 0.991954 1.00431 0.997649 1.00127 0.99931 1.00038 0.999793 1.00011 0.999938 1.00003 0.999983 1.00001 0.999996 1 0.999999 1 
-1.20574e-06 1.30049e-06 -1.73326e-06 4.63547e-06 -8.69057e-06 1.7629e-05 -3.32387e-05 6.20767e-05 -0.000113391 0.000206302 -0.000375584 0.000689452 -0.00126902 0.00235274 -0.00431503 0.00804501 -0.014515 0.0279198 -0.048406 0.106032 -0.160019 0.5 1.16002 0.893968 1.04841 0.97208 1.01452 0.991955 1.00432 0.997647 1.00127 0.999311 1.00038 0.999794 1.00011 0.999938 1.00003 0.999982 1.00001 0.999995 1 0.999999 1 
-1.30049e-06 1.39366e-06 -1.821e-06 4.84345e-06 -8.90762e-06 1.79085e-05 -3.33898e-05 6.19936e-05 -0.000112877 0.000205443 -0.000374778 0.000689415 -0.00127014 0.00235439 -0.00431557 0.00804359 -0.0145132 0.0279198 -0.0484075 0.106033 -0.160018 0.5 1.16002 0.893967 1.04841 0.97208 1.01451 0.991956 1.00432 0.997646 1.00127 0.999311 1.00037 0.999795 1.00011 0.999938 1.00003 0.999982 1.00001 0.999995 1 0.999999 1 
-1.39366e-06 1.4842e-06 -1.90159e-06 5.03367e-06 -9.08538e-06 1.8125e-05 -3.34526e-05 6.18327e-05 -0.000112353 0.000204718 -0.000374253 0.000689667 -0.00127129 0.00235563 -0.00431557 0.00804207 -0.0145119 0.0279203 -0.0484089 0.106033 -0.160018 0.5 1.16002 0.893967 1.04841 0.97208 1.01451 0.991958 1.00432 0.997644 1.00127 0.99931 1.00037 0.999795 1.00011 0.999938 1.00003 0.999982 1.00001 0.999995 1 0.999999 1 
-1.4842e-06 1.57113e-06 -1.97426e-06 5.205e-06 -9.22501e-06 1.82845e-05 -3.34427e-05 6.16216e-05 -0.000111851 0.000204142 -0.000373976 0.000690113 -0.00127235 0.00235646 -0.00431516 0.00804065 -0.0145111 0.0279212 -0.0484099 0.106033 -0.160017 0.5 1.16002 0.893967 1.04841 0.972079 1.01451 0.991959 1.00432 0.997644 1.00127 0.99931 1.00037 0.999796 1.00011 0.999938 1.00003 0.999982 1.00001 0.999995 1 0.999998 1 
-1.57113e-06 1.65357e-06 -2.03847e-06 5.35681e-06 -9.32854e-06 1.83939e-05 -3.33761e-05 6.13851e-05 -0.000111395 0.000203717 -0.000373902 0.000690665 -0.00127325 0.00235691 -0.0043145 0.00803944 -0.0145108 0.0279222 -0.0484106 0.106032 -0.160017 0.5 1.16002 0.893968 1.04841 0.972078 1.01451 0.991961 1.00431 0.997643 1.00127 0.999309 1.00037 0.999796 1.00011 0.999939 1.00003 0.999982 1.00001 0.999995 1 0.999998 1 
-1.65357e-06 1.73072e-06 -2.09389e-06 5.48894e-06 -9.39878e-06 1.84608e-05 -3.32677e-05 6.11437e-05 -0.000111002 0.000203437 -0.000373983 0.000691251 -0.00127396 0.00235704 -0.00431373 0.00803852 -0.0145109 0.0279232 -0.0484109 0.106032 -0.160016 0.5 1.16002 0.893968 1.04841 0.972077 1.01451 0.991961 1.00431 0.997643 1.00127 0.999309 1.00037 0.999797 1.00011 0.999939 1.00003 0.999982 1.00001 0.999995 1 0.999998 1 
-1.73072e-06 1.80194e-06 -2.14043e-06 5.60168e-06 -9.43917e-06 1.84928e-05 -3.31315e-05 6.09141e-05 -0.000110681 0.000203285 -0.000374172 0.000691812 -0.00127446 0.00235693 -0.00431296 0.0080379 -0.0145113 0.027924 -0.048411 0.106031 -0.160016 0.5 1.16002 0.893969 1.04841 0.972076 1.01451 0.991962 1.00431 0.997643 1.00127 0.999308 1.00037 0.999797 1.00011 0.999939 1.00003 0.999982 1.00001 0.999994 1 0.999998 1 
-1.80194e-06 1.8667e-06 -2.17821e-06 5.69577e-06 -9.45358e-06 1.84977e-05 -3.29798e-05 6.07085e-05 -0.000110433 0.000203241 -0.000374425 0.000692309 -0.00127477 0.00235665 -0.00431226 0.00803757 -0.0145118 0.0279247 -0.0484108 0.106031 -0.160016 0.5 1.16002 0.893969 1.04841 0.972075 1.01451 0.991962 1.00431 0.997643 1.00127 0.999308 1.00037 0.999797 1.00011 0.999939 1.00003 0.999982 1.00001 0.999994 1 0.999998 1 
-1.8667e-06 1.92467e-06 -2.20756e-06 5.7723e-06 -9.44617e-06 1.84826e-05 -3.28232e-05 6.05355e-05 -0.000110255 0.000203282 -0.000374703 0.000692716 -0.0012749 0.00235629 -0.00431169 0.00803749 -0.0145124 0.0279251 -0.0484105 0.10603 -0.160016 0.5 1.16002 0.89397 1.04841 0.972075 1.01451 0.991963 1.00431 0.997644 1.00127 0.999307 1.00037 0.999797 1.00011 0.999939 1.00003 0.999982 1.00001 0.999994 1 0.999998 1 
-1.92467e-06 1.97565e-06 -2.22899e-06 5.83267e-06 -9.42121e-06 1.84542e-05 -3.26703e-05 6.03993e-05 -0.00011014 0.000203384 -0.000374976 0.000693022 -0.00127489 0.00235589 -0.00431127 0.00803759 -0.0145129 0.0279253 -0.0484102 0.10603 -0.160016 0.5 1.16002 0.89397 1.04841 0.972075 1.01451 0.991962 1.00431 0.997644 1.00127 0.999307 1.00037 0.999797 1.00011 0.99994 1.00003 0.999982 1.00001 0.999994 1 0.999998 1 
-1.97565e-06 2.01962e-06 -2.24319e-06 5.87851e-06 -9.3829e-06 1.84184e-05 -3.25274e-05 6.03016e-05 -0.00011008 0.000203526 -0.000375221 0.000693228 -0.00127477 0.0023555 -0.004311 0.00803782 -0.0145133 0.0279254 -0.0484098 0.10603 -0.160017 0.5 1.16002 0.89397 1.04841 0.972075 1.01451 0.991962 1.00431 0.997644 1.00127 0.999307 1.00038 0.999796 1.00011 0.99994 1.00003 0.999982 1.00001 0.999994 1 0.999998 1 
-2.01962e-06 2.05671e-06 -2.25095e-06 5.91161e-06 -9.33526e-06 1.83801e-05 -3.23993e-05 6.02408e-05 -0.000110061 0.000203687 -0.000375424 0.000693344 -0.0012746 0.00235517 -0.00431087 0.00803811 -0.0145136 0.0279253 -0.0484095 0.10603 -0.160017 0.5 1.16002 0.89397 1.04841 0.972075 1.01451 0.991962 1.00431 0.997645 1.00127 0.999307 1.00038 0.999796 1.00011 0.99994 1.00003 0.999982 1.00001 0.999994 1 0.999998 1 
-2.05671e-06 2.08718e-06 -2.25316e-06 5.93384e-06 -9.28197e-06 1.83431e-05 -3.22886e-05 6.02137e-05 -0.000110074 0.000203852 -0.000375576 0.000693384 -0.00127439 0.00235492 -0.00431086 0.00803842 -0.0145138 0.0279251 -0.0484092 0.10603 -0.160017 0.5 1.16002 0.89397 1.04841 0.972075 1.01451 0.991962 1.00431 0.997645 1.00127 0.999307 1.00038 0.999796 1.00011 0.99994 1.00003 0.999982 1.00001 0.999994 1 0.999998 1 
-2.08718e-06 2.11143e-06 -2.25076e-06 5.94706e-06 -9.22627e-06 1.83106e-05 -3.21965e-05 6.02155e-05 -0.000110108 0.000204008 -0.000375676 0.000693366 -0.00127417 0.00235474 -0.00431093 0.0080387 -0.0145139 0.0279248 -0.0484091 0.10603 -0.160017 0.5 1.16002 0.89397 1.04841 0.972075 1.01451 0.991961 1.00431 0.997645 1.00127 0.999307 1.00038 0.999796 1.00011 0.99994 1.00003 0.999982 1.00001 0.999994 1 0.999998 1 
-2.11143e-06 2.12996e-06 -2.24471e-06 5.9531e-06 -9.17096e-06 1.82844e-05 -3.21229e-05 6.02406e-05 -0.000110152 0.000204148 -0.000375727 0.000693309 -0.00127398 0.00235464 -0.00431105 0.00803894 -0.0145139 0.0279246 -0.048409 0.10603 -0.160017 0.5 1.16002 0.89397 1.04841 0.972075 1.01451 0.991961 1.00431 0.997645 1.00127 0.999307 1.00038 0.999796 1.00011 0.99994 1.00003 0.999982 1.00001 0.999994 1 0.999998 1 
-2.12996e-06 2.14334e-06 -2.23594e-06 5.95366e-06 -9.11827e-06 1.82657e-05 -3.20666e-05 6.02832e-05 -0.000110199 0.000204265 -0.000375735 0.00069323 -0.00127381 0.00235461 -0.0043112 0.00803912 -0.0145139 0.0279244 -0.048409 0.10603 -0.160017 0.5 1.16002 0.89397 1.04841 0.972076 1.01451 0.991961 1.00431 0.997645 1.00127 0.999307 1.00038 0.999796 1.00011 0.99994 1.00003 0.999982 1.00001 0.999994 1 0.999998 1 
-2.14334e-06 2.15221e-06 -2.22535e-06 5.95028e-06 -9.06992e-06 1.82547e-05 -3.20256e-05 6.03375e-05 -0.000110242 0.000204357 -0.000375709 0.000693145 -0.00127368 0.00235463 -0.00431135 0.00803923 -0.0145138 0.0279242 -0.048409 0.10603 -0.160017 0.5 1.16002 0.89397 1.04841 0.972076 1.01451 0.991961 1.00431 0.997645 1.00127 0.999307 1.00038 0.999796 1.00011 0.99994 1.00003 0.999982 1.00001 0.999994 1 0.999998 1 
-2.15221e-06 2.15724e-06 -2.21372e-06 5.94434e-06 -9.02709e-06 1.82512e-05 -3.19976e-05 6.03982e-05 -0.000110276 0.000204426 -0.000375657 0.000693065 -0.00127358 0.0023547 -0.00431148 0.00803928 -0.0145136 0.0279241 -0.0484091 0.106031 -0.160017 0.5 1.16002 0.893969 1.04841 0.972076 1.01451 0.991961 1.00431 0.997645 1.00127 0.999307 1.00038 0.999796 1.00011 0.99994 1.00003 0.999982 1.00001 0.999994 1 0.999998 1 
-2.15724e-06 2.15908e-06 -2.20178e-06 5.93696e-06 -8.99049e-06 1.82545e-05 -3.19801e-05 6.04608e-05 -0.0001103 0.000204474 -0.00037559 0.000692998 -0.00127353 0.00235478 -0.00431158 0.00803928 -0.0145135 0.0279241 -0.0484092 0.106031 -0.160017 0.5 1.16002 0.893969 1.04841 0.972076 1.01451 0.991961 1.00431 0.997645 1.00127 0.999307 1.00038 0.999796 1.00011 0.99994 1.00003 0.999982 1.00001 0.999994 1 0.999998 1 
-2.15908e-06 2.1584e-06 -2.19012e-06 5.92909e-06 -8.96039e-06 1.82634e-05 -3.19705e-05 6.05217e-05 -0.000110311 0.000204505 -0.000375514 0.00069295 -0.0012735 0.00235488 -0.00431165 0.00803925 -0.0145134 0.027924 -0.0484093 0.106031 -0.160017 0.5 1.16002 0.893969 1.04841 0.972076 1.01451 0.991961 1.00431 0.997645 1.00127 0.999307 1.00038 0.999795 1.00011 0.999939 1.00003 0.999982 1.00001 0.999994 1 0.999998 1 
-2.1584e-06 2.15582e-06 -2.17923e-06 5.92143e-06 -8.93671e-06 1.82766e-05 -3.19663e-05 6.0578e-05 -0.000110311 0.000204521 -0.000375437 0.000692923 -0.00127349 0.00235497 -0.00431169 0.0080392 -0.0145133 0.0279241 -0.0484093 0.106031 -0.160017 0.5 1.16002 0.893969 1.04841 0.972076 1.01451 0.991961 1.00431 0.997645 1.00127 0.999307 1.00038 0.999795 1.00011 0.999939 1.00003 0.999982 1.00001 0.999994 1 0.999998 1 
-2.15582e-06 2.1519e-06 -2.16944e-06 5.9145e-06 -8.91907e-06 1.82927e-05 -3.19656e-05 6.0628e-05 -0.0001103 0.000204528 -0.000375364 0.000692917 -0.0012735 0.00235506 -0.00431169 0.00803914 -0.0145132 0.0279241 -0.0484094 0.106031 -0.160017 0.5 1.16002 0.893969 1.04841 0.972076 1.01451 0.991961 1.00431 0.997645 1.00127 0.999307 1.00038 0.999795 1.00011 0.999939 1.00003 0.999982 1.00001 0.999994 1 0.999998 1 
-2.1519e-06 2.14715e-06 -2.16101e-06 5.90863e-06 -8.90686e-06 1.83105e-05 -3.19666e-05 6.06706e-05 -0.00011028 0.00020453 -0.000375298 0.000692928 -0.00127352 0.00235513 -0.00431167 0.00803908 -0.0145132 0.0279242 -0.0484095 0.106031 -0.160017 0.5 1.16002 0.893969 1.04841 0.972076 1.01451 0.991961 1.00431 0.997645 1.00127 0.999307 1.00038 0.999795 1.00011 0.999939 1.00003 0.999982 1.00001 0.999994 1 0.999998 1 
-2.14715e-06 2.14201e-06 -2.15407e-06 5.90397e-06 -8.89936e-06 1.83287e-05 -3.1968e-05 6.07055e-05 -0.000110254 0.00020453 -0.000375242 0.000692954 -0.00127354 0.00235519 -0.00431163 0.00803904 -0.0145132 0.0279243 -0.0484095 0.106031 -0.160017 0.5 1.16002 0.893969 1.04841 0.972076 1.01451 0.991961 1.00431 0.997645 1.00127 0.999307 1.00038 0.999795 1.00011 0.999939 1.00003 0.999982 1.00001 0.999994 1 0.999998 1 
-2.14201e-06 2.13683e-06 -2.14864e-06 5.90058e-06 -8.89573e-06 1.83463e-05 -3.19689e-05 6.07328e-05 -0.000110224 0.00020453 -0.000375195 0.000692991 -0.00127355 0.00235523 -0.00431158 0.008039 -0.0145132 0.0279243 -0.0484095 0.106031 -0.160017 0.5 1.16002 0.893969 1.04841 0.972076 1.01451 0.991961 1.00431 0.997645 1.00127 0.999307 1.00038 0.999795 1.00011 0.999939 1.00003 0.999982 1.00001 0.999994 1 0.999998 1 
-2.13683e-06 2.1319e-06 -2.14469e-06 5.89838e-06 -8.89516e-06 1.83625e-05 -3.19686e-05 6.07534e-05 -0.000110191 0.000204532 -0.000375158 0.000693035 -0.00127356 0.00235526 -0.00431153 0.00803899 -0.0145132 0.0279244 -0.0484095 0.106031 -0.160017 0.5 1.16002 0.893969 1.04841 0.972076 1.01451 0.991961 1.00431 0.997645 1.00127 0.999307 1.00038 0.999795 1.00011 0.999939 1.00003 0.999982 1.00001 0.999994 1 0.999998 1 
-2.1319e-06 2.12741e-06 -2.14209e-06 5.89723e-06 -8.89683e-06 1.83766e-05 -3.19671e-05 6.07681e-05 -0.000110159 0.000204538 -0.00037513 0.000693082 -0.00127356 0.00235528 -0.00431147 0.00803899 -0.0145132 0.0279244 -0.0484094 0.10603 -0.160017 0.5 1.16002 0.89397 1.04841 0.972076 1.01451 0.991961 1.00431 0.997645 1.00127 0.999307 1.00038 0.999795 1.00011 0.999939 1.00003 0.999982 1.00001 0.999994 1 0.999998 1 
-2.12741e-06 2.12351e-06 -2.14069e-06 5.89696e-06 -8.90002e-06 1.83883e-05 -3.19642e-05 6.07779e-05 -0.000110129 0.000204547 -0.000375109 0.000693128 -0.00127355 0.00235529 -0.00431142 0.008039 -0.0145132 0.0279245 -0.0484094 0.10603 -0.160017 0.5 1.16002 0.89397 1.04841 0.972076 1.01451 0.991961 1.00431 0.997645 1.00127 0.999307 1.00038 0.999795 1.00011 0.999939 1.00003 0.999982 1.00001 0.999994 1 0.999998 1 
-2.12351e-06 2.12028e-06 -2.14029e-06 5.89735e-06 -8.90409e-06 1.83975e-05 -3.19602e-05 6.0784e-05 -0.000110101 0.00020456 -0.000375092 0.000693172 -0.00127354 0.0023553 -0.00431137 0.00803903 -0.0145132 0.0279245 -0.0484094 0.10603 -0.160017 0.5 1.16002 0.89397 1.04841 0.972076 1.01451 0.991961 1.00431 0.997645 1.00127 0.999307 1.00038 0.999795 1.00011 0.999939 1.00003 0.999982 1.00001 0.999994 1 0.999998 1 
-2.12028e-06 2.11773e-06 -2.14069e-06 5.8982e-06 -8.9085e-06 1.84042e-05 -3.19555e-05 6.07873e-05 -0.000110077 0.000204575 -0.00037508 0.000693212 -0.00127351 0.0023553 -0.00431133 0.00803906 -0.0145132 0.0279245 -0.0484093 0.10603 -0.160017 0.5 1.16002 0.89397 1.04841 0.972076 1.01451 0.991961 1.00431 0.997645 1.00127 0.999307 1.00038 0.999795 1.00011 0.999939 1.00003 0.999982 1.00001 0.999994 1 0.999998 1 
-2.11773e-06 2.11586e-06 -2.14168e-06 5.89932e-06 -8.91286e-06 1.84085e-05 -3.19503e-05 6.07888e-05 -0.000110057 0.000204592 -0.000375069 0.000693247 -0.00127348 0.00235531 -0.0043113 0.0080391 -0.0145132 0.0279245 -0.0484093 0.10603 -0.160017 0.5 1.16002 0.89397 1.04841 0.972076 1.01451 0.991961 1.00431 0.997645 1.00127 0.999307 1.00038 0.999795 1.00011 0.999939 1.00003 0.999982 1.00001 0.999994 1 0.999998 1 
-2.11586e-06 2.11459e-06 -2.14307e-06 5.90055e-06 -8.91687e-06 1.84108e-05 -3.1945e-05 6.07892e-05 -0.000110041 0.00020461 -0.000375059 0.000693277 -0.00127345 0.00235532 -0.00431128 0.00803914 -0.0145132 0.0279245 -0.0484093 0.106031 -0.160017 0.5 1.16002 0.893969 1.04841 0.972076 1.01451 0.991961 1.00431 0.997645 1.00127 0.999307 1.00038 0.999795 1.00011 0.999939 1.00003 0.999982 1.00001 0.999994 1 0.999998 1 
-2.11459e-06 2.11387e-06 -2.14468e-06 5.90174e-06 -8.92032e-06 1.84114e-05 -3.194e-05 6.07891e-05 -0.000110029 0.000204628 -0.00037505 0.000693302 -0.00127342 0.00235533 -0.00431125 0.00803918 -0.0145132 0.0279245 -0.0484092 0.106031 -0.160017 0.5 1.16002 0.893969 1.04841 0.972076 1.01451 0.991961 1.00431 0.997645 1.00127 0.999307 1.00038 0.999795 1.00011 0.999939 1.00003 0.999982 1.00001 0.999994 1 0.999998 1 
-2.11387e-06 2.1136e-06 -2.14636e-06 5.90279e-06 -8.92313e-06 1.84106e-05 -3.19356e-05 6.07888e-05 -0.000110021 0.000204646 -0.00037504 0.000693322 -0.00127338 0.00235535 -0.00431124 0.00803922 -0.0145132 0.0279245 -0.0484092 0.106031 -0.160017 0.5 1.16002 0.893969 1.04841 0.972076 1.01451 0.991961 1.00431 0.997645 1.00127 0.999307 1.00038 0.999795 1.00011 0.999939 1.00003 0.999982 1.00001 0.999994 1 0.999998 1 
-2.1136e-06 2.11368e-06 -2.14798e-06 5.90365e-06 -8.92526e-06 1.84089e-05 -3.19319e-05 6.07886e-05 -0.000110015 0.000204661 -0.00037503 0.000693339 -0.00127335 0.00235537 -0.00431122 0.00803925 -0.0145132 0.0279245 -0.0484092 0.106031 -0.160017 0.5 1.16002 0.893969 1.04841 0.972076 1.01451 0.991961 1.00431 0.997645 1.00127 0.999307 1.00038 0.999795 1.00011 0.999939 1.00003 0.999982 1.00001 0.999994 1 0.999998 1 
-2.11368e-06 2.11402e-06 -2.14946e-06 5.90427e-06 -8.92675e-06 1.84066e-05 -3.19291e-05 6.07887e-05 -0.000110012 0.000204675 -0.000375019 0.000693352 -0.00127332 0.00235539 -0.0043112 0.00803928 -0.0145131 0.0279245 -0.0484092 0.106031 -0.160017 0.5 1.16002 0.893969 1.04841 0.972075 1.01451 0.991961 1.00431 0.997645 1.00127 0.999307 1.00038 0.999795 1.00011 0.999939 1.00003 0.999982 1.00001 0.999994 1 0.999998 1 
-2.11402e-06 2.11453e-06 -2.15073e-06 5.90466e-06 -8.92766e-06 1.8404e-05 -3.19272e-05 6.0789e-05 -0.00011001 0.000204687 -0.000375008 0.000693363 -0.0012733 0.00235542 -0.00431119 0.00803931 -0.0145131 0.0279245 -0.0484092 0.106031 -0.160017 0.5 1.16002 0.893969 1.04841 0.972075 1.01451 0.991961 1.00431 0.997645 1.00127 0.999307 1.00038 0.999795 1.00011 0.999939 1.00003 0.999982 1.00001 0.999994 1 0.999998 1 
-2.11453e-06 2.11514e-06 -2.15175e-06 5.90482e-06 -8.92811e-06 1.84014e-05 -3.19262e-05 6.07895e-05 -0.00011001 0.000204696 -0.000374997 0.000693373 -0.00127328 0.00235544 -0.00431117 0.00803933 -0.0145131 0.0279245 -0.0484092 0.106031 -0.160017 0.5 1.16002 0.893969 1.04841 0.972075 1.01451 0.991961 1.00431 0.997645 1.00127 0.999307 1.00037 0.999795 1.00011 0.999939 1.00003 0.999982 1.00001 0.999994 1 0.999998 1 
-2.11514e-06 2.11577e-06 -2.15252e-06 5.90479e-06 -8.92818e-06 1.83989e-05 -3.19259e-05 6.07902e-05 -0.000110011 0.000204702 -0.000374987 0.000693382 -0.00127326 0.00235547 -0.00431115 0.00803935 -0.014513 0.0279246 -0.0484091 0.106031 -0.160017 0.5 1.16002 0.893969 1.04841 0.972075 1.01451 0.991961 1.00431 0.997645 1.00127 0.999307 1.00037 0.999795 1.00011 0.999939 1.00003 0.999982 1.00001 0.999994 1 0.999998 1 
-2.11577e-06 2.11639e-06 -2.15305e-06 5.90461e-06 -8.92799e-06 1.83967e-05 -3.19262e-05 6.07908e-05 -0.000110012 0.000204707 -0.000374978 0.000693389 -0.00127324 0.00235549 -0.00431113 0.00803937 -0.014513 0.0279246 -0.0484091 0.106031 -0.160017 0.5 1.16002 0.893969 1.04841 0.972075 1.01451 0.991961 1.00431 0.997645 1.00127 0.999307 1.00037 0.999795 1.00011 0.999939 1.00003 0.999982 1.00001 0.999994 1 0.999998 1 
-2.11639e-06 2.11694e-06 -2.15335e-06 5.90432e-06 -8.92764e-06 1.83949e-05 -3.19271e-05 6.07914e-05 -0.000110013 0.00020471 -0.000374969 0.000693397 -0.00127323 0.00235552 -0.00431111 0.00803939 -0.014513 0.0279246 -0.0484091 0.106031 -0.160017 0.5 1.16002 0.893969 1.04841 0.972075 1.01451 0.991961 1.00431 0.997644 1.00127 0.999307 1.00037 0.999795 1.00011 0.999939 1.00003 0.999982 1.00001 0.999994 1 0.999998 1 
-2.11694e-06 2.11741e-06 -2.15346e-06 5.90398e-06 -8.92721e-06 1.83935e-05 -3.19283e-05 6.07918e-05 -0.000110015 0.000204711 -0.000374962 0.000693403 -0.00127322 0.00235554 -0.00431109 0.0080394 -0.0145129 0.0279246 -0.0484091 0.106031 -0.160017 0.5 1.16002 0.893969 1.04841 0.972075 1.01451 0.991961 1.00431 0.997644 1.00127 0.999307 1.00037 0.999795 1.00011 0.999939 1.00003 0.999982 1.00001 0.999994 1 0.999998 1 
-2.11741e-06 2.11778e-06 -2.15341e-06 5.90361e-06 -8.92676e-06 1.83925e-05 -3.19296e-05 6.07921e-05 -0.000110016 0.000204711 -0.000374957 0.00069341 -0.00127321 0.00235555 -0.00431107 0.00803942 -0.0145129 0.0279247 -0.0484091 0.106031 -0.160017 0.5 1.16002 0.893969 1.04841 0.972075 1.01451 0.991961 1.00431 0.997644 1.00127 0.999307 1.00037 0.999795 1.00011 0.999939 1.00003 0.999982 1.00001 0.999994 1 0.999998 1 
-2.11778e-06 2.11805e-06 -2.15326e-06 5.90326e-06 -8.92635e-06 1.83918e-05 -3.1931e-05 6.07921e-05 -0.000110017 0.00020471 -0.000374952 0.000693415 -0.0012732 0.00235557 -0.00431105 0.00803944 -0.0145129 0.0279247 -0.048409 0.106031 -0.160017 0.5 1.16002 0.893969 1.04841 0.972075 1.01451 0.991961 1.00431 0.997644 1.00127 0.999307 1.00037 0.999795 1.00011 0.999939 1.00003 0.999982 1.00001 0.999994 1 0.999998 1 
-2.11805e-06 2.11823e-06 -2.15303e-06 5.90295e-06 -8.92601e-06 1.83915e-05 -3.19324e-05 6.07919e-05 -0.000110017 0.000204709 -0.00037495 0.000693421 -0.0012732 0.00235558 -0.00431103 0.00803945 -0.0145129 0.0279247 -0.048409 0.106031 -0.160017 0.5 1.16002 0.893969 1.04841 0.972075 1.01451 0.991961 1.00431 0.997644 1.00127 0.999307 1.00037 0.999795 1.00011 0.999939 1.00003 0.999982 1.00001 0.999994 1 0.999998 1 
-2.11823e-06 2.11832e-06 -2.15276e-06 5.90269e-06 -8.92575e-06 1.83915e-05 -3.19336e-05 6.07915e-05 -0.000110018 0.000204708 -0.000374948 0.000693425 -0.00127319 0.00235559 -0.00431101 0.00803947 -0.0145128 0.0279247 -0.048409 0.106031 -0.160017 0.5 1.16002 0.893969 1.04841 0.972075 1.01451 0.991961 1.00431 0.997644 1.00127 0.999307 1.00037 0.999795 1.00011 0.999939 1.00003 0.999982 1.00001 0.999994 1 0.999998 1 
-2.11832e-06 2.11834e-06 -2.15248e-06 5.9025e-06 -8.92557e-06 1.83916e-05 -3.19346e-05 6.0791e-05 -0.000110018 0.000204706 -0.000374947 0.000693428 -0.00127319 0.0023556 -0.00431099 0.00803949 -0.0145128 0.0279248 -0.0484089 0.106031 -0.160017 0.5 1.16002 0.893969 1.04841 0.972075 1.01451 0.991961 1.00431 0.997644 1.00127 0.999307 1.00037 0.999795 1.00011 0.999939 1.00003 0.999982 1.00001 0.999994 1 0.999998 1 
-2.11834e-06 2.11831e-06 -2.15221e-06 5.90237e-06 -8.92547e-06 1.83918e-05 -3.19354e-05 6.07904e-05 -0.000110019 0.000204704 -0.000374947 0.000693431 -0.00127318 0.0023556 -0.00431098 0.0080395 -0.0145128 0.0279248 -0.0484089 0.106031 -0.160017 0.5 1.16002 0.893969 1.04841 0.972075 1.01451 0.99196 1.00431 0.997644 1.00127 0.999307 1.00037 0.999795 1.00011 0.999939 1.00003 0.999982 1.00001 0.999994 1 0.999998 1 
-2.11831e-06 2.11825e-06 -2.15198e-06 5.90231e-06 -8.92543e-06 1.83922e-05 -3.19359e-05 6.07897e-05 -0.000110019 0.000204703 -0.000374948 0.000693433 -0.00127318 0.00235561 -0.00431097 0.00803952 -0.0145128 0.0279248 -0.0484089 0.106031 -0.160016 0.5 1.16002 0.893969 1.04841 0.972075 1.01451 0.99196 1.00431 0.997644 1.00127 0.999307 1.00037 0.999795 1.00011 0.999939 1.00003 0.999982 1.00001 0.999994 1 0.999998 1 
-2.11825e-06 2.11815e-06 -2.15178e-06 5.9023e-06 -8.92545e-06 1.83925e-05 -3.19362e-05 6.0789e-05 -0.000110019 0.000204702 -0.000374949 0.000693434 -0.00127318 0.00235561 -0.00431096 0.00803953 -0.0145128 0.0279248 -0.0484089 0.106031 -0.160016 0.5 1.16002 0.893969 1.04841 0.972075 1.01451 0.99196 1.00431 0.997644 1.00127 0.999307 1.00037 0.999795 1.00011 0.999939 1.00003 0.999982 1.00001 0.999994 1 0.999998 1 
-2.11815e-06 2.11805e-06 -2.15164e-06 5.90234e-06 -8.9255e-06 1.83928e-05 -3.19364e-05 6.07884e-05 -0.000110019 0.000204701 -0.00037495 0.000693434 -0.00127317 0.00235561 -0.00431095 0.00803954 -0.0145128 0.0279248 -0.0484088 0.106031 -0.160016 0.5 1.16002 0.893969 1.04841 0.972075 1.01451 0.99196 1.00431 0.997644 1.00127 0.999307 1.00037 0.999795 1.00011 0.999939 1.00003 0.999982 1.00001 0.999994 1 0.999998 1 
-2.11805e-06 2.11795e-06 -2.15154e-06 5.9024e-06 -8.92557e-06 1.83931e-05 -3.19364e-05 6.07878e-05 -0.00011002 0.0002047 -0.000374952 0.000693434 -0.00127317 0.00235562 -0.00431094 0.00803955 -0.0145127 0.0279248 -0.0484088 0.106031 -0.160016 0.5 1.16002 0.893969 1.04841 0.972075 1.01451 0.99196 1.00431 0.997644 1.00127 0.999307 1.00037 0.999795 1.00011 0.999939 1.00003 0.999982 1.00001 0.999994 1 0.999998 1 
-2.11795e-06 2.11786e-06 -2.15148e-06 5.90249e-06 -8.92564e-06 1.83933e-05 -3.19363e-05 6.07874e-05 -0.00011002 0.000204699 -0.000374953 0.000693433 -0.00127317 0.00235562 -0.00431094 0.00803956 -0.0145127 0.0279248 -0.0484088 0.106031 -0.160016 0.5 1.16002 0.893969 1.04841 0.972075 1.01451 0.99196 1.00431 0.997644 1.00127 0.999307 1.00037 0.999795 1.00011 0.999939 1.00003 0.999982 1.00001 0.999994 1 0.999998 1 
-2.11786e-06 2.11778e-06 -2.15146e-06 5.90258e-06 -8.92571e-06 1.83935e-05 -3.19361e-05 6.07871e-05 -0.00011002 0.000204699 -0.000374954 0.000693432 -0.00127317 0.00235562 -0.00431093 0.00803956 -0.0145127 0.0279249 -0.0484087 0.106031 -0.160016 0.5 1.16002 0.893969 1.04841 0.972075 1.01451 0.99196 1.00431 0.997644 1.00127 0.999307 1.00037 0.999795 1.00011 0.999939 1.00003 0.999982 1.00001 0.999994 1 0.999998 1 
-2.11778e-06 2.11772e-06 -2.15147e-06 5.90267e-06 -8.92576e-06 1.83936e-05 -3.19358e-05 6.07869e-05 -0.00011002 0.000204699 -0.000374955 0.000693431 -0.00127317 0.00235562 -0.00431093 0.00803957 -0.0145127 0.0279249 -0.0484087 0.106031 -0.160016 0.5 1.16002 0.893969 1.04841 0.972075 1.01451 0.99196 1.00431 0.997644 1.00127 0.999307 1.00037 0.999795 1.00011 0.999939 1.00003 0.999982 1.00001 0.999994 1 0.999998 1 
-2.11772e-06 2.11767e-06 -2.1515e-06 5.90275e-06 -8.9258e-06 1.83936e-05 -3.19356e-05 6.07867e-05 -0.000110021 0.000204699 -0.000374956 0.00069343 -0.00127317 0.00235562 -0.00431093 0.00803957 -0.0145127 0.0279249 -0.0484087 0.106031 -0.160016 0.5 1.16002 0.893969 1.04841 0.972075 1.01451 0.99196 1.00431 0.997644 1.00127 0.999307 1.00037 0.999795 1.00011 0.999939 1.00003 0.999982 1.00001 0.999994 1 0.999998 1 
-2.11767e-06 2.11765e-06 -2.15154e-06 5.90282e-06 -8.92582e-06 1.83937e-05 -3.19353e-05 6.07867e-05 -0.000110021 0.000204698 -0.000374957 0.000693428 -0.00127317 0.00235562 -0.00431093 0.00803957 -0.0145127 0.0279249 -0.0484087 0.106031 -0.160016 0.5 1.16002 0.893969 1.04841 0.972075 1.01451 0.99196 1.00431 0.997644 1.00127 0.999307 1.00037 0.999795 1.00011 0.999939 1.00003 0.999982 1.00001 0.999994 1 0.999998 1 
-2.11765e-06 2.11763e-06 -2.15159e-06 5.90287e-06 -8.92583e-06 1.83936e-05 -3.19351e-05 6.07868e-05 -0.000110021 0.000204698 -0.000374957 0.000693427 -0.00127317 0.00235562 -0.00431092 0.00803958 -0.0145127 0.0279249 -0.0484087 0.106031 -0.160016 0.5 1.16002 0.893969 1.04841 0.972075 1.01451 0.99196 1.00431 0.997644 1.00127 0.999307 1.00037 0.999795 1.00011 0.999939 1.00003 0.999982 1.00001 0.999994 1 0.999998 1 
-2.11763e-06 2.11763e-06 -2.15164e-06 5.9029e-06 -8.92582e-06 1.83936e-05 -3.1935e-05 6.07869e-05 -0.000110021 0.000204698 -0.000374957 0.000693426 -0.00127317 0.00235562 -0.00431092 0.00803958 -0.0145127 0.0279249 -0.0484087 0.106031 -0.160016 0.5 1.16002 0.893969 1.04841 0.972075 1.01451 0.99196 1.00431 0.997644 1.00127 0.999307 1.00037 0.999795 1.00011 0.999939 1.00003 0.999982 1.00001 0.999994 1 0.999998 1 
-2.11763e-06 2.11764e-06 -2.15169e-06 5.90292e-06 -8.9258e-06 1.83936e-05 -3.19348e-05 6.0787e-05 -0.000110021 0.000204698 -0.000374957 0.000693425 -0.00127317 0.00235562 -0.00431092 0.00803957 -0.0145126 0.0279249 -0.0484086 0.106031 -0.160016 0.5 1.16002 0.893969 1.04841 0.972075 1.01451 0.99196 1.00431 0.997644 1.00127 0.999307 1.00037 0.999795 1.00011 0.999939 1.00003 0.999982 1.00001 0.999994 1 0.999998 1 
