0 0 0 0 0 0 0 0 0 0 0 0 0 0 0 0 0 0 0 0 0 0.5 1 1 1 1 1 1 1 1 1 1 1 1 1 1 1 1 1 1 1 1 1 
0 0 0 0 0 0 0 0 0 0 0 0 0 0 0 0 0 0 0 -0.0333333 0.0907407 0.5 0.909259 1.03333 1 1 1 1 1 1 1 1 1 1 1 1 1 1 1 1 1 1 1 
0 0 0 0 0 0 0 0 0 0 0 0 0 0 0 0 0 0.00222222 -0.0146093 -0.0221454 0.119638 0.5 0.880362 1.02215 1.01461 0.997778 1 1 1 1 1 1 1 1 1 1 1 1 1 1 1 1 1 
0 0 0 0 0 0 0 0 0 0 0 0 0 0 0 -0.000148148 0.00154975 -0.00137745 -0.0186749 -0.015728 0.138439 0.5 0.861561 1.01573 1.01867 1.00138 0.99845 1.00015 1 1 1 1 1 1 1 1 1 1 1 1 1 1 1 
0 0 0 0 0 0 0 0 0 0 0 0 0 9.87654e-06 -0.000141732 0.000433631 0.00145592 -0.00365036 -0.0214917 -0.0094432 0.15021 0.5 0.84979 1.00944 1.02149 1.00365 0.998544 0.999566 1.00014 0.99999 1 1 1 1 1 1 1 1 1 1 1 1 1 
0 0 0 0 0 0 0 0 0 0 0 -6.58436e-07 1.20093e-05 -6.1638e-05 -3.80513e-05 0.000737193 0.00126684 -0.00576458 -0.0227653 -0.0046581 0.158547 0.5 0.841453 1.00466 1.02277 1.00576 0.998733 0.999263 1.00004 1.00006 0.999988 1 1 1 1 1 1 1 1 1 1 1 1 
0 0 0 0 0 0 0 0 0 4.38958e-08 -9.71329e-07 6.95501e-06 -8.8386e-06 -7.89802e-05 6.49733e-05 0.000997699 0.000855569 -0.00735414 -0.0234958 -0.000800467 0.164579 0.5 0.835421 1.0008 1.0235 1.00735 0.999144 0.999002 0.999935 1.00008 1.00001 0.999993 1 1 1 1 1 1 1 1 1 1 1 
0 0 0 0 0 0 0 -2.92638e-09 7.61357e-08 -6.97646e-07 2.01603e-06 5.38999e-06 -2.54401e-05 -8.5652e-05 0.000194922 0.00114684 0.000435424 -0.00862309 -0.0238622 0.00224464 0.169104 0.5 0.830896 0.997755 1.02386 1.00862 0.999565 0.998853 0.999805 1.00009 1.00003 0.999995 0.999998 1 1 1 1 1 1 1 1 1 1 
0 0 0 0 0 1.95092e-10 -5.8344e-09 6.50588e-08 -2.85556e-07 -8.80495e-08 3.61654e-06 2.1724e-06 -4.33022e-05 -7.16092e-05 0.000311973 0.00123824 2.27136e-05 -0.00961617 -0.0240528 0.00467529 0.172559 0.5 0.827441 0.995325 1.02405 1.00962 0.999977 0.998762 0.999688 1.00007 1.00004 0.999998 0.999996 1 1 1 1 1 1 1 1 1 1 
0 0 0 -1.30062e-11 4.3954e-10 -5.77056e-09 3.36145e-08 -4.41826e-08 -3.52402e-07 6.34953e-07 4.88869e-06 -4.03705e-06 -5.61212e-05 -4.9134e-05 0.000417092 0.00128387 -0.000351634 -0.0104071 -0.0241421 0.00661598 0.175239 0.5 0.824761 0.993384 1.02414 1.01041 1.00035 0.998716 0.999583 1.00005 1.00006 1 0.999995 0.999999 1 1 1 1 1 1 1 1 1 
0 0 -3.2771e-11 4.9336e-10 -3.56383e-09 9.50032e-09 2.32565e-08 -1.37328e-07 -3.23912e-07 1.64649e-06 4.95802e-06 -1.08594e-05 -6.51674e-05 -2.10788e-05 0.0005064 0.00130217 -0.000684103 -0.0110401 -0.0241802 0.00817122 0.177339 0.5 0.822661 0.991829 1.02418 1.01104 1.00068 0.998698 0.999494 1.00002 1.00007 1.00001 0.999995 0.999998 1 1 1 1 1 1 1 1 1 
0 -1.29908e-21 3.56771e-10 -1.37007e-09 -3.27016e-10 1.75304e-08 -4.66349e-10 -2.39921e-07 -9.39253e-08 2.54446e-06 4.24803e-06 -1.78394e-05 -7.0415e-05 8.57928e-06 0.000581682 0.0013029 -0.000973538 -0.011552 -0.0241926 0.00941923 0.178999 0.5 0.821001 0.990581 1.02419 1.01155 1.00097 0.998697 0.999418 0.999991 1.00007 1.00002 0.999996 0.999997 1 1 1 1 1 1 1 1 1 
1.29908e-21 -8.99761e-21 -2.0877e-10 -1.66189e-09 3.85629e-09 2.28892e-08 -4.87058e-08 -2.92071e-07 2.3678e-07 3.29016e-06 2.8751e-06 -2.43334e-05 -7.28184e-05 3.80347e-05 0.000644436 0.0012936 -0.00122314 -0.0119691 -0.0241944 0.0104217 0.180318 0.5 0.819682 0.989578 1.02419 1.01197 1.00122 0.998706 0.999356 0.999962 1.00007 1.00002 0.999997 0.999997 1 1 1 1 1 1 1 1 1 
8.99761e-21 1.30745e-20 -7.79126e-10 -1.29087e-09 1.00503e-08 1.78145e-08 -1.01701e-07 -2.97767e-07 6.34978e-07 3.81134e-06 1.10253e-06 -3.01566e-05 -7.30639e-05 6.60226e-05 0.000696699 0.00127893 -0.00143684 -0.0123114 -0.0241936 0.0112269 0.18137 0.5 0.81863 0.988773 1.02419 1.01231 1.00144 0.998721 0.999303 0.999934 1.00007 1.00003 0.999999 0.999996 0.999999 1 1 1 1 1 1 1 1 
-1.30745e-20 1.20548e-19 -1.30859e-09 5.65057e-10 1.49545e-08 5.00512e-09 -1.53541e-07 -2.5392e-07 1.04882e-06 4.12056e-06 -8.98859e-07 -3.52146e-05 -7.18206e-05 9.19512e-05 0.000740244 0.001262 -0.00161896 -0.0125942 -0.0241943 0.011873 0.182212 0.5 0.817788 0.988127 1.02419 1.01259 1.00162 0.998738 0.99926 0.999908 1.00007 1.00004 1 0.999996 0.999999 1 1 1 1 1 1 1 1 
-1.20548e-19 2.61899e-19 -1.34064e-09 3.22434e-09 1.78792e-08 -1.4527e-08 -1.96358e-07 -1.711e-07 1.45026e-06 4.23888e-06 -2.9842e-06 -3.95308e-05 -6.95962e-05 0.000115548 0.000776649 0.00124472 -0.00177363 -0.0128292 -0.0241984 0.0123903 0.182886 0.5 0.817114 0.98761 1.0242 1.01283 1.00177 0.998755 0.999223 0.999884 1.00007 1.00004 1 0.999996 0.999999 1 1 1 1 1 1 1 1 
-2.61899e-19 2.70415e-19 -8.38587e-10 6.3547e-09 1.79845e-08 -3.79056e-08 -2.27382e-07 -5.89695e-08 1.81909e-06 4.20236e-06 -5.05739e-06 -4.31674e-05 -6.67855e-05 0.000136769 0.000807223 0.00122823 -0.00190463 -0.0130255 -0.0242065 0.0128034 0.183426 0.5 0.816574 0.987197 1.02421 1.01303 1.0019 0.998772 0.999193 0.999863 1.00007 1.00004 1.00001 0.999996 0.999998 1 1 1 1 1 1 1 1 
-2.70415e-19 1.33569e-19 1.78818e-10 9.42665e-09 1.53488e-08 -6.29479e-08 -2.45411e-07 7.20168e-08 2.14589e-06 4.04633e-06 -7.05341e-06 -4.6209e-05 -6.36759e-05 0.000155692 0.000833038 0.00121321 -0.0020153 -0.01319 -0.0242186 0.0131319 0.183858 0.5 0.816142 0.986868 1.02422 1.01319 1.00202 0.998787 0.999167 0.999844 1.00006 1.00005 1.00001 0.999996 0.999998 1 1 1 1 1 1 1 1 
-1.33569e-19 1.05162e-19 1.55808e-09 1.20914e-08 1.02658e-08 -8.77138e-08 -2.51115e-07 2.13272e-07 2.42718e-06 3.80387e-06 -8.93352e-06 -4.87431e-05 -6.0473e-05 0.000172465 0.000854963 0.00119995 -0.00210861 -0.0133284 -0.0242341 0.0133917 0.184203 0.5 0.815797 0.986608 1.02423 1.01333 1.00211 0.9988 0.999145 0.999828 1.00006 1.00005 1.00001 0.999996 0.999998 1 1 1 1 1 1 1 1 
-1.05162e-19 6.00043e-19 3.12859e-09 1.40892e-08 3.25832e-09 -1.10884e-07 -2.45946e-07 3.57882e-07 2.66395e-06 3.503e-06 -1.06768e-05 -5.08522e-05 -5.73176e-05 0.000187265 0.000873694 0.00118857 -0.00218708 -0.0134452 -0.0242524 0.0135958 0.184478 0.5 0.815522 0.986404 1.02425 1.01345 1.00219 0.998811 0.999126 0.999813 1.00006 1.00005 1.00001 0.999996 0.999997 1 1 1 1 1 1 1 1 
-6.00043e-19 1.97476e-18 4.72181e-09 1.52903e-08 -5.12886e-09 -1.31612e-07 -2.31805e-07 5.00776e-07 2.85954e-06 3.16662e-06 -1.2275e-05 -5.26104e-05 -5.43031e-05 0.00020028 0.000889792 0.00117904 -0.00225293 -0.0135439 -0.0242728 0.0137546 0.184695 0.5 0.815305 0.986245 1.02427 1.01354 1.00225 0.998821 0.99911 0.9998 1.00005 1.00005 1.00001 0.999997 0.999997 0.999999 1 1 1 1 1 1 1 
-1.97476e-18 4.35154e-18 6.20314e-09 1.56558e-08 -1.43795e-08 -1.49475e-07 -2.10653e-07 6.38417e-07 3.01861e-06 2.81262e-06 -1.3728e-05 -5.40813e-05 -5.14872e-05 0.000211697 0.000903703 0.00117125 -0.00230804 -0.0136275 -0.0242947 0.0138769 0.184866 0.5 0.815134 0.986123 1.02429 1.01363 1.00231 0.998829 0.999096 0.999788 1.00005 1.00005 1.00001 0.999997 0.999997 0.999999 1 1 1 1 1 1 1 
-4.35154e-18 7.57091e-18 7.47693e-09 1.5219e-08 -2.40567e-08 -1.64352e-07 -1.84347e-07 7.68536e-07 3.14621e-06 2.45457e-06 -1.5041e-05 -5.53184e-05 -4.8902e-05 0.000221691 0.000915788 0.00116505 -0.00235402 -0.0136984 -0.0243174 0.0139697 0.185 0.5 0.815 0.98603 1.02432 1.0137 1.00235 0.998835 0.999084 0.999778 1.00005 1.00006 1.00002 0.999998 0.999997 0.999999 1 1 1 1 1 1 1 
-7.57091e-18 1.12566e-17 8.48681e-09 1.40587e-08 -3.38125e-08 -1.76343e-07 -1.54525e-07 8.89833e-07 3.24735e-06 2.10243e-06 -1.62221e-05 -5.6366e-05 -4.65618e-05 0.000230425 0.000926336 0.00116026 -0.00239226 -0.0137585 -0.0243406 0.0140387 0.185103 0.5 0.814897 0.985961 1.02434 1.01376 1.00239 0.99884 0.999074 0.99977 1.00005 1.00006 1.00002 0.999998 0.999997 0.999999 1 1 1 1 1 1 1 
-1.12566e-17 1.49379e-17 9.20929e-09 1.228e-08 -4.33871e-08 -1.85679e-07 -1.22572e-07 1.00172e-06 3.32666e-06 1.76321e-06 -1.72811e-05 -5.72604e-05 -4.44681e-05 0.000238044 0.000935582 0.00115671 -0.00242393 -0.0138096 -0.0243636 0.0140886 0.185182 0.5 0.814818 0.985911 1.02436 1.01381 1.00242 0.998843 0.999064 0.999762 1.00004 1.00006 1.00002 0.999998 0.999997 0.999999 1 1 1 1 1 1 1 
-1.49379e-17 1.81693e-17 9.6462e-09 9.99869e-09 -5.25975e-08 -1.92666e-07 -8.96174e-08 1.10411e-06 3.38828e-06 1.44162e-06 -1.82284e-05 -5.80307e-05 -4.26141e-05 0.000244684 0.000943715 0.00115423 -0.00245006 -0.0138529 -0.0243863 0.0141234 0.185241 0.5 0.814759 0.985877 1.02439 1.01385 1.00245 0.998846 0.999056 0.999755 1.00004 1.00006 1.00002 0.999999 0.999997 0.999999 1 1 1 1 1 1 1 
-1.81693e-17 2.06159e-17 9.81694e-09 7.33058e-09 -6.13246e-08 -1.97641e-07 -5.65509e-08 1.19725e-06 3.43579e-06 1.14061e-06 -1.90744e-05 -5.87003e-05 -4.09873e-05 0.00025046 0.000950893 0.00115265 -0.00247149 -0.0138895 -0.0244082 0.0141463 0.185285 0.5 0.814715 0.985854 1.02441 1.01389 1.00247 0.998847 0.999049 0.99975 1.00004 1.00006 1.00002 0.999999 0.999997 0.999999 1 1 1 1 1 1 1 
-2.06159e-17 2.20902e-17 9.75175e-09 4.3843e-09 -6.94992e-08 -2.00939e-07 -2.40528e-08 1.2816e-06 3.47221e-06 8.61741e-07 -1.98288e-05 -5.9288e-05 -3.95724e-05 0.00025548 0.000957242 0.00115182 -0.00248897 -0.0139206 -0.0244292 0.0141597 0.185316 0.5 0.814684 0.98584 1.02443 1.01392 1.00249 0.998848 0.999043 0.999745 1.00004 1.00006 1.00002 0.999999 0.999997 0.999999 1 1 1 1 1 1 1 
-2.20902e-17 2.25511e-17 9.48642e-09 1.25714e-09 -7.70895e-08 -2.02878e-07 7.3748e-09 1.35777e-06 3.50007e-06 6.05618e-07 -2.05011e-05 -5.98084e-05 -3.83519e-05 0.000259835 0.000962872 0.00115161 -0.00250312 -0.0139468 -0.0244492 0.0141659 0.185337 0.5 0.814663 0.985834 1.02445 1.01395 1.0025 0.998848 0.999037 0.99974 1.00004 1.00006 1.00002 0.999999 0.999996 0.999999 1 1 1 1 1 1 1 
-2.25511e-17 2.20763e-17 9.0583e-09 -1.96688e-09 -8.40911e-08 -2.03744e-07 3.73775e-08 1.42638e-06 3.52142e-06 3.72103e-07 -2.10998e-05 -6.02734e-05 -3.7308e-05 0.000263608 0.00096787 0.00115191 -0.00251449 -0.013969 -0.0244679 0.0141665 0.185349 0.5 0.814651 0.985833 1.02447 1.01397 1.00251 0.998848 0.999032 0.999736 1.00004 1.00006 1.00002 1 0.999996 0.999999 1 1 1 1 1 1 1 
-2.20763e-17 2.08233e-17 8.5036e-09 -5.21755e-09 -9.05179e-08 -2.03789e-07 6.572e-08 1.4881e-06 3.5379e-06 1.60558e-07 -2.16327e-05 -6.0692e-05 -3.64227e-05 0.000266872 0.000972313 0.0011526 -0.00252352 -0.0139876 -0.0244855 0.0141629 0.185356 0.5 0.814644 0.985837 1.02449 1.01399 1.00252 0.998847 0.999028 0.999733 1.00004 1.00006 1.00002 1 0.999996 0.999999 1 1 1 1 1 1 1 
-2.08233e-17 1.89908e-17 7.85565e-09 -8.43796e-09 -9.63961e-08 -2.03226e-07 9.22611e-08 1.54357e-06 3.55083e-06 -3.0003e-08 -2.21068e-05 -6.10715e-05 -3.56789e-05 0.000269689 0.000976265 0.0011536 -0.0025306 -0.0140033 -0.0245018 0.0141563 0.185359 0.5 0.814641 0.985844 1.0245 1.014 1.00253 0.998846 0.999024 0.99973 1.00004 1.00006 1.00002 1 0.999996 0.999998 1 1 1 1 1 1 1 
-1.89908e-17 1.67861e-17 7.14398e-09 -1.15834e-08 -1.01759e-07 -2.02237e-07 1.16933e-07 1.59341e-06 3.56123e-06 -2.00785e-07 -2.25286e-05 -6.14176e-05 -3.50601e-05 0.000272116 0.000979782 0.00115483 -0.00253606 -0.0140163 -0.0245168 0.0141475 0.185357 0.5 0.814643 0.985852 1.02452 1.01402 1.00254 0.998845 0.99902 0.999728 1.00004 1.00006 1.00002 1 0.999996 0.999998 1 1 1 1 1 1 1 
-1.67861e-17 1.44009e-17 6.39387e-09 -1.462e-08 -1.06644e-07 -2.00965e-07 1.39723e-07 1.63819e-06 3.5699e-06 -3.5312e-07 -2.29036e-05 -6.17348e-05 -3.45512e-05 0.000274203 0.00098291 0.00115623 -0.00254019 -0.0140272 -0.0245306 0.0141373 0.185353 0.5 0.814647 0.985863 1.02453 1.01403 1.00254 0.998844 0.999017 0.999726 1.00003 1.00006 1.00002 1 0.999996 0.999998 1 1 1 1 1 1 1 
-1.44009e-17 1.19977e-17 5.62641e-09 -1.75233e-08 -1.1109e-07 -1.9953e-07 1.60661e-07 1.67842e-06 3.57741e-06 -4.884e-07 -2.32369e-05 -6.20266e-05 -3.41383e-05 0.000275992 0.000985693 0.00115774 -0.00254322 -0.0140363 -0.0245431 0.0141262 0.185347 0.5 0.814653 0.985874 1.02454 1.01404 1.00254 0.998842 0.999014 0.999724 1.00003 1.00006 1.00002 1 0.999996 0.999998 1 1 1 1 1 1 1 
-1.19977e-17 9.70279e-18 4.85865e-09 -2.02765e-08 -1.15134e-07 -1.98021e-07 1.79804e-07 1.71458e-06 3.58422e-06 -6.08025e-07 -2.35331e-05 -6.22959e-05 -3.38084e-05 0.000277523 0.000988167 0.00115931 -0.00254534 -0.0140437 -0.0245545 0.0141147 0.18534 0.5 0.81466 0.985885 1.02455 1.01404 1.00255 0.998841 0.999012 0.999722 1.00003 1.00006 1.00002 1 0.999996 0.999998 1 1 1 1 1 1 1 
-9.70279e-18 7.60599e-18 4.10401e-09 -2.28695e-08 -1.18813e-07 -1.9651e-07 1.97233e-07 1.7471e-06 3.59064e-06 -7.13371e-07 -2.37961e-05 -6.25448e-05 -3.35501e-05 0.000278828 0.000990363 0.00116091 -0.00254675 -0.0140498 -0.0245648 0.0141031 0.185332 0.5 0.814668 0.985897 1.02456 1.01405 1.00255 0.998839 0.99901 0.999721 1.00003 1.00006 1.00002 1 0.999996 0.999998 1 1 1 1 1 1 1 
-7.60599e-18 5.76351e-18 3.37272e-09 -2.52971e-08 -1.2216e-07 -1.95049e-07 2.1304e-07 1.77636e-06 3.59688e-06 -8.05762e-07 -2.40295e-05 -6.27752e-05 -3.33531e-05 0.000279936 0.000992312 0.0011625 -0.00254756 -0.0140547 -0.0245741 0.0140917 0.185323 0.5 0.814677 0.985908 1.02457 1.01405 1.00255 0.998837 0.999008 0.99972 1.00003 1.00006 1.00002 1 0.999996 0.999998 1 1 1 1 1 1 1 
-5.76351e-18 4.20337e-18 2.67227e-09 -2.75585e-08 -1.25209e-07 -1.93673e-07 2.27326e-07 1.8027e-06 3.60309e-06 -8.86458e-07 -2.42366e-05 -6.29887e-05 -3.3208e-05 0.000280875 0.000994039 0.00116407 -0.00254791 -0.0140587 -0.0245824 0.0140806 0.185315 0.5 0.814685 0.985919 1.02458 1.01406 1.00255 0.998836 0.999006 0.999719 1.00003 1.00006 1.00002 1 0.999996 0.999998 1 1 1 1 1 1 1 
-4.20337e-18 2.93137e-18 2.00784e-09 -2.96558e-08 -1.27987e-07 -1.9241e-07 2.40196e-07 1.82642e-06 3.60935e-06 -9.56641e-07 -2.44201e-05 -6.31864e-05 -3.31068e-05 0.000281666 0.000995566 0.0011656 -0.00254789 -0.0140619 -0.0245897 0.01407 0.185306 0.5 0.814694 0.98593 1.02459 1.01406 1.00255 0.998834 0.999004 0.999718 1.00003 1.00006 1.00002 1 0.999996 0.999998 1 1 1 1 1 1 1 
-2.93137e-18 1.93702e-18 1.38275e-09 -3.15936e-08 -1.3052e-07 -1.91273e-07 2.51755e-07 1.84779e-06 3.61571e-06 -1.01741e-06 -2.45826e-05 -6.33696e-05 -3.30423e-05 0.000282329 0.000996914 0.00116706 -0.00254759 -0.0140644 -0.0245963 0.01406 0.185298 0.5 0.814702 0.98594 1.0246 1.01406 1.00255 0.998833 0.999003 0.999718 1.00003 1.00006 1.00002 1 0.999996 0.999998 1 1 1 1 1 1 1 
-1.93702e-18 1.19885e-18 7.98771e-10 -3.33782e-08 -1.32834e-07 -1.90271e-07 2.62107e-07 1.86706e-06 3.62219e-06 -1.06979e-06 -2.47263e-05 -6.35391e-05 -3.3008e-05 0.000282882 0.000998102 0.00116846 -0.00254708 -0.0140663 -0.0246021 0.0140506 0.185289 0.5 0.814711 0.985949 1.0246 1.01407 1.00255 0.998832 0.999002 0.999717 1.00003 1.00006 1.00002 1 0.999996 0.999998 1 1 1 1 1 1 1 
-1.19885e-18 6.88791e-19 2.56496e-10 -3.50169e-08 -1.34948e-07 -1.89406e-07 2.71351e-07 1.88442e-06 3.62876e-06 -1.11471e-06 -2.48533e-05 -6.36958e-05 -3.29987e-05 0.00028334 0.000999147 0.00116978 -0.00254641 -0.0140677 -0.0246072 0.014042 0.185282 0.5 0.814718 0.985958 1.02461 1.01407 1.00255 0.99883 0.999001 0.999717 1.00003 1.00006 1.00002 1 0.999996 0.999998 1 1 1 1 1 1 1 
-6.88791e-19 3.75696e-19 -2.44409e-10 -3.65179e-08 -1.36882e-07 -1.88676e-07 2.79585e-07 1.90008e-06 3.63542e-06 -1.15303e-06 -2.49653e-05 -6.38404e-05 -3.30093e-05 0.000283717 0.00100006 0.00117101 -0.00254563 -0.0140687 -0.0246116 0.014034 0.185275 0.5 0.814725 0.985966 1.02461 1.01407 1.00255 0.998829 0.999 0.999716 1.00003 1.00006 1.00002 1 0.999996 0.999998 1 1 1 1 1 1 1 
-3.75696e-19 2.27865e-19 -7.04973e-10 -3.78897e-08 -1.38653e-07 -1.88076e-07 2.86899e-07 1.9142e-06 3.64212e-06 -1.18553e-06 -2.50641e-05 -6.39738e-05 -3.3036e-05 0.000284024 0.00100087 0.00117217 -0.00254478 -0.0140695 -0.0246155 0.0140267 0.185268 0.5 0.814732 0.985973 1.02462 1.01407 1.00254 0.998828 0.998999 0.999716 1.00003 1.00006 1.00003 1 0.999996 0.999998 1 1 1 1 1 1 1 
-2.27865e-19 2.14848e-19 -1.12672e-09 -3.91411e-08 -1.40276e-07 -1.87598e-07 2.93378e-07 1.92693e-06 3.64883e-06 -1.21291e-06 -2.51509e-05 -6.40965e-05 -3.3075e-05 0.000284272 0.00100156 0.00117324 -0.00254389 -0.0140699 -0.0246189 0.0140201 0.185262 0.5 0.814738 0.98598 1.02462 1.01407 1.00254 0.998827 0.998998 0.999716 1.00003 1.00006 1.00003 1 0.999996 0.999998 1 1 1 1 1 1 1 
-2.14848e-19 3.08593e-19 -1.51154e-09 -4.02807e-08 -1.41765e-07 -1.87234e-07 2.99103e-07 1.93841e-06 3.6555e-06 -1.2358e-06 -2.52272e-05 -6.42093e-05 -3.31235e-05 0.000284469 0.00100217 0.00117423 -0.00254298 -0.0140702 -0.0246218 0.0140141 0.185256 0.5 0.814744 0.985986 1.02462 1.01407 1.00254 0.998826 0.998998 0.999716 1.00003 1.00006 1.00003 1 0.999996 0.999998 1 1 1 1 1 1 1 
-3.08593e-19 4.84083e-19 -1.86153e-09 -4.13168e-08 -1.43132e-07 -1.86973e-07 3.04147e-07 1.94875e-06 3.66211e-06 -1.25478e-06 -2.5294e-05 -6.43126e-05 -3.31789e-05 0.000284623 0.0010027 0.00117513 -0.00254208 -0.0140703 -0.0246243 0.0140087 0.185251 0.5 0.814749 0.985991 1.02462 1.01407 1.00254 0.998825 0.998997 0.999715 1.00003 1.00006 1.00003 1 0.999996 0.999998 1 1 1 1 1 1 1 
-4.84083e-19 7.19615e-19 -2.17892e-09 -4.22576e-08 -1.44388e-07 -1.86806e-07 3.08577e-07 1.95806e-06 3.6686e-06 -1.27035e-06 -2.53525e-05 -6.44072e-05 -3.3239e-05 0.000284741 0.00100316 0.00117596 -0.00254119 -0.0140702 -0.0246264 0.0140039 0.185246 0.5 0.814754 0.985996 1.02463 1.01407 1.00254 0.998824 0.998997 0.999715 1.00003 1.00006 1.00003 1 0.999996 0.999998 1 1 1 1 1 1 1 
-7.19615e-19 9.96807e-19 -2.46599e-09 -4.31108e-08 -1.45542e-07 -1.86722e-07 3.12458e-07 1.96644e-06 3.67495e-06 -1.28298e-06 -2.54035e-05 -6.44935e-05 -3.33021e-05 0.000284828 0.00100355 0.00117671 -0.00254033 -0.01407 -0.0246282 0.0139997 0.185242 0.5 0.814758 0.986 1.02463 1.01407 1.00254 0.998823 0.998996 0.999715 1.00003 1.00006 1.00003 1 0.999996 0.999998 1 1 1 1 1 1 1 
-9.96807e-19 1.30043e-18 -2.72501e-09 -4.38837e-08 -1.46603e-07 -1.86711e-07 3.15845e-07 1.97398e-06 3.68113e-06 -1.29308e-06 -2.54479e-05 -6.45722e-05 -3.33667e-05 0.000284891 0.00100389 0.00117739 -0.00253952 -0.0140698 -0.0246297 0.0139959 0.185238 0.5 0.814762 0.986004 1.02463 1.01407 1.00254 0.998823 0.998996 0.999715 1.00003 1.00006 1.00003 1 0.999996 0.999998 1 1 1 1 1 1 1 
-1.30043e-18 1.61815e-18 -2.95823e-09 -4.45832e-08 -1.4758e-07 -1.86764e-07 3.18793e-07 1.98076e-06 3.68711e-06 -1.30099e-06 -2.54865e-05 -6.46436e-05 -3.34315e-05 0.000284932 0.00100417 0.00117801 -0.00253874 -0.0140695 -0.024631 0.0139926 0.185235 0.5 0.814765 0.986007 1.02463 1.01407 1.00254 0.998822 0.998996 0.999715 1.00003 1.00006 1.00003 1 0.999996 0.999998 1 1 1 1 1 1 1 
-1.61815e-18 1.94019e-18 -3.16777e-09 -4.52157e-08 -1.48478e-07 -1.86872e-07 3.21347e-07 1.98684e-06 3.69287e-06 -1.30705e-06 -2.55198e-05 -6.47084e-05 -3.34957e-05 0.000284957 0.00100442 0.00117856 -0.00253801 -0.0140692 -0.0246321 0.0139897 0.185232 0.5 0.814768 0.98601 1.02463 1.01407 1.00254 0.998821 0.998996 0.999715 1.00003 1.00006 1.00003 1 0.999996 0.999998 1 1 1 1 1 1 1 
-1.94019e-18 2.259e-18 -3.35569e-09 -4.57871e-08 -1.49305e-07 -1.87026e-07 3.23553e-07 1.99229e-06 3.69838e-06 -1.31153e-06 -2.55486e-05 -6.47671e-05 -3.35584e-05 0.000284967 0.00100462 0.00117905 -0.00253733 -0.0140688 -0.0246329 0.0139872 0.185229 0.5 0.814771 0.986013 1.02463 1.01407 1.00254 0.998821 0.998995 0.999715 1.00003 1.00006 1.00003 1 0.999996 0.999998 1 1 1 1 1 1 1 
-2.259e-18 2.56891e-18 -3.52392e-09 -4.63029e-08 -1.50067e-07 -1.87219e-07 3.25448e-07 1.99718e-06 3.70365e-06 -1.31468e-06 -2.55733e-05 -6.48199e-05 -3.36191e-05 0.000284966 0.00100479 0.00117949 -0.0025367 -0.0140684 -0.0246336 0.013985 0.185227 0.5 0.814773 0.986015 1.02463 1.01407 1.00254 0.998821 0.998995 0.999715 1.00003 1.00006 1.00003 1 0.999996 0.999998 1 1 1 1 1 1 1 
-2.56891e-18 2.86582e-18 -3.67428e-09 -4.67682e-08 -1.50767e-07 -1.87443e-07 3.27068e-07 2.00154e-06 3.70865e-06 -1.31673e-06 -2.55945e-05 -6.48675e-05 -3.36773e-05 0.000284957 0.00100494 0.00117988 -0.00253612 -0.0140681 -0.0246342 0.0139831 0.185225 0.5 0.814775 0.986017 1.02463 1.01407 1.00254 0.99882 0.998995 0.999715 1.00003 1.00006 1.00003 1 0.999996 0.999998 1 1 1 1 1 1 1 
-2.86582e-18 3.14693e-18 -3.80844e-09 -4.71876e-08 -1.51412e-07 -1.87692e-07 3.28446e-07 2.00544e-06 3.71338e-06 -1.31784e-06 -2.56125e-05 -6.49103e-05 -3.37327e-05 0.00028494 0.00100505 0.00118023 -0.00253559 -0.0140677 -0.0246346 0.0139815 0.185223 0.5 0.814777 0.986018 1.02463 1.01407 1.00254 0.99882 0.998995 0.999715 1.00003 1.00006 1.00003 1 0.999996 0.999998 1 1 1 1 1 1 1 
-3.14693e-18 3.41045e-18 -3.92797e-09 -4.75653e-08 -1.52005e-07 -1.8796e-07 3.2961e-07 2.00892e-06 3.71784e-06 -1.31821e-06 -2.56278e-05 -6.49485e-05 -3.3785e-05 0.000284919 0.00100515 0.00118053 -0.0025351 -0.0140673 -0.0246349 0.0139801 0.185222 0.5 0.814778 0.98602 1.02463 1.01407 1.00254 0.998819 0.998995 0.999715 1.00003 1.00006 1.00003 1 0.999996 0.999998 1 1 1 1 1 1 1 
-3.41045e-18 3.65543e-18 -4.0343e-09 -4.79053e-08 -1.52551e-07 -1.88242e-07 3.30587e-07 2.01201e-06 3.72202e-06 -1.31795e-06 -2.56407e-05 -6.49827e-05 -3.38342e-05 0.000284893 0.00100523 0.00118079 -0.00253466 -0.014067 -0.0246352 0.013979 0.18522 0.5 0.81478 0.986021 1.02464 1.01407 1.00253 0.998819 0.998995 0.999715 1.00003 1.00006 1.00003 1 0.999996 0.999998 1 1 1 1 1 1 1 
-3.65543e-18 3.88153e-18 -4.12875e-09 -4.82112e-08 -1.53053e-07 -1.88534e-07 3.31399e-07 2.01476e-06 3.72594e-06 -1.31721e-06 -2.56515e-05 -6.50131e-05 -3.38801e-05 0.000284865 0.00100529 0.00118103 -0.00253427 -0.0140666 -0.0246354 0.013978 0.185219 0.5 0.814781 0.986022 1.02464 1.01407 1.00253 0.998819 0.998995 0.999715 1.00003 1.00007 1.00003 1 0.999996 0.999998 1 1 1 1 1 1 1 
-3.88153e-18 4.08891e-18 -4.21254e-09 -4.84861e-08 -1.53514e-07 -1.88831e-07 3.32067e-07 2.01719e-06 3.72959e-06 -1.31608e-06 -2.56605e-05 -6.50401e-05 -3.39228e-05 0.000284835 0.00100534 0.00118123 -0.00253391 -0.0140663 -0.0246355 0.0139772 0.185218 0.5 0.814782 0.986023 1.02464 1.01407 1.00253 0.998819 0.998995 0.999715 1.00003 1.00007 1.00003 1 0.999996 0.999998 1 1 1 1 1 1 1 
-4.08891e-18 4.27807e-18 -4.28675e-09 -4.8733e-08 -1.53938e-07 -1.8913e-07 3.32609e-07 2.01934e-06 3.73298e-06 -1.31465e-06 -2.56679e-05 -6.5064e-05 -3.39623e-05 0.000284805 0.00100537 0.0011814 -0.00253359 -0.014066 -0.0246356 0.0139766 0.185218 0.5 0.814782 0.986023 1.02464 1.01407 1.00253 0.998819 0.998995 0.999715 1.00003 1.00007 1.00003 1 0.999996 0.999998 1 1 1 1 1 1 1 
-4.27807e-18 4.44977e-18 -4.35239e-09 -4.89547e-08 -1.54327e-07 -1.89429e-07 3.33043e-07 2.02124e-06 3.73613e-06 -1.313e-06 -2.56739e-05 -6.5085e-05 -3.39987e-05 0.000284774 0.0010054 0.00118155 -0.00253331 -0.0140657 -0.0246356 0.013976 0.185217 0.5 0.814783 0.986024 1.02464 1.01407 1.00253 0.998818 0.998995 0.999715 1.00003 1.00007 1.00003 1 0.999996 0.999998 1 1 1 1 1 1 1 
-4.44977e-18 4.60494e-18 -4.41036e-09 -4.91535e-08 -1.54684e-07 -1.89724e-07 3.33384e-07 2.0229e-06 3.73903e-06 -1.31121e-06 -2.56788e-05 -6.51036e-05 -3.4032e-05 0.000284743 0.00100542 0.00118167 -0.00253306 -0.0140655 -0.0246356 0.0139756 0.185216 0.5 0.814784 0.986024 1.02464 1.01407 1.00253 0.998818 0.998995 0.999715 1.00003 1.00007 1.00003 1 0.999996 0.999998 1 1 1 1 1 1 1 
-4.60494e-18 4.7446e-18 -4.46148e-09 -4.93317e-08 -1.55011e-07 -1.90014e-07 3.33643e-07 2.02436e-06 3.7417e-06 -1.30931e-06 -2.56826e-05 -6.51198e-05 -3.40624e-05 0.000284713 0.00100543 0.00118178 -0.00253284 -0.0140652 -0.0246355 0.0139753 0.185216 0.5 0.814784 0.986025 1.02464 1.01407 1.00253 0.998818 0.998995 0.999715 1.00003 1.00007 1.00003 1 0.999996 0.999998 1 1 1 1 1 1 1 
-4.7446e-18 4.86984e-18 -4.50649e-09 -4.94913e-08 -1.55311e-07 -1.90297e-07 3.33834e-07 2.02564e-06 3.74414e-06 -1.30735e-06 -2.56856e-05 -6.5134e-05 -3.40901e-05 0.000284684 0.00100543 0.00118187 -0.00253264 -0.014065 -0.0246355 0.013975 0.185216 0.5 0.814784 0.986025 1.02464 1.01407 1.00253 0.998818 0.998995 0.999715 1.00003 1.00007 1.00003 1 0.999996 0.999998 1 1 1 1 1 1 1 
-4.86984e-18 4.98178e-18 -4.54606e-09 -4.96341e-08 -1.55586e-07 -1.90571e-07 3.33965e-07 2.02675e-06 3.74638e-06 -1.30538e-06 -2.56879e-05 -6.51463e-05 -3.41152e-05 0.000284657 0.00100543 0.00118195 -0.00253247 -0.0140648 -0.0246354 0.0139748 0.185215 0.5 0.814785 0.986025 1.02464 1.01406 1.00253 0.998818 0.998995 0.999715 1.00003 1.00007 1.00003 1 0.999996 0.999998 1 1 1 1 1 1 1 
-4.98178e-18 5.0815e-18 -4.58079e-09 -4.97618e-08 -1.55837e-07 -1.90836e-07 3.34047e-07 2.02771e-06 3.74842e-06 -1.30342e-06 -2.56896e-05 -6.5157e-05 -3.41379e-05 0.00028463 0.00100543 0.00118201 -0.00253232 -0.0140646 -0.0246353 0.0139747 0.185215 0.5 0.814785 0.986025 1.02464 1.01406 1.00253 0.998818 0.998995 0.999715 1.00003 1.00007 1.00003 1 0.999996 0.999998 1 1 1 1 1 1 1 
-5.0815e-18 5.17006e-18 -4.61123e-09 -4.98759e-08 -1.56066e-07 -1.9109e-07 3.34087e-07 2.02854e-06 3.75028e-06 -1.3015e-06 -2.56907e-05 -6.51662e-05 -3.41582e-05 0.000284605 0.00100543 0.00118206 -0.00253219 -0.0140645 -0.0246353 0.0139746 0.185215 0.5 0.814785 0.986025 1.02464 1.01406 1.00253 0.998818 0.998995 0.999715 1.00003 1.00007 1.00003 1 0.999996 0.999998 1 1 1 1 1 1 1 
-5.17006e-18 5.24849e-18 -4.63784e-09 -4.99777e-08 -1.56276e-07 -1.91333e-07 3.34092e-07 2.02925e-06 3.75195e-06 -1.29964e-06 -2.56914e-05 -6.5174e-05 -3.41765e-05 0.000284582 0.00100542 0.0011821 -0.00253208 -0.0140643 -0.0246352 0.0139746 0.185215 0.5 0.814785 0.986025 1.02464 1.01406 1.00253 0.998818 0.998995 0.999715 1.00003 1.00007 1.00003 1 0.999996 0.999998 1 1 1 1 1 1 1 
-5.24849e-18 5.31775e-18 -4.66107e-09 -5.00684e-08 -1.56467e-07 -1.91564e-07 3.34068e-07 2.02986e-06 3.75347e-06 -1.29784e-06 -2.56918e-05 -6.51808e-05 -3.41928e-05 0.00028456 0.00100541 0.00118214 -0.00253199 -0.0140642 -0.0246351 0.0139745 0.185215 0.5 0.814785 0.986025 1.02464 1.01406 1.00253 0.998818 0.998995 0.999715 1.00003 1.00007 1.00003 1 0.999996 0.999998 1 1 1 1 1 1 1 
-5.31775e-18 5.37875e-18 -4.68131e-09 -5.01492e-08 -1.56641e-07 -1.91784e-07 3.34021e-07 2.03037e-06 3.75483e-06 -1.29613e-06 -2.56919e-05 -6.51865e-05 -3.42073e-05 0.00028454 0.0010054 0.00118216 -0.00253191 -0.0140641 -0.024635 0.0139746 0.185215 0.5 0.814785 0.986025 1.02463 1.01406 1.00253 0.998818 0.998995 0.999715 1.00003 1.00007 1.00003 1 0.999996 0.999998 1 1 1 1 1 1 1 
-5.37875e-18 5.43231e-18 -4.69891e-09 -5.02211e-08 -1.56799e-07 -1.91992e-07 3.33955e-07 2.03081e-06 3.75606e-06 -1.29451e-06 -2.56917e-05 -6.51913e-05 -3.42202e-05 0.000284521 0.00100539 0.00118218 -0.00253184 -0.014064 -0.0246349 0.0139746 0.185215 0.5 0.814785 0.986025 1.02463 1.01406 1.00253 0.998818 0.998995 0.999715 1.00003 1.00007 1.00003 1 0.999996 0.999998 1 1 1 1 1 1 1 
-5.43231e-18 5.47922e-18 -4.71417e-09 -5.0285e-08 -1.56943e-07 -1.92188e-07 3.33875e-07 2.03117e-06 3.75715e-06 -1.29298e-06 -2.56914e-05 -6.51953e-05 -3.42315e-05 0.000284504 0.00100538 0.00118219 -0.00253179 -0.0140639 -0.0246348 0.0139746 0.185215 0.5 0.814785 0.986025 1.02463 1.01406 1.00253 0.998818 0.998995 0.999715 1.00003 1.00007 1.00003 1 0.999996 0.999998 1 1 1 1 1 1 1 
-5.47922e-18 5.52019e-18 -4.72737e-09 -5.03417e-08 -1.57074e-07 -1.92372e-07 3.33783e-07 2.03147e-06 3.75812e-06 -1.29155e-06 -2.56909e-05 -6.51986e-05 -3.42415e-05 0.000284489 0.00100536 0.0011822 -0.00253174 -0.0140638 -0.0246347 0.0139747 0.185215 0.5 0.814785 0.986025 1.02463 1.01406 1.00253 0.998818 0.998995 0.999716 1.00003 1.00007 1.00003 1 0.999996 0.999998 1 1 1 1 1 1 1 
-5.52019e-18 5.55587e-18 -4.73876e-09 -5.03919e-08 -1.57192e-07 -1.92545e-07 3.33683e-07 2.03171e-06 3.75899e-06 -1.29021e-06 -2.56903e-05 -6.52013e-05 -3.42502e-05 0.000284474 0.00100535 0.00118221 -0.0025317 -0.0140637 -0.0246346 0.0139747 0.185215 0.5 0.814785 0.986025 1.02463 1.01406 1.00253 0.998818 0.998995 0.999716 1.00003 1.00007 1.00003 1 0.999996 0.999998 1 1 1 1 1 1 1 
-5.55587e-18 5.58685e-18 -4.74856e-09 -5.04364e-08 -1.573e-07 -1.92707e-07 3.33577e-07 2.03191e-06 3.75975e-06 -1.28898e-06 -2.56897e-05 -6.52035e-05 -3.42578e-05 0.000284462 0.00100534 0.00118221 -0.00253167 -0.0140637 -0.0246346 0.0139748 0.185215 0.5 0.814785 0.986025 1.02463 1.01406 1.00253 0.998818 0.998995 0.999716 1.00003 1.00007 1.00003 1 0.999996 0.999998 1 1 1 1 1 1 1 
-5.58685e-18 5.61366e-18 -4.75696e-09 -5.04757e-08 -1.57397e-07 -1.92857e-07 3.33468e-07 2.03206e-06 3.76042e-06 -1.28784e-06 -2.5689e-05 -6.52053e-05 -3.42645e-05 0.00028445 0.00100533 0.00118221 -0.00253165 -0.0140636 -0.0246345 0.0139749 0.185215 0.5 0.814785 0.986025 1.02463 1.01406 1.00253 0.998818 0.998995 0.999716 1.00003 1.00007 1.00003 1 0.999996 0.999998 1 1 1 1 1 1 1 
-5.61366e-18 5.63679e-18 -4.76414e-09 -5.05104e-08 -1.57485e-07 -1.92997e-07 3.33357e-07 2.03218e-06 3.76101e-06 -1.28679e-06 -2.56882e-05 -6.52067e-05 -3.42702e-05 0.000284439 0.00100532 0.00118221 -0.00253163 -0.0140636 -0.0246344 0.0139749 0.185215 0.5 0.814785 0.986025 1.02463 1.01406 1.00253 0.998818 0.998995 0.999716 1.00003 1.00007 1.00003 1 0.999996 0.999998 1 1 1 1 1 1 1 
-5.63679e-18 5.65667e-18 -4.77025e-09 -5.05409e-08 -1.57564e-07 -1.93127e-07 3.33245e-07 2.03226e-06 3.76152e-06 -1.28583e-06 -2.56875e-05 -6.52077e-05 -3.42751e-05 0.00028443 0.00100531 0.00118221 -0.00253161 -0.0140635 -0.0246344 0.013975 0.185215 0.5 0.814785 0.986025 1.02463 1.01406 1.00253 0.998818 0.998995 0.999716 1.00003 1.00007 1.00003 1 0.999996 0.999998 1 1 1 1 1 1 1 
-5.65667e-18 5.6737e-18 -4.77542e-09 -5.05677e-08 -1.57635e-07 -1.93248e-07 3.33135e-07 2.03232e-06 3.76197e-06 -1.28496e-06 -2.56867e-05 -6.52085e-05 -3.42793e-05 0.000284422 0.0010053 0.00118221 -0.0025316 -0.0140635 -0.0246343 0.0139751 0.185215 0.5 0.814785 0.986025 1.02463 1.01406 1.00253 0.998818 0.998995 0.999716 1.00003 1.00007 1.00003 1 0.999996 0.999998 1 1 1 1 1 1 1 
-5.6737e-18 5.68822e-18 -4.77979e-09 -5.05913e-08 -1.57699e-07 -1.93359e-07 3.33026e-07 2.03236e-06 3.76235e-06 -1.28417e-06 -2.5686e-05 -6.52091e-05 -3.42829e-05 0.000284414 0.00100529 0.0011822 -0.00253159 -0.0140635 -0.0246343 0.0139751 0.185215 0.5 0.814785 0.986025 1.02463 1.01406 1.00253 0.998818 0.998995 0.999716 1.00003 1.00007 1.00003 1 0.999996 0.999998 1 1 1 1 1 1 1 
-5.68822e-18 5.70055e-18 -4.78344e-09 -5.06119e-08 -1.57756e-07 -1.93461e-07 3.32921e-07 2.03238e-06 3.76268e-06 -1.28346e-06 -2.56852e-05 -6.52094e-05 -3.42859e-05 0.000284408 0.00100528 0.00118219 -0.00253159 -0.0140634 -0.0246342 0.0139752 0.185215 0.5 0.814785 0.986025 1.02463 1.01406 1.00253 0.998818 0.998995 0.999716 1.00003 1.00007 1.00003 1 0.999996 0.999998 1 1 1 1 1 1 1 
-5.70055e-18 5.71096e-18 -4.78649e-09 -5.06299e-08 -1.57808e-07 -1.93555e-07 3.32819e-07 2.03238e-06 3.76296e-06 -1.28282e-06 -2.56845e-05 -6.52096e-05 -3.42884e-05 0.000284402 0.00100527 0.00118219 -0.00253159 -0.0140634 -0.0246342 0.0139753 0.185215 0.5 0.814785 0.986025 1.02463 1.01406 1.00253 0.998818 0.998995 0.999716 1.00003 1.00007 1.00003 1 0.999996 0.999998 1 1 1 1 1 1 1 
