0 0 0 0 0 0 0 0 0 0 0 0 0 0 0 0 0 0 0 0 0 0.5 1 1 1 1 1 1 1 1 1 1 1 1 1 1 1 1 1 1 1 1 1 
0 0 0 0 0 0 0 0 0 0 0 0 0 0 0 0 0 0 0 -0.0375 0.104167 0.5 0.895833 1.0375 1 1 1 1 1 1 1 1 1 1 1 1 1 1 1 1 1 1 1 
0 0 0 0 0 0 0 0 0 0 0 0 0 0 0 0 0 0.0028125 -0.0181379 -0.0177188 0.129905 0.5 0.870095 1.01772 1.01814 0.997188 1 1 1 1 1 1 1 1 1 1 1 1 1 1 1 1 1 
0 0 0 0 0 0 0 0 0 0 0 0 0 0 0 -0.000210937 0.0021299 -0.00273283 -0.0190398 -0.0108755 0.146963 0.5 0.853037 1.01088 1.01904 1.00273 0.99787 1.00021 1 1 1 1 1 1 1 1 1 1 1 1 1 1 1 
0 0 0 0 0 0 0 0 0 0 0 0 0 1.58203e-05 -0.000217809 0.000725758 0.00125102 -0.00434485 -0.0208451 -0.0042381 0.156288 0.5 0.843712 1.00424 1.02085 1.00434 0.998749 0.999274 1.00022 0.999984 1 1 1 1 1 1 1 1 1 1 1 1 1 
0 0 0 0 0 0 0 0 0 0 0 -1.18652e-06 2.06856e-05 -0.000109463 4.50753e-05 0.000807099 0.00103971 -0.00613657 -0.0209608 -0.000124907 0.162504 0.5 0.837496 1.00012 1.02096 1.00614 0.99896 0.999193 0.999955 1.00011 0.999979 1 1 1 1 1 1 1 1 1 1 1 1 
0 0 0 0 0 0 0 0 0 8.89892e-08 -1.87772e-06 1.35321e-05 -2.75821e-05 -7.36245e-05 0.000115147 0.00100715 0.000538921 -0.00710352 -0.0210619 0.00292314 0.166573 0.5 0.833427 0.997077 1.02106 1.0071 0.999461 0.998993 0.999885 1.00007 1.00003 0.999986 1 1 1 1 1 1 1 1 1 1 1 
0 0 0 0 0 0 0 -6.67419e-09 1.65301e-07 -1.50385e-06 5.24685e-06 1.35829e-06 -3.20453e-05 -7.69083e-05 0.000241196 0.0010331 0.000213222 -0.00784638 -0.0209731 0.0050354 0.169382 0.5 0.830618 0.994965 1.02097 1.00785 0.999787 0.998967 0.999759 1.00008 1.00003 0.999999 0.999995 1 1 1 1 1 1 1 1 1 1 
0 0 0 0 0 5.00564e-10 -1.4233e-08 1.56189e-07 -7.58793e-07 9.43511e-07 3.79865e-06 -5.97762e-07 -4.82904e-05 -4.75848e-05 0.000309854 0.00105767 -7.89827e-05 -0.00833671 -0.0208908 0.00655766 0.171332 0.5 0.828668 0.993442 1.02089 1.00834 1.00008 0.998942 0.99969 1.00005 1.00005 1 0.999996 0.999999 1 1 1 1 1 1 1 1 1 
0 0 0 -3.75423e-11 1.20513e-09 -1.54739e-08 9.56744e-08 -2.36976e-07 -1.97319e-07 1.08373e-06 4.9667e-06 -8.32294e-06 -5.12159e-05 -2.81713e-05 0.000370499 0.00105073 -0.000294623 -0.00869443 -0.0208052 0.00764254 0.172711 0.5 0.827289 0.992357 1.02081 1.00869 1.00029 0.998949 0.99963 1.00003 1.00005 1.00001 0.999995 0.999999 1 1 1 1 1 1 1 1 1 
0 0 -1.01647e-10 1.48006e-09 -1.10745e-08 3.97957e-08 -2.70318e-08 -1.70968e-07 -2.25392e-07 2.23249e-06 3.50453e-06 -1.24778e-05 -5.43643e-05 -6.59344e-06 0.000410963 0.00104161 -0.000463983 -0.00894876 -0.0207391 0.00842274 0.17369 0.5 0.82631 0.991577 1.02074 1.00895 1.00046 0.998958 0.999589 1.00001 1.00005 1.00001 0.999996 0.999998 1 1 1 1 1 1 1 1 1 
0 -4.41627e-20 1.25259e-09 -5.59933e-09 1.01518e-08 1.32861e-08 -2.3045e-08 -2.90873e-07 2.11852e-07 2.48673e-06 2.60889e-06 -1.67643e-05 -5.41735e-05 1.03404e-05 0.000442045 0.0010288 -0.000591403 -0.0091355 -0.0206889 0.00898212 0.174389 0.5 0.825611 0.991018 1.02069 1.00914 1.00059 0.998971 0.999558 0.99999 1.00005 1.00002 0.999997 0.999998 1 1 1 1 1 1 1 1 1 
4.41627e-20 -1.18217e-18 -2.16979e-09 4.88417e-10 6.30282e-09 2.33471e-08 -9.71371e-08 -2.2626e-07 4.35299e-07 2.80925e-06 1.2656e-06 -1.96413e-05 -5.35609e-05 2.48811e-05 0.000464402 0.00101733 -0.000688372 -0.0092727 -0.020654 0.00938326 0.17489 0.5 0.82511 0.990617 1.02065 1.00927 1.00069 0.998983 0.999536 0.999975 1.00005 1.00002 0.999999 0.999997 1 1 1 1 1 1 1 1 1 
1.18217e-18 -6.0278e-19 -7.96308e-10 -6.70735e-10 1.57407e-08 -1.1957e-11 -1.15045e-07 -1.98367e-07 7.15456e-07 2.8475e-06 1.58252e-07 -2.19678e-05 -5.22805e-05 3.64281e-05 0.00048124 0.00100729 -0.000761299 -0.00937476 -0.020631 0.00966984 0.175248 0.5 0.824752 0.99033 1.02063 1.00937 1.00076 0.998993 0.999519 0.999964 1.00005 1.00002 1 0.999997 0.999999 1 1 1 1 1 1 1 1 
6.0278e-19 1.05958e-19 -1.55431e-09 3.82079e-09 1.31673e-08 -1.04768e-08 -1.42772e-07 -1.24008e-07 9.05179e-07 2.84326e-06 -8.86579e-07 -2.36371e-05 -5.0973e-05 4.57308e-05 0.000493811 0.000999277 -0.000816151 -0.00945098 -0.020617 0.00987373 0.175504 0.5 0.824496 0.990126 1.02062 1.00945 1.00082 0.999001 0.999506 0.999954 1.00005 1.00002 1 0.999997 0.999999 1 1 1 1 1 1 1 1 
-1.05958e-19 -2.75061e-19 -1.78081e-10 5.03814e-09 1.336e-08 -2.7684e-08 -1.49383e-07 -6.03993e-08 1.06897e-06 2.76003e-06 -1.75505e-06 -2.49069e-05 -4.96874e-05 5.30662e-05 0.000503382 0.000993075 -0.000857177 -0.00950818 -0.0206095 0.0100179 0.175686 0.5 0.824314 0.989982 1.02061 1.00951 1.00086 0.999007 0.999497 0.999947 1.00005 1.00002 1 0.999997 0.999999 1 1 1 1 1 1 1 1 
2.75061e-19 -1.24923e-19 4.70859e-10 7.27942e-09 9.74449e-09 -3.9405e-08 -1.53101e-07 6.8293e-09 1.18661e-06 2.66027e-06 -2.49109e-06 -2.58462e-05 -4.85547e-05 5.88515e-05 0.000510703 0.000988483 -0.000887759 -0.00955121 -0.0206065 0.0101189 0.175815 0.5 0.824185 0.989881 1.02061 1.00955 1.00089 0.999012 0.999489 0.999941 1.00005 1.00003 1 0.999997 0.999999 1 1 1 1 1 1 1 1 
1.24923e-19 1.65471e-19 1.55501e-09 8.11552e-09 6.62607e-09 -5.03941e-08 -1.49469e-07 6.51446e-08 1.27726e-06 2.54875e-06 -3.09319e-06 -2.65578e-05 -4.75865e-05 6.33797e-05 0.000516364 0.000985196 -0.000910433 -0.00958362 -0.0206066 0.010189 0.175906 0.5 0.824094 0.989811 1.02061 1.00958 1.00091 0.999015 0.999484 0.999937 1.00005 1.00003 1 0.999997 0.999999 1 1 1 1 1 1 1 1 
-1.65471e-19 8.31167e-19 2.27462e-09 8.75045e-09 2.76244e-09 -5.83453e-08 -1.43699e-07 1.17175e-07 1.34317e-06 2.44212e-06 -3.58556e-06 -2.70976e-05 -4.67911e-05 6.69154e-05 0.000520768 0.000982944 -0.000927149 -0.00960802 -0.0206084 0.010237 0.17597 0.5 0.82403 0.989763 1.02061 1.00961 1.00093 0.999017 0.999479 0.999933 1.00005 1.00003 1 0.999998 0.999999 1 1 1 1 1 1 1 1 
-8.31167e-19 1.62172e-18 2.91079e-09 8.75321e-09 -7.5533e-10 -6.46187e-08 -1.3597e-07 1.61122e-07 1.39221e-06 2.34401e-06 -3.98345e-06 -2.75134e-05 -4.61519e-05 6.96646e-05 0.000524218 0.000981481 -0.000939387 -0.00962638 -0.0206113 0.0102692 0.176013 0.5 0.823987 0.989731 1.02061 1.00963 1.00094 0.999019 0.999476 0.99993 1.00005 1.00003 1 0.999998 0.999999 1 1 1 1 1 1 1 1 
-1.62172e-18 2.34321e-18 3.31328e-09 8.494e-09 -4.11251e-09 -6.91299e-08 -1.27912e-07 1.9819e-07 1.42821e-06 2.25799e-06 -4.30413e-06 -2.78368e-05 -4.565e-05 7.17955e-05 0.000526931 0.000980604 -0.000948272 -0.00964015 -0.0206147 0.0102904 0.176043 0.5 0.823957 0.98971 1.02061 1.00964 1.00095 0.999019 0.999473 0.999928 1.00005 1.00003 1 0.999998 0.999999 1 1 1 1 1 1 1 1 
-2.34321e-18 2.89923e-18 3.57452e-09 7.97684e-09 -7.07797e-09 -7.24461e-08 -1.19952e-07 2.28881e-07 1.455e-06 2.18436e-06 -4.56133e-06 -2.80917e-05 -4.52634e-05 7.34409e-05 0.000529072 0.00098015 -0.000954659 -0.00965044 -0.0206182 0.0103038 0.176063 0.5 0.823937 0.989696 1.02062 1.00965 1.00095 0.99902 0.999471 0.999927 1.00005 1.00003 1 0.999998 0.999999 1 1 1 1 1 1 1 1 
-2.89923e-18 3.24352e-18 3.69838e-09 7.34353e-09 -9.69819e-09 -7.48027e-08 -1.12587e-07 2.54183e-07 1.47504e-06 2.12277e-06 -4.76713e-06 -2.82945e-05 -4.49713e-05 7.47065e-05 0.000530765 0.000979993 -0.000959194 -0.00965809 -0.0206215 0.010312 0.176075 0.5 0.823925 0.989688 1.02062 1.00966 1.00096 0.99902 0.999469 0.999925 1.00004 1.00003 1 0.999998 0.999999 1 1 1 1 1 1 1 1 
-3.24352e-18 3.40197e-18 3.73174e-09 6.64527e-09 -1.19573e-08 -7.6493e-08 -1.05979e-07 2.74887e-07 1.49029e-06 2.0721e-06 -4.93136e-06 -2.84577e-05 -4.47551e-05 7.56757e-05 0.000532106 0.000980033 -0.000962365 -0.00966375 -0.0206246 0.0103166 0.176083 0.5 0.823917 0.989683 1.02062 1.00966 1.00096 0.99902 0.999468 0.999924 1.00004 1.00003 1 0.999998 0.999999 1 1 1 1 1 1 1 1 
-3.40197e-18 3.41414e-18 3.69892e-09 5.9421e-09 -1.38959e-08 -7.77011e-08 -1.00219e-07 2.91775e-07 1.50205e-06 2.03103e-06 -5.06212e-06 -2.85899e-05 -4.45987e-05 7.64142e-05 0.000533167 0.000980198 -0.000964539 -0.00966791 -0.0206274 0.0103188 0.176088 0.5 0.823912 0.989681 1.02063 1.00967 1.00096 0.99902 0.999467 0.999924 1.00004 1.00003 1.00001 0.999998 0.999998 1 1 1 1 1 1 1 1 
-3.41414e-18 3.32878e-18 3.62625e-09 5.2647e-09 -1.55446e-08 -7.858e-08 -9.52969e-08 3.05503e-07 1.5113e-06 1.99816e-06 -5.16601e-06 -2.86978e-05 -4.44887e-05 7.69738e-05 0.000534006 0.000980437 -0.000965992 -0.00967093 -0.0206297 0.0103195 0.17609 0.5 0.82391 0.989681 1.02063 1.00967 1.00097 0.99902 0.999466 0.999923 1.00004 1.00003 1.00001 0.999998 0.999998 1 1 1 1 1 1 1 1 
-3.32878e-18 3.18601e-18 3.53094e-09 4.63567e-09 -1.69421e-08 -7.9233e-08 -9.11633e-08 3.16636e-07 1.51869e-06 1.97218e-06 -5.24836e-06 -2.87863e-05 -4.4414e-05 7.7395e-05 0.000534668 0.00098071 -0.000966928 -0.0096731 -0.0206318 0.0103192 0.176091 0.5 0.823909 0.989681 1.02063 1.00967 1.00097 0.999019 0.999465 0.999923 1.00004 1.00003 1.00001 0.999998 0.999998 1 1 1 1 1 1 1 1 
-3.18601e-18 3.01688e-18 3.42639e-09 4.06567e-09 -1.81223e-08 -7.97349e-08 -8.77407e-08 3.25646e-07 1.52471e-06 1.95187e-06 -5.31347e-06 -2.88591e-05 -4.43657e-05 7.77097e-05 0.000535189 0.000980992 -0.0009675 -0.00967464 -0.0206334 0.0103185 0.176092 0.5 0.823908 0.989682 1.02063 1.00967 1.00097 0.999019 0.999465 0.999922 1.00004 1.00003 1.00001 0.999998 0.999998 1 1 1 1 1 1 1 1 
-3.01688e-18 2.84224e-18 3.32126e-09 3.55932e-09 -1.91173e-08 -8.01356e-08 -8.4943e-08 3.32923e-07 1.52967e-06 1.93618e-06 -5.36481e-06 -2.89191e-05 -4.43369e-05 7.79428e-05 0.000535598 0.000981266 -0.000967819 -0.00967571 -0.0206348 0.0103175 0.176091 0.5 0.823909 0.989683 1.02063 1.00968 1.00097 0.999019 0.999464 0.999922 1.00004 1.00003 1.00001 0.999998 0.999998 1 1 1 1 1 1 1 1 
-2.84224e-18 2.6751e-18 3.2212e-09 3.11628e-09 -1.99545e-08 -8.04684e-08 -8.26827e-08 3.38788e-07 1.53382e-06 1.92421e-06 -5.40518e-06 -2.89687e-05 -4.43221e-05 7.81135e-05 0.000535918 0.000981522 -0.000967967 -0.00967644 -0.020636 0.0103164 0.176091 0.5 0.823909 0.989684 1.02064 1.00968 1.00097 0.999018 0.999464 0.999922 1.00004 1.00003 1.00001 0.999998 0.999998 1 1 1 1 1 1 1 1 
-2.6751e-18 2.52249e-18 3.1294e-09 2.73346e-09 -2.06584e-08 -8.0755e-08 -8.0877e-08 3.43507e-07 1.53732e-06 1.91519e-06 -5.4368e-06 -2.90095e-05 -4.43171e-05 7.82371e-05 0.000536167 0.000981754 -0.000968003 -0.00967693 -0.0206368 0.0103153 0.17609 0.5 0.82391 0.989685 1.02064 1.00968 1.00097 0.999018 0.999464 0.999922 1.00004 1.00003 1.00001 0.999998 0.999998 1 1 1 1 1 1 1 1 
-2.52249e-18 2.38754e-18 3.04745e-09 2.406e-09 -2.12494e-08 -8.10087e-08 -7.94502e-08 3.47294e-07 1.54029e-06 1.9085e-06 -5.46148e-06 -2.90431e-05 -4.43186e-05 7.83251e-05 0.000536359 0.000981959 -0.000967968 -0.00967723 -0.0206375 0.0103143 0.176089 0.5 0.823911 0.989686 1.02064 1.00968 1.00097 0.999018 0.999464 0.999922 1.00004 1.00003 1.00001 0.999998 0.999998 1 1 1 1 1 1 1 1 
-2.38754e-18 2.27087e-18 2.97578e-09 2.1283e-09 -2.17452e-08 -8.12376e-08 -7.83356e-08 3.50324e-07 1.54281e-06 1.90361e-06 -5.48066e-06 -2.90708e-05 -4.43245e-05 7.83866e-05 0.000536506 0.000982136 -0.000967892 -0.00967741 -0.0206381 0.0103135 0.176088 0.5 0.823912 0.989687 1.02064 1.00968 1.00097 0.999018 0.999463 0.999922 1.00004 1.00003 1.00001 0.999998 0.999998 1 1 1 1 1 1 1 1 
-2.27087e-18 2.17169e-18 2.91413e-09 1.89451e-09 -2.21608e-08 -8.14466e-08 -7.74754e-08 3.52743e-07 1.54496e-06 1.90012e-06 -5.4955e-06 -2.90935e-05 -4.43327e-05 7.84285e-05 0.000536619 0.000982288 -0.000967795 -0.0096775 -0.0206385 0.0103127 0.176087 0.5 0.823913 0.989687 1.02064 1.00968 1.00097 0.999018 0.999463 0.999922 1.00004 1.00003 1.00001 0.999998 0.999998 1 1 1 1 1 1 1 1 
-2.17169e-18 2.08843e-18 2.8618e-09 1.69892e-09 -2.25087e-08 -8.16384e-08 -7.68203e-08 3.54667e-07 1.5468e-06 1.89769e-06 -5.50691e-06 -2.9112e-05 -4.43423e-05 7.84559e-05 0.000536704 0.000982416 -0.00096769 -0.00967753 -0.0206388 0.0103121 0.176087 0.5 0.823913 0.989688 1.02064 1.00968 1.00097 0.999018 0.999463 0.999922 1.00004 1.00003 1.00001 0.999998 0.999998 1 1 1 1 1 1 1 1 
-2.08843e-18 2.01924e-18 2.81789e-09 1.5362e-09 -2.27998e-08 -8.18144e-08 -7.6329e-08 3.56191e-07 1.54836e-06 1.89606e-06 -5.51564e-06 -2.91271e-05 -4.43522e-05 7.8473e-05 0.000536767 0.000982522 -0.000967587 -0.00967753 -0.020639 0.0103116 0.176086 0.5 0.823914 0.989688 1.02064 1.00968 1.00097 0.999017 0.999463 0.999922 1.00004 1.00003 1.00001 0.999998 0.999998 1 1 1 1 1 1 1 1 
-2.01924e-18 1.96221e-18 2.78138e-09 1.40149e-09 -2.30429e-08 -8.19756e-08 -7.5967e-08 3.57393e-07 1.54968e-06 1.89501e-06 -5.52227e-06 -2.91394e-05 -4.4362e-05 7.84828e-05 0.000536814 0.000982609 -0.00096749 -0.0096775 -0.0206392 0.0103111 0.176086 0.5 0.823914 0.989689 1.02064 1.00968 1.00097 0.999017 0.999463 0.999922 1.00004 1.00003 1.00001 0.999998 0.999998 1 1 1 1 1 1 1 1 
-1.96221e-18 1.91552e-18 2.7513e-09 1.29047e-09 -2.32458e-08 -8.21225e-08 -7.57063e-08 3.58337e-07 1.5508e-06 1.8944e-06 -5.52727e-06 -2.91492e-05 -4.43712e-05 7.84874e-05 0.000536849 0.00098268 -0.000967403 -0.00967746 -0.0206393 0.0103108 0.176086 0.5 0.823914 0.989689 1.02064 1.00968 1.00097 0.999017 0.999463 0.999922 1.00004 1.00003 1.00001 0.999998 0.999998 1 1 1 1 1 1 1 1 
-1.91552e-18 1.87754e-18 2.72669e-09 1.19934e-09 -2.34148e-08 -8.22558e-08 -7.55239e-08 3.59073e-07 1.55174e-06 1.89408e-06 -5.531e-06 -2.91572e-05 -4.43796e-05 7.84886e-05 0.000536873 0.000982736 -0.000967326 -0.00967741 -0.0206394 0.0103106 0.176085 0.5 0.823915 0.989689 1.02064 1.00968 1.00097 0.999017 0.999463 0.999922 1.00004 1.00003 1.00001 0.999998 0.999998 1 1 1 1 1 1 1 1 
-1.87754e-18 1.84681e-18 2.7067e-09 1.12484e-09 -2.35554e-08 -8.23759e-08 -7.54014e-08 3.59644e-07 1.55253e-06 1.89398e-06 -5.53376e-06 -2.91635e-05 -4.43871e-05 7.84875e-05 0.00053689 0.000982781 -0.000967259 -0.00967737 -0.0206395 0.0103104 0.176085 0.5 0.823915 0.98969 1.02064 1.00968 1.00097 0.999017 0.999463 0.999922 1.00004 1.00003 1.00001 0.999998 0.999998 1 1 1 1 1 1 1 1 
-1.84681e-18 1.82208e-18 2.69056e-09 1.06415e-09 -2.36722e-08 -8.24835e-08 -7.5324e-08 3.60083e-07 1.55318e-06 1.89402e-06 -5.53577e-06 -2.91686e-05 -4.43937e-05 7.84851e-05 0.000536902 0.000982816 -0.000967204 -0.00967732 -0.0206395 0.0103102 0.176085 0.5 0.823915 0.98969 1.02064 1.00968 1.00097 0.999017 0.999463 0.999922 1.00004 1.00003 1.00001 0.999998 0.999998 1 1 1 1 1 1 1 1 
-1.82208e-18 1.80227e-18 2.67761e-09 1.01488e-09 -2.3769e-08 -8.25793e-08 -7.52801e-08 3.60418e-07 1.55372e-06 1.89414e-06 -5.53722e-06 -2.91726e-05 -4.43995e-05 7.84819e-05 0.00053691 0.000982844 -0.000967157 -0.00967728 -0.0206395 0.0103101 0.176085 0.5 0.823915 0.98969 1.02064 1.00968 1.00097 0.999017 0.999463 0.999922 1.00004 1.00003 1.00001 0.999998 0.999998 1 1 1 1 1 1 1 1 
-1.80227e-18 1.78648e-18 2.66729e-09 9.75024e-10 -2.38491e-08 -8.2664e-08 -7.52605e-08 3.6067e-07 1.55417e-06 1.89432e-06 -5.53824e-06 -2.91757e-05 -4.44043e-05 7.84784e-05 0.000536914 0.000982864 -0.000967119 -0.00967724 -0.0206395 0.01031 0.176085 0.5 0.823915 0.98969 1.02064 1.00968 1.00097 0.999017 0.999463 0.999922 1.00004 1.00003 1.00001 0.999998 0.999998 1 1 1 1 1 1 1 1 
-1.78648e-18 1.77395e-18 2.6591e-09 9.42888e-10 -2.39152e-08 -8.27386e-08 -7.52582e-08 3.60858e-07 1.55453e-06 1.89452e-06 -5.53895e-06 -2.91781e-05 -4.44085e-05 7.84749e-05 0.000536917 0.00098288 -0.000967088 -0.00967721 -0.0206395 0.01031 0.176085 0.5 0.823915 0.98969 1.02064 1.00968 1.00097 0.999017 0.999463 0.999922 1.00004 1.00003 1.00001 0.999998 0.999998 1 1 1 1 1 1 1 1 
