0 0 0 0 0 0 0 0 0 0 0 0 0 0 0 0 0 0 0 0 0 0.5 1 1 1 1 1 1 1 1 1 1 1 1 1 1 1 1 1 1 1 1 1 
0 -1.45068e-14 5.83768e-14 -2.49537e-13 1.06301e-12 -4.52919e-12 1.92974e-11 -8.22203e-11 3.50315e-10 -1.49258e-09 6.35942e-09 -2.70955e-08 1.15445e-07 -4.91876e-07 2.09573e-06 -8.92925e-06 3.80447e-05 -0.000162097 0.000690642 -0.00294261 -0.0376633 0.5 1.03766 1.00294 0.999309 1.00016 0.999962 1.00001 0.999998 1 1 1 1 1 1 1 1 1 1 1 1 1 1 
1.45068e-14 -2.27325e-14 4.78409e-14 -2.30379e-13 1.03001e-12 -4.61086e-12 2.05887e-11 -9.17423e-11 4.08013e-10 -1.81139e-09 8.02871e-09 -3.55326e-08 1.57038e-07 -6.93138e-07 3.05572e-06 -1.34559e-05 5.91945e-05 -0.000260076 0.00114299 1.78656e-05 -0.07012 0.5 1.07012 0.999982 0.998857 1.00026 0.999941 1.00001 0.999997 1 1 1 1 1 1 1 1 1 1 1 1 1 1 
2.27325e-14 -1.6755e-14 -9.56352e-16 -5.7077e-14 3.40376e-13 -1.92737e-12 1.02756e-11 -5.27745e-11 2.6401e-10 -1.29526e-09 6.2599e-09 -2.98942e-08 1.41377e-07 -6.63221e-07 3.09008e-06 -1.43133e-05 6.59652e-05 -0.000302636 0.000879584 0.00699427 -0.0964334 0.5 1.09643 0.993006 0.99912 1.0003 0.999934 1.00001 0.999997 1 1 1 1 1 1 1 1 1 1 1 1 1 1 
1.6755e-14 9.44602e-16 -5.42008e-14 1.50289e-13 -5.22748e-13 1.58846e-12 -3.93061e-12 3.98577e-12 4.02395e-11 -4.27584e-10 2.96641e-09 -1.77459e-08 9.83635e-08 -5.20336e-07 2.66688e-06 -1.33595e-05 6.57769e-05 -0.000268816 -0.000207252 0.0161055 -0.11647 0.5 1.11647 0.983895 1.00021 1.00027 0.999934 1.00001 0.999997 1 1 1 1 1 1 1 1 1 1 1 1 1 1 
-9.44602e-16 2.23144e-14 -8.69539e-14 3.00697e-13 -1.17594e-12 4.34909e-12 -1.54679e-11 5.14615e-11 -1.5172e-10 3.32216e-10 3.93729e-11 -6.87576e-09 6.01101e-08 -3.97195e-07 2.33635e-06 -1.28863e-05 6.31393e-05 -0.000135311 -0.00198121 0.0257483 -0.130714 0.5 1.13071 0.974252 1.00198 1.00014 0.999937 1.00001 0.999998 1 1 1 1 1 1 1 1 1 1 1 1 1 1 
-2.23144e-14 3.86954e-14 -8.85918e-14 3.48708e-13 -1.41214e-12 5.44898e-12 -2.03857e-11 7.24895e-11 -2.37518e-10 6.62634e-10 -1.13181e-09 -3.291e-09 5.26331e-08 -4.06777e-07 2.59101e-06 -1.45409e-05 5.70604e-05 0.000110377 -0.00419002 0.0347438 -0.140031 0.5 1.14003 0.965256 1.00419 0.99989 0.999943 1.00001 0.999997 1 1 1 1 1 1 1 1 1 1 1 1 1 1 
-3.86954e-14 4.42486e-14 -6.16634e-14 2.91572e-13 -1.19878e-12 4.68138e-12 -1.7513e-11 6.0893e-11 -1.85891e-10 4.09535e-10 1.99825e-10 -1.0571e-08 9.29638e-08 -6.29794e-07 3.76144e-06 -1.86634e-05 4.21743e-05 0.000465261 -0.00656207 0.0423672 -0.145457 0.5 1.14546 0.957633 1.00656 0.999535 0.999958 1.00002 0.999996 1 1 1 1 1 1 1 1 1 1 1 1 1 1 
-4.42486e-14 3.73102e-14 -1.70385e-14 1.55347e-13 -6.27643e-13 2.35177e-12 -7.77363e-12 1.89883e-11 3.44589e-13 -4.46191e-10 4.25471e-09 -3.0285e-08 1.90679e-07 -1.11534e-06 5.95344e-06 -2.42327e-05 1.16028e-05 0.000911305 -0.00886397 0.048295 -0.148031 0.5 1.14803 0.951705 1.00886 0.999089 0.999988 1.00002 0.999994 1 1 1 1 1 1 1 1 1 1 1 1 1 1 
-3.73102e-14 2.0053e-14 3.1535e-14 -2.0715e-14 1.46671e-13 -9.64586e-13 6.76152e-12 -4.61191e-11 2.98802e-10 -1.84569e-09 1.09529e-08 -6.28982e-08 3.51081e-07 -1.88352e-06 9.02962e-06 -2.92749e-05 -4.01498e-05 0.00141904 -0.010926 0.0525109 -0.148683 0.5 1.14868 0.947489 1.01093 0.998581 1.00004 1.00003 0.999991 1 1 1 1 1 1 1 1 1 1 1 1 1 1 
-2.0053e-14 -2.78146e-15 7.15129e-14 -1.95908e-13 9.56126e-13 -4.62207e-12 2.36776e-11 -1.25783e-10 6.80717e-10 -3.70619e-09 2.01382e-08 -1.08665e-07 5.77555e-07 -2.92458e-06 1.26344e-05 -3.14826e-05 -0.000115285 0.00195288 -0.0126464 0.0552006 -0.148182 0.5 1.14818 0.944799 1.01265 0.998047 1.00012 1.00003 0.999987 1 0.999999 1 1 1 1 1 1 1 1 1 1 1 1 
2.78146e-15 -2.53548e-14 9.36635e-14 -3.3442e-13 1.64844e-12 -8.02609e-12 4.07228e-11 -2.11948e-10 1.12003e-09 -5.96026e-09 3.17458e-08 -1.68197e-07 8.71938e-07 -4.19542e-06 1.62563e-05 -2.88171e-05 -0.00021209 0.00247686 -0.0139842 0.0566574 -0.147109 0.5 1.14711 0.943343 1.01398 0.997523 1.00021 1.00003 0.999984 1 0.999999 1 1 1 1 1 1 1 1 1 1 1 1 
2.53548e-14 -4.19383e-14 9.24957e-14 -4.07292e-13 2.09865e-12 -1.06842e-11 5.60414e-11 -2.98234e-10 1.59849e-09 -8.57992e-09 4.58991e-08 -2.42581e-07 1.23302e-06 -5.61761e-06 1.93163e-05 -1.99514e-05 -0.000325428 0.00295955 -0.0149461 0.0572076 -0.145873 0.5 1.14587 0.942792 1.01495 0.99704 1.00033 1.00002 0.999981 1.00001 0.999999 1 1 1 1 1 1 1 1 1 1 1 1 
4.19383e-14 -4.76629e-14 6.56482e-14 -3.91804e-13 2.20937e-12 -1.2212e-11 6.82307e-11 -3.80336e-10 2.1082e-09 -1.15898e-08 6.29355e-08 -3.33083e-07 1.65422e-06 -7.08082e-06 2.12655e-05 -4.49215e-06 -0.000447925 0.00337758 -0.0155723 0.0571595 -0.144725 0.5 1.14472 0.942841 1.01557 0.996622 1.00045 1 0.999979 1.00001 0.999998 1 1 1 1 1 1 1 1 1 1 1 1 
4.76629e-14 -3.88222e-14 1.28529e-14 -2.69858e-13 1.90596e-12 -1.23186e-11 7.63199e-11 -4.56158e-10 2.65315e-09 -1.50726e-08 8.33669e-08 -4.40551e-07 2.12154e-06 -8.45325e-06 2.16734e-05 1.70143e-05 -0.000571395 0.0037172 -0.0159226 0.0567726 -0.143797 0.5 1.1438 0.943227 1.01592 0.996283 1.00057 0.999983 0.999978 1.00001 0.999998 1 1 1 1 1 1 1 1 1 1 1 1 
3.88222e-14 -1.28397e-14 -6.51103e-14 -2.62842e-14 1.13024e-12 -1.07879e-11 7.97418e-11 -5.25949e-10 3.25041e-09 -1.91675e-08 1.0778e-07 -5.64705e-07 2.61293e-06 -9.59784e-06 2.02927e-05 4.32462e-05 -0.000688164 0.00397425 -0.0160645 0.0562447 -0.143134 0.5 1.14313 0.943755 1.01606 0.996026 1.00069 0.999957 0.99998 1.00001 0.999997 1 1 1 1 1 1 1 1 1 1 1 1 
1.28397e-14 3.1967e-14 -1.67261e-13 3.52552e-13 -1.64852e-13 -7.4657e-12 7.83377e-11 -5.9257e-10 3.93106e-09 -2.40588e-08 1.36687e-07 -7.03525e-07 3.09936e-06 -1.03911e-05 1.70894e-05 7.23762e-05 -0.000792054 0.00415269 -0.0160635 0.0557114 -0.142723 0.5 1.14272 0.944289 1.01606 0.995847 1.00079 0.999928 0.999983 1.00001 0.999997 1 1 1 1 1 1 1 1 1 1 1 1 
-3.1967e-14 9.67082e-14 -2.93005e-13 8.79783e-13 -2.01922e-12 -2.25549e-12 7.24099e-11 -6.61887e-10 4.74015e-09 -2.99543e-08 1.70356e-07 -8.52901e-07 3.54762e-06 -1.07407e-05 1.22379e-05 0.000102379 -0.000878937 0.00426245 -0.0159772 0.055253 -0.14252 0.5 1.14252 0.944747 1.01598 0.995738 1.00088 0.999898 0.999988 1.00001 0.999996 1 1 1 1 1 1 1 1 1 1 1 1 
-9.67082e-14 1.82251e-13 -4.42495e-13 1.56875e-12 -4.46743e-12 4.87265e-12 6.28247e-11 -7.43158e-10 5.73486e-09 -3.70525e-08 2.08649e-07 -1.00666e-06 3.92427e-06 -1.05978e-05 6.08358e-06 0.000131322 -0.000946886 0.00431689 -0.0158515 0.054906 -0.142467 0.5 1.14247 0.945094 1.01585 0.995683 1.00095 0.999869 0.999994 1.00001 0.999996 1 1 1 1 1 1 1 1 1 1 1 1 
-1.82251e-13 2.89509e-13 -6.16794e-13 2.4334e-12 -7.53818e-12 1.38607e-11 5.11516e-11 -8.49246e-10 6.98016e-09 -4.55021e-08 2.50899e-07 -1.15699e-06 4.19996e-06 -9.96331e-06 -9.14945e-07 0.000157588 -0.000995983 0.00433058 -0.0157194 0.0546761 -0.142511 0.5 1.14251 0.945324 1.01572 0.995669 1.001 0.999842 1 1.00001 0.999996 1 1 1 1 1 1 1 1 1 1 1 1 
-2.89509e-13 4.19662e-13 -8.17907e-13 3.4883e-12 -1.12507e-11 2.45277e-11 3.98095e-11 -9.96417e-10 8.54168e-09 -5.53599e-08 2.95871e-07 -1.29525e-06 4.35328e-06 -8.8857e-06 -8.2528e-06 0.000180025 -0.0010279 0.00431742 -0.0156018 0.0545494 -0.142603 0.5 1.1426 0.945451 1.0156 0.995683 1.00103 0.99982 1.00001 1.00001 0.999996 1 1 1 1 1 1 1 1 1 1 1 1 
-4.19662e-13 5.74306e-13 -1.04871e-12 4.74816e-12 -1.56079e-11 3.65245e-11 3.21784e-11 -1.20356e-09 1.04764e-08 -6.65559e-08 3.41807e-07 -1.4129e-06 4.37352e-06 -7.4529e-06 -1.54436e-05 0.000197997 -0.0010454 0.00428937 -0.0155096 0.0545028 -0.14271 0.5 1.14271 0.945497 1.01551 0.995711 1.00105 0.999802 1.00002 1.00001 0.999996 1 1 1 1 1 1 1 1 1 1 1 1 
-5.74306e-13 7.55524e-13 -1.31277e-12 6.22664e-12 -2.05855e-11 4.92846e-11 3.26228e-11 -1.49072e-09 1.28221e-08 -7.88712e-08 3.86569e-07 -1.5026e-06 4.26182e-06 -5.77926e-06 -2.2072e-05 0.000211364 -0.00105175 0.0042558 -0.0154457 0.0545104 -0.142808 0.5 1.14281 0.94549 1.01545 0.995744 1.00105 0.999789 1.00002 1.00001 0.999996 1 1 1 1 1 1 1 1 1 1 1 1 
-7.55524e-13 9.65867e-13 -1.6141e-12 7.93433e-12 -2.61186e-11 6.19801e-11 4.63781e-11 -1.87697e-09 1.55875e-08 -9.19365e-08 4.27846e-07 -1.55907e-06 4.03076e-06 -3.99053e-06 -2.78294e-05 0.000220402 -0.0010503 0.00422327 -0.0154081 0.0545489 -0.142886 0.5 1.14289 0.945451 1.01541 0.995777 1.00105 0.99978 1.00003 1 0.999996 1 1 1 1 1 1 1 1 1 1 1 1 
-9.65867e-13 1.20825e-12 -1.95676e-12 9.87587e-12 -3.20864e-11 7.34976e-11 7.92639e-11 -2.37785e-09 1.87443e-08 -1.05253e-07 4.6341e-07 -1.57969e-06 3.70237e-06 -2.20903e-06 -3.25296e-05 0.000225686 -0.00104411 0.00419577 -0.0153919 0.0545999 -0.14294 0.5 1.14294 0.9454 1.01539 0.995804 1.00104 0.999774 1.00003 1 0.999996 1 1 1 1 1 1 1 1 1 1 1 1 
-1.20825e-12 1.48575e-12 -2.34434e-12 1.20461e-11 -3.82975e-11 8.24456e-11 1.37217e-10 -3.00267e-09 2.2224e-08 -1.18232e-07 4.91362e-07 -1.56483e-06 3.3052e-06 -5.41317e-07 -3.61074e-05 0.00022797 -0.00103571 0.00417511 -0.0153908 0.0546502 -0.142971 0.5 1.14297 0.94535 1.01539 0.995825 1.00104 0.999772 1.00004 1 0.999997 1 1 1 1 1 1 1 1 1 1 1 1 
-1.48575e-12 1.80126e-12 -2.77925e-12 1.44257e-11 -4.44798e-11 8.72049e-11 2.25673e-10 -3.75207e-09 2.59189e-08 -1.30253e-07 5.10349e-07 -1.51766e-06 2.8708e-06 9.30631e-07 -3.86024e-05 0.000228063 -0.00102698 0.00416153 -0.015399 0.0546925 -0.142984 0.5 1.14298 0.945308 1.0154 0.995838 1.00103 0.999772 1.00004 0.999999 0.999997 1 0.999999 1 1 1 1 1 1 1 1 1 1 
-1.80126e-12 2.15705e-12 -3.26193e-12 1.69769e-11 -5.02761e-11 8.60271e-11 3.4886e-10 -4.61643e-09 2.9689e-08 -1.40727e-07 5.19707e-07 -1.4437e-06 2.43024e-06 2.15387e-06 -4.01348e-05 0.000226741 -0.00101917 0.0041542 -0.0154117 0.0547232 -0.142984 0.5 1.14298 0.945277 1.01541 0.995846 1.00102 0.999773 1.00004 0.999998 0.999998 1 0.999999 1 1 1 1 1 1 1 1 1 1 
-2.15705e-12 2.5542e-12 -3.78987e-12 1.96391e-11 -5.52518e-11 7.71787e-11 5.09102e-10 -5.57521e-09 3.33734e-08 -1.49155e-07 5.19518e-07 -1.35014e-06 2.01108e-06 3.10488e-06 -4.08755e-05 0.000224669 -0.00101298 0.00415176 -0.0154252 0.0547423 -0.142976 0.5 1.14298 0.945258 1.01543 0.995848 1.00101 0.999775 1.00004 0.999997 0.999998 1 0.999999 1 1 1 1 1 1 1 1 1 1 
-2.5542e-12 2.99192e-12 -4.35667e-12 2.23271e-11 -5.89137e-11 5.91186e-11 7.06232e-10 -6.5977e-09 3.6805e-08 -1.55184e-07 5.10573e-07 -1.24496e-06 1.63517e-06 3.78661e-06 -4.10185e-05 0.000222373 -0.00100863 0.00415268 -0.015437 0.0547514 -0.142965 0.5 1.14297 0.945249 1.01544 0.995847 1.00101 0.999778 1.00004 0.999996 0.999998 1 0.999999 1 1 1 1 1 1 1 1 1 1 
-2.99192e-12 3.46686e-12 -4.95119e-12 2.49303e-11 -6.07417e-11 3.06899e-11 9.37227e-10 -7.64502e-09 3.98263e-08 -1.58638e-07 4.94265e-07 -1.13614e-06 1.31743e-06 4.223e-06 -4.07561e-05 0.00022022 -0.00100601 0.00415553 -0.0154461 0.0547531 -0.142954 0.5 1.14295 0.945247 1.01545 0.995844 1.00101 0.99978 1.00004 0.999996 0.999999 1 1 1 1 1 1 1 1 1 1 1 1 
-3.46686e-12 3.97244e-12 -5.55705e-12 2.7316e-11 -6.02324e-11 -8.6994e-12 1.19613e-09 -8.67322e-09 4.23055e-08 -1.5953e-07 4.72407e-07 -1.03083e-06 1.06552e-06 4.45243e-06 -4.02606e-05 0.000218432 -0.00100484 0.00415916 -0.0154522 0.05475 -0.142945 0.5 1.14294 0.94525 1.01545 0.995841 1.001 0.999782 1.00004 0.999996 0.999999 1 1 1 1 1 1 1 1 1 1 1 1 
-3.97244e-12 4.49835e-12 -6.15257e-12 2.93351e-11 -5.69487e-11 -5.89336e-11 1.4743e-09 -9.63716e-09 4.41481e-08 -1.58057e-07 4.47037e-07 -9.34897e-07 8.8046e-07 4.52082e-06 -3.96724e-05 0.000217107 -0.00100474 0.00416272 -0.0154554 0.0547446 -0.142938 0.5 1.14294 0.945255 1.01546 0.995837 1.001 0.999783 1.00004 0.999995 0.999999 1 1 1 1 1 1 1 1 1 1 1 1 
-4.49835e-12 5.03031e-12 -6.71126e-12 3.08318e-11 -5.0572e-11 -1.19108e-10 1.761e-09 -1.04946e-08 4.53058e-08 -1.54566e-07 4.20202e-07 -8.52479e-07 7.57725e-07 4.47554e-06 -3.90953e-05 0.00021625 -0.00100532 0.00416573 -0.0154565 0.0547387 -0.142934 0.5 1.14293 0.945261 1.01546 0.995834 1.00101 0.999784 1.00004 0.999996 0.999999 1 1 1 1 1 1 1 1 1 1 1 1 
-5.03031e-12 5.55017e-12 -7.20308e-12 3.16557e-11 -4.09493e-11 -1.87527e-10 2.04426e-09 -1.12101e-08 4.57792e-08 -1.49517e-07 3.93777e-07 -7.8595e-07 6.88838e-07 4.3605e-06 -3.85961e-05 0.000215803 -0.00100624 0.00416795 -0.0154561 0.0547334 -0.142932 0.5 1.14293 0.945267 1.01546 0.995832 1.00101 0.999784 1.00004 0.999996 0.999999 1 1 1 1 1 1 1 1 1 1 1 1 
-5.55017e-12 6.0365e-12 -7.59639e-12 3.16755e-11 -2.81284e-11 -2.61788e-10 2.31183e-09 -1.17581e-08 4.56153e-08 -1.43429e-07 3.69319e-07 -7.35983e-07 6.62988e-07 4.21279e-06 -3.82095e-05 0.000215677 -0.00100724 0.00416934 -0.0154548 0.0547293 -0.142931 0.5 1.14293 0.945271 1.01545 0.995831 1.00101 0.999784 1.00004 0.999996 0.999999 1 1 1 1 1 1 1 1 1 1 1 1 
-6.0365e-12 6.46564e-12 -7.86036e-12 3.07926e-11 -1.2376e-11 -3.38941e-10 2.5523e-09 -1.21249e-08 4.49011e-08 -1.3683e-07 3.47977e-07 -7.01817e-07 6.68569e-07 4.06091e-06 -3.79445e-05 0.00021577 -0.00100815 0.00417001 -0.0154532 0.0547266 -0.142932 0.5 1.14293 0.945273 1.01545 0.99583 1.00101 0.999784 1.00004 0.999996 0.999999 1 1 1 1 1 1 1 1 1 1 1 1 
-6.46564e-12 6.81313e-12 -7.96786e-12 2.89536e-11 5.82531e-12 -4.15723e-10 2.75607e-09 -1.23095e-08 4.37523e-08 -1.3021e-07 3.30456e-07 -6.81606e-07 6.94465e-07 3.92439e-06 -3.77915e-05 0.000215989 -0.00100887 0.00417015 -0.0154517 0.0547253 -0.142933 0.5 1.14293 0.945275 1.01545 0.99583 1.00101 0.999784 1.00004 0.999996 0.999999 1 1 1 1 1 1 1 1 1 1 1 1 
-6.81313e-12 7.0556e-12 -7.89827e-12 2.61595e-11 2.58024e-11 -4.88819e-10 2.91611e-09 -1.23231e-08 4.23016e-08 -1.23984e-07 3.17029e-07 -6.72821e-07 7.30979e-07 3.81439e-06 -3.77303e-05 0.000216257 -0.00100937 0.00416992 -0.0154504 0.0547249 -0.142935 0.5 1.14293 0.945275 1.01545 0.99583 1.00101 0.999784 1.00004 0.999996 0.999999 1 1 1 1 1 1 1 1 1 1 1 1 
-7.0556e-12 7.17268e-12 -7.6401e-12 2.247e-11 4.67368e-11 -5.55139e-10 3.02851e-09 -1.21871e-08 4.06851e-08 -1.18468e-07 3.07597e-07 -6.72632e-07 7.70389e-07 3.73519e-06 -3.77359e-05 0.000216518 -0.00100965 0.00416951 -0.0154495 0.0547252 -0.142936 0.5 1.14294 0.945275 1.01545 0.99583 1.00101 0.999783 1.00004 0.999996 0.999999 1 1 1 1 1 1 1 1 1 1 1 1 
-7.17268e-12 7.14906e-12 -7.19286e-12 1.8003e-11 6.77265e-11 -6.12071e-10 3.09264e-09 -1.19307e-08 3.90309e-08 -1.13865e-07 3.01768e-07 -6.78239e-07 8.07161e-07 3.68588e-06 -3.77834e-05 0.000216738 -0.00100976 0.00416905 -0.015449 0.0547258 -0.142937 0.5 1.14294 0.945274 1.01545 0.995831 1.00101 0.999783 1.00004 0.999996 0.999999 1 1 1 1 1 1 1 1 1 1 1 1 
-7.14906e-12 6.97616e-12 -6.56812e-12 1.29281e-11 8.78569e-11 -6.57683e-10 3.11102e-09 -1.15876e-08 3.74492e-08 -1.10271e-07 2.98957e-07 -6.87127e-07 8.37869e-07 3.66217e-06 -3.78512e-05 0.0002169 -0.00100974 0.00416863 -0.0154488 0.0547266 -0.142937 0.5 1.14294 0.945273 1.01545 0.995831 1.00101 0.999783 1.00004 0.999996 0.999999 1 1 1 1 1 1 1 1 1 1 1 1 
-6.97616e-12 6.65337e-12 -5.78932e-12 7.45542e-12 1.06273e-10 -6.90855e-10 3.0889e-09 -1.11931e-08 3.60261e-08 -1.07684e-07 2.98475e-07 -6.9723e-07 8.60918e-07 3.65806e-06 -3.79226e-05 0.000217003 -0.00100965 0.0041683 -0.0154488 0.0547273 -0.142938 0.5 1.14294 0.945273 1.01545 0.995832 1.00101 0.999783 1.00004 0.999996 0.999999 1 1 1 1 1 1 1 1 1 1 1 1 
-6.65337e-12 6.18875e-12 -4.89055e-12 1.81999e-12 1.22246e-10 -7.11324e-10 3.03358e-09 -1.07804e-08 3.48201e-08 -1.06025e-07 2.99622e-07 -7.07007e-07 8.76147e-07 3.66712e-06 -3.79865e-05 0.000217053 -0.00100952 0.00416807 -0.0154489 0.0547278 -0.142938 0.5 1.14294 0.945272 1.01545 0.995832 1.00101 0.999783 1.00004 0.999996 0.999999 1 1 1 1 1 1 1 1 1 1 1 1 
-6.18875e-12 5.59881e-12 -3.91421e-12 -3.73573e-12 1.35228e-10 -7.19654e-10 2.95365e-09 -1.0379e-08 3.38617e-08 -1.05158e-07 3.0175e-07 -7.15447e-07 8.84382e-07 3.68347e-06 -3.80367e-05 0.000217063 -0.0010094 0.00416795 -0.0154491 0.0547282 -0.142938 0.5 1.14294 0.945272 1.01545 0.995832 1.00101 0.999783 1.00004 0.999996 0.999999 1 1 1 1 1 1 1 1 1 1 1 1 
-5.59881e-12 4.90773e-12 -2.90777e-12 -8.98018e-12 1.44882e-10 -7.17127e-10 2.85814e-09 -1.00122e-08 3.31565e-08 -1.04919e-07 3.0431e-07 -7.22018e-07 8.87025e-07 3.70233e-06 -3.80711e-05 0.000217047 -0.00100929 0.00416791 -0.0154494 0.0547284 -0.142938 0.5 1.14294 0.945272 1.01545 0.995832 1.00101 0.999783 1.00004 0.999996 0.999999 1 1 1 1 1 1 1 1 1 1 1 1 
-4.90773e-12 4.14571e-12 -1.92012e-12 -1.37096e-11 1.51104e-10 -7.05577e-10 2.75579e-09 -9.69657e-09 3.26892e-08 -1.05132e-07 3.0688e-07 -7.26574e-07 8.85692e-07 3.72025e-06 -3.80906e-05 0.000217015 -0.00100921 0.00416793 -0.0154495 0.0547285 -0.142937 0.5 1.14294 0.945272 1.01545 0.995832 1.00101 0.999783 1.00004 0.999996 0.999999 1 1 1 1 1 1 1 1 1 1 1 1 
-4.14571e-12 3.34687e-12 -9.97705e-13 -1.77617e-11 1.54007e-10 -6.87192e-10 2.65433e-09 -9.44148e-09 3.24295e-08 -1.05631e-07 3.09171e-07 -7.29253e-07 8.81948e-07 3.73514e-06 -3.80979e-05 0.000216979 -0.00100915 0.00416798 -0.0154497 0.0547284 -0.142937 0.5 1.14294 0.945272 1.01545 0.995832 1.00101 0.999783 1.00004 0.999996 0.999999 1 1 1 1 1 1 1 1 1 1 1 1 
-3.34687e-12 2.54679e-12 -1.81036e-13 -2.10257e-11 1.53904e-10 -6.64302e-10 2.56008e-09 -9.24988e-09 3.23375e-08 -1.06272e-07 3.11013e-07 -7.3037e-07 8.77127e-07 3.74602e-06 -3.80963e-05 0.000216946 -0.00100913 0.00416804 -0.0154497 0.0547284 -0.142937 0.5 1.14294 0.945272 1.01545 0.995832 1.00101 0.999783 1.00004 0.999996 0.999999 1 1 1 1 1 1 1 1 1 1 1 1 
-2.54679e-12 1.77992e-12 4.98244e-13 -2.34465e-11 1.51256e-10 -6.39179e-10 2.47766e-09 -9.11921e-09 3.23699e-08 -1.0694e-07 3.12345e-07 -7.30324e-07 8.72245e-07 3.75284e-06 -3.80893e-05 0.000216919 -0.00100913 0.0041681 -0.0154498 0.0547283 -0.142937 0.5 1.14294 0.945272 1.01545 0.995832 1.00101 0.999783 1.00004 0.999996 0.999999 1 1 1 1 1 1 1 1 1 1 1 1 
-1.77992e-12 1.07719e-12 1.01933e-12 -2.50243e-11 1.46631e-10 -6.13873e-10 2.40988e-09 -9.04272e-09 3.24843e-08 -1.07555e-07 3.1318e-07 -7.29522e-07 8.67973e-07 3.7561e-06 -3.80799e-05 0.000216901 -0.00100914 0.00416815 -0.0154498 0.0547281 -0.142937 0.5 1.14294 0.945272 1.01545 0.995832 1.00101 0.999783 1.00004 0.999996 0.999999 1 1 1 1 1 1 1 1 1 1 1 1 
-1.07719e-12 4.63965e-13 1.3732e-12 -2.58096e-11 1.40643e-10 -5.90076e-10 2.35787e-09 -9.01097e-09 3.26432e-08 -1.08064e-07 3.13586e-07 -7.28328e-07 8.64669e-07 3.75662e-06 -3.80704e-05 0.00021689 -0.00100915 0.00416818 -0.0154498 0.0547281 -0.142937 0.5 1.14294 0.945272 1.01545 0.995832 1.00101 0.999783 1.00004 0.999996 0.999999 1 1 1 1 1 1 1 1 1 1 1 1 
-4.63965e-13 -4.14367e-14 1.56237e-12 -2.58945e-11 1.33904e-10 -5.69055e-10 2.32132e-09 -9.01328e-09 3.28157e-08 -1.08446e-07 3.1366e-07 -7.27031e-07 8.62439e-07 3.75532e-06 -3.80622e-05 0.000216886 -0.00100917 0.0041682 -0.0154497 0.054728 -0.142937 0.5 1.14294 0.945272 1.01545 0.995832 1.00101 0.999783 1.00004 0.999996 0.999999 1 1 1 1 1 1 1 1 1 1 1 1 
4.14367e-14 -4.28524e-13 1.59978e-12 -2.54007e-11 1.26975e-10 -5.51618e-10 2.29879e-09 -9.0389e-09 3.2979e-08 -1.08698e-07 3.13505e-07 -7.25837e-07 8.61207e-07 3.75303e-06 -3.8056e-05 0.000216887 -0.00100919 0.00416821 -0.0154497 0.054728 -0.142937 0.5 1.14294 0.945272 1.01545 0.995832 1.00101 0.999783 1.00004 0.999996 0.999999 1 1 1 1 1 1 1 1 1 1 1 1 
4.28524e-13 -6.94758e-13 1.50676e-12 -2.44673e-11 1.20331e-10 -5.38137e-10 2.28805e-09 -9.07803e-09 3.31182e-08 -1.08834e-07 3.13219e-07 -7.24867e-07 8.60789e-07 3.75044e-06 -3.80521e-05 0.000216891 -0.0010092 0.00416821 -0.0154497 0.054728 -0.142937 0.5 1.14294 0.945272 1.01545 0.995832 1.00101 0.999783 1.00004 0.999996 0.999999 1 1 1 1 1 1 1 1 1 1 1 1 
6.94758e-13 -8.44999e-13 1.3105e-12 -2.32383e-11 1.14342e-10 -5.28598e-10 2.2865e-09 -9.12247e-09 3.32258e-08 -1.08877e-07 3.12884e-07 -7.24172e-07 8.60953e-07 3.74803e-06 -3.80501e-05 0.000216896 -0.00100921 0.0041682 -0.0154497 0.054728 -0.142937 0.5 1.14294 0.945272 1.01545 0.995832 1.00101 0.999783 1.00004 0.999996 0.999999 1 1 1 1 1 1 1 1 1 1 1 1 
