0 1 1 1 1 1 1 1 1 1 1 
0 0.464102 0.856406 0.961524 0.98969 0.997238 0.99926 0.999802 0.999947 0.999987 1 
0 0.381198 0.668385 0.866716 0.952382 0.984051 0.994872 0.998398 0.999513 0.999865 1 
0 0.313103 0.584029 0.775098 0.895595 0.956514 0.983207 0.993865 0.997868 0.999345 1 
0 0.275596 0.518355 0.709624 0.840516 0.920827 0.963992 0.984763 0.993984 0.997963 1 
0 0.247639 0.4722 0.655942 0.792695 0.884389 0.940351 0.971425 0.987373 0.995339 1 
0 0.227017 0.435868 0.612876 0.75074 0.849753 0.915225 0.955333 0.978384 0.991439 1 
0 0.210687 0.406882 0.576946 0.714294 0.817601 0.890144 0.937889 0.967802 0.986547 1 
0 0.197451 0.382923 0.546608 0.682332 0.788176 0.865933 0.920066 0.956387 0.981047 1 
0 0.18642 0.362756 0.520547 0.654174 0.761368 0.843033 0.90252 0.944728 0.975279 1 
0 0.17706 0.345483 0.497906 0.629209 0.737014 0.821641 0.88566 0.933238 0.969491 1 
0 0.168996 0.3305 0.47804 0.606968 0.714911 0.801827 0.869722 0.922182 0.963855 1 
0 0.161968 0.31737 0.460478 0.587072 0.694862 0.78358 0.854827 0.91172 0.958475 1 
0 0.155786 0.305772 0.444859 0.569219 0.67668 0.766847 0.84102 0.901934 0.953413 1 
0 0.150309 0.295464 0.430904 0.553159 0.660193 0.751548 0.828296 0.892857 0.948698 1 
0 0.145431 0.286259 0.418391 0.538683 0.645245 0.737589 0.81662 0.884488 0.944336 1 
0 0.141067 0.278008 0.407142 0.525617 0.631691 0.724873 0.805939 0.876804 0.940323 1 
0 0.13715 0.270591 0.397006 0.51381 0.619401 0.713305 0.796189 0.869774 0.936645 1 
0 0.133625 0.263911 0.387861 0.503132 0.608259 0.702789 0.787306 0.863355 0.933282 1 
0 0.130448 0.257883 0.379599 0.493469 0.598156 0.693236 0.779222 0.857506 0.930215 1 
0 0.127581 0.252439 0.372128 0.48472 0.588996 0.684561 0.771871 0.852183 0.927422 1 
0 0.124989 0.247516 0.365368 0.476796 0.580691 0.676688 0.765194 0.847342 0.924881 1 
0 0.122645 0.243062 0.359248 0.469617 0.573161 0.669544 0.75913 0.842944 0.922572 1 
0 0.120523 0.23903 0.353705 0.463112 0.566334 0.663062 0.753625 0.83895 0.920473 1 
0 0.118602 0.235379 0.348684 0.457217 0.560144 0.657183 0.74863 0.835324 0.918569 1 
0 0.116862 0.232071 0.344135 0.451874 0.554531 0.651851 0.744098 0.832034 0.91684 1 
0 0.115286 0.229074 0.340012 0.44703 0.549442 0.647015 0.739987 0.829049 0.915271 1 
0 0.113858 0.226358 0.336275 0.442639 0.544828 0.642629 0.736258 0.826341 0.913847 1 
0 0.112564 0.223896 0.332888 0.438659 0.540645 0.638652 0.732877 0.823885 0.912556 1 
0 0.11139 0.221665 0.329818 0.435051 0.536852 0.635046 0.72981 0.821657 0.911385 1 
0 0.110327 0.219642 0.327034 0.431779 0.533413 0.631776 0.727029 0.819637 0.910324 1 
0 0.109363 0.217809 0.324511 0.428813 0.530295 0.628811 0.724507 0.817805 0.90936 1 
0 0.108489 0.216146 0.322223 0.426124 0.527468 0.626123 0.722221 0.816144 0.908487 1 
0 0.107696 0.214639 0.320149 0.423686 0.524904 0.623685 0.720147 0.814638 0.907695 1 
0 0.106978 0.213273 0.318268 0.421476 0.52258 0.621475 0.718267 0.813272 0.906977 1 
0 0.106327 0.212034 0.316564 0.419471 0.520473 0.619471 0.716563 0.812033 0.906326 1 
0 0.105736 0.210911 0.315018 0.417654 0.518563 0.617654 0.715017 0.810911 0.905736 1 
0 0.105201 0.209893 0.313616 0.416007 0.51683 0.616007 0.713616 0.809892 0.905201 1 
0 0.104716 0.20897 0.312346 0.414513 0.51526 0.614513 0.712345 0.808969 0.904715 1 
0 0.104276 0.208133 0.311193 0.413159 0.513836 0.613159 0.711193 0.808132 0.904275 1 
0 0.103877 0.207374 0.310149 0.411931 0.512545 0.611931 0.710149 0.807373 0.903876 1 
0 0.103515 0.206685 0.309202 0.410817 0.511374 0.610817 0.709202 0.806685 0.903515 1 
0 0.103187 0.206062 0.308343 0.409808 0.510313 0.609808 0.708343 0.806062 0.903187 1 
0 0.102889 0.205496 0.307564 0.408893 0.50935 0.608893 0.707564 0.805496 0.902889 1 
0 0.10262 0.204983 0.306859 0.408063 0.508478 0.608063 0.706859 0.804983 0.90262 1 
0 0.102375 0.204518 0.306219 0.40731 0.507686 0.60731 0.706218 0.804518 0.902375 1 
0 0.102154 0.204096 0.305638 0.406628 0.506969 0.606628 0.705638 0.804096 0.902154 1 
0 0.101953 0.203714 0.305112 0.40601 0.506319 0.60601 0.705112 0.803714 0.901953 1 
0 0.10177 0.203368 0.304635 0.405449 0.505729 0.605449 0.704635 0.803368 0.90177 1 
0 0.101605 0.203053 0.304202 0.40494 0.505195 0.60494 0.704202 0.803053 0.901605 1 
0 0.101455 0.202768 0.30381 0.404479 0.50471 0.604479 0.70381 0.802768 0.901455 1 
0 0.10132 0.20251 0.303455 0.404061 0.50427 0.604061 0.703455 0.80251 0.90132 1 
0 0.101196 0.202276 0.303132 0.403682 0.503872 0.603682 0.703132 0.802276 0.901196 1 
0 0.101085 0.202063 0.30284 0.403339 0.50351 0.603339 0.70284 0.802063 0.901085 1 
0 0.100984 0.201871 0.302575 0.403027 0.503183 0.603027 0.702575 0.801871 0.900984 1 
0 0.100892 0.201696 0.302335 0.402745 0.502886 0.602745 0.702335 0.801696 0.900892 1 
0 0.100809 0.201538 0.302117 0.402488 0.502617 0.602488 0.702117 0.801538 0.900809 1 
0 0.100733 0.201394 0.301919 0.402256 0.502372 0.602256 0.701919 0.801394 0.900733 1 
0 0.100665 0.201264 0.30174 0.402046 0.502151 0.602046 0.70174 0.801264 0.900665 1 
0 0.100603 0.201146 0.301578 0.401855 0.50195 0.601855 0.701578 0.801146 0.900603 1 
0 0.100546 0.201039 0.301431 0.401682 0.501768 0.601682 0.701431 0.801039 0.900546 1 
0 0.100495 0.200942 0.301297 0.401525 0.501603 0.601525 0.701297 0.800942 0.900495 1 
0 0.100449 0.200854 0.301176 0.401382 0.501454 0.601382 0.701176 0.800854 0.900449 1 
0 0.100407 0.200775 0.301066 0.401253 0.501318 0.601253 0.701066 0.800775 0.900407 1 
0 0.100369 0.200702 0.300967 0.401136 0.501195 0.601136 0.700967 0.800702 0.900369 1 
0 0.100335 0.200637 0.300877 0.40103 0.501083 0.60103 0.700877 0.800637 0.900335 1 
0 0.100304 0.200577 0.300795 0.400934 0.500982 0.600934 0.700795 0.800577 0.900304 1 
0 0.100275 0.200524 0.300721 0.400847 0.500891 0.600847 0.700721 0.800524 0.900275 1 
0 0.10025 0.200475 0.300653 0.400768 0.500808 0.600768 0.700653 0.800475 0.90025 1 
0 0.100226 0.20043 0.300592 0.400696 0.500732 0.600696 0.700592 0.80043 0.900226 1 
0 0.100205 0.20039 0.300537 0.400631 0.500664 0.600631 0.700537 0.80039 0.900205 1 
0 0.100186 0.200354 0.300487 0.400572 0.500602 0.600572 0.700487 0.800354 0.900186 1 
0 0.100169 0.200321 0.300442 0.400519 0.500546 0.600519 0.700442 0.800321 0.900169 1 
0 0.100153 0.200291 0.3004 0.400471 0.500495 0.600471 0.7004 0.800291 0.900153 1 
0 0.100139 0.200264 0.300363 0.400427 0.500449 0.600427 0.700363 0.800264 0.900139 1 
0 0.100126 0.200239 0.300329 0.400387 0.500407 0.600387 0.700329 0.800239 0.900126 1 
0 0.100114 0.200217 0.300298 0.400351 0.500369 0.600351 0.700298 0.800217 0.900114 1 
0 0.100103 0.200197 0.300271 0.400318 0.500334 0.600318 0.700271 0.800197 0.900103 1 
0 0.100094 0.200178 0.300245 0.400288 0.500303 0.600288 0.700245 0.800178 0.900094 1 
0 0.100085 0.200162 0.300222 0.400261 0.500275 0.600261 0.700222 0.800162 0.900085 1 
0 0.100077 0.200147 0.300202 0.400237 0.500249 0.600237 0.700202 0.800147 0.900077 1 
0 0.10007 0.200133 0.300183 0.400215 0.500226 0.600215 0.700183 0.800133 0.90007 1 
0 0.100063 0.20012 0.300166 0.400195 0.500205 0.600195 0.700166 0.80012 0.900063 1 
0 0.100057 0.200109 0.30015 0.400177 0.500186 0.600177 0.70015 0.800109 0.900057 1 
0 0.100052 0.200099 0.300136 0.40016 0.500168 0.60016 0.700136 0.800099 0.900052 1 
0 0.100047 0.20009 0.300124 0.400145 0.500153 0.600145 0.700124 0.80009 0.900047 1 
0 0.100043 0.200081 0.300112 0.400132 0.500138 0.600132 0.700112 0.800081 0.900043 1 
0 0.100039 0.200074 0.300102 0.400119 0.500126 0.600119 0.700102 0.800074 0.900039 1 
0 0.100035 0.200067 0.300092 0.400108 0.500114 0.600108 0.700092 0.800067 0.900035 1 
0 0.100032 0.200061 0.300083 0.400098 0.500103 0.600098 0.700083 0.800061 0.900032 1 
0 0.100029 0.200055 0.300076 0.400089 0.500094 0.600089 0.700076 0.800055 0.900029 1 
0 0.100026 0.20005 0.300069 0.400081 0.500085 0.600081 0.700069 0.80005 0.900026 1 
0 0.100024 0.200045 0.300062 0.400073 0.500077 0.600073 0.700062 0.800045 0.900024 1 
0 0.100022 0.200041 0.300056 0.400066 0.50007 0.600066 0.700056 0.800041 0.900022 1 
0 0.10002 0.200037 0.300051 0.40006 0.500063 0.60006 0.700051 0.800037 0.90002 1 
0 0.100018 0.200034 0.300046 0.400055 0.500057 0.600055 0.700046 0.800034 0.900018 1 
0 0.100016 0.200031 0.300042 0.400049 0.500052 0.600049 0.700042 0.800031 0.900016 1 
0 0.100015 0.200028 0.300038 0.400045 0.500047 0.600045 0.700038 0.800028 0.900015 1 
0 0.100013 0.200025 0.300035 0.400041 0.500043 0.600041 0.700035 0.800025 0.900013 1 
0 0.100012 0.200023 0.300031 0.400037 0.500039 0.600037 0.700031 0.800023 0.900012 1 
0 0.100011 0.200021 0.300028 0.400033 0.500035 0.600033 0.700028 0.800021 0.900011 1 
0 0.10001 0.200019 0.300026 0.40003 0.500032 0.60003 0.700026 0.800019 0.90001 1 
0 0.100009 0.200017 0.300023 0.400027 0.500029 0.600027 0.700023 0.800017 0.900009 1 
0 0.100008 0.200015 0.300021 0.400025 0.500026 0.600025 0.700021 0.800015 0.900008 1 
0 0.100007 0.200014 0.300019 0.400023 0.500024 0.600023 0.700019 0.800014 0.900007 1 
0 0.100007 0.200013 0.300017 0.40002 0.500022 0.60002 0.700017 0.800013 0.900007 1 
0 0.100006 0.200011 0.300016 0.400019 0.50002 0.600019 0.700016 0.800011 0.900006 1 
0 0.100005 0.20001 0.300014 0.400017 0.500018 0.600017 0.700014 0.80001 0.900005 1 
0 0.100005 0.200009 0.300013 0.400015 0.500016 0.600015 0.700013 0.800009 0.900005 1 
0 0.100004 0.200009 0.300012 0.400014 0.500015 0.600014 0.700012 0.800009 0.900004 1 
0 0.100004 0.200008 0.300011 0.400013 0.500013 0.600013 0.700011 0.800008 0.900004 1 
0 0.100004 0.200007 0.30001 0.400011 0.500012 0.600011 0.70001 0.800007 0.900004 1 
0 0.100003 0.200006 0.300009 0.40001 0.500011 0.60001 0.700009 0.800006 0.900003 1 
0 0.100003 0.200006 0.300008 0.400009 0.50001 0.600009 0.700008 0.800006 0.900003 1 
0 0.100003 0.200005 0.300007 0.400008 0.500009 0.600008 0.700007 0.800005 0.900003 1 
0 0.100002 0.200005 0.300007 0.400008 0.500008 0.600008 0.700007 0.800005 0.900002 1 
0 0.100002 0.200004 0.300006 0.400007 0.500007 0.600007 0.700006 0.800004 0.900002 1 
0 0.100002 0.200004 0.300005 0.400006 0.500007 0.600006 0.700005 0.800004 0.900002 1 
0 0.100002 0.200004 0.300005 0.400006 0.500006 0.600006 0.700005 0.800004 0.900002 1 
0 0.100002 0.200003 0.300004 0.400005 0.500005 0.600005 0.700004 0.800003 0.900002 1 
0 0.100002 0.200003 0.300004 0.400005 0.500005 0.600005 0.700004 0.800003 0.900002 1 
0 0.100001 0.200003 0.300004 0.400004 0.500004 0.600004 0.700004 0.800003 0.900001 1 
0 0.100001 0.200002 0.300003 0.400004 0.500004 0.600004 0.700003 0.800002 0.900001 1 
