0 0 0 0 0 0 0 0 0 0 0 0 0 0 0 0 0 0 0 0 0 0.5 1 1 1 1 1 1 1 1 1 1 1 1 1 1 1 1 1 1 1 1 1 
0 -1.33891e-20 1.43498e-19 -1.55144e-18 1.67723e-17 -1.81322e-16 1.96023e-15 -2.11916e-14 2.29098e-13 -2.47673e-12 2.67753e-11 -2.89462e-10 3.12931e-09 -3.38303e-08 3.65732e-07 -3.95385e-06 4.27442e-05 -0.000462098 0.00499564 -0.0540068 0.0483803 0.5 0.95162 1.05401 0.995004 1.00046 0.999957 1 1 1 1 1 1 1 1 1 1 1 1 1 1 1 1 
1.33891e-20 3.09411e-18 -3.3421e-17 3.38782e-16 -3.42119e-15 3.43768e-14 -3.43436e-13 3.40791e-12 -3.35459e-11 3.27021e-10 -3.15011e-09 2.98903e-08 -2.78113e-07 2.51986e-06 -2.19795e-05 0.000180725 -0.00133889 0.0078184 -0.0127738 -0.0590915 0.0442746 0.5 0.955725 1.05909 1.01277 0.992182 1.00134 0.999819 1.00002 0.999997 1 1 1 1 1 1 1 1 1 1 1 1 1 
-3.09411e-18 -3.00204e-16 3.27774e-15 -3.07787e-14 2.86394e-13 -2.63257e-12 2.38544e-11 -2.1248e-10 1.85365e-09 -1.57583e-08 1.2962e-07 -1.0208e-06 7.56995e-06 -5.13744e-05 0.000301771 -0.00133952 0.0025377 0.00615831 -0.0155496 -0.071967 0.0400816 0.5 0.959918 1.07197 1.01555 0.993842 0.997462 1.00134 0.999698 1.00005 0.999992 1 1 1 1 1 1 1 1 1 1 1 1 
3.00204e-16 1.58891e-14 -1.76177e-13 1.50852e-12 -1.26993e-11 1.04492e-10 -8.36521e-10 6.47563e-09 -4.80622e-08 3.37848e-07 -2.20782e-06 1.30126e-05 -6.54741e-05 0.000249753 -0.000496039 -0.000536584 0.00292859 0.00848978 -0.0202147 -0.0793014 0.0309475 0.5 0.969053 1.0793 1.02021 0.99151 0.997071 1.00054 1.0005 0.99975 1.00007 0.999987 1 1 1 1 1 1 1 1 1 1 1 
-1.58891e-14 -4.98873e-13 5.66086e-12 -4.32716e-11 3.21364e-10 -2.29497e-09 1.56163e-08 -9.99551e-08 5.90519e-07 -3.12611e-06 1.40968e-05 -4.89862e-05 0.000100325 1.8046e-05 -0.000438592 -0.000907799 0.00465221 0.00912059 -0.0213039 -0.0869821 0.02229 0.5 0.97771 1.08698 1.0213 0.990879 0.995348 1.00091 1.00044 0.999982 0.9999 1.00005 0.999986 1 0.999999 1 1 1 1 1 1 1 1 
4.98873e-13 9.45908e-12 -1.11372e-10 7.37936e-10 -4.66256e-09 2.75935e-08 -1.50173e-07 7.30932e-07 -3.0404e-06 9.93905e-06 -2.09691e-05 9.55135e-06 5.51191e-05 0.000102503 -0.000849798 -0.000638359 0.00532139 0.0108449 -0.0221833 -0.0926464 0.0135371 0.5 0.986463 1.09265 1.02218 0.989155 0.994679 1.00064 1.00085 0.999897 0.999945 0.99999 1.00002 0.99999 1 0.999999 1 1 1 1 1 1 1 
-9.45908e-12 -1.05308e-10 1.32217e-09 -7.27594e-09 3.70065e-08 -1.68425e-07 6.58998e-07 -2.06735e-06 4.49395e-06 -4.12465e-06 -4.72611e-06 -1.4978e-05 0.000146234 -2.70068e-05 -0.000948729 -0.000803487 0.00624392 0.0121899 -0.0218561 -0.097488 0.00582395 0.5 0.994176 1.09749 1.02186 0.98781 0.993756 1.0008 1.00095 1.00003 0.999854 1.00001 1 1 0.999996 1 0.999999 1 1 1 1 1 1 
1.05308e-10 6.30505e-10 -8.99427e-09 3.84903e-08 -1.43691e-07 4.38301e-07 -9.80824e-07 1.23907e-06 -2.6577e-07 3.18356e-06 -2.55072e-05 2.39412e-05 0.000142231 -2.18112e-05 -0.00120115 -0.000828808 0.00677662 0.0137691 -0.0212355 -0.101078 -0.000938967 0.5 1.00094 1.10108 1.02124 0.986231 0.993223 1.00083 1.0012 1.00002 0.999858 0.999976 1.00003 0.999997 1 0.999999 1 1 1 1 1 1 1 
-6.30505e-10 -1.59647e-09 3.15807e-08 -9.42415e-08 2.16922e-07 -3.31236e-07 2.93346e-07 -8.44836e-07 4.70631e-06 -7.04951e-06 -1.82233e-05 2.2568e-05 0.000194206 -8.17556e-05 -0.00134777 -0.00101856 0.00728412 0.0151557 -0.0201888 -0.103806 -0.00652372 0.5 1.00652 1.10381 1.02019 0.984844 0.992716 1.00102 1.00135 1.00008 0.999806 0.999977 1.00002 1.00001 0.999995 1 1 1 1 1 1 1 1 
1.59647e-09 1.1433e-10 -4.66721e-08 8.34158e-08 -1.08117e-07 2.35935e-07 -9.37009e-07 1.73488e-06 1.76084e-06 -5.41767e-06 -2.85032e-05 4.58857e-05 0.000212469 -8.66243e-05 -0.00153437 -0.0011893 0.00759546 0.0164837 -0.0190336 -0.105677 -0.0110266 0.5 1.01103 1.10568 1.01903 0.983516 0.992405 1.00119 1.00153 1.00009 0.999788 0.999954 1.00003 1.00001 0.999998 0.999998 1 1 1 1 1 1 1 
-1.1433e-10 2.21802e-09 2.38933e-08 -6.2965e-08 2.00769e-07 -4.07845e-07 -1.41124e-08 9.09252e-07 4.03192e-06 -1.18474e-05 -2.74037e-05 5.24696e-05 0.000251777 -0.000104938 -0.00167653 -0.00142049 0.00782505 0.0176222 -0.0177966 -0.106902 -0.014489 0.5 1.01449 1.1069 1.0178 0.982378 0.992175 1.00142 1.00168 1.0001 0.999748 0.999948 1.00003 1.00001 0.999996 0.999999 1 1 1 1 1 1 1 
-2.21802e-09 2.99167e-09 -3.66923e-08 9.07634e-08 -5.88379e-08 -1.02425e-07 -5.95658e-07 2.51496e-06 2.62335e-06 -1.30708e-05 -3.37421e-05 6.69377e-05 0.000279909 -9.80149e-05 -0.00181802 -0.00164772 0.00793572 0.0186049 -0.0166064 -0.107579 -0.0170461 0.5 1.01705 1.10758 1.01661 0.981395 0.992064 1.00165 1.00182 1.0001 0.99972 0.999933 1.00003 1.00001 0.999997 0.999997 1 1 1 1 1 1 1 
-2.99167e-09 3.89369e-09 2.09455e-08 2.64987e-09 9.99031e-08 -4.98443e-07 -5.31358e-08 2.49029e-06 3.5803e-06 -1.74834e-05 -3.61975e-05 7.41236e-05 0.00031505 -8.95002e-05 -0.00193124 -0.00188725 0.00797339 0.0193993 -0.0154962 -0.107852 -0.0188201 0.5 1.01882 1.10785 1.0155 0.980601 0.992027 1.00189 1.00193 1.00009 0.999685 0.999926 1.00004 1.00002 0.999996 0.999998 1 1 1 1 1 1 1 
-3.89369e-09 1.88526e-09 -7.33261e-09 9.65311e-08 -6.20964e-08 -3.98302e-07 -2.40646e-07 3.54909e-06 3.10135e-06 -1.97632e-05 -4.17815e-05 8.27631e-05 0.000345601 -6.81055e-05 -0.00202959 -0.00211354 0.00793921 0.0200254 -0.0145155 -0.107822 -0.019953 0.5 1.01995 1.10782 1.01452 0.979975 0.992061 1.00211 1.00203 1.00007 0.999654 0.999917 1.00004 1.00002 0.999997 0.999996 1 1 1 1 1 1 1 
-1.88526e-09 -4.40204e-10 2.84248e-08 5.90465e-08 -9.60857e-09 -6.34554e-07 6.50063e-08 3.9266e-06 3.65991e-06 -2.31193e-05 -4.62548e-05 8.75489e-05 0.000377087 -4.28345e-05 -0.00210473 -0.00232729 0.00785819 0.0204877 -0.0136771 -0.107587 -0.0205736 0.5 1.02057 1.10759 1.01368 0.979512 0.992142 1.00233 1.0021 1.00004 0.999623 0.999912 1.00005 1.00002 0.999996 0.999996 1 1 1 1 1 1 1 
4.40204e-10 -4.82077e-09 1.94186e-08 1.09945e-07 -1.07383e-07 -6.50716e-07 4.68081e-08 4.74731e-06 3.7586e-06 -2.55206e-05 -5.20312e-05 9.15495e-05 0.000405147 -1.13327e-05 -0.00216184 -0.00251797 0.00774069 0.0208083 -0.0129911 -0.107222 -0.0208046 0.5 1.0208 1.10722 1.01299 0.979192 0.992259 1.00252 1.00216 1.00001 0.999595 0.999908 1.00005 1.00003 0.999996 0.999995 1 1 1 1 1 1 1 
4.82077e-09 -9.36662e-09 3.90981e-08 9.99192e-08 -1.09193e-07 -8.14076e-07 2.16084e-07 5.29916e-06 4.34067e-06 -2.81171e-05 -5.74922e-05 9.3037e-05 0.000431257 2.22657e-05 -0.00219969 -0.00268453 0.00760287 0.0210051 -0.0124523 -0.106791 -0.0207519 0.5 1.02075 1.10679 1.01245 0.978995 0.992397 1.00268 1.0022 0.999978 0.999569 0.999907 1.00006 1.00003 0.999996 0.999995 1 1 1 1 1 1 1 
9.36662e-09 -1.4807e-08 3.82437e-08 1.27828e-07 -1.74019e-07 -8.90769e-07 2.40227e-07 6.01315e-06 4.83522e-06 -3.01475e-05 -6.33696e-05 9.31891e-05 0.000453744 5.76422e-05 -0.00222161 -0.0028236 0.00745484 0.0211011 -0.0120515 -0.106341 -0.0205067 0.5 1.02051 1.10634 1.01205 0.978899 0.992545 1.00282 1.00222 0.999942 0.999546 0.999907 1.00006 1.00003 0.999995 0.999994 1 1 1 1 1 1 1 
1.4807e-08 -2.01378e-08 4.8979e-08 1.30201e-07 -1.98732e-07 -1.02979e-06 3.19037e-07 6.61017e-06 5.57742e-06 -3.20062e-05 -6.89918e-05 9.15835e-05 0.000473002 9.25399e-05 -0.00222908 -0.00293573 0.00730695 0.0211171 -0.011773 -0.105907 -0.0201437 0.5 1.02014 1.10591 1.01177 0.978883 0.992693 1.00294 1.00223 0.999907 0.999527 0.999908 1.00007 1.00003 0.999994 0.999993 1 1 1 1 1 1 1 
2.01378e-08 -2.56585e-08 5.11116e-08 1.4802e-07 -2.47172e-07 -1.1382e-06 3.23801e-07 7.24323e-06 6.34377e-06 -3.34155e-05 -7.45162e-05 8.88033e-05 0.000488498 0.000126128 -0.00222507 -0.00302142 0.00716619 0.0210735 -0.0115998 -0.105511 -0.0197221 0.5 1.01972 1.10551 1.0116 0.978927 0.992834 1.00302 1.00223 0.999874 0.999512 0.999911 1.00007 1.00003 0.999994 0.999993 1 1 1 1 1 1 1 
2.56585e-08 -3.09479e-08 5.77195e-08 1.56252e-07 -2.78306e-07 -1.27242e-06 3.29664e-07 7.80181e-06 7.23708e-06 -3.45158e-05 -7.96324e-05 8.49011e-05 0.000500491 0.000157138 -0.00221189 -0.00308294 0.00703821 0.0209884 -0.011513 -0.105169 -0.0192871 0.5 1.01929 1.10517 1.01151 0.979012 0.992962 1.00308 1.00221 0.999843 0.9995 0.999915 1.00008 1.00003 0.999993 0.999992 1 1 1 1 1 1 1 
3.09479e-08 -3.61552e-08 6.09797e-08 1.71035e-07 -3.16115e-07 -1.39598e-06 2.89367e-07 8.33483e-06 8.15876e-06 -3.52217e-05 -8.43344e-05 8.02684e-05 0.000509015 0.000184955 -0.00219218 -0.0031228 0.00692648 0.0208777 -0.0114945 -0.104888 -0.0188713 0.5 1.01887 1.10489 1.01149 0.979122 0.993074 1.00312 1.00219 0.999815 0.999491 0.99992 1.00008 1.00004 0.999992 0.999992 1 1 1 1 1 1 1 
3.61552e-08 -4.11399e-08 6.59161e-08 1.82945e-07 -3.44588e-07 -1.52833e-06 2.31692e-07 8.79718e-06 9.1262e-06 -3.56016e-05 -8.84764e-05 7.51078e-05 0.000514425 0.000208996 -0.00216819 -0.0031442 0.00683301 0.0207545 -0.0115269 -0.104669 -0.0184965 0.5 1.0185 1.10467 1.01153 0.979246 0.993167 1.00314 1.00217 0.999791 0.999486 0.999925 1.00009 1.00004 0.999991 0.999991 1 1 1 1 1 1 1 
4.11399e-08 -4.59797e-08 6.95564e-08 1.98048e-07 -3.72161e-07 -1.65442e-06 1.41479e-07 9.20267e-06 1.00866e-05 -3.56524e-05 -9.2037e-05 6.97188e-05 0.000517043 0.000229046 -0.00214203 -0.00315038 0.00675837 0.0206292 -0.0115949 -0.10451 -0.0181758 0.5 1.01818 1.10451 1.01159 0.979371 0.993242 1.00315 1.00214 0.999771 0.999483 0.99993 1.00009 1.00004 0.99999 0.999991 1 1 1 1 1 1 1 
4.59797e-08 -5.06285e-08 7.3704e-08 2.12805e-07 -3.92613e-07 -1.77968e-06 3.16054e-08 9.53352e-06 1.10295e-05 -3.54294e-05 -9.49662e-05 6.43137e-05 0.000517313 0.000245031 -0.00211543 -0.00314468 0.00670207 0.0205099 -0.0116849 -0.104404 -0.0179151 0.5 1.01792 1.1044 1.01168 0.97949 0.993298 1.00314 1.00212 0.999755 0.999483 0.999936 1.00009 1.00004 0.999989 0.99999 1 1 1 1 1 1 1 
5.06285e-08 -5.51094e-08 7.72039e-08 2.29293e-07 -4.08787e-07 -1.89717e-06 -1.00296e-07 9.79469e-06 1.19223e-05 -3.4966e-05 -9.7273e-05 5.91105e-05 0.00051567 0.000257099 -0.0020898 -0.00313021 0.00666275 0.020402 -0.0117858 -0.104345 -0.017715 0.5 1.01771 1.10434 1.01179 0.979598 0.993337 1.00313 1.00209 0.999743 0.999484 0.999941 1.0001 1.00003 0.999988 0.99999 1 1 1 1 1 1 1 
5.51094e-08 -5.93881e-08 8.06421e-08 2.46051e-07 -4.18399e-07 -2.00746e-06 -2.4634e-07 9.98178e-06 1.27502e-05 -3.43168e-05 -9.89711e-05 5.42687e-05 0.000512572 0.000265517 -0.00206622 -0.00310984 0.00663852 0.0203091 -0.0118888 -0.104323 -0.0175722 0.5 1.01757 1.10432 1.01189 0.979691 0.993361 1.00311 1.00207 0.999734 0.999487 0.999946 1.0001 1.00003 0.999987 0.99999 1 1 1 1 1 1 1 
5.93881e-08 -6.34475e-08 8.35494e-08 2.636e-07 -4.22562e-07 -2.10702e-06 -4.03889e-07 1.00999e-05 1.34936e-05 -3.35285e-05 -0.000100105 4.99208e-05 0.00050845 0.000270676 -0.00204545 -0.00308606 0.0066271 0.0202329 -0.011987 -0.104331 -0.0174806 0.5 1.01748 1.10433 1.01199 0.979767 0.993373 1.00309 1.00205 0.999729 0.999492 0.99995 1.0001 1.00003 0.999987 0.99999 1 1 1 1 1 1 1 
6.34475e-08 -6.7246e-08 8.60944e-08 2.81182e-07 -4.20722e-07 -2.19526e-06 -5.66752e-07 1.01524e-05 1.41422e-05 -3.26525e-05 -0.000100729 4.61523e-05 0.000503703 0.000273027 -0.00202792 -0.00306098 0.00662608 0.0201739 -0.0120758 -0.104361 -0.0174327 0.5 1.01743 1.10436 1.01208 0.979826 0.993374 1.00306 1.00203 0.999727 0.999496 0.999954 1.0001 1.00003 0.999986 0.99999 1 1 1 1 1 1 1 
6.7246e-08 -7.07479e-08 8.80902e-08 2.98742e-07 -4.13652e-07 -2.27048e-06 -7.30765e-07 1.01466e-05 1.46877e-05 -3.17342e-05 -0.000100911 4.30144e-05 0.000498681 0.000273064 -0.00201383 -0.00303627 0.00663304 0.0201312 -0.0121523 -0.104405 -0.0174203 0.5 1.01742 1.10441 1.01215 0.979869 0.993367 1.00304 1.00201 0.999727 0.999501 0.999957 1.0001 1.00003 0.999985 0.99999 1 1 1 1 1 1 1 
7.07479e-08 -7.39123e-08 8.95931e-08 3.15786e-07 -4.01643e-07 -2.33236e-06 -8.90868e-07 1.00901e-05 1.51275e-05 -3.08161e-05 -0.000100725 4.05215e-05 0.000493682 0.000271286 -0.00200317 -0.00301321 0.0066457 0.0201035 -0.0122149 -0.104458 -0.017435 0.5 1.01744 1.10446 1.01221 0.979897 0.993354 1.00301 1.002 0.999729 0.999506 0.999959 1.0001 1.00003 0.999985 0.99999 1 1 1 1 1 1 1 
7.39123e-08 -7.67064e-08 9.05521e-08 3.32094e-07 -3.85523e-07 -2.38051e-06 -1.04314e-06 9.99217e-06 1.54622e-05 -2.99341e-05 -0.00010025 3.86589e-05 0.000488942 0.000268175 -0.00199572 -0.0029927 0.006662 0.0200887 -0.0122634 -0.104512 -0.0174691 0.5 1.01747 1.10451 1.01226 0.979911 0.993338 1.00299 1.002 0.999732 0.999511 0.999961 1.0001 1.00003 0.999985 0.99999 1 1 1 1 1 1 1 
7.67064e-08 -7.91034e-08 9.1015e-08 3.47324e-07 -3.65994e-07 -2.41529e-06 -1.18386e-06 9.86201e-06 1.56969e-05 -2.91176e-05 -9.95594e-05 3.73867e-05 0.000484639 0.000264179 -0.00199118 -0.00297527 0.00668017 0.0200845 -0.0122983 -0.104566 -0.0175155 0.5 1.01752 1.10457 1.0123 0.979915 0.99332 1.00298 1.00199 0.999736 0.999515 0.999963 1.0001 1.00003 0.999984 0.99999 1 1 1 1 1 1 1 
7.91034e-08 -8.10881e-08 9.10039e-08 3.6127e-07 -3.43959e-07 -2.43729e-06 -1.31027e-06 9.70924e-06 1.58391e-05 -2.83887e-05 -9.87266e-05 3.66464e-05 0.000480896 0.000259693 -0.00198914 -0.00296118 0.00669874 0.0200887 -0.0123209 -0.104616 -0.0175684 0.5 1.01757 1.10462 1.01232 0.979911 0.993301 1.00296 1.00199 0.99974 0.999519 0.999963 1.0001 1.00003 0.999984 0.99999 1 1 1 1 1 1 1 
8.10881e-08 -8.26561e-08 9.05827e-08 3.73726e-07 -3.20261e-07 -2.44755e-06 -1.42023e-06 9.54288e-06 1.58991e-05 -2.77626e-05 -9.78164e-05 3.63663e-05 0.000477782 0.000255055 -0.00198916 -0.00295045 0.00671655 0.020099 -0.0123328 -0.104659 -0.0176228 0.5 1.01762 1.10466 1.01233 0.979901 0.993283 1.00295 1.00199 0.999745 0.999522 0.999964 1.0001 1.00003 0.999984 0.99999 1 1 1 1 1 1 1 
8.26561e-08 -8.38155e-08 8.98109e-08 3.84573e-07 -2.95771e-07 -2.44735e-06 -1.51248e-06 9.37136e-06 1.58886e-05 -2.72475e-05 -9.68856e-05 3.64673e-05 0.000475321 0.000250538 -0.00199077 -0.00294291 0.00673277 0.0201133 -0.0123359 -0.104695 -0.0176751 0.5 1.01768 1.10469 1.01234 0.979887 0.993267 1.00294 1.00199 0.999749 0.999525 0.999964 1.0001 1.00003 0.999984 0.999991 1 1 1 1 1 1 1 
8.38155e-08 -8.45853e-08 8.87637e-08 3.93735e-07 -2.71281e-07 -2.43818e-06 -1.58648e-06 9.20208e-06 1.58203e-05 -2.68459e-05 -9.59817e-05 3.68675e-05 0.000473501 0.000246352 -0.00199355 -0.00293824 0.00674684 0.0201298 -0.0123321 -0.104723 -0.0177225 0.5 1.01772 1.10472 1.01233 0.97987 0.993253 1.00294 1.00199 0.999754 0.999526 0.999963 1.0001 1.00003 0.999984 0.999991 1 1 1 1 1 1 1 
8.45853e-08 -8.49948e-08 8.75137e-08 4.01202e-07 -2.47519e-07 -2.42165e-06 -1.6424e-06 9.04132e-06 1.57073e-05 -2.65544e-05 -9.51419e-05 3.74868e-05 0.000472281 0.000242644 -0.00199707 -0.00293606 0.00675845 0.0201471 -0.0123234 -0.104744 -0.0177633 0.5 1.01776 1.10474 1.01232 0.979853 0.993242 1.00294 1.002 0.999757 0.999528 0.999963 1.0001 1.00003 0.999984 0.999991 1 1 1 1 1 1 1 
8.49948e-08 -8.50815e-08 8.61352e-08 4.07012e-07 -2.251e-07 -2.39942e-06 -1.68106e-06 8.89407e-06 1.55624e-05 -2.6366e-05 -9.43935e-05 3.82502e-05 0.000471597 0.000239506 -0.00200099 -0.00293591 0.00676751 0.0201639 -0.0123114 -0.104757 -0.0177967 0.5 1.0178 1.10476 1.01231 0.979836 0.993232 1.00294 1.002 0.99976 0.999528 0.999962 1.00009 1.00003 0.999984 0.999991 1 1 1 1 1 1 1 
8.50815e-08 -8.48888e-08 8.46963e-08 4.11251e-07 -2.0453e-07 -2.37314e-06 -1.70378e-06 8.76402e-06 1.53975e-05 -2.62697e-05 -9.37544e-05 3.90904e-05 0.00047137 0.000236981 -0.00200499 -0.00293735 0.00677407 0.0201793 -0.0122976 -0.104765 -0.0178224 0.5 1.01782 1.10476 1.0123 0.979821 0.993226 1.00294 1.002 0.999763 0.999529 0.999961 1.00009 1.00003 0.999985 0.999991 1 1 1 1 1 1 1 
8.48888e-08 -8.44643e-08 8.32596e-08 4.14043e-07 -1.86187e-07 -2.34437e-06 -1.71229e-06 8.65359e-06 1.52234e-05 -2.62529e-05 -9.32339e-05 3.99497e-05 0.000471516 0.000235071 -0.00200885 -0.00293993 0.00677834 0.0201928 -0.0122833 -0.104767 -0.0178407 0.5 1.01784 1.10477 1.01228 0.979807 0.993222 1.00294 1.00201 0.999765 0.999528 0.99996 1.00009 1.00003 0.999985 0.999991 1 1 1 1 1 1 1 
8.44643e-08 -8.38574e-08 8.18781e-08 4.15541e-07 -1.70324e-07 -2.31454e-06 -1.70858e-06 8.56401e-06 1.50495e-05 -2.63012e-05 -9.28339e-05 4.07809e-05 0.000471948 0.000233744 -0.00201237 -0.00294325 0.0067806 0.020204 -0.0122694 -0.104765 -0.0178523 0.5 1.01785 1.10477 1.01227 0.979796 0.993219 1.00294 1.00201 0.999766 0.999528 0.999959 1.00009 1.00003 0.999985 0.999991 1 1 1 1 1 1 1 
8.38574e-08 -8.3117e-08 8.05955e-08 4.15918e-07 -1.57078e-07 -2.28491e-06 -1.69485e-06 8.49545e-06 1.48835e-05 -2.63999e-05 -9.25501e-05 4.15474e-05 0.000472583 0.000232945 -0.00201544 -0.00294696 0.00678116 0.0202128 -0.0122567 -0.104761 -0.017858 0.5 1.01786 1.10476 1.01226 0.979787 0.993219 1.00295 1.00202 0.999767 0.999527 0.999958 1.00009 1.00003 0.999985 0.999992 1 1 1 1 1 1 1 
8.3117e-08 -8.22899e-08 7.94451e-08 4.15361e-07 -1.46472e-07 -2.25653e-06 -1.67331e-06 8.44714e-06 1.47315e-05 -2.65349e-05 -9.23734e-05 4.22233e-05 0.000473345 0.000232604 -0.00201799 -0.00295075 0.00678039 0.0202192 -0.0122456 -0.104754 -0.017859 0.5 1.01786 1.10475 1.01225 0.979781 0.99322 1.00295 1.00202 0.999767 0.999527 0.999958 1.00009 1.00003 0.999985 0.999992 1 1 1 1 1 1 1 
8.22899e-08 -8.14195e-08 7.84499e-08 4.14058e-07 -1.38432e-07 -2.23027e-06 -1.64615e-06 8.41761e-06 1.45978e-05 -2.66926e-05 -9.22913e-05 4.27923e-05 0.000474165 0.000232639 -0.00201999 -0.00295439 0.00677862 0.0202235 -0.0122365 -0.104746 -0.0178562 0.5 1.01786 1.10475 1.01224 0.979777 0.993221 1.00295 1.00202 0.999767 0.999526 0.999957 1.00009 1.00003 0.999985 0.999992 1 1 1 1 1 1 1 
8.14195e-08 -8.05442e-08 7.76234e-08 4.12197e-07 -1.32805e-07 -2.20676e-06 -1.61543e-06 8.4048e-06 1.44852e-05 -2.68611e-05 -9.22889e-05 4.32471e-05 0.000474987 0.000232967 -0.00202145 -0.00295771 0.00677619 0.0202257 -0.0122293 -0.104738 -0.0178507 0.5 1.01785 1.10474 1.01223 0.979774 0.993224 1.00296 1.00202 0.999767 0.999525 0.999957 1.00009 1.00003 0.999986 0.999992 1 1 1 1 1 1 1 
8.05442e-08 -7.96967e-08 7.69698e-08 4.09952e-07 -1.2937e-07 -2.18642e-06 -1.58303e-06 8.4063e-06 1.43949e-05 -2.70301e-05 -9.23503e-05 4.35873e-05 0.000475767 0.000233507 -0.0020224 -0.0029606 0.00677339 0.0202264 -0.0122242 -0.10473 -0.0178435 0.5 1.01784 1.10473 1.01222 0.979774 0.993227 1.00296 1.00202 0.999766 0.999524 0.999956 1.00009 1.00003 0.999986 0.999992 1 1 1 1 1 1 1 
7.96967e-08 -7.89038e-08 7.6486e-08 4.07483e-07 -1.27862e-07 -2.1695e-06 -1.55056e-06 8.41948e-06 1.4327e-05 -2.71913e-05 -9.24598e-05 4.38187e-05 0.000476472 0.000234184 -0.00202291 -0.00296298 0.00677045 0.0202257 -0.0122208 -0.104722 -0.0178355 0.5 1.01784 1.10472 1.01222 0.979774 0.99323 1.00296 1.00202 0.999766 0.999524 0.999956 1.00009 1.00003 0.999986 0.999992 1 1 1 1 1 1 1 
7.89038e-08 -7.81858e-08 7.61621e-08 4.04931e-07 -1.27985e-07 -2.15605e-06 -1.51938e-06 8.44165e-06 1.42805e-05 -2.73381e-05 -9.2602e-05 4.39515e-05 0.000477079 0.000234931 -0.00202304 -0.00296483 0.00676758 0.0202241 -0.012219 -0.104716 -0.0178272 0.5 1.01783 1.10472 1.01222 0.979776 0.993232 1.00296 1.00202 0.999765 0.999523 0.999956 1.00009 1.00003 0.999986 0.999992 1 1 1 1 1 1 1 
7.81858e-08 -7.75571e-08 7.59834e-08 4.02418e-07 -1.29431e-07 -2.14597e-06 -1.49057e-06 8.4702e-06 1.42537e-05 -2.74662e-05 -9.2763e-05 4.39989e-05 0.000477577 0.000235692 -0.00202286 -0.00296617 0.00676493 0.0202218 -0.0122186 -0.10471 -0.0178194 0.5 1.01782 1.10471 1.01222 0.979778 0.993235 1.00297 1.00202 0.999764 0.999522 0.999956 1.00009 1.00003 0.999986 0.999992 1 1 1 1 1 1 1 
7.75571e-08 -7.70261e-08 7.59316e-08 4.00039e-07 -1.31892e-07 -2.13907e-06 -1.4649e-06 8.50269e-06 1.4244e-05 -2.75728e-05 -9.29309e-05 4.3976e-05 0.00047796 0.000236421 -0.00202246 -0.00296703 0.0067626 0.0202191 -0.0122193 -0.104706 -0.0178122 0.5 1.01781 1.10471 1.01222 0.979781 0.993237 1.00297 1.00202 0.999764 0.999522 0.999956 1.00009 1.00003 0.999986 0.999991 1 1 1 1 1 1 1 
7.70261e-08 -7.65961e-08 7.59862e-08 3.97869e-07 -1.35073e-07 -2.13502e-06 -1.4429e-06 8.53695e-06 1.42488e-05 -2.76566e-05 -9.30955e-05 4.38983e-05 0.000478233 0.000237086 -0.00202191 -0.00296746 0.00676066 0.0202163 -0.0122207 -0.104703 -0.017806 0.5 1.01781 1.1047 1.01222 0.979784 0.993239 1.00297 1.00202 0.999763 0.999522 0.999956 1.00009 1.00003 0.999986 0.999991 1 1 1 1 1 1 1 
7.65961e-08 -7.62656e-08 7.61254e-08 3.95961e-07 -1.38703e-07 -2.13347e-06 -1.42484e-06 8.5711e-06 1.42651e-05 -2.77179e-05 -9.32489e-05 4.37813e-05 0.000478403 0.000237663 -0.00202126 -0.00296755 0.00675912 0.0202136 -0.0122226 -0.104701 -0.017801 0.5 1.0178 1.1047 1.01222 0.979786 0.993241 1.00297 1.00202 0.999762 0.999522 0.999956 1.00009 1.00003 0.999986 0.999991 1 1 1 1 1 1 1 
7.62656e-08 -7.60297e-08 7.6328e-08 3.94345e-07 -1.4254e-07 -2.13401e-06 -1.41075e-06 8.60362e-06 1.429e-05 -2.7758e-05 -9.33854e-05 4.36392e-05 0.000478483 0.000238138 -0.00202058 -0.00296735 0.006758 0.0202111 -0.0122249 -0.1047 -0.0177972 0.5 1.0178 1.1047 1.01222 0.979789 0.993242 1.00297 1.00202 0.999762 0.999522 0.999956 1.00009 1.00003 0.999986 0.999991 1 1 1 1 1 1 1 
7.60297e-08 -7.58804e-08 7.65735e-08 3.93036e-07 -1.46378e-07 -2.13621e-06 -1.40052e-06 8.63333e-06 1.43207e-05 -2.77789e-05 -9.35012e-05 4.34849e-05 0.000478488 0.000238508 -0.00201992 -0.00296695 0.00675726 0.0202089 -0.0122272 -0.1047 -0.0177945 0.5 1.01779 1.1047 1.01223 0.979791 0.993243 1.00297 1.00202 0.999761 0.999522 0.999957 1.00009 1.00003 0.999986 0.999991 1 1 1 1 1 1 1 
7.58804e-08 -7.58074e-08 7.68431e-08 3.92032e-07 -1.50049e-07 -2.13965e-06 -1.39386e-06 8.65941e-06 1.43547e-05 -2.77832e-05 -9.35944e-05 4.3329e-05 0.000478432 0.000238774 -0.0020193 -0.00296641 0.00675686 0.0202071 -0.0122294 -0.1047 -0.0177928 0.5 1.01779 1.1047 1.01223 0.979793 0.993243 1.00297 1.00202 0.999761 0.999522 0.999957 1.00009 1.00003 0.999986 0.999991 1 1 1 1 1 1 1 
7.58074e-08 -7.57993e-08 7.71205e-08 3.91317e-07 -1.53423e-07 -2.14394e-06 -1.39038e-06 8.68134e-06 1.43896e-05 -2.77739e-05 -9.36645e-05 4.31804e-05 0.000478332 0.000238942 -0.00201875 -0.00296579 0.00675675 0.0202056 -0.0122315 -0.104701 -0.0177921 0.5 1.01779 1.1047 1.01223 0.979794 0.993243 1.00297 1.00202 0.999761 0.999522 0.999957 1.00009 1.00003 0.999986 0.999991 1 1 1 1 1 1 1 
7.57993e-08 -7.5844e-08 7.73919e-08 3.90867e-07 -1.56408e-07 -2.14872e-06 -1.38964e-06 8.6989e-06 1.44237e-05 -2.77541e-05 -9.37125e-05 4.30455e-05 0.000478202 0.000239026 -0.00201829 -0.00296515 0.00675687 0.0202046 -0.0122333 -0.104702 -0.0177921 0.5 1.01779 1.1047 1.01223 0.979795 0.993243 1.00297 1.00202 0.999761 0.999522 0.999957 1.00009 1.00003 0.999986 0.999991 1 1 1 1 1 1 1 
7.5844e-08 -7.59292e-08 7.76463e-08 3.9065e-07 -1.58946e-07 -2.15369e-06 -1.39113e-06 8.7121e-06 1.44554e-05 -2.77267e-05 -9.37402e-05 4.2929e-05 0.000478056 0.000239037 -0.00201793 -0.00296453 0.00675716 0.0202039 -0.0122348 -0.104703 -0.0177927 0.5 1.01779 1.1047 1.01223 0.979796 0.993243 1.00296 1.00202 0.999761 0.999522 0.999957 1.00009 1.00003 0.999986 0.999991 1 1 1 1 1 1 1 
7.59292e-08 -7.60434e-08 7.78754e-08 3.9063e-07 -1.61009e-07 -2.15857e-06 -1.39435e-06 8.72119e-06 1.44838e-05 -2.76947e-05 -9.37501e-05 4.28334e-05 0.000477906 0.000238991 -0.00201766 -0.00296395 0.00675758 0.0202035 -0.012236 -0.104705 -0.0177937 0.5 1.01779 1.1047 1.01224 0.979796 0.993242 1.00296 1.00202 0.999761 0.999522 0.999957 1.00009 1.00003 0.999986 0.999991 1 1 1 1 1 1 1 
7.60434e-08 -7.61758e-08 7.80736e-08 3.90769e-07 -1.62597e-07 -2.16316e-06 -1.39882e-06 8.72651e-06 1.4508e-05 -2.76605e-05 -9.37453e-05 4.27596e-05 0.00047776 0.000238902 -0.00201748 -0.00296345 0.00675806 0.0202034 -0.0122368 -0.104706 -0.0177949 0.5 1.01779 1.10471 1.01224 0.979797 0.993242 1.00296 1.00202 0.999761 0.999522 0.999957 1.00009 1.00003 0.999985 0.999991 1 1 1 1 1 1 1 
7.61758e-08 -7.63169e-08 7.82378e-08 3.91029e-07 -1.6373e-07 -2.1673e-06 -1.40408e-06 8.72856e-06 1.45277e-05 -2.76263e-05 -9.37288e-05 4.27074e-05 0.000477626 0.000238785 -0.00201738 -0.00296304 0.00675856 0.0202036 -0.0122374 -0.104707 -0.0177963 0.5 1.0178 1.10471 1.01224 0.979796 0.993241 1.00296 1.00202 0.999761 0.999522 0.999957 1.00009 1.00003 0.999985 0.999991 1 1 1 1 1 1 1 
7.63169e-08 -7.64586e-08 7.8367e-08 3.91374e-07 -1.64447e-07 -2.1709e-06 -1.40973e-06 8.72787e-06 1.45429e-05 -2.75937e-05 -9.37038e-05 4.26752e-05 0.000477509 0.000238652 -0.00201736 -0.00296271 0.00675906 0.0202039 -0.0122376 -0.104709 -0.0177977 0.5 1.0178 1.10471 1.01224 0.979796 0.993241 1.00296 1.00202 0.999761 0.999522 0.999957 1.00009 1.00003 0.999985 0.999991 1 1 1 1 1 1 1 
7.64586e-08 -7.65944e-08 7.84619e-08 3.91771e-07 -1.64797e-07 -2.17389e-06 -1.41543e-06 8.72501e-06 1.45536e-05 -2.75642e-05 -9.36733e-05 4.26608e-05 0.000477411 0.000238513 -0.00201738 -0.00296248 0.00675952 0.0202043 -0.0122377 -0.104709 -0.017799 0.5 1.0178 1.10471 1.01224 0.979796 0.99324 1.00296 1.00202 0.999761 0.999523 0.999957 1.00009 1.00003 0.999985 0.999991 1 1 1 1 1 1 1 
7.65944e-08 -7.67192e-08 7.85248e-08 3.9219e-07 -1.64836e-07 -2.17625e-06 -1.4209e-06 8.72056e-06 1.45602e-05 -2.75385e-05 -9.364e-05 4.26613e-05 0.000477335 0.000238379 -0.00201746 -0.00296232 0.00675993 0.0202047 -0.0122375 -0.10471 -0.0178002 0.5 1.0178 1.10471 1.01224 0.979795 0.99324 1.00296 1.00202 0.999762 0.999523 0.999957 1.00009 1.00003 0.999985 0.999991 1 1 1 1 1 1 1 
7.67192e-08 -7.68293e-08 7.8559e-08 3.92609e-07 -1.64626e-07 -2.17799e-06 -1.42591e-06 8.71503e-06 1.45632e-05 -2.75173e-05 -9.36061e-05 4.26739e-05 0.000477281 0.000238255 -0.00201756 -0.00296225 0.00676027 0.0202052 -0.0122373 -0.104711 -0.0178012 0.5 1.0178 1.10471 1.01224 0.979795 0.99324 1.00296 1.00202 0.999762 0.999523 0.999957 1.00009 1.00003 0.999985 0.999991 1 1 1 1 1 1 1 
7.68293e-08 -7.69227e-08 7.85685e-08 3.93006e-07 -1.64225e-07 -2.17916e-06 -1.43033e-06 8.70891e-06 1.45632e-05 -2.75007e-05 -9.35735e-05 4.26954e-05 0.000477246 0.000238147 -0.00201767 -0.00296223 0.00676053 0.0202057 -0.0122369 -0.104711 -0.0178021 0.5 1.0178 1.10471 1.01224 0.979794 0.993239 1.00296 1.00202 0.999762 0.999523 0.999957 1.00009 1.00003 0.999985 0.999991 1 1 1 1 1 1 1 
7.69227e-08 -7.69982e-08 7.85577e-08 3.93367e-07 -1.63692e-07 -2.17981e-06 -1.43406e-06 8.70262e-06 1.45607e-05 -2.74886e-05 -9.35437e-05 4.2723e-05 0.000477229 0.000238057 -0.0020178 -0.00296227 0.00676073 0.0202061 -0.0122366 -0.104711 -0.0178027 0.5 1.0178 1.10471 1.01224 0.979794 0.993239 1.00296 1.00202 0.999762 0.999523 0.999957 1.00009 1.00003 0.999985 0.999991 1 1 1 1 1 1 1 
7.69982e-08 -7.70559e-08 7.85311e-08 3.93682e-07 -1.63078e-07 -2.18002e-06 -1.43705e-06 8.69649e-06 1.45564e-05 -2.74809e-05 -9.35176e-05 4.27539e-05 0.000477227 0.000237987 -0.00201792 -0.00296234 0.00676085 0.0202065 -0.0122361 -0.104711 -0.0178031 0.5 1.0178 1.10471 1.01224 0.979793 0.993239 1.00296 1.00202 0.999762 0.999523 0.999957 1.00009 1.00003 0.999985 0.999991 1 1 1 1 1 1 1 
7.70559e-08 -7.70966e-08 7.8493e-08 3.93945e-07 -1.6243e-07 -2.17987e-06 -1.43931e-06 8.6908e-06 1.45508e-05 -2.74769e-05 -9.34959e-05 4.27859e-05 0.000477237 0.000237937 -0.00201803 -0.00296244 0.00676092 0.0202068 -0.0122358 -0.104711 -0.0178034 0.5 1.0178 1.10471 1.01224 0.979793 0.993239 1.00296 1.00202 0.999762 0.999523 0.999957 1.00009 1.00003 0.999985 0.999991 1 1 1 1 1 1 1 
7.70966e-08 -7.71219e-08 7.84477e-08 3.94154e-07 -1.61786e-07 -2.17943e-06 -1.44087e-06 8.68574e-06 1.45445e-05 -2.74763e-05 -9.34788e-05 4.28169e-05 0.000477257 0.000237905 -0.00201813 -0.00296256 0.00676094 0.0202071 -0.0122354 -0.104711 -0.0178035 0.5 1.0178 1.10471 1.01224 0.979793 0.993239 1.00296 1.00202 0.999762 0.999523 0.999957 1.00009 1.00003 0.999985 0.999991 1 1 1 1 1 1 1 
7.71219e-08 -7.71335e-08 7.83986e-08 3.9431e-07 -1.61176e-07 -2.17878e-06 -1.4418e-06 8.68144e-06 1.4538e-05 -2.74783e-05 -9.34663e-05 4.28457e-05 0.000477283 0.00023789 -0.00201822 -0.00296267 0.00676091 0.0202073 -0.0122351 -0.104711 -0.0178035 0.5 1.0178 1.10471 1.01224 0.979793 0.993239 1.00296 1.00202 0.999762 0.999523 0.999957 1.00009 1.00003 0.999985 0.999991 1 1 1 1 1 1 1 
7.71335e-08 -7.71337e-08 7.83491e-08 3.94415e-07 -1.60624e-07 -2.17801e-06 -1.44217e-06 8.67795e-06 1.45315e-05 -2.74823e-05 -9.34582e-05 4.28709e-05 0.000477312 0.000237888 -0.00201829 -0.00296279 0.00676085 0.0202074 -0.0122348 -0.10471 -0.0178034 0.5 1.0178 1.10471 1.01223 0.979793 0.993239 1.00296 1.00202 0.999762 0.999523 0.999957 1.00009 1.00003 0.999985 0.999991 1 1 1 1 1 1 1 
7.71337e-08 -7.71249e-08 7.83014e-08 3.94475e-07 -1.60144e-07 -2.17717e-06 -1.44209e-06 8.67529e-06 1.45254e-05 -2.74878e-05 -9.3454e-05 4.28921e-05 0.000477343 0.000237898 -0.00201833 -0.00296289 0.00676078 0.0202074 -0.0122346 -0.10471 -0.0178032 0.5 1.0178 1.10471 1.01223 0.979793 0.993239 1.00296 1.00202 0.999762 0.999523 0.999957 1.00009 1.00003 0.999985 0.999991 1 1 1 1 1 1 1 
7.71249e-08 -7.71091e-08 7.82577e-08 3.94496e-07 -1.59746e-07 -2.17631e-06 -1.44165e-06 8.67342e-06 1.452e-05 -2.74941e-05 -9.34532e-05 4.29089e-05 0.000477373 0.000237917 -0.00201837 -0.00296298 0.00676069 0.0202074 -0.0122345 -0.10471 -0.017803 0.5 1.0178 1.10471 1.01223 0.979793 0.993239 1.00296 1.00202 0.999762 0.999523 0.999957 1.00009 1.00003 0.999985 0.999991 1 1 1 1 1 1 1 
7.71091e-08 -7.70887e-08 7.82193e-08 3.94485e-07 -1.59433e-07 -2.17549e-06 -1.44094e-06 8.67228e-06 1.45154e-05 -2.75008e-05 -9.34551e-05 4.29213e-05 0.000477401 0.000237941 -0.00201838 -0.00296306 0.00676059 0.0202074 -0.0122344 -0.10471 -0.0178027 0.5 1.0178 1.10471 1.01223 0.979793 0.993239 1.00296 1.00202 0.999762 0.999523 0.999957 1.00009 1.00003 0.999985 0.999991 1 1 1 1 1 1 1 
7.70887e-08 -7.70656e-08 7.8187e-08 3.94449e-07 -1.59203e-07 -2.17474e-06 -1.44005e-06 8.67178e-06 1.45116e-05 -2.75074e-05 -9.3459e-05 4.29294e-05 0.000477426 0.000237968 -0.00201838 -0.00296311 0.0067605 0.0202073 -0.0122344 -0.10471 -0.0178025 0.5 1.0178 1.10471 1.01223 0.979793 0.993239 1.00296 1.00202 0.999762 0.999523 0.999957 1.00009 1.00003 0.999985 0.999991 1 1 1 1 1 1 1 
7.70656e-08 -7.70414e-08 7.81611e-08 3.94395e-07 -1.59051e-07 -2.17408e-06 -1.43906e-06 8.67182e-06 1.45087e-05 -2.75137e-05 -9.34645e-05 4.29337e-05 0.000477446 0.000237996 -0.00201838 -0.00296316 0.00676042 0.0202073 -0.0122344 -0.104709 -0.0178022 0.5 1.0178 1.10471 1.01223 0.979793 0.99324 1.00296 1.00202 0.999762 0.999523 0.999957 1.00009 1.00003 0.999985 0.999991 1 1 1 1 1 1 1 
7.70414e-08 -7.70176e-08 7.81417e-08 3.94329e-07 -1.58968e-07 -2.17352e-06 -1.43805e-06 8.67228e-06 1.45067e-05 -2.75193e-05 -9.34708e-05 4.29348e-05 0.000477463 0.000238024 -0.00201836 -0.00296318 0.00676035 0.0202072 -0.0122344 -0.104709 -0.017802 0.5 1.0178 1.10471 1.01223 0.979793 0.99324 1.00296 1.00202 0.999762 0.999523 0.999957 1.00009 1.00003 0.999985 0.999991 1 1 1 1 1 1 1 
7.70176e-08 -7.69953e-08 7.81285e-08 3.94257e-07 -1.58944e-07 -2.17307e-06 -1.43706e-06 8.67305e-06 1.45054e-05 -2.75241e-05 -9.34775e-05 4.29331e-05 0.000477475 0.000238049 -0.00201834 -0.00296319 0.00676029 0.0202071 -0.0122344 -0.104709 -0.0178018 0.5 1.0178 1.10471 1.01223 0.979793 0.99324 1.00296 1.00202 0.999762 0.999523 0.999957 1.00009 1.00003 0.999985 0.999991 1 1 1 1 1 1 1 
7.69953e-08 -7.69752e-08 7.81208e-08 3.94184e-07 -1.58969e-07 -2.17274e-06 -1.43615e-06 8.67404e-06 1.45049e-05 -2.75281e-05 -9.34842e-05 4.29294e-05 0.000477483 0.000238072 -0.00201831 -0.00296319 0.00676024 0.020207 -0.0122345 -0.104709 -0.0178017 0.5 1.0178 1.10471 1.01223 0.979793 0.99324 1.00296 1.00202 0.999762 0.999523 0.999957 1.00009 1.00003 0.999985 0.999991 1 1 1 1 1 1 1 
7.69752e-08 -7.6958e-08 7.81179e-08 3.94114e-07 -1.59032e-07 -2.17251e-06 -1.43534e-06 8.67515e-06 1.45049e-05 -2.75311e-05 -9.34905e-05 4.29242e-05 0.000477487 0.00023809 -0.00201829 -0.00296318 0.00676021 0.0202069 -0.0122346 -0.104709 -0.0178016 0.5 1.0178 1.10471 1.01223 0.979793 0.99324 1.00296 1.00202 0.999762 0.999523 0.999957 1.00009 1.00003 0.999985 0.999991 1 1 1 1 1 1 1 
7.6958e-08 -7.69438e-08 7.8119e-08 3.94049e-07 -1.5912e-07 -2.17238e-06 -1.43465e-06 8.6763e-06 1.45054e-05 -2.75333e-05 -9.34961e-05 4.29181e-05 0.000477488 0.000238105 -0.00201826 -0.00296316 0.00676019 0.0202069 -0.0122346 -0.104709 -0.0178015 0.5 1.0178 1.10471 1.01223 0.979793 0.99324 1.00296 1.00202 0.999762 0.999523 0.999957 1.00009 1.00003 0.999985 0.999991 1 1 1 1 1 1 1 
7.69438e-08 -7.69329e-08 7.81232e-08 3.93992e-07 -1.59226e-07 -2.17233e-06 -1.4341e-06 8.67741e-06 1.45062e-05 -2.75346e-05 -9.3501e-05 4.29117e-05 0.000477486 0.000238116 -0.00201824 -0.00296314 0.00676018 0.0202068 -0.0122347 -0.104709 -0.0178015 0.5 1.0178 1.10471 1.01223 0.979793 0.99324 1.00296 1.00202 0.999762 0.999523 0.999957 1.00009 1.00003 0.999985 0.999991 1 1 1 1 1 1 1 
7.69329e-08 -7.6925e-08 7.81297e-08 3.93945e-07 -1.59339e-07 -2.17235e-06 -1.43369e-06 8.67845e-06 1.45072e-05 -2.75352e-05 -9.35049e-05 4.29052e-05 0.000477482 0.000238122 -0.00201822 -0.00296312 0.00676018 0.0202068 -0.0122348 -0.104709 -0.0178015 0.5 1.0178 1.10471 1.01223 0.979793 0.99324 1.00296 1.00202 0.999762 0.999523 0.999957 1.00009 1.00003 0.999985 0.999991 1 1 1 1 1 1 1 
7.6925e-08 -7.69199e-08 7.81377e-08 3.93907e-07 -1.59452e-07 -2.17242e-06 -1.4334e-06 8.67937e-06 1.45084e-05 -2.75352e-05 -9.35079e-05 4.28992e-05 0.000477477 0.000238126 -0.0020182 -0.0029631 0.00676019 0.0202067 -0.0122348 -0.104709 -0.0178015 0.5 1.0178 1.10471 1.01223 0.979793 0.99324 1.00296 1.00202 0.999762 0.999523 0.999957 1.00009 1.00003 0.999985 0.999991 1 1 1 1 1 1 1 
7.69199e-08 -7.69174e-08 7.81465e-08 3.93879e-07 -1.5956e-07 -2.17254e-06 -1.43323e-06 8.68016e-06 1.45097e-05 -2.75347e-05 -9.351e-05 4.28937e-05 0.000477471 0.000238126 -0.00201819 -0.00296307 0.0067602 0.0202067 -0.0122349 -0.104709 -0.0178015 0.5 1.0178 1.10471 1.01223 0.979793 0.99324 1.00296 1.00202 0.999762 0.999523 0.999957 1.00009 1.00003 0.999985 0.999991 1 1 1 1 1 1 1 
7.69174e-08 -7.6917e-08 7.81555e-08 3.93859e-07 -1.59659e-07 -2.17267e-06 -1.43316e-06 8.68079e-06 1.45109e-05 -2.75338e-05 -9.35113e-05 4.2889e-05 0.000477465 0.000238124 -0.00201818 -0.00296305 0.00676022 0.0202067 -0.0122349 -0.104709 -0.0178015 0.5 1.0178 1.10471 1.01223 0.979793 0.99324 1.00296 1.00202 0.999762 0.999523 0.999957 1.00009 1.00003 0.999985 0.999991 1 1 1 1 1 1 1 
7.6917e-08 -7.69184e-08 7.81641e-08 3.93848e-07 -1.59744e-07 -2.17282e-06 -1.43318e-06 8.68126e-06 1.4512e-05 -2.75327e-05 -9.35119e-05 4.28852e-05 0.000477459 0.00023812 -0.00201817 -0.00296303 0.00676024 0.0202067 -0.0122349 -0.104709 -0.0178016 0.5 1.0178 1.10471 1.01223 0.979793 0.99324 1.00296 1.00202 0.999762 0.999523 0.999957 1.00009 1.00003 0.999985 0.999991 1 1 1 1 1 1 1 
