1 1 0.975 0.95 0.925 0.9 0.875 0.85 0.825 0.8 0.775 0.75 0.725 0.7 0.675 0.65 0.625 0.6 0.575 0.55 0.525 0.5 0.475 0.45 0.425 0.4 0.375 0.35 0.325 0.3 0.275 0.25 0.225 0.2 0.175 0.15 0.125 0.1 0.075 0.05 0.025 0 0 
1 1 1.00463 0.978875 0.953125 0.927375 0.901625 0.875875 0.850125 0.824375 0.798625 0.772875 0.747125 0.721375 0.695625 0.669875 0.644125 0.618375 0.592625 0.566875 0.541125 0.515375 0.489625 0.463875 0.438125 0.412375 0.386625 0.360875 0.335125 0.309375 0.283625 0.257875 0.232125 0.206375 0.180625 0.154875 0.129125 0.103375 0.077625 0.051875 0.026125 0.000375 0 
1 1 0.999088 1.00938 0.982837 0.956295 0.929753 0.903211 0.876669 0.850127 0.823585 0.797043 0.770501 0.743959 0.717417 0.690875 0.664333 0.637791 0.611249 0.584707 0.558165 0.531623 0.505081 0.478539 0.451997 0.425455 0.398913 0.372371 0.345829 0.319287 0.292745 0.266203 0.239661 0.213119 0.186577 0.160035 0.133493 0.106951 0.0804086 0.0538666 0.0273246 0.00078254 -0.000375 
1 1 1.00017 0.997092 1.01427 0.986889 0.95951 0.93213 0.904751 0.877371 0.849991 0.822612 0.795232 0.767853 0.740473 0.713094 0.685714 0.658335 0.630955 0.603576 0.576196 0.548817 0.521437 0.494058 0.466678 0.439298 0.411919 0.384539 0.35716 0.32978 0.302401 0.275021 0.247642 0.220262 0.192883 0.165503 0.138124 0.110744 0.0833646 0.0559851 0.0286055 0.00122599 -0.00078254 
1 1 0.999969 1.00073 0.993832 1.0193 0.991035 0.962768 0.934502 0.906235 0.877969 0.849702 0.821436 0.79317 0.764903 0.736637 0.70837 0.680104 0.651837 0.623571 0.595304 0.567038 0.538772 0.510505 0.482239 0.453972 0.425706 0.397439 0.369173 0.340906 0.31264 0.284374 0.256107 0.227841 0.199574 0.171308 0.143041 0.114775 0.0865085 0.058242 0.0299756 0.00170916 -0.00122599 
1 1 1.00001 0.999833 1.00193 0.98912 1.02448 0.995277 0.96607 0.936863 0.907656 0.878449 0.849242 0.820035 0.790827 0.76162 0.732413 0.703206 0.673999 0.644792 0.615585 0.586378 0.557171 0.527964 0.498757 0.46955 0.440343 0.411135 0.381928 0.352721 0.323514 0.294307 0.2651 0.235893 0.206686 0.177479 0.148272 0.119065 0.0898576 0.0606505 0.0314434 0.00223636 -0.00170916 
1 1 0.999999 1.00004 0.999471 1.00406 0.982779 1.02983 0.99962 0.969413 0.939207 0.909001 0.878794 0.848588 0.818382 0.788176 0.757969 0.727763 0.697557 0.667351 0.637144 0.606938 0.576732 0.546525 0.516319 0.486113 0.455907 0.4257 0.395494 0.365288 0.335082 0.304875 0.274669 0.244463 0.214256 0.18405 0.153844 0.123638 0.0934313 0.063225 0.0330187 0.00281246 -0.00223636 
1 1 1 0.999993 1.00013 0.998704 1.00741 0.97466 1.03534 1.00407 0.972797 0.941527 0.910258 0.878988 0.847719 0.816449 0.78518 0.75391 0.722641 0.691371 0.660102 0.628832 0.597563 0.566294 0.535024 0.503755 0.472485 0.441216 0.409946 0.378677 0.347407 0.316138 0.284868 0.253599 0.222329 0.19106 0.15979 0.128521 0.0972515 0.065982 0.0347125 0.00344305 -0.00281246 
1 1 1 1 0.999972 1.00035 0.997288 1.01228 0.964658 1.04102 1.00862 0.976217 0.943815 0.911412 0.879009 0.846606 0.814203 0.781801 0.749398 0.716995 0.684592 0.65219 0.619787 0.587384 0.554981 0.522579 0.490176 0.457773 0.42537 0.392968 0.360565 0.328162 0.295759 0.263357 0.230954 0.198551 0.166148 0.133746 0.101343 0.06894 0.0365372 0.00413448 -0.00344305 
1 1 1 1 1.00001 0.999913 1.00082 0.994915 1.01892 0.952746 1.0469 1.01329 0.979672 0.946059 0.912446 0.878833 0.84522 0.811607 0.777994 0.744381 0.710768 0.677155 0.643542 0.609929 0.576316 0.542703 0.50909 0.475477 0.441864 0.40825 0.374637 0.341024 0.307411 0.273798 0.240185 0.206572 0.172959 0.139346 0.105733 0.0721201 0.0385071 0.00489405 -0.00413448 
1 1 1 1 0.999999 1.00002 0.999781 1.00167 0.991214 1.02752 0.938996 1.05297 1.01807 0.983157 0.948249 0.913341 0.878433 0.843525 0.808617 0.773708 0.7388 0.703892 0.668984 0.634076 0.599168 0.56426 0.529352 0.494444 0.459536 0.424627 0.389719 0.354811 0.319903 0.284995 0.250087 0.215179 0.180271 0.145363 0.110454 0.0755464 0.0406382 0.00573014 -0.00489405 
1 1 1 1 1 0.999996 1.00005 0.999516 1.00308 0.985757 1.0382 0.923603 1.05926 1.02296 0.986667 0.95037 0.914073 0.877776 0.84148 0.805183 0.768886 0.732589 0.696292 0.659995 0.623699 0.587402 0.551105 0.514808 0.478511 0.442214 0.405918 0.369621 0.333324 0.297027 0.26073 0.224433 0.188137 0.15184 0.115543 0.0792461 0.0429493 0.00665247 -0.00573014 
1 1 1 1 1 1 0.999989 1.00012 0.999036 1.00528 0.978078 1.05094 0.906896 1.06577 1.02798 0.990195 0.952406 0.914616 0.876827 0.839038 0.801248 0.763459 0.72567 0.68788 0.650091 0.612302 0.574512 0.536723 0.498934 0.461144 0.423355 0.385566 0.347776 0.309987 0.272198 0.234408 0.196619 0.15883 0.12104 0.0832509 0.0454616 0.00767226 -0.00665247 
1 1 1 1 1 1 1 0.999971 1.00026 0.998235 1.00845 0.96771 1.06567 0.889331 1.07253 1.03313 0.993733 0.954336 0.914939 0.875541 0.836144 0.796747 0.75735 0.717953 0.678555 0.639158 0.599761 0.560364 0.520967 0.481569 0.442172 0.402775 0.363378 0.32398 0.284583 0.245186 0.205789 0.166392 0.126994 0.0875971 0.0481999 0.00880265 -0.00767226 
1 1 1 1 1 1 1 1.00001 0.999937 1.0005 0.996984 1.01274 0.954239 1.08218 0.871466 1.07954 1.0384 0.997271 0.956137 0.915003 0.87387 0.832736 0.791602 0.750468 0.709334 0.6682 0.627067 0.585933 0.544799 0.503665 0.462531 0.421397 0.380264 0.33913 0.297996 0.256862 0.215728 0.174594 0.13346 0.0923266 0.0511928 0.010059 -0.00880265 
1 1 1 1 1 1 1 0.999999 1.00001 0.999876 1.00088 0.995183 1.01804 0.937726 1.09971 0.854466 1.08671 1.0437 1.00069 0.957677 0.914667 0.871657 0.828647 0.785637 0.742626 0.699616 0.656606 0.613596 0.570586 0.527576 0.484566 0.441556 0.398546 0.355536 0.312526 0.269516 0.226506 0.183496 0.140486 0.097476 0.0544659 0.0114559 -0.010059 
1 1 1 1 1 1 1 1 0.999998 1.00003 0.999784 1.00138 0.992933 1.02343 0.919645 1.11594 0.84074 1.09369 1.04866 1.00363 0.958603 0.913575 0.868546 0.823518 0.778489 0.73346 0.688432 0.643403 0.598375 0.553346 0.508317 0.463289 0.41826 0.373232 0.328203 0.283174 0.238146 0.193117 0.148089 0.10306 0.0580314 0.0130028 -0.0114559 
1 1 1 1 1 1 1 1 1 0.999995 1.00004 0.999662 1.002 0.990367 1.02807 0.901103 1.13026 0.830605 1.10053 1.05332 1.00611 0.958901 0.911692 0.864483 0.817274 0.770065 0.722856 0.675647 0.628438 0.581229 0.53402 0.486812 0.439603 0.392394 0.345185 0.297976 0.250767 0.203558 0.156349 0.10914 0.0619315 0.0147226 -0.0130028 
1 1 1 1 1 1 1 1 1 1 0.999992 1.00007 0.999516 1.00267 0.987672 1.03113 0.883149 1.14253 0.823819 1.1073 1.05772 1.00815 0.95857 0.908995 0.85942 0.809845 0.76027 0.710695 0.66112 0.611545 0.56197 0.512394 0.462819 0.413244 0.363669 0.314094 0.264519 0.214944 0.165369 0.115794 0.0662187 0.0166436 -0.0147226 
1 1 1 1 1 1 1 1 1 1 1 0.999989 1.0001 0.999354 1.00334 0.985057 1.03191 0.866604 1.15293 0.819814 1.11409 1.06193 1.00977 0.957616 0.90546 0.853303 0.801147 0.748991 0.696834 0.644678 0.592521 0.540365 0.488209 0.436052 0.383896 0.331739 0.279583 0.227426 0.17527 0.123114 0.0709573 0.0188009 -0.0166436 
1 1 1 1 1 1 1 1 1 1 1 1 0.999984 1.00013 0.999186 1.00398 0.98273 1.02993 0.852003 1.1618 0.817922 1.12099 1.066 1.01102 0.956029 0.901041 0.846054 0.791066 0.736078 0.68109 0.626103 0.571115 0.516127 0.461139 0.406152 0.351164 0.296176 0.241188 0.1862 0.131213 0.0762249 0.0212372 -0.0188009 
1 1 1 1 1 1 1 1 1 1 1 1 1 0.99998 1.00016 0.999021 1.00453 0.980869 1.02493 0.839609 1.16951 0.817518 1.12811 1.07 1.01189 0.953778 0.895667 0.837557 0.779446 0.721335 0.663224 0.605113 0.547002 0.488892 0.430781 0.37267 0.314559 0.256448 0.198337 0.140227 0.0821157 0.0240049 -0.0212372 
1 1 1 1 1 1 1 1 1 1 1 1 1 1 0.999975 1.00019 0.998867 1.00497 0.979589 1.01689 0.829464 1.17634 0.818084 1.13553 1.07396 1.01238 0.950805 0.889229 0.827653 0.766078 0.704502 0.642926 0.58135 0.519775 0.458199 0.396623 0.335047 0.273472 0.211896 0.15032 0.0887444 0.0271686 -0.0240049 
1 1 1 1 1 1 1 1 1 1 1 1 1 1 1 0.999971 1.00021 0.998732 1.00528 0.978906 1.00597 0.821461 1.18253 0.81921 1.14335 1.07791 1.01246 0.947019 0.881576 0.816132 0.750688 0.685245 0.619801 0.554358 0.488914 0.423471 0.358027 0.292583 0.22714 0.161696 0.0962527 0.0308091 -0.0271686 
1 1 1 1 1 1 1 1 1 1 1 1 1 1 1 1 0.999967 1.00023 0.998622 1.00546 0.978714 0.992538 0.815395 1.18822 0.820578 1.15166 1.08187 1.01208 0.942295 0.872505 0.802715 0.732925 0.663136 0.593346 0.523556 0.453767 0.383977 0.314187 0.244397 0.174608 0.104818 0.0350283 -0.0308091 
1 1 1 1 1 1 1 1 1 1 1 1 1 1 1 1 1 0.999965 1.00025 0.99854 1.00551 0.978778 0.977114 0.811018 1.1935 0.821935 1.16059 1.08588 1.01117 0.93646 0.861751 0.787043 0.712334 0.637626 0.562917 0.488208 0.4135 0.338791 0.264082 0.189374 0.114665 0.0399566 -0.0350283 
1 1 1 1 1 1 1 1 1 1 1 1 1 1 1 1 1 1 0.999963 1.00026 0.998488 1.00545 0.97875 0.960328 0.808066 1.1984 0.823065 1.17025 1.08993 1.00961 0.929288 0.848968 0.768648 0.688327 0.608007 0.527686 0.447366 0.367046 0.286725 0.206405 0.126084 0.0457638 -0.0399566 
1 1 1 1 1 1 1 1 1 1 1 1 1 1 1 1 1 1 1 0.999963 1.00026 0.998465 1.00527 0.978213 0.942875 0.806281 1.20294 0.823765 1.18082 1.09404 1.00726 0.920478 0.833698 0.746918 0.660137 0.573357 0.486576 0.399796 0.313016 0.226235 0.139455 0.0526745 -0.0457638 
1 1 1 1 1 1 1 1 1 1 1 1 1 1 1 1 1 1 1 1 0.999963 1.00025 0.998469 1.00498 0.976735 0.925452 0.805426 1.20706 0.82382 1.1925 1.09821 1.00392 0.909626 0.815333 0.721041 0.626748 0.532455 0.438162 0.343869 0.249576 0.155284 0.0609907 -0.0526745 
1 1 1 1 1 1 1 1 1 1 1 1 1 1 1 1 1 1 1 1 1 0.999965 1.00024 0.998496 1.00456 0.973942 0.908693 0.805282 1.2107 0.822985 1.20558 1.10245 0.999315 0.896183 0.793051 0.689919 0.586787 0.483655 0.380523 0.277392 0.17426 0.0711276 -0.0609907 
1 1 1 1 1 1 1 1 1 1 1 1 1 1 1 1 1 1 1 1 1 1 0.999967 1.00022 0.99854 1.00396 0.96957 0.893121 0.805655 1.21375 0.820951 1.22041 1.10674 0.993063 0.879388 0.765714 0.65204 0.538366 0.424692 0.311018 0.197343 0.0836693 -0.0711276 
1 1 1 1 1 1 1 1 1 1 1 1 1 1 1 1 1 1 1 1 1 1 1 0.999972 1.00019 0.998624 1.00294 0.963131 0.878705 0.808587 1.21388 0.819509 1.23679 1.11041 0.984033 0.857653 0.731273 0.604894 0.478514 0.352134 0.225754 0.0993742 -0.0836693 
1 1 1 1 1 1 1 1 1 1 1 1 1 1 1 1 1 1 1 1 1 1 1 1 0.999978 1.00015 0.998749 1.0011 0.954141 0.865982 0.816227 1.20853 0.820525 1.25432 1.11244 0.970567 0.828691 0.686814 0.544938 0.403061 0.261184 0.119308 -0.0993742 
1 1 1 1 1 1 1 1 1 1 1 1 1 1 1 1 1 1 1 1 1 1 1 1 1 0.999985 1.00008 0.998851 0.998062 0.942738 0.856264 0.828569 1.19713 0.82378 1.27307 1.11193 0.9508 0.789666 0.628532 0.467398 0.306264 0.14513 -0.119308 
1 1 1 1 1 1 1 1 1 1 1 1 1 1 1 1 1 1 1 1 1 1 1 1 1 1 0.999991 1.00001 0.998805 0.993343 0.929583 0.850561 0.845259 1.17938 0.82906 1.29306 1.10745 0.921842 0.736234 0.550626 0.365018 0.179411 -0.14513 
1 1 1 1 1 1 1 1 1 1 1 1 1 1 1 1 1 1 1 1 1 1 1 1 1 1 1 0.999993 0.999926 0.998392 0.986474 0.915834 0.849431 0.865485 1.15554 0.83616 1.31419 1.09661 0.879036 0.661457 0.443878 0.2263 -0.179411 
1 1 1 1 1 1 1 1 1 1 1 1 1 1 1 1 1 1 1 1 1 1 1 1 1 1 1 0.999999 0.999987 0.999791 0.997274 0.977186 0.902948 0.852915 0.887905 1.12657 0.844883 1.3361 1.07529 0.814484 0.553678 0.292873 -0.2263 
1 1 1 1 1 1 1 1 1 1 1 1 1 1 1 1 1 1 1 1 1 1 1 1 1 1 1 1 0.999998 0.999967 0.999532 0.994997 0.965628 0.892366 0.860552 0.910664 1.09427 0.854996 1.35771 1.03581 0.713917 0.392021 -0.292873 
1 1 1 1 1 1 1 1 1 1 1 1 1 1 1 1 1 1 1 1 1 1 1 1 1 1 1 1 1 0.999994 0.999916 0.998994 0.991075 0.95252 0.885197 0.871439 0.931591 1.06111 0.866136 1.3763 0.962821 0.549343 -0.392021 
1 1 1 1 1 1 1 1 1 1 1 1 1 1 1 1 1 1 1 1 1 1 1 1 1 1 1 1 1 0.999999 0.999984 0.999798 0.997945 0.985188 0.939133 0.881975 0.88431 0.948594 1.02995 0.877567 1.38446 0.821921 -0.549343 
1 1 1 1 1 1 1 1 1 1 1 1 1 1 1 1 1 1 1 1 1 1 1 1 1 1 1 1 1 1 0.999997 0.999959 0.999549 0.996152 0.977541 0.927086 0.882523 0.89753 0.960191 1.00354 0.887542 1.35983 -0.821921 
1 1 1 1 1 1 1 1 1 1 1 1 1 1 1 1 1 1 1 1 1 1 1 1 1 1 1 1 1 1 0.999999 0.999993 0.999911 0.999143 0.993749 0.969488 0.918105 0.885743 0.908829 0.965979 0.984332 0.891504 -1.35983 
1 1 1 1 1 1 1 1 1 1 1 1 1 1 1 1 1 1 1 1 1 1 1 1 1 1 1 1 1 1 1 1 1.00001 1.00006 1.0002 0.998066 0.976299 0.920769 0.883971 0.901691 0.962856 0.995983 -0.891504 
1 1 1 1 1 1 1 1 1 1 1 1 1 1 1 1 1 1 1 1 1 1 1 1 1 1 1 1 1 1 1 1 0.999999 0.999998 1.00004 1.00062 1.00208 0.983963 0.923809 0.88271 0.894443 0.957057 -0.995983 
1 1 1 1 1 1 1 1 1 1 1 1 1 1 1 1 1 1 1 1 1 1 1 1 1 1 1 1 1 1 1 1 1 1 0.99999 0.999921 1.00033 1.00551 0.992522 0.927165 0.881958 0.887643 -0.957057 
1 1 1 1 1 1 1 1 1 1 1 1 1 1 1 1 1 1 1 1 1 1 1 1 1 1 1 1 1 1 1 1 1 1 1 1 0.999841 0.999315 1.008 1.00203 0.930761 0.88164 -0.887643 
1 1 1 1 1 1 1 1 1 1 1 1 1 1 1 1 1 1 1 1 1 1 1 1 1 1 1 1 1 1 1 1 1 1 1 1 1.00003 0.999941 0.997622 1.00918 1.01276 0.934632 -0.88164 
1 1 1 1 1 1 1 1 1 1 1 1 1 1 1 1 1 1 1 1 1 1 1 1 1 1 1 1 1 1 1 1 1 1 1 1 0.999995 1.00005 1.00037 0.99544 1.00847 1.02477 -0.934632 
1 1 1 1 1 1 1 1 1 1 1 1 1 1 1 1 1 1 1 1 1 1 1 1 1 1 1 1 1 1 1 1 1 1 1 1 1 0.999985 0.999997 1.0012 0.993182 1.00536 -1.02477 
1 1 1 1 1 1 1 1 1 1 1 1 1 1 1 1 1 1 1 1 1 1 1 1 1 1 1 1 1 1 1 1 1 1 1 1 1 1 0.999983 0.999764 1.00272 0.990835 -1.00536 
1 1 1 1 1 1 1 1 1 1 1 1 1 1 1 1 1 1 1 1 1 1 1 1 1 1 1 1 1 1 1 1 1 1 1 1 1 0.999999 1.00001 1.00003 0.999178 1.00501 -0.990835 
1 1 1 1 1 1 1 1 1 1 1 1 1 1 1 1 1 1 1 1 1 1 1 1 1 1 1 1 1 1 1 1 1 1 1 1 1 1 0.999998 1 1.00019 0.998031 -1.00501 
1 1 1 1 1 1 1 1 1 1 1 1 1 1 1 1 1 1 1 1 1 1 1 1 1 1 1 1 1 1 1 1 1 1 1 1 1 1 1 0.999996 0.999967 1.00062 -0.998031 
1 1 1 1 1 1 1 1 1 1 1 1 1 1 1 1 1 1 1 1 1 1 1 1 1 1 1 1 1 1 1 1 1 1 1 1 1 1 1 1 1 0.999837 -1.00062 
1 1 1 1 1 1 1 1 1 1 1 1 1 1 1 1 1 1 1 1 1 1 1 1 1 1 1 1 1 1 1 1 1 1 1 1 1 1 1 1 1 1.00004 -0.999837 
1 1 1 1 1 1 1 1 1 1 1 1 1 1 1 1 1 1 1 1 1 1 1 1 1 1 1 1 1 1 1 1 1 1 1 1 1 1 1 1 0.999999 0.999995 -1.00004 
1 1 1 1 1 1 1 1 1 1 1 1 1 1 1 1 1 1 1 1 1 1 1 1 1 1 1 1 1 1 1 1 1 1 1 1 1 1 1 1 1 1 -0.999995 
1 1 1 1 1 1 1 1 1 1 1 1 1 1 1 1 1 1 1 1 1 1 1 1 1 1 1 1 1 1 1 1 1 1 1 1 1 1 1 1 1 1 -1 
1 1 1 1 1 1 1 1 1 1 1 1 1 1 1 1 1 1 1 1 1 1 1 1 1 1 1 1 1 1 1 1 1 1 1 1 1 1 1 1 1 1 -1 
1 1 1 1 1 1 1 1 1 1 1 1 1 1 1 1 1 1 1 1 1 1 1 1 1 1 1 1 1 1 1 1 1 1 1 1 1 1 1 1 1 1 -1 
1 1 1 1 1 1 1 1 1 1 1 1 1 1 1 1 1 1 1 1 1 1 1 1 1 1 1 1 1 1 1 1 1 1 1 1 1 1 1 1 1 1 -1 
1 1 1 1 1 1 1 1 1 1 1 1 1 1 1 1 1 1 1 1 1 1 1 1 1 1 1 1 1 1 1 1 1 1 1 1 1 1 1 1 1 1 -1 
