0 0 0 0 0 0 0 0 0 0 0 0 0 0 0 0 0 0 0 0 0 0.5 1 1 1 1 1 1 1 1 1 1 1 1 1 1 1 1 1 1 1 1 1 
0 -7.49324e-22 8.03091e-21 -8.68269e-20 9.38666e-19 -1.01477e-17 1.09705e-16 -1.18599e-15 1.28215e-14 -1.38611e-13 1.49849e-12 -1.61998e-11 1.75133e-10 -1.89332e-09 2.04683e-08 -2.21278e-07 2.39219e-06 -2.58614e-05 0.000279582 -0.0030225 -0.0342588 0.5 1.03426 1.00302 0.99972 1.00003 0.999998 1 1 1 1 1 1 1 1 1 1 1 1 1 1 1 1 
7.49324e-22 -2.74534e-21 1.48842e-20 -1.69379e-19 1.90582e-18 -2.14126e-17 2.40234e-16 -2.69168e-15 3.01215e-14 -3.36689e-13 3.75935e-12 -4.19332e-11 4.67295e-10 -5.20279e-09 5.78782e-08 -6.43352e-07 7.14591e-06 -7.93108e-05 0.000880199 -0.000791362 -0.0665561 0.5 1.06656 1.00079 0.99912 1.00008 0.999993 1 1 1 1 1 1 1 1 1 1 1 1 1 1 1 1 
2.74534e-21 -4.95268e-21 1.43519e-20 -1.92535e-19 2.40593e-18 -2.95919e-17 3.59333e-16 -4.31837e-15 5.14552e-14 -6.08722e-13 7.15733e-12 -8.37124e-11 9.74608e-10 -1.13009e-08 1.30567e-07 -1.50371e-06 1.72677e-05 -0.000197809 0.00106245 0.00627016 -0.0958085 0.5 1.09581 0.99373 0.998938 1.0002 0.999983 1 1 1 1 1 1 1 1 1 1 1 1 1 1 1 1 
4.95268e-21 -4.7564e-21 -6.39106e-21 -3.51883e-20 1.33156e-18 -2.51484e-17 3.92879e-16 -5.60753e-15 7.58959e-14 -9.91842e-13 1.2643e-11 -1.58187e-10 1.95074e-09 -2.37792e-08 2.87126e-07 -3.43952e-06 4.09322e-05 -0.000323791 0.000248003 0.017356 -0.121154 0.5 1.12115 0.982644 0.999752 1.00032 0.999959 1 1 1 1 1 1 1 1 1 1 1 1 1 1 1 1 
4.7564e-21 3.85536e-21 -7.62401e-20 5.87845e-19 -3.98658e-18 1.55335e-17 1.50807e-16 -5.30605e-15 9.9646e-14 -1.56255e-12 2.24508e-11 -3.06251e-10 4.03589e-09 -5.18915e-08 6.54945e-07 -8.14837e-06 7.87298e-05 -0.000334767 -0.00191368 0.0313716 -0.142035 0.5 1.14204 0.968628 1.00191 1.00033 0.999921 1.00001 0.999999 1 1 1 1 1 1 1 1 1 1 1 1 1 1 
-3.85536e-21 3.47972e-20 -2.63215e-19 2.36853e-18 -2.01773e-17 1.52691e-16 -8.69031e-16 1.10323e-16 1.08541e-13 -2.46468e-12 4.17812e-11 -6.28496e-10 8.85344e-09 -1.1962e-07 1.57017e-06 -1.73008e-05 0.000115629 -7.83306e-05 -0.00552445 0.0470663 -0.158234 0.5 1.15823 0.952934 1.00552 1.00008 0.999884 1.00002 0.999998 1 1 1 1 1 1 1 1 1 1 1 1 1 1 
-3.47972e-20 1.20533e-19 -7.26376e-19 6.96033e-18 -6.33642e-17 5.35503e-16 -3.93431e-15 1.97609e-14 6.35007e-14 -4.0343e-12 8.38008e-11 -1.38571e-09 2.06804e-08 -2.91012e-07 3.55616e-06 -3.04919e-05 0.000118376 0.000594017 -0.0104601 0.0631764 -0.169857 0.5 1.16986 0.936824 1.01046 0.999406 0.999882 1.00003 0.999996 1 1 1 1 1 1 1 1 1 1 1 1 1 1 
-1.20533e-19 3.36281e-19 -1.83085e-18 1.82227e-17 -1.71643e-16 1.51953e-15 -1.20747e-14 7.51545e-14 -1.17619e-13 -7.34836e-12 1.85376e-10 -3.2957e-09 5.12733e-08 -6.91172e-07 7.04098e-06 -4.30909e-05 3.81365e-05 0.00179849 -0.0164239 0.078556 -0.177281 0.5 1.17728 0.921444 1.01642 0.998202 0.999962 1.00004 0.999993 1 1 1 1 1 1 1 1 1 1 1 1 1 1 
-3.36281e-19 8.5433e-19 -4.40473e-18 4.50237e-17 -4.33167e-16 3.92783e-15 -3.22118e-14 2.12875e-13 -5.50554e-13 -1.63341e-11 4.56658e-10 -8.4201e-09 1.27077e-07 -1.48954e-06 1.18284e-05 -4.47379e-05 -0.000182653 0.00359872 -0.0230148 0.0922764 -0.181079 0.5 1.18108 0.907724 1.02301 0.996401 1.00018 1.00004 0.999988 1 1 1 1 1 1 1 1 1 1 1 1 1 1 
-8.5433e-19 2.06609e-18 -1.03184e-17 1.07578e-16 -1.04922e-15 9.6236e-15 -7.9529e-14 5.24153e-13 -1.19858e-12 -4.52872e-11 1.23666e-09 -2.19049e-08 2.93748e-07 -2.81708e-06 1.64365e-05 -1.89987e-05 -0.000600871 0.00599471 -0.0297944 0.103684 -0.181937 0.5 1.18194 0.896316 1.02979 0.994005 1.0006 1.00002 0.999984 1 1 1 1 1 1 1 1 1 1 1 1 1 1 
-2.06609e-18 4.8576e-18 -2.37982e-17 2.51772e-16 -2.47464e-15 2.27339e-14 -1.85747e-13 1.15843e-12 -9.19305e-13 -1.44537e-10 3.4559e-09 -5.41617e-08 6.09724e-07 -4.60742e-06 1.74757e-05 5.56253e-05 -0.00126272 0.00892146 -0.0363435 0.112416 -0.180582 0.5 1.18058 0.887584 1.03634 0.991079 1.00126 0.999944 0.999983 1 0.999999 1 1 1 1 1 1 1 1 1 1 1 1 
-4.8576e-18 1.12338e-17 -5.44104e-17 5.8138e-16 -5.72491e-15 5.21454e-14 -4.12263e-13 2.2528e-12 6.39266e-12 -4.69025e-10 9.24622e-09 -1.22049e-07 1.12019e-06 -6.37666e-06 9.25014e-06 0.000203441 -0.00219506 0.0122561 -0.0423019 0.118387 -0.177723 0.5 1.17772 0.881613 1.0423 0.987744 1.0022 0.999797 0.999991 1.00001 0.999999 1 1 1 1 1 1 1 1 1 1 1 1 
-1.12338e-17 2.57353e-17 -1.23838e-16 1.32977e-15 -1.30289e-14 1.16182e-13 -8.61159e-13 3.44492e-12 4.36847e-11 -1.41782e-09 2.265e-08 -2.46648e-07 1.80584e-06 -6.98063e-06 -1.62687e-05 0.000448421 -0.00339958 0.0158318 -0.0473934 0.121746 -0.174003 0.5 1.174 0.878254 1.04739 0.984168 1.0034 0.999552 1.00002 1.00001 0.999998 1 1 1 1 1 1 1 1 1 1 1 1 
-2.57353e-17 5.86473e-17 -2.81196e-16 3.01668e-15 -2.91479e-14 2.49854e-13 -1.63862e-12 2.02269e-12 1.78933e-10 -3.85136e-09 4.99875e-08 -4.44795e-07 2.50691e-06 -4.40466e-06 -6.90117e-05 0.000810672 -0.00485064 0.0194566 -0.0514372 0.122819 -0.169974 0.5 1.16997 0.877181 1.05144 0.980543 1.00485 0.999189 1.00007 1 0.999997 1 1 1 1 1 1 1 1 1 1 1 1 
-5.86473e-17 1.33225e-16 -6.37275e-16 6.78e-15 -6.3797e-14 5.10059e-13 -2.61275e-12 -1.22066e-11 5.78108e-10 -9.33644e-09 9.91244e-08 -7.11938e-07 2.83025e-06 4.35432e-06 -0.000159928 0.00130309 -0.00649691 0.0229337 -0.0543487 0.122051 -0.166077 0.5 1.16608 0.877949 1.05435 0.977066 1.0065 0.998697 1.00016 0.999996 0.999997 1 1 1 1 1 1 1 1 1 1 1 1 
-1.33225e-16 3.01733e-16 -1.43945e-15 1.5038e-14 -1.35158e-13 9.55622e-13 -2.58107e-12 -6.81602e-11 1.5843e-09 -2.02773e-08 1.7666e-07 -9.95299e-07 2.05492e-06 2.32623e-05 -0.000299735 0.00192867 -0.00826629 0.0260814 -0.0561333 0.119944 -0.162636 0.5 1.16264 0.880056 1.05613 0.973919 1.00827 0.998071 1.0003 0.999977 0.999998 1 1 1 1 1 1 1 1 1 1 1 1 
-3.01733e-16 6.80124e-16 -3.22913e-15 3.266e-14 -2.71845e-13 1.53362e-12 2.86115e-12 -2.33599e-10 3.80627e-09 -3.96824e-08 2.82055e-07 -1.15856e-06 -9.43727e-07 5.70487e-05 -0.000497467 0.00267895 -0.0100732 0.0287496 -0.0568746 0.117008 -0.159859 0.5 1.15986 0.882992 1.05687 0.97125 1.01007 0.997321 1.0005 0.999943 1 1 1 1 1 1 1 1 1 1 1 1 1 
-6.80124e-16 1.51945e-15 -7.14848e-15 6.8544e-14 -5.02653e-13 1.72092e-12 2.57481e-11 -6.44526e-10 8.1698e-09 -7.02202e-08 3.98017e-07 -9.41935e-07 -7.72932e-06 0.00011083 -0.000759018 0.00353369 -0.011827 0.0308332 -0.0567187 0.113714 -0.157846 0.5 1.15785 0.886286 1.05672 0.969167 1.01183 0.996466 1.00076 0.999889 1.00001 1 1 1 1 1 1 1 1 1 1 1 1 
-1.51945e-15 3.34058e-15 -1.54573e-14 1.36271e-13 -8.05729e-13 -3.42119e-13 9.34249e-11 -1.53833e-09 1.58463e-08 -1.12179e-07 4.77097e-07 7.60857e-08 -2.02802e-05 0.000189584 -0.00108591 0.00446196 -0.013441 0.0322779 -0.0558555 0.11046 -0.156605 0.5 1.15661 0.88954 1.05586 0.967722 1.01344 0.995538 1.00109 0.99981 1.00002 1 1 1 1 1 1 1 1 1 1 1 1 
-3.34058e-15 7.15141e-15 -3.21739e-14 2.49198e-13 -9.58599e-13 -9.58564e-12 2.59656e-10 -3.27494e-09 2.79348e-08 -1.59988e-07 4.25319e-07 2.50705e-06 -4.08932e-05 0.000297534 -0.00147448 0.00542452 -0.0148397 0.0330825 -0.0544989 0.107556 -0.156068 0.5 1.15607 0.892444 1.0545 0.966918 1.01484 0.994575 1.00147 0.999702 1.00004 0.999997 1 1 1 1 1 1 1 1 1 1 1 
-7.15141e-15 1.46968e-14 -6.3227e-14 3.9855e-13 -1.9069e-13 -3.69611e-11 6.17342e-10 -6.31647e-09 4.47461e-08 -1.97138e-07 8.4705e-08 7.16246e-06 -7.20139e-05 0.000437508 -0.00191557 0.00637713 -0.0159657 0.0332939 -0.0528669 0.105211 -0.156116 0.5 1.15612 0.894789 1.05287 0.966706 1.01597 0.993623 1.00192 0.999562 1.00007 0.999993 1 1 1 1 1 1 1 1 1 1 1 
-1.46968e-14 2.84656e-14 -1.14206e-13 4.9191e-13 3.49473e-12 -1.03696e-10 1.3075e-09 -1.11201e-08 6.45388e-08 -1.89593e-07 -7.82556e-07 1.50376e-05 -0.000116002 0.000610379 -0.00239491 0.00727448 -0.0167832 0.0329988 -0.0511628 0.103533 -0.156597 0.5 1.1566 0.896467 1.05116 0.967001 1.01678 0.992726 1.00239 0.99939 1.00012 0.999985 1 1 1 1 1 1 1 1 1 1 1 
-2.84656e-14 5.06392e-14 -1.81286e-13 2.14949e-13 1.44608e-11 -2.46266e-10 2.51412e-09 -1.78861e-08 8.15925e-08 -7.81878e-08 -2.50486e-06 2.72643e-05 -0.000174852 0.000814637 -0.00289399 0.00807433 -0.0172806 0.0323124 -0.0495604 0.102542 -0.157352 0.5 1.15735 0.897458 1.04956 0.967688 1.01728 0.991926 1.00289 0.999185 1.00017 0.999973 1 1 1 1 1 1 1 1 1 1 1 
-5.06392e-14 7.91223e-14 -2.26888e-13 -1.23374e-12 4.10849e-11 -5.20245e-10 4.42837e-09 -2.60964e-08 8.35908e-08 2.29129e-07 -5.50327e-06 4.5032e-05 -0.000249909 0.00104619 -0.00339151 0.00874127 -0.0174697 0.0313645 -0.0481926 0.102185 -0.158229 0.5 1.15823 0.897815 1.04819 0.968636 1.01747 0.991259 1.00339 0.998954 1.00025 0.999955 1.00001 1 1 1 1 1 1 1 1 1 1 
-7.91223e-14 9.7097e-14 -1.26544e-13 -5.58584e-12 9.77258e-11 -9.9937e-10 7.15977e-09 -3.37856e-08 4.8408e-08 8.6394e-07 -1.02819e-05 6.94797e-05 -0.000341595 0.00129843 -0.00386517 0.00924986 -0.0173836 0.030287 -0.0471459 0.102355 -0.159099 0.5 1.1591 0.897645 1.04715 0.969713 1.01738 0.99075 1.00387 0.998702 1.00034 0.999931 1.00001 0.999999 1 1 1 1 1 1 1 1 1 
-9.7097e-14 5.02666e-14 4.31136e-13 -1.61474e-11 2.06385e-10 -1.76374e-09 1.05675e-08 -3.65084e-08 -5.94422e-08 2.00142e-06 -1.74041e-05 0.000101569 -0.000449207 0.00156254 -0.00429351 0.00958663 -0.017072 0.0292017 -0.0464601 0.102915 -0.159863 0.5 1.15986 0.897085 1.04646 0.970798 1.01707 0.990413 1.00429 0.998437 1.00045 0.999898 1.00002 0.999998 1 1 1 1 1 1 1 1 1 
-5.02666e-14 -1.96357e-13 2.10991e-12 -3.85868e-11 3.9675e-10 -2.86857e-09 1.39851e-08 -2.60102e-08 -2.92276e-07 3.86029e-06 -2.74551e-05 0.000141951 -0.000570805 0.00182809 -0.00465782 0.00975093 -0.0165964 0.0282111 -0.0461316 0.103712 -0.160457 0.5 1.16046 0.896288 1.04613 0.971789 1.0166 0.990249 1.00466 0.998172 1.00057 0.999858 1.00003 0.999996 1 1 1 1 1 1 1 1 1 
1.96357e-13 -9.31286e-13 6.16574e-12 -8.1653e-11 7.02386e-10 -4.28252e-09 1.58154e-08 1.13375e-08 -7.22056e-07 6.69728e-06 -4.09906e-05 0.000190837 -0.000703213 0.00208382 -0.00494372 0.00975443 -0.0160231 0.0273918 -0.046122 0.104605 -0.160852 0.5 1.16085 0.895395 1.04612 0.972608 1.01602 0.990246 1.00494 0.997916 1.0007 0.999809 1.00004 0.999993 1 1 1 1 1 1 1 1 1 
9.31286e-13 -2.70553e-12 1.47423e-11 -1.57358e-10 1.14979e-09 -5.78379e-09 1.29883e-08 9.62019e-08 -1.44189e-06 1.07952e-05 -5.84775e-05 0.0002479 -0.00084215 0.00231856 -0.00514237 0.00961954 -0.015418 0.0267915 -0.0463673 0.105469 -0.161046 0.5 1.16105 0.894531 1.04637 0.973209 1.01542 0.99038 1.00514 0.997681 1.00084 0.999752 1.00006 0.999989 1 1 1 1 1 1 1 1 1 
2.70553e-12 -6.47437e-12 3.11484e-11 -2.798e-10 1.73589e-09 -6.80246e-09 2.89909e-10 2.57852e-07 -2.56554e-06 1.64447e-05 -8.023e-05 0.000312212 -0.000982483 0.00252212 -0.00525108 0.00937683 -0.0148401 0.0264287 -0.0467896 0.106209 -0.161062 0.5 1.16106 0.893791 1.04679 0.973571 1.01484 0.990623 1.00525 0.997478 1.00098 0.999688 1.00008 0.999984 1 1 1 1 1 1 1 1 1 
6.47437e-12 -1.37472e-11 5.99547e-11 -4.61376e-10 2.38893e-09 -6.20122e-09 -3.03988e-08 5.35354e-07 -4.22433e-06 2.39198e-05 -0.000106349 0.000382237 -0.00111858 0.00268621 -0.00527344 0.00906185 -0.0143376 0.0262957 -0.0473071 0.106766 -0.160939 0.5 1.16094 0.893234 1.04731 0.973704 1.01434 0.990938 1.00527 0.997314 1.00112 0.999618 1.00011 0.999976 1 0.999999 1 1 1 1 1 1 1 
1.37472e-11 -2.66822e-11 1.06613e-10 -7.04624e-10 2.9073e-09 -1.9932e-09 -9.08855e-08 9.78095e-07 -6.56115e-06 3.34493e-05 -0.000136674 0.000455875 -0.00124473 0.00280514 -0.0052188 0.00871168 -0.0139449 0.0263635 -0.0478437 0.107112 -0.160722 0.5 1.16072 0.892888 1.04784 0.973637 1.01394 0.991288 1.00522 0.997195 1.00124 0.999544 1.00014 0.999967 1.00001 0.999999 1 1 1 1 1 1 1 
2.66822e-11 -4.80057e-11 1.76143e-10 -9.87564e-10 2.87171e-09 8.99484e-09 -1.97373e-07 1.64533e-06 -9.72134e-06 4.51867e-05 -0.000170749 0.000530575 -0.00135562 0.00287628 -0.00510125 0.00836165 -0.0136808 0.0265876 -0.0483356 0.107249 -0.16046 0.5 1.16046 0.892751 1.04834 0.973412 1.01368 0.991638 1.0051 0.997124 1.00136 0.999469 1.00017 0.999955 1.00001 0.999998 1 1 1 1 1 1 1 
4.80057e-11 -8.05522e-11 2.70229e-10 -1.24009e-09 1.52811e-09 3.14932e-08 -3.70965e-07 2.60452e-06 -1.38409e-05 5.91803e-05 -0.000207815 0.000603494 -0.00144674 0.00290025 -0.00493825 0.00804248 -0.0135491 0.0269154 -0.0487361 0.107205 -0.160194 0.5 1.16019 0.892795 1.04874 0.973085 1.01355 0.991958 1.00494 0.9971 1.00145 0.999397 1.00021 0.999941 1.00001 0.999997 1 1 1 1 1 1 1 
8.05522e-11 -1.26126e-10 3.81904e-10 -1.30904e-09 -2.35795e-09 7.21585e-08 -6.37828e-07 3.9282e-06 -1.90326e-05 7.53497e-05 -0.00024683 0.000671695 -0.00151479 0.00288085 -0.00474896 0.00777804 -0.0135404 0.0272927 -0.0490172 0.107021 -0.15996 0.5 1.15996 0.892979 1.04902 0.972707 1.01354 0.992222 1.00475 0.997119 1.00151 0.999328 1.00025 0.999925 1.00002 0.999996 1 1 1 1 1 1 1 
1.26126e-10 -1.8327e-10 4.86843e-10 -9.10139e-10 -1.06701e-08 1.39894e-07 -1.02888e-06 5.68951e-06 -2.53714e-05 9.34683e-05 -0.000286517 0.000732377 -0.00155796 0.00282461 -0.00455255 0.00758403 -0.0136344 0.0276694 -0.0491697 0.106748 -0.15978 0.5 1.15978 0.893252 1.04917 0.972331 1.01363 0.992416 1.00455 0.997175 1.00156 0.999268 1.00029 0.999907 1.00003 0.999994 1 1 1 1 1 1 1 
1.8327e-10 -2.43422e-10 5.3027e-10 4.34098e-10 -2.61217e-08 2.46062e-07 -1.57886e-06 7.95638e-06 -3.28801e-05 0.000113159 -0.000325438 0.000783093 -0.00157605 0.00274022 -0.00436657 0.00746755 -0.0138042 0.028004 -0.0492005 0.106437 -0.159666 0.5 1.15967 0.893563 1.0492 0.971996 1.0138 0.992532 1.00437 0.99726 1.00158 0.999217 1.00033 0.999887 1.00003 0.999992 1 1 1 1 1 1 1 
2.43422e-10 -2.84868e-10 4.08587e-10 3.46947e-09 -5.24303e-08 4.04518e-07 -2.32477e-06 1.07847e-05 -4.1517e-05 0.000133899 -0.000362089 0.000821955 -0.00157052 0.00263764 -0.00420559 0.00742746 -0.0140191 0.028267 -0.049129 0.106135 -0.15962 0.5 1.15962 0.893865 1.04913 0.971733 1.01402 0.992573 1.00421 0.997362 1.00157 0.999178 1.00036 0.999866 1.00004 0.999989 1 1 1 1 1 1 1 
2.84868e-10 -2.63863e-10 -5.48146e-11 9.29509e-09 -9.44625e-08 6.31412e-07 -3.30358e-06 1.42114e-05 -5.11681e-05 0.000155047 -0.000395011 0.000847794 -0.00154431 0.00252729 -0.00408025 0.00745556 -0.014249 0.0284418 -0.0489829 0.105878 -0.159635 0.5 1.15964 0.894122 1.04898 0.971558 1.01425 0.992544 1.00408 0.997473 1.00154 0.999152 1.0004 0.999845 1.00005 0.999986 1 0.999999 1 1 1 1 1 
2.63863e-10 -1.02394e-10 -1.13953e-09 1.94524e-08 -1.5832e-07 9.44694e-07 -4.54938e-06 1.82468e-05 -6.16434e-05 0.000175871 -0.000422896 0.000860263 -0.0015016 0.00241912 -0.0039967 0.00753828 -0.014467 0.0285241 -0.0487933 0.105688 -0.159697 0.5 1.1597 0.894312 1.04879 0.971476 1.01447 0.992462 1.004 0.997581 1.0015 0.99914 1.00042 0.999824 1.00006 0.999982 1 0.999999 1 1 1 1 1 
1.02394e-10 3.27801e-10 -3.26303e-09 3.6009e-08 -2.51338e-07 1.3633e-06 -6.09002e-06 2.28694e-05 -7.26798e-05 0.000195597 -0.000444701 0.000859865 -0.00144742 0.00232185 -0.0039565 0.00765867 -0.0146516 0.0285209 -0.0485911 0.105578 -0.159789 0.5 1.15979 0.894422 1.04859 0.971479 1.01465 0.992341 1.00396 0.997678 1.00145 0.99914 1.00044 0.999804 1.00007 0.999977 1.00001 0.999999 1 1 1 1 1 
-3.27801e-10 1.22496e-09 -7.01846e-09 6.16263e-08 -3.81962e-07 1.906e-06 -7.94354e-06 2.80212e-05 -8.39513e-05 0.000213463 -0.000459728 0.000847914 -0.00138723 0.00224229 -0.00395706 0.00779852 -0.0147884 0.0284477 -0.0484028 0.105546 -0.159893 0.5 1.15989 0.894454 1.0484 0.971552 1.01479 0.992201 1.00396 0.997758 1.00139 0.999152 1.00046 0.999787 1.00008 0.999972 1.00001 0.999998 1 1 1 1 1 
-1.22496e-09 2.88033e-09 -1.32123e-08 9.9597e-08 -5.59479e-07 2.58996e-06 -1.01148e-05 3.36058e-05 -9.50846e-05 0.000228773 -0.000467688 0.00082642 -0.00132644 0.00218496 -0.00399229 0.00794037 -0.0148705 0.028325 -0.0482488 0.105582 -0.159995 0.5 1.15999 0.894418 1.04825 0.971675 1.01487 0.99206 1.00399 0.997815 1.00133 0.999174 1.00047 0.999771 1.0001 0.999966 1.00001 0.999997 1 1 1 1 1 
-2.88033e-09 5.70342e-09 -2.28974e-08 1.53837e-07 -7.936e-07 3.4291e-06 -1.25923e-05 3.94896e-05 -0.000105682 0.000240953 -0.000468727 0.000797919 -0.00127 0.00215194 -0.00405365 0.00806912 -0.0148978 0.0281758 -0.0481419 0.10567 -0.160081 0.5 1.16008 0.89433 1.04814 0.971824 1.0149 0.991931 1.00405 0.997848 1.00127 0.999202 1.00047 0.999759 1.00011 0.999961 1.00001 0.999997 1 1 1 1 1 
-5.70342e-09 1.02477e-08 -3.73958e-08 2.2882e-07 -1.09387e-06 4.43233e-06 -1.53463e-05 4.55066e-05 -0.000115345 0.000249599 -0.000463419 0.000765258 -0.001222 0.00214285 -0.00413122 0.00817327 -0.0148765 0.0280221 -0.0480869 0.105788 -0.160143 0.5 1.16014 0.894212 1.04809 0.971978 1.01488 0.991827 1.00413 0.997857 1.00122 0.999235 1.00046 0.99975 1.00012 0.999954 1.00002 0.999996 1 1 1 1 1 
-1.02477e-08 1.7234e-08 -5.83051e-08 3.29439e-07 -1.46894e-06 5.60179e-06 -1.83275e-05 5.14656e-05 -0.000123707 0.000254509 -0.00045272 0.000731357 -0.00118541 0.00215523 -0.00421487 0.00824561 -0.0148168 0.0278829 -0.0480816 0.105918 -0.160177 0.5 1.16018 0.894082 1.04808 0.972117 1.01482 0.991754 1.00421 0.997845 1.00119 0.999269 1.00045 0.999745 1.00012 0.999949 1.00002 0.999994 1 1 1 1 1 
-1.7234e-08 2.75691e-08 -8.7483e-08 4.60794e-07 -1.92574e-06 6.93143e-06 -2.14678e-05 5.71608e-05 -0.000130457 0.000255703 -0.000437891 0.000698978 -0.00116191 0.00218494 -0.00429525 0.00828336 -0.0147319 0.0277722 -0.0481181 0.10604 -0.160184 0.5 1.16018 0.89396 1.04812 0.972228 1.01473 0.991717 1.0043 0.997815 1.00116 0.999301 1.00044 0.999744 1.00013 0.999943 1.00002 0.999993 1 1 1 1 1 
-2.75691e-08 4.23543e-08 -1.27002e-07 6.27903e-07 -2.46859e-06 8.40584e-06 -2.4682e-05 6.23854e-05 -0.000135364 0.000253427 -0.000420395 0.000670511 -0.00115189 0.00222672 -0.00436466 0.00828783 -0.0146355 0.0276986 -0.048185 0.106139 -0.160168 0.5 1.16017 0.893861 1.04818 0.972301 1.01464 0.991712 1.00436 0.997773 1.00115 0.999329 1.00042 0.999747 1.00014 0.999938 1.00002 0.999992 1 0.999999 1 1 1 
-4.23543e-08 6.28818e-08 -1.79072e-07 8.35337e-07 -3.09836e-06 9.99977e-06 -2.7872e-05 6.69445e-05 -0.000138302 0.000248135 -0.00040178 0.000647804 -0.00115447 0.00227485 -0.00441755 0.00826373 -0.0145405 0.0276647 -0.0482687 0.106208 -0.160134 0.5 1.16013 0.893792 1.04827 0.972335 1.01454 0.991736 1.00442 0.997725 1.00115 0.999352 1.0004 0.999752 1.00014 0.999933 1.00003 0.99999 1 0.999999 1 1 1 
-6.28818e-08 9.06137e-08 -2.45929e-07 1.08681e-06 -3.81165e-06 1.16783e-05 -3.09312e-05 7.06706e-05 -0.000139255 0.000240451 -0.000383554 0.000632054 -0.00116778 0.00232373 -0.00445088 0.00821815 -0.0144578 0.0276681 -0.0483562 0.106243 -0.160091 0.5 1.16009 0.893757 1.04836 0.972332 1.01446 0.991782 1.00445 0.997676 1.00117 0.999368 1.00038 0.99976 1.00014 0.999929 1.00003 0.999988 1 0.999999 1 1 1 
-9.06137e-08 1.27141e-07 -3.29688e-07 1.38475e-06 -4.6003e-06 1.33977e-05 -3.37518e-05 7.34354e-05 -0.000138325 0.000231124 -0.000367071 0.000623751 -0.00118918 0.00236842 -0.00446403 0.00815948 -0.0143949 0.0277023 -0.048436 0.106244 -0.160045 0.5 1.16004 0.893756 1.04844 0.972298 1.01439 0.991841 1.00446 0.997632 1.00119 0.999376 1.00037 0.999769 1.00014 0.999927 1.00003 0.999987 1 0.999999 1 1 1 
-1.27141e-07 1.74119e-07 -4.3217e-07 1.72983e-06 -5.45106e-06 1.51074e-05 -3.62309e-05 7.51616e-05 -0.000135726 0.000220969 -0.000353434 0.000622703 -0.00121559 0.00240502 -0.00445861 0.0080963 -0.0143562 0.0277583 -0.0484994 0.106217 -0.160002 0.5 1.16 0.893783 1.0485 0.972242 1.01436 0.991904 1.00446 0.997595 1.00122 0.999377 1.00035 0.999779 1.00014 0.999925 1.00004 0.999985 1.00001 0.999998 1 1 1 
-1.74119e-07 2.33185e-07 -5.54707e-07 2.12066e-06 -6.34567e-06 1.67524e-05 -3.82785e-05 7.58294e-05 -0.000131765 0.000210801 -0.000343418 0.000628105 -0.00124385 0.00243097 -0.00443793 0.00803643 -0.0143423 0.0278258 -0.0485411 0.106171 -0.159968 0.5 1.15997 0.893829 1.04854 0.972174 1.01434 0.991964 1.00444 0.997569 1.00124 0.999372 1.00034 0.999789 1.00013 0.999924 1.00004 0.999983 1.00001 0.999998 1 1 1 
-2.33185e-07 3.0585e-07 -6.97942e-07 2.55342e-06 -7.26128e-06 1.82765e-05 -3.98239e-05 7.54794e-05 -0.000126825 0.000201377 -0.000337433 0.000638673 -0.00127098 0.0024451 -0.00440648 0.00798614 -0.014351 0.0278947 -0.0485595 0.106113 -0.159946 0.5 1.15995 0.893887 1.04856 0.972105 1.01435 0.992014 1.00441 0.997555 1.00127 0.999361 1.00034 0.999799 1.00013 0.999925 1.00004 0.999982 1.00001 0.999997 1 1 1 
-3.0585e-07 3.93375e-07 -8.61638e-07 3.02173e-06 -8.17137e-06 1.96256e-05 -4.08216e-05 7.42112e-05 -0.000121329 0.000193335 -0.000335513 0.0006528 -0.0012945 0.00244763 -0.00436928 0.00794972 -0.0143778 0.0279564 -0.0485558 0.106054 -0.159937 0.5 1.15994 0.893946 1.04856 0.972044 1.01438 0.99205 1.00437 0.997552 1.00129 0.999347 1.00034 0.999807 1.00012 0.999926 1.00004 0.99998 1.00001 0.999997 1 1 1 
-3.93375e-07 4.96642e-07 -1.04452e-06 3.51667e-06 -9.04695e-06 2.07519e-05 -4.12554e-05 7.21766e-05 -0.000115713 0.000187156 -0.00033735 0.000668736 -0.00131257 0.00243992 -0.00433125 0.00792926 -0.0144168 0.0280044 -0.0485342 0.106001 -0.159939 0.5 1.15994 0.893999 1.04853 0.971996 1.01442 0.992071 1.00433 0.99756 1.00131 0.999331 1.00034 0.999813 1.00012 0.999928 1.00004 0.999979 1.00001 0.999996 1 1 1 
-4.96642e-07 6.1602e-07 -1.24416e-06 4.02694e-06 -9.85814e-06 2.1617e-05 -4.11402e-05 6.95692e-05 -0.000110394 0.00018313 -0.000342341 0.000684761 -0.00132413 0.00242423 -0.00429671 0.00792471 -0.0144614 0.028035 -0.0485 0.10596 -0.159952 0.5 1.15995 0.89404 1.0485 0.971965 1.01446 0.992075 1.0043 0.997576 1.00132 0.999315 1.00034 0.999817 1.00011 0.99993 1.00004 0.999978 1.00001 0.999996 1 0.999999 1 
-6.1602e-07 7.51242e-07 -1.45692e-06 4.53929e-06 -1.0576e-05 2.21951e-05 -4.05221e-05 6.66097e-05 -0.000105734 0.00018135 -0.000349672 0.000699347 -0.00132889 0.00240335 -0.004269 0.00793424 -0.0145054 0.0280472 -0.0484596 0.105935 -0.159971 0.5 1.15997 0.894065 1.04846 0.971953 1.01451 0.992066 1.00427 0.997597 1.00133 0.999301 1.00035 0.999819 1.00011 0.999933 1.00004 0.999978 1.00001 0.999995 1 0.999999 1 
-7.51242e-07 9.01305e-07 -1.67801e-06 5.03908e-06 -1.11745e-05 2.24755e-05 -3.94753e-05 6.35302e-05 -0.000102019 0.000181715 -0.000358404 0.00071128 -0.00132727 0.00238024 -0.00425024 0.00795464 -0.0145437 0.0280421 -0.048419 0.105925 -0.159993 0.5 1.15999 0.894075 1.04842 0.971958 1.01454 0.992045 1.00425 0.99762 1.00133 0.999289 1.00036 0.999818 1.0001 0.999936 1.00004 0.999978 1.00001 0.999995 1 0.999999 1 
-9.01305e-07 1.06441e-06 -1.9016e-06 5.51108e-06 -1.16322e-05 2.24634e-05 -3.80974e-05 6.05567e-05 -9.94401e-05 0.000183954 -0.000367577 0.000719742 -0.00132031 0.00235771 -0.00424123 0.00798194 -0.0145725 0.0280232 -0.0483833 0.105931 -0.160014 0.5 1.16001 0.894069 1.04838 0.971977 1.01457 0.992018 1.00424 0.997642 1.00132 0.99928 1.00037 0.999816 1.0001 0.999939 1.00004 0.999978 1.00001 0.999994 1 0.999999 1 
-1.06441e-06 1.23792e-06 -2.12104e-06 5.94027e-06 -1.19341e-05 2.21806e-05 -3.65022e-05 5.78925e-05 -9.80826e-05 0.000187666 -0.000376291 0.000724348 -0.00130945 0.00233812 -0.00424161 0.00801192 -0.0145898 0.0279947 -0.0483563 0.105949 -0.160033 0.5 1.16003 0.894051 1.04836 0.972005 1.01459 0.991988 1.00424 0.997662 1.00131 0.999276 1.00038 0.999812 1.0001 0.999942 1.00004 0.999978 1.00001 0.999994 1 0.999999 1 
-1.23792e-06 1.41843e-06 -2.32916e-06 6.31287e-06 -1.20728e-05 2.1664e-05 -3.48119e-05 5.57047e-05 -9.79277e-05 0.000192357 -0.000383789 0.000725139 -0.00129633 0.0023232 -0.00424998 0.00804068 -0.0145951 0.0279616 -0.04834 0.105974 -0.160047 0.5 1.16005 0.894026 1.04834 0.972038 1.0146 0.991959 1.00425 0.997677 1.0013 0.999275 1.00038 0.999808 1.0001 0.999944 1.00003 0.999978 1.00001 0.999994 1 0.999999 1 
-1.41843e-06 1.60181e-06 -2.51869e-06 6.6172e-06 -1.20493e-05 2.09632e-05 -3.3148e-05 5.41121e-05 -9.886e-05 0.000197502 -0.000389511 0.000722528 -0.00128266 0.00231395 -0.00426426 0.00806499 -0.0145897 0.0279288 -0.0483351 0.106003 -0.160055 0.5 1.16006 0.893997 1.04834 0.972071 1.01459 0.991935 1.00426 0.997686 1.00128 0.999277 1.00039 0.999802 1.0001 0.999946 1.00003 0.999979 1.00001 0.999993 1 0.999998 1 
-1.60181e-06 1.78341e-06 -2.68265e-06 6.84459e-06 -1.18735e-05 2.01376e-05 -3.16225e-05 5.31796e-05 -0.000100684 0.000202586 -0.000393128 0.000717217 -0.00126995 0.0023106 -0.00428195 0.00808262 -0.0145757 0.0279003 -0.0483403 0.106032 -0.160057 0.5 1.16006 0.893968 1.04834 0.9721 1.01458 0.991917 1.00428 0.997689 1.00127 0.999283 1.00039 0.999797 1.0001 0.999947 1.00003 0.99998 1.00001 0.999993 1 0.999998 1 
-1.78341e-06 1.95821e-06 -2.81484e-06 6.99002e-06 -1.15632e-05 1.92516e-05 -3.03302e-05 5.29156e-05 -0.000103149 0.000207155 -0.000394551 0.000710097 -0.00125942 0.00231272 -0.00430055 0.00809245 -0.0145561 0.027879 -0.0483535 0.106056 -0.160053 0.5 1.16005 0.893944 1.04835 0.972121 1.01456 0.991908 1.0043 0.997687 1.00126 0.99929 1.00039 0.999793 1.0001 0.999947 1.00003 0.999981 1.00001 0.999993 1 0.999998 1 
-1.95821e-06 2.1211e-06 -2.91026e-06 7.05262e-06 -1.11437e-05 1.83708e-05 -2.93423e-05 5.32748e-05 -0.000105969 0.000210849 -0.00039391 0.000702133 -0.00125193 0.0023193 -0.00431778 0.00809442 -0.014534 0.0278664 -0.0483719 0.106073 -0.160045 0.5 1.16005 0.893927 1.04837 0.972134 1.01453 0.991906 1.00432 0.997681 1.00125 0.999298 1.00039 0.999789 1.00011 0.999947 1.00003 0.999982 1.00001 0.999993 1 0.999998 1 
-2.1211e-06 2.26716e-06 -2.96554e-06 7.03582e-06 -1.06458e-05 1.75567e-05 -2.8702e-05 5.41661e-05 -0.00010886 0.000213427 -0.000391525 0.000694261 -0.00124787 0.002329 -0.00433183 0.00808942 -0.0145127 0.027863 -0.0483924 0.106082 -0.160035 0.5 1.16003 0.893918 1.04839 0.972137 1.01451 0.991911 1.00433 0.997671 1.00125 0.999306 1.00039 0.999787 1.00011 0.999946 1.00003 0.999982 1.00001 0.999993 1 0.999998 1 
-2.26716e-06 2.39197e-06 -2.97923e-06 6.94727e-06 -1.01041e-05 1.68628e-05 -2.84229e-05 5.54624e-05 -0.000111554 0.000214778 -0.00038785 0.00068729 -0.00124723 0.0023403 -0.00434151 0.00807904 -0.0144944 0.0278677 -0.0484122 0.106083 -0.160024 0.5 1.16002 0.893917 1.04841 0.972132 1.01449 0.991921 1.00434 0.99766 1.00125 0.999313 1.00039 0.999785 1.00011 0.999945 1.00003 0.999983 1.00001 0.999993 1 0.999998 1 
-2.39197e-06 2.49185e-06 -2.95198e-06 6.79839e-06 -9.55411e-06 1.63307e-05 -2.84891e-05 5.70147e-05 -0.000113831 0.00021492 -0.000383412 0.000681836 -0.00124962 0.0023517 -0.0043463 0.00806528 -0.0144812 0.0278789 -0.0484287 0.106078 -0.160013 0.5 1.16001 0.893922 1.04843 0.972121 1.01448 0.991935 1.00435 0.997648 1.00125 0.999318 1.00038 0.999785 1.00011 0.999943 1.00003 0.999984 1.00001 0.999993 1 0.999998 1 
-2.49185e-06 2.56414e-06 -2.88663e-06 6.60365e-06 -9.03036e-06 1.59876e-05 -2.8859e-05 5.86661e-05 -0.000115529 0.000213985 -0.000378756 0.000678282 -0.00125438 0.00236188 -0.00434632 0.00805028 -0.0144738 0.0278942 -0.0484404 0.106067 -0.160005 0.5 1.16 0.893933 1.04844 0.972106 1.01447 0.99195 1.00435 0.997638 1.00125 0.999322 1.00038 0.999786 1.00012 0.999941 1.00003 0.999984 1.00001 0.999993 1 0.999997 1 
-2.56414e-06 2.60744e-06 -2.78809e-06 6.37963e-06 -8.56377e-06 1.58448e-05 -2.94696e-05 6.02659e-05 -0.000116555 0.000212194 -0.000374382 0.000676762 -0.00126066 0.00236986 -0.00434222 0.008036 -0.0144723 0.0279111 -0.0484465 0.106053 -0.159999 0.5 1.16 0.893947 1.04845 0.972089 1.01447 0.991964 1.00434 0.99763 1.00126 0.999323 1.00037 0.999788 1.00012 0.99994 1.00003 0.999984 1.00001 0.999994 1 0.999997 1 
-2.60744e-06 2.62167e-06 -2.66308e-06 6.14385e-06 -8.17965e-06 1.58978e-05 -3.02436e-05 6.16823e-05 -0.000116887 0.000209827 -0.000370706 0.000677177 -0.00126757 0.00237501 -0.00433505 0.00802409 -0.0144762 0.0279273 -0.048447 0.106038 -0.159996 0.5 1.16 0.893962 1.04845 0.972073 1.01448 0.991976 1.00434 0.997625 1.00127 0.999323 1.00037 0.99979 1.00012 0.999938 1.00003 0.999984 1.00001 0.999994 1 0.999997 1 
-2.62167e-06 2.60817e-06 -2.51977e-06 5.91363e-06 -7.89608e-06 1.61272e-05 -3.10966e-05 6.28126e-05 -0.000116571 0.000207189 -0.000368018 0.000679234 -0.00127425 0.00237712 -0.00432609 0.00801564 -0.0144841 0.0279408 -0.0484426 0.106024 -0.159997 0.5 1.16 0.893976 1.04844 0.972059 1.01448 0.991984 1.00433 0.997623 1.00127 0.999321 1.00037 0.999793 1.00012 0.999937 1.00003 0.999984 1.00001 0.999994 1 0.999997 1 
-2.60817e-06 2.56962e-06 -2.36724e-06 5.70486e-06 -7.72294e-06 1.6501e-05 -3.19453e-05 6.35897e-05 -0.000115709 0.000204578 -0.000366475 0.000682501 -0.00127998 0.00237636 -0.00431664 0.00801121 -0.0144945 0.0279504 -0.0484346 0.106013 -0.16 0.5 1.16 0.893987 1.04843 0.97205 1.01449 0.991989 1.00432 0.997624 1.00128 0.999317 1.00037 0.999795 1.00012 0.999936 1.00003 0.999983 1.00001 0.999994 1 0.999997 1 
-2.56962e-06 2.50994e-06 -2.2149e-06 5.53091e-06 -7.66151e-06 1.69784e-05 -3.27138e-05 6.39853e-05 -0.000114443 0.000202258 -0.000366094 0.000686466 -0.00128424 0.00237321 -0.00430789 0.00801078 -0.0145059 0.0279553 -0.0484245 0.106006 -0.160005 0.5 1.16 0.893994 1.04842 0.972045 1.01451 0.991989 1.00431 0.997627 1.00128 0.999314 1.00037 0.999798 1.00011 0.999936 1.00003 0.999983 1.00001 0.999994 1 0.999997 1 
-2.50994e-06 2.43401e-06 -2.07188e-06 5.40182e-06 -7.70484e-06 1.75131e-05 -3.33404e-05 6.40088e-05 -0.000112939 0.00020043 -0.000366767 0.000690609 -0.00128675 0.00236834 -0.00430078 0.00801385 -0.0145166 0.0279557 -0.0484139 0.106003 -0.16001 0.5 1.16001 0.893997 1.04841 0.972044 1.01452 0.991986 1.0043 0.997632 1.00129 0.999309 1.00037 0.9998 1.00011 0.999936 1.00003 0.999982 1.00001 0.999995 1 0.999998 1 
-2.43401e-06 2.34743e-06 -1.94638e-06 5.32364e-06 -7.83876e-06 1.80577e-05 -3.37817e-05 6.37029e-05 -0.000111367 0.000199226 -0.00036829 0.000694452 -0.00128744 0.00236256 -0.00429595 0.00801957 -0.0145254 0.027952 -0.0484042 0.106004 -0.160016 0.5 1.16002 0.893996 1.0484 0.972048 1.01453 0.99198 1.0043 0.997637 1.00129 0.999306 1.00037 0.999801 1.00011 0.999936 1.00003 0.999982 1.00001 0.999995 1 0.999998 1 
-2.34743e-06 2.25611e-06 -1.84518e-06 5.2982e-06 -8.04334e-06 1.85679e-05 -3.40147e-05 6.31369e-05 -0.000109887 0.000198698 -0.000370391 0.000697611 -0.00128647 0.00235667 -0.00429366 0.00802688 -0.0145315 0.0279453 -0.0483964 0.106008 -0.160021 0.5 1.16002 0.893992 1.0484 0.972055 1.01453 0.991973 1.00429 0.997643 1.00129 0.999302 1.00037 0.999801 1.00011 0.999937 1.00003 0.999981 1.00001 0.999995 1 0.999998 1 
-2.25611e-06 2.16594e-06 -1.77316e-06 5.32317e-06 -8.2949e-06 1.90055e-05 -3.40377e-05 6.23973e-05 -0.000108631 0.000198823 -0.000372769 0.000699825 -0.00128418 0.00235137 -0.00429384 0.00803468 -0.0145346 0.0279369 -0.0483914 0.106015 -0.160025 0.5 1.16003 0.893985 1.04839 0.972063 1.01453 0.991965 1.00429 0.997649 1.00128 0.9993 1.00037 0.999801 1.00011 0.999938 1.00003 0.999981 1.00001 0.999995 1 0.999998 1 
-2.16594e-06 2.0824e-06 -1.73301e-06 5.39242e-06 -8.56809e-06 1.93419e-05 -3.38683e-05 6.15779e-05 -0.000107694 0.000199512 -0.00037513 0.000700971 -0.00128099 0.0023472 -0.00429614 0.00804194 -0.0145345 0.0279281 -0.0483893 0.106022 -0.160027 0.5 1.16003 0.893978 1.04839 0.972072 1.01453 0.991958 1.0043 0.997653 1.00128 0.999299 1.00038 0.9998 1.00011 0.999938 1.00003 0.999981 1.00001 0.999995 1 0.999998 1 
-2.0824e-06 2.01023e-06 -1.72513e-06 5.49678e-06 -8.83808e-06 1.95593e-05 -3.35404e-05 6.07702e-05 -0.000107129 0.00020063 -0.000377215 0.00070106 -0.00127738 0.00234452 -0.00430001 0.00804786 -0.0145319 0.0279199 -0.0483901 0.10603 -0.160028 0.5 1.16003 0.89397 1.04839 0.97208 1.01453 0.991952 1.0043 0.997655 1.00128 0.999299 1.00038 0.999799 1.00011 0.999939 1.00003 0.99998 1.00001 0.999995 1 0.999998 1 
-2.01023e-06 1.9531e-06 -1.74762e-06 5.62489e-06 -9.08258e-06 1.96516e-05 -3.30995e-05 6.00547e-05 -0.000106946 0.000202011 -0.000378827 0.000700219 -0.00127382 0.00234344 -0.00430476 0.00805187 -0.0145272 0.0279134 -0.0483933 0.106037 -0.160027 0.5 1.16003 0.893963 1.04839 0.972087 1.01453 0.991948 1.0043 0.997657 1.00127 0.9993 1.00038 0.999798 1.00011 0.99994 1.00003 0.99998 1.00001 0.999994 1 0.999998 1 
-1.9531e-06 1.91346e-06 -1.79656e-06 5.76426e-06 -9.28349e-06 1.96241e-05 -3.25976e-05 5.94941e-05 -0.000107116 0.000203481 -0.000379845 0.000698666 -0.00127072 0.00234388 -0.0043097 0.00805376 -0.0145215 0.0279092 -0.048398 0.106042 -0.160025 0.5 1.16003 0.893958 1.0484 0.972091 1.01452 0.991946 1.00431 0.997656 1.00127 0.999301 1.00038 0.999797 1.00011 0.999941 1.00003 0.99998 1.00001 0.999994 1 0.999998 1 
-1.91346e-06 1.89242e-06 -1.86636e-06 5.90241e-06 -9.42813e-06 1.94921e-05 -3.20874e-05 5.91288e-05 -0.000107575 0.000204877 -0.000380226 0.00069667 -0.00126837 0.0023456 -0.00431422 0.00805357 -0.0145155 0.0279074 -0.0484036 0.106045 -0.160022 0.5 1.16002 0.893955 1.0484 0.972093 1.01452 0.991946 1.00431 0.997654 1.00127 0.999303 1.00038 0.999795 1.00011 0.999941 1.00003 0.999981 1.00001 0.999994 1 0.999998 1 
-1.89242e-06 1.88972e-06 -1.95026e-06 6.02787e-06 -9.50987e-06 1.92785e-05 -3.16176e-05 5.89752e-05 -0.000108238 0.000206064 -0.000380002 0.000694518 -0.00126694 0.00234822 -0.00431781 0.00805159 -0.0145101 0.0279081 -0.0484092 0.106045 -0.160019 0.5 1.16002 0.893955 1.04841 0.972092 1.01451 0.991948 1.00432 0.997652 1.00127 0.999305 1.00038 0.999794 1.00011 0.999941 1.00003 0.999981 1.00001 0.999994 1 0.999998 1 
-1.88972e-06 1.90381e-06 -2.0409e-06 6.13108e-06 -9.52824e-06 1.90114e-05 -3.12283e-05 5.90262e-05 -0.00010901 0.000206942 -0.000379268 0.000692479 -0.00126648 0.00235132 -0.00432016 0.00804832 -0.0145057 0.0279106 -0.048414 0.106044 -0.160016 0.5 1.16002 0.893956 1.04841 0.972089 1.01451 0.991952 1.00432 0.997649 1.00127 0.999308 1.00038 0.999793 1.00011 0.999941 1.00003 0.999981 1.00001 0.999994 1 0.999998 1 
-1.90381e-06 1.93208e-06 -2.13089e-06 6.20513e-06 -9.48842e-06 1.87209e-05 -3.09483e-05 5.92548e-05 -0.000109795 0.000207457 -0.000378164 0.000690777 -0.00126692 0.00235448 -0.00432115 0.00804433 -0.0145029 0.0279146 -0.0484177 0.106041 -0.160014 0.5 1.16001 0.893959 1.04842 0.972085 1.0145 0.991956 1.00432 0.997646 1.00127 0.999309 1.00038 0.999793 1.00011 0.999941 1.00003 0.999981 1.00001 0.999994 1 0.999998 1 
-1.93208e-06 1.97109e-06 -2.21344e-06 6.24612e-06 -9.40035e-06 1.84362e-05 -3.07928e-05 5.96184e-05 -0.000110505 0.000207602 -0.000376856 0.00068957 -0.00126808 0.0023573 -0.00432083 0.0080402 -0.0145018 0.0279193 -0.0484197 0.106037 -0.160012 0.5 1.16001 0.893963 1.04842 0.972081 1.0145 0.99196 1.00432 0.997643 1.00127 0.99931 1.00038 0.999792 1.00011 0.99994 1.00003 0.999982 1.00001 0.999994 1 0.999998 1 
-1.97109e-06 2.01688e-06 -2.28282e-06 6.25334e-06 -9.27738e-06 1.81831e-05 -3.07637e-05 6.00649e-05 -0.000111074 0.000207408 -0.000375511 0.000688937 -0.00126973 0.00235951 -0.0043194 0.00803647 -0.0145023 0.027924 -0.0484202 0.106033 -0.160011 0.5 1.16001 0.893967 1.04842 0.972076 1.0145 0.991964 1.00432 0.99764 1.00127 0.999311 1.00038 0.999793 1.00011 0.99994 1.00003 0.999982 1.00001 0.999994 1 0.999998 1 
-2.01688e-06 2.06531e-06 -2.33476e-06 6.22909e-06 -9.13477e-06 1.79815e-05 -3.08502e-05 6.05392e-05 -0.000111455 0.00020694 -0.000374281 0.000688886 -0.00127162 0.00236091 -0.00431719 0.00803354 -0.0145041 0.0279281 -0.0484193 0.106029 -0.160011 0.5 1.16001 0.893971 1.04842 0.972072 1.0145 0.991966 1.00432 0.997639 1.00127 0.999311 1.00037 0.999793 1.00011 0.999939 1.00003 0.999982 1.00001 0.999994 1 0.999998 1 
-2.06531e-06 2.11238e-06 -2.36671e-06 6.17825e-06 -8.9881e-06 1.78447e-05 -3.10315e-05 6.09888e-05 -0.000111629 0.000206286 -0.000373287 0.000689353 -0.00127347 0.00236145 -0.00431455 0.00803169 -0.0145068 0.0279312 -0.0484172 0.106026 -0.160012 0.5 1.16001 0.893974 1.04842 0.972069 1.01451 0.991968 1.00431 0.997639 1.00127 0.999311 1.00037 0.999794 1.00011 0.999939 1.00003 0.999982 1.00001 0.999994 1 0.999998 1 
-2.11238e-06 2.15456e-06 -2.37793e-06 6.10769e-06 -8.85183e-06 1.77783e-05 -3.12796e-05 6.13695e-05 -0.000111602 0.00020554 -0.000372609 0.000690224 -0.00127508 0.00236118 -0.00431187 0.008031 -0.01451 0.0279331 -0.0484143 0.106023 -0.160013 0.5 1.16001 0.893977 1.04841 0.972067 1.01451 0.991969 1.00431 0.997639 1.00128 0.99931 1.00037 0.999794 1.00011 0.999939 1.00003 0.999982 1.00001 0.999994 1 0.999998 1 
-2.15456e-06 2.18899e-06 -2.36943e-06 6.02548e-06 -8.73796e-06 1.77807e-05 -3.15626e-05 6.16488e-05 -0.000111399 0.0002048 -0.000372282 0.000691351 -0.00127627 0.00236024 -0.00430947 0.0080314 -0.0145131 0.0279336 -0.0484113 0.106022 -0.160015 0.5 1.16001 0.893978 1.04841 0.972066 1.01451 0.991969 1.00431 0.99764 1.00128 0.999309 1.00037 0.999795 1.00011 0.999938 1.00003 0.999982 1.00001 0.999994 1 0.999998 1 
-2.18899e-06 2.2137e-06 -2.34375e-06 5.94008e-06 -8.65521e-06 1.78435e-05 -3.18487e-05 6.18084e-05 -0.000111065 0.000204146 -0.000372299 0.000692575 -0.00127696 0.00235883 -0.0043076 0.00803272 -0.0145159 0.0279328 -0.0484083 0.106022 -0.160017 0.5 1.16002 0.893978 1.04841 0.972067 1.01452 0.991967 1.00431 0.997641 1.00128 0.999307 1.00037 0.999796 1.00011 0.999938 1.00003 0.999982 1.00001 0.999994 1 0.999998 1 
-2.2137e-06 2.22769e-06 -2.30467e-06 5.85953e-06 -8.60841e-06 1.79537e-05 -3.2109e-05 6.18442e-05 -0.00011065 0.000203642 -0.000372614 0.000693745 -0.00127712 0.00235719 -0.00430642 0.00803468 -0.014518 0.0279311 -0.0484059 0.106024 -0.160018 0.5 1.16002 0.893976 1.04841 0.972069 1.01452 0.991965 1.00431 0.997643 1.00128 0.999306 1.00037 0.999796 1.00011 0.999938 1.00003 0.999982 1.00001 0.999994 1 0.999998 1 
-2.22769e-06 2.2309e-06 -2.25676e-06 5.79076e-06 -8.59841e-06 1.80946e-05 -3.23202e-05 6.1766e-05 -0.000110212 0.000203327 -0.000373153 0.000694732 -0.0012768 0.00235555 -0.00430598 0.00803695 -0.0145192 0.0279288 -0.0484042 0.106026 -0.160019 0.5 1.16002 0.893974 1.0484 0.972071 1.01452 0.991963 1.00431 0.997644 1.00128 0.999305 1.00037 0.999797 1.00011 0.999938 1.00003 0.999982 1.00001 0.999994 1 0.999998 1 
-2.2309e-06 2.22421e-06 -2.20496e-06 5.73903e-06 -8.62238e-06 1.82486e-05 -3.24668e-05 6.15942e-05 -0.0001098 0.000203212 -0.000373825 0.000695447 -0.00127609 0.00235411 -0.00430624 0.00803922 -0.0145195 0.0279262 -0.0484034 0.106028 -0.16002 0.5 1.16002 0.893972 1.0484 0.972074 1.01452 0.991961 1.00431 0.997646 1.00128 0.999305 1.00037 0.999797 1.00011 0.999938 1.00003 0.999982 1.00001 0.999994 1 0.999998 1 
-2.22421e-06 2.2092e-06 -2.1541e-06 5.70754e-06 -8.67442e-06 1.83986e-05 -3.25411e-05 6.13573e-05 -0.000109458 0.000203287 -0.000374537 0.000695841 -0.00127512 0.00235303 -0.00430707 0.0080412 -0.0145189 0.0279238 -0.0484034 0.10603 -0.16002 0.5 1.16002 0.89397 1.0484 0.972076 1.01452 0.991959 1.00431 0.997647 1.00128 0.999304 1.00037 0.999797 1.00011 0.999939 1.00003 0.999982 1.00001 0.999994 1 0.999998 1 
-2.2092e-06 2.18804e-06 -2.1085e-06 5.69737e-06 -8.74641e-06 1.85297e-05 -3.2544e-05 6.10874e-05 -0.000109218 0.000203519 -0.000375202 0.000695908 -0.00127403 0.0023524 -0.00430829 0.00804271 -0.0145177 0.0279217 -0.0484042 0.106032 -0.16002 0.5 1.16002 0.893968 1.0484 0.972078 1.01452 0.991957 1.00431 0.997648 1.00127 0.999304 1.00038 0.999796 1.00011 0.999939 1.00003 0.999981 1.00001 0.999994 1 0.999998 1 
-2.18804e-06 2.1632e-06 -2.07163e-06 5.70746e-06 -8.82904e-06 1.86306e-05 -3.24835e-05 6.08168e-05 -0.000109093 0.000203861 -0.000375749 0.000695681 -0.00127297 0.00235224 -0.00430969 0.0080436 -0.014516 0.0279203 -0.0484055 0.106034 -0.160019 0.5 1.16002 0.893966 1.04841 0.97208 1.01452 0.991956 1.00431 0.997648 1.00127 0.999304 1.00038 0.999796 1.00011 0.999939 1.00003 0.999981 1.00001 0.999994 1 0.999998 1 
-2.1632e-06 2.13723e-06 -2.04589e-06 5.73496e-06 -8.91286e-06 1.86944e-05 -3.23733e-05 6.05744e-05 -0.000109086 0.000204262 -0.000376129 0.000695224 -0.00127207 0.00235251 -0.00431109 0.00804386 -0.0145142 0.0279196 -0.0484071 0.106035 -0.160019 0.5 1.16002 0.893965 1.04841 0.97208 1.01451 0.991956 1.00431 0.997647 1.00127 0.999305 1.00038 0.999796 1.00011 0.999939 1.00003 0.999981 1.00001 0.999994 1 0.999998 1 
-2.13723e-06 2.11252e-06 -2.03244e-06 5.77562e-06 -8.9892e-06 1.87186e-05 -3.22307e-05 6.03829e-05 -0.000109185 0.000204667 -0.00037632 0.00069462 -0.0012714 0.00235313 -0.00431229 0.00804354 -0.0145125 0.0279196 -0.0484088 0.106035 -0.160018 0.5 1.16002 0.893965 1.04841 0.97208 1.01451 0.991956 1.00431 0.997647 1.00127 0.999305 1.00038 0.999795 1.00011 0.99994 1.00003 0.999981 1.00001 0.999994 1 0.999998 1 
-2.11252e-06 2.09113e-06 -2.03125e-06 5.82431e-06 -9.05104e-06 1.87053e-05 -3.20745e-05 6.0257e-05 -0.000109365 0.000205028 -0.000376323 0.000693956 -0.00127102 0.00235399 -0.00431318 0.00804276 -0.014511 0.0279203 -0.0484103 0.106035 -0.160017 0.5 1.16002 0.893965 1.04841 0.97208 1.01451 0.991957 1.00431 0.997646 1.00127 0.999306 1.00038 0.999795 1.00011 0.99994 1.00003 0.999981 1.00001 0.999994 1 0.999998 1 
-2.09113e-06 2.07462e-06 -2.04118e-06 5.87558e-06 -9.09349e-06 1.86602e-05 -3.19229e-05 6.02029e-05 -0.000109599 0.000205309 -0.000376162 0.000693319 -0.00127094 0.00235494 -0.00431367 0.00804166 -0.0145099 0.0279214 -0.0484114 0.106034 -0.160016 0.5 1.16002 0.893966 1.04841 0.972079 1.01451 0.991958 1.00431 0.997645 1.00127 0.999307 1.00038 0.999795 1.00011 0.99994 1.00003 0.999981 1.00001 0.999994 1 0.999998 1 
-2.07462e-06 2.06393e-06 -2.06016e-06 5.92426e-06 -9.11415e-06 1.85916e-05 -3.17915e-05 6.0218e-05 -0.000109854 0.000205485 -0.000375876 0.000692779 -0.00127114 0.00235587 -0.00431377 0.00804045 -0.0145094 0.0279229 -0.0484121 0.106033 -0.160015 0.5 1.16002 0.893967 1.04841 0.972077 1.01451 0.99196 1.00431 0.997644 1.00127 0.999307 1.00038 0.999795 1.00011 0.99994 1.00003 0.999981 1.00001 0.999994 1 0.999998 1 
-2.06393e-06 2.05941e-06 -2.08553e-06 5.96588e-06 -9.11309e-06 1.85097e-05 -3.16918e-05 6.02929e-05 -0.000110099 0.000205549 -0.000375516 0.000692389 -0.00127154 0.00235666 -0.00431349 0.00803928 -0.0145093 0.0279243 -0.0484123 0.106032 -0.160015 0.5 1.16001 0.893968 1.04841 0.972076 1.01451 0.991961 1.00431 0.997643 1.00127 0.999308 1.00038 0.999794 1.00011 0.99994 1.00003 0.999981 1.00001 0.999994 1 0.999998 1 
-2.05941e-06 2.06079e-06 -2.11427e-06 5.99709e-06 -9.09262e-06 1.84246e-05 -3.1631e-05 6.04124e-05 -0.000110308 0.000205505 -0.000375133 0.000692174 -0.00127209 0.00235723 -0.00431292 0.0080383 -0.0145097 0.0279257 -0.0484121 0.10603 -0.160015 0.5 1.16001 0.89397 1.04841 0.972074 1.01451 0.991962 1.00431 0.997643 1.00127 0.999308 1.00038 0.999794 1.00011 0.99994 1.00003 0.999982 1.00001 0.999994 1 0.999998 1 
-2.06079e-06 2.0673e-06 -2.14334e-06 6.01586e-06 -9.05683e-06 1.83459e-05 -3.16109e-05 6.05584e-05 -0.000110461 0.000205372 -0.000374776 0.000692139 -0.0012727 0.00235755 -0.00431217 0.0080376 -0.0145104 0.0279268 -0.0484115 0.106029 -0.160015 0.5 1.16002 0.893971 1.04841 0.972073 1.01451 0.991962 1.00431 0.997642 1.00127 0.999308 1.00037 0.999795 1.00011 0.999939 1.00003 0.999982 1.00001 0.999994 1 0.999998 1 
-2.0673e-06 2.07778e-06 -2.16998e-06 6.02157e-06 -9.01101e-06 1.82815e-05 -3.16289e-05 6.07117e-05 -0.000110547 0.000205175 -0.000374485 0.000692264 -0.00127328 0.00235759 -0.00431135 0.00803726 -0.0145113 0.0279275 -0.0484106 0.106029 -0.160015 0.5 1.16002 0.893971 1.04841 0.972073 1.01451 0.991963 1.00431 0.997642 1.00127 0.999308 1.00037 0.999795 1.00011 0.999939 1.00003 0.999982 1.00001 0.999994 1 0.999998 1 
-2.07778e-06 2.09081e-06 -2.19192e-06 6.01497e-06 -8.96095e-06 1.82367e-05 -3.16784e-05 6.08548e-05 -0.000110564 0.000204943 -0.000374286 0.000692514 -0.00127378 0.0023574 -0.00431057 0.00803725 -0.0145123 0.0279278 -0.0484096 0.106028 -0.160016 0.5 1.16002 0.893972 1.04841 0.972072 1.01451 0.991963 1.00431 0.997643 1.00127 0.999307 1.00037 0.999795 1.00011 0.999939 1.00003 0.999982 1.00001 0.999994 1 0.999998 1 
-2.09081e-06 2.10487e-06 -2.20757e-06 5.99793e-06 -8.91236e-06 1.82143e-05 -3.17504e-05 6.09729e-05 -0.000110519 0.00020471 -0.000374194 0.000692843 -0.00127414 0.00235701 -0.00430993 0.00803755 -0.0145132 0.0279277 -0.0484086 0.106028 -0.160016 0.5 1.16002 0.893972 1.04841 0.972072 1.01451 0.991962 1.00431 0.997643 1.00127 0.999307 1.00037 0.999795 1.00011 0.999939 1.00003 0.999982 1.00001 0.999994 1 0.999998 1 
-2.10487e-06 2.11852e-06 -2.2161e-06 5.9732e-06 -8.87018e-06 1.82142e-05 -3.18342e-05 6.10561e-05 -0.000110423 0.000204501 -0.000374205 0.0006932 -0.00127433 0.00235651 -0.00430948 0.00803808 -0.0145139 0.0279272 -0.0484078 0.106029 -0.160017 0.5 1.16002 0.893971 1.04841 0.972073 1.01451 0.991962 1.00431 0.997643 1.00127 0.999307 1.00037 0.999795 1.00011 0.999939 1.00003 0.999982 1.00001 0.999994 1 0.999998 1 
-2.11852e-06 2.1305e-06 -2.21745e-06 5.94403e-06 -8.83823e-06 1.82341e-05 -3.1919e-05 6.10991e-05 -0.000110293 0.000204338 -0.000374306 0.00069354 -0.00127436 0.00235596 -0.00430926 0.00803874 -0.0145143 0.0279266 -0.0484072 0.106029 -0.160017 0.5 1.16002 0.893971 1.04841 0.972073 1.01451 0.991961 1.00431 0.997644 1.00127 0.999306 1.00037 0.999796 1.00011 0.999939 1.00003 0.999982 1.00001 0.999994 1 0.999998 1 
-2.1305e-06 2.13986e-06 -2.21226e-06 5.91379e-06 -8.81885e-06 1.82694e-05 -3.19954e-05 6.11019e-05 -0.000110147 0.000204236 -0.000374475 0.000693822 -0.00127425 0.00235544 -0.00430926 0.00803943 -0.0145145 0.0279258 -0.0484068 0.10603 -0.160017 0.5 1.16002 0.89397 1.04841 0.972074 1.01451 0.991961 1.00431 0.997645 1.00127 0.999306 1.00037 0.999796 1.00011 0.999939 1.00003 0.999982 1.00001 0.999994 1 0.999998 1 
-2.13986e-06 2.14597e-06 -2.20172e-06 5.88564e-06 -8.81283e-06 1.83148e-05 -3.20556e-05 6.10691e-05 -0.000110004 0.000204199 -0.000374683 0.00069402 -0.00127401 0.00235501 -0.00430948 0.00804007 -0.0145144 0.027925 -0.0484067 0.106031 -0.160017 0.5 1.16002 0.893969 1.04841 0.972075 1.01451 0.99196 1.00431 0.997645 1.00127 0.999306 1.00037 0.999796 1.00011 0.999939 1.00003 0.999982 1.00001 0.999994 1 0.999998 1 
-2.14597e-06 2.14861e-06 -2.18746e-06 5.86222e-06 -8.81945e-06 1.83639e-05 -3.20949e-05 6.10086e-05 -0.00010988 0.000204225 -0.0003749 0.00069412 -0.00127371 0.0023547 -0.00430984 0.00804057 -0.0145141 0.0279243 -0.0484069 0.106031 -0.160017 0.5 1.16002 0.893969 1.04841 0.972076 1.01451 0.991959 1.00431 0.997645 1.00127 0.999306 1.00037 0.999796 1.00011 0.999939 1.00003 0.999982 1.00001 0.999994 1 0.999998 1 
-2.14861e-06 2.14791e-06 -2.17127e-06 5.84541e-06 -8.83673e-06 1.84109e-05 -3.21113e-05 6.09305e-05 -0.000109787 0.000204303 -0.0003751 0.000694121 -0.00127338 0.00235454 -0.00431029 0.0080409 -0.0145137 0.0279238 -0.0484073 0.106032 -0.160017 0.5 1.16002 0.893968 1.04841 0.972076 1.01451 0.991959 1.00431 0.997645 1.00127 0.999306 1.00038 0.999796 1.00011 0.999939 1.00003 0.999982 1.00001 0.999994 1 0.999998 1 
-2.14791e-06 2.14431e-06 -2.15497e-06 5.83626e-06 -8.86173e-06 1.84509e-05 -3.21055e-05 6.08457e-05 -0.000109731 0.000204418 -0.00037526 0.000694036 -0.00127307 0.00235454 -0.00431077 0.00804102 -0.0145131 0.0279235 -0.0484078 0.106032 -0.160017 0.5 1.16002 0.893968 1.04841 0.972077 1.01451 0.991959 1.00431 0.997645 1.00127 0.999306 1.00038 0.999796 1.00011 0.999939 1.00003 0.999982 1.00001 0.999994 1 0.999998 1 
-2.14431e-06 2.13849e-06 -2.1402e-06 5.8349e-06 -8.891e-06 1.84801e-05 -3.20808e-05 6.07648e-05 -0.000109716 0.000204552 -0.000375365 0.000693884 -0.00127281 0.00235466 -0.0043112 0.00804095 -0.0145126 0.0279234 -0.0484083 0.106033 -0.160016 0.5 1.16002 0.893967 1.04841 0.972077 1.01451 0.991959 1.00431 0.997645 1.00127 0.999306 1.00038 0.999795 1.00011 0.999939 1.00003 0.999982 1.00001 0.999994 1 0.999998 1 
-2.13849e-06 2.13128e-06 -2.12825e-06 5.84067e-06 -8.92097e-06 1.84964e-05 -3.20422e-05 6.06964e-05 -0.000109737 0.000204689 -0.000375409 0.000693694 -0.00127263 0.00235489 -0.00431156 0.00804072 -0.0145121 0.0279236 -0.0484088 0.106032 -0.160016 0.5 1.16002 0.893968 1.04841 0.972076 1.01451 0.991959 1.00431 0.997645 1.00127 0.999306 1.00038 0.999795 1.00011 0.999939 1.00003 0.999982 1.00001 0.999994 1 0.999998 1 
-2.13128e-06 2.12356e-06 -2.12003e-06 5.85224e-06 -8.94833e-06 1.84993e-05 -3.19958e-05 6.0647e-05 -0.000109788 0.00020481 -0.000375394 0.000693493 -0.00127254 0.00235517 -0.00431179 0.00804037 -0.0145117 0.0279239 -0.0484092 0.106032 -0.160016 0.5 1.16002 0.893968 1.04841 0.972076 1.01451 0.99196 1.00431 0.997645 1.00127 0.999307 1.00038 0.999795 1.00011 0.999939 1.00003 0.999982 1.00001 0.999994 1 0.999998 1 
-2.12356e-06 2.11616e-06 -2.11595e-06 5.86779e-06 -8.97042e-06 1.849e-05 -3.19477e-05 6.06199e-05 -0.000109859 0.000204905 -0.000375328 0.000693307 -0.00127254 0.00235547 -0.00431189 0.00803996 -0.0145115 0.0279243 -0.0484094 0.106032 -0.160015 0.5 1.16002 0.893968 1.04841 0.972076 1.01451 0.99196 1.00431 0.997645 1.00127 0.999307 1.00038 0.999795 1.00011 0.999939 1.00003 0.999982 1.00001 0.999994 1 0.999998 1 
-2.11616e-06 2.10978e-06 -2.11597e-06 5.88531e-06 -8.98537e-06 1.84707e-05 -3.19036e-05 6.06156e-05 -0.000109941 0.000204965 -0.000375224 0.000693157 -0.00127262 0.00235575 -0.00431186 0.00803955 -0.0145115 0.0279247 -0.0484095 0.106031 -0.160015 0.5 1.16002 0.893969 1.04841 0.972075 1.01451 0.99196 1.00431 0.997644 1.00127 0.999307 1.00038 0.999795 1.00011 0.999939 1.00003 0.999982 1.00001 0.999994 1 0.999998 1 
-2.10978e-06 2.10495e-06 -2.11965e-06 5.90275e-06 -8.99232e-06 1.84448e-05 -3.18683e-05 6.06319e-05 -0.000110022 0.000204986 -0.000375101 0.000693057 -0.00127276 0.00235598 -0.00431171 0.00803919 -0.0145116 0.0279251 -0.0484095 0.106031 -0.160015 0.5 1.16002 0.893969 1.04841 0.972075 1.01451 0.991961 1.00431 0.997644 1.00127 0.999307 1.00038 0.999795 1.00011 0.999939 1.00003 0.999982 1.00001 0.999994 1 0.999998 1 
-2.10495e-06 2.10199e-06 -2.12619e-06 5.9183e-06 -8.99131e-06 1.84157e-05 -3.18448e-05 6.06644e-05 -0.000110093 0.000204971 -0.000374974 0.000693014 -0.00127294 0.00235613 -0.0043115 0.00803892 -0.0145118 0.0279254 -0.0484093 0.106031 -0.160015 0.5 1.16002 0.893969 1.04841 0.972075 1.01451 0.991961 1.00431 0.997644 1.00127 0.999307 1.00037 0.999795 1.00011 0.999939 1.00003 0.999982 1.00001 0.999994 1 0.999998 1 
-2.10199e-06 2.101e-06 -2.13463e-06 5.93054e-06 -8.98329e-06 1.83872e-05 -3.18346e-05 6.07074e-05 -0.000110146 0.000204926 -0.000374859 0.000693027 -0.00127312 0.0023562 -0.00431123 0.00803876 -0.0145121 0.0279257 -0.0484091 0.10603 -0.160015 0.5 1.16002 0.89397 1.04841 0.972074 1.01451 0.991961 1.00431 0.997644 1.00127 0.999307 1.00037 0.999795 1.00011 0.999939 1.00003 0.999982 1.00001 0.999994 1 0.999998 1 
-2.101e-06 2.10183e-06 -2.14387e-06 5.93852e-06 -8.96985e-06 1.83624e-05 -3.18372e-05 6.07547e-05 -0.000110179 0.00020486 -0.000374769 0.000693087 -0.00127329 0.00235618 -0.00431097 0.00803871 -0.0145125 0.0279258 -0.0484088 0.10603 -0.160016 0.5 1.16002 0.89397 1.04841 0.972074 1.01451 0.991961 1.00431 0.997644 1.00127 0.999307 1.00037 0.999795 1.00011 0.999939 1.00003 0.999982 1.00001 0.999994 1 0.999998 1 
-2.10183e-06 2.10422e-06 -2.15287e-06 5.94186e-06 -8.953e-06 1.83438e-05 -3.1851e-05 6.08001e-05 -0.000110189 0.000204783 -0.000374711 0.000693182 -0.00127342 0.00235609 -0.00431073 0.00803878 -0.0145128 0.0279257 -0.0484085 0.10603 -0.160016 0.5 1.16002 0.89397 1.04841 0.972074 1.01451 0.991961 1.00431 0.997644 1.00127 0.999307 1.00037 0.999795 1.00011 0.999939 1.00003 0.999982 1.00001 0.999994 1 0.999998 1 
-2.10422e-06 2.10772e-06 -2.16073e-06 5.9407e-06 -8.93494e-06 1.83327e-05 -3.18731e-05 6.08385e-05 -0.000110178 0.000204704 -0.00037469 0.000693296 -0.00127351 0.00235596 -0.00431054 0.00803893 -0.014513 0.0279256 -0.0484082 0.10603 -0.160016 0.5 1.16002 0.89397 1.04841 0.972074 1.01451 0.991961 1.00431 0.997644 1.00127 0.999307 1.00037 0.999795 1.00011 0.999939 1.00003 0.999982 1.00001 0.999994 1 0.999998 1 
-2.10772e-06 2.11186e-06 -2.16676e-06 5.93564e-06 -8.91778e-06 1.83297e-05 -3.19e-05 6.08663e-05 -0.000110149 0.000204635 -0.000374702 0.000693412 -0.00127354 0.00235579 -0.00431043 0.00803914 -0.0145132 0.0279254 -0.0484081 0.10603 -0.160016 0.5 1.16002 0.89397 1.04841 0.972075 1.01451 0.991961 1.00431 0.997644 1.00127 0.999307 1.00037 0.999795 1.00011 0.999939 1.00003 0.999982 1.00001 0.999994 1 0.999998 1 
-2.11186e-06 2.11612e-06 -2.17052e-06 5.92763e-06 -8.9033e-06 1.83343e-05 -3.19281e-05 6.08814e-05 -0.000110109 0.000204581 -0.000374744 0.000693517 -0.00127353 0.00235563 -0.00431039 0.00803937 -0.0145133 0.0279251 -0.0484079 0.10603 -0.160016 0.5 1.16002 0.89397 1.04841 0.972075 1.01451 0.991961 1.00431 0.997644 1.00127 0.999306 1.00037 0.999795 1.00011 0.999939 1.00003 0.999982 1.00001 0.999994 1 0.999998 1 
-2.11612e-06 2.12006e-06 -2.17188e-06 5.91785e-06 -8.8928e-06 1.83451e-05 -3.19538e-05 6.08835e-05 -0.000110063 0.000204547 -0.000374806 0.000693599 -0.00127347 0.00235548 -0.00431043 0.0080396 -0.0145133 0.0279248 -0.0484079 0.106031 -0.160016 0.5 1.16002 0.893969 1.04841 0.972075 1.01451 0.99196 1.00431 0.997645 1.00127 0.999306 1.00037 0.999795 1.00011 0.999939 1.00003 0.999982 1.00001 0.999994 1 0.999998 1 
-2.12006e-06 2.12329e-06 -2.17096e-06 5.90753e-06 -8.88704e-06 1.83603e-05 -3.19745e-05 6.08738e-05 -0.000110018 0.000204536 -0.000374879 0.00069365 -0.00127338 0.00235536 -0.00431052 0.00803979 -0.0145132 0.0279246 -0.048408 0.106031 -0.160016 0.5 1.16002 0.893969 1.04841 0.972075 1.01451 0.99196 1.00431 0.997645 1.00127 0.999306 1.00037 0.999795 1.00011 0.999939 1.00003 0.999982 1.00001 0.999994 1 0.999998 1 
-2.12329e-06 2.12555e-06 -2.16811e-06 5.89784e-06 -8.88615e-06 1.83777e-05 -3.19883e-05 6.08549e-05 -0.000109979 0.000204545 -0.000374952 0.000693667 -0.00127327 0.00235529 -0.00431065 0.00803993 -0.014513 0.0279244 -0.0484081 0.106031 -0.160016 0.5 1.16002 0.893969 1.04841 0.972076 1.01451 0.99196 1.00431 0.997645 1.00127 0.999306 1.00037 0.999795 1.00011 0.999939 1.00003 0.999982 1.00001 0.999994 1 0.999998 1 
-2.12555e-06 2.12672e-06 -2.16385e-06 5.88975e-06 -8.88972e-06 1.83951e-05 -3.19942e-05 6.08302e-05 -0.000109949 0.000204571 -0.000375018 0.000693653 -0.00127317 0.00235527 -0.00431079 0.00804 -0.0145129 0.0279243 -0.0484083 0.106031 -0.160016 0.5 1.16002 0.893969 1.04841 0.972076 1.01451 0.99196 1.00431 0.997645 1.00127 0.999306 1.00038 0.999795 1.00011 0.999939 1.00003 0.999982 1.00001 0.999994 1 0.999998 1 
-2.12672e-06 2.12681e-06 -2.15879e-06 5.88395e-06 -8.89689e-06 1.84104e-05 -3.19924e-05 6.08031e-05 -0.000109931 0.000204609 -0.000375068 0.000693612 -0.00127307 0.00235529 -0.00431094 0.00804001 -0.0145127 0.0279243 -0.0484084 0.106031 -0.160016 0.5 1.16002 0.893969 1.04841 0.972076 1.01451 0.99196 1.00431 0.997645 1.00127 0.999306 1.00038 0.999795 1.00011 0.999939 1.00003 0.999982 1.00001 0.999994 1 0.999998 1 
-2.12681e-06 2.12591e-06 -2.15356e-06 5.88084e-06 -8.90648e-06 1.84222e-05 -3.19841e-05 6.07773e-05 -0.000109927 0.000204653 -0.000375099 0.000693552 -0.001273 0.00235535 -0.00431106 0.00803996 -0.0145125 0.0279243 -0.0484086 0.106031 -0.160016 0.5 1.16002 0.893969 1.04841 0.972076 1.01451 0.99196 1.00431 0.997645 1.00127 0.999306 1.00038 0.999795 1.00011 0.999939 1.00003 0.999982 1.00001 0.999994 1 0.999998 1 
-2.12591e-06 2.12425e-06 -2.14873e-06 5.88045e-06 -8.91719e-06 1.84294e-05 -3.19708e-05 6.07557e-05 -0.000109934 0.000204697 -0.000375109 0.000693484 -0.00127296 0.00235544 -0.00431115 0.00803986 -0.0145123 0.0279244 -0.0484087 0.106031 -0.160016 0.5 1.16002 0.893969 1.04841 0.972076 1.01451 0.99196 1.00431 0.997645 1.00127 0.999307 1.00038 0.999795 1.00011 0.999939 1.00003 0.999982 1.00001 0.999994 1 0.999998 1 
-2.12425e-06 2.12208e-06 -2.14478e-06 5.88253e-06 -8.9277e-06 1.84318e-05 -3.19546e-05 6.07404e-05 -0.000109951 0.000204736 -0.0003751 0.000693416 -0.00127295 0.00235553 -0.0043112 0.00803973 -0.0145123 0.0279246 -0.0484088 0.106031 -0.160016 0.5 1.16002 0.893969 1.04841 0.972075 1.01451 0.99196 1.00431 0.997644 1.00127 0.999307 1.00038 0.999795 1.00011 0.999939 1.00003 0.999982 1.00001 0.999994 1 0.999998 1 
-2.12208e-06 2.1197e-06 -2.14203e-06 5.88658e-06 -8.93686e-06 1.84295e-05 -3.19379e-05 6.07325e-05 -0.000109974 0.000204765 -0.000375074 0.000693356 -0.00127297 0.00235563 -0.0043112 0.0080396 -0.0145122 0.0279247 -0.0484089 0.106031 -0.160016 0.5 1.16002 0.893969 1.04841 0.972075 1.01451 0.99196 1.00431 0.997644 1.00127 0.999307 1.00038 0.999795 1.00011 0.999939 1.00003 0.999982 1.00001 0.999994 1 0.999998 1 
-2.1197e-06 2.11738e-06 -2.14065e-06 5.89196e-06 -8.9438e-06 1.84233e-05 -3.19225e-05 6.07322e-05 -0.00011 0.000204783 -0.000375037 0.000693311 -0.00127301 0.00235571 -0.00431117 0.00803948 -0.0145122 0.0279249 -0.0484089 0.106031 -0.160016 0.5 1.16002 0.893969 1.04841 0.972075 1.01451 0.991961 1.00431 0.997644 1.00127 0.999307 1.00038 0.999795 1.00011 0.999939 1.00003 0.999982 1.00001 0.999994 1 0.999998 1 
-2.11738e-06 2.11537e-06 -2.14062e-06 5.89792e-06 -8.94797e-06 1.84143e-05 -3.19103e-05 6.07386e-05 -0.000110025 0.000204788 -0.000374995 0.000693284 -0.00127306 0.00235576 -0.00431111 0.00803938 -0.0145123 0.027925 -0.0484088 0.106031 -0.160016 0.5 1.16002 0.893969 1.04841 0.972075 1.01451 0.991961 1.00431 0.997644 1.00127 0.999307 1.00037 0.999795 1.00011 0.999939 1.00003 0.999982 1.00001 0.999994 1 0.999998 1 
-2.11537e-06 2.11385e-06 -2.14181e-06 5.90376e-06 -8.94921e-06 1.84038e-05 -3.19022e-05 6.07503e-05 -0.000110047 0.000204782 -0.000374953 0.000693278 -0.00127313 0.00235579 -0.00431103 0.00803931 -0.0145124 0.0279251 -0.0484087 0.106031 -0.160016 0.5 1.16002 0.893969 1.04841 0.972075 1.01451 0.991961 1.00431 0.997644 1.00127 0.999307 1.00037 0.999795 1.00011 0.999939 1.00003 0.999982 1.00001 0.999994 1 0.999998 1 
-2.11385e-06 2.11293e-06 -2.14394e-06 5.90883e-06 -8.94768e-06 1.83933e-05 -3.18989e-05 6.07651e-05 -0.000110063 0.000204766 -0.000374916 0.000693289 -0.00127319 0.0023558 -0.00431095 0.00803928 -0.0145125 0.0279252 -0.0484086 0.106031 -0.160016 0.5 1.16002 0.893969 1.04841 0.972075 1.01451 0.991961 1.00431 0.997644 1.00127 0.999307 1.00037 0.999795 1.00011 0.999939 1.00003 0.999982 1.00001 0.999994 1 0.999998 1 
-2.11293e-06 2.11264e-06 -2.14667e-06 5.91268e-06 -8.94384e-06 1.83838e-05 -3.19002e-05 6.0781e-05 -0.000110071 0.000204744 -0.000374888 0.000693315 -0.00127324 0.00235577 -0.00431087 0.00803929 -0.0145126 0.0279252 -0.0484085 0.106031 -0.160016 0.5 1.16002 0.893969 1.04841 0.972075 1.01451 0.991961 1.00431 0.997644 1.00127 0.999307 1.00037 0.999795 1.00011 0.999939 1.00003 0.999982 1.00001 0.999994 1 0.999998 1 
-2.11264e-06 2.11294e-06 -2.14965e-06 5.915e-06 -8.93838e-06 1.83764e-05 -3.19054e-05 6.07959e-05 -0.000110073 0.000204719 -0.000374872 0.000693351 -0.00127328 0.00235573 -0.0043108 0.00803933 -0.0145127 0.0279251 -0.0484084 0.106031 -0.160016 0.5 1.16002 0.893969 1.04841 0.972075 1.01451 0.991961 1.00431 0.997644 1.00127 0.999307 1.00037 0.999795 1.00011 0.999939 1.00003 0.999982 1.00001 0.999994 1 0.999998 1 
-2.11294e-06 2.11372e-06 -2.15251e-06 5.91571e-06 -8.93209e-06 1.83718e-05 -3.19136e-05 6.08081e-05 -0.000110067 0.000204694 -0.000374868 0.000693391 -0.0012733 0.00235568 -0.00431076 0.00803939 -0.0145128 0.0279251 -0.0484084 0.106031 -0.160016 0.5 1.16002 0.893969 1.04841 0.972075 1.01451 0.991961 1.00431 0.997644 1.00127 0.999307 1.00037 0.999795 1.00011 0.999939 1.00003 0.999982 1.00001 0.999994 1 0.999998 1 
-2.11372e-06 2.11485e-06 -2.15497e-06 5.91491e-06 -8.92575e-06 1.83701e-05 -3.19235e-05 6.08164e-05 -0.000110057 0.000204673 -0.000374875 0.00069343 -0.0012733 0.00235562 -0.00431074 0.00803946 -0.0145128 0.027925 -0.0484083 0.106031 -0.160016 0.5 1.16002 0.893969 1.04841 0.972075 1.01451 0.991961 1.00431 0.997644 1.00127 0.999307 1.00037 0.999795 1.00011 0.999939 1.00003 0.999982 1.00001 0.999994 1 0.999998 1 
-2.11485e-06 2.11617e-06 -2.15678e-06 5.91285e-06 -8.92008e-06 1.83713e-05 -3.19336e-05 6.08203e-05 -0.000110043 0.000204657 -0.00037489 0.000693464 -0.00127328 0.00235557 -0.00431075 0.00803954 -0.0145128 0.0279249 -0.0484083 0.106031 -0.160016 0.5 1.16002 0.893969 1.04841 0.972075 1.01451 0.99196 1.00431 0.997644 1.00127 0.999307 1.00037 0.999795 1.00011 0.999939 1.00003 0.999982 1.00001 0.999994 1 0.999998 1 
-2.11617e-06 2.1175e-06 -2.15783e-06 5.90989e-06 -8.91566e-06 1.83749e-05 -3.19428e-05 6.08197e-05 -0.000110028 0.000204648 -0.000374912 0.000693488 -0.00127326 0.00235552 -0.00431077 0.0080396 -0.0145128 0.0279248 -0.0484083 0.106031 -0.160016 0.5 1.16002 0.893969 1.04841 0.972075 1.01451 0.99196 1.00431 0.997644 1.00127 0.999307 1.00037 0.999795 1.00011 0.999939 1.00003 0.999982 1.00001 0.999994 1 0.999998 1 
-2.1175e-06 2.1187e-06 -2.15809e-06 5.90648e-06 -8.91286e-06 1.83802e-05 -3.19501e-05 6.08152e-05 -0.000110014 0.000204647 -0.000374936 0.000693501 -0.00127322 0.00235549 -0.00431081 0.00803965 -0.0145128 0.0279247 -0.0484084 0.106031 -0.160016 0.5 1.16002 0.893969 1.04841 0.972075 1.01451 0.99196 1.00431 0.997645 1.00127 0.999306 1.00037 0.999795 1.00011 0.999939 1.00003 0.999982 1.00001 0.999994 1 0.999998 1 
-2.1187e-06 2.11966e-06 -2.15761e-06 5.90303e-06 -8.9118e-06 1.83865e-05 -3.19548e-05 6.08078e-05 -0.000110002 0.000204651 -0.00037496 0.000693503 -0.00127318 0.00235548 -0.00431086 0.00803968 -0.0145127 0.0279247 -0.0484084 0.106031 -0.160016 0.5 1.16002 0.893969 1.04841 0.972075 1.01451 0.99196 1.00431 0.997645 1.00127 0.999306 1.00037 0.999795 1.00011 0.999939 1.00003 0.999982 1.00001 0.999994 1 0.999998 1 
-2.11966e-06 2.12029e-06 -2.15654e-06 5.89993e-06 -8.91244e-06 1.83929e-05 -3.19567e-05 6.07986e-05 -0.000109993 0.000204661 -0.00037498 0.000693494 -0.00127315 0.00235549 -0.00431091 0.00803969 -0.0145126 0.0279247 -0.0484085 0.106031 -0.160016 0.5 1.16002 0.893969 1.04841 0.972075 1.01451 0.99196 1.00431 0.997645 1.00127 0.999307 1.00037 0.999795 1.00011 0.999939 1.00003 0.999982 1.00001 0.999994 1 0.999998 1 
-2.12029e-06 2.12056e-06 -2.15506e-06 5.8975e-06 -8.91451e-06 1.83987e-05 -3.19557e-05 6.07891e-05 -0.000109989 0.000204674 -0.000374994 0.000693478 -0.00127312 0.0023555 -0.00431096 0.00803968 -0.0145126 0.0279247 -0.0484085 0.106031 -0.160016 0.5 1.16002 0.893969 1.04841 0.972075 1.01451 0.99196 1.00431 0.997644 1.00127 0.999307 1.00037 0.999795 1.00011 0.999939 1.00003 0.999982 1.00001 0.999994 1 0.999998 1 
-2.12056e-06 2.12048e-06 -2.15337e-06 5.89593e-06 -8.91762e-06 1.84033e-05 -3.19523e-05 6.07803e-05 -0.000109989 0.000204689 -0.000375002 0.000693456 -0.0012731 0.00235553 -0.00431099 0.00803965 -0.0145125 0.0279247 -0.0484086 0.106031 -0.160016 0.5 1.16002 0.893969 1.04841 0.972075 1.01451 0.99196 1.00431 0.997644 1.00127 0.999307 1.00038 0.999795 1.00011 0.999939 1.00003 0.999982 1.00001 0.999994 1 0.999998 1 
-2.12048e-06 2.12011e-06 -2.1517e-06 5.89531e-06 -8.92131e-06 1.84062e-05 -3.19472e-05 6.07733e-05 -0.000109993 0.000204702 -0.000375003 0.000693433 -0.00127309 0.00235556 -0.00431101 0.00803961 -0.0145125 0.0279247 -0.0484086 0.106031 -0.160016 0.5 1.16002 0.893969 1.04841 0.972075 1.01451 0.99196 1.00431 0.997644 1.00127 0.999307 1.00038 0.999795 1.00011 0.999939 1.00003 0.999982 1.00001 0.999994 1 0.999998 1 
-2.12011e-06 2.11951e-06 -2.15022e-06 5.89559e-06 -8.9251e-06 1.84073e-05 -3.19411e-05 6.07688e-05 -0.00011 0.000204714 -0.000374998 0.000693411 -0.00127309 0.0023556 -0.00431102 0.00803957 -0.0145125 0.0279248 -0.0484087 0.106031 -0.160016 0.5 1.16002 0.893969 1.04841 0.972075 1.01451 0.99196 1.00431 0.997644 1.00127 0.999307 1.00037 0.999795 1.00011 0.999939 1.00003 0.999982 1.00001 0.999994 1 0.999998 1 
-2.11951e-06 2.11878e-06 -2.14909e-06 5.89665e-06 -8.92853e-06 1.84066e-05 -3.19349e-05 6.07669e-05 -0.000110009 0.000204722 -0.000374988 0.000693393 -0.0012731 0.00235563 -0.00431101 0.00803953 -0.0145125 0.0279248 -0.0484087 0.106031 -0.160016 0.5 1.16002 0.893969 1.04841 0.972075 1.01451 0.99196 1.00431 0.997644 1.00127 0.999307 1.00037 0.999795 1.00011 0.999939 1.00003 0.999982 1.00001 0.999994 1 0.999998 1 
-2.11878e-06 2.11802e-06 -2.14838e-06 5.89828e-06 -8.93127e-06 1.84045e-05 -3.19294e-05 6.07678e-05 -0.000110018 0.000204726 -0.000374975 0.00069338 -0.00127312 0.00235565 -0.00431099 0.00803949 -0.0145125 0.0279249 -0.0484086 0.106031 -0.160016 0.5 1.16002 0.893969 1.04841 0.972075 1.01451 0.991961 1.00431 0.997644 1.00127 0.999307 1.00037 0.999795 1.00011 0.999939 1.00003 0.999982 1.00001 0.999994 1 0.999998 1 
-2.11802e-06 2.11731e-06 -2.14813e-06 5.90024e-06 -8.93306e-06 1.84013e-05 -3.1925e-05 6.07709e-05 -0.000110026 0.000204726 -0.000374961 0.000693374 -0.00127314 0.00235567 -0.00431096 0.00803947 -0.0145125 0.0279249 -0.0484086 0.106031 -0.160016 0.5 1.16002 0.893969 1.04841 0.972075 1.01451 0.991961 1.00431 0.997644 1.00127 0.999307 1.00037 0.999795 1.00011 0.999939 1.00003 0.999982 1.00001 0.999994 1 0.999998 1 
-2.11731e-06 2.11673e-06 -2.14831e-06 5.90226e-06 -8.93381e-06 1.83975e-05 -3.19222e-05 6.07757e-05 -0.000110032 0.000204722 -0.000374948 0.000693374 -0.00127316 0.00235567 -0.00431093 0.00803946 -0.0145126 0.0279249 -0.0484086 0.106031 -0.160016 0.5 1.16002 0.893969 1.04841 0.972075 1.01451 0.991961 1.00431 0.997644 1.00127 0.999307 1.00037 0.999795 1.00011 0.999939 1.00003 0.999982 1.00001 0.999994 1 0.999998 1 
-2.11673e-06 2.11633e-06 -2.14886e-06 5.90411e-06 -8.93355e-06 1.83936e-05 -3.19212e-05 6.07813e-05 -0.000110037 0.000204715 -0.000374938 0.00069338 -0.00127318 0.00235567 -0.0043109 0.00803946 -0.0145126 0.0279249 -0.0484085 0.106031 -0.160016 0.5 1.16002 0.893969 1.04841 0.972075 1.01451 0.991961 1.00431 0.997644 1.00127 0.999307 1.00037 0.999795 1.00011 0.999939 1.00003 0.999982 1.00001 0.999994 1 0.999998 1 
-2.11633e-06 2.11613e-06 -2.14967e-06 5.90559e-06 -8.9324e-06 1.83901e-05 -3.1922e-05 6.07871e-05 -0.000110038 0.000204707 -0.00037493 0.00069339 -0.0012732 0.00235566 -0.00431088 0.00803947 -0.0145126 0.0279249 -0.0484085 0.106031 -0.160016 0.5 1.16002 0.893969 1.04841 0.972075 1.01451 0.991961 1.00431 0.997644 1.00127 0.999307 1.00037 0.999795 1.00011 0.999939 1.00003 0.999982 1.00001 0.999994 1 0.999998 1 
-2.11613e-06 2.11614e-06 -2.15062e-06 5.90659e-06 -8.93061e-06 1.83873e-05 -3.19241e-05 6.07923e-05 -0.000110037 0.000204699 -0.000374927 0.000693403 -0.00127321 0.00235564 -0.00431086 0.00803949 -0.0145127 0.0279249 -0.0484085 0.106031 -0.160016 0.5 1.16002 0.893969 1.04841 0.972075 1.01451 0.991961 1.00431 0.997644 1.00127 0.999307 1.00037 0.999795 1.00011 0.999939 1.00003 0.999982 1.00001 0.999994 1 0.999998 1 
-2.11614e-06 2.11632e-06 -2.15159e-06 5.90704e-06 -8.92844e-06 1.83855e-05 -3.19273e-05 6.07963e-05 -0.000110035 0.000204691 -0.000374927 0.000693416 -0.00127321 0.00235562 -0.00431085 0.00803951 -0.0145127 0.0279249 -0.0484085 0.106031 -0.160016 0.5 1.16002 0.893969 1.04841 0.972075 1.01451 0.99196 1.00431 0.997644 1.00127 0.999307 1.00037 0.999795 1.00011 0.999939 1.00003 0.999982 1.00001 0.999994 1 0.999998 1 
-2.11632e-06 2.11664e-06 -2.15246e-06 5.90695e-06 -8.92619e-06 1.83848e-05 -3.1931e-05 6.07988e-05 -0.00011003 0.000204685 -0.000374931 0.000693429 -0.00127321 0.0023556 -0.00431085 0.00803954 -0.0145127 0.0279249 -0.0484085 0.106031 -0.160016 0.5 1.16002 0.893969 1.04841 0.972075 1.01451 0.99196 1.00431 0.997644 1.00127 0.999307 1.00037 0.999795 1.00011 0.999939 1.00003 0.999982 1.00001 0.999994 1 0.999998 1 
-2.11664e-06 2.11704e-06 -2.15315e-06 5.90639e-06 -8.92412e-06 1.83852e-05 -3.19348e-05 6.07996e-05 -0.000110025 0.000204681 -0.000374938 0.000693438 -0.0012732 0.00235558 -0.00431086 0.00803956 -0.0145127 0.0279248 -0.0484085 0.106031 -0.160016 0.5 1.16002 0.893969 1.04841 0.972075 1.01451 0.99196 1.00431 0.997644 1.00127 0.999307 1.00037 0.999795 1.00011 0.999939 1.00003 0.999982 1.00001 0.999994 1 0.999998 1 
-2.11704e-06 2.11748e-06 -2.1536e-06 5.90547e-06 -8.92246e-06 1.83865e-05 -3.19382e-05 6.07988e-05 -0.000110019 0.00020468 -0.000374945 0.000693445 -0.00127319 0.00235557 -0.00431087 0.00803958 -0.0145127 0.0279248 -0.0484085 0.106031 -0.160016 0.5 1.16002 0.893969 1.04841 0.972075 1.01451 0.99196 1.00431 0.997644 1.00127 0.999307 1.00037 0.999795 1.00011 0.999939 1.00003 0.999982 1.00001 0.999994 1 0.999998 1 
-2.11748e-06 2.11789e-06 -2.15379e-06 5.90435e-06 -8.92134e-06 1.83884e-05 -3.19408e-05 6.07966e-05 -0.000110015 0.000204681 -0.000374953 0.000693447 -0.00127318 0.00235556 -0.00431089 0.0080396 -0.0145126 0.0279248 -0.0484085 0.106031 -0.160016 0.5 1.16002 0.893969 1.04841 0.972075 1.01451 0.99196 1.00431 0.997644 1.00127 0.999307 1.00037 0.999795 1.00011 0.999939 1.00003 0.999982 1.00001 0.999994 1 0.999998 1 
-2.11789e-06 2.11823e-06 -2.15372e-06 5.90316e-06 -8.92085e-06 1.83907e-05 -3.19424e-05 6.07935e-05 -0.000110011 0.000204684 -0.00037496 0.000693446 -0.00127317 0.00235556 -0.00431091 0.0080396 -0.0145126 0.0279248 -0.0484085 0.106031 -0.160016 0.5 1.16002 0.893969 1.04841 0.972075 1.01451 0.99196 1.00431 0.997644 1.00127 0.999307 1.00037 0.999795 1.00011 0.999939 1.00003 0.999982 1.00001 0.999994 1 0.999998 1 
-2.11823e-06 2.11848e-06 -2.15343e-06 5.90207e-06 -8.92097e-06 1.8393e-05 -3.19429e-05 6.079e-05 -0.000110009 0.000204688 -0.000374966 0.000693442 -0.00127316 0.00235556 -0.00431092 0.0080396 -0.0145126 0.0279248 -0.0484085 0.106031 -0.160016 0.5 1.16002 0.893969 1.04841 0.972075 1.01451 0.99196 1.00431 0.997644 1.00127 0.999307 1.00037 0.999795 1.00011 0.999939 1.00003 0.999982 1.00001 0.999994 1 0.999998 1 
-2.11848e-06 2.11861e-06 -2.15298e-06 5.90117e-06 -8.92161e-06 1.83951e-05 -3.19424e-05 6.07865e-05 -0.000110008 0.000204693 -0.000374969 0.000693436 -0.00127315 0.00235557 -0.00431094 0.00803959 -0.0145126 0.0279248 -0.0484085 0.106031 -0.160016 0.5 1.16002 0.893969 1.04841 0.972075 1.01451 0.99196 1.00431 0.997644 1.00127 0.999307 1.00037 0.999795 1.00011 0.999939 1.00003 0.999982 1.00001 0.999994 1 0.999998 1 
-2.11861e-06 2.11862e-06 -2.15243e-06 5.90055e-06 -8.92265e-06 1.83968e-05 -3.1941e-05 6.07834e-05 -0.000110009 0.000204698 -0.000374971 0.000693428 -0.00127314 0.00235558 -0.00431095 0.00803957 -0.0145126 0.0279248 -0.0484086 0.106031 -0.160016 0.5 1.16002 0.893969 1.04841 0.972075 1.01451 0.99196 1.00431 0.997644 1.00127 0.999307 1.00037 0.999795 1.00011 0.999939 1.00003 0.999982 1.00001 0.999994 1 0.999998 1 
-2.11862e-06 2.11853e-06 -2.15187e-06 5.90026e-06 -8.92393e-06 1.83979e-05 -3.1939e-05 6.07811e-05 -0.000110011 0.000204702 -0.00037497 0.000693421 -0.00127314 0.00235559 -0.00431095 0.00803956 -0.0145126 0.0279248 -0.0484086 0.106031 -0.160016 0.5 1.16002 0.893969 1.04841 0.972075 1.01451 0.99196 1.00431 0.997644 1.00127 0.999307 1.00037 0.999795 1.00011 0.999939 1.00003 0.999982 1.00001 0.999994 1 0.999998 1 
-2.11853e-06 2.11835e-06 -2.15136e-06 5.90029e-06 -8.92526e-06 1.83983e-05 -3.19367e-05 6.07797e-05 -0.000110014 0.000204705 -0.000374967 0.000693414 -0.00127315 0.00235561 -0.00431095 0.00803954 -0.0145126 0.0279248 -0.0484086 0.106031 -0.160016 0.5 1.16002 0.893969 1.04841 0.972075 1.01451 0.99196 1.00431 0.997644 1.00127 0.999307 1.00037 0.999795 1.00011 0.999939 1.00003 0.999982 1.00001 0.999994 1 0.999998 1 
