No, norm, delta_time
1, 0.159117, 0.5
2, 0.0685254, 0.5
3, 0.0486206, 0.5
4, 0.0376503, 0.5
5, 0.0318228, 0.5
6, 0.0278702, 0.5
7, 0.025035, 0.5
8, 0.0228733, 0.5
9, 0.0210417, 0.5
10, 0.0195435, 0.5
11, 0.0181656, 0.5
12, 0.0169986, 0.5
13, 0.0158911, 0.5
14, 0.0149408, 0.5
15, 0.0140334, 0.5
16, 0.0132528, 0.5
17, 0.0125108, 0.5
18, 0.011873, 0.5
19, 0.0112712, 0.5
20, 0.0107535, 0.5
21, 0.010268, 0.5
22, 0.00984787, 0.5
23, 0.00945484, 0.5
24, 0.00911049, 0.5
25, 0.00878776, 0.5
26, 0.00849974, 0.5
27, 0.00822839, 0.5
28, 0.00798092, 0.5
29, 0.00774623, 0.5
30, 0.00752758, 0.5
31, 0.00731893, 0.5
32, 0.007121, 0.5
33, 0.00693125, 0.5
34, 0.00674884, 0.5
35, 0.00657346, 0.5
36, 0.00640338, 0.5
37, 0.00623961, 0.5
38, 0.00607997, 0.5
39, 0.00592613, 0.5
40, 0.0057758, 0.5
41, 0.00563084, 0.5
42, 0.00548904, 0.5
43, 0.00535221, 0.5
44, 0.00521836, 0.5
45, 0.00508907, 0.5
46, 0.00496263, 0.5
47, 0.00484033, 0.5
48, 0.00472079, 0.5
49, 0.00460499, 0.5
50, 0.00449185, 0.5
51, 0.00438208, 0.5
52, 0.00427488, 0.5
53, 0.0041707, 0.5
54, 0.00406901, 0.5
55, 0.00397005, 0.5
56, 0.00387349, 0.5
57, 0.0037794, 0.5
58, 0.00368764, 0.5
59, 0.00359813, 0.5
60, 0.00351087, 0.5
61, 0.0034257, 0.5
62, 0.00334268, 0.5
63, 0.00326161, 0.5
64, 0.00318261, 0.5
65, 0.00310544, 0.5
66, 0.00303025, 0.5
67, 0.0029568, 0.5
68, 0.00288522, 0.5
69, 0.00281531, 0.5
70, 0.00274717, 0.5
71, 0.00268063, 0.5
72, 0.00261576, 0.5
73, 0.00255242, 0.5
74, 0.00249067, 0.5
75, 0.00243037, 0.5
76, 0.00237158, 0.5
77, 0.00231419, 0.5
78, 0.00225821, 0.5
79, 0.00220357, 0.5
80, 0.00215027, 0.5
81, 0.00209826, 0.5
82, 0.00204751, 0.5
83, 0.00199799, 0.5
84, 0.00194966, 0.5
85, 0.00190251, 0.5
86, 0.0018565, 0.5
87, 0.0018116, 0.5
88, 0.00176779, 0.5
89, 0.00172504, 0.5
90, 0.00168332, 0.5
91, 0.00164262, 0.5
92, 0.00160289, 0.5
93, 0.00156414, 0.5
94, 0.00152631, 0.5
95, 0.0014894, 0.5
96, 0.00145338, 0.5
97, 0.00141824, 0.5
98, 0.00138395, 0.5
99, 0.00135049, 0.5
100, 0.00131783, 0.5
101, 0.00128597, 0.5
102, 0.00125487, 0.5
103, 0.00122453, 0.5
104, 0.00119492, 0.5
105, 0.00116603, 0.5
106, 0.00113783, 0.5
107, 0.00111032, 0.5
108, 0.00108348, 0.5
109, 0.00105728, 0.5
110, 0.00103172, 0.5
111, 0.00100677, 0.5
112, 0.00098243, 0.5
113, 0.000958676, 0.5
114, 0.000935498, 0.5
115, 0.000912878, 0.5
116, 0.000890808, 0.5
117, 0.000869269, 0.5
118, 0.000848252, 0.5
119, 0.000827743, 0.5
120, 0.00080773, 0.5
121, 0.0007882, 0.5
122, 0.000769144, 0.5
123, 0.000750547, 0.5
124, 0.000732401, 0.5
125, 0.000714693, 0.5
126, 0.000697413, 0.5
127, 0.000680551, 0.5
128, 0.000664097, 0.5
129, 0.000648041, 0.5
130, 0.000632373, 0.5
131, 0.000617084, 0.5
132, 0.000602164, 0.5
133, 0.000587605, 0.5
134, 0.000573398, 0.5
135, 0.000559535, 0.5
136, 0.000546007, 0.5
137, 0.000532806, 0.5
138, 0.000519923, 0.5
139, 0.000507353, 0.5
140, 0.000495086, 0.5
141, 0.000483117, 0.5
142, 0.000471436, 0.5
143, 0.000460038, 0.5
144, 0.000448915, 0.5
145, 0.000438062, 0.5
146, 0.00042747, 0.5
147, 0.000417135, 0.5
148, 0.00040705, 0.5
149, 0.000397209, 0.5
150, 0.000387605, 0.5
151, 0.000378234, 0.5
152, 0.000369089, 0.5
153, 0.000360165, 0.5
154, 0.000351457, 0.5
155, 0.00034296, 0.5
156, 0.000334668, 0.5
157, 0.000326577, 0.5
158, 0.000318681, 0.5
159, 0.000310976, 0.5
160, 0.000303457, 0.5
161, 0.000296121, 0.5
162, 0.000288961, 0.5
163, 0.000281975, 0.5
164, 0.000275157, 0.5
165, 0.000268505, 0.5
166, 0.000262013, 0.5
167, 0.000255678, 0.5
168, 0.000249497, 0.5
169, 0.000243464, 0.5
170, 0.000237578, 0.5
171, 0.000231834, 0.5
172, 0.000226229, 0.5
173, 0.000220759, 0.5
174, 0.000215422, 0.5
175, 0.000210214, 0.5
176, 0.000205131, 0.5
177, 0.000200172, 0.5
178, 0.000195332, 0.5
179, 0.000190609, 0.5
180, 0.000186001, 0.5
181, 0.000181504, 0.5
182, 0.000177116, 0.5
183, 0.000172833, 0.5
184, 0.000168655, 0.5
185, 0.000164577, 0.5
186, 0.000160598, 0.5
187, 0.000156715, 0.5
188, 0.000152926, 0.5
189, 0.000149229, 0.5
190, 0.000145621, 0.5
191, 0.0001421, 0.5
192, 0.000138664, 0.5
193, 0.000135312, 0.5
194, 0.00013204, 0.5
195, 0.000128848, 0.5
196, 0.000125733, 0.5
197, 0.000122693, 0.5
198, 0.000119727, 0.5
199, 0.000116832, 0.5
200, 0.000114007, 0.5
201, 0.000111251, 0.5
202, 0.000108561, 0.5
203, 0.000105936, 0.5
204, 0.000103375, 0.5
205, 0.000100876, 0.5
206, 9.84368e-05, 0.5
207, 9.60568e-05, 0.5
208, 9.37344e-05, 0.5
209, 9.14681e-05, 0.5
210, 8.92567e-05, 0.5
211, 8.70987e-05, 0.5
212, 8.49929e-05, 0.5
213, 8.2938e-05, 0.5
214, 8.09327e-05, 0.5
215, 7.8976e-05, 0.5
216, 7.70665e-05, 0.5
217, 7.52033e-05, 0.5
218, 7.33851e-05, 0.5
219, 7.16108e-05, 0.5
220, 6.98794e-05, 0.5
221, 6.81899e-05, 0.5
222, 6.65413e-05, 0.5
223, 6.49325e-05, 0.5
224, 6.33626e-05, 0.5
225, 6.18306e-05, 0.5
226, 6.03357e-05, 0.5
227, 5.8877e-05, 0.5
228, 5.74535e-05, 0.5
229, 5.60644e-05, 0.5
230, 5.47089e-05, 0.5
231, 5.33862e-05, 0.5
232, 5.20954e-05, 0.5
233, 5.08359e-05, 0.5
234, 4.96068e-05, 0.5
235, 4.84075e-05, 0.5
236, 4.72371e-05, 0.5
237, 4.6095e-05, 0.5
238, 4.49806e-05, 0.5
239, 4.3893e-05, 0.5
240, 4.28318e-05, 0.5
241, 4.17963e-05, 0.5
242, 4.07857e-05, 0.5
243, 3.97996e-05, 0.5
244, 3.88374e-05, 0.5
245, 3.78984e-05, 0.5
246, 3.69821e-05, 0.5
247, 3.6088e-05, 0.5
248, 3.52155e-05, 0.5
249, 3.4364e-05, 0.5
250, 3.35332e-05, 0.5
251, 3.27225e-05, 0.5
252, 3.19313e-05, 0.5
253, 3.11593e-05, 0.5
254, 3.0406e-05, 0.5
255, 2.96708e-05, 0.5
256, 2.89534e-05, 0.5
257, 2.82534e-05, 0.5
258, 2.75703e-05, 0.5
259, 2.69038e-05, 0.5
260, 2.62533e-05, 0.5
261, 2.56186e-05, 0.5
262, 2.49992e-05, 0.5
263, 2.43947e-05, 0.5
264, 2.38049e-05, 0.5
265, 2.32294e-05, 0.5
266, 2.26678e-05, 0.5
267, 2.21197e-05, 0.5
268, 2.15849e-05, 0.5
269, 2.10631e-05, 0.5
270, 2.05538e-05, 0.5
271, 2.00569e-05, 0.5
272, 1.95719e-05, 0.5
273, 1.90987e-05, 0.5
274, 1.8637e-05, 0.5
275, 1.81864e-05, 0.5
276, 1.77467e-05, 0.5
277, 1.73176e-05, 0.5
278, 1.68989e-05, 0.5
279, 1.64904e-05, 0.5
280, 1.60917e-05, 0.5
281, 1.57026e-05, 0.5
282, 1.5323e-05, 0.5
283, 1.49525e-05, 0.5
284, 1.4591e-05, 0.5
285, 1.42382e-05, 0.5
286, 1.3894e-05, 0.5
287, 1.3558e-05, 0.5
288, 1.32302e-05, 0.5
289, 1.29104e-05, 0.5
290, 1.25982e-05, 0.5
291, 1.22936e-05, 0.5
292, 1.19964e-05, 0.5
293, 1.17064e-05, 0.5
294, 1.14233e-05, 0.5
295, 1.11472e-05, 0.5
296, 1.08776e-05, 0.5
297, 1.06146e-05, 0.5
298, 1.0358e-05, 0.5
299, 1.01076e-05, 0.5
300, 9.86321e-06, 0.5
301, 9.62474e-06, 0.5
302, 9.39204e-06, 0.5
303, 9.16496e-06, 0.5
304, 8.94338e-06, 0.5
305, 8.72715e-06, 0.5
306, 8.51615e-06, 0.5
307, 8.31025e-06, 0.5
308, 8.10933e-06, 0.5
309, 7.91327e-06, 0.5
310, 7.72195e-06, 0.5
311, 7.53525e-06, 0.5
312, 7.35307e-06, 0.5
313, 7.17529e-06, 0.5
314, 7.00181e-06, 0.5
315, 6.83252e-06, 0.5
316, 6.66733e-06, 0.5
317, 6.50613e-06, 0.5
318, 6.34883e-06, 0.5
319, 6.19533e-06, 0.5
320, 6.04554e-06, 0.5
321, 5.89938e-06, 0.5
322, 5.75675e-06, 0.5
323, 5.61756e-06, 0.5
324, 5.48174e-06, 0.5
325, 5.34921e-06, 0.5
326, 5.21988e-06, 0.5
327, 5.09368e-06, 0.5
328, 4.97053e-06, 0.5
329, 4.85035e-06, 0.5
330, 4.73308e-06, 0.5
331, 4.61865e-06, 0.5
332, 4.50698e-06, 0.5
333, 4.39801e-06, 0.5
334, 4.29168e-06, 0.5
335, 4.18792e-06, 0.5
336, 4.08667e-06, 0.5
337, 3.98786e-06, 0.5
338, 3.89144e-06, 0.5
339, 3.79736e-06, 0.5
340, 3.70555e-06, 0.5
341, 3.61596e-06, 0.5
342, 3.52853e-06, 0.5
343, 3.44322e-06, 0.5
344, 3.35997e-06, 0.5
345, 3.27874e-06, 0.5
346, 3.19947e-06, 0.5
347, 3.12211e-06, 0.5
348, 3.04663e-06, 0.5
349, 2.97297e-06, 0.5
350, 2.90109e-06, 0.5
351, 2.83095e-06, 0.5
352, 2.7625e-06, 0.5
353, 2.69571e-06, 0.5
354, 2.63054e-06, 0.5
355, 2.56694e-06, 0.5
356, 2.50488e-06, 0.5
357, 2.44432e-06, 0.5
358, 2.38522e-06, 0.5
359, 2.32755e-06, 0.5
360, 2.27128e-06, 0.5
361, 2.21636e-06, 0.5
362, 2.16278e-06, 0.5
363, 2.11049e-06, 0.5
364, 2.05946e-06, 0.5
365, 2.00967e-06, 0.5
366, 1.96108e-06, 0.5
367, 1.91366e-06, 0.5
368, 1.8674e-06, 0.5
369, 1.82225e-06, 0.5
370, 1.77819e-06, 0.5
371, 1.7352e-06, 0.5
372, 1.69325e-06, 0.5
373, 1.65231e-06, 0.5
374, 1.61236e-06, 0.5
375, 1.57338e-06, 0.5
376, 1.53534e-06, 0.5
377, 1.49822e-06, 0.5
378, 1.46199e-06, 0.5
379, 1.42665e-06, 0.5
380, 1.39215e-06, 0.5
381, 1.35849e-06, 0.5
382, 1.32565e-06, 0.5
383, 1.2936e-06, 0.5
384, 1.26232e-06, 0.5
385, 1.2318e-06, 0.5
386, 1.20202e-06, 0.5
387, 1.17296e-06, 0.5
388, 1.1446e-06, 0.5
389, 1.11693e-06, 0.5
390, 1.08992e-06, 0.5
391, 1.06357e-06, 0.5
392, 1.03786e-06, 0.5
393, 1.01276e-06, 0.5
394, 9.88278e-07, 0.5
395, 9.64384e-07, 0.5
396, 9.41068e-07, 0.5
397, 9.18315e-07, 0.5
398, 8.96112e-07, 0.5
399, 8.74447e-07, 0.5
400, 8.53305e-07, 0.5
401, 8.32674e-07, 0.5
402, 8.12542e-07, 0.5
403, 7.92897e-07, 0.5
404, 7.73727e-07, 0.5
405, 7.5502e-07, 0.5
406, 7.36766e-07, 0.5
407, 7.18953e-07, 0.5
408, 7.0157e-07, 0.5
409, 6.84608e-07, 0.5
410, 6.68056e-07, 0.5
411, 6.51904e-07, 0.5
412, 6.36143e-07, 0.5
413, 6.20762e-07, 0.5
414, 6.05754e-07, 0.5
415, 5.91108e-07, 0.5
416, 5.76817e-07, 0.5
417, 5.62871e-07, 0.5
418, 5.49262e-07, 0.5
419, 5.35982e-07, 0.5
420, 5.23024e-07, 0.5
421, 5.10378e-07, 0.5
422, 4.98039e-07, 0.5
423, 4.85997e-07, 0.5
424, 4.74247e-07, 0.5
425, 4.62781e-07, 0.5
426, 4.51592e-07, 0.5
427, 4.40674e-07, 0.5
428, 4.3002e-07, 0.5
429, 4.19623e-07, 0.5
430, 4.09477e-07, 0.5
431, 3.99577e-07, 0.5
432, 3.89917e-07, 0.5
433, 3.80489e-07, 0.5
434, 3.7129e-07, 0.5
435, 3.62313e-07, 0.5
436, 3.53554e-07, 0.5
437, 3.45006e-07, 0.5
438, 3.36664e-07, 0.5
439, 3.28525e-07, 0.5
440, 3.20582e-07, 0.5
441, 3.12831e-07, 0.5
442, 3.05267e-07, 0.5
443, 2.97887e-07, 0.5
444, 2.90685e-07, 0.5
445, 2.83657e-07, 0.5
446, 2.76799e-07, 0.5
447, 2.70106e-07, 0.5
448, 2.63576e-07, 0.5
449, 2.57203e-07, 0.5
450, 2.50985e-07, 0.5
451, 2.44917e-07, 0.5
452, 2.38995e-07, 0.5
453, 2.33217e-07, 0.5
454, 2.27578e-07, 0.5
455, 2.22076e-07, 0.5
456, 2.16707e-07, 0.5
457, 2.11467e-07, 0.5
458, 2.06355e-07, 0.5
459, 2.01365e-07, 0.5
460, 1.96497e-07, 0.5
461, 1.91746e-07, 0.5
462, 1.8711e-07, 0.5
463, 1.82586e-07, 0.5
464, 1.78172e-07, 0.5
465, 1.73864e-07, 0.5
466, 1.69661e-07, 0.5
467, 1.65559e-07, 0.5
468, 1.61556e-07, 0.5
469, 1.5765e-07, 0.5
