0 0 0 0 0 0 0 0 0 0 0 0 0 0 0 0 0 0 0 0 0 0.5 1 1 1 1 1 1 1 1 1 1 1 1 1 1 1 1 1 1 1 1 1 
0 0 0 0 0 0 0 0 0 0 0 0 0 0 0 0 0 0 0 -0.00909091 0.0497934 0.5 0.950207 1.00909 1 1 1 1 1 1 1 1 1 1 1 1 1 1 1 1 1 1 1 
0 0 0 0 0 0 0 0 0 0 0 0 0 0 0 0 0 0.000165289 -0.00150604 -0.0107471 0.0803519 0.5 0.919648 1.01075 1.00151 0.999835 1 1 1 1 1 1 1 1 1 1 1 1 1 1 1 1 1 
0 0 0 0 0 0 0 0 0 0 0 0 0 0 0 -3.00526e-06 3.85892e-05 0.000199536 -0.00309492 -0.0095365 0.100038 0.5 0.899962 1.00954 1.00309 0.9998 0.999961 1 1 1 1 1 1 1 1 1 1 1 1 1 1 1 1 
0 0 0 0 0 0 0 0 0 0 0 0 0 5.46411e-08 -9.05282e-07 -2.92536e-06 9.36218e-05 0.000102438 -0.00437705 -0.00740988 0.113269 0.5 0.886731 1.00741 1.00438 0.999898 0.999906 1 1 1 1 1 1 1 1 1 1 1 1 1 1 1 1 
0 0 0 0 0 0 0 0 0 0 0 -9.93474e-10 2.01626e-08 2.66271e-08 -2.46336e-06 2.40181e-06 0.000145363 -7.00448e-05 -0.00531452 -0.00517313 0.12248 0.5 0.87752 1.00517 1.00531 1.00007 0.999855 0.999998 1 1 1 1 1 1 1 1 1 1 1 1 1 1 1 
0 0 0 0 0 0 0 0 0 1.80632e-11 -4.3392e-10 2.49755e-10 5.9185e-08 -1.88735e-07 -4.041e-06 1.20529e-05 0.000184906 -0.000270002 -0.00596908 -0.00313313 0.129079 0.5 0.870921 1.00313 1.00597 1.00027 0.999815 0.999988 1 1 1 1 1 1 1 1 1 1 1 1 1 1 1 
0 0 0 0 0 0 0 -3.28421e-13 9.11356e-12 -2.2447e-11 -1.33098e-09 7.49542e-09 9.84039e-08 -5.98566e-07 -5.1614e-06 2.41155e-05 0.000210749 -0.000467774 -0.00641549 -0.00138227 0.133918 0.5 0.866082 1.00138 1.00642 1.00047 0.999789 0.999976 1.00001 1 1 1 1 1 1 1 1 1 1 1 1 1 1 
0 0 0 0 0 5.9713e-15 -1.87958e-13 8.16646e-13 2.83997e-11 -2.38541e-10 -2.13368e-09 2.19949e-08 1.17711e-07 -1.14473e-06 -5.62599e-06 3.6848e-05 0.000224856 -0.000648273 -0.00671634 7.56245e-05 0.13753 0.5 0.86247 0.999924 1.00672 1.00065 0.999775 0.999963 1.00001 1 1 1 1 1 1 1 1 1 1 1 1 1 1 
0 0 0 -1.08569e-16 3.82208e-15 -2.3784e-14 -5.79211e-13 6.73563e-12 4.09017e-11 -6.8934e-10 -2.06544e-09 4.22569e-08 1.04968e-07 -1.74999e-06 -5.44869e-06 4.90516e-05 0.000230215 -0.000805604 -0.00691797 0.00127 0.140266 0.5 0.859734 0.99873 1.00692 1.00081 0.99977 0.999951 1.00001 1 1 1 1 1 1 1 1 1 1 1 1 1 1 
0 0 -7.73883e-17 6.22185e-16 1.13259e-14 -1.75924e-13 -6.6164e-13 1.94498e-11 1.85093e-11 -1.33676e-09 -5.27542e-10 6.52928e-08 5.76029e-08 -2.34735e-06 -4.75551e-06 6.00588e-05 0.00022967 -0.000938964 -0.00705291 0.00223961 0.142361 0.5 0.857639 0.99776 1.00705 1.00094 0.99977 0.99994 1 1 1 1 1 1 1 1 1 1 1 1 1 1 1 
0 5.29383e-33 -2.08515e-16 4.34446e-15 7.46828e-15 -5.07657e-13 5.17534e-13 3.77706e-11 -6.44573e-11 -2.06846e-09 2.71345e-09 8.79571e-08 -1.98957e-08 -2.89134e-06 -3.70734e-06 6.95953e-05 0.000225507 -0.00105005 -0.00714331 0.00302264 0.143981 0.5 0.856019 0.996977 1.00714 1.00105 0.999774 0.99993 1 1 1 1 1 1 1 1 1 1 1 1 1 1 1 
-5.29383e-33 -5.95618e-33 5.1273e-17 1.24578e-14 -3.79961e-14 -9.72821e-13 3.93646e-12 5.739e-11 -2.21226e-10 -2.74627e-09 7.53779e-09 1.07787e-07 -1.19427e-07 -3.35799e-06 -2.45538e-06 7.76347e-05 0.000219394 -0.00114155 -0.00720408 0.00365307 0.145241 0.5 0.854759 0.996347 1.0072 1.00114 0.999781 0.999922 1 1 1 1 1 1 1 1 1 1 1 1 1 1 1 
5.95618e-33 2.92442e-32 1.62855e-15 2.30733e-14 -1.58613e-13 -1.4048e-12 1.01764e-11 7.23998e-11 -4.49689e-10 -3.24903e-09 1.35884e-08 1.23305e-07 -2.32069e-07 -3.7399e-06 -1.12175e-06 8.42864e-05 0.000212465 -0.0012164 -0.00724513 0.00415971 0.146228 0.5 0.853772 0.99584 1.00725 1.00122 0.999788 0.999916 1 1 1 1 1 1 1 1 1 1 1 1 1 1 1 
-2.92442e-32 2.13759e-30 5.56868e-15 2.99069e-14 -3.75439e-13 -1.55903e-12 1.9208e-11 7.71291e-11 -7.35229e-10 -3.49669e-09 2.04054e-08 1.33958e-07 -3.49801e-07 -4.04052e-06 2.04844e-07 8.97206e-05 0.000205447 -0.00127735 -0.00727306 0.00456645 0.147003 0.5 0.852997 0.995434 1.00727 1.00128 0.999795 0.99991 1 1 1 1 1 1 1 1 1 1 1 1 1 1 1 
-2.13759e-30 1.55579e-29 1.24437e-14 2.33279e-14 -6.86273e-13 -1.18418e-12 3.04217e-11 6.75069e-11 -1.05615e-09 -3.45607e-09 2.75331e-08 1.39891e-07 -4.66295e-07 -4.26921e-06 1.46575e-06 9.41232e-05 0.000198773 -0.00132684 -0.00729225 0.00489275 0.147616 0.5 0.852384 0.995107 1.00729 1.00133 0.999801 0.999906 0.999999 1 1 1 1 1 1 1 1 1 1 1 1 1 1 
-1.55579e-29 5.98486e-29 2.18667e-14 -7.0907e-15 -1.06395e-12 -8.74522e-14 4.28209e-11 4.1671e-11 -1.38912e-09 -3.13442e-09 3.45855e-08 1.41685e-07 -5.77076e-07 -4.43772e-06 2.62638e-06 9.76714e-05 0.000192676 -0.00136697 -0.00730559 0.00515441 0.148101 0.5 0.851899 0.994846 1.00731 1.00137 0.999807 0.999902 0.999997 1 1 1 1 1 1 1 1 1 1 1 1 1 1 
-5.98486e-29 1.55741e-28 3.23465e-14 -6.97593e-14 -1.46257e-12 1.8264e-12 5.52696e-11 -8.79062e-14 -1.71329e-09 -2.56748e-09 4.12738e-08 1.40133e-07 -6.79337e-07 -4.55797e-06 3.66979e-06 0.000100523 0.000187258 -0.00139947 -0.007315 0.00536416 0.148485 0.5 0.851515 0.994636 1.00731 1.0014 0.999813 0.999899 0.999996 1 1 1 1 1 1 1 1 1 1 1 1 1 1 
-1.55741e-28 2.94563e-28 4.15148e-14 -1.69026e-13 -1.82797e-12 4.54661e-12 6.67103e-11 -5.57955e-11 -2.01251e-09 -1.80677e-09 4.74095e-08 1.36072e-07 -7.71611e-07 -4.64084e-06 4.59127e-06 0.000102811 0.000182539 -0.00142578 -0.00732175 0.00553226 0.148791 0.5 0.851209 0.994468 1.00732 1.00143 0.999817 0.999897 0.999995 1 1 1 1 1 1 1 1 1 1 1 1 1 1 
-2.94563e-28 4.2566e-28 4.66067e-14 -3.04367e-13 -2.10833e-12 7.97189e-12 7.63104e-11 -1.22425e-10 -2.27615e-09 -9.09097e-10 5.28903e-08 1.30284e-07 -8.5342e-07 -4.69561e-06 5.39392e-06 0.000104649 0.000178491 -0.00144706 -0.00732669 0.00566694 0.149035 0.5 0.850965 0.994333 1.00733 1.00145 0.999822 0.999895 0.999995 1 1 1 1 1 1 1 1 1 1 1 1 1 1 
-4.2566e-28 4.69596e-28 4.50088e-14 -4.70766e-13 -2.26239e-12 1.1939e-11 8.35288e-11 -1.96504e-10 -2.49872e-09 7.0999e-11 5.76824e-08 1.23442e-07 -9.24956e-07 -4.72985e-06 6.08554e-06 0.000106125 0.000175058 -0.00146429 -0.00733039 0.00577481 0.149229 0.5 0.850771 0.994225 1.00733 1.00146 0.999825 0.999894 0.999994 1 1 1 1 1 1 1 1 1 1 1 1 1 1 
-4.69596e-28 3.63981e-28 3.47205e-14 -6.59887e-13 -2.26401e-12 1.62547e-11 8.81185e-11 -2.74601e-10 -2.67897e-09 1.0858e-09 6.17999e-08 1.16086e-07 -9.86835e-07 -4.74951e-06 6.67634e-06 0.000107313 0.000172175 -0.00147823 -0.00733322 0.00586118 0.149384 0.5 0.850616 0.994139 1.00733 1.00148 0.999828 0.999893 0.999993 1 1 1 1 1 1 1 1 1 1 1 1 1 1 
-3.63981e-28 1.39411e-28 1.46356e-14 -8.61608e-13 -2.10317e-12 2.07235e-11 9.00859e-11 -3.53647e-10 -2.81878e-09 2.09651e-09 6.52881e-08 1.08628e-07 -1.0399e-06 -4.75913e-06 7.17749e-06 0.000108271 0.000169772 -0.0014895 -0.00733543 0.00593032 0.149507 0.5 0.850493 0.99407 1.00734 1.00149 0.99983 0.999892 0.999993 1 1 1 1 1 1 1 1 1 1 1 1 1 1 
-1.39411e-28 -2.70087e-29 -1.53755e-14 -1.06551e-12 -1.78443e-12 2.51686e-11 8.96298e-11 -4.3112e-10 -2.92204e-09 3.07371e-09 6.82094e-08 1.01365e-07 -1.08511e-06 -4.76211e-06 7.60012e-06 0.000109045 0.000167782 -0.00149862 -0.0073372 0.00598563 0.149606 0.5 0.850394 0.994014 1.00734 1.0015 0.999832 0.999891 0.999992 1 1 1 1 1 1 1 1 1 1 1 1 1 1 
2.70087e-29 1.84308e-28 -5.45521e-14 -1.26206e-12 -1.3237e-12 2.94444e-11 8.70745e-11 -5.05099e-10 -2.99372e-09 3.99666e-09 7.06337e-08 9.44976e-08 -1.1234e-06 -4.76088e-06 7.95483e-06 0.000109672 0.000166144 -0.00150599 -0.00733863 0.00602987 0.149685 0.5 0.850315 0.99397 1.00734 1.00151 0.999834 0.99989 0.999992 1 1 1 1 1 1 1 1 1 1 1 1 1 1 
-1.84308e-28 1.18731e-27 -1.01442e-13 -1.44344e-12 -7.4451e-13 3.34419e-11 8.28106e-11 -5.74253e-10 -3.03918e-09 4.85211e-09 7.2631e-08 8.8149e-08 -1.15572e-06 -4.7572e-06 8.2513e-06 0.000110181 0.000164801 -0.00151195 -0.0073398 0.00606523 0.149748 0.5 0.850252 0.993935 1.00734 1.00151 0.999835 0.99989 0.999992 1 1 1 1 1 1 1 1 1 1 1 1 1 1 
-1.18731e-27 3.40101e-27 -1.5415e-13 -1.60391e-12 -7.43117e-14 3.70886e-11 7.72467e-11 -6.37762e-10 -3.06365e-09 5.6329e-09 7.42674e-08 8.23836e-08 -1.18288e-06 -4.75227e-06 8.49823e-06 0.000110596 0.000163706 -0.00151677 -0.00734078 0.00609349 0.149798 0.5 0.850202 0.993907 1.00734 1.00152 0.999836 0.999889 0.999992 1 1 1 1 1 1 1 1 1 1 1 1 1 1 
-3.40101e-27 7.1545e-27 -2.1059e-13 -1.73989e-12 6.58566e-13 4.03445e-11 7.07743e-11 -6.95234e-10 -3.07194e-09 6.33652e-09 7.56028e-08 7.7223e-08 -1.20566e-06 -4.74687e-06 8.70326e-06 0.000110933 0.000162815 -0.00152066 -0.0073416 0.00611605 0.149838 0.5 0.850162 0.993884 1.00734 1.00152 0.999837 0.999889 0.999991 1 1 1 1 1 1 1 1 1 1 1 1 1 1 
-7.1545e-27 1.26405e-26 -2.68694e-13 -1.84981e-12 1.42725e-12 4.31968e-11 6.37455e-11 -7.46606e-10 -3.06824e-09 6.96388e-09 7.66896e-08 7.26587e-08 -1.22473e-06 -4.74153e-06 8.87303e-06 0.000111209 0.000162094 -0.0015238 -0.0073423 0.00613406 0.14987 0.5 0.85013 0.993866 1.00734 1.00152 0.999838 0.999889 0.999991 1 1 1 1 1 1 1 1 1 1 1 1 1 1 
-1.26405e-26 1.98335e-26 -3.26583e-13 -1.93372e-12 2.20785e-12 4.56538e-11 5.64606e-11 -7.9205e-10 -3.0561e-09 7.51825e-09 7.75728e-08 6.86621e-08 -1.24065e-06 -4.73654e-06 9.01325e-06 0.000111435 0.000161512 -0.00152633 -0.00734288 0.00614842 0.149896 0.5 0.850104 0.993852 1.00734 1.00153 0.999838 0.999889 0.999991 1 1 1 1 1 1 1 1 1 1 1 1 1 1 
-1.98335e-26 2.85562e-26 -3.82665e-13 -1.993e-12 2.98033e-12 4.7738e-11 4.91642e-11 -8.31903e-10 -3.03837e-09 8.0044e-09 7.82904e-08 6.51925e-08 -1.25393e-06 -4.73207e-06 9.12881e-06 0.00011162 0.000161044 -0.00152838 -0.00734338 0.00615987 0.149917 0.5 0.850083 0.99384 1.00734 1.00153 0.999839 0.999888 0.999991 1 1 1 1 1 1 1 1 1 1 1 1 1 1 
-2.85562e-26 3.84777e-26 -4.3569e-13 -2.02991e-12 3.72875e-12 4.94818e-11 4.20461e-11 -8.666e-10 -3.01733e-09 8.42795e-09 7.88737e-08 6.22027e-08 -1.265e-06 -4.72818e-06 9.22383e-06 0.000111771 0.000160668 -0.00153003 -0.0073438 0.006169 0.149933 0.5 0.850067 0.993831 1.00734 1.00153 0.999839 0.999888 0.999991 1 1 1 1 1 1 1 1 1 1 1 1 1 1 
-3.84777e-26 4.92098e-26 -4.84761e-13 -2.04723e-12 4.4412e-12 5.09223e-11 3.5246e-11 -8.96623e-10 -2.99471e-09 8.79489e-09 7.93486e-08 5.96431e-08 -1.27422e-06 -4.72489e-06 9.30182e-06 0.000111896 0.000160367 -0.00153135 -0.00734416 0.00617626 0.149946 0.5 0.850054 0.993824 1.00734 1.00153 0.99984 0.999888 0.999991 1 1 1 1 1 1 1 1 1 1 1 1 1 1 
-4.92098e-26 6.02946e-26 -5.29309e-13 -2.04804e-12 5.10944e-12 5.20985e-11 2.88601e-11 -9.22471e-10 -2.97178e-09 9.11125e-09 7.97361e-08 5.74644e-08 -1.28188e-06 -4.72216e-06 9.3657e-06 0.000111998 0.000160127 -0.00153242 -0.00734446 0.00618204 0.149956 0.5 0.850044 0.993818 1.00734 1.00153 0.99984 0.999888 0.999991 1 1 1 1 1 1 1 1 1 1 1 1 1 1 
-6.02946e-26 7.1357e-26 -5.69056e-13 -2.0354e-12 5.72839e-12 5.30486e-11 2.29482e-11 -9.44633e-10 -2.94945e-09 9.38284e-09 8.00532e-08 5.56195e-08 -1.28825e-06 -4.71994e-06 9.41793e-06 0.000112082 0.000159937 -0.00153328 -0.00734472 0.00618664 0.149965 0.5 0.850035 0.993813 1.00734 1.00153 0.99984 0.999888 0.999991 1 1 1 1 1 1 1 1 1 1 1 1 1 1 
-7.1357e-26 8.2007e-26 -6.03962e-13 -2.01226e-12 6.29554e-12 5.38084e-11 1.75409e-11 -9.63569e-10 -2.92833e-09 9.61512e-09 8.03135e-08 5.40645e-08 -1.29354e-06 -4.71816e-06 9.46055e-06 0.000112151 0.000159785 -0.00153396 -0.00734493 0.00619029 0.149971 0.5 0.850029 0.99381 1.00734 1.00153 0.99984 0.999888 0.999991 1 1 1 1 1 1 1 1 1 1 1 1 1 1 
-8.2007e-26 9.20129e-26 -6.34169e-13 -1.9813e-12 6.81048e-12 5.44104e-11 1.26461e-11 -9.79705e-10 -2.90879e-09 9.81312e-09 8.0528e-08 5.27596e-08 -1.29793e-06 -4.71678e-06 9.49528e-06 0.000112208 0.000159665 -0.00153452 -0.00734512 0.00619319 0.149977 0.5 0.850023 0.993807 1.00735 1.00153 0.99984 0.999888 0.999991 1 1 1 1 1 1 1 1 1 1 1 1 1 1 
-9.20129e-26 1.01136e-25 -6.59953e-13 -1.94488e-12 7.27432e-12 5.48833e-11 8.25497e-12 -9.93423e-10 -2.89104e-09 9.98141e-09 8.07055e-08 5.16689e-08 -1.30157e-06 -4.71571e-06 9.52352e-06 0.000112254 0.000159571 -0.00153496 -0.00734527 0.00619549 0.149981 0.5 0.850019 0.993805 1.00735 1.00153 0.99984 0.999888 0.99999 1 1 1 1 1 1 1 1 1 1 1 1 1 1 
-1.01136e-25 1.09268e-25 -6.81678e-13 -1.90504e-12 7.68927e-12 5.52519e-11 4.34648e-12 -1.00507e-09 -2.87515e-09 1.01241e-08 8.08528e-08 5.07605e-08 -1.30458e-06 -4.71491e-06 9.54645e-06 0.000112292 0.000159496 -0.00153531 -0.00734539 0.00619732 0.149984 0.5 0.850016 0.993803 1.00735 1.00154 0.999841 0.999888 0.99999 1 1 1 1 1 1 1 1 1 1 1 1 1 1 
-1.09268e-25 1.16392e-25 -6.99754e-13 -1.86344e-12 8.05829e-12 5.55373e-11 8.91709e-13 -1.01493e-09 -2.8611e-09 1.02447e-08 8.09757e-08 5.00067e-08 -1.30708e-06 -4.71433e-06 9.56503e-06 0.000112324 0.000159438 -0.0015356 -0.0073455 0.00619877 0.149987 0.5 0.850013 0.993801 1.00735 1.00154 0.999841 0.999888 0.99999 1 1 1 1 1 1 1 1 1 1 1 1 1 1 
-1.16392e-25 1.22496e-25 -7.14612e-13 -1.82144e-12 8.3848e-12 5.57571e-11 -2.14319e-12 -1.02329e-09 -2.8488e-09 1.03464e-08 8.10785e-08 4.93833e-08 -1.30915e-06 -4.71392e-06 9.58006e-06 0.000112349 0.000159392 -0.00153582 -0.00734559 0.00619991 0.149989 0.5 0.850011 0.9938 1.00735 1.00154 0.999841 0.999888 0.99999 1 1 1 1 1 1 1 1 1 1 1 1 1 1 
-1.22496e-25 1.27675e-25 -7.2668e-13 -1.7801e-12 8.6724e-12 5.59255e-11 -4.79447e-12 -1.03036e-09 -2.83816e-09 1.04321e-08 8.11649e-08 4.88694e-08 -1.31086e-06 -4.71365e-06 9.5922e-06 0.000112371 0.000159356 -0.001536 -0.00734566 0.00620082 0.149991 0.5 0.850009 0.993799 1.00735 1.00154 0.999841 0.999888 0.99999 1 1 1 1 1 1 1 1 1 1 1 1 1 1 
-1.27675e-25 1.31981e-25 -7.36362e-13 -1.74021e-12 8.92475e-12 5.60544e-11 -7.09902e-12 -1.03634e-09 -2.82901e-09 1.05041e-08 8.12376e-08 4.8447e-08 -1.31227e-06 -4.71348e-06 9.60198e-06 0.000112388 0.000159329 -0.00153615 -0.00734572 0.00620154 0.149992 0.5 0.850008 0.993798 1.00735 1.00154 0.999841 0.999888 0.99999 1 1 1 1 1 1 1 1 1 1 1 1 1 1 
-1.31981e-25 1.35468e-25 -7.44034e-13 -1.70233e-12 9.14543e-12 5.61529e-11 -9.09305e-12 -1.04139e-09 -2.82121e-09 1.05644e-08 8.1299e-08 4.81009e-08 -1.31343e-06 -4.71339e-06 9.60985e-06 0.000112402 0.000159307 -0.00153626 -0.00734577 0.00620211 0.149993 0.5 0.850007 0.993798 1.00735 1.00154 0.999841 0.999888 0.99999 1 1 1 1 1 1 1 1 1 1 1 1 1 1 
-1.35468e-25 1.38283e-25 -7.50035e-13 -1.66686e-12 9.33784e-12 5.62285e-11 -1.08112e-11 -1.04566e-09 -2.81462e-09 1.0615e-08 8.1351e-08 4.78182e-08 -1.31439e-06 -4.71336e-06 9.61617e-06 0.000112413 0.00015929 -0.00153635 -0.00734581 0.00620256 0.149994 0.5 0.850006 0.993797 1.00735 1.00154 0.999841 0.999888 0.99999 1 1 1 1 1 1 1 1 1 1 1 1 1 1 
-1.38283e-25 1.40533e-25 -7.54663e-13 -1.63401e-12 9.50516e-12 5.62869e-11 -1.22858e-11 -1.04926e-09 -2.80907e-09 1.06572e-08 8.13951e-08 4.7588e-08 -1.31518e-06 -4.71337e-06 9.62124e-06 0.000112423 0.000159277 -0.00153642 -0.00734584 0.00620291 0.149994 0.5 0.850006 0.993797 1.00735 1.00154 0.999841 0.999888 0.99999 1 1 1 1 1 1 1 1 1 1 1 1 1 1 
-1.40533e-25 1.42247e-25 -7.58177e-13 -1.60389e-12 9.65035e-12 5.63325e-11 -1.35468e-11 -1.05231e-09 -2.80444e-09 1.06924e-08 8.14326e-08 4.74011e-08 -1.31583e-06 -4.71341e-06 9.6253e-06 0.000112431 0.000159268 -0.00153648 -0.00734586 0.00620319 0.149995 0.5 0.850005 0.993797 1.00735 1.00154 0.999841 0.999888 0.99999 1 1 1 1 1 1 1 1 1 1 1 1 1 1 
-1.42247e-25 1.43579e-25 -7.60798e-13 -1.57651e-12 9.77606e-12 5.63686e-11 -1.46216e-11 -1.05488e-09 -2.8006e-09 1.07218e-08 8.14645e-08 4.72497e-08 -1.31637e-06 -4.71347e-06 9.62853e-06 0.000112437 0.00015926 -0.00153653 -0.00734589 0.00620342 0.149995 0.5 0.850005 0.993797 1.00735 1.00154 0.999841 0.999888 0.99999 1 1 1 1 1 1 1 1 1 1 1 1 1 1 
-1.43579e-25 1.44582e-25 -7.62714e-13 -1.55181e-12 9.88473e-12 5.63979e-11 -1.55347e-11 -1.05706e-09 -2.79743e-09 1.07462e-08 8.14916e-08 4.71276e-08 -1.3168e-06 -4.71354e-06 9.63111e-06 0.000112442 0.000159254 -0.00153656 -0.0073459 0.00620359 0.149996 0.5 0.850004 0.993796 1.00735 1.00154 0.999841 0.999888 0.99999 1 1 1 1 1 1 1 1 1 1 1 1 1 1 
-1.44582e-25 1.45325e-25 -7.64077e-13 -1.52968e-12 9.97849e-12 5.6422e-11 -1.6308e-11 -1.05889e-09 -2.79483e-09 1.07664e-08 8.15147e-08 4.70293e-08 -1.31716e-06 -4.71362e-06 9.63316e-06 0.000112446 0.00015925 -0.00153659 -0.00734592 0.00620373 0.149996 0.5 0.850004 0.993796 1.00735 1.00154 0.999841 0.999888 0.99999 1 1 1 1 1 1 1 1 1 1 1 1 1 1 
-1.45325e-25 1.45869e-25 -7.65015e-13 -1.50998e-12 1.00593e-11 5.64426e-11 -1.69611e-11 -1.06044e-09 -2.79271e-09 1.07832e-08 8.15344e-08 4.69505e-08 -1.31746e-06 -4.71369e-06 9.63479e-06 0.000112449 0.000159246 -0.00153661 -0.00734593 0.00620384 0.149996 0.5 0.850004 0.993796 1.00735 1.00154 0.999841 0.999888 0.99999 1 1 1 1 1 1 1 1 1 1 1 1 1 1 
-1.45869e-25 1.46236e-25 -7.65631e-13 -1.49253e-12 1.01288e-11 5.64603e-11 -1.7511e-11 -1.06174e-09 -2.79099e-09 1.07971e-08 8.15511e-08 4.68875e-08 -1.3177e-06 -4.71377e-06 9.63608e-06 0.000112452 0.000159244 -0.00153663 -0.00734594 0.00620392 0.149996 0.5 0.850004 0.993796 1.00735 1.00154 0.999841 0.999888 0.99999 1 1 1 1 1 1 1 1 1 1 1 1 1 1 
-1.46236e-25 1.4648e-25 -7.66007e-13 -1.47716e-12 1.01885e-11 5.64761e-11 -1.79728e-11 -1.06284e-09 -2.78961e-09 1.08086e-08 8.15653e-08 4.68373e-08 -1.31789e-06 -4.71384e-06 9.63709e-06 0.000112454 0.000159242 -0.00153664 -0.00734594 0.00620399 0.149996 0.5 0.850004 0.993796 1.00735 1.00154 0.999841 0.999888 0.99999 1 1 1 1 1 1 1 1 1 1 1 1 1 1 
-1.4648e-25 1.46632e-25 -7.66208e-13 -1.46368e-12 1.02398e-11 5.64904e-11 -1.83595e-11 -1.06377e-09 -2.7885e-09 1.08181e-08 8.15774e-08 4.67974e-08 -1.31805e-06 -4.7139e-06 9.6379e-06 0.000112456 0.00015924 -0.00153665 -0.00734595 0.00620404 0.149997 0.5 0.850003 0.993796 1.00735 1.00154 0.999841 0.999888 0.99999 1 1 1 1 1 1 1 1 1 1 1 1 1 1 
-1.46632e-25 1.46721e-25 -7.66284e-13 -1.45192e-12 1.02838e-11 5.65034e-11 -1.86825e-11 -1.06455e-09 -2.78762e-09 1.08258e-08 8.15877e-08 4.67659e-08 -1.31818e-06 -4.71396e-06 9.63853e-06 0.000112457 0.000159239 -0.00153666 -0.00734595 0.00620409 0.149997 0.5 0.850003 0.993796 1.00735 1.00154 0.999841 0.999888 0.99999 1 1 1 1 1 1 1 1 1 1 1 1 1 1 
-1.46721e-25 1.46756e-25 -7.66274e-13 -1.44169e-12 1.03214e-11 5.65154e-11 -1.89516e-11 -1.06521e-09 -2.78693e-09 1.08323e-08 8.15964e-08 4.67411e-08 -1.31829e-06 -4.71402e-06 9.63902e-06 0.000112458 0.000159239 -0.00153667 -0.00734596 0.00620412 0.149997 0.5 0.850003 0.993796 1.00735 1.00154 0.999841 0.999888 0.99999 1 1 1 1 1 1 1 1 1 1 1 1 1 1 
-1.46756e-25 1.46761e-25 -7.66209e-13 -1.43282e-12 1.03536e-11 5.65266e-11 -1.91752e-11 -1.06577e-09 -2.78639e-09 1.08375e-08 8.16038e-08 4.67216e-08 -1.31837e-06 -4.71407e-06 9.63941e-06 0.000112459 0.000159238 -0.00153667 -0.00734596 0.00620415 0.149997 0.5 0.850003 0.993796 1.00735 1.00154 0.999841 0.999888 0.99999 1 1 1 1 1 1 1 1 1 1 1 1 1 1 
-1.46761e-25 1.4674e-25 -7.66109e-13 -1.42518e-12 1.03811e-11 5.6537e-11 -1.93605e-11 -1.06623e-09 -2.78597e-09 1.08418e-08 8.161e-08 4.67064e-08 -1.31844e-06 -4.71411e-06 9.63971e-06 0.00011246 0.000159238 -0.00153668 -0.00734596 0.00620417 0.149997 0.5 0.850003 0.993796 1.00735 1.00154 0.999841 0.999888 0.99999 1 1 1 1 1 1 1 1 1 1 1 1 1 1 
