1 1 0.9875 0.975 0.9625 0.95 0.9375 0.925 0.9125 0.9 0.8875 0.875 0.8625 0.85 0.8375 0.825 0.8125 0.8 0.7875 0.775 0.7625 0.75 0.7375 0.725 0.7125 0.7 0.6875 0.675 0.6625 0.65 0.6375 0.625 0.6125 0.6 0.5875 0.575 0.5625 0.55 0.5375 0.525 0.5125 0.5 0.5 
1 1 0.991215 0.977438 0.964906 0.952375 0.939844 0.927313 0.914781 0.90225 0.889719 0.877188 0.864656 0.852125 0.839594 0.827063 0.814531 0.802 0.789469 0.776938 0.764406 0.751875 0.739344 0.726813 0.714281 0.70175 0.689219 0.676688 0.664156 0.651625 0.639094 0.626563 0.614031 0.6015 0.588969 0.576438 0.563906 0.551375 0.538844 0.526313 0.513781 0.500629 0.5 
1 1 0.993975 0.980414 0.96727 0.954762 0.942199 0.929637 0.917074 0.904511 0.891949 0.879386 0.866823 0.854261 0.841698 0.829135 0.816573 0.80401 0.791447 0.778885 0.766322 0.753759 0.741197 0.728634 0.716071 0.703509 0.690946 0.678383 0.665821 0.653258 0.640695 0.628133 0.61557 0.603008 0.590445 0.577882 0.56532 0.552757 0.540194 0.527632 0.515084 0.501377 0.499371 
1 1 0.995898 0.983675 0.969761 0.957124 0.944569 0.931972 0.919378 0.906784 0.89419 0.881595 0.869001 0.856407 0.843813 0.831219 0.818624 0.80603 0.793436 0.780842 0.768247 0.755653 0.743059 0.730465 0.717871 0.705276 0.692682 0.680088 0.667494 0.654899 0.642305 0.629711 0.617117 0.604523 0.591928 0.579334 0.56674 0.554146 0.541551 0.528957 0.516403 0.50226 0.498623 
1 1 0.997206 0.986875 0.972485 0.959483 0.946939 0.934322 0.921694 0.909068 0.896442 0.883816 0.87119 0.858564 0.845938 0.833312 0.820686 0.80806 0.795434 0.782808 0.770183 0.757557 0.744931 0.732305 0.719679 0.707053 0.694427 0.681801 0.669175 0.656549 0.643923 0.631297 0.618671 0.606045 0.593419 0.580793 0.568167 0.555542 0.542916 0.530288 0.517734 0.503291 0.49774 
1 1 0.998094 0.989748 0.975473 0.961896 0.949297 0.936684 0.924022 0.911363 0.898706 0.886048 0.87339 0.860732 0.848074 0.835417 0.822759 0.810101 0.797443 0.784785 0.772127 0.75947 0.746812 0.734154 0.721496 0.708838 0.69618 0.683523 0.670865 0.658207 0.645549 0.632891 0.620233 0.607576 0.594918 0.58226 0.569602 0.556944 0.544287 0.531626 0.519074 0.504476 0.496709 
1 1 0.998697 0.992158 0.978657 0.964425 0.951646 0.93905 0.926364 0.913671 0.900981 0.888291 0.875601 0.862911 0.850221 0.837531 0.824842 0.812152 0.799462 0.786772 0.774082 0.761392 0.748702 0.736012 0.723323 0.710633 0.697943 0.685253 0.672563 0.659873 0.647183 0.634494 0.621804 0.609114 0.596424 0.583734 0.571044 0.558354 0.545665 0.532969 0.520419 0.505805 0.495524 
1 1 0.999107 0.994088 0.98189 0.967131 0.954008 0.941411 0.928719 0.91599 0.903267 0.890545 0.877823 0.865101 0.852379 0.839657 0.826935 0.814213 0.801491 0.788769 0.776047 0.763325 0.750603 0.73788 0.725158 0.712436 0.699714 0.686992 0.67427 0.661548 0.648826 0.636104 0.623382 0.61066 0.597938 0.585216 0.572493 0.559771 0.54705 0.534318 0.521766 0.507252 0.494195 
1 1 0.999388 0.995588 0.984994 0.970046 0.956416 0.943763 0.931083 0.918324 0.905565 0.892811 0.880057 0.867302 0.854548 0.841794 0.829039 0.816285 0.80353 0.790776 0.778021 0.765267 0.752512 0.739758 0.727003 0.714249 0.701495 0.68874 0.675986 0.663231 0.650477 0.637722 0.624968 0.612213 0.599459 0.586705 0.57395 0.561196 0.548442 0.535674 0.523115 0.508782 0.492748 
1 1 0.999579 0.996732 0.987821 0.97316 0.958916 0.94611 0.933449 0.920671 0.907876 0.895088 0.882302 0.869515 0.856728 0.843941 0.831154 0.818367 0.80558 0.792793 0.780006 0.767219 0.754432 0.741645 0.728858 0.716071 0.703284 0.690497 0.67771 0.664923 0.652136 0.639349 0.626562 0.613775 0.600988 0.588201 0.575414 0.562627 0.549841 0.537037 0.524463 0.510357 0.491218 
1 1 0.999711 0.997592 0.99028 0.976405 0.961553 0.948465 0.935811 0.92303 0.910199 0.897377 0.884558 0.871739 0.858919 0.846099 0.833279 0.82046 0.80764 0.79482 0.782001 0.769181 0.756361 0.743542 0.730722 0.717902 0.705083 0.692263 0.679443 0.666624 0.653804 0.640984 0.628165 0.615345 0.602525 0.589705 0.576886 0.564066 0.551248 0.538407 0.525811 0.511946 0.489643 
1 1 0.999801 0.998234 0.992346 0.979665 0.964365 0.950853 0.938166 0.925397 0.912537 0.899678 0.886826 0.873974 0.861121 0.848268 0.835416 0.822563 0.809711 0.796858 0.784006 0.771153 0.758301 0.745448 0.732596 0.719743 0.70689 0.694038 0.681185 0.668333 0.65548 0.642628 0.629775 0.616923 0.60407 0.591217 0.578365 0.565512 0.552661 0.539783 0.527159 0.51353 0.488054 
1 1 0.999863 0.99871 0.994036 0.982805 0.96737 0.953306 0.940513 0.927769 0.914888 0.901991 0.889105 0.87622 0.863335 0.850449 0.837563 0.824678 0.811792 0.798907 0.786021 0.773135 0.76025 0.747364 0.734479 0.721593 0.708707 0.695822 0.682936 0.670051 0.657165 0.64428 0.631394 0.618508 0.605623 0.592737 0.579852 0.566966 0.554082 0.541167 0.528508 0.515095 0.48647 
1 1 0.999905 0.999061 0.995392 0.985708 0.970553 0.955862 0.942863 0.930137 0.917252 0.904318 0.891396 0.878478 0.86556 0.852641 0.839722 0.826803 0.813884 0.800965 0.788047 0.775128 0.762209 0.74929 0.736371 0.723453 0.710534 0.697615 0.684696 0.671777 0.658859 0.64594 0.633021 0.620102 0.607184 0.594265 0.581346 0.568427 0.555511 0.542559 0.529858 0.516638 0.484905 
1 1 0.999935 0.999318 0.996465 0.988294 0.973852 0.958559 0.945231 0.932499 0.919626 0.906659 0.893699 0.880748 0.867796 0.854844 0.841892 0.828939 0.815987 0.803035 0.790083 0.777131 0.764178 0.751226 0.738274 0.725322 0.71237 0.699418 0.686465 0.673513 0.660561 0.647609 0.634657 0.621704 0.608752 0.5958 0.582848 0.569896 0.556947 0.543959 0.53121 0.518157 0.483362 
1 1 0.999955 0.999505 0.997304 0.99053 0.97717 0.961428 0.94764 0.934854 0.922004 0.909014 0.896015 0.883029 0.870044 0.857058 0.844072 0.831087 0.818101 0.805115 0.792129 0.779144 0.766158 0.753172 0.740187 0.727201 0.714215 0.701229 0.688244 0.675258 0.662272 0.649286 0.636301 0.623315 0.610329 0.597344 0.584358 0.571372 0.55839 0.545366 0.532566 0.519654 0.481843 
1 1 0.999969 0.999642 0.997955 0.992417 0.980394 0.964484 0.950122 0.937204 0.924383 0.911383 0.898344 0.885321 0.872303 0.859284 0.846265 0.833245 0.820226 0.807206 0.794187 0.781167 0.768148 0.755128 0.742109 0.729089 0.71607 0.703051 0.690031 0.677012 0.663992 0.650973 0.637953 0.624934 0.611914 0.598895 0.585875 0.572856 0.559841 0.546782 0.533926 0.521131 0.480346 
1 1 0.999978 0.999742 0.998455 0.993979 0.983417 0.967712 0.952709 0.93956 0.926757 0.913763 0.900688 0.887626 0.874574 0.861522 0.848468 0.835415 0.822361 0.809308 0.796255 0.783201 0.770148 0.757095 0.744041 0.730988 0.717935 0.704881 0.691828 0.678775 0.665721 0.652668 0.639614 0.626561 0.613508 0.600454 0.587401 0.574347 0.561299 0.548206 0.535292 0.52259 0.478869 
1 1 0.999985 0.999814 0.998838 0.995255 0.986162 0.971062 0.955436 0.941938 0.929123 0.91615 0.903046 0.889944 0.876857 0.863771 0.850683 0.837596 0.824508 0.811421 0.798333 0.785246 0.772159 0.759071 0.745984 0.732896 0.719809 0.706721 0.693634 0.680547 0.667459 0.654372 0.641284 0.628197 0.615109 0.602022 0.588935 0.575847 0.562765 0.549638 0.536664 0.524035 0.47741 
1 1 0.99999 0.999866 0.999129 0.996284 0.988585 0.974451 0.958333 0.944361 0.931481 0.91854 0.905419 0.892275 0.879151 0.866031 0.85291 0.839788 0.826666 0.813545 0.800423 0.787301 0.77418 0.761058 0.747936 0.734815 0.721693 0.708571 0.69545 0.682328 0.669206 0.656085 0.642963 0.629841 0.616719 0.603598 0.590476 0.577354 0.564239 0.551078 0.538043 0.525468 0.475965 
1 1 0.999993 0.999904 0.999349 0.997106 0.990676 0.977777 0.961414 0.946857 0.933836 0.920929 0.907804 0.894621 0.881458 0.868304 0.855148 0.841992 0.828836 0.81568 0.802524 0.789368 0.776211 0.763055 0.749899 0.736743 0.723587 0.710431 0.697275 0.684119 0.670962 0.657806 0.64465 0.631494 0.618338 0.605182 0.592026 0.578869 0.56572 0.552526 0.53943 0.526892 0.474532 
1 1 0.999995 0.999931 0.999515 0.997757 0.992449 0.980939 0.964672 0.949457 0.936199 0.923311 0.9102 0.896982 0.883777 0.870588 0.857398 0.844208 0.831017 0.817826 0.804635 0.791445 0.778254 0.765063 0.751872 0.738682 0.725491 0.7123 0.699109 0.685919 0.672728 0.659537 0.646346 0.633156 0.619965 0.606774 0.593583 0.580392 0.567208 0.553983 0.540824 0.52831 0.473108 
1 1 0.999997 0.99995 0.99964 0.99827 0.993929 0.983857 0.968065 0.952195 0.938584 0.925684 0.912602 0.899357 0.88611 0.872884 0.85966 0.846435 0.833209 0.819984 0.806758 0.793533 0.780307 0.767081 0.753856 0.74063 0.727405 0.714179 0.700954 0.687728 0.674503 0.661277 0.648052 0.634826 0.6216 0.608375 0.595149 0.581923 0.568705 0.555447 0.542228 0.529723 0.47169 
1 1 0.999998 0.999964 0.999733 0.998671 0.99515 0.986479 0.971524 0.955098 0.941013 0.928049 0.915005 0.901747 0.888457 0.875192 0.861934 0.848674 0.835413 0.822153 0.808892 0.795631 0.782371 0.76911 0.75585 0.742589 0.729329 0.716068 0.702808 0.689547 0.676287 0.663026 0.649766 0.636505 0.623245 0.609984 0.596724 0.583462 0.570209 0.55692 0.54364 0.531133 0.470277 
1 1 0.999998 0.999975 0.999802 0.998983 0.996148 0.988784 0.974955 0.958185 0.943514 0.930411 0.917405 0.90415 0.890819 0.877512 0.864219 0.850925 0.837629 0.824333 0.811037 0.797742 0.784446 0.77115 0.757855 0.744559 0.731263 0.717967 0.704672 0.691376 0.67808 0.664785 0.651489 0.638193 0.624898 0.611602 0.598306 0.585009 0.571721 0.558401 0.545062 0.532544 0.468867 
1 1 0.999999 0.999982 0.999854 0.999224 0.996956 0.990773 0.978262 0.961455 0.946114 0.932779 0.919798 0.906562 0.893196 0.879846 0.866516 0.853187 0.839856 0.826525 0.813194 0.799863 0.786532 0.773201 0.75987 0.746539 0.733208 0.719877 0.706546 0.693214 0.679883 0.666552 0.653221 0.63989 0.626559 0.613228 0.599897 0.586565 0.573241 0.55989 0.546493 0.533955 0.467456 
1 1 0.999999 0.999987 0.999892 0.99941 0.997607 0.992464 0.98136 0.964879 0.948846 0.935169 0.922182 0.908979 0.895589 0.882193 0.868825 0.855462 0.842096 0.828729 0.815362 0.801995 0.788629 0.775262 0.761896 0.748529 0.735163 0.721796 0.708429 0.695063 0.681696 0.66833 0.654963 0.641596 0.62823 0.614863 0.601497 0.588129 0.574769 0.561387 0.547934 0.535368 0.466045 
1 1 0.999999 0.999991 0.999921 0.999552 0.998126 0.993885 0.984188 0.968398 0.951739 0.9376 0.924557 0.911398 0.897996 0.884556 0.871147 0.857748 0.844347 0.830944 0.817542 0.804139 0.790737 0.777335 0.763933 0.75053 0.737128 0.723726 0.710323 0.696921 0.683519 0.670116 0.656714 0.643312 0.629909 0.616507 0.603105 0.589701 0.576306 0.562892 0.549384 0.536785 0.464632 
1 1 1 0.999993 0.999942 0.999662 0.998538 0.995067 0.986714 0.971928 0.954816 0.940097 0.926927 0.913813 0.900416 0.886934 0.873481 0.860046 0.84661 0.833172 0.819733 0.806295 0.792857 0.779418 0.76598 0.752542 0.739104 0.725665 0.712227 0.698789 0.685351 0.671912 0.658474 0.645036 0.631598 0.618159 0.604721 0.591282 0.57785 0.564406 0.550845 0.538207 0.463215 
1 1 1 0.999995 0.999957 0.999745 0.998864 0.996041 0.988928 0.975376 0.958082 0.942688 0.929301 0.916219 0.902845 0.889328 0.875829 0.862356 0.848885 0.835411 0.821936 0.808462 0.794988 0.781513 0.768039 0.754565 0.74109 0.727616 0.714141 0.700667 0.687193 0.673718 0.660244 0.64677 0.633295 0.619821 0.606347 0.592871 0.579402 0.565927 0.552315 0.539634 0.461793 
1 1 1 0.999997 0.999969 0.999808 0.99912 0.996838 0.99084 0.978654 0.961519 0.945403 0.931694 0.918616 0.90528 0.891738 0.878192 0.864679 0.851172 0.837662 0.824151 0.810641 0.79713 0.783619 0.770109 0.756598 0.743087 0.729577 0.716066 0.702555 0.689045 0.675534 0.662023 0.648513 0.635002 0.621491 0.607981 0.594469 0.580963 0.567456 0.553795 0.541068 0.460366 
1 1 1 0.999998 0.999977 0.999856 0.999321 0.997486 0.992471 0.981692 0.965082 0.948274 0.934123 0.921002 0.907716 0.894163 0.88057 0.867014 0.853471 0.839926 0.826379 0.812831 0.799284 0.785737 0.77219 0.758642 0.745095 0.731548 0.718001 0.704454 0.690906 0.677359 0.663812 0.650265 0.636718 0.623171 0.609624 0.596075 0.582532 0.568993 0.555286 0.542508 0.458932 
1 1 1 0.999998 0.999983 0.999892 0.999477 0.998009 0.993847 0.984445 0.968697 0.951325 0.936612 0.923382 0.910147 0.896601 0.882964 0.869362 0.855783 0.842202 0.828618 0.815033 0.80145 0.787866 0.774282 0.760698 0.747114 0.73353 0.719946 0.706362 0.692778 0.679195 0.665611 0.652027 0.638443 0.624859 0.611275 0.59769 0.58411 0.570538 0.556785 0.543957 0.457492 
1 1 1 0.999999 0.999988 0.999919 0.999599 0.998429 0.994998 0.986893 0.972276 0.95457 0.939187 0.925764 0.91257 0.899048 0.885375 0.871725 0.858106 0.844489 0.830869 0.817248 0.803627 0.790006 0.776385 0.762765 0.749144 0.735523 0.721902 0.708281 0.694661 0.68104 0.667419 0.653798 0.640177 0.626557 0.612936 0.599314 0.585696 0.572092 0.558295 0.545413 0.456043 
1 1 1 0.999999 0.999991 0.99994 0.999693 0.998765 0.995954 0.989037 0.975728 0.958002 0.941878 0.92816 0.914983 0.901502 0.887802 0.874102 0.860442 0.846789 0.833133 0.819474 0.805816 0.792158 0.7785 0.764842 0.751185 0.737527 0.723869 0.710211 0.696553 0.682895 0.669237 0.655579 0.641921 0.628263 0.614606 0.600947 0.58729 0.573653 0.559814 0.546877 0.454587 
1 1 1 0.999999 0.999994 0.999955 0.999765 0.999032 0.996741 0.990889 0.978974 0.961588 0.944716 0.930586 0.917384 0.903956 0.890244 0.876495 0.862791 0.849101 0.835408 0.821713 0.808017 0.794322 0.780627 0.766932 0.753236 0.739541 0.725846 0.712151 0.698456 0.68476 0.671065 0.65737 0.643675 0.62998 0.616285 0.602588 0.588894 0.575223 0.561343 0.54835 0.453123 
1 1 1 1 0.999995 0.999966 0.999821 0.999244 0.997386 0.992472 0.981959 0.965268 0.947729 0.933064 0.919776 0.906406 0.8927 0.878905 0.865153 0.851426 0.837696 0.823964 0.81023 0.796498 0.782765 0.769032 0.7553 0.741567 0.727834 0.714101 0.700369 0.686636 0.672903 0.659171 0.645438 0.631705 0.617973 0.604239 0.590506 0.576801 0.562881 0.549833 0.45165 
1 1 1 1 0.999997 0.999975 0.999864 0.999411 0.997912 0.993813 0.984649 0.96896 0.950938 0.93562 0.922167 0.908849 0.895167 0.881332 0.86753 0.853762 0.839997 0.826227 0.812456 0.798685 0.784915 0.771145 0.757374 0.743604 0.729833 0.716063 0.702292 0.688522 0.674751 0.660981 0.647211 0.63344 0.61967 0.605899 0.592127 0.578387 0.564428 0.551324 0.450167 
1 1 1 1 0.999998 0.999982 0.999897 0.999543 0.998337 0.99494 0.987034 0.972573 0.954345 0.938281 0.924566 0.911279 0.89764 0.883776 0.869922 0.856111 0.842309 0.828503 0.814694 0.800885 0.787077 0.773268 0.75946 0.745652 0.731843 0.718035 0.704226 0.690418 0.67661 0.662801 0.648993 0.635185 0.621377 0.607567 0.593757 0.579982 0.565985 0.552825 0.448676 
1 1 1 1 0.999998 0.999986 0.999922 0.999646 0.998681 0.99588 0.98912 0.976021 0.957932 0.94108 0.92699 0.913697 0.900115 0.886236 0.87233 0.858474 0.844634 0.830791 0.816944 0.803097 0.78925 0.775404 0.761557 0.747711 0.733864 0.720018 0.706171 0.692325 0.678478 0.664632 0.650785 0.636939 0.623093 0.609246 0.595396 0.581585 0.567551 0.554335 0.447175 
1 1 1 1 0.999999 0.99999 0.999941 0.999726 0.998957 0.996659 0.990925 0.979237 0.961651 0.944045 0.929457 0.916105 0.902586 0.888711 0.874755 0.86085 0.846972 0.833091 0.819206 0.805321 0.791436 0.777551 0.763666 0.749781 0.735897 0.722012 0.708127 0.694242 0.680357 0.666472 0.652588 0.638703 0.624818 0.610933 0.597044 0.583196 0.569126 0.555855 0.445665 
1 1 1 1 0.999999 0.999993 0.999955 0.999789 0.999177 0.997301 0.99247 0.982175 0.965432 0.947203 0.931992 0.918507 0.90505 0.891197 0.877198 0.863241 0.849322 0.835404 0.821481 0.807557 0.793634 0.77971 0.765787 0.751864 0.73794 0.724017 0.710093 0.69617 0.682247 0.668323 0.6544 0.640476 0.626553 0.61263 0.598701 0.584817 0.570711 0.557384 0.444145 
1 1 1 1 0.999999 0.999994 0.999966 0.999838 0.999353 0.997828 0.993782 0.984813 0.969186 0.950566 0.934622 0.920912 0.907502 0.893691 0.879659 0.865647 0.851684 0.83773 0.823769 0.809806 0.795844 0.781882 0.767919 0.753957 0.739995 0.726033 0.712071 0.698109 0.684146 0.670184 0.656222 0.64226 0.628298 0.614336 0.600368 0.586446 0.572304 0.558923 0.442616 
1 1 1 1 1 0.999996 0.999975 0.999875 0.999493 0.998258 0.994889 0.987146 0.972824 0.95413 0.937376 0.923335 0.90994 0.896188 0.882137 0.86807 0.85406 0.840068 0.82607 0.812068 0.798066 0.784065 0.770064 0.756063 0.742061 0.72806 0.714059 0.700058 0.686057 0.672056 0.658055 0.644053 0.630052 0.616051 0.602044 0.588084 0.573906 0.560472 0.441077 
1 1 1 1 1 0.999997 0.999981 0.999904 0.999603 0.998607 0.995816 0.989186 0.976266 0.957861 0.940287 0.925793 0.912365 0.898682 0.88463 0.87051 0.85645 0.842418 0.828383 0.814342 0.800301 0.78626 0.77222 0.75818 0.744139 0.730099 0.716059 0.702018 0.687978 0.673938 0.659897 0.645857 0.631817 0.617777 0.603729 0.58973 0.575518 0.562031 0.439528 
1 1 1 1 1 0.999998 0.999986 0.999927 0.99969 0.99889 0.996588 0.990951 0.979454 0.961701 0.943384 0.928308 0.914781 0.901169 0.887136 0.872969 0.858854 0.844781 0.830708 0.816629 0.802548 0.788468 0.774389 0.760309 0.746229 0.732149 0.718069 0.70399 0.68991 0.67583 0.66175 0.64767 0.633591 0.619512 0.605424 0.591386 0.577138 0.563599 0.437969 
1 1 1 1 1 0.999998 0.999989 0.999944 0.999759 0.999118 0.997228 0.992465 0.982352 0.96557 0.946687 0.930905 0.917196 0.903645 0.889651 0.875446 0.861275 0.847157 0.833047 0.818929 0.804808 0.790689 0.776569 0.76245 0.74833 0.734211 0.720092 0.705972 0.691853 0.677733 0.663614 0.649494 0.635375 0.621256 0.607129 0.593051 0.578768 0.565177 0.436401 
1 1 1 1 1 0.999999 0.999992 0.999957 0.999813 0.999301 0.997756 0.993753 0.984945 0.969377 0.950203 0.933615 0.919622 0.906106 0.89217 0.877941 0.863712 0.849547 0.835398 0.821242 0.807081 0.792921 0.778762 0.764603 0.750444 0.736284 0.722125 0.707966 0.693806 0.679647 0.665488 0.651328 0.637169 0.623011 0.608843 0.594725 0.580407 0.566764 0.434823 
1 1 1 1 1 0.999999 0.999994 0.999968 0.999855 0.999447 0.998189 0.994844 0.987235 0.973034 0.953917 0.936468 0.922073 0.908553 0.894689 0.880453 0.866167 0.85195 0.837761 0.823567 0.809367 0.795167 0.780967 0.766768 0.752569 0.738369 0.72417 0.709971 0.695771 0.681572 0.667372 0.653173 0.638973 0.624775 0.610567 0.596409 0.582054 0.568362 0.433236 
1 1 1 1 1 0.999999 0.999996 0.999975 0.999888 0.999564 0.998543 0.99576 0.989236 0.976469 0.957783 0.939495 0.92457 0.910987 0.897202 0.882979 0.868641 0.854368 0.840138 0.825906 0.811666 0.797425 0.783185 0.768946 0.754706 0.740466 0.726226 0.711987 0.697747 0.683507 0.669268 0.655028 0.640788 0.62655 0.612301 0.598102 0.583711 0.569968 0.431638 
1 1 1 1 1 1 0.999997 0.999981 0.999913 0.999657 0.998831 0.996526 0.990969 0.979632 0.961734 0.942725 0.927137 0.913415 0.899704 0.885516 0.871134 0.856803 0.842527 0.828257 0.813978 0.799696 0.785416 0.771136 0.756855 0.742575 0.728295 0.714014 0.699734 0.685454 0.671174 0.656893 0.642613 0.628334 0.614045 0.599805 0.585378 0.571585 0.430032 
1 1 1 1 1 1 0.999998 0.999986 0.999933 0.999731 0.999065 0.997164 0.992457 0.982496 0.965682 0.946174 0.929803 0.915846 0.902191 0.888059 0.873646 0.859254 0.84493 0.830621 0.816303 0.801981 0.787659 0.773338 0.759017 0.744696 0.730375 0.716054 0.701733 0.687412 0.67309 0.658769 0.644448 0.630129 0.615798 0.601517 0.587053 0.573211 0.428415 
1 1 1 1 1 1 0.999998 0.999989 0.999949 0.999789 0.999254 0.997692 0.993726 0.985052 0.969534 0.949841 0.932597 0.918295 0.904662 0.890603 0.876176 0.861724 0.847347 0.832998 0.818641 0.804278 0.789915 0.775553 0.761191 0.746829 0.732467 0.718105 0.703743 0.68938 0.675018 0.660656 0.646294 0.631934 0.617562 0.603239 0.588738 0.574847 0.426789 
1 1 1 1 1 1 0.999999 0.999992 0.999961 0.999835 0.999406 0.998128 0.994803 0.987306 0.973207 0.953699 0.935552 0.920779 0.907118 0.893143 0.878722 0.864212 0.849779 0.835387 0.820992 0.806589 0.792184 0.777781 0.763377 0.748974 0.734571 0.720167 0.705764 0.691361 0.676957 0.662554 0.64815 0.633749 0.619336 0.604971 0.590432 0.576493 0.425153 
1 1 1 1 1 1 0.999999 0.999994 0.99997 0.999872 0.999529 0.998485 0.99571 0.989275 0.976636 0.957694 0.9387 0.92332 0.909564 0.895673 0.881281 0.866721 0.852227 0.83779 0.823356 0.808913 0.794466 0.780021 0.765576 0.751132 0.736687 0.722242 0.707797 0.693352 0.678907 0.664463 0.650017 0.635575 0.62112 0.606712 0.592136 0.578149 0.423507 
1 1 1 1 1 1 0.999999 0.999995 0.999977 0.9999 0.999627 0.998778 0.996471 0.990981 0.979778 0.961747 0.942065 0.925944 0.912006 0.898189 0.883848 0.869249 0.854692 0.840207 0.825733 0.81125 0.796762 0.782275 0.767788 0.753302 0.738815 0.724328 0.709842 0.695355 0.680869 0.666382 0.651895 0.637411 0.622915 0.608464 0.593849 0.579814 0.421851 
1 1 1 1 1 1 0.999999 0.999997 0.999982 0.999922 0.999705 0.999017 0.997107 0.992447 0.982613 0.965765 0.94566 0.928681 0.914457 0.900688 0.886418 0.871797 0.857176 0.842637 0.828124 0.8136 0.799071 0.784541 0.770013 0.755484 0.740956 0.726427 0.711899 0.69737 0.682841 0.668313 0.653784 0.639258 0.62472 0.610226 0.595573 0.581489 0.420186 
1 1 1 1 1 1 1 0.999997 0.999986 0.99994 0.999767 0.999211 0.997635 0.9937 0.985137 0.969658 0.949475 0.931564 0.916932 0.90317 0.888986 0.874362 0.859679 0.845083 0.830527 0.815964 0.801393 0.786821 0.77225 0.757679 0.743109 0.728538 0.713967 0.699396 0.684826 0.670255 0.655684 0.641115 0.626535 0.611998 0.597305 0.583174 0.418511 
1 1 1 1 1 1 1 0.999998 0.99999 0.999953 0.999817 0.999369 0.998073 0.994765 0.987362 0.973346 0.953473 0.934625 0.919452 0.905637 0.891546 0.876942 0.862202 0.847545 0.832943 0.818341 0.803729 0.789114 0.7745 0.759887 0.745274 0.730661 0.716048 0.701434 0.686821 0.672208 0.657594 0.642983 0.628361 0.613781 0.599048 0.584869 0.416826 
1 1 1 1 1 1 1 0.999999 0.999992 0.999964 0.999856 0.999496 0.998434 0.995665 0.989304 0.97677 0.957589 0.937896 0.922041 0.908095 0.894093 0.879533 0.864746 0.850023 0.835373 0.820732 0.806078 0.791421 0.776764 0.762108 0.747452 0.732796 0.71814 0.703485 0.688829 0.674173 0.659516 0.644863 0.630198 0.615574 0.600801 0.586574 0.415131 
1 1 1 1 1 1 1 0.999999 0.999994 0.999972 0.999887 0.999598 0.998731 0.996421 0.990987 0.979895 0.961737 0.941399 0.924726 0.910554 0.896623 0.882129 0.867311 0.85252 0.837818 0.823135 0.808441 0.793741 0.779041 0.764342 0.749643 0.734944 0.720245 0.705547 0.690848 0.676149 0.66145 0.646753 0.632045 0.617378 0.602564 0.58829 0.413426 
1 1 1 1 1 1 1 0.999999 0.999995 0.999979 0.999912 0.999681 0.998974 0.997055 0.992436 0.982706 0.965822 0.945139 0.927539 0.913028 0.899135 0.884726 0.869895 0.855037 0.840277 0.825552 0.810818 0.796075 0.781331 0.766589 0.751847 0.737105 0.722363 0.707621 0.692879 0.678137 0.663394 0.648654 0.633903 0.619192 0.604337 0.590015 0.41171 
1 1 1 1 1 1 1 0.999999 0.999997 0.999983 0.999931 0.999747 0.999172 0.997584 0.993675 0.985205 0.969753 0.949099 0.930514 0.915534 0.901629 0.887318 0.872495 0.857575 0.842752 0.827982 0.813208 0.798422 0.783635 0.768849 0.754064 0.739278 0.724493 0.709707 0.694921 0.680136 0.66535 0.650567 0.635773 0.621017 0.60612 0.59175 0.409985 
1 1 1 1 1 1 1 1 0.999997 0.999987 0.999946 0.999799 0.999334 0.998023 0.994729 0.987404 0.973454 0.953233 0.933684 0.918093 0.904108 0.889898 0.875109 0.860134 0.845244 0.830426 0.815611 0.800784 0.785953 0.771123 0.756293 0.741464 0.726635 0.711806 0.696976 0.682147 0.667317 0.65249 0.637653 0.622853 0.607914 0.593496 0.40825 
1 1 1 1 1 1 1 1 0.999998 0.99999 0.999958 0.999841 0.999465 0.998387 0.995623 0.989324 0.976876 0.957465 0.93708 0.920732 0.906582 0.892462 0.877732 0.862715 0.847754 0.832884 0.818028 0.803159 0.788284 0.77341 0.758537 0.743663 0.72879 0.713917 0.699044 0.68417 0.669297 0.654426 0.639544 0.624699 0.609719 0.595252 0.406504 
1 1 1 1 1 1 1 1 0.999999 0.999993 0.999967 0.999875 0.999572 0.998687 0.996376 0.990988 0.979987 0.961704 0.940721 0.923481 0.90906 0.895007 0.880358 0.865316 0.850285 0.835356 0.820459 0.805549 0.790629 0.77571 0.760793 0.745876 0.730958 0.716041 0.701123 0.686206 0.671288 0.656372 0.641447 0.626557 0.611534 0.597019 0.404748 
1 1 1 1 1 1 1 1 0.999999 0.999994 0.999975 0.999901 0.999658 0.998934 0.997008 0.992422 0.982778 0.965851 0.944607 0.926373 0.911559 0.897531 0.882982 0.867937 0.852836 0.837845 0.822903 0.807952 0.792989 0.778025 0.763063 0.748101 0.733139 0.718177 0.703215 0.688253 0.67329 0.65833 0.643361 0.628426 0.613359 0.598796 0.402981 
1 1 1 1 1 1 1 1 0.999999 0.999996 0.99998 0.999923 0.999727 0.999137 0.997537 0.993649 0.985256 0.969818 0.948711 0.929443 0.914097 0.900038 0.885596 0.870573 0.85541 0.84035 0.82536 0.810368 0.795363 0.780353 0.765346 0.750339 0.735333 0.720326 0.705319 0.690312 0.675305 0.6603 0.645286 0.630306 0.615196 0.600584 0.401204 
1 1 1 1 1 1 1 1 0.999999 0.999997 0.999985 0.999939 0.999783 0.999302 0.997978 0.994696 0.987435 0.973534 0.952976 0.932725 0.916699 0.902532 0.888196 0.873221 0.858005 0.842874 0.827832 0.812799 0.79775 0.782696 0.767643 0.752591 0.73754 0.722488 0.707436 0.692384 0.677332 0.662282 0.647223 0.632197 0.617044 0.602382 0.399416 
1 1 1 1 1 1 1 1 1 0.999997 0.999988 0.999952 0.999827 0.999437 0.998344 0.995584 0.989337 0.976955 0.95732 0.936249 0.919392 0.905023 0.890777 0.875876 0.860624 0.845418 0.830318 0.815243 0.800152 0.785053 0.769954 0.754857 0.73976 0.724663 0.709566 0.694469 0.679371 0.664276 0.649172 0.6341 0.618902 0.604192 0.397618 
1 1 1 1 1 1 1 1 1 0.999998 0.999991 0.999963 0.999863 0.999547 0.998647 0.996334 0.990985 0.980056 0.961645 0.940029 0.922208 0.907523 0.893337 0.878532 0.863263 0.847982 0.83282 0.8177 0.802568 0.787424 0.772279 0.757136 0.741994 0.726851 0.711708 0.696566 0.681422 0.666281 0.651132 0.636014 0.620772 0.606012 0.395808 
1 1 1 1 1 1 1 1 1 0.999999 0.999993 0.999971 0.999892 0.999636 0.998897 0.996965 0.992406 0.982832 0.965852 0.94406 0.925181 0.910049 0.895877 0.881181 0.86592 0.850569 0.835339 0.820172 0.804998 0.789809 0.774618 0.759429 0.744241 0.729052 0.713864 0.698675 0.683486 0.668299 0.653104 0.63794 0.622653 0.607844 0.393988 
1 1 1 1 1 1 1 1 1 0.999999 0.999995 0.999977 0.999914 0.999709 0.999103 0.997494 0.993624 0.985293 0.969855 0.948305 0.928349 0.912623 0.898398 0.883819 0.868593 0.853179 0.837876 0.822657 0.807442 0.792209 0.776972 0.761736 0.746501 0.731267 0.716032 0.700797 0.685562 0.670329 0.655088 0.639878 0.624546 0.609687 0.392156 
1 1 1 1 1 1 1 1 1 0.999999 0.999996 0.999982 0.999932 0.999767 0.999273 0.997936 0.994663 0.987455 0.973587 0.9527 0.931745 0.915269 0.900908 0.886439 0.871275 0.855813 0.840432 0.825158 0.8099 0.794624 0.77934 0.764057 0.748776 0.733495 0.718214 0.702933 0.687651 0.672372 0.657084 0.641827 0.62645 0.611541 0.390313 
1 1 1 1 1 1 1 1 1 0.999999 0.999997 0.999986 0.999947 0.999814 0.999411 0.998304 0.995547 0.989342 0.97701 0.957153 0.935398 0.918018 0.903417 0.889038 0.873962 0.858469 0.843009 0.827673 0.812371 0.797052 0.781722 0.766392 0.751064 0.735737 0.720409 0.705081 0.689753 0.674427 0.659093 0.643788 0.628365 0.613406 0.388459 
1 1 1 1 1 1 1 1 1 1 0.999998 0.999989 0.999958 0.999852 0.999524 0.99861 0.996294 0.990977 0.980104 0.961562 0.939319 0.920903 0.905941 0.891615 0.876647 0.861146 0.845609 0.830206 0.814857 0.799495 0.784119 0.768742 0.753367 0.737992 0.722617 0.707243 0.691867 0.676494 0.661113 0.645762 0.630292 0.615283 0.386594 
1 1 1 1 1 1 1 1 1 1 0.999998 0.999992 0.999967 0.999882 0.999616 0.998864 0.996924 0.992388 0.982869 0.965827 0.943494 0.923961 0.908497 0.894169 0.879323 0.863842 0.848233 0.832755 0.817356 0.801953 0.786531 0.771106 0.755683 0.740261 0.724839 0.709417 0.693995 0.678574 0.663146 0.647747 0.632231 0.617171 0.384717 
1 1 1 1 1 1 1 1 1 1 0.999999 0.999994 0.999974 0.999906 0.999691 0.999073 0.997454 0.993598 0.985317 0.969865 0.94788 0.927228 0.911108 0.896706 0.881985 0.866551 0.850881 0.835325 0.819871 0.804424 0.788958 0.773485 0.758014 0.742544 0.727075 0.711605 0.696135 0.680667 0.665192 0.649745 0.634182 0.619071 0.382829 
1 1 1 1 1 1 1 1 1 1 0.999999 0.999995 0.99998 0.999926 0.999752 0.999245 0.997897 0.994632 0.987466 0.973615 0.952401 0.930741 0.913801 0.899234 0.884626 0.869268 0.853553 0.837914 0.8224 0.80691 0.7914 0.775879 0.760359 0.744842 0.729325 0.713807 0.698289 0.682773 0.66725 0.651755 0.636146 0.620983 0.380929 
1 1 1 1 1 1 1 1 1 1 0.999999 0.999996 0.999984 0.999941 0.999801 0.999386 0.998268 0.995511 0.98934 0.977042 0.95696 0.934525 0.916608 0.901764 0.887243 0.871988 0.856248 0.840527 0.824946 0.809409 0.793856 0.778288 0.762719 0.747153 0.731588 0.716022 0.700456 0.684892 0.669321 0.653777 0.638121 0.622907 0.379017 
1 1 1 1 1 1 1 1 1 1 0.999999 0.999997 0.999988 0.999953 0.999841 0.999502 0.998576 0.996257 0.990965 0.980133 0.961451 0.938587 0.919565 0.904313 0.889837 0.874702 0.858964 0.843163 0.827509 0.811923 0.796326 0.780711 0.765094 0.749479 0.733865 0.718252 0.702637 0.687024 0.671404 0.655813 0.640108 0.624843 0.377093 
1 1 1 1 1 1 1 1 1 1 1 0.999998 0.99999 0.999963 0.999873 0.999597 0.998832 0.996886 0.992368 0.98289 0.965774 0.942907 0.922708 0.9069 0.892408 0.877405 0.861698 0.845824 0.830091 0.814452 0.798812 0.78315 0.767484 0.75182 0.736157 0.720495 0.704831 0.68917 0.673501 0.65786 0.642108 0.626791 0.375157 
1 1 1 1 1 1 1 1 1 1 1 0.999998 0.999993 0.999971 0.999898 0.999675 0.999044 0.997416 0.993571 0.985328 0.969848 0.947431 0.926078 0.909551 0.894962 0.880091 0.864444 0.848511 0.832693 0.816996 0.801311 0.785605 0.769889 0.754175 0.738463 0.722751 0.707039 0.691329 0.675611 0.659921 0.644121 0.628751 0.373209 
1 1 1 1 1 1 1 1 1 1 1 0.999999 0.999994 0.999977 0.999919 0.999738 0.999219 0.997861 0.994601 0.987467 0.973618 0.952078 0.929709 0.912293 0.897509 0.882753 0.867197 0.851222 0.835317 0.819555 0.803825 0.788074 0.772309 0.756545 0.740783 0.725023 0.709261 0.693501 0.677734 0.661994 0.646146 0.630724 0.371249 
1 1 1 1 1 1 1 1 1 1 1 0.999999 0.999995 0.999982 0.999936 0.999789 0.999363 0.998233 0.995477 0.989332 0.977053 0.956742 0.933625 0.91516 0.900062 0.88539 0.869949 0.853957 0.837966 0.822131 0.806354 0.790558 0.774744 0.75893 0.743119 0.727308 0.711497 0.695687 0.679871 0.664081 0.648183 0.632709 0.369276 
1 1 1 1 1 1 1 1 1 1 1 0.999999 0.999996 0.999986 0.999949 0.99983 0.999482 0.998544 0.996221 0.990949 0.980144 0.961314 0.937829 0.91819 0.902638 0.888002 0.872694 0.856713 0.840639 0.824726 0.808897 0.793057 0.777195 0.76133 0.745468 0.729608 0.713747 0.697887 0.682021 0.666181 0.650234 0.634707 0.367291 
1 1 1 1 1 1 1 1 1 1 1 0.999999 0.999997 0.999989 0.99996 0.999864 0.999579 0.998803 0.996851 0.992345 0.982897 0.965694 0.942294 0.921421 0.905259 0.890591 0.875425 0.859486 0.843339 0.827341 0.811454 0.79557 0.779662 0.763746 0.747833 0.731922 0.716011 0.700101 0.684184 0.668294 0.652297 0.636718 0.365293 
1 1 1 1 1 1 1 1 1 1 1 1 0.999998 0.999991 0.999968 0.999891 0.999659 0.999017 0.997381 0.993544 0.985328 0.969806 0.946957 0.924895 0.90795 0.893164 0.878135 0.862269 0.846065 0.829977 0.814028 0.798098 0.782144 0.766177 0.750213 0.734251 0.718289 0.702329 0.686361 0.67042 0.654374 0.638741 0.363282 
1 1 1 1 1 1 1 1 1 1 1 1 0.999998 0.999993 0.999975 0.999913 0.999724 0.999195 0.997827 0.99457 0.98746 0.973598 0.951727 0.928646 0.910743 0.895732 0.88082 0.865058 0.848817 0.832637 0.816618 0.800641 0.784641 0.768624 0.752608 0.736595 0.720582 0.704571 0.688553 0.67256 0.656464 0.640777 0.361259 
1 1 1 1 1 1 1 1 1 1 1 1 0.999999 0.999995 0.99998 0.99993 0.999777 0.999342 0.998201 0.995444 0.989318 0.977044 0.956495 0.932696 0.913672 0.898309 0.883477 0.867844 0.851592 0.835322 0.819226 0.803199 0.787153 0.771087 0.755019 0.738954 0.72289 0.706827 0.690758 0.674714 0.658567 0.642827 0.359223 
1 1 1 1 1 1 1 1 1 1 1 1 0.999999 0.999996 0.999984 0.999944 0.99982 0.999463 0.998514 0.996187 0.990929 0.980138 0.961148 0.937043 0.916776 0.900914 0.886109 0.87062 0.854389 0.838034 0.821854 0.805772 0.789681 0.773566 0.757445 0.741328 0.725212 0.709098 0.692977 0.676882 0.660684 0.644889 0.357173 
1 1 1 1 1 1 1 1 1 1 1 1 0.999999 0.999997 0.999988 0.999956 0.999855 0.999562 0.998775 0.996816 0.99232 0.98289 0.965587 0.941652 0.920097 0.903569 0.888717 0.873379 0.857201 0.840773 0.824502 0.80836 0.792224 0.77606 0.759887 0.743717 0.72755 0.711384 0.695211 0.679063 0.662814 0.646965 0.355111 
1 1 1 1 1 1 1 1 1 1 1 1 0.999999 0.999998 0.99999 0.999965 0.999884 0.999644 0.998992 0.997348 0.993515 0.985317 0.969738 0.946453 0.923676 0.906304 0.891311 0.876114 0.860023 0.84354 0.827173 0.810964 0.794781 0.77857 0.762345 0.746122 0.729902 0.713684 0.697459 0.681259 0.664958 0.649055 0.353035 
1 1 1 1 1 1 1 1 1 1 1 1 1 0.999998 0.999992 0.999972 0.999907 0.999711 0.999172 0.997795 0.994538 0.987444 0.973555 0.951348 0.927549 0.909148 0.893901 0.878823 0.862848 0.846333 0.82987 0.813586 0.797353 0.781096 0.76482 0.748543 0.73227 0.715999 0.699722 0.683469 0.667116 0.651158 0.350945 
1 1 1 1 1 1 1 1 1 1 1 1 1 0.999999 0.999994 0.999978 0.999925 0.999766 0.999321 0.998171 0.995411 0.989298 0.977014 0.956219 0.931734 0.91214 0.896503 0.881502 0.865669 0.84915 0.832592 0.816226 0.799941 0.783638 0.76731 0.75098 0.734653 0.718329 0.701999 0.685693 0.669288 0.653274 0.348842 
1 1 1 1 1 1 1 1 1 1 1 1 1 0.999999 0.999995 0.999982 0.99994 0.999811 0.999445 0.998486 0.996154 0.990905 0.980115 0.960953 0.936225 0.915321 0.899139 0.884154 0.868477 0.851988 0.835343 0.818886 0.802544 0.786194 0.769817 0.753432 0.737052 0.720674 0.704291 0.687931 0.671474 0.655405 0.346726 
1 1 1 1 1 1 1 1 1 1 1 1 1 0.999999 0.999996 0.999986 0.999952 0.999847 0.999546 0.998749 0.996783 0.992292 0.982868 0.965452 0.940979 0.918732 0.901831 0.886784 0.871265 0.85484 0.838123 0.821569 0.805163 0.788767 0.77234 0.755902 0.739466 0.723035 0.706598 0.690185 0.673674 0.65755 0.344595 
1 1 1 1 1 1 1 1 1 1 1 1 1 0.999999 0.999997 0.999989 0.999962 0.999877 0.99963 0.998968 0.997316 0.993485 0.985295 0.969645 0.945919 0.922419 0.904609 0.889399 0.874027 0.857702 0.840931 0.824277 0.807798 0.791354 0.774879 0.758387 0.741896 0.725411 0.70892 0.692453 0.675889 0.659708 0.34245 
1 1 1 1 1 1 1 1 1 1 1 1 1 0.999999 0.999998 0.999991 0.99997 0.999901 0.999699 0.99915 0.997764 0.994506 0.987421 0.973489 0.950936 0.926414 0.907507 0.892014 0.87676 0.860565 0.843766 0.82701 0.810452 0.793956 0.777434 0.760889 0.744343 0.727803 0.711258 0.694736 0.678118 0.661881 0.340292 
1 1 1 1 1 1 1 1 1 1 1 1 1 1 0.999998 0.999993 0.999976 0.99992 0.999755 0.999302 0.998142 0.995379 0.989272 0.976965 0.955912 0.930736 0.910563 0.894643 0.879463 0.86342 0.846626 0.829772 0.813125 0.796574 0.780005 0.763408 0.746806 0.73021 0.713611 0.697034 0.680362 0.664069 0.338119 
1 1 1 1 1 1 1 1 1 1 1 1 1 1 0.999999 0.999995 0.999981 0.999936 0.999801 0.999427 0.998459 0.996121 0.990876 0.980076 0.960728 0.935371 0.91382 0.89731 0.882138 0.866261 0.849505 0.832562 0.81582 0.799208 0.782591 0.765943 0.749286 0.732634 0.715979 0.699347 0.682621 0.66627 0.335931 
1 1 1 1 1 1 1 1 1 1 1 1 1 1 0.999999 0.999996 0.999985 0.999949 0.999839 0.999531 0.998724 0.996751 0.992262 0.982834 0.965289 0.940271 0.917325 0.90004 0.884789 0.869079 0.8524 0.835383 0.818538 0.801858 0.785194 0.768495 0.751782 0.735074 0.718363 0.701676 0.684895 0.668487 0.33373 
1 1 1 1 1 1 1 1 1 1 1 1 1 1 0.999999 0.999997 0.999988 0.999959 0.99987 0.999616 0.998945 0.997285 0.993453 0.985263 0.969527 0.94535 0.921119 0.902863 0.887428 0.87187 0.855302 0.838234 0.821282 0.804526 0.787811 0.771063 0.754295 0.73753 0.720764 0.70402 0.687184 0.670718 0.331513 
1 1 1 1 1 1 1 1 1 1 1 1 1 1 0.999999 0.999997 0.99999 0.999967 0.999895 0.999687 0.99913 0.997735 0.994474 0.987389 0.973401 0.950492 0.925239 0.905815 0.890068 0.874629 0.858203 0.841112 0.824054 0.807213 0.790445 0.773648 0.756826 0.740003 0.72318 0.70638 0.689488 0.672965 0.329282 
1 1 1 1 1 1 1 1 1 1 1 1 1 1 1 0.999998 0.999992 0.999974 0.999915 0.999745 0.999283 0.998114 0.995346 0.989239 0.976897 0.955572 0.929698 0.908937 0.892726 0.877357 0.861095 0.844015 0.826855 0.80992 0.793094 0.776249 0.759373 0.742493 0.725612 0.708756 0.691808 0.675226 0.327035 
1 1 1 1 1 1 1 1 1 1 1 1 1 1 1 0.999998 0.999994 0.999979 0.999932 0.999792 0.999411 0.998433 0.996089 0.990843 0.98002 0.960473 0.934479 0.912273 0.895426 0.880055 0.863969 0.846938 0.829687 0.81265 0.795759 0.778866 0.761937 0.745 0.728061 0.711148 0.694144 0.677503 0.324774 
1 1 1 1 1 1 1 1 1 1 1 1 1 1 1 0.999999 0.999995 0.999983 0.999945 0.999831 0.999516 0.9987 0.99672 0.992228 0.982787 0.965098 0.939526 0.91587 0.898195 0.882731 0.86682 0.849875 0.83255 0.815404 0.798442 0.781499 0.764519 0.747524 0.730527 0.713556 0.696495 0.679795 0.322497 
1 1 1 1 1 1 1 1 1 1 1 1 1 1 1 0.999999 0.999996 0.999987 0.999956 0.999863 0.999603 0.998923 0.997255 0.993419 0.98522 0.969382 0.944744 0.919774 0.901065 0.885395 0.86964 0.852818 0.835443 0.818185 0.801142 0.784148 0.767117 0.750065 0.733009 0.71598 0.698862 0.682103 0.320205 
1 1 1 1 1 1 1 1 1 1 1 1 1 1 1 0.999999 0.999997 0.999989 0.999965 0.999889 0.999676 0.99911 0.997706 0.99444 0.987349 0.97329 0.950011 0.924019 0.904072 0.888061 0.872427 0.855759 0.838366 0.820996 0.803862 0.786813 0.769732 0.752624 0.735509 0.71842 0.701245 0.684427 0.317897 
1 1 1 1 1 1 1 1 1 1 1 1 1 1 1 0.999999 0.999998 0.999992 0.999972 0.99991 0.999735 0.999265 0.998087 0.995313 0.989201 0.97681 0.955198 0.928616 0.90726 0.89075 0.87518 0.858688 0.841313 0.823837 0.806604 0.789493 0.772364 0.755201 0.738026 0.720878 0.703644 0.686766 0.315573 
1 1 1 1 1 1 1 1 1 1 1 1 1 1 1 1 0.999998 0.999993 0.999977 0.999928 0.999784 0.999395 0.998408 0.996057 0.990806 0.979949 0.960185 0.933544 0.910675 0.893484 0.877904 0.861598 0.84428 0.826711 0.80937 0.792191 0.775012 0.757795 0.74056 0.723352 0.70606 0.689121 0.313234 
1 1 1 1 1 1 1 1 1 1 1 1 1 1 1 1 0.999999 0.999995 0.999982 0.999942 0.999824 0.999502 0.998677 0.996689 0.992192 0.982726 0.964877 0.938739 0.914366 0.896293 0.880606 0.864482 0.847261 0.829617 0.812161 0.794906 0.777676 0.760406 0.743113 0.725844 0.708492 0.691493 0.310879 
1 1 1 1 1 1 1 1 1 1 1 1 1 1 1 1 0.999999 0.999996 0.999986 0.999953 0.999857 0.999591 0.998903 0.997225 0.993384 0.985167 0.969212 0.944098 0.91838 0.89921 0.883296 0.867333 0.850246 0.832555 0.814981 0.797641 0.780357 0.763035 0.745683 0.728353 0.710941 0.693881 0.308507 
1 1 1 1 1 1 1 1 1 1 1 1 1 1 1 1 0.999999 0.999997 0.999988 0.999962 0.999884 0.999665 0.999091 0.997679 0.994406 0.987301 0.973156 0.949493 0.922751 0.902273 0.885991 0.870149 0.853228 0.835522 0.817831 0.800395 0.783054 0.765681 0.748271 0.730879 0.713407 0.696286 0.306119 
1 1 1 1 1 1 1 1 1 1 1 1 1 1 1 1 0.999999 0.999997 0.999991 0.99997 0.999906 0.999725 0.999249 0.998062 0.99528 0.989157 0.976703 0.954788 0.927488 0.905528 0.888711 0.872931 0.856197 0.838515 0.820713 0.803172 0.785767 0.768344 0.750877 0.733424 0.715891 0.698707 0.303714 
1 1 1 1 1 1 1 1 1 1 1 1 1 1 1 1 0.999999 0.999998 0.999993 0.999976 0.999924 0.999775 0.99938 0.998384 0.996025 0.990764 0.979861 0.959864 0.932564 0.909023 0.891481 0.875682 0.859144 0.841527 0.82363 0.805974 0.788498 0.771024 0.753502 0.735986 0.718391 0.701145 0.301293 
1 1 1 1 1 1 1 1 1 1 1 1 1 1 1 1 1 0.999998 0.999994 0.99998 0.999938 0.999817 0.999489 0.998655 0.996659 0.992152 0.982652 0.964626 0.937908 0.912809 0.894331 0.878411 0.862062 0.844553 0.82658 0.808803 0.791246 0.77372 0.756144 0.738567 0.72091 0.7036 0.298855 
1 1 1 1 1 1 1 1 1 1 1 1 1 1 1 1 1 0.999999 0.999995 0.999984 0.99995 0.99985 0.999579 0.998883 0.997196 0.993346 0.985103 0.969014 0.94341 0.916934 0.897296 0.881129 0.864946 0.847582 0.829563 0.811662 0.794015 0.776433 0.758804 0.741166 0.723446 0.706073 0.2964 
1 1 1 1 1 1 1 1 1 1 1 1 1 1 1 1 1 0.999999 0.999996 0.999987 0.99996 0.999878 0.999654 0.999073 0.997652 0.99437 0.987244 0.972999 0.948933 0.921432 0.900417 0.883854 0.867793 0.850606 0.832576 0.814553 0.796805 0.779162 0.761481 0.743784 0.726 0.708563 0.293927 
1 1 1 1 1 1 1 1 1 1 1 1 1 1 1 1 1 0.999999 0.999997 0.99999 0.999967 0.999901 0.999716 0.999232 0.998037 0.995245 0.989106 0.976576 0.954341 0.92631 0.903739 0.886607 0.870605 0.853615 0.835615 0.817477 0.799618 0.781909 0.764176 0.746421 0.728573 0.71107 0.291437 
1 1 1 1 1 1 1 1 1 1 1 1 1 1 1 1 1 0.999999 0.999998 0.999992 0.999974 0.99992 0.999767 0.999365 0.998361 0.995992 0.990718 0.979757 0.959508 0.931535 0.907314 0.889414 0.873385 0.856601 0.838674 0.820437 0.802457 0.784673 0.766888 0.749075 0.731164 0.713596 0.28893 
1 1 1 1 1 1 1 1 1 1 1 1 1 1 1 1 1 1 0.999998 0.999994 0.999979 0.999935 0.99981 0.999476 0.998634 0.996628 0.992109 0.982565 0.964344 0.93703 0.911195 0.892306 0.876143 0.859556 0.841745 0.823432 0.805324 0.787457 0.769617 0.751749 0.733775 0.71614 0.286404 
1 1 1 1 1 1 1 1 1 1 1 1 1 1 1 1 1 1 0.999999 0.999995 0.999983 0.999947 0.999844 0.999568 0.998863 0.997168 0.993305 0.985029 0.96879 0.942676 0.915431 0.89532 0.878891 0.862475 0.84482 0.826461 0.808223 0.79026 0.772363 0.75444 0.736404 0.718702 0.28386 
1 1 1 1 1 1 1 1 1 1 1 1 1 1 1 1 1 1 0.999999 0.999996 0.999986 0.999957 0.999873 0.999644 0.999056 0.997625 0.994332 0.987179 0.972819 0.948331 0.920057 0.898498 0.881648 0.865355 0.847888 0.829521 0.811155 0.793086 0.775126 0.75715 0.739052 0.721284 0.281298 
1 1 1 1 1 1 1 1 1 1 1 1 1 1 1 1 1 1 0.999999 0.999997 0.999989 0.999965 0.999897 0.999707 0.999216 0.998012 0.99521 0.989048 0.97643 0.953853 0.925077 0.901888 0.884435 0.868198 0.85094 0.832608 0.814122 0.795936 0.777907 0.759877 0.741719 0.723884 0.278716 
1 1 1 1 1 1 1 1 1 1 1 1 1 1 1 1 1 1 0.999999 0.999997 0.999991 0.999972 0.999916 0.99976 0.999351 0.998338 0.995959 0.990666 0.979637 0.959116 0.930453 0.905544 0.88728 0.871009 0.853966 0.835715 0.817127 0.798813 0.780706 0.762622 0.744406 0.726503 0.276116 
1 1 1 1 1 1 1 1 1 1 1 1 1 1 1 1 1 1 0.999999 0.999998 0.999993 0.999978 0.999932 0.999803 0.999463 0.998613 0.996597 0.992062 0.982465 0.964029 0.9361 0.90952 0.890215 0.873798 0.856959 0.838834 0.820167 0.80172 0.783524 0.765384 0.747111 0.729142 0.273497 
1 1 1 1 1 1 1 1 1 1 1 1 1 1 1 1 1 1 1 0.999998 0.999994 0.999982 0.999944 0.999839 0.999557 0.998845 0.997139 0.993262 0.984943 0.968537 0.941893 0.913869 0.893279 0.876578 0.859914 0.841955 0.823243 0.804659 0.786363 0.768164 0.749835 0.7318 0.270858 
1 1 1 1 1 1 1 1 1 1 1 1 1 1 1 1 1 1 1 0.999999 0.999996 0.999985 0.999955 0.999868 0.999634 0.999039 0.997599 0.994292 0.987106 0.972614 0.947683 0.918623 0.896515 0.879368 0.86283 0.845068 0.826351 0.807633 0.789226 0.770961 0.752578 0.734477 0.2682 
1 1 1 1 1 1 1 1 1 1 1 1 1 1 1 1 1 1 1 0.999999 0.999996 0.999988 0.999963 0.999892 0.999699 0.999201 0.997988 0.995174 0.988984 0.976263 0.953323 0.923786 0.899973 0.88219 0.865706 0.848164 0.829487 0.810644 0.792113 0.773776 0.755339 0.737175 0.265523 
1 1 1 1 1 1 1 1 1 1 1 1 1 1 1 1 1 1 1 0.999999 0.999997 0.999991 0.99997 0.999912 0.999752 0.999337 0.998316 0.995926 0.990609 0.979499 0.958686 0.929314 0.90371 0.885075 0.868551 0.851233 0.832643 0.813693 0.795029 0.77661 0.758117 0.739891 0.262825 
1 1 1 1 1 1 1 1 1 1 1 1 1 1 1 1 1 1 1 0.999999 0.999998 0.999992 0.999976 0.999928 0.999796 0.999451 0.998593 0.996566 0.992011 0.98235 0.963681 0.935116 0.907782 0.888054 0.871372 0.854266 0.83581 0.81678 0.797975 0.779464 0.760914 0.742627 0.260109 
1 1 1 1 1 1 1 1 1 1 1 1 1 1 1 1 1 1 1 1 0.999998 0.999994 0.999981 0.999942 0.999833 0.999546 0.998826 0.997111 0.993217 0.984847 0.968254 0.941059 0.912243 0.891168 0.874186 0.857261 0.83898 0.819904 0.800956 0.78234 0.763729 0.745382 0.257373 
1 1 1 1 1 1 1 1 1 1 1 1 1 1 1 1 1 1 1 1 0.999999 0.999995 0.999984 0.999953 0.999863 0.999625 0.999022 0.997573 0.994251 0.987023 0.972385 0.946987 0.917126 0.894463 0.87701 0.860213 0.842141 0.823061 0.803973 0.78524 0.766561 0.748156 0.254618 
1 1 1 1 1 1 1 1 1 1 1 1 1 1 1 1 1 1 1 1 0.999999 0.999996 0.999987 0.999962 0.999888 0.99969 0.999186 0.997964 0.995136 0.988912 0.976075 0.952749 0.922432 0.89799 0.87987 0.863126 0.845283 0.826247 0.807028 0.788166 0.769412 0.750948 0.251844 
1 1 1 1 1 1 1 1 1 1 1 1 1 1 1 1 1 1 1 1 0.999999 0.999997 0.99999 0.999969 0.999908 0.999745 0.999324 0.998294 0.995891 0.990547 0.979344 0.958216 0.928114 0.901807 0.882795 0.866005 0.848396 0.829453 0.810123 0.791121 0.772283 0.753759 0.249052 
1 1 1 1 1 1 1 1 1 1 1 1 1 1 1 1 1 1 1 1 0.999999 0.999998 0.999992 0.999975 0.999925 0.99979 0.999439 0.998573 0.996535 0.991956 0.982221 0.963298 0.934073 0.905975 0.885819 0.868861 0.851472 0.832671 0.813258 0.794108 0.775174 0.756588 0.246241 
1 1 1 1 1 1 1 1 1 1 1 1 1 1 1 1 1 1 1 1 0.999999 0.999998 0.999994 0.99998 0.999939 0.999827 0.999535 0.998808 0.997082 0.993168 0.984738 0.967941 0.940169 0.910548 0.888985 0.87171 0.854507 0.83589 0.816431 0.797131 0.778087 0.759436 0.243412 
1 1 1 1 1 1 1 1 1 1 1 1 1 1 1 1 1 1 1 1 1 0.999998 0.999995 0.999983 0.99995 0.999858 0.999615 0.999006 0.997547 0.994207 0.986931 0.972129 0.946239 0.915561 0.892338 0.874571 0.857499 0.839101 0.819638 0.800191 0.781026 0.762302 0.240564 
1 1 1 1 1 1 1 1 1 1 1 1 1 1 1 1 1 1 1 1 1 0.999999 0.999996 0.999987 0.99996 0.999884 0.999682 0.999172 0.99794 0.995096 0.988833 0.975865 0.952128 0.921012 0.895934 0.87747 0.86045 0.84229 0.822874 0.803291 0.783991 0.765189 0.237698 
1 1 1 1 1 1 1 1 1 1 1 1 1 1 1 1 1 1 1 1 1 0.999999 0.999997 0.999989 0.999967 0.999905 0.999738 0.999311 0.998273 0.995856 0.990478 0.97917 0.957704 0.926849 0.899833 0.880436 0.863367 0.84545 0.826132 0.806433 0.786986 0.768096 0.234811 
1 1 1 1 1 1 1 1 1 1 1 1 1 1 1 1 1 1 1 1 1 0.999999 0.999997 0.999991 0.999973 0.999922 0.999784 0.999428 0.998554 0.996503 0.991896 0.982077 0.962877 0.932968 0.904096 0.883507 0.86626 0.848572 0.829402 0.809616 0.790015 0.771025 0.231904 
1 1 1 1 1 1 1 1 1 1 1 1 1 1 1 1 1 1 1 1 1 0.999999 0.999998 0.999993 0.999978 0.999936 0.999822 0.999525 0.998791 0.997053 0.993115 0.984617 0.967597 0.93922 0.908782 0.886724 0.869146 0.85165 0.832674 0.812838 0.79308 0.773979 0.228975 
1 1 1 1 1 1 1 1 1 1 1 1 1 1 1 1 1 1 1 1 1 1 0.999998 0.999994 0.999983 0.999948 0.999854 0.999607 0.99899 0.99752 0.994161 0.986829 0.971846 0.945437 0.913924 0.890137 0.872046 0.854684 0.835935 0.816097 0.796184 0.77696 0.226021 
1 1 1 1 1 1 1 1 1 1 1 1 1 1 1 1 1 1 1 1 1 1 0.999999 0.999996 0.999986 0.999958 0.99988 0.999674 0.999158 0.997916 0.995055 0.988747 0.975632 0.951457 0.919521 0.893802 0.874984 0.857676 0.839176 0.819385 0.79933 0.779971 0.22304 
1 1 1 1 1 1 1 1 1 1 1 1 1 1 1 1 1 1 1 1 1 1 0.999999 0.999996 0.999989 0.999966 0.999901 0.999731 0.999299 0.998252 0.995819 0.990404 0.978978 0.957148 0.925515 0.897781 0.877994 0.860632 0.842384 0.822696 0.802519 0.783014 0.220029 
1 1 1 1 1 1 1 1 1 1 1 1 1 1 1 1 1 1 1 1 1 1 0.999999 0.999997 0.999991 0.999972 0.999919 0.999778 0.999417 0.998535 0.99647 0.991832 0.981917 0.962418 0.931796 0.90214 0.881112 0.863565 0.845554 0.82602 0.80575 0.786093 0.216986 
1 1 1 1 1 1 1 1 1 1 1 1 1 1 1 1 1 1 1 1 1 1 0.999999 0.999998 0.999993 0.999977 0.999934 0.999817 0.999515 0.998774 0.997023 0.993059 0.984484 0.967218 0.938208 0.906938 0.884381 0.86649 0.848679 0.829344 0.809022 0.78921 0.213907 
1 1 1 1 1 1 1 1 1 1 1 1 1 1 1 1 1 1 1 1 1 1 0.999999 0.999998 0.999994 0.999982 0.999946 0.999849 0.999598 0.998975 0.997494 0.994111 0.986717 0.971534 0.944576 0.91221 0.887854 0.86943 0.851757 0.832659 0.812332 0.792368 0.21079 
1 1 1 1 1 1 1 1 1 1 1 1 1 1 1 1 1 1 1 1 1 1 1 0.999999 0.999995 0.999985 0.999956 0.999876 0.999667 0.999144 0.997892 0.995012 0.988652 0.975375 0.950734 0.917953 0.891588 0.87241 0.854792 0.835952 0.815673 0.795569 0.207632 
1 1 1 1 1 1 1 1 1 1 1 1 1 1 1 1 1 1 1 1 1 1 1 0.999999 0.999996 0.999988 0.999964 0.999898 0.999724 0.999286 0.99823 0.99578 0.990323 0.978765 0.956545 0.924106 0.895648 0.875464 0.857791 0.839212 0.819038 0.798813 0.204431 
1 1 1 1 1 1 1 1 1 1 1 1 1 1 1 1 1 1 1 1 1 1 1 0.999999 0.999997 0.99999 0.999971 0.999916 0.999772 0.999406 0.998515 0.996436 0.991762 0.98174 0.961918 0.930552 0.900102 0.87863 0.860765 0.842431 0.822416 0.802098 0.201187 
1 1 1 1 1 1 1 1 1 1 1 1 1 1 1 1 1 1 1 1 1 1 1 0.999999 0.999997 0.999992 0.999976 0.999931 0.999812 0.999506 0.998756 0.996993 0.992999 0.984337 0.966805 0.937129 0.905012 0.881953 0.863731 0.845604 0.825797 0.805423 0.197902 
1 1 1 1 1 1 1 1 1 1 1 1 1 1 1 1 1 1 1 1 1 1 1 0.999999 0.999998 0.999994 0.999981 0.999944 0.999845 0.999589 0.99896 0.997467 0.994059 0.986594 0.971192 0.943654 0.910414 0.885486 0.866713 0.84873 0.829167 0.80878 0.194577 
1 1 1 1 1 1 1 1 1 1 1 1 1 1 1 1 1 1 1 1 1 1 1 1 0.999998 0.999995 0.999984 0.999954 0.999872 0.999659 0.99913 0.997868 0.994966 0.988548 0.975092 0.949954 0.916304 0.889289 0.869737 0.851811 0.832515 0.812165 0.19122 
1 1 1 1 1 1 1 1 1 1 1 1 1 1 1 1 1 1 1 1 1 1 1 1 0.999999 0.999996 0.999987 0.999962 0.999895 0.999717 0.999274 0.998209 0.99574 0.990235 0.978532 0.955892 0.922618 0.89343 0.872836 0.854854 0.835831 0.815568 0.187835 
1 1 1 1 1 1 1 1 1 1 1 1 1 1 1 1 1 1 1 1 1 1 1 1 0.999999 0.999997 0.99999 0.999969 0.999913 0.999766 0.999395 0.998496 0.9964 0.991688 0.981547 0.961374 0.929232 0.897979 0.876051 0.857873 0.839106 0.818978 0.184432 
1 1 1 1 1 1 1 1 1 1 1 1 1 1 1 1 1 1 1 1 1 1 1 1 0.999999 0.999997 0.999992 0.999975 0.999929 0.999807 0.999496 0.998739 0.996962 0.992935 0.984176 0.966354 0.935978 0.903 0.879428 0.860884 0.842334 0.822385 0.181022 
1 1 1 1 1 1 1 1 1 1 1 1 1 1 1 1 1 1 1 1 1 1 1 1 0.999999 0.999998 0.999993 0.99998 0.999942 0.99984 0.999581 0.998944 0.997439 0.994004 0.986459 0.970819 0.942664 0.908532 0.883021 0.86391 0.845513 0.825777 0.177615 
1 1 1 1 1 1 1 1 1 1 1 1 1 1 1 1 1 1 1 1 1 1 1 1 0.999999 0.999998 0.999994 0.999983 0.999952 0.999868 0.999652 0.999117 0.997844 0.994918 0.988435 0.974784 0.949114 0.91457 0.886893 0.866979 0.848646 0.829144 0.174223 
1 1 1 1 1 1 1 1 1 1 1 1 1 1 1 1 1 1 1 1 1 1 1 1 1 0.999999 0.999996 0.999986 0.999961 0.999891 0.999711 0.999262 0.998187 0.995699 0.99014 0.978277 0.955186 0.921047 0.891113 0.870127 0.851742 0.832476 0.170856 
1 1 1 1 1 1 1 1 1 1 1 1 1 1 1 1 1 1 1 1 1 1 1 1 1 0.999999 0.999996 0.999989 0.999968 0.99991 0.99976 0.999384 0.998477 0.996364 0.991607 0.981335 0.960785 0.927833 0.895756 0.873393 0.854812 0.835767 0.167524 
1 1 1 1 1 1 1 1 1 1 1 1 1 1 1 1 1 1 1 1 1 1 1 1 1 0.999999 0.999997 0.999991 0.999974 0.999926 0.999802 0.999487 0.998722 0.99693 0.992866 0.984 0.965864 0.934752 0.900888 0.876826 0.857874 0.839014 0.164233 
1 1 1 1 1 1 1 1 1 1 1 1 1 1 1 1 1 1 1 1 1 1 1 1 1 0.999999 0.999998 0.999993 0.999979 0.999939 0.999836 0.999573 0.998929 0.997411 0.993945 0.986313 0.970412 0.941606 0.90655 0.88048 0.860952 0.842217 0.160986 
1 1 1 1 1 1 1 1 1 1 1 1 1 1 1 1 1 1 1 1 1 1 1 1 1 0.999999 0.999998 0.999994 0.999983 0.99995 0.999864 0.999645 0.999104 0.997819 0.994867 0.988313 0.974447 0.948213 0.912736 0.884421 0.864075 0.845382 0.157783 
1 1 1 1 1 1 1 1 1 1 1 1 1 1 1 1 1 1 1 1 1 1 1 1 1 1 0.999998 0.999995 0.999986 0.999959 0.999888 0.999705 0.99925 0.998165 0.995655 0.990037 0.977998 0.954425 0.919377 0.888721 0.867278 0.848519 0.154618 
1 1 1 1 1 1 1 1 1 1 1 1 1 1 1 1 1 1 1 1 1 1 1 1 1 1 0.999999 0.999996 0.999988 0.999967 0.999908 0.999755 0.999374 0.998458 0.996326 0.99152 0.981104 0.960147 0.926338 0.893457 0.870601 0.851644 0.151481 
1 1 1 1 1 1 1 1 1 1 1 1 1 1 1 1 1 1 1 1 1 1 1 1 1 1 0.999999 0.999997 0.999991 0.999973 0.999924 0.999797 0.999478 0.998705 0.996897 0.992793 0.983808 0.965332 0.933437 0.898698 0.874095 0.854778 0.148356 
1 1 1 1 1 1 1 1 1 1 1 1 1 1 1 1 1 1 1 1 1 1 1 1 1 1 0.999999 0.999998 0.999992 0.999978 0.999937 0.999832 0.999565 0.998914 0.997382 0.993882 0.986153 0.969971 0.940467 0.904487 0.877814 0.857949 0.145222 
1 1 1 1 1 1 1 1 1 1 1 1 1 1 1 1 1 1 1 1 1 1 1 1 1 1 0.999999 0.999998 0.999994 0.999982 0.999949 0.999861 0.999637 0.99909 0.997794 0.994814 0.98818 0.974081 0.947238 0.91082 0.881824 0.861193 0.142051 
1 1 1 1 1 1 1 1 1 1 1 1 1 1 1 1 1 1 1 1 1 1 1 1 1 1 1 0.999998 0.999995 0.999985 0.999958 0.999885 0.999698 0.999239 0.998143 0.995609 0.989926 0.977694 0.9536 0.917625 0.886197 0.86455 0.138807 
1 1 1 1 1 1 1 1 1 1 1 1 1 1 1 1 1 1 1 1 1 1 1 1 1 1 1 0.999999 0.999996 0.999988 0.999965 0.999905 0.999749 0.999363 0.998438 0.996286 0.991426 0.980852 0.959454 0.924764 0.891012 0.868071 0.13545 
1 1 1 1 1 1 1 1 1 1 1 1 1 1 1 1 1 1 1 1 1 1 1 1 1 1 1 0.999999 0.999997 0.99999 0.999972 0.999922 0.999792 0.999468 0.998688 0.996862 0.992714 0.9836 0.964753 0.932046 0.896337 0.871813 0.131929 
1 1 1 1 1 1 1 1 1 1 1 1 1 1 1 1 1 1 1 1 1 1 1 1 1 1 1 0.999999 0.999997 0.999992 0.999977 0.999935 0.999828 0.999556 0.998899 0.997352 0.993815 0.98598 0.96949 0.939258 0.902219 0.875839 0.128187 
1 1 1 1 1 1 1 1 1 1 1 1 1 1 1 1 1 1 1 1 1 1 1 1 1 1 1 0.999999 0.999998 0.999993 0.999981 0.999947 0.999857 0.99963 0.999077 0.997767 0.994757 0.988035 0.973681 0.946202 0.908653 0.880219 0.124161 
1 1 1 1 1 1 1 1 1 1 1 1 1 1 1 1 1 1 1 1 1 1 1 1 1 1 1 0.999999 0.999998 0.999995 0.999984 0.999956 0.999882 0.999692 0.999227 0.99812 0.99556 0.989805 0.977363 0.952722 0.915569 0.885016 0.119781 
1 1 1 1 1 1 1 1 1 1 1 1 1 1 1 1 1 1 1 1 1 1 1 1 1 1 1 1 0.999999 0.999996 0.999987 0.999964 0.999902 0.999744 0.999353 0.998418 0.996244 0.991326 0.980579 0.958717 0.922833 0.890286 0.114984 
1 1 1 1 1 1 1 1 1 1 1 1 1 1 1 1 1 1 1 1 1 1 1 1 1 1 1 1 0.999999 0.999997 0.99999 0.999971 0.999919 0.999787 0.999459 0.99867 0.996826 0.992629 0.983373 0.964138 0.930255 0.896058 0.109714 
1 1 1 1 1 1 1 1 1 1 1 1 1 1 1 1 1 1 1 1 1 1 1 1 1 1 1 1 0.999999 0.999997 0.999992 0.999976 0.999933 0.999823 0.999549 0.998884 0.997321 0.993744 0.985792 0.968978 0.937625 0.902324 0.103942 
1 1 1 1 1 1 1 1 1 1 1 1 1 1 1 1 1 1 1 1 1 1 1 1 1 1 1 1 0.999999 0.999998 0.999993 0.99998 0.999945 0.999854 0.999623 0.999063 0.997741 0.994696 0.987879 0.973257 0.944745 0.909029 0.0976755 
1 1 1 1 1 1 1 1 1 1 1 1 1 1 1 1 1 1 1 1 1 1 1 1 1 1 1 1 0.999999 0.999998 0.999994 0.999984 0.999955 0.999879 0.999686 0.999215 0.998096 0.995509 0.989675 0.977012 0.951451 0.916063 0.0909711 
1 1 1 1 1 1 1 1 1 1 1 1 1 1 1 1 1 1 1 1 1 1 1 1 1 1 1 1 1 0.999999 0.999995 0.999987 0.999963 0.9999 0.999739 0.999343 0.998398 0.9962 0.991217 0.980288 0.957632 0.92328 0.0839369 
1 1 1 1 1 1 1 1 1 1 1 1 1 1 1 1 1 1 1 1 1 1 1 1 1 1 1 1 1 0.999999 0.999996 0.999989 0.999969 0.999917 0.999783 0.99945 0.998653 0.996789 0.992538 0.983132 0.96323 0.930512 0.0767204 
1 1 1 1 1 1 1 1 1 1 1 1 1 1 1 1 1 1 1 1 1 1 1 1 1 1 1 1 1 0.999999 0.999997 0.999991 0.999975 0.999931 0.999819 0.999541 0.998868 0.997289 0.993668 0.985593 0.968231 0.937598 0.0694879 
1 1 1 1 1 1 1 1 1 1 1 1 1 1 1 1 1 1 1 1 1 1 1 1 1 1 1 1 1 0.999999 0.999998 0.999993 0.999979 0.999943 0.99985 0.999616 0.99905 0.997713 0.994632 0.987714 0.97265 0.944397 0.0624018 
1 1 1 1 1 1 1 1 1 1 1 1 1 1 1 1 1 1 1 1 1 1 1 1 1 1 1 1 1 0.999999 0.999998 0.999994 0.999983 0.999953 0.999876 0.99968 0.999203 0.998072 0.995454 0.989538 0.976522 0.950801 0.0556026 
1 1 1 1 1 1 1 1 1 1 1 1 1 1 1 1 1 1 1 1 1 1 1 1 1 1 1 1 1 0.999999 0.999998 0.999995 0.999986 0.999962 0.999897 0.999733 0.999332 0.998377 0.996154 0.991102 0.979894 0.956737 0.0491986 
1 1 1 1 1 1 1 1 1 1 1 1 1 1 1 1 1 1 1 1 1 1 1 1 1 1 1 1 1 1 0.999999 0.999996 0.999989 0.999968 0.999915 0.999778 0.999441 0.998635 0.996749 0.992442 0.982817 0.962162 0.0432635 
1 1 1 1 1 1 1 1 1 1 1 1 1 1 1 1 1 1 1 1 1 1 1 1 1 1 1 1 1 1 0.999999 0.999997 0.999991 0.999974 0.999929 0.999815 0.999533 0.998852 0.997255 0.993587 0.985339 0.967063 0.0378384 
1 1 1 1 1 1 1 1 1 1 1 1 1 1 1 1 1 1 1 1 1 1 1 1 1 1 1 1 1 1 0.999999 0.999997 0.999992 0.999979 0.999942 0.999847 0.99961 0.999036 0.997684 0.994564 0.98751 0.971446 0.0329375 
1 1 1 1 1 1 1 1 1 1 1 1 1 1 1 1 1 1 1 1 1 1 1 1 1 1 1 1 1 1 0.999999 0.999998 0.999994 0.999982 0.999952 0.999873 0.999674 0.999191 0.998047 0.995397 0.989373 0.975334 0.0285539 
1 1 1 1 1 1 1 1 1 1 1 1 1 1 1 1 1 1 1 1 1 1 1 1 1 1 1 1 1 1 0.999999 0.999998 0.999995 0.999986 0.99996 0.999894 0.999728 0.999322 0.998355 0.996106 0.990968 0.978758 0.0246658 
1 1 1 1 1 1 1 1 1 1 1 1 1 1 1 1 1 1 1 1 1 1 1 1 1 1 1 1 1 1 1 0.999999 0.999996 0.999988 0.999967 0.999912 0.999774 0.999432 0.998616 0.996708 0.992332 0.981756 0.0212416 
1 1 1 1 1 1 1 1 1 1 1 1 1 1 1 1 1 1 1 1 1 1 1 1 1 1 1 1 1 1 1 0.999999 0.999997 0.99999 0.999973 0.999928 0.999811 0.999525 0.998836 0.99722 0.993497 0.984367 0.0182438 
1 1 1 1 1 1 1 1 1 1 1 1 1 1 1 1 1 1 1 1 1 1 1 1 1 1 1 1 1 1 1 0.999999 0.999997 0.999992 0.999978 0.99994 0.999843 0.999603 0.999022 0.997654 0.99449 0.986632 0.0156327 
1 1 1 1 1 1 1 1 1 1 1 1 1 1 1 1 1 1 1 1 1 1 1 1 1 1 1 1 1 1 1 0.999999 0.999998 0.999994 0.999982 0.99995 0.99987 0.999668 0.999179 0.998022 0.995335 0.988589 0.013368 
1 1 1 1 1 1 1 1 1 1 1 1 1 1 1 1 1 1 1 1 1 1 1 1 1 1 1 1 1 1 1 0.999999 0.999998 0.999995 0.999985 0.999959 0.999892 0.999723 0.999312 0.998333 0.996053 0.990275 0.0114109 
1 1 1 1 1 1 1 1 1 1 1 1 1 1 1 1 1 1 1 1 1 1 1 1 1 1 1 1 1 1 1 1 0.999999 0.999996 0.999988 0.999966 0.99991 0.999769 0.999423 0.998597 0.996664 0.991724 0.00972485 
1 1 1 1 1 1 1 1 1 1 1 1 1 1 1 1 1 1 1 1 1 1 1 1 1 1 1 1 1 1 1 1 0.999999 0.999997 0.99999 0.999972 0.999926 0.999808 0.999517 0.99882 0.997183 0.992966 0.00827621 
1 1 1 1 1 1 1 1 1 1 1 1 1 1 1 1 1 1 1 1 1 1 1 1 1 1 1 1 1 1 1 1 0.999999 0.999997 0.999992 0.999977 0.999938 0.99984 0.999596 0.999008 0.997622 0.994028 0.00703439 
1 1 1 1 1 1 1 1 1 1 1 1 1 1 1 1 1 1 1 1 1 1 1 1 1 1 1 1 1 1 1 1 0.999999 0.999998 0.999993 0.999981 0.999949 0.999867 0.999662 0.999167 0.997995 0.994935 0.00597196 
1 1 1 1 1 1 1 1 1 1 1 1 1 1 1 1 1 1 1 1 1 1 1 1 1 1 1 1 1 1 1 1 0.999999 0.999998 0.999994 0.999984 0.999958 0.999889 0.999718 0.999301 0.99831 0.995709 0.00506459 
1 1 1 1 1 1 1 1 1 1 1 1 1 1 1 1 1 1 1 1 1 1 1 1 1 1 1 1 1 1 1 1 0.999999 0.999998 0.999996 0.999987 0.999965 0.999908 0.999764 0.999414 0.998577 0.996368 0.00429084 
1 1 1 1 1 1 1 1 1 1 1 1 1 1 1 1 1 1 1 1 1 1 1 1 1 1 1 1 1 1 1 1 1 0.999999 0.999996 0.99999 0.999971 0.999924 0.999804 0.999509 0.998803 0.996929 0.00363193 
1 1 1 1 1 1 1 1 1 1 1 1 1 1 1 1 1 1 1 1 1 1 1 1 1 1 1 1 1 1 1 1 1 0.999999 0.999997 0.999991 0.999976 0.999937 0.999836 0.999589 0.998993 0.997405 0.0030715 
1 1 1 1 1 1 1 1 1 1 1 1 1 1 1 1 1 1 1 1 1 1 1 1 1 1 1 1 1 1 1 1 1 0.999999 0.999998 0.999993 0.99998 0.999948 0.999864 0.999656 0.999154 0.997809 0.00259536 
1 1 1 1 1 1 1 1 1 1 1 1 1 1 1 1 1 1 1 1 1 1 1 1 1 1 1 1 1 1 1 1 1 0.999999 0.999998 0.999994 0.999984 0.999957 0.999887 0.999713 0.99929 0.998151 0.00219126 
1 1 1 1 1 1 1 1 1 1 1 1 1 1 1 1 1 1 1 1 1 1 1 1 1 1 1 1 1 1 1 1 1 0.999999 0.999998 0.999995 0.999987 0.999964 0.999906 0.99976 0.999404 0.998442 0.00184863 
1 1 1 1 1 1 1 1 1 1 1 1 1 1 1 1 1 1 1 1 1 1 1 1 1 1 1 1 1 1 1 1 1 1 0.999999 0.999996 0.999989 0.99997 0.999922 0.9998 0.999501 0.998687 0.00155836 
1 1 1 1 1 1 1 1 1 1 1 1 1 1 1 1 1 1 1 1 1 1 1 1 1 1 1 1 1 1 1 1 1 1 0.999999 0.999997 0.999991 0.999976 0.999935 0.999833 0.999582 0.998895 0.00131268 
1 1 1 1 1 1 1 1 1 1 1 1 1 1 1 1 1 1 1 1 1 1 1 1 1 1 1 1 1 1 1 1 1 1 0.999999 0.999997 0.999993 0.99998 0.999946 0.999861 0.99965 0.999071 0.00110491 
1 1 1 1 1 1 1 1 1 1 1 1 1 1 1 1 1 1 1 1 1 1 1 1 1 1 1 1 1 1 1 1 1 1 0.999999 0.999998 0.999994 0.999983 0.999955 0.999884 0.999707 0.999219 0.000929327 
1 1 1 1 1 1 1 1 1 1 1 1 1 1 1 1 1 1 1 1 1 1 1 1 1 1 1 1 1 1 1 1 1 1 0.999999 0.999998 0.999995 0.999986 0.999963 0.999904 0.999755 0.999344 0.00078107 
1 1 1 1 1 1 1 1 1 1 1 1 1 1 1 1 1 1 1 1 1 1 1 1 1 1 1 1 1 1 1 1 1 1 1 0.999999 0.999996 0.999989 0.99997 0.99992 0.999796 0.999449 0.000655981 
1 1 1 1 1 1 1 1 1 1 1 1 1 1 1 1 1 1 1 1 1 1 1 1 1 1 1 1 1 1 1 1 1 1 1 0.999999 0.999997 0.999991 0.999975 0.999934 0.999829 0.999538 0.000550519 
1 1 1 1 1 1 1 1 1 1 1 1 1 1 1 1 1 1 1 1 1 1 1 1 1 1 1 1 1 1 1 1 1 1 1 0.999999 0.999997 0.999992 0.999979 0.999945 0.999858 0.999613 0.000461671 
1 1 1 1 1 1 1 1 1 1 1 1 1 1 1 1 1 1 1 1 1 1 1 1 1 1 1 1 1 1 1 1 1 1 1 0.999999 0.999998 0.999994 0.999983 0.999954 0.999882 0.999676 0.000386876 
1 1 1 1 1 1 1 1 1 1 1 1 1 1 1 1 1 1 1 1 1 1 1 1 1 1 1 1 1 1 1 1 1 1 1 0.999999 0.999998 0.999995 0.999986 0.999962 0.999901 0.999729 0.000323958 
1 1 1 1 1 1 1 1 1 1 1 1 1 1 1 1 1 1 1 1 1 1 1 1 1 1 1 1 1 1 1 1 1 1 1 1 0.999999 0.999996 0.999988 0.999969 0.999918 0.999773 0.000271071 
1 1 1 1 1 1 1 1 1 1 1 1 1 1 1 1 1 1 1 1 1 1 1 1 1 1 1 1 1 1 1 1 1 1 1 1 0.999999 0.999997 0.99999 0.999974 0.999932 0.999811 0.000226649 
1 1 1 1 1 1 1 1 1 1 1 1 1 1 1 1 1 1 1 1 1 1 1 1 1 1 1 1 1 1 1 1 1 1 1 1 0.999999 0.999997 0.999992 0.999979 0.999943 0.999842 0.000189365 
1 1 1 1 1 1 1 1 1 1 1 1 1 1 1 1 1 1 1 1 1 1 1 1 1 1 1 1 1 1 1 1 1 1 1 1 0.999999 0.999998 0.999994 0.999982 0.999953 0.999868 0.000158095 
1 1 1 1 1 1 1 1 1 1 1 1 1 1 1 1 1 1 1 1 1 1 1 1 1 1 1 1 1 1 1 1 1 1 1 1 0.999999 0.999998 0.999995 0.999985 0.999961 0.99989 0.00013189 
1 1 1 1 1 1 1 1 1 1 1 1 1 1 1 1 1 1 1 1 1 1 1 1 1 1 1 1 1 1 1 1 1 1 1 1 0.999999 0.999998 0.999996 0.999988 0.999968 0.999908 0.000109946 
1 1 1 1 1 1 1 1 1 1 1 1 1 1 1 1 1 1 1 1 1 1 1 1 1 1 1 1 1 1 1 1 1 1 1 1 1 0.999999 0.999996 0.99999 0.999973 0.999924 9.1584e-05 
1 1 1 1 1 1 1 1 1 1 1 1 1 1 1 1 1 1 1 1 1 1 1 1 1 1 1 1 1 1 1 1 1 1 1 1 1 0.999999 0.999997 0.999992 0.999978 0.999937 7.62309e-05 
1 1 1 1 1 1 1 1 1 1 1 1 1 1 1 1 1 1 1 1 1 1 1 1 1 1 1 1 1 1 1 1 1 1 1 1 1 0.999999 0.999998 0.999993 0.999982 0.999947 6.34037e-05 
1 1 1 1 1 1 1 1 1 1 1 1 1 1 1 1 1 1 1 1 1 1 1 1 1 1 1 1 1 1 1 1 1 1 1 1 1 0.999999 0.999998 0.999994 0.999985 0.999956 5.26951e-05 
1 1 1 1 1 1 1 1 1 1 1 1 1 1 1 1 1 1 1 1 1 1 1 1 1 1 1 1 1 1 1 1 1 1 1 1 1 0.999999 0.999998 0.999995 0.999988 0.999964 4.37621e-05 
1 1 1 1 1 1 1 1 1 1 1 1 1 1 1 1 1 1 1 1 1 1 1 1 1 1 1 1 1 1 1 1 1 1 1 1 1 1 0.999999 0.999996 0.99999 0.99997 3.6316e-05 
1 1 1 1 1 1 1 1 1 1 1 1 1 1 1 1 1 1 1 1 1 1 1 1 1 1 1 1 1 1 1 1 1 1 1 1 1 1 0.999999 0.999997 0.999992 0.999975 3.01142e-05 
1 1 1 1 1 1 1 1 1 1 1 1 1 1 1 1 1 1 1 1 1 1 1 1 1 1 1 1 1 1 1 1 1 1 1 1 1 1 0.999999 0.999997 0.999993 0.999979 2.49527e-05 
1 1 1 1 1 1 1 1 1 1 1 1 1 1 1 1 1 1 1 1 1 1 1 1 1 1 1 1 1 1 1 1 1 1 1 1 1 1 0.999999 0.999998 0.999994 0.999983 2.06603e-05 
1 1 1 1 1 1 1 1 1 1 1 1 1 1 1 1 1 1 1 1 1 1 1 1 1 1 1 1 1 1 1 1 1 1 1 1 1 1 0.999999 0.999998 0.999995 0.999986 1.70936e-05 
1 1 1 1 1 1 1 1 1 1 1 1 1 1 1 1 1 1 1 1 1 1 1 1 1 1 1 1 1 1 1 1 1 1 1 1 1 1 1 0.999999 0.999996 0.999988 1.4132e-05 
1 1 1 1 1 1 1 1 1 1 1 1 1 1 1 1 1 1 1 1 1 1 1 1 1 1 1 1 1 1 1 1 1 1 1 1 1 1 1 0.999999 0.999997 0.99999 1.16749e-05 
1 1 1 1 1 1 1 1 1 1 1 1 1 1 1 1 1 1 1 1 1 1 1 1 1 1 1 1 1 1 1 1 1 1 1 1 1 1 1 0.999999 0.999997 0.999992 9.63781e-06 
1 1 1 1 1 1 1 1 1 1 1 1 1 1 1 1 1 1 1 1 1 1 1 1 1 1 1 1 1 1 1 1 1 1 1 1 1 1 1 0.999999 0.999998 0.999993 7.95031e-06 
1 1 1 1 1 1 1 1 1 1 1 1 1 1 1 1 1 1 1 1 1 1 1 1 1 1 1 1 1 1 1 1 1 1 1 1 1 1 1 0.999999 0.999998 0.999995 6.55347e-06 
1 1 1 1 1 1 1 1 1 1 1 1 1 1 1 1 1 1 1 1 1 1 1 1 1 1 1 1 1 1 1 1 1 1 1 1 1 1 1 1 0.999999 0.999996 5.39809e-06 
1 1 1 1 1 1 1 1 1 1 1 1 1 1 1 1 1 1 1 1 1 1 1 1 1 1 1 1 1 1 1 1 1 1 1 1 1 1 1 1 0.999999 0.999996 4.44318e-06 
1 1 1 1 1 1 1 1 1 1 1 1 1 1 1 1 1 1 1 1 1 1 1 1 1 1 1 1 1 1 1 1 1 1 1 1 1 1 1 1 0.999999 0.999997 3.65454e-06 
1 1 1 1 1 1 1 1 1 1 1 1 1 1 1 1 1 1 1 1 1 1 1 1 1 1 1 1 1 1 1 1 1 1 1 1 1 1 1 1 0.999999 0.999998 3.00372e-06 
1 1 1 1 1 1 1 1 1 1 1 1 1 1 1 1 1 1 1 1 1 1 1 1 1 1 1 1 1 1 1 1 1 1 1 1 1 1 1 1 0.999999 0.999998 2.46703e-06 
1 1 1 1 1 1 1 1 1 1 1 1 1 1 1 1 1 1 1 1 1 1 1 1 1 1 1 1 1 1 1 1 1 1 1 1 1 1 1 1 0.999999 0.999998 2.0248e-06 
1 1 1 1 1 1 1 1 1 1 1 1 1 1 1 1 1 1 1 1 1 1 1 1 1 1 1 1 1 1 1 1 1 1 1 1 1 1 1 1 1 0.999999 1.66066e-06 
1 1 1 1 1 1 1 1 1 1 1 1 1 1 1 1 1 1 1 1 1 1 1 1 1 1 1 1 1 1 1 1 1 1 1 1 1 1 1 1 1 0.999999 1.36105e-06 
1 1 1 1 1 1 1 1 1 1 1 1 1 1 1 1 1 1 1 1 1 1 1 1 1 1 1 1 1 1 1 1 1 1 1 1 1 1 1 1 1 0.999999 1.11472e-06 
1 1 1 1 1 1 1 1 1 1 1 1 1 1 1 1 1 1 1 1 1 1 1 1 1 1 1 1 1 1 1 1 1 1 1 1 1 1 1 1 1 0.999999 9.12337e-07 
1 1 1 1 1 1 1 1 1 1 1 1 1 1 1 1 1 1 1 1 1 1 1 1 1 1 1 1 1 1 1 1 1 1 1 1 1 1 1 1 1 0.999999 7.46184e-07 
1 1 1 1 1 1 1 1 1 1 1 1 1 1 1 1 1 1 1 1 1 1 1 1 1 1 1 1 1 1 1 1 1 1 1 1 1 1 1 1 1 1 6.09873e-07 
1 1 1 1 1 1 1 1 1 1 1 1 1 1 1 1 1 1 1 1 1 1 1 1 1 1 1 1 1 1 1 1 1 1 1 1 1 1 1 1 1 1 4.98124e-07 
1 1 1 1 1 1 1 1 1 1 1 1 1 1 1 1 1 1 1 1 1 1 1 1 1 1 1 1 1 1 1 1 1 1 1 1 1 1 1 1 1 1 4.06577e-07 
1 1 1 1 1 1 1 1 1 1 1 1 1 1 1 1 1 1 1 1 1 1 1 1 1 1 1 1 1 1 1 1 1 1 1 1 1 1 1 1 1 1 3.31633e-07 
1 1 1 1 1 1 1 1 1 1 1 1 1 1 1 1 1 1 1 1 1 1 1 1 1 1 1 1 1 1 1 1 1 1 1 1 1 1 1 1 1 1 2.70323e-07 
1 1 1 1 1 1 1 1 1 1 1 1 1 1 1 1 1 1 1 1 1 1 1 1 1 1 1 1 1 1 1 1 1 1 1 1 1 1 1 1 1 1 2.20203e-07 
1 1 1 1 1 1 1 1 1 1 1 1 1 1 1 1 1 1 1 1 1 1 1 1 1 1 1 1 1 1 1 1 1 1 1 1 1 1 1 1 1 1 1.79257e-07 
1 1 1 1 1 1 1 1 1 1 1 1 1 1 1 1 1 1 1 1 1 1 1 1 1 1 1 1 1 1 1 1 1 1 1 1 1 1 1 1 1 1 1.45831e-07 
1 1 1 1 1 1 1 1 1 1 1 1 1 1 1 1 1 1 1 1 1 1 1 1 1 1 1 1 1 1 1 1 1 1 1 1 1 1 1 1 1 1 1.18561e-07 
1 1 1 1 1 1 1 1 1 1 1 1 1 1 1 1 1 1 1 1 1 1 1 1 1 1 1 1 1 1 1 1 1 1 1 1 1 1 1 1 1 1 9.63287e-08 
1 1 1 1 1 1 1 1 1 1 1 1 1 1 1 1 1 1 1 1 1 1 1 1 1 1 1 1 1 1 1 1 1 1 1 1 1 1 1 1 1 1 7.82157e-08 
1 1 1 1 1 1 1 1 1 1 1 1 1 1 1 1 1 1 1 1 1 1 1 1 1 1 1 1 1 1 1 1 1 1 1 1 1 1 1 1 1 1 6.34685e-08 
1 1 1 1 1 1 1 1 1 1 1 1 1 1 1 1 1 1 1 1 1 1 1 1 1 1 1 1 1 1 1 1 1 1 1 1 1 1 1 1 1 1 5.14696e-08 
