1 1 0.975 0.95 0.925 0.9 0.875 0.85 0.825 0.8 0.775 0.75 0.725 0.7 0.675 0.65 0.625 0.6 0.575 0.55 0.525 0.5 0.475 0.45 0.425 0.4 0.375 0.35 0.325 0.3 0.275 0.25 0.225 0.2 0.175 0.15 0.125 0.1 0.075 0.05 0.025 0 0 
1 1 0.99475 0.96925 0.94375 0.91825 0.89275 0.86725 0.84175 0.81625 0.79075 0.76525 0.73975 0.71425 0.68875 0.66325 0.63775 0.61225 0.58675 0.56125 0.53575 0.51025 0.48475 0.45925 0.43375 0.40825 0.38275 0.35725 0.33175 0.30625 0.28075 0.25525 0.22975 0.20425 0.17875 0.15325 0.12775 0.10225 0.07675 0.05125 0.02575 0.00025 0 
1 1 0.998939 0.989283 0.963263 0.937242 0.911222 0.885202 0.859182 0.833162 0.807141 0.781121 0.755101 0.729081 0.703061 0.67704 0.65102 0.625 0.59898 0.57296 0.546939 0.520919 0.494899 0.468879 0.442859 0.416838 0.390818 0.364798 0.338778 0.312758 0.286737 0.260717 0.234697 0.208677 0.182657 0.156636 0.130616 0.104596 0.0785758 0.0525556 0.0265354 0.0005152 -0.00025 
1 1 0.999787 0.996962 0.983585 0.957023 0.930461 0.903899 0.877337 0.850776 0.824214 0.797652 0.77109 0.744528 0.717966 0.691405 0.664843 0.638281 0.611719 0.585157 0.558595 0.532034 0.505472 0.47891 0.452348 0.425786 0.399224 0.372663 0.346101 0.319539 0.292977 0.266415 0.239853 0.213291 0.18673 0.160168 0.133606 0.107044 0.0804823 0.0539204 0.0273586 0.000796745 -0.0005152 
1 1 0.999957 0.999219 0.994183 0.977641 0.950515 0.923389 0.896263 0.869136 0.84201 0.814884 0.787758 0.760631 0.733505 0.706379 0.679253 0.652126 0.625 0.597874 0.570747 0.543621 0.516495 0.489369 0.462242 0.435116 0.40799 0.380864 0.353737 0.326611 0.299485 0.272359 0.245232 0.218106 0.19098 0.163853 0.136727 0.109601 0.0824747 0.0553484 0.0282222 0.00109589 -0.000796745 
1 1 0.999991 0.999809 0.998198 0.990688 0.971437 0.943722 0.916007 0.888292 0.860577 0.832862 0.805147 0.777432 0.749717 0.722002 0.694287 0.666572 0.638857 0.611143 0.583428 0.555713 0.527998 0.500283 0.472568 0.444853 0.417138 0.389423 0.361708 0.333993 0.306278 0.278563 0.250848 0.223133 0.195419 0.167704 0.139989 0.112274 0.0845588 0.0568439 0.0291289 0.001414 -0.00109589 
1 1 0.999998 0.999955 0.999486 0.996663 0.986546 0.964953 0.936624 0.908294 0.879965 0.851635 0.823306 0.794977 0.766647 0.738318 0.709988 0.681659 0.653329 0.625 0.596671 0.568341 0.540012 0.511682 0.483353 0.455023 0.426694 0.398365 0.370035 0.341706 0.313376 0.285047 0.256717 0.228388 0.200059 0.171729 0.1434 0.11507 0.0867409 0.0584115 0.030082 0.0017526 -0.001414 
1 1 1 0.99999 0.999861 0.998917 0.994571 0.981809 0.958172 0.9292 0.900229 0.871258 0.842286 0.813315 0.784343 0.755372 0.7264 0.697429 0.668457 0.639486 0.610514 0.581543 0.552571 0.5236 0.494628 0.465657 0.436685 0.407714 0.378742 0.349771 0.3208 0.291828 0.262857 0.233885 0.204914 0.175942 0.146971 0.117999 0.0890278 0.0600563 0.0310848 0.00211334 -0.0017526 
1 1 1 0.999998 0.999964 0.999672 0.998037 0.991898 0.976514 0.951072 0.921429 0.891787 0.862144 0.832501 0.802858 0.773215 0.743572 0.713929 0.684286 0.654643 0.625 0.595357 0.565714 0.536071 0.506428 0.476785 0.447142 0.417499 0.387856 0.358213 0.328571 0.298928 0.269285 0.239642 0.209999 0.180356 0.150713 0.12107 0.0914269 0.061784 0.032141 0.00249806 -0.00211334 
1 1 1 0.999999 0.999991 0.999905 0.999343 0.996784 0.988627 0.970689 0.943632 0.913286 0.88294 0.852594 0.822248 0.791903 0.761557 0.731211 0.700865 0.670519 0.640173 0.609827 0.579481 0.549135 0.518789 0.488443 0.458097 0.427752 0.397406 0.36706 0.336714 0.306368 0.276022 0.245676 0.21533 0.184984 0.154638 0.124292 0.0939465 0.0636006 0.0332547 0.00290879 -0.00249806 
1 1 1 1 0.999998 0.999974 0.999793 0.998827 0.995105 0.984747 0.96435 0.935826 0.904744 0.873661 0.842578 0.811496 0.780413 0.74933 0.718248 0.687165 0.656083 0.625 0.593917 0.562835 0.531752 0.50067 0.469587 0.438504 0.407422 0.376339 0.345256 0.314174 0.283091 0.252009 0.220926 0.189843 0.158761 0.127678 0.0965956 0.065513 0.0344304 0.00334775 -0.00290879 
1 1 1 1 0.999999 0.999993 0.999938 0.999599 0.998074 0.99295 0.980253 0.957506 0.927627 0.895772 0.863916 0.832061 0.800205 0.76835 0.736494 0.704639 0.672783 0.640928 0.609072 0.577217 0.545361 0.513506 0.48165 0.449795 0.417939 0.386084 0.354228 0.322373 0.290517 0.258662 0.226806 0.194951 0.163095 0.13124 0.099384 0.0675285 0.035673 0.00381745 -0.00334775 
1 1 1 1 1 0.999998 0.999982 0.99987 0.999293 0.997031 0.990275 0.975137 0.950158 0.919006 0.886339 0.853671 0.821004 0.788337 0.755669 0.723002 0.690335 0.657667 0.625 0.592333 0.559665 0.526998 0.494331 0.461663 0.428996 0.396329 0.363661 0.330994 0.298327 0.265659 0.232992 0.200325 0.167657 0.13499 0.102323 0.0696553 0.036988 0.00432064 -0.00381745 
1 1 1 1 1 1 0.999995 0.999959 0.999754 0.998837 0.995645 0.987038 0.969395 0.942297 0.909929 0.876408 0.842887 0.809366 0.775845 0.742324 0.708803 0.675282 0.641761 0.608239 0.574718 0.541197 0.507676 0.474155 0.440634 0.407113 0.373592 0.340071 0.30655 0.273029 0.239508 0.205987 0.172466 0.138945 0.105424 0.0719025 0.0383815 0.00486042 -0.00432064 
1 1 1 1 1 1 0.999999 0.999988 0.999918 0.99957 0.998192 0.993864 0.983202 0.963018 0.93391 0.90036 0.86594 0.83152 0.7971 0.76268 0.72826 0.69384 0.65942 0.625 0.59058 0.55616 0.52174 0.48732 0.4529 0.41848 0.38406 0.34964 0.31522 0.2808 0.24638 0.21196 0.17754 0.14312 0.1087 0.0742802 0.0398602 0.00544023 -0.00486042 
1 1 1 1 1 1 1 0.999996 0.999974 0.999849 0.999293 0.997312 0.991634 0.978731 0.955996 0.924976 0.890258 0.854891 0.819523 0.784155 0.748787 0.713419 0.678052 0.642684 0.607316 0.571948 0.536581 0.501213 0.465845 0.430477 0.395109 0.359742 0.324374 0.289006 0.253638 0.218271 0.182903 0.147535 0.112167 0.0767995 0.0414317 0.00606392 -0.00544023 
1 1 1 1 1 1 1 0.999999 0.999992 0.999949 0.999737 0.998894 0.996152 0.9889 0.97359 0.948315 0.915467 0.879579 0.843211 0.806842 0.770474 0.734105 0.697737 0.661368 0.625 0.588632 0.552263 0.515895 0.479526 0.443158 0.406789 0.370421 0.334052 0.297684 0.261315 0.224947 0.188578 0.15221 0.115841 0.0794728 0.0431043 0.00673585 -0.00606392 
1 1 1 1 1 1 1 1 0.999998 0.999983 0.999907 0.999568 0.99834 0.994658 0.985608 0.967746 0.939956 0.905347 0.868273 0.830846 0.79342 0.755993 0.718567 0.68114 0.643713 0.606287 0.56886 0.531433 0.494007 0.45658 0.419154 0.381727 0.3443 0.306874 0.269447 0.232021 0.194594 0.157167 0.119741 0.0823141 0.0448875 0.00746089 -0.00673585 
1 1 1 1 1 1 1 1 0.999999 0.999995 0.999968 0.999839 0.999322 0.997594 0.992777 0.981703 0.961162 0.930893 0.894575 0.856283 0.817736 0.779189 0.740642 0.702094 0.663547 0.625 0.586453 0.547906 0.509358 0.470811 0.432264 0.393717 0.35517 0.316622 0.278075 0.239528 0.200981 0.162433 0.123886 0.085339 0.0467918 0.00824458 -0.00746089 
1 1 1 1 1 1 1 1 1 0.999998 0.999989 0.999942 0.999735 0.998974 0.996612 0.990449 0.977125 0.953801 0.921094 0.883101 0.843548 0.803812 0.764076 0.72434 0.684604 0.644868 0.605132 0.565396 0.52566 0.485924 0.446188 0.406452 0.366716 0.326981 0.287245 0.247509 0.207773 0.168037 0.128301 0.088565 0.0488291 0.00909318 -0.00824458 
1 1 1 1 1 1 1 1 1 1 0.999997 0.99998 0.999901 0.999583 0.998497 0.995347 0.987611 0.971816 0.945623 0.910519 0.870865 0.829995 0.788996 0.747997 0.706998 0.665999 0.625 0.584001 0.543002 0.502003 0.461004 0.420005 0.379006 0.338006 0.297007 0.256008 0.215009 0.17401 0.133011 0.092012 0.0510129 0.0100138 -0.00909318 
1 1 1 1 1 1 1 1 1 1 0.999999 0.999993 0.999964 0.999837 0.999365 0.99786 0.993747 0.984196 0.965712 0.936582 0.899121 0.857801 0.815547 0.773203 0.73086 0.688516 0.646172 0.603828 0.561484 0.51914 0.476797 0.434453 0.392109 0.349765 0.307421 0.265078 0.222734 0.18039 0.138046 0.0957023 0.0533585 0.0110146 -0.0100138 
1 1 1 1 1 1 1 1 1 1 1 0.999998 0.999987 0.999939 0.999742 0.999062 0.997023 0.991753 0.980129 0.958748 0.926628 0.886839 0.843829 0.800113 0.756335 0.712556 0.668778 0.625 0.581222 0.537444 0.493665 0.449887 0.406109 0.362331 0.318552 0.274774 0.230996 0.187218 0.14344 0.0996614 0.0558832 0.012105 -0.0110146 
1 1 1 1 1 1 1 1 1 1 1 0.999999 0.999996 0.999978 0.999899 0.999606 0.998651 0.995946 0.989297 0.97533 0.950851 0.915701 0.873604 0.82886 0.78359 0.738279 0.692967 0.647656 0.602344 0.557033 0.511721 0.46641 0.421099 0.375787 0.330476 0.285164 0.239853 0.194541 0.14923 0.103918 0.058607 0.0132955 -0.012105 
1 1 1 1 1 1 1 1 1 1 1 1 0.999999 0.999992 0.999962 0.999841 0.999414 0.998104 0.994577 0.986306 0.969711 0.941945 0.903734 0.85933 0.812788 0.765862 0.718908 0.671954 0.625 0.578046 0.531092 0.484138 0.437184 0.39023 0.343276 0.296322 0.249368 0.202415 0.155461 0.108507 0.0615527 0.0145987 -0.0132955 
1 1 1 1 1 1 1 1 1 1 1 1 1 0.999997 0.999986 0.999938 0.999755 0.999151 0.997388 0.992859 0.982695 0.963177 0.931944 0.890645 0.843917 0.795494 0.746794 0.698077 0.649359 0.600641 0.551923 0.503206 0.454488 0.40577 0.357053 0.308335 0.259617 0.2109 0.162182 0.113464 0.0647466 0.016029 -0.0145987 
1 1 1 1 1 1 1 1 1 1 1 1 1 0.999999 0.999995 0.999976 0.999901 0.999634 0.998796 0.996465 0.990727 0.978369 0.95562 0.920753 0.876338 0.827248 0.776838 0.726233 0.675616 0.625 0.574384 0.523767 0.473151 0.422534 0.371918 0.321302 0.270685 0.220069 0.169452 0.118836 0.0682195 0.017603 -0.016029 
1 1 1 1 1 1 1 1 1 1 1 1 1 1 0.999998 0.999991 0.999961 0.999848 0.999466 0.998325 0.995288 0.988103 0.973218 0.946922 0.908265 0.8607 0.809183 0.756658 0.703999 0.651333 0.598667 0.546001 0.493335 0.440669 0.388003 0.335337 0.282671 0.230005 0.177339 0.124673 0.0720067 0.0193407 -0.017603 
1 1 1 1 1 1 1 1 1 1 1 1 1 1 0.999999 0.999997 0.999985 0.999939 0.999771 0.999237 0.99771 0.993803 0.984895 0.967119 0.936952 0.894357 0.843594 0.789556 0.734766 0.679885 0.625 0.570115 0.51523 0.460345 0.40546 0.350575 0.29569 0.240805 0.18592 0.131035 0.07615 0.021265 -0.0193407 
1 1 1 1 1 1 1 1 1 1 1 1 1 1 1 0.999999 0.999995 0.999976 0.999905 0.999664 0.99893 0.996915 0.991946 0.980999 0.959928 0.925559 0.878883 0.824857 0.768173 0.71094 0.653647 0.596353 0.539058 0.481763 0.424468 0.367173 0.309878 0.252583 0.195288 0.137993 0.0806986 0.0234037 -0.021265 
1 1 1 1 1 1 1 1 1 1 1 1 1 1 1 1 0.999998 0.999991 0.999962 0.999857 0.999517 0.998523 0.995899 0.989638 0.976287 0.95148 0.912572 0.861675 0.804293 0.744802 0.68492 0.625 0.565079 0.505158 0.445237 0.385316 0.325395 0.265474 0.205553 0.145632 0.0857105 0.0257895 -0.0234037 
1 1 1 1 1 1 1 1 1 1 1 1 1 1 1 1 0.999999 0.999997 0.999985 0.999941 0.999789 0.999317 0.997993 0.994611 0.986786 0.970609 0.941583 0.897797 0.842532 0.781664 0.719165 0.656396 0.593603 0.53081 0.468016 0.405223 0.342429 0.279636 0.216842 0.154049 0.0912554 0.028462 -0.0257895 
1 1 1 1 1 1 1 1 1 1 1 1 1 1 1 1 1 0.999999 0.999994 0.999976 0.99991 0.999694 0.999051 0.997306 0.992988 0.983275 0.963784 0.930012 0.881004 0.821209 0.756686 0.690933 0.625 0.559052 0.493104 0.427156 0.361208 0.295261 0.229313 0.163365 0.0974168 0.0314689 -0.028462 
1 1 1 1 1 1 1 1 1 1 1 1 1 1 1 1 1 1 0.999998 0.999991 0.999963 0.999867 0.999565 0.9987 0.996426 0.990953 0.978964 0.955595 0.916506 0.861922 0.79741 0.729007 0.659705 0.590286 0.520859 0.451432 0.382005 0.312578 0.24315 0.173723 0.104296 0.0348688 -0.0314689 
1 1 1 1 1 1 1 1 1 1 1 1 1 1 1 1 1 1 0.999999 0.999996 0.999985 0.999944 0.999807 0.999392 0.99824 0.995304 0.988411 0.973678 0.945777 0.900751 0.840229 0.770772 0.698201 0.624996 0.551717 0.478433 0.40515 0.331867 0.258583 0.1853 0.112017 0.0387336 -0.0348688 
1 1 1 1 1 1 1 1 1 1 1 1 1 1 1 1 1 1 1 0.999999 0.999994 0.999977 0.999916 0.999724 0.99916 0.997645 0.99388 0.985241 0.967199 0.934008 0.882376 0.81553 0.740843 0.663742 0.586208 0.50863 0.431051 0.353471 0.275892 0.198312 0.120732 0.0431526 -0.0387336 
1 1 1 1 1 1 1 1 1 1 1 1 1 1 1 1 1 1 1 1 0.999998 0.999991 0.999965 0.999878 0.999611 0.998855 0.99688 0.99208 0.981289 0.959249 0.91989 0.860929 0.787339 0.70706 0.624973 0.542604 0.460211 0.377816 0.295422 0.213027 0.130633 0.0482382 -0.0431526 
1 1 1 1 1 1 1 1 1 1 1 1 1 1 1 1 1 1 1 1 0.999999 0.999996 0.999986 0.999947 0.999824 0.999459 0.998457 0.995899 0.989807 0.976357 0.949475 0.902928 0.835858 0.755048 0.66871 0.581073 0.493261 0.405436 0.31761 0.229785 0.141959 0.0541334 -0.0482382 
1 1 1 1 1 1 1 1 1 1 1 1 1 1 1 1 1 1 1 1 1 0.999999 0.999994 0.999978 0.999923 0.999751 0.999258 0.997939 0.994645 0.986935 0.970183 0.937417 0.882506 0.806472 0.717879 0.624884 0.530997 0.437007 0.343011 0.249015 0.155018 0.0610222 -0.0541334 
1 1 1 1 1 1 1 1 1 1 1 1 1 1 1 1 1 1 1 1 1 0.999999 0.999998 0.999991 0.999967 0.999888 0.999652 0.998993 0.997271 0.993047 0.983297 0.962419 0.92248 0.85784 0.771898 0.674832 0.574406 0.4734 0.372339 0.271274 0.17021 0.069145 -0.0610222 
1 1 1 1 1 1 1 1 1 1 1 1 1 1 1 1 1 1 1 1 1 1 0.999999 0.999996 0.999986 0.999951 0.999841 0.99952 0.998646 0.99641 0.991004 0.978668 0.952592 0.903872 0.827923 0.731004 0.624589 0.515734 0.406527 0.297293 0.188057 0.0788211 -0.069145 
1 1 1 1 1 1 1 1 1 1 1 1 1 1 1 1 1 1 1 1 1 1 1 0.999999 0.999994 0.999979 0.999929 0.999777 0.999345 0.998194 0.995301 0.988388 0.972736 0.940051 0.880534 0.79144 0.682291 0.565386 0.446814 0.328045 0.209264 0.0904822 -0.0788211 
1 1 1 1 1 1 1 1 1 1 1 1 1 1 1 1 1 1 1 1 1 1 1 0.999999 0.999998 0.999991 0.999969 0.999899 0.99969 0.999113 0.997608 0.993874 0.985014 0.965059 0.923876 0.851025 0.746633 0.623729 0.494821 0.364857 0.234793 0.104724 -0.0904822 
1 1 1 1 1 1 1 1 1 1 1 1 1 1 1 1 1 1 1 1 1 1 1 1 0.999999 0.999996 0.999987 0.999955 0.999857 0.999575 0.99881 0.996848 0.992027 0.980624 0.954993 0.902747 0.813346 0.691099 0.552497 0.409548 0.26599 0.122388 -0.104724 
1 1 1 1 1 1 1 1 1 1 1 1 1 1 1 1 1 1 1 1 1 1 1 1 1 0.999999 0.999995 0.99998 0.999935 0.9998 0.999421 0.998415 0.995863 0.989622 0.974838 0.941571 0.874714 0.764665 0.621443 0.464558 0.304782 0.144697 -0.122388 
1 1 1 1 1 1 1 1 1 1 1 1 1 1 1 1 1 1 1 1 1 1 1 1 1 0.999999 0.999998 0.999992 0.999971 0.999908 0.999724 0.999219 0.997898 0.994578 0.986455 0.967072 0.923286 0.83683 0.700851 0.532709 0.35395 0.173479 -0.144697 
1 1 1 1 1 1 1 1 1 1 1 1 1 1 1 1 1 1 1 1 1 1 1 1 1 1 0.999999 0.999997 0.999988 0.999959 0.999872 0.999623 0.998953 0.997224 0.992892 0.982218 0.956395 0.897699 0.784488 0.615674 0.417349 0.211553 -0.173479 
1 1 1 1 1 1 1 1 1 1 1 1 1 1 1 1 1 1 1 1 1 1 1 1 1 1 1 0.999999 0.999995 0.999982 0.999941 0.999822 0.999489 0.998605 0.996341 0.990651 0.976419 0.94123 0.860665 0.710221 0.499299 0.263323 -0.211553 
1 1 1 1 1 1 1 1 1 1 1 1 1 1 1 1 1 1 1 1 1 1 1 1 1 1 1 0.999999 0.999998 0.999992 0.999974 0.999917 0.999755 0.999311 0.998147 0.995173 0.987617 0.968222 0.918733 0.804753 0.601345 0.335308 -0.263323 
1 1 1 1 1 1 1 1 1 1 1 1 1 1 1 1 1 1 1 1 1 1 1 1 1 1 1 1 0.999999 0.999997 0.999989 0.999963 0.999885 0.999666 0.999077 0.997545 0.99361 0.983395 0.956086 0.88333 0.715749 0.434981 -0.335308 
1 1 1 1 1 1 1 1 1 1 1 1 1 1 1 1 1 1 1 1 1 1 1 1 1 1 1 1 1 0.999999 0.999995 0.999983 0.999947 0.999841 0.999548 0.998769 0.996744 0.991473 0.977273 0.936862 0.822939 0.564217 -0.434981 
1 1 1 1 1 1 1 1 1 1 1 1 1 1 1 1 1 1 1 1 1 1 1 1 1 1 1 1 1 0.999999 0.999998 0.999993 0.999976 0.999926 0.999783 0.999392 0.99836 0.995665 0.988455 0.967802 0.903132 0.707772 -0.564217 
1 1 1 1 1 1 1 1 1 1 1 1 1 1 1 1 1 1 1 1 1 1 1 1 1 1 1 1 1 1 0.999999 0.999997 0.999989 0.999966 0.999897 0.999704 0.999185 0.997815 0.994177 0.983963 0.95153 0.833654 -0.707772 
1 1 1 1 1 1 1 1 1 1 1 1 1 1 1 1 1 1 1 1 1 1 1 1 1 1 1 1 1 1 1 0.999999 0.999995 0.999985 0.999952 0.999859 0.9996 0.998909 0.997075 0.992045 0.97664 0.917826 -0.833654 
1 1 1 1 1 1 1 1 1 1 1 1 1 1 1 1 1 1 1 1 1 1 1 1 1 1 1 1 1 1 1 0.999999 0.999998 0.999993 0.999978 0.999934 0.999807 0.999461 0.998539 0.996047 0.988771 0.962394 -0.917826 
1 1 1 1 1 1 1 1 1 1 1 1 1 1 1 1 1 1 1 1 1 1 1 1 1 1 1 1 1 1 1 1 0.999999 0.999997 0.99999 0.999969 0.999908 0.999738 0.999276 0.998036 0.994548 0.98298 -0.962394 
1 1 1 1 1 1 1 1 1 1 1 1 1 1 1 1 1 1 1 1 1 1 1 1 1 1 1 1 1 1 1 1 1 0.999999 0.999996 0.999986 0.999957 0.999874 0.999645 0.999027 0.997328 0.992131 -0.98298 
1 1 1 1 1 1 1 1 1 1 1 1 1 1 1 1 1 1 1 1 1 1 1 1 1 1 1 1 1 1 1 1 1 0.999999 0.999998 0.999994 0.99998 0.99994 0.999828 0.999521 0.998684 0.996266 -0.992131 
1 1 1 1 1 1 1 1 1 1 1 1 1 1 1 1 1 1 1 1 1 1 1 1 1 1 1 1 1 1 1 1 1 1 0.999999 0.999997 0.999991 0.999972 0.999918 0.999767 0.999353 0.998196 -0.996266 
1 1 1 1 1 1 1 1 1 1 1 1 1 1 1 1 1 1 1 1 1 1 1 1 1 1 1 1 1 1 1 1 1 1 1 0.999999 0.999996 0.999987 0.999961 0.999888 0.999684 0.999121 -0.998196 
1 1 1 1 1 1 1 1 1 1 1 1 1 1 1 1 1 1 1 1 1 1 1 1 1 1 1 1 1 1 1 1 1 1 1 0.999999 0.999998 0.999994 0.999982 0.999947 0.999847 0.999571 -0.999121 
1 1 1 1 1 1 1 1 1 1 1 1 1 1 1 1 1 1 1 1 1 1 1 1 1 1 1 1 1 1 1 1 1 1 1 1 0.999999 0.999997 0.999992 0.999975 0.999927 0.999792 -0.999571 
1 1 1 1 1 1 1 1 1 1 1 1 1 1 1 1 1 1 1 1 1 1 1 1 1 1 1 1 1 1 1 1 1 1 1 1 1 0.999999 0.999996 0.999988 0.999965 0.9999 -0.999792 
1 1 1 1 1 1 1 1 1 1 1 1 1 1 1 1 1 1 1 1 1 1 1 1 1 1 1 1 1 1 1 1 1 1 1 1 1 1 0.999998 0.999995 0.999984 0.999952 -0.9999 
1 1 1 1 1 1 1 1 1 1 1 1 1 1 1 1 1 1 1 1 1 1 1 1 1 1 1 1 1 1 1 1 1 1 1 1 1 1 0.999999 0.999998 0.999993 0.999978 -0.999952 
1 1 1 1 1 1 1 1 1 1 1 1 1 1 1 1 1 1 1 1 1 1 1 1 1 1 1 1 1 1 1 1 1 1 1 1 1 1 1 0.999999 0.999997 0.99999 -0.999978 
1 1 1 1 1 1 1 1 1 1 1 1 1 1 1 1 1 1 1 1 1 1 1 1 1 1 1 1 1 1 1 1 1 1 1 1 1 1 1 1 0.999999 0.999995 -0.99999 
1 1 1 1 1 1 1 1 1 1 1 1 1 1 1 1 1 1 1 1 1 1 1 1 1 1 1 1 1 1 1 1 1 1 1 1 1 1 1 1 0.999999 0.999998 -0.999995 
1 1 1 1 1 1 1 1 1 1 1 1 1 1 1 1 1 1 1 1 1 1 1 1 1 1 1 1 1 1 1 1 1 1 1 1 1 1 1 1 1 0.999999 -0.999998 
1 1 1 1 1 1 1 1 1 1 1 1 1 1 1 1 1 1 1 1 1 1 1 1 1 1 1 1 1 1 1 1 1 1 1 1 1 1 1 1 1 1 -0.999999 
1 1 1 1 1 1 1 1 1 1 1 1 1 1 1 1 1 1 1 1 1 1 1 1 1 1 1 1 1 1 1 1 1 1 1 1 1 1 1 1 1 1 -1 
1 1 1 1 1 1 1 1 1 1 1 1 1 1 1 1 1 1 1 1 1 1 1 1 1 1 1 1 1 1 1 1 1 1 1 1 1 1 1 1 1 1 -1 
1 1 1 1 1 1 1 1 1 1 1 1 1 1 1 1 1 1 1 1 1 1 1 1 1 1 1 1 1 1 1 1 1 1 1 1 1 1 1 1 1 1 -1 
