1 1 0.95 0.9 0.85 0.8 0.75 0.7 0.65 0.6 0.55 0.5 0.45 0.4 0.35 0.3 0.25 0.2 0.15 0.1 0.05 0 -0.05 -0.1 -0.15 -0.2 -0.25 -0.3 -0.35 -0.4 -0.45 -0.5 -0.55 -0.6 -0.65 -0.7 -0.75 -0.8 -0.85 -0.9 -0.95 -1 -1 
1 1 0.986094 0.9225 0.87125 0.82 0.76875 0.7175 0.66625 0.615 0.56375 0.5125 0.46125 0.41 0.35875 0.3075 0.25625 0.205 0.15375 0.1025 0.05125 -1.00289e-18 -0.05125 -0.1025 -0.15375 -0.205 -0.25625 -0.3075 -0.35875 -0.41 -0.46125 -0.5125 -0.56375 -0.615 -0.66625 -0.7175 -0.76875 -0.82 -0.87125 -0.9225 -0.986094 -1 -1 
1 1 0.996969 0.961616 0.892487 0.841013 0.788449 0.735886 0.683323 0.630759 0.578196 0.525633 0.47307 0.420506 0.367943 0.31538 0.262816 0.210253 0.15769 0.105127 0.0525633 -2.08709e-18 -0.0525633 -0.105127 -0.15769 -0.210253 -0.262816 -0.31538 -0.367943 -0.420506 -0.47307 -0.525633 -0.578196 -0.630759 -0.683323 -0.735886 -0.788449 -0.841013 -0.892487 -0.961616 -0.996969 -1 -1 
1 1 0.999296 0.988184 0.927142 0.861405 0.809284 0.755226 0.701281 0.647337 0.593392 0.539447 0.485503 0.431558 0.377613 0.323668 0.269724 0.215779 0.161834 0.107889 0.0539447 -3.17129e-18 -0.0539447 -0.107889 -0.161834 -0.215779 -0.269724 -0.323668 -0.377613 -0.431558 -0.485503 -0.539447 -0.593392 -0.647337 -0.701281 -0.755226 -0.809284 -0.861405 -0.927142 -0.988184 -0.999296 -1 -1 
1 1 0.999834 0.996649 0.967643 0.888546 0.829461 0.775825 0.720186 0.664797 0.609397 0.553997 0.498598 0.443198 0.387798 0.332398 0.276999 0.221599 0.166199 0.110799 0.0553997 -4.2826e-18 -0.0553997 -0.110799 -0.166199 -0.221599 -0.276999 -0.332398 -0.387798 -0.443198 -0.498598 -0.553997 -0.609397 -0.664797 -0.720186 -0.775825 -0.829461 -0.888546 -0.967643 -0.996649 -0.999834 -1 -1 
1 1 0.999961 0.999065 0.989395 0.931316 0.851831 0.796318 0.740394 0.683188 0.626278 0.569343 0.512409 0.455475 0.39854 0.341606 0.284672 0.227737 0.170803 0.113869 0.0569343 -5.39391e-18 -0.0569343 -0.113869 -0.170803 -0.227737 -0.284672 -0.341606 -0.39854 -0.455475 -0.512409 -0.569343 -0.626278 -0.683188 -0.740394 -0.796318 -0.851831 -0.931316 -0.989395 -0.999065 -0.999961 -1 -1 
1 1 0.999991 0.999744 0.996667 0.971486 0.88552 0.816845 0.761248 0.702821 0.644077 0.585553 0.526996 0.468441 0.409886 0.35133 0.292775 0.23422 0.175665 0.11711 0.0585551 -6.61363e-18 -0.0585551 -0.11711 -0.175665 -0.23422 -0.292775 -0.35133 -0.409886 -0.468441 -0.526996 -0.585553 -0.644077 -0.702821 -0.761248 -0.816845 -0.88552 -0.971486 -0.996667 -0.999744 -0.999991 -1 -1 
1 1 0.999998 0.999931 0.998984 0.990255 0.934543 0.841914 0.781637 0.723652 0.663004 0.602673 0.542427 0.482155 0.421886 0.361617 0.301347 0.241078 0.180808 0.120539 0.0602694 -7.77915e-18 -0.0602694 -0.120539 -0.180808 -0.241078 -0.301347 -0.361617 -0.421886 -0.482155 -0.542427 -0.602673 -0.663004 -0.723652 -0.781637 -0.841914 -0.934543 -0.990255 -0.998984 -0.999931 -0.999998 -1 -1 
1 1 0.999999 0.999982 0.999699 0.996771 0.973957 0.88242 0.803023 0.744646 0.683325 0.620822 0.558762 0.496687 0.434599 0.372514 0.310428 0.248342 0.186257 0.124171 0.0620856 -9.02598e-18 -0.0620856 -0.124171 -0.186257 -0.248342 -0.310428 -0.372514 -0.434599 -0.496687 -0.558762 -0.620822 -0.683325 -0.744646 -0.803023 -0.88242 -0.973957 -0.996771 -0.999699 -0.999982 -0.999999 -1 -1 
1 1 1 0.999995 0.999912 0.998964 0.990876 0.936631 0.83119 0.765208 0.704647 0.640289 0.576069 0.512105 0.448091 0.384077 0.320065 0.256052 0.192039 0.128026 0.0640129 -1.02186e-17 -0.0640129 -0.128026 -0.192039 -0.256052 -0.320065 -0.384077 -0.448091 -0.512105 -0.576069 -0.640289 -0.704647 -0.765208 -0.83119 -0.936631 -0.990876 -0.998964 -0.999912 -0.999995 -1 -1 -1 
1 1 1 0.999999 0.999975 0.999676 0.996886 0.97547 0.87849 0.787705 0.725829 0.661221 0.594539 0.528469 0.462436 0.396371 0.330309 0.264247 0.198185 0.132124 0.0660618 -1.15739e-17 -0.0660618 -0.132124 -0.198185 -0.264247 -0.330309 -0.396371 -0.462436 -0.528469 -0.594539 -0.661221 -0.725829 -0.787705 -0.87849 -0.97547 -0.996886 -0.999676 -0.999975 -0.999999 -1 -1 -1 
1 1 1 1 0.999993 0.999901 0.99897 0.991299 0.937424 0.819172 0.746782 0.682986 0.614486 0.545882 0.477704 0.409465 0.341219 0.272975 0.204732 0.136488 0.0682438 -1.30917e-17 -0.0682438 -0.136488 -0.204732 -0.272975 -0.341219 -0.409465 -0.477704 -0.545882 -0.614486 -0.682986 -0.746782 -0.819172 -0.937424 -0.991299 -0.99897 -0.999901 -0.999993 -1 -1 -1 -1 
1 1 1 1 0.999998 0.99997 0.999667 0.996982 0.976233 0.873081 0.770514 0.704457 0.635949 0.564587 0.493964 0.42344 0.352863 0.28229 0.211717 0.141145 0.0705725 -1.46638e-17 -0.0705725 -0.141145 -0.211717 -0.28229 -0.352863 -0.42344 -0.493964 -0.564587 -0.635949 -0.704457 -0.770514 -0.873081 -0.976233 -0.996982 -0.999667 -0.99997 -0.999998 -1 -1 -1 -1 
1 1 1 1 0.999999 0.999991 0.999894 0.998982 0.991536 0.93675 0.805287 0.725956 0.658151 0.584905 0.511353 0.438368 0.365317 0.292251 0.219188 0.146125 0.0730627 -1.66696e-17 -0.0730627 -0.146125 -0.219188 -0.292251 -0.365317 -0.438368 -0.511353 -0.584905 -0.658151 -0.725956 -0.805287 -0.93675 -0.991536 -0.998982 -0.999894 -0.999991 -0.999999 -1 -1 -1 -1 
1 1 1 1 1 0.999997 0.999967 0.999663 0.997044 0.976321 0.865556 0.750954 0.680015 0.606803 0.530146 0.454335 0.378665 0.302928 0.227195 0.151464 0.0757318 -1.8838e-17 -0.0757318 -0.151464 -0.227195 -0.302928 -0.378665 -0.454335 -0.530146 -0.606803 -0.680015 -0.750954 -0.865556 -0.976321 -0.997044 -0.999663 -0.999967 -0.999997 -1 -1 -1 -1 -1 
1 1 1 1 1 0.999999 0.99999 0.99989 0.998991 0.991587 0.934371 0.788849 0.702158 0.629438 0.550669 0.471498 0.392987 0.314402 0.235798 0.157199 0.0785994 -2.06269e-17 -0.0785994 -0.157199 -0.235798 -0.314402 -0.392987 -0.471498 -0.550669 -0.629438 -0.702158 -0.788849 -0.934371 -0.991587 -0.998991 -0.99989 -0.99999 -0.999999 -1 -1 -1 -1 -1 
1 1 1 1 1 1 0.999997 0.999965 0.999661 0.997058 0.975714 0.855195 0.728381 0.651778 0.572865 0.490152 0.408382 0.32676 0.245066 0.163377 0.0816884 -2.28496e-17 -0.0816884 -0.163377 -0.245066 -0.32676 -0.408382 -0.490152 -0.572865 -0.651778 -0.728381 -0.855195 -0.975714 -0.997058 -0.999661 -0.999965 -0.999997 -1 -1 -1 -1 -1 -1 
1 1 1 1 1 1 0.999999 0.999989 0.999888 0.998991 0.991429 0.929907 0.769021 0.67461 0.595892 0.510634 0.425019 0.340091 0.255078 0.170049 0.0850248 -2.55059e-17 -0.0850248 -0.170049 -0.255078 -0.340091 -0.425019 -0.510634 -0.595892 -0.67461 -0.769021 -0.929907 -0.991429 -0.998991 -0.999888 -0.999989 -0.999999 -1 -1 -1 -1 -1 -1 
1 1 1 1 1 1 1 0.999996 0.999963 0.999658 0.997013 0.974294 0.841098 0.701943 0.618744 0.532912 0.443201 0.354503 0.265924 0.177279 0.0886394 -2.88669e-17 -0.0886394 -0.177279 -0.265924 -0.354503 -0.443201 -0.532912 -0.618744 -0.701943 -0.841098 -0.974294 -0.997013 -0.999658 -0.999963 -0.999996 -1 -1 -1 -1 -1 -1 -1 
1 1 1 1 1 1 1 0.999999 0.999988 0.999885 0.998975 0.991018 0.922746 0.74476 0.642249 0.556205 0.463278 0.37017 0.277699 0.185139 0.0925678 -3.26616e-17 -0.0925678 -0.185139 -0.277699 -0.37017 -0.463278 -0.556205 -0.642249 -0.74476 -0.922746 -0.991018 -0.998975 -0.999885 -0.999988 -0.999999 -1 -1 -1 -1 -1 -1 -1 
1 1 1 1 1 1 1 1 0.999996 0.999962 0.999652 0.996894 0.971815 0.822054 0.670497 0.579524 0.485286 0.387387 0.290516 0.19371 0.0968525 -3.71068e-17 -0.0968525 -0.19371 -0.290516 -0.387387 -0.485286 -0.579524 -0.670497 -0.822054 -0.971815 -0.996894 -0.999652 -0.999962 -0.999996 -1 -1 -1 -1 -1 -1 -1 -1 
1 1 1 1 1 1 1 1 0.999999 0.999988 0.999883 0.998939 0.990274 0.91189 0.71473 0.603603 0.50857 0.406513 0.304542 0.203085 0.101544 -4.18773e-17 -0.101544 -0.203085 -0.304542 -0.406513 -0.50857 -0.603603 -0.71473 -0.91189 -0.990274 -0.998939 -0.999883 -0.999988 -0.999999 -1 -1 -1 -1 -1 -1 -1 -1 
1 1 1 1 1 1 1 1 1 0.999996 0.999961 0.99964 0.996672 0.967822 0.796376 0.632471 0.532169 0.427684 0.320049 0.213372 0.106701 -4.76236e-17 -0.106701 -0.213372 -0.320049 -0.427684 -0.532169 -0.632471 -0.796376 -0.967822 -0.996672 -0.99964 -0.999961 -0.999996 -1 -1 -1 -1 -1 -1 -1 -1 -1 
1 1 1 1 1 1 1 1 1 0.999999 0.999987 0.999878 0.998872 0.989048 0.895725 0.677159 0.556595 0.450432 0.337393 0.224722 0.112392 -5.34783e-17 -0.112392 -0.224722 -0.337393 -0.450432 -0.556595 -0.677159 -0.895725 -0.989048 -0.998872 -0.999878 -0.999987 -0.999999 -1 -1 -1 -1 -1 -1 -1 -1 -1 
1 1 1 1 1 1 1 1 1 1 0.999996 0.999959 0.999619 0.996304 0.96148 0.761669 0.585644 0.473871 0.35681 0.237361 0.118698 -6.16098e-17 -0.118698 -0.237361 -0.35681 -0.473871 -0.585644 -0.761669 -0.96148 -0.996304 -0.999619 -0.999959 -0.999996 -1 -1 -1 -1 -1 -1 -1 -1 -1 -1 
1 1 1 1 1 1 1 1 1 1 0.999999 0.999986 0.999872 0.998761 0.987071 0.871629 0.629617 0.498194 0.378069 0.25161 0.125723 -7.00666e-17 -0.125723 -0.25161 -0.378069 -0.498194 -0.629617 -0.871629 -0.987071 -0.998761 -0.999872 -0.999986 -0.999999 -1 -1 -1 -1 -1 -1 -1 -1 -1 -1 
1 1 1 1 1 1 1 1 1 1 1 0.999995 0.999957 0.999586 0.995708 0.951199 0.714502 0.526752 0.400453 0.267769 0.133622 -8.00412e-17 -0.133622 -0.267769 -0.400453 -0.526752 -0.714502 -0.951199 -0.995708 -0.999586 -0.999957 -0.999995 -1 -1 -1 -1 -1 -1 -1 -1 -1 -1 -1 
1 1 1 1 1 1 1 1 1 1 1 0.999999 0.999986 0.999862 0.998582 0.983805 0.835332 0.5686 0.423801 0.28585 0.142617 -9.13169e-17 -0.142617 -0.28585 -0.423801 -0.5686 -0.835332 -0.983805 -0.998582 -0.999862 -0.999986 -0.999999 -1 -1 -1 -1 -1 -1 -1 -1 -1 -1 -1 
1 1 1 1 1 1 1 1 1 1 1 1 0.999995 0.999954 0.999532 0.994725 0.933816 0.649984 0.450773 0.305416 0.152973 -1.0346e-16 -0.152973 -0.305416 -0.450773 -0.649984 -0.933816 -0.994725 -0.999532 -0.999954 -0.999995 -1 -1 -1 -1 -1 -1 -1 -1 -1 -1 -1 -1 
1 1 1 1 1 1 1 1 1 1 1 1 0.999998 0.999985 0.999845 0.998288 0.9781 0.779854 0.488716 0.326062 0.164851 -1.16687e-16 -0.164851 -0.326062 -0.488716 -0.779854 -0.9781 -0.998288 -0.999845 -0.999985 -0.999998 -1 -1 -1 -1 -1 -1 -1 -1 -1 -1 -1 -1 
1 1 1 1 1 1 1 1 1 1 1 1 0.999999 0.999995 0.999949 0.999444 0.993012 0.902776 0.561174 0.349481 0.178132 -1.33384e-16 -0.178132 -0.349481 -0.561174 -0.902776 -0.993012 -0.999444 -0.999949 -0.999995 -0.999999 -1 -1 -1 -1 -1 -1 -1 -1 -1 -1 -1 -1 
1 1 1 1 1 1 1 1 1 1 1 1 1 0.999998 0.999983 0.999819 0.99778 0.967199 0.693761 0.380928 0.192431 -1.55068e-16 -0.192431 -0.380928 -0.693761 -0.967199 -0.99778 -0.999819 -0.999983 -0.999998 -1 -1 -1 -1 -1 -1 -1 -1 -1 -1 -1 -1 -1 
1 1 1 1 1 1 1 1 1 1 1 1 1 0.999999 0.999994 0.999941 0.999294 0.989731 0.844364 0.437903 0.208309 -1.79788e-16 -0.208309 -0.437903 -0.844364 -0.989731 -0.999294 -0.999941 -0.999994 -0.999999 -1 -1 -1 -1 -1 -1 -1 -1 -1 -1 -1 -1 -1 
1 1 1 1 1 1 1 1 1 1 1 1 1 1 0.999998 0.999981 0.999775 0.996819 0.943536 0.55836 0.2286 -2.07543e-16 -0.2286 -0.55836 -0.943536 -0.996819 -0.999775 -0.999981 -0.999998 -1 -1 -1 -1 -1 -1 -1 -1 -1 -1 -1 -1 -1 -1 
1 1 1 1 1 1 1 1 1 1 1 1 1 1 0.999999 0.999994 0.999928 0.999014 0.982426 0.730672 0.26264 -2.38768e-16 -0.26264 -0.730672 -0.982426 -0.999014 -0.999928 -0.999994 -0.999999 -1 -1 -1 -1 -1 -1 -1 -1 -1 -1 -1 -1 -1 -1 
1 1 1 1 1 1 1 1 1 1 1 1 1 1 1 0.999998 0.999977 0.999693 0.994708 0.883405 0.344046 -2.81703e-16 -0.344046 -0.883405 -0.994708 -0.999693 -0.999977 -0.999998 -1 -1 -1 -1 -1 -1 -1 -1 -1 -1 -1 -1 -1 -1 -1 
1 1 1 1 1 1 1 1 1 1 1 1 1 1 1 0.999999 0.999992 0.999904 0.99841 0.96178 0.506573 -3.7798e-16 -0.506573 -0.96178 -0.99841 -0.999904 -0.999992 -0.999999 -1 -1 -1 -1 -1 -1 -1 -1 -1 -1 -1 -1 -1 -1 -1 
1 1 1 1 1 1 1 1 1 1 1 1 1 1 1 1 0.999998 0.99997 0.99952 0.988701 0.710581 -7.28394e-16 -0.710581 -0.988701 -0.99952 -0.99997 -0.999998 -1 -1 -1 -1 -1 -1 -1 -1 -1 -1 -1 -1 -1 -1 -1 -1 
1 1 1 1 1 1 1 1 1 1 1 1 1 1 1 1 0.999999 0.99999 0.999854 0.996728 0.87854 -1.72759e-15 -0.87854 -0.996728 -0.999854 -0.99999 -0.999999 -1 -1 -1 -1 -1 -1 -1 -1 -1 -1 -1 -1 -1 -1 -1 -1 
1 1 1 1 1 1 1 1 1 1 1 1 1 1 1 1 1 0.999997 0.999955 0.999052 0.960993 -2.61577e-15 -0.960993 -0.999052 -0.999955 -0.999997 -1 -1 -1 -1 -1 -1 -1 -1 -1 -1 -1 -1 -1 -1 -1 -1 -1 
1 1 1 1 1 1 1 1 1 1 1 1 1 1 1 1 1 0.999999 0.999986 0.999723 0.988804 -2.94884e-15 -0.988804 -0.999723 -0.999986 -0.999999 -1 -1 -1 -1 -1 -1 -1 -1 -1 -1 -1 -1 -1 -1 -1 -1 -1 
1 1 1 1 1 1 1 1 1 1 1 1 1 1 1 1 1 1 0.999996 0.999919 0.996886 -3.00435e-15 -0.996886 -0.999919 -0.999996 -1 -1 -1 -1 -1 -1 -1 -1 -1 -1 -1 -1 -1 -1 -1 -1 -1 -1 
1 1 1 1 1 1 1 1 1 1 1 1 1 1 1 1 1 1 0.999999 0.999976 0.999138 -3.05986e-15 -0.999138 -0.999976 -0.999999 -1 -1 -1 -1 -1 -1 -1 -1 -1 -1 -1 -1 -1 -1 -1 -1 -1 -1 
1 1 1 1 1 1 1 1 1 1 1 1 1 1 1 1 1 1 1 0.999993 0.99976 -3.2264e-15 -0.99976 -0.999993 -1 -1 -1 -1 -1 -1 -1 -1 -1 -1 -1 -1 -1 -1 -1 -1 -1 -1 -1 
1 1 1 1 1 1 1 1 1 1 1 1 1 1 1 1 1 1 1 0.999998 0.999933 -3.2264e-15 -0.999933 -0.999998 -1 -1 -1 -1 -1 -1 -1 -1 -1 -1 -1 -1 -1 -1 -1 -1 -1 -1 -1 
1 1 1 1 1 1 1 1 1 1 1 1 1 1 1 1 1 1 1 0.999999 0.999981 -3.25415e-15 -0.999981 -0.999999 -1 -1 -1 -1 -1 -1 -1 -1 -1 -1 -1 -1 -1 -1 -1 -1 -1 -1 -1 
1 1 1 1 1 1 1 1 1 1 1 1 1 1 1 1 1 1 1 1 0.999995 -3.2264e-15 -0.999995 -1 -1 -1 -1 -1 -1 -1 -1 -1 -1 -1 -1 -1 -1 -1 -1 -1 -1 -1 -1 
1 1 1 1 1 1 1 1 1 1 1 1 1 1 1 1 1 1 1 1 0.999998 -3.25415e-15 -0.999998 -1 -1 -1 -1 -1 -1 -1 -1 -1 -1 -1 -1 -1 -1 -1 -1 -1 -1 -1 -1 
1 1 1 1 1 1 1 1 1 1 1 1 1 1 1 1 1 1 1 1 1 -3.14313e-15 -1 -1 -1 -1 -1 -1 -1 -1 -1 -1 -1 -1 -1 -1 -1 -1 -1 -1 -1 -1 -1 
1 1 1 1 1 1 1 1 1 1 1 1 1 1 1 1 1 1 1 1 1 -3.11537e-15 -1 -1 -1 -1 -1 -1 -1 -1 -1 -1 -1 -1 -1 -1 -1 -1 -1 -1 -1 -1 -1 
1 1 1 1 1 1 1 1 1 1 1 1 1 1 1 1 1 1 1 1 1 -3.11537e-15 -1 -1 -1 -1 -1 -1 -1 -1 -1 -1 -1 -1 -1 -1 -1 -1 -1 -1 -1 -1 -1 
1 1 1 1 1 1 1 1 1 1 1 1 1 1 1 1 1 1 1 1 1 -3.11537e-15 -1 -1 -1 -1 -1 -1 -1 -1 -1 -1 -1 -1 -1 -1 -1 -1 -1 -1 -1 -1 -1 
