0 1 1 1 1 1 1 1 1 1 1 
0 -0.283228 0.176899 0.472406 0.662394 0.784861 0.8643 0.916599 0.952218 0.978281 1 
0 0.441818 0.285291 0.315062 0.418882 0.541522 0.658521 0.761505 0.85015 0.927937 1 
0 -0.132186 0.219173 0.37101 0.459987 0.538366 0.621754 0.711804 0.806253 0.90278 1 
0 0.289806 0.180465 0.262905 0.386584 0.50618 0.614331 0.714334 0.810444 0.905315 1 
0 -0.048112 0.235339 0.337984 0.414405 0.500474 0.596848 0.697871 0.799495 0.900169 1 
0 0.220793 0.163805 0.273315 0.396115 0.505609 0.605826 0.703188 0.801014 0.900093 1 
0 0.00163398 0.237218 0.320986 0.400998 0.495292 0.596801 0.699359 0.800687 0.900697 1 
0 0.181239 0.164449 0.284921 0.401936 0.504857 0.602476 0.70018 0.799279 0.899414 1 
0 0.0325676 0.23343 0.310826 0.396861 0.495975 0.598613 0.700394 0.800824 0.900526 1 
0 0.156366 0.169196 0.292646 0.403822 0.503311 0.600741 0.699456 0.799334 0.899641 1 
0 0.0526571 0.228108 0.304721 0.396023 0.497453 0.599769 0.700607 0.800513 0.900224 1 
0 0.139949 0.174564 0.297307 0.403878 0.501892 0.599908 0.69943 0.79965 0.899891 1 
0 0.0661594 0.222896 0.30117 0.396389 0.498666 0.600297 0.7005 0.800218 0.900029 1 
0 0.128765 0.179475 0.299963 0.403265 0.500883 0.599592 0.699588 0.799885 0.900023 1 
0 0.0754739 0.218345 0.299212 0.397115 0.499472 0.600456 0.700326 0.800042 0.899948 1 
0 0.120969 0.18364 0.301373 0.402503 0.500257 0.59954 0.699754 0.800008 0.900065 1 
0 0.0820281 0.214566 0.298227 0.397862 0.499945 0.600437 0.700176 0.799961 0.899932 1 
0 0.115438 0.187047 0.302031 0.4018 0.499909 0.599603 0.699882 0.800056 0.900063 1 
0 0.0867119 0.211507 0.29782 0.398505 0.500191 0.60035 0.700072 0.799937 0.899945 1 
0 0.111459 0.189785 0.302248 0.401224 0.499743 0.599701 0.699964 0.800064 0.900045 1 
0 0.090101 0.209064 0.297745 0.399013 0.500295 0.60025 0.700009 0.79994 0.899965 1 
0 0.108565 0.191961 0.302217 0.400782 0.499686 0.599796 0.700011 0.800054 0.900026 1 
0 0.0925783 0.207129 0.297851 0.399393 0.500318 0.600162 0.699975 0.799953 0.899982 1 
0 0.10644 0.19368 0.302058 0.400459 0.499689 0.599874 0.700033 0.800039 0.900011 1 
0 0.0944049 0.205602 0.298047 0.399666 0.500296 0.600094 0.699962 0.799968 0.899994 1 
0 0.104867 0.195034 0.30184 0.400231 0.499723 0.599933 0.70004 0.800025 0.900002 1 
0 0.0957615 0.204402 0.298277 0.399854 0.500256 0.600045 0.69996 0.799981 0.900001 1 
0 0.103695 0.196098 0.301606 0.400076 0.499767 0.599973 0.700039 0.800014 0.899997 1 
0 0.0967755 0.203459 0.29851 0.39998 0.500209 0.600013 0.699963 0.79999 0.900005 1 
0 0.102817 0.196933 0.301377 0.399976 0.499814 0.599999 0.700033 0.800006 0.899995 1 
0 0.0975376 0.20272 0.298731 0.400059 0.500164 0.599993 0.69997 0.799997 0.900006 1 
0 0.102155 0.197588 0.301166 0.399914 0.499857 0.600014 0.700027 0.800001 0.899994 1 
0 0.0981132 0.202139 0.298931 0.400106 0.500124 0.599982 0.699977 0.8 0.900005 1 
0 0.101654 0.198102 0.300978 0.39988 0.499893 0.600022 0.70002 0.799998 0.899995 1 
0 0.0985498 0.201684 0.299107 0.400129 0.500091 0.599977 0.699983 0.800003 0.900004 1 
0 0.101273 0.198506 0.300814 0.399865 0.499923 0.600024 0.700014 0.799997 0.899996 1 
0 0.0988823 0.201326 0.299259 0.400138 0.500064 0.599975 0.699989 0.800003 0.900003 1 
0 0.100982 0.198823 0.300674 0.399862 0.499947 0.600024 0.700009 0.799996 0.899997 1 
0 0.0991364 0.201045 0.299388 0.400137 0.500043 0.599977 0.699993 0.800004 0.900002 1 
0 0.10076 0.199072 0.300555 0.399866 0.499966 0.600022 0.700005 0.799996 0.899998 1 
0 0.0993312 0.200824 0.299497 0.40013 0.500027 0.599979 0.699996 0.800003 0.900001 1 
0 0.100589 0.199268 0.300456 0.399875 0.49998 0.600019 0.700002 0.799997 0.899999 1 
0 0.099481 0.200651 0.299587 0.400119 0.500015 0.599982 0.699999 0.800003 0.900001 1 
0 0.100458 0.199422 0.300373 0.399887 0.49999 0.600016 0.700001 0.799997 0.899999 1 
0 0.0995964 0.200514 0.299663 0.400107 0.500006 0.599985 0.7 0.800002 0.9 1 
0 0.100356 0.199543 0.300305 0.399899 0.499997 0.600013 0.699999 0.799998 0.9 1 
0 0.0996856 0.200406 0.299725 0.400095 0.5 0.599988 0.700001 0.800002 0.9 1 
0 0.100278 0.199639 0.300248 0.399911 0.500002 0.600011 0.699999 0.799998 0.9 1 
0 0.0997547 0.200321 0.299776 0.400083 0.499996 0.599991 0.700002 0.800001 0.9 1 
0 0.100217 0.199714 0.300202 0.399923 0.500005 0.600008 0.699998 0.799999 0.9 1 
0 0.0998083 0.200254 0.299818 0.400072 0.499994 0.599993 0.700002 0.800001 0.9 1 
0 0.10017 0.199774 0.300164 0.399933 0.500007 0.600006 0.699998 0.799999 0.9 1 
0 0.0998499 0.200201 0.299852 0.400062 0.499992 0.599995 0.700002 0.800001 0.9 1 
0 0.100133 0.199821 0.300133 0.399943 0.500008 0.600005 0.699998 0.799999 0.9 1 
0 0.0998824 0.20016 0.29988 0.400052 0.499992 0.599996 0.700002 0.8 0.9 1 
0 0.100104 0.199858 0.300108 0.399952 0.500008 0.600003 0.699998 0.8 0.9 1 
0 0.0999077 0.200127 0.299903 0.400044 0.499992 0.599997 0.700002 0.8 0.9 1 
0 0.100082 0.199887 0.300087 0.399959 0.500008 0.600002 0.699999 0.8 0.9 1 
0 0.0999275 0.200101 0.299921 0.400037 0.499992 0.599998 0.700001 0.8 0.9 1 
0 0.100064 0.19991 0.300071 0.399966 0.500008 0.600001 0.699999 0.8 0.9 1 
0 0.0999429 0.20008 0.299936 0.400031 0.499992 0.599999 0.700001 0.8 0.9 1 
0 0.100051 0.199929 0.300057 0.399971 0.500007 0.600001 0.699999 0.8 0.9 1 
0 0.0999551 0.200063 0.299949 0.400026 0.499993 0.599999 0.700001 0.8 0.9 1 
0 0.10004 0.199943 0.300046 0.399976 0.500007 0.6 0.699999 0.8 0.9 1 
0 0.0999646 0.20005 0.299958 0.400022 0.499994 0.6 0.700001 0.8 0.9 1 
0 0.100031 0.199955 0.300037 0.39998 0.500006 0.6 0.699999 0.8 0.9 1 
0 0.0999721 0.20004 0.299966 0.400018 0.499994 0.6 0.700001 0.8 0.9 1 
0 0.100025 0.199964 0.30003 0.399983 0.500005 0.6 0.699999 0.8 0.9 1 
0 0.0999779 0.200032 0.299973 0.400015 0.499995 0.6 0.7 0.8 0.9 1 
0 0.10002 0.199972 0.300024 0.399986 0.500005 0.6 0.7 0.8 0.9 1 
0 0.0999826 0.200025 0.299978 0.400013 0.499996 0.6 0.7 0.8 0.9 1 
0 0.100016 0.199977 0.30002 0.399989 0.500004 0.6 0.7 0.8 0.9 1 
0 0.0999862 0.20002 0.299982 0.40001 0.499996 0.6 0.7 0.8 0.9 1 
0 0.100012 0.199982 0.300016 0.399991 0.500004 0.6 0.7 0.8 0.9 1 
0 0.0999891 0.200016 0.299986 0.400009 0.499997 0.6 0.7 0.8 0.9 1 
0 0.10001 0.199986 0.300013 0.399992 0.500003 0.6 0.7 0.8 0.9 1 
0 0.0999913 0.200013 0.299988 0.400007 0.499997 0.6 0.7 0.8 0.9 1 
0 0.100008 0.199989 0.30001 0.399994 0.500003 0.6 0.7 0.8 0.9 1 
0 0.0999931 0.20001 0.299991 0.400006 0.499998 0.6 0.7 0.8 0.9 1 
0 0.100006 0.199991 0.300008 0.399995 0.500002 0.6 0.7 0.8 0.9 1 
0 0.0999946 0.200008 0.299993 0.400005 0.499998 0.6 0.7 0.8 0.9 1 
0 0.100005 0.199993 0.300007 0.399996 0.500002 0.6 0.7 0.8 0.9 1 
0 0.0999957 0.200007 0.299994 0.400004 0.499998 0.6 0.7 0.8 0.9 1 
0 0.100004 0.199994 0.300005 0.399996 0.500002 0.6 0.7 0.8 0.9 1 
0 0.0999966 0.200005 0.299995 0.400003 0.499999 0.6 0.7 0.8 0.9 1 
0 0.100003 0.199995 0.300004 0.399997 0.500001 0.6 0.7 0.8 0.9 1 
0 0.0999973 0.200004 0.299996 0.400003 0.499999 0.6 0.7 0.8 0.9 1 
0 0.100002 0.199996 0.300004 0.399998 0.500001 0.6 0.7 0.8 0.9 1 
0 0.0999978 0.200003 0.299997 0.400002 0.499999 0.6 0.7 0.8 0.9 1 
0 0.100002 0.199997 0.300003 0.399998 0.500001 0.6 0.7 0.8 0.9 1 
0 0.0999983 0.200003 0.299997 0.400002 0.499999 0.6 0.7 0.8 0.9 1 
0 0.100002 0.199998 0.300002 0.399998 0.500001 0.6 0.7 0.8 0.9 1 
0 0.0999986 0.200002 0.299998 0.400001 0.499999 0.6 0.7 0.8 0.9 1 
0 0.100001 0.199998 0.300002 0.399999 0.500001 0.6 0.7 0.8 0.9 1 
0 0.0999989 0.200002 0.299998 0.400001 0.499999 0.6 0.7 0.8 0.9 1 
0 0.100001 0.199998 0.300001 0.399999 0.500001 0.6 0.7 0.8 0.9 1 
0 0.0999991 0.200001 0.299999 0.400001 0.499999 0.6 0.7 0.8 0.9 1 
0 0.100001 0.199999 0.300001 0.399999 0.5 0.6 0.7 0.8 0.9 1 
0 0.0999993 0.200001 0.299999 0.400001 0.5 0.6 0.7 0.8 0.9 1 
0 0.100001 0.199999 0.300001 0.399999 0.5 0.6 0.7 0.8 0.9 1 
0 0.0999994 0.200001 0.299999 0.400001 0.5 0.6 0.7 0.8 0.9 1 
0 0.1 0.199999 0.300001 0.399999 0.5 0.6 0.7 0.8 0.9 1 
0 0.0999996 0.200001 0.299999 0.400001 0.5 0.6 0.7 0.8 0.9 1 
0 0.1 0.199999 0.300001 0.4 0.5 0.6 0.7 0.8 0.9 1 
0 0.0999996 0.200001 0.299999 0.4 0.5 0.6 0.7 0.8 0.9 1 
0 0.1 0.199999 0.300001 0.4 0.5 0.6 0.7 0.8 0.9 1 
0 0.0999997 0.2 0.3 0.4 0.5 0.6 0.7 0.8 0.9 1 
0 0.1 0.2 0.3 0.4 0.5 0.6 0.7 0.8 0.9 1 
0 0.0999998 0.2 0.3 0.4 0.5 0.6 0.7 0.8 0.9 1 
0 0.1 0.2 0.3 0.4 0.5 0.6 0.7 0.8 0.9 1 
0 0.0999998 0.2 0.3 0.4 0.5 0.6 0.7 0.8 0.9 1 
0 0.1 0.2 0.3 0.4 0.5 0.6 0.7 0.8 0.9 1 
0 0.0999999 0.2 0.3 0.4 0.5 0.6 0.7 0.8 0.9 1 
0 0.1 0.2 0.3 0.4 0.5 0.6 0.7 0.8 0.9 1 
0 0.0999999 0.2 0.3 0.4 0.5 0.6 0.7 0.8 0.9 1 
0 0.1 0.2 0.3 0.4 0.5 0.6 0.7 0.8 0.9 1 
0 0.0999999 0.2 0.3 0.4 0.5 0.6 0.7 0.8 0.9 1 
0 0.1 0.2 0.3 0.4 0.5 0.6 0.7 0.8 0.9 1 
0 0.0999999 0.2 0.3 0.4 0.5 0.6 0.7 0.8 0.9 1 
