1 1 0.95 0.9 0.85 0.8 0.75 0.7 0.65 0.6 0.55 0.5 0.45 0.4 0.35 0.3 0.25 0.2 0.15 0.1 0.05 0 -0.05 -0.1 -0.15 -0.2 -0.25 -0.3 -0.35 -0.4 -0.45 -0.5 -0.55 -0.6 -0.65 -0.7 -0.75 -0.8 -0.85 -0.9 -0.95 -1 -1 
1 1 1.02219 0.945 0.8925 0.84 0.7875 0.735 0.6825 0.63 0.5775 0.525 0.4725 0.42 0.3675 0.315 0.2625 0.21 0.1575 0.105 0.0525 -2.76472e-18 -0.0525 -0.105 -0.1575 -0.21 -0.2625 -0.315 -0.3675 -0.42 -0.4725 -0.525 -0.5775 -0.63 -0.6825 -0.735 -0.7875 -0.84 -0.8925 -0.945 -1.02219 -1 -1 
1 1 1.00024 1.05422 0.927319 0.883143 0.827946 0.77275 0.717554 0.662357 0.607161 0.551964 0.496768 0.441571 0.386375 0.331179 0.275982 0.220786 0.165589 0.110393 0.0551964 -5.36335e-18 -0.0551964 -0.110393 -0.165589 -0.220786 -0.275982 -0.331179 -0.386375 -0.441571 -0.496768 -0.551964 -0.607161 -0.662357 -0.717554 -0.77275 -0.827946 -0.883143 -0.927319 -1.05422 -1.00024 -1 -1 
1 1 0.999784 1.00185 1.08452 0.905901 0.871295 0.813209 0.755123 0.697036 0.63895 0.580864 0.522777 0.464691 0.406605 0.348518 0.290432 0.232345 0.174259 0.116173 0.0580864 -8.19155e-18 -0.0580864 -0.116173 -0.174259 -0.232345 -0.290432 -0.348518 -0.406605 -0.464691 -0.522777 -0.580864 -0.63895 -0.697036 -0.755123 -0.813209 -0.871295 -0.905901 -1.08452 -1.00185 -0.999784 -1 -1 
1 1 0.999983 0.998031 1.00691 1.09816 0.89424 0.856764 0.795567 0.734369 0.673172 0.611974 0.550777 0.48958 0.428382 0.367185 0.305987 0.24479 0.183592 0.122395 0.0611974 -1.11407e-17 -0.0611974 -0.122395 -0.183592 -0.24479 -0.305987 -0.367185 -0.428382 -0.48958 -0.550777 -0.611974 -0.673172 -0.734369 -0.795567 -0.856764 -0.89424 -1.09816 -1.00691 -0.998031 -0.999983 -1 -1 
1 1 1.00001 0.999792 0.990625 1.01889 1.10911 0.88021 0.839901 0.775294 0.710686 0.646078 0.58147 0.516862 0.452255 0.387647 0.323039 0.258431 0.193823 0.129216 0.0646078 -1.42506e-17 -0.0646078 -0.129216 -0.193823 -0.258431 -0.323039 -0.387647 -0.452255 -0.516862 -0.58147 -0.646078 -0.710686 -0.775294 -0.839901 -0.88021 -1.10911 -1.01889 -0.990625 -0.999792 -1.00001 -1 -1 
1 1 1 1.00019 0.99865 0.966962 1.04888 1.11674 0.863894 0.820456 0.752085 0.683713 0.615342 0.546971 0.478599 0.410228 0.341857 0.273485 0.205114 0.136743 0.0683713 -1.79653e-17 -0.0683713 -0.136743 -0.205114 -0.273485 -0.341857 -0.410228 -0.478599 -0.546971 -0.615342 -0.683713 -0.752085 -0.820456 -0.863894 -1.11674 -1.04888 -0.966962 -0.99865 -1.00019 -1 -1 -1 
1 1 0.999999 1.00002 1.00141 0.993471 0.935726 1.09016 1.12088 0.845049 0.79813 0.725573 0.653016 0.580458 0.507901 0.435344 0.362786 0.290229 0.217672 0.145115 0.0725573 -2.20429e-17 -0.0725573 -0.145115 -0.217672 -0.290229 -0.362786 -0.435344 -0.507901 -0.580458 -0.653016 -0.725573 -0.79813 -0.845049 -1.12088 -1.09016 -0.935726 -0.993471 -1.00141 -1.00002 -0.999999 -1 -1 
1 1 1 0.99998 1.00019 1.00754 0.978413 0.920298 1.12088 1.12133 0.823376 0.772541 0.695287 0.618033 0.540779 0.463525 0.386271 0.309016 0.231762 0.154508 0.0772541 -2.65891e-17 -0.0772541 -0.154508 -0.231762 -0.309016 -0.386271 -0.463525 -0.540779 -0.618033 -0.695287 -0.772541 -0.823376 -1.12133 -1.12088 -0.920298 -0.978413 -1.00754 -1.00019 -0.99998 -1 -1 -1 
1 1 1 0.999998 0.999814 1.00115 1.02918 0.944523 0.937867 1.12133 1.11792 0.798488 0.743189 0.660612 0.578036 0.495459 0.412883 0.330306 0.24773 0.165153 0.0825765 -3.17137e-17 -0.0825765 -0.165153 -0.24773 -0.330306 -0.412883 -0.495459 -0.578036 -0.660612 -0.743189 -0.798488 -1.11792 -1.12133 -0.937867 -0.944523 -1.02918 -1.00115 -0.999814 -0.999998 -1 -1 -1 
1 1 1 1 0.999976 0.998764 1.005 1.02462 0.937867 0.952875 1.12472 1.10607 0.769794 0.709261 0.620603 0.531946 0.443288 0.35463 0.265973 0.177315 0.0886576 -3.74183e-17 -0.0886576 -0.177315 -0.265973 -0.35463 -0.443288 -0.531946 -0.620603 -0.709261 -0.769794 -1.10607 -1.12472 -0.952875 -0.937867 -1.02462 -1.005 -0.998764 -0.999976 -1 -1 -1 -1 
1 1 1 1 1.00002 0.999817 0.993857 1.0125 1.01355 0.927444 0.978818 1.14275 1.07184 0.736342 0.669523 0.573877 0.478231 0.382585 0.286939 0.191292 0.0956462 -4.43589e-17 -0.0956462 -0.191292 -0.286939 -0.382585 -0.478231 -0.573877 -0.669523 -0.736342 -1.07184 -1.14275 -0.978818 -0.927444 -1.01355 -1.0125 -0.993857 -0.999817 -1.00002 -1 -1 -1 -1 
1 1 1 1 1 1.00018 0.998877 0.995207 1.01355 1.00057 0.89081 1.03574 1.20487 0.978555 0.696541 0.621909 0.518258 0.414606 0.310955 0.207303 0.103652 -5.17593e-17 -0.103652 -0.207303 -0.310955 -0.414606 -0.518258 -0.621909 -0.696541 -0.978555 -1.20487 -1.03574 -0.89081 -1.00057 -1.01355 -0.995207 -0.998877 -1.00018 -1 -1 -1 -1 -1 
1 1 1 1 0.999998 1.00004 1.00103 0.997167 0.998259 1.02213 0.966253 0.844208 1.12327 1.28988 0.827143 0.647545 0.562842 0.450274 0.337705 0.225137 0.112568 -5.9858e-17 -0.112568 -0.225137 -0.337705 -0.450274 -0.562842 -0.647545 -0.827143 -1.28988 -1.12327 -0.844208 -0.966253 -1.02213 -0.998259 -0.997167 -1.00103 -1.00004 -0.999998 -1 -1 -1 -1 
1 1 1 1 0.999999 0.999977 1.00029 1.00016 0.996568 1.00428 1.04997 0.889211 0.781387 1.26308 1.30954 0.687287 0.586174 0.489569 0.367177 0.244785 0.122392 -7.01126e-17 -0.122392 -0.244785 -0.367177 -0.489569 -0.586174 -0.687287 -1.30954 -1.26308 -0.781387 -0.889211 -1.04997 -1.00428 -0.996568 -1.00016 -1.00029 -0.999977 -0.999999 -1 -1 -1 -1 
1 1 1 1 1 0.999994 1.00005 1.00036 0.999209 0.992452 1.02007 1.06035 0.798051 0.841433 1.30954 1.21087 0.607828 0.529042 0.401494 0.267663 0.133831 -8.18691e-17 -0.133831 -0.267663 -0.401494 -0.529042 -0.607828 -1.21087 -1.30954 -0.841433 -0.798051 -1.06035 -1.02007 -0.992452 -0.999209 -1.00036 -1.00005 -0.999994 -1 -1 -1 -1 -1 
1 1 1 1 1 0.999999 0.999964 1.00017 1.00096 0.996716 0.983007 1.0442 0.984166 0.785684 0.953692 1.39335 0.973255 0.553253 0.441405 0.295017 0.147508 -9.51159e-17 -0.147508 -0.295017 -0.441405 -0.553253 -0.973255 -1.39335 -0.953692 -0.785684 -0.984166 -1.0442 -0.983007 -0.996716 -1.00096 -1.00017 -0.999964 -0.999999 -1 -1 -1 -1 -1 
1 1 1 1 1 1 0.999988 0.999876 1.00053 1.00279 0.989717 0.999683 1.06897 0.870633 0.723702 1.14818 1.46091 0.69236 0.46267 0.326101 0.163125 -1.10367e-16 -0.163125 -0.326101 -0.46267 -0.69236 -1.46091 -1.14818 -0.723702 -0.870633 -1.06897 -0.999683 -0.989717 -1.00279 -1.00053 -0.999876 -0.999988 -1 -1 -1 -1 -1 -1 
1 1 1 1 1 1 1.00001 0.999944 0.999632 1.00169 0.99863 0.986043 1.02677 1.05803 0.748143 0.694011 1.36388 1.34955 0.494528 0.347029 0.181327 -1.28179e-16 -0.181327 -0.347029 -0.494528 -1.34955 -1.36388 -0.694011 -0.748143 -1.05803 -1.02677 -0.986043 -0.99863 -1.00169 -0.999632 -0.999944 -1.00001 -1 -1 -1 -1 -1 -1 
1 1 1 1 1 1 1 1.00003 0.999815 1.00018 1.00312 0.992961 0.981236 1.04962 0.981952 0.694011 0.858513 1.3779 1.10396 0.365593 0.203898 -1.52981e-16 -0.203898 -0.365593 -1.10396 -1.3779 -0.858513 -0.694011 -0.981952 -1.04962 -0.981236 -0.992961 -1.00312 -1.00018 -0.999815 -1.00003 -1 -1 -1 -1 -1 -1 -1 
1 1 1 1 1 1 0.999999 1.00001 0.999974 0.99965 1.00125 1.00453 0.985423 0.999225 1.0784 0.822564 0.653525 1.06872 1.54292 0.600502 0.215213 -1.85084e-16 -0.215213 -0.600502 -1.54292 -1.06872 -0.653525 -0.822564 -1.0784 -0.999225 -0.985423 -1.00453 -1.00125 -0.99965 -0.999974 -1.00001 -0.999999 -1 -1 -1 -1 -1 -1 
1 1 1 1 1 1 1 1 1.00002 0.999835 0.999174 1.00344 0.997744 0.981348 1.03409 1.04306 0.671492 0.654545 1.32404 1.35695 0.230057 -5.98269e-16 -0.230057 -1.35695 -1.32404 -0.654545 -0.671492 -1.04306 -1.03409 -0.981348 -0.997744 -1.00344 -0.999174 -0.999835 -1.00002 -1 -1 -1 -1 -1 -1 -1 -1 
1 1 1 1 1 1 1 0.999998 1.00001 1.00011 0.999522 1.00029 1.00611 0.989132 0.988062 1.04306 0.914513 0.654545 0.803423 1.35695 0.908534 -5.98269e-16 -0.908534 -1.35695 -0.803423 -0.654545 -0.914513 -1.04306 -0.988062 -0.989132 -1.00611 -1.00029 -0.999522 -1.00011 -1.00001 -0.999998 -1 -1 -1 -1 -1 -1 -1 
1 1 1 1 1 1 1 0.999999 0.999991 1.00005 0.999957 0.999158 1.00237 1.0024 0.988062 1.0019 1.08777 0.724304 0.627128 1.01264 1.509 -9.78227e-15 -1.509 -1.01264 -0.627128 -0.724304 -1.08777 -1.0019 -0.988062 -1.0024 -1.00237 -0.999158 -0.999957 -1.00005 -0.999991 -0.999999 -1 -1 -1 -1 -1 -1 -1 
1 1 1 1 1 1 1 1 0.999996 1.00001 1.00008 0.999627 1.00023 1.0024 0.997516 0.983525 1.03756 0.986055 0.627128 0.616223 1.28123 -5.3632e-14 -1.28123 -0.616223 -0.627128 -0.986055 -1.03756 -0.983525 -0.997516 -1.0024 -1.00023 -0.999627 -1.00008 -1.00001 -0.999996 -1 -1 -1 -1 -1 -1 -1 -1 
1 1 1 1 1 1 1 1 0.999999 0.999988 1.00004 0.999979 0.99929 1.00117 1.00512 0.990551 0.994942 1.06534 0.819773 0.616223 0.788804 -7.72016e-14 -0.788804 -0.616223 -0.819773 -1.06534 -0.994942 -0.990551 -1.00512 -1.00117 -0.99929 -0.999979 -1.00004 -0.999988 -0.999999 -1 -1 -1 -1 -1 -1 -1 -1 
1 1 1 1 1 1 1 1 1 0.999998 0.999991 1.00009 0.999883 0.997636 1.00317 1.00419 0.98674 1.00138 1.12444 0.666003 0.675 -6.65197e-14 -0.675 -0.666003 -1.12444 -1.00138 -0.98674 -1.00419 -1.00317 -0.997636 -0.999883 -1.00009 -0.999991 -0.999998 -1 -1 -1 -1 -1 -1 -1 -1 -1 
1 1 1 1 1 1 1 1 1 1 0.999995 1 1.00025 0.99945 0.997333 1.00419 1.00219 0.975307 1.02124 1.03099 0.669635 -5.37829e-14 -0.669635 -1.03099 -1.02124 -0.975307 -1.00219 -1.00419 -0.997333 -0.99945 -1.00025 -1 -0.999995 -1 -1 -1 -1 -1 -1 -1 -1 -1 -1 
1 1 1 1 1 1 1 1 1 1 1 0.999988 1.00002 1.00099 0.998611 0.997534 1.00608 0.999145 0.967065 1.03099 1.13076 -6.57359e-14 -1.13076 -1.03099 -0.967065 -0.999145 -1.00608 -0.997534 -0.998611 -1.00099 -1.00002 -0.999988 -1 -1 -1 -1 -1 -1 -1 -1 -1 -1 -1 
1 1 1 1 1 1 1 1 1 1 1 1 0.999967 1.00015 1.00167 0.997534 0.998509 1.0114 0.988848 0.927926 1.08198 -9.34781e-16 -1.08198 -0.927926 -0.988848 -1.0114 -0.998509 -0.997534 -1.00167 -1.00015 -0.999967 -1 -1 -1 -1 -1 -1 -1 -1 -1 -1 -1 -1 
1 1 1 1 1 1 1 1 1 1 1 1 0.999998 0.999811 1.00044 1.00135 0.99671 1.00033 1.03008 0.961509 0.938893 3.89808e-14 -0.938893 -0.961509 -1.03008 -1.00033 -0.99671 -1.00135 -1.00044 -0.999811 -0.999998 -1 -1 -1 -1 -1 -1 -1 -1 -1 -1 -1 -1 
1 1 1 1 1 1 1 1 1 1 1 1 1 0.999991 0.999383 1.00091 1.00121 0.993301 1.00428 1.04866 0.959259 -9.6821e-15 -0.959259 -1.04866 -1.00428 -0.993301 -1.00121 -1.00091 -0.999383 -0.999991 -1 -1 -1 -1 -1 -1 -1 -1 -1 -1 -1 -1 -1 
1 1 1 1 1 1 1 1 1 1 1 1 1 1.00002 0.99995 0.999162 1.00121 1.00083 0.983255 1.01578 1.12282 -5.59476e-14 -1.12282 -1.01578 -0.983255 -1.00083 -1.00121 -0.999162 -0.99995 -1.00002 -1 -1 -1 -1 -1 -1 -1 -1 -1 -1 -1 -1 -1 
1 1 1 1 1 1 1 1 1 1 1 1 1 1 1.00007 0.999805 0.999386 1.00152 0.998434 0.956929 1.05078 -1.16894e-15 -1.05078 -0.956929 -0.998434 -1.00152 -0.999386 -0.999805 -1.00007 -1 -1 -1 -1 -1 -1 -1 -1 -1 -1 -1 -1 -1 -1 
1 1 1 1 1 1 1 1 1 1 1 1 1 0.999998 1.00001 1.00025 0.999585 0.999488 1.00429 0.992621 0.96112 1.92228e-14 -0.96112 -0.992621 -1.00429 -0.999488 -0.999585 -1.00025 -1.00001 -0.999998 -1 -1 -1 -1 -1 -1 -1 -1 -1 -1 -1 -1 -1 
1 1 1 1 1 1 1 1 1 1 1 1 1 1 0.99999 1.00002 1.00035 0.999488 0.999499 1.0157 1.00994 -1.32782e-14 -1.00994 -1.0157 -0.999499 -0.999488 -1.00035 -1.00002 -0.99999 -1 -1 -1 -1 -1 -1 -1 -1 -1 -1 -1 -1 -1 -1 
1 1 1 1 1 1 1 1 1 1 1 1 1 1 1 0.999965 1.00005 1.00033 0.999477 0.99964 1.02138 -1.91807e-14 -1.02138 -0.99964 -0.999477 -1.00033 -1.00005 -0.999965 -1 -1 -1 -1 -1 -1 -1 -1 -1 -1 -1 -1 -1 -1 -1 
1 1 1 1 1 1 1 1 1 1 1 1 1 1 1 0.999999 0.999888 1.00013 1.00032 0.999321 1.00003 -2.11512e-15 -1.00003 -0.999321 -1.00032 -1.00013 -0.999888 -0.999999 -1 -1 -1 -1 -1 -1 -1 -1 -1 -1 -1 -1 -1 -1 -1 
1 1 1 1 1 1 1 1 1 1 1 1 1 1 1 1 0.999998 0.999767 1.00025 1.00032 0.999321 -2.11512e-15 -0.999321 -1.00032 -1.00025 -0.999767 -0.999998 -1 -1 -1 -1 -1 -1 -1 -1 -1 -1 -1 -1 -1 -1 -1 -1 
1 1 1 1 1 1 1 1 1 1 1 1 1 1 1 1 1.00001 0.999994 0.999704 1.00032 1.00131 -3.44697e-15 -1.00131 -1.00032 -0.999704 -0.999994 -1.00001 -1 -1 -1 -1 -1 -1 -1 -1 -1 -1 -1 -1 -1 -1 -1 -1 
1 1 1 1 1 1 1 1 1 1 1 1 1 1 1 1 1 1.00002 0.999983 0.999209 1.00081 -2.11644e-15 -1.00081 -0.999209 -0.999983 -1.00002 -1 -1 -1 -1 -1 -1 -1 -1 -1 -1 -1 -1 -1 -1 -1 -1 -1 
1 1 1 1 1 1 1 1 1 1 1 1 1 1 1 1 1 1 1.00005 0.999949 0.99921 -1.22898e-15 -0.99921 -0.999949 -1.00005 -1 -1 -1 -1 -1 -1 -1 -1 -1 -1 -1 -1 -1 -1 -1 -1 -1 -1 
1 1 1 1 1 1 1 1 1 1 1 1 1 1 1 1 1 1 1 1.00015 1.00059 -2.89424e-15 -1.00059 -1.00015 -1 -1 -1 -1 -1 -1 -1 -1 -1 -1 -1 -1 -1 -1 -1 -1 -1 -1 -1 
1 1 1 1 1 1 1 1 1 1 1 1 1 1 1 1 1 1 1 0.999851 1.0003 -2.00658e-15 -1.0003 -0.999851 -1 -1 -1 -1 -1 -1 -1 -1 -1 -1 -1 -1 -1 -1 -1 -1 -1 -1 -1 
1 1 1 1 1 1 1 1 1 1 1 1 1 1 1 1 1 1 1 0.999999 0.999851 -2.00658e-15 -0.999851 -0.999999 -1 -1 -1 -1 -1 -1 -1 -1 -1 -1 -1 -1 -1 -1 -1 -1 -1 -1 -1 
1 1 1 1 1 1 1 1 1 1 1 1 1 1 1 1 1 1 1 1 1.00015 -2.00658e-15 -1.00015 -1 -1 -1 -1 -1 -1 -1 -1 -1 -1 -1 -1 -1 -1 -1 -1 -1 -1 -1 -1 
1 1 1 1 1 1 1 1 1 1 1 1 1 1 1 1 1 1 1 0.999999 1 -2.00658e-15 -1 -0.999999 -1 -1 -1 -1 -1 -1 -1 -1 -1 -1 -1 -1 -1 -1 -1 -1 -1 -1 -1 
1 1 1 1 1 1 1 1 1 1 1 1 1 1 1 1 1 1 1 0.999999 0.999999 -2.00658e-15 -0.999999 -0.999999 -1 -1 -1 -1 -1 -1 -1 -1 -1 -1 -1 -1 -1 -1 -1 -1 -1 -1 -1 
1 1 1 1 1 1 1 1 1 1 1 1 1 1 1 1 1 1 1 1 0.999999 -2.00658e-15 -0.999999 -1 -1 -1 -1 -1 -1 -1 -1 -1 -1 -1 -1 -1 -1 -1 -1 -1 -1 -1 -1 
1 1 1 1 1 1 1 1 1 1 1 1 1 1 1 1 1 1 1 1 1 -2.00658e-15 -1 -1 -1 -1 -1 -1 -1 -1 -1 -1 -1 -1 -1 -1 -1 -1 -1 -1 -1 -1 -1 
1 1 1 1 1 1 1 1 1 1 1 1 1 1 1 1 1 1 1 1 1 -2.00658e-15 -1 -1 -1 -1 -1 -1 -1 -1 -1 -1 -1 -1 -1 -1 -1 -1 -1 -1 -1 -1 -1 
1 1 1 1 1 1 1 1 1 1 1 1 1 1 1 1 1 1 1 1 1 -2.00658e-15 -1 -1 -1 -1 -1 -1 -1 -1 -1 -1 -1 -1 -1 -1 -1 -1 -1 -1 -1 -1 -1 
