1 1 0.9875 0.975 0.9625 0.95 0.9375 0.925 0.9125 0.9 0.8875 0.875 0.8625 0.85 0.8375 0.825 0.8125 0.8 0.7875 0.775 0.7625 0.75 0.7375 0.725 0.7125 0.7 0.6875 0.675 0.6625 0.65 0.6375 0.625 0.6125 0.6 0.5875 0.575 0.5625 0.55 0.5375 0.525 0.5125 0.5 0.5 
1 1 0.998645 0.982313 0.969719 0.957125 0.944531 0.931938 0.919344 0.90675 0.894156 0.881563 0.868969 0.856375 0.843781 0.831188 0.818594 0.806 0.793406 0.780813 0.768219 0.755625 0.743031 0.730438 0.717844 0.70525 0.692656 0.680063 0.667469 0.654875 0.642281 0.629688 0.617094 0.6045 0.591906 0.579313 0.566719 0.554125 0.541531 0.528938 0.516344 0.501887 0.5 
1 1 0.999894 0.995689 0.976638 0.964357 0.951668 0.938979 0.926291 0.913602 0.900913 0.888224 0.875535 0.862846 0.850157 0.837468 0.824779 0.81209 0.799401 0.786713 0.774024 0.761335 0.748646 0.735957 0.723268 0.710579 0.69789 0.685201 0.672512 0.659823 0.647134 0.634446 0.621757 0.609068 0.596379 0.58369 0.571001 0.558312 0.545623 0.532934 0.520368 0.50491 0.498113 
1 1 0.99999 0.999634 0.990616 0.970942 0.958974 0.946128 0.933343 0.920557 0.907772 0.894986 0.882201 0.869415 0.85663 0.843844 0.831059 0.818273 0.805488 0.792702 0.779917 0.767131 0.754345 0.74156 0.728774 0.715989 0.703203 0.690418 0.677632 0.664847 0.652061 0.639276 0.62649 0.613705 0.600919 0.588134 0.575348 0.562563 0.549777 0.536982 0.524459 0.509261 0.49509 
1 1 0.999999 0.999955 0.999111 0.983375 0.965375 0.953547 0.940494 0.927619 0.914735 0.901852 0.888968 0.876085 0.863201 0.850317 0.837434 0.82455 0.811667 0.798783 0.785899 0.773016 0.760132 0.747249 0.734365 0.721482 0.708598 0.695714 0.682831 0.669947 0.657064 0.64418 0.631296 0.618413 0.605529 0.592646 0.579762 0.566878 0.553996 0.541083 0.528547 0.514353 0.490739 
1 1 1 0.999995 0.99987 0.997378 0.974938 0.959935 0.948025 0.934762 0.921808 0.908823 0.89584 0.882857 0.869874 0.856891 0.843907 0.830924 0.817941 0.804958 0.791975 0.778991 0.766008 0.753025 0.740042 0.727059 0.714075 0.701092 0.688109 0.675126 0.662143 0.64916 0.636176 0.623193 0.61021 0.597227 0.584244 0.57126 0.55828 0.545246 0.532607 0.519313 0.485647 
1 1 1 0.999999 0.999983 0.999649 0.992436 0.967367 0.954628 0.942368 0.928934 0.915908 0.902819 0.889734 0.87665 0.863566 0.850481 0.837397 0.824313 0.811228 0.798144 0.78506 0.771975 0.758891 0.745807 0.732722 0.719638 0.706554 0.693469 0.680385 0.667301 0.654216 0.641132 0.628048 0.614963 0.601879 0.588795 0.57571 0.562632 0.549482 0.536664 0.523921 0.480687 
1 1 1 1 0.999998 0.999949 0.999191 0.983972 0.961125 0.949385 0.936544 0.92302 0.909917 0.896719 0.883532 0.870345 0.857158 0.843971 0.830784 0.817597 0.80441 0.791223 0.778036 0.764849 0.751662 0.738475 0.725288 0.712101 0.698914 0.685727 0.672539 0.659352 0.646165 0.632978 0.619791 0.606604 0.593417 0.580229 0.567052 0.553796 0.540759 0.528282 0.476079 
1 1 1 1 1 0.999993 0.999867 0.99795 0.973335 0.95555 0.944019 0.93055 0.917027 0.903831 0.890521 0.877232 0.86394 0.850649 0.837357 0.824066 0.810775 0.797483 0.784192 0.7709 0.757609 0.744318 0.731026 0.717735 0.704444 0.691152 0.677861 0.664569 0.651278 0.637987 0.624695 0.611404 0.598113 0.58482 0.571541 0.558189 0.544924 0.532514 0.471718 
1 1 1 1 1 0.999999 0.999981 0.999674 0.993124 0.963817 0.950254 0.938393 0.92443 0.910959 0.897645 0.884224 0.87083 0.857433 0.844035 0.830638 0.81724 0.803843 0.790446 0.777048 0.763651 0.750253 0.736856 0.723459 0.710061 0.696664 0.683267 0.669869 0.656472 0.643074 0.629677 0.61628 0.602882 0.589483 0.5761 0.56266 0.549181 0.536706 0.467486 
1 1 1 1 1 1 0.999997 0.999948 0.999213 0.983458 0.956917 0.945108 0.932445 0.918235 0.904809 0.891355 0.877825 0.864326 0.85082 0.837315 0.82381 0.810305 0.7968 0.783295 0.769789 0.756284 0.742779 0.729274 0.715769 0.702264 0.688759 0.675254 0.661749 0.648244 0.634739 0.621234 0.607729 0.594221 0.580729 0.567205 0.553537 0.54092 0.463294 
1 1 1 1 1 1 1 0.999993 0.999869 0.998051 0.970989 0.951223 0.939849 0.92619 0.912 0.898564 0.884958 0.871323 0.857715 0.8441 0.830485 0.816871 0.803256 0.789642 0.776027 0.762413 0.748798 0.735184 0.721569 0.707955 0.69434 0.680726 0.667111 0.653496 0.639882 0.626267 0.612653 0.599036 0.585432 0.571823 0.557996 0.545193 0.45908 
1 1 1 1 1 1 1 0.999999 0.99998 0.999679 0.992856 0.959989 0.945933 0.934229 0.919733 0.905734 0.892209 0.878452 0.864716 0.850996 0.837269 0.823543 0.809818 0.796092 0.782366 0.76864 0.754915 0.741189 0.727463 0.713738 0.700012 0.686286 0.67256 0.658835 0.645109 0.631383 0.617658 0.603929 0.590209 0.57651 0.562553 0.549549 0.454807 
1 1 1 1 1 1 1 1 0.999997 0.999948 0.999188 0.981761 0.952688 0.940825 0.928132 0.91321 0.899418 0.885731 0.871837 0.858 0.844166 0.830325 0.816487 0.802648 0.788809 0.774971 0.761132 0.747293 0.733454 0.719616 0.705777 0.691938 0.678099 0.66426 0.650422 0.636583 0.622745 0.608904 0.595065 0.581269 0.567201 0.554 0.450451 
1 1 1 1 1 1 1 1 1 0.999992 0.999865 0.997889 0.96763 0.946933 0.935583 0.921578 0.906705 0.893018 0.879126 0.865116 0.851173 0.837221 0.823266 0.809313 0.795359 0.781405 0.767452 0.753498 0.739544 0.725591 0.711637 0.697683 0.68373 0.669776 0.655822 0.641869 0.627916 0.61396 0.600002 0.5861 0.571935 0.558549 0.446 
1 1 1 1 1 1 1 1 1 0.999999 0.999979 0.99966 0.991695 0.955794 0.941638 0.929881 0.914749 0.900232 0.886497 0.872395 0.858286 0.844231 0.830159 0.816088 0.802018 0.787947 0.773877 0.759806 0.745736 0.731665 0.717595 0.703524 0.689454 0.675384 0.661313 0.647242 0.633172 0.619102 0.605023 0.591006 0.576749 0.563194 0.441451 
1 1 1 1 1 1 1 1 1 1 0.999997 0.999945 0.999108 0.978892 0.948406 0.936518 0.92355 0.907883 0.89375 0.879827 0.865546 0.851346 0.837171 0.822978 0.808789 0.7946 0.78041 0.766221 0.752032 0.737842 0.723653 0.709464 0.695275 0.681085 0.666896 0.652707 0.638518 0.624329 0.610129 0.595991 0.581641 0.567932 0.436806 
1 1 1 1 1 1 1 1 1 1 1 0.999992 0.999854 0.997444 0.963281 0.942642 0.931201 0.916629 0.901115 0.887195 0.873 0.858586 0.84429 0.829988 0.815674 0.801364 0.787054 0.772744 0.758434 0.744124 0.729814 0.715504 0.701194 0.686884 0.672574 0.658264 0.643954 0.629645 0.615322 0.60106 0.586611 0.572758 0.432068 
1 1 1 1 1 1 1 1 1 1 1 0.999999 0.999978 0.999612 0.989574 0.95131 0.937317 0.925301 0.909402 0.89445 0.8805 0.866025 0.851518 0.837112 0.82268 0.808244 0.793812 0.779379 0.764946 0.750513 0.73608 0.721647 0.707214 0.692781 0.678348 0.663915 0.649482 0.635052 0.620606 0.606214 0.591659 0.577669 0.427242 
1 1 1 1 1 1 1 1 1 1 1 1 0.999997 0.999938 0.99896 0.97487 0.944059 0.932127 0.918622 0.902211 0.887812 0.873622 0.858921 0.844338 0.829808 0.815245 0.800686 0.786128 0.77157 0.757012 0.742455 0.727897 0.713339 0.698781 0.684223 0.669665 0.655107 0.640552 0.625982 0.611459 0.596789 0.582665 0.422331 
1 1 1 1 1 1 1 1 1 1 1 1 0.999999 0.999991 0.999832 0.996569 0.958119 0.938299 0.926632 0.911263 0.895219 0.881097 0.866551 0.851704 0.83704 0.822372 0.807679 0.792995 0.77831 0.763625 0.74894 0.734255 0.719569 0.704884 0.690199 0.675514 0.660829 0.646147 0.631451 0.616796 0.602005 0.587746 0.417335 
1 1 1 1 1 1 1 1 1 1 1 1 1 0.999999 0.999974 0.999524 0.986395 0.946657 0.932906 0.920401 0.903644 0.888393 0.874209 0.859307 0.844382 0.829613 0.814801 0.799981 0.785168 0.770353 0.755539 0.740724 0.72591 0.711095 0.696281 0.681466 0.666651 0.65184 0.637016 0.622228 0.607311 0.592913 0.412254 
1 1 1 1 1 1 1 1 1 1 1 1 1 1 0.999996 0.999926 0.998719 0.969734 0.93963 0.927567 0.913256 0.896188 0.881607 0.867091 0.851927 0.83695 0.822049 0.807095 0.792145 0.777201 0.762254 0.747308 0.732362 0.717416 0.70247 0.687524 0.672577 0.657633 0.64268 0.627757 0.61271 0.59817 0.407087 
1 1 1 1 1 1 1 1 1 1 1 1 1 1 0.999999 0.999989 0.999796 0.994998 0.952439 0.93384 0.92177 0.905423 0.889032 0.874714 0.859741 0.844438 0.829396 0.814342 0.799249 0.784169 0.76909 0.75401 0.73893 0.723849 0.708769 0.693689 0.678608 0.66353 0.648444 0.633386 0.618206 0.603519 0.40183 
1 1 1 1 1 1 1 1 1 1 1 1 1 1 1 0.999998 0.999969 0.999381 0.982106 0.941899 0.928321 0.915068 0.89747 0.882073 0.867596 0.852202 0.836851 0.821704 0.80649 0.791263 0.776049 0.760833 0.745615 0.730399 0.715182 0.699966 0.684749 0.669534 0.654312 0.639117 0.623802 0.608966 0.396481 
1 1 1 1 1 1 1 1 1 1 1 1 1 1 1 1 0.999995 0.999906 0.998303 0.963584 0.935074 0.92273 0.907368 0.889839 0.875129 0.860193 0.844528 0.829154 0.813862 0.798492 0.783131 0.767779 0.752423 0.737067 0.721712 0.706356 0.691 0.675646 0.660286 0.644953 0.6295 0.614513 0.391034 
1 1 1 1 1 1 1 1 1 1 1 1 1 1 1 1 0.999999 0.999986 0.999737 0.99241 0.946583 0.929179 0.916489 0.899091 0.882574 0.868021 0.852526 0.836757 0.821329 0.805864 0.790347 0.774851 0.759356 0.743858 0.728361 0.712864 0.697367 0.681871 0.666369 0.650895 0.635303 0.620163 0.385487 
1 1 1 1 1 1 1 1 1 1 1 1 1 1 1 1 1 0.999998 0.99996 0.999174 0.976705 0.937024 0.92346 0.90919 0.890918 0.875489 0.860615 0.844665 0.828895 0.813352 0.797709 0.782053 0.766416 0.750775 0.735134 0.719493 0.703851 0.688211 0.672565 0.656946 0.641214 0.625919 0.379837 
1 1 1 1 1 1 1 1 1 1 1 1 1 1 1 1 1 1 0.999994 0.999877 0.997535 0.956612 0.930306 0.917487 0.900918 0.883205 0.868354 0.852873 0.836687 0.820921 0.80521 0.789399 0.773605 0.757821 0.742033 0.726245 0.710457 0.69467 0.678877 0.663111 0.647235 0.631784 0.374081 
1 1 1 1 1 1 1 1 1 1 1 1 1 1 1 1 1 1 0.999999 0.999982 0.999639 0.988571 0.940773 0.92421 0.910658 0.892314 0.875859 0.860965 0.844853 0.828629 0.812806 0.796898 0.780932 0.764997 0.749063 0.733124 0.717187 0.70125 0.685308 0.669392 0.65337 0.63776 0.368216 
1 1 1 1 1 1 1 1 1 1 1 1 1 1 1 1 1 1 1 0.999997 0.999946 0.998891 0.970204 0.931963 0.918189 0.902697 0.88406 0.86862 0.853202 0.836659 0.820485 0.804521 0.788416 0.772308 0.756225 0.740136 0.724045 0.707956 0.691861 0.675792 0.65962 0.643852 0.36224 
1 1 1 1 1 1 1 1 1 1 1 1 1 1 1 1 1 1 1 1 0.999992 0.999834 0.996097 0.949128 0.925206 0.911695 0.893946 0.876322 0.861224 0.845069 0.828376 0.812219 0.796052 0.77977 0.76352 0.747281 0.731035 0.71479 0.69854 0.682315 0.66599 0.65006 0.356148 
1 1 1 1 1 1 1 1 1 1 1 1 1 1 1 1 1 1 1 1 0.999999 0.999976 0.999483 0.983442 0.934985 0.918814 0.904177 0.885193 0.868873 0.85347 0.836675 0.82003 0.803788 0.787398 0.770959 0.754562 0.738162 0.721758 0.705349 0.688965 0.672484 0.656389 0.34994 
1 1 1 1 1 1 1 1 1 1 1 1 1 1 1 1 1 1 1 1 1 0.999997 0.999924 0.998481 0.96264 0.9266 0.912364 0.895605 0.876958 0.861408 0.845279 0.828151 0.811591 0.795165 0.778564 0.761981 0.745426 0.728862 0.712291 0.695745 0.679104 0.662842 0.343611 
1 1 1 1 1 1 1 1 1 1 1 1 1 1 1 1 1 1 1 1 1 0.999999 0.999989 0.999772 0.99356 0.941497 0.919633 0.905233 0.886572 0.869185 0.853654 0.836723 0.819571 0.803006 0.786338 0.769557 0.752828 0.736108 0.719372 0.702659 0.685856 0.669424 0.337158 
1 1 1 1 1 1 1 1 1 1 1 1 1 1 1 1 1 1 1 1 1 1 0.999998 0.999966 0.999247 0.977083 0.929014 0.912865 0.897037 0.87783 0.861558 0.845442 0.827959 0.810931 0.794227 0.777313 0.760378 0.743493 0.726594 0.709712 0.692741 0.676137 0.330576 
1 1 1 1 1 1 1 1 1 1 1 1 1 1 1 1 1 1 1 1 1 1 1 0.999995 0.999891 0.997776 0.954101 0.920772 0.905878 0.888037 0.86963 0.853756 0.836773 0.819122 0.802173 0.785229 0.768101 0.751021 0.733961 0.716908 0.699766 0.682985 0.323863 
1 1 1 1 1 1 1 1 1 1 1 1 1 1 1 1 1 1 1 1 1 1 1 0.999999 0.999985 0.999673 0.98954 0.93393 0.913459 0.898083 0.878936 0.861739 0.845529 0.827794 0.810248 0.793233 0.77601 0.75871 0.741471 0.724252 0.706935 0.689973 0.317015 
1 1 1 1 1 1 1 1 1 1 1 1 1 1 1 1 1 1 1 1 1 1 1 1 0.999998 0.999952 0.998922 0.969452 0.922634 0.906264 0.889363 0.87027 0.853808 0.836788 0.818689 0.801293 0.784063 0.766588 0.749131 0.731743 0.714253 0.697106 0.310027 
1 1 1 1 1 1 1 1 1 1 1 1 1 1 1 1 1 1 1 1 1 1 1 1 1 0.999993 0.999844 0.996449 0.944716 0.914326 0.89871 0.880174 0.86202 0.845532 0.827633 0.809555 0.792177 0.774652 0.756968 0.739381 0.721722 0.704389 0.302894 
1 1 1 1 1 1 1 1 1 1 1 1 1 1 1 1 1 1 1 1 1 1 1 1 1 0.999999 0.999978 0.999511 0.983835 0.92631 0.906616 0.890368 0.871127 0.853866 0.836735 0.818271 0.800373 0.782833 0.765007 0.74718 0.729342 0.711827 0.295611 
1 1 1 1 1 1 1 1 1 1 1 1 1 1 1 1 1 1 1 1 1 1 1 1 1 1 0.999997 0.999929 0.998474 0.960353 0.915686 0.899002 0.881362 0.862464 0.845472 0.827443 0.808858 0.791063 0.773223 0.755173 0.737113 0.719419 0.288173 
1 1 1 1 1 1 1 1 1 1 1 1 1 1 1 1 1 1 1 1 1 1 1 1 1 1 1 0.99999 0.999776 0.993955 0.934668 0.90719 0.890978 0.87215 0.853996 0.836598 0.817849 0.799424 0.781529 0.763377 0.745061 0.727163 0.280581 
1 1 1 1 1 1 1 1 1 1 1 1 1 1 1 1 1 1 1 1 1 1 1 1 1 1 1 0.999999 0.999968 0.999256 0.976285 0.91835 0.899156 0.882309 0.863114 0.845395 0.827189 0.808158 0.789888 0.77174 0.753221 0.735073 0.272837 
1 1 1 1 1 1 1 1 1 1 1 1 1 1 1 1 1 1 1 1 1 1 1 1 1 1 1 1 0.999996 0.999893 0.99774 0.949523 0.908113 0.891223 0.873198 0.854268 0.836384 0.817397 0.798445 0.780171 0.761591 0.743183 0.264927 
1 1 1 1 1 1 1 1 1 1 1 1 1 1 1 1 1 1 1 1 1 1 1 1 1 1 1 1 0.999999 0.999985 0.99967 0.98949 0.924242 0.899452 0.882913 0.863954 0.845362 0.82685 0.807437 0.788683 0.770098 0.751519 0.256817 
1 1 1 1 1 1 1 1 1 1 1 1 1 1 1 1 1 1 1 1 1 1 1 1 1 1 1 1 1 0.999998 0.999952 0.998868 0.966524 0.909914 0.89127 0.874094 0.854736 0.836129 0.816876 0.797461 0.778664 0.760043 0.248481 
1 1 1 1 1 1 1 1 1 1 1 1 1 1 1 1 1 1 1 1 1 1 1 1 1 1 1 1 1 1 0.999993 0.999839 0.996259 0.936848 0.900027 0.883173 0.864881 0.84545 0.826415 0.806695 0.787355 0.768659 0.239957 
1 1 1 1 1 1 1 1 1 1 1 1 1 1 1 1 1 1 1 1 1 1 1 1 1 1 1 1 1 1 0.999999 0.999978 0.999484 0.982144 0.9138 0.891353 0.874715 0.855411 0.835886 0.81628 0.796369 0.777352 0.231341 
1 1 1 1 1 1 1 1 1 1 1 1 1 1 1 1 1 1 1 1 1 1 1 1 1 1 1 1 1 1 1 0.999997 0.999926 0.998287 0.954011 0.901159 0.883197 0.865744 0.845717 0.825929 0.805811 0.786266 0.222648 
1 1 1 1 1 1 1 1 1 1 1 1 1 1 1 1 1 1 1 1 1 1 1 1 1 1 1 1 1 1 1 1 0.99999 0.999755 0.992948 0.922858 0.891681 0.87503 0.856224 0.835745 0.815508 0.79557 0.213734 
1 1 1 1 1 1 1 1 1 1 1 1 1 1 1 1 1 1 1 1 1 1 1 1 1 1 1 1 1 1 1 1 0.999999 0.999966 0.999144 0.971247 0.903634 0.883165 0.866394 0.846214 0.825344 0.805205 0.20443 
1 1 1 1 1 1 1 1 1 1 1 1 1 1 1 1 1 1 1 1 1 1 1 1 1 1 1 1 1 1 1 1 1 0.999995 0.99988 0.997211 0.938514 0.892372 0.875081 0.857062 0.835676 0.815001 0.194795 
1 1 1 1 1 1 1 1 1 1 1 1 1 1 1 1 1 1 1 1 1 1 1 1 1 1 1 1 1 1 1 1 1 0.999999 0.999984 0.999606 0.985916 0.909117 0.883309 0.866782 0.846808 0.825184 0.184999 
1 1 1 1 1 1 1 1 1 1 1 1 1 1 1 1 1 1 1 1 1 1 1 1 1 1 1 1 1 1 1 1 1 1 0.999998 0.999944 0.99856 0.95655 0.893876 0.87503 0.857674 0.836284 0.174816 
1 1 1 1 1 1 1 1 1 1 1 1 1 1 1 1 1 1 1 1 1 1 1 1 1 1 1 1 1 1 1 1 1 1 1 0.999992 0.999801 0.994481 0.92094 0.883752 0.866835 0.847798 0.163716 
1 1 1 1 1 1 1 1 1 1 1 1 1 1 1 1 1 1 1 1 1 1 1 1 1 1 1 1 1 1 1 1 1 1 1 0.999999 0.999973 0.999295 0.973678 0.89709 0.874963 0.857914 0.152202 
1 1 1 1 1 1 1 1 1 1 1 1 1 1 1 1 1 1 1 1 1 1 1 1 1 1 1 1 1 1 1 1 1 1 1 1 0.999996 0.999902 0.997542 0.938197 0.884638 0.866299 0.142086 
1 1 1 1 1 1 1 1 1 1 1 1 1 1 1 1 1 1 1 1 1 1 1 1 1 1 1 1 1 1 1 1 1 1 1 1 0.999999 0.999987 0.999659 0.987496 0.904169 0.874977 0.133701 
1 1 1 1 1 1 1 1 1 1 1 1 1 1 1 1 1 1 1 1 1 1 1 1 1 1 1 1 1 1 1 1 1 1 1 1 1 0.999998 0.999953 0.998676 0.956859 0.889007 0.125023 
1 1 1 1 1 1 1 1 1 1 1 1 1 1 1 1 1 1 1 1 1 1 1 1 1 1 1 1 1 1 1 1 1 1 1 1 1 1 0.999994 0.999821 0.994878 0.931824 0.110993 
1 1 1 1 1 1 1 1 1 1 1 1 1 1 1 1 1 1 1 1 1 1 1 1 1 1 1 1 1 1 1 1 1 1 1 1 1 1 0.999999 0.999976 0.999362 0.985165 0.0681761 
1 1 1 1 1 1 1 1 1 1 1 1 1 1 1 1 1 1 1 1 1 1 1 1 1 1 1 1 1 1 1 1 1 1 1 1 1 1 1 0.999997 0.999915 0.997666 0.0148353 
1 1 1 1 1 1 1 1 1 1 1 1 1 1 1 1 1 1 1 1 1 1 1 1 1 1 1 1 1 1 1 1 1 1 1 1 1 1 1 1 0.999989 0.999662 0.0023342 
1 1 1 1 1 1 1 1 1 1 1 1 1 1 1 1 1 1 1 1 1 1 1 1 1 1 1 1 1 1 1 1 1 1 1 1 1 1 1 1 0.999998 0.999952 0.000337545 
1 1 1 1 1 1 1 1 1 1 1 1 1 1 1 1 1 1 1 1 1 1 1 1 1 1 1 1 1 1 1 1 1 1 1 1 1 1 1 1 1 0.999993 4.75397e-05 
1 1 1 1 1 1 1 1 1 1 1 1 1 1 1 1 1 1 1 1 1 1 1 1 1 1 1 1 1 1 1 1 1 1 1 1 1 1 1 1 1 0.999999 6.61121e-06 
1 1 1 1 1 1 1 1 1 1 1 1 1 1 1 1 1 1 1 1 1 1 1 1 1 1 1 1 1 1 1 1 1 1 1 1 1 1 1 1 1 1 9.1238e-07 
1 1 1 1 1 1 1 1 1 1 1 1 1 1 1 1 1 1 1 1 1 1 1 1 1 1 1 1 1 1 1 1 1 1 1 1 1 1 1 1 1 1 1.25294e-07 
1 1 1 1 1 1 1 1 1 1 1 1 1 1 1 1 1 1 1 1 1 1 1 1 1 1 1 1 1 1 1 1 1 1 1 1 1 1 1 1 1 1 1.71526e-08 
