0 0 0 0 0 0 0 0 0 0 0 0 0 0 0 0 0 0 0 0 0 0.5 1 1 1 1 1 1 1 1 1 1 1 1 1 1 1 1 1 1 1 1 1 
0 -1.51948e-20 1.62851e-19 -1.76068e-18 1.90343e-17 -2.05775e-16 2.22459e-15 -2.40496e-14 2.59994e-13 -2.81074e-12 3.03863e-11 -3.285e-10 3.55134e-09 -3.83928e-08 4.15056e-07 -4.48708e-06 4.85088e-05 -0.000524418 0.00566937 -0.0612903 0.0601859 0.5 0.939814 1.06129 0.994331 1.00052 0.999951 1 1 1 1 1 1 1 1 1 1 1 1 1 1 1 1 
1.51948e-20 4.02332e-18 -4.34149e-17 4.40157e-16 -4.44569e-15 4.46801e-14 -4.46472e-13 4.43152e-12 -4.36359e-11 4.25552e-10 -4.10123e-09 3.89395e-08 -3.6261e-07 3.28922e-06 -2.87388e-05 0.000236955 -0.00176473 0.0104498 -0.020039 -0.0576203 0.052174 0.5 0.947826 1.05762 1.02004 0.98955 1.00176 0.999763 1.00003 0.999997 1 1 1 1 1 1 1 1 1 1 1 1 1 
-4.02332e-18 -4.48998e-16 4.89051e-15 -4.5952e-14 4.27882e-13 -3.93642e-12 3.57043e-11 -3.18417e-10 2.782e-09 -2.36957e-08 1.95404e-07 -1.54424e-06 1.15104e-05 -7.87601e-05 0.000469703 -0.0021635 0.00496465 0.00403718 -0.0188808 -0.0745309 0.0518294 0.5 0.948171 1.07453 1.01888 0.995963 0.995035 1.00216 0.99953 1.00008 0.999988 1 1 1 1 1 1 1 1 1 1 1 1 
4.48998e-16 2.74932e-14 -3.0345e-13 2.60275e-12 -2.19546e-11 1.81083e-10 -1.45402e-09 1.12987e-08 -8.42782e-08 5.9648e-07 -3.93661e-06 2.35632e-05 -0.000121853 0.000493658 -0.00121878 0.000471751 0.00316454 0.00886722 -0.0275885 -0.0787811 0.041659 0.5 0.958341 1.07878 1.02759 0.991133 0.996835 0.999528 1.00122 0.999506 1.00012 0.999976 1 0.999999 1 1 1 1 1 1 1 1 1 
-2.74932e-14 -1.00789e-12 1.13443e-11 -8.70673e-11 6.49795e-10 -4.66924e-09 3.20293e-08 -2.07257e-07 1.24358e-06 -6.74114e-06 3.16439e-05 -0.000119234 0.000307723 -0.000345814 -0.000230356 -0.00110018 0.00694659 0.0068762 -0.0270274 -0.0885392 0.0347639 0.5 0.965236 1.08854 1.02703 0.993124 0.993053 1.0011 1.00023 1.00035 0.999692 1.00012 0.999968 1.00001 0.999999 1 1 1 1 1 1 1 1 
1.00789e-12 2.26661e-11 -2.63023e-10 1.7587e-09 -1.12417e-08 6.75692e-08 -3.75794e-07 1.88906e-06 -8.2809e-06 2.98553e-05 -7.97278e-05 0.000127519 -7.66998e-05 0.000242866 -0.00149778 0.000539235 0.00629831 0.00999455 -0.0300909 -0.093189 0.0257096 0.5 0.97429 1.09319 1.03009 0.990005 0.993702 0.999461 1.0015 0.999757 1.00008 0.999872 1.00008 0.99997 1.00001 0.999998 1 1 1 1 1 1 1 
-2.26661e-11 -3.08277e-10 3.76386e-09 -2.11428e-08 1.10596e-07 -5.24273e-07 2.18617e-06 -7.66468e-06 2.10412e-05 -4.04508e-05 4.97391e-05 -8.73444e-05 0.00034291 -0.000458468 -0.000865384 -0.000409899 0.00849077 0.0100325 -0.0291985 -0.0992998 0.0188117 0.5 0.981188 1.0993 1.0292 0.989967 0.991509 1.00041 1.00087 1.00046 0.999657 1.00009 0.99995 1.00004 0.999979 1.00001 0.999998 1 1 1 1 1 1 
3.08277e-10 2.40702e-09 -3.22387e-08 1.4485e-07 -5.81997e-07 2.00362e-06 -5.62707e-06 1.21067e-05 -1.95737e-05 3.33325e-05 -9.03995e-05 0.000167348 1.26501e-05 -5.33287e-05 -0.00171259 0.000415386 0.00838913 0.0123926 -0.0298239 -0.102716 0.0118798 0.5 0.98812 1.10272 1.02982 0.987607 0.991611 0.999585 1.00171 1.00005 0.999987 0.999833 1.00009 0.999967 1.00002 0.999988 1.00001 0.999998 1 1 1 1 1 
-2.40702e-09 -9.66873e-09 1.5677e-07 -5.30532e-07 1.51944e-06 -3.52557e-06 6.63097e-06 -1.19636e-05 2.68225e-05 -5.39549e-05 4.55101e-05 -1.43354e-05 0.000326277 -0.000523553 -0.00140949 -0.00021575 0.00968629 0.0131762 -0.0286327 -0.106318 0.00659344 0.5 0.993407 1.10632 1.02863 0.986824 0.990314 1.00022 1.00141 1.00052 0.999674 1.00001 0.999954 1.00005 0.999973 1.00001 0.999993 1 0.999998 1 1 1 1 
9.66873e-09 1.56191e-08 -4.08145e-07 1.00956e-06 -2.09767e-06 4.04115e-06 -8.43568e-06 1.71256e-05 -2.32563e-05 2.10495e-05 -7.46048e-05 0.000184249 0.000107534 -0.00027325 -0.00198026 0.000114985 0.00974308 0.0149887 -0.0281916 -0.108332 0.00189302 0.5 0.998107 1.10833 1.02819 0.985011 0.990257 0.999885 1.00198 1.00027 0.999892 0.999816 1.00007 0.999979 1.00002 0.999983 1.00001 0.999996 1 0.999999 1 1 1 
-1.56191e-08 -4.66906e-09 5.93844e-07 -1.29363e-06 2.69128e-06 -5.45977e-06 8.96961e-06 -1.1426e-05 2.27593e-05 -5.59634e-05 3.27455e-05 5.84111e-05 0.000326689 -0.000562913 -0.00187619 -0.00035758 0.0104804 0.0158946 -0.0269311 -0.110178 -0.0015552 0.5 1.00156 1.11018 1.02693 0.984105 0.98952 1.00036 1.00188 1.00056 0.999673 0.999942 0.999967 1.00006 0.999977 1.00001 0.999991 1.00001 0.999997 1 0.999999 1 1 
4.66906e-09 9.11212e-09 -7.32058e-07 1.7011e-06 -3.13887e-06 4.78826e-06 -8.17678e-06 1.74907e-05 -2.21812e-05 3.81103e-06 -5.64619e-05 0.000198659 0.000201086 -0.000408528 -0.00226677 -0.000299678 0.0105206 0.0172154 -0.0261253 -0.111072 -0.00434585 0.5 1.00435 1.11107 1.02613 0.982785 0.989479 1.0003 1.00227 1.00041 0.999799 0.999801 1.00006 0.999996 1.00002 0.999983 1.00001 0.999995 1 0.999998 1 1 1 
-9.11212e-09 -6.97096e-09 8.8591e-07 -1.7011e-06 2.99764e-06 -5.808e-06 9.25339e-06 -8.21209e-06 1.53526e-05 -5.5489e-05 1.80917e-05 0.000119542 0.000353634 -0.000574433 -0.00225943 -0.000677951 0.0108903 0.0179654 -0.0249935 -0.111771 -0.00623964 0.5 1.00624 1.11177 1.02499 0.982035 0.98911 1.00068 1.00226 1.00057 0.999646 0.99988 0.999982 1.00006 0.999985 1.00001 0.999991 1.00001 0.999997 1 0.999999 1 1 
6.97096e-09 -1.01128e-08 -8.38073e-07 1.89066e-06 -3.39789e-06 4.42106e-06 -6.22373e-06 1.59743e-05 -1.9586e-05 -1.33972e-05 -4.44191e-05 0.000214084 0.000291084 -0.000472288 -0.0025242 -0.000751936 0.0108599 0.0188458 -0.0241871 -0.111924 -0.00760536 0.5 1.00761 1.11192 1.02419 0.981154 0.98914 1.00075 1.00252 1.00047 0.999709 0.999786 1.00004 1.00001 1.00002 0.999984 1.00001 0.999996 1 0.999998 1 1 1 
1.01128e-08 -1.72521e-08 9.35139e-07 -1.70636e-06 2.62047e-06 -5.19349e-06 8.56053e-06 -4.13085e-06 8.11581e-06 -5.62224e-05 3.26259e-06 0.000166654 0.00039887 -0.000557191 -0.00254994 -0.00105583 0.010992 0.0193489 -0.0232959 -0.111954 -0.0083824 0.5 1.00838 1.11195 1.0233 0.980651 0.989008 1.00106 1.00255 1.00056 0.999601 0.999833 0.999997 1.00006 0.999992 1 0.999991 1.00001 0.999997 1 0.999999 1 1 
1.72521e-08 -2.91898e-08 -7.72139e-07 1.69775e-06 -3.16383e-06 3.50008e-06 -3.73808e-06 1.43419e-05 -1.69458e-05 -2.87848e-05 -3.98721e-05 0.000228245 0.000374063 -0.000482022 -0.0027214 -0.00117542 0.0108959 0.0198632 -0.022655 -0.111704 -0.00880985 0.5 1.00881 1.1117 1.02266 0.980137 0.989104 1.00118 1.00272 1.00048 0.999626 0.999772 1.00004 1.00003 1.00002 0.999986 1 0.999996 1 0.999998 1 1 1 
2.91898e-08 -2.88152e-08 8.2744e-07 -1.48773e-06 1.90961e-06 -4.25751e-06 7.671e-06 -8.65309e-08 2.42267e-06 -5.87147e-05 -1.15413e-05 0.000199869 0.000450927 -0.000516077 -0.00274637 -0.00140967 0.0108864 0.0201276 -0.0220363 -0.111413 -0.00889369 0.5 1.00889 1.11141 1.02204 0.979872 0.989114 1.00141 1.00275 1.00052 0.999549 0.9998 1.00001 1.00006 0.999998 1 0.999992 1 0.999998 1 0.999999 1 1 
2.88152e-08 -4.23634e-08 -6.23682e-07 1.32954e-06 -2.76501e-06 2.43633e-06 -1.3609e-06 1.33194e-05 -1.45995e-05 -4.17736e-05 -4.15592e-05 0.000238318 0.000445867 -0.000455683 -0.00284742 -0.00152576 0.0107521 0.0203657 -0.0216097 -0.111007 -0.00878859 0.5 1.00879 1.11101 1.02161 0.979634 0.989248 1.00153 1.00285 1.00046 0.999554 0.999762 1.00004 1.00004 1.00001 0.999987 1 0.999998 1 0.999999 1 1 1 
4.23634e-08 -3.80553e-08 6.63598e-07 -1.20496e-06 1.121e-06 -3.3869e-06 6.92989e-06 3.57784e-06 -1.40331e-06 -6.22636e-05 -2.61401e-05 0.000220351 0.0005001 -0.000460035 -0.00285768 -0.00169368 0.0106716 0.0204444 -0.0212404 -0.110621 -0.0085172 0.5 1.00852 1.11062 1.02124 0.979556 0.989328 1.00169 1.00286 1.00046 0.9995 0.99978 1.00003 1.00006 1 0.999996 0.999993 1 0.999999 1 0.999999 1 1 
3.80553e-08 -5.00809e-08 -4.57381e-07 9.35615e-07 -2.398e-06 1.43061e-06 6.29577e-07 1.30275e-05 -1.24441e-05 -5.2172e-05 -4.74081e-05 0.00024275 0.000503186 -0.000409783 -0.00290717 -0.00178253 0.0105292 0.0204966 -0.0210115 -0.110216 -0.00817582 0.5 1.00818 1.11022 1.02101 0.979503 0.989471 1.00178 1.00291 1.00041 0.999497 0.999757 1.00005 1.00005 1.00001 0.999987 0.999999 0.999999 1 0.999999 1 1 1 
5.00809e-08 -4.51008e-08 5.05777e-07 -9.44067e-07 3.89657e-07 -2.74647e-06 6.40362e-06 6.76135e-06 -3.49563e-06 -6.59103e-05 -4.00399e-05 0.000230019 0.000540027 -0.000399107 -0.00290069 -0.00189085 0.0104268 0.0204553 -0.0208394 -0.109864 -0.00778377 0.5 1.00778 1.10986 1.02084 0.979545 0.989573 1.00189 1.0029 1.0004 0.99946 0.99977 1.00004 1.00007 1 0.999993 0.999994 1 1 1 0.999999 1 1 
4.51008e-08 -5.51511e-08 -3.06412e-07 5.9245e-07 -2.13794e-06 5.48338e-07 2.14986e-06 1.33097e-05 -1.03165e-05 -5.99507e-05 -5.53195e-05 0.00024152 0.000544527 -0.000357943 -0.00291499 -0.00194539 0.0102995 0.0204005 -0.0207622 -0.109542 -0.00739667 0.5 1.0074 1.10954 1.02076 0.979599 0.989701 1.00195 1.00291 1.00036 0.999455 0.999758 1.00006 1.00006 1.00001 0.999987 0.999998 0.999999 1 0.999999 1 1 1 
5.51511e-08 -5.15324e-08 3.79702e-07 -7.34717e-07 -2.30736e-07 -2.36621e-06 6.03446e-06 9.44005e-06 -4.17702e-06 -6.88823e-05 -5.25602e-05 0.000231337 0.000567787 -0.000342025 -0.00289582 -0.00200451 0.0102053 0.0202987 -0.0207262 -0.109283 -0.00702465 0.5 1.00702 1.10928 1.02073 0.979701 0.989795 1.002 1.0029 1.00034 0.999432 0.999769 1.00005 1.00007 1 0.999991 0.999994 1 1 1 1 1 1 
5.15324e-08 -6.0136e-08 -1.82772e-07 3.26314e-07 -1.98852e-06 -2.06827e-07 3.20976e-06 1.39221e-05 -8.14113e-06 -6.52246e-05 -6.35257e-05 0.000235767 0.00057042 -0.000310017 -0.00288884 -0.00202764 0.0101066 0.0201978 -0.0207473 -0.109069 -0.00669587 0.5 1.0067 1.10907 1.02075 0.979802 0.989893 1.00203 1.00289 1.00031 0.99943 0.999764 1.00006 1.00007 1.00001 0.999986 0.999997 1 1 1 1 1 1 
6.0136e-08 -5.8689e-08 2.89468e-07 -5.77023e-07 -7.2893e-07 -2.20994e-06 5.7366e-06 1.16081e-05 -3.83766e-06 -7.07425e-05 -6.30642e-05 0.000227012 0.000583295 -0.000294839 -0.00286308 -0.00205005 0.0100356 0.0200805 -0.0207908 -0.108914 -0.00641162 0.5 1.00641 1.10891 1.02079 0.97992 0.989964 1.00205 1.00286 1.00029 0.999417 0.999773 1.00006 1.00007 1 0.999988 0.999994 1 1 1 1 1 1 
5.8689e-08 -6.64132e-08 -8.74196e-08 1.36878e-07 -1.92275e-06 -8.49331e-07 3.862e-06 1.46321e-05 -5.95068e-06 -6.8263e-05 -7.0753e-05 0.00022723 0.000583045 -0.000271895 -0.00284582 -0.00204954 0.00996972 0.0199748 -0.0208625 -0.108802 -0.00618261 0.5 1.00618 1.1088 1.02086 0.980025 0.99003 1.00205 1.00285 1.00027 0.999417 0.999773 1.00007 1.00007 1.00001 0.999985 0.999996 1 1 1 1 1 1 
6.64132e-08 -6.70907e-08 2.29641e-07 -4.60073e-07 -1.11196e-06 -2.217e-06 5.44231e-06 1.3269e-05 -2.86915e-06 -7.1387e-05 -7.11385e-05 0.000219637 0.000588407 -0.000260529 -0.00281923 -0.0020478 0.00992619 0.0198704 -0.0209405 -0.108737 -0.00600402 0.5 1.006 1.10874 1.02094 0.98013 0.990074 1.00205 1.00282 1.00026 0.999412 0.99978 1.00007 1.00007 1 0.999987 0.999995 1 1 1 1 1 1 
6.70907e-08 -7.42357e-08 -1.67273e-08 1.26608e-08 -1.90696e-06 -1.39271e-06 4.17897e-06 1.52625e-05 -3.85088e-06 -6.94688e-05 -7.62594e-05 0.000217734 0.000585578 -0.000245924 -0.00279955 -0.00203278 0.0098905 0.0197831 -0.0210268 -0.108704 -0.00587647 0.5 1.00588 1.1087 1.02103 0.980217 0.99011 1.00203 1.0028 1.00025 0.999414 0.999782 1.00008 1.00007 1 0.999985 0.999996 1 1 1 1 1 1 
7.42357e-08 -7.6535e-08 1.92226e-07 -3.71567e-07 -1.39325e-06 -2.32451e-06 5.11672e-06 1.44435e-05 -1.62102e-06 -7.09675e-05 -7.66747e-05 0.000211391 0.000585983 -0.000239343 -0.00277633 -0.00201788 0.00987149 0.0197058 -0.0211084 -0.108701 -0.00579205 0.5 1.00579 1.1087 1.02111 0.980294 0.990129 1.00202 1.00278 1.00024 0.999414 0.999789 1.00008 1.00007 1 0.999986 0.999995 1 1 1 1 1 1 
7.6535e-08 -8.31438e-08 3.41326e-08 -6.08237e-08 -1.91221e-06 -1.84476e-06 4.24095e-06 1.57061e-05 -1.97106e-06 -6.93261e-05 -7.97862e-05 0.000208808 0.000581493 -0.000231727 -0.00275912 -0.00199655 0.00985951 0.0196462 -0.0211866 -0.108718 -0.00574651 0.5 1.00575 1.10872 1.02119 0.980354 0.99014 1.002 1.00276 1.00023 0.999419 0.999791 1.00008 1.00007 1 0.999984 0.999996 1 1 1 1 1 1 
8.31438e-08 -8.64088e-08 1.69819e-07 -3.0173e-07 -1.58779e-06 -2.47796e-06 4.75568e-06 1.51751e-05 -3.71665e-07 -6.97876e-05 -7.98595e-05 0.000203855 0.000579094 -0.000229553 -0.00274158 -0.00197698 0.00985872 0.0195989 -0.021254 -0.108752 -0.00573134 0.5 1.00573 1.10875 1.02125 0.980401 0.990141 1.00198 1.00274 1.00023 0.999421 0.999796 1.00008 1.00007 1 0.999985 0.999995 1 1 1 1 1 1 
8.64088e-08 -9.23732e-08 6.96985e-08 -9.74323e-08 -1.9183e-06 -2.20907e-06 4.1283e-06 1.59216e-05 -4.21811e-07 -6.83333e-05 -8.1452e-05 0.000201488 0.000573994 -0.000227197 -0.00272919 -0.00195549 0.00986258 0.0195669 -0.0213124 -0.108794 -0.00574083 0.5 1.00574 1.10879 1.02131 0.980433 0.990137 1.00196 1.00273 1.00023 0.999426 0.999799 1.00008 1.00007 1 0.999984 0.999996 1 1 1 1 1 1 
9.23732e-08 -9.59787e-08 1.56659e-07 -2.44204e-07 -1.7107e-06 -2.63573e-06 4.37638e-06 1.55306e-05 6.86682e-07 -6.82032e-05 -8.11015e-05 0.000197972 0.000570454 -0.000228333 -0.00271795 -0.00193695 0.00987284 0.0195458 -0.0213586 -0.108841 -0.00576748 0.5 1.00577 1.10884 1.02136 0.980454 0.990127 1.00194 1.00272 1.00023 0.99943 0.999802 1.00008 1.00007 0.999999 0.999984 0.999996 1 1 1 1 1 1 
9.59787e-08 -1.01143e-07 9.37337e-08 -1.09078e-07 -1.91399e-06 -2.48832e-06 3.91508e-06 1.59196e-05 7.31247e-07 -6.69416e-05 -8.16202e-05 0.000196275 0.000565631 -0.000229432 -0.00271085 -0.0019191 0.00988513 0.0195362 -0.0213945 -0.108888 -0.00580608 0.5 1.00581 1.10889 1.02139 0.980464 0.990115 1.00192 1.00271 1.00023 0.999434 0.999804 1.00008 1.00007 0.999999 0.999984 0.999996 1 1 1 1 1 1 
1.01143e-07 -1.04587e-07 1.4871e-07 -1.95576e-07 -1.77678e-06 -2.76999e-06 4.00614e-06 1.55939e-05 1.44915e-06 -6.65433e-05 -8.09294e-05 0.0001941 0.000562102 -0.000232555 -0.00270528 -0.00190469 0.00990011 0.0195342 -0.0214193 -0.108934 -0.005851 0.5 1.00585 1.10893 1.02142 0.980466 0.9901 1.0019 1.00271 1.00023 0.999438 0.999806 1.00008 1.00007 0.999999 0.999984 0.999996 1 1 1 1 1 1 
1.04587e-07 -1.08821e-07 1.09203e-07 -1.05411e-07 -1.8954e-06 -2.68709e-06 3.66392e-06 1.57459e-05 1.47647e-06 -6.55092e-05 -8.07674e-05 0.000193203 0.000558148 -0.000235485 -0.00270278 -0.00189217 0.00991498 0.0195394 -0.0214353 -0.108976 -0.00589842 0.5 1.0059 1.10898 1.02144 0.980461 0.990085 1.00189 1.0027 1.00024 0.999442 0.999807 1.00008 1.00007 0.999999 0.999984 0.999996 1 1 1 1 1 1 
1.08821e-07 -1.11756e-07 1.4339e-07 -1.5445e-07 -1.80029e-06 -2.86579e-06 3.6728e-06 1.54557e-05 1.88759e-06 -6.50609e-05 -7.98908e-05 0.000192152 0.0005553 -0.000239381 -0.00270156 -0.00188294 0.00993002 0.0195489 -0.0214429 -0.109012 -0.00594474 0.5 1.00594 1.10901 1.02144 0.980451 0.99007 1.00188 1.0027 1.00024 0.999445 0.999808 1.00008 1.00007 0.999998 0.999985 0.999996 1 1 1 1 1 1 
1.11756e-07 -1.14994e-07 1.18416e-07 -9.38597e-08 -1.86386e-06 -2.8133e-06 3.42249e-06 1.54626e-05 1.85106e-06 -6.42806e-05 -7.93734e-05 0.000191971 0.000552491 -0.000242867 -0.00270236 -0.00187584 0.00994356 0.0195618 -0.0214444 -0.109041 -0.00598775 0.5 1.00599 1.10904 1.02144 0.980438 0.990056 1.00188 1.0027 1.00024 0.999448 0.999808 1.00008 1.00006 0.999998 0.999985 0.999997 1 1 1 1 1 1 
1.14994e-07 -1.17228e-07 1.39214e-07 -1.20509e-07 -1.79452e-06 -2.91882e-06 3.39793e-06 1.52029e-05 2.03205e-06 -6.3911e-05 -7.84714e-05 0.000191757 0.000550602 -0.000246614 -0.00270396 -0.00187146 0.00995584 0.0195761 -0.0214405 -0.109064 -0.0060256 0.5 1.00603 1.10906 1.02144 0.980424 0.990044 1.00187 1.0027 1.00025 0.999449 0.999808 1.00008 1.00006 0.999998 0.999985 0.999997 1 1 1 1 1 1 
1.17228e-07 -1.19484e-07 1.23185e-07 -7.97991e-08 -1.82369e-06 -2.87822e-06 3.22221e-06 1.51335e-05 1.92711e-06 -6.33865e-05 -7.78448e-05 0.000192098 0.000548946 -0.000249794 -0.00270666 -0.00186888 0.009966 0.019591 -0.0214332 -0.109081 -0.0060575 0.5 1.00606 1.10908 1.02143 0.980409 0.990034 1.00187 1.00271 1.00025 0.999451 0.999808 1.00008 1.00006 0.999998 0.999985 0.999997 1 1 1 1 1 1 
1.19484e-07 -1.20962e-07 1.35462e-07 -9.37697e-08 -1.77121e-06 -2.93269e-06 3.19343e-06 1.49098e-05 1.94878e-06 -6.31534e-05 -7.70451e-05 0.00019242 0.000548008 -0.000252823 -0.00270965 -0.00186825 0.00997434 0.0196054 -0.0214233 -0.109092 -0.00608292 0.5 1.00608 1.10909 1.02142 0.980395 0.990026 1.00187 1.00271 1.00025 0.999452 0.999808 1.00008 1.00006 0.999998 0.999985 0.999997 1 1 1 1 1 1 
1.20962e-07 -1.22324e-07 1.24945e-07 -6.67728e-08 -1.78029e-06 -2.89552e-06 3.07897e-06 1.4813e-05 1.79409e-06 -6.28601e-05 -7.64734e-05 0.000193056 0.00054733 -0.00025523 -0.00271304 -0.00186884 0.00998052 0.0196187 -0.0214123 -0.109098 -0.00610202 0.5 1.0061 1.1091 1.02141 0.980381 0.990019 1.00187 1.00271 1.00026 0.999453 0.999807 1.00008 1.00006 0.999998 0.999985 0.999997 1 1 1 1 1 1 
1.22324e-07 -1.23095e-07 1.31896e-07 -7.41054e-08 -1.74005e-06 -2.91589e-06 3.06093e-06 1.46324e-05 1.71914e-06 -6.27709e-05 -7.58546e-05 0.000193643 0.000547165 -0.000257299 -0.00271631 -0.0018706 0.00998493 0.0196302 -0.0214008 -0.1091 -0.00611516 0.5 1.00612 1.1091 1.0214 0.98037 0.990015 1.00187 1.00272 1.00026 0.999453 0.999806 1.00008 1.00006 0.999998 0.999985 0.999997 1 1 1 1 1 1 
1.23095e-07 -1.23709e-07 1.24831e-07 -5.67695e-08 -1.73875e-06 -2.87969e-06 2.99559e-06 1.454e-05 1.54231e-06 -6.26644e-05 -7.54274e-05 0.00019437 0.000547197 -0.000258787 -0.00271951 -0.00187298 0.00998755 0.01964 -0.0213898 -0.109098 -0.00612301 0.5 1.00612 1.1091 1.02139 0.98036 0.990012 1.00187 1.00272 1.00026 0.999453 0.999806 1.00008 1.00006 0.999998 0.999985 0.999997 1 1 1 1 1 1 
1.23709e-07 -1.23895e-07 1.2855e-07 -6.10224e-08 -1.70833e-06 -2.87904e-06 2.99343e-06 1.44064e-05 1.42229e-06 -6.26945e-05 -7.50182e-05 0.00019501 0.00054755 -0.000259908 -0.00272234 -0.00187586 0.00998877 0.0196477 -0.0213796 -0.109094 -0.00612635 0.5 1.00613 1.10909 1.02138 0.980352 0.990011 1.00188 1.00272 1.00026 0.999452 0.999805 1.00008 1.00006 0.999999 0.999986 0.999997 1 1 1 1 1 1 
1.23895e-07 -1.23941e-07 1.23716e-07 -5.05438e-08 -1.70297e-06 -2.84445e-06 2.96539e-06 1.4336e-05 1.25011e-06 -6.27207e-05 -7.47646e-05 0.000195677 0.000548009 -0.000260554 -0.00272485 -0.00187887 0.00998874 0.0196534 -0.0213707 -0.109088 -0.00612606 0.5 1.00613 1.10909 1.02137 0.980347 0.990011 1.00188 1.00272 1.00026 0.999452 0.999804 1.00007 1.00006 0.999999 0.999986 0.999997 1 1 1 1 1 1 
1.23941e-07 -1.237e-07 1.25562e-07 -5.36351e-08 -1.6809e-06 -2.83268e-06 2.97802e-06 1.42486e-05 1.12341e-06 -6.2831e-05 -7.45535e-05 0.000196232 0.000548626 -0.000260896 -0.00272688 -0.0018819 0.00998781 0.0196573 -0.0213632 -0.109082 -0.00612298 0.5 1.00612 1.10908 1.02136 0.980343 0.990012 1.00188 1.00273 1.00026 0.999451 0.999804 1.00007 1.00006 0.999999 0.999986 0.999997 1 1 1 1 1 1 
1.237e-07 -1.23366e-07 1.22238e-07 -4.79607e-08 -1.67524e-06 -2.80148e-06 2.97599e-06 1.42066e-05 9.76201e-07 -6.29355e-05 -7.44603e-05 0.000196747 0.00054926 -0.000260903 -0.00272851 -0.00188472 0.00998617 0.0196595 -0.0213573 -0.109075 -0.00611795 0.5 1.00612 1.10907 1.02136 0.98034 0.990014 1.00188 1.00273 1.00026 0.999451 0.999803 1.00007 1.00006 0.999999 0.999986 0.999997 1 1 1 1 1 1 
1.23366e-07 -1.22864e-07 1.23075e-07 -5.07698e-08 -1.66034e-06 -2.78569e-06 2.99908e-06 1.416e-05 8.67702e-07 -6.30843e-05 -7.44091e-05 0.000197145 0.000549935 -0.000260707 -0.00272967 -0.00188728 0.00998412 0.0196604 -0.0213529 -0.109068 -0.00611168 0.5 1.00611 1.10907 1.02135 0.98034 0.990016 1.00189 1.00273 1.00026 0.99945 0.999803 1.00007 1.00006 0.999999 0.999986 0.999997 1 1 1 1 1 1 
1.22864e-07 -1.22325e-07 1.20823e-07 -4.83336e-08 -1.65631e-06 -2.75959e-06 3.01288e-06 1.41454e-05 7.57119e-07 -6.32205e-05 -7.44389e-05 0.000197476 0.000550559 -0.000260315 -0.00273046 -0.00188946 0.00998182 0.0196601 -0.02135 -0.109062 -0.00610484 0.5 1.0061 1.10906 1.02135 0.98034 0.990018 1.00189 1.00273 1.00026 0.999449 0.999803 1.00007 1.00006 0.999999 0.999986 0.999997 1 1 1 1 1 1 
1.22325e-07 -1.21711e-07 1.2118e-07 -5.11289e-08 -1.64735e-06 -2.74444e-06 3.04107e-06 1.4131e-05 6.7947e-07 -6.33727e-05 -7.44976e-05 0.0001977 0.000551148 -0.000259827 -0.00273087 -0.00189125 0.00997948 0.0196589 -0.0213483 -0.109056 -0.00609792 0.5 1.0061 1.10906 1.02135 0.980341 0.990021 1.00189 1.00273 1.00026 0.999449 0.999802 1.00007 1.00006 0.999999 0.999986 0.999997 1 1 1 1 1 1 
1.21711e-07 -1.2111e-07 1.19714e-07 -5.07211e-08 -1.6456e-06 -2.7245e-06 3.06226e-06 1.4138e-05 6.08737e-07 -6.35055e-05 -7.4604e-05 0.000197857 0.00055165 -0.00025926 -0.002731 -0.00189263 0.00997721 0.0196572 -0.0213477 -0.109051 -0.00609135 0.5 1.00609 1.10905 1.02135 0.980343 0.990023 1.00189 1.00273 1.00026 0.999448 0.999802 1.00007 1.00006 0.999999 0.999986 0.999997 1 1 1 1 1 1 
1.2111e-07 -1.20504e-07 1.19894e-07 -5.34575e-08 -1.64129e-06 -2.7126e-06 3.09058e-06 1.4146e-05 5.64827e-07 -6.36363e-05 -7.47225e-05 0.000197928 0.000552079 -0.000258684 -0.00273088 -0.00189362 0.00997514 0.0196551 -0.0213479 -0.109047 -0.00608541 0.5 1.00609 1.10905 1.02135 0.980345 0.990025 1.00189 1.00273 1.00026 0.999448 0.999802 1.00007 1.00006 0.999999 0.999986 0.999997 1 1 1 1 1 1 
1.20504e-07 -1.19946e-07 1.19009e-07 -5.41619e-08 -1.64168e-06 -2.69902e-06 3.11286e-06 1.4167e-05 5.30518e-07 -6.3744e-05 -7.48614e-05 0.000197946 0.00055241 -0.000258113 -0.00273058 -0.00189425 0.00997333 0.0196528 -0.0213488 -0.109044 -0.00608029 0.5 1.00608 1.10904 1.02135 0.980347 0.990027 1.00189 1.00273 1.00026 0.999448 0.999802 1.00007 1.00006 0.999999 0.999986 0.999997 1 1 1 1 1 1 
1.19946e-07 -1.19426e-07 1.19165e-07 -5.66767e-08 -1.6407e-06 -2.6914e-06 3.13762e-06 1.41879e-05 5.16497e-07 -6.38401e-05 -7.49974e-05 0.000197906 0.00055266 -0.000257591 -0.00273015 -0.00189457 0.00997181 0.0196505 -0.0213502 -0.109042 -0.0060761 0.5 1.00608 1.10904 1.02135 0.98035 0.990028 1.00189 1.00273 1.00026 0.999447 0.999802 1.00007 1.00006 0.999999 0.999986 0.999997 1 1 1 1 1 1 
1.19426e-07 -1.18976e-07 1.187e-07 -5.78339e-08 -1.64267e-06 -2.68362e-06 3.15687e-06 1.42154e-05 5.10988e-07 -6.39129e-05 -7.51345e-05 0.000197833 0.000552822 -0.000257125 -0.00272965 -0.00189463 0.00997062 0.0196483 -0.0213519 -0.109041 -0.00607287 0.5 1.00607 1.10904 1.02135 0.980352 0.990029 1.00189 1.00273 1.00026 0.999447 0.999802 1.00008 1.00006 0.999999 0.999986 0.999997 1 1 1 1 1 1 
1.18976e-07 -1.18586e-07 1.1889e-07 -5.99641e-08 -1.6438e-06 -2.68016e-06 3.1759e-06 1.42412e-05 5.19277e-07 -6.39708e-05 -7.52579e-05 0.000197727 0.000552914 -0.000256735 -0.00272912 -0.00189448 0.00996973 0.0196463 -0.0213537 -0.109041 -0.00607056 0.5 1.00607 1.10904 1.02135 0.980354 0.99003 1.00189 1.00273 1.00026 0.999447 0.999802 1.00008 1.00006 0.999999 0.999986 0.999997 1 1 1 1 1 1 
1.18586e-07 -1.1827e-07 1.18715e-07 -6.11391e-08 -1.64665e-06 -2.67711e-06 3.19001e-06 1.4269e-05 5.33177e-07 -6.40083e-05 -7.53706e-05 0.000197609 0.000552938 -0.00025642 -0.00272859 -0.00189417 0.00996914 0.0196446 -0.0213554 -0.109041 -0.0060691 0.5 1.00607 1.10904 1.02136 0.980355 0.990031 1.00189 1.00273 1.00026 0.999447 0.999802 1.00008 1.00006 0.999999 0.999986 0.999997 1 1 1 1 1 1 
1.1827e-07 -1.1802e-07 1.18943e-07 -6.27804e-08 -1.64885e-06 -2.67701e-06 3.20261e-06 1.42936e-05 5.55028e-07 -6.40321e-05 -7.54643e-05 0.00019748 0.000552913 -0.000256187 -0.00272809 -0.00189377 0.0099688 0.0196432 -0.0213571 -0.109041 -0.00606837 0.5 1.00607 1.10904 1.02136 0.980357 0.990031 1.00189 1.00273 1.00026 0.999447 0.999803 1.00008 1.00006 0.999999 0.999986 0.999997 1 1 1 1 1 1 
1.1802e-07 -1.17839e-07 1.18949e-07 -6.37253e-08 -1.65193e-06 -2.67736e-06 3.21107e-06 1.43175e-05 5.79176e-07 -6.40401e-05 -7.5542e-05 0.000197354 0.000552846 -0.000256027 -0.00272764 -0.0018933 0.00996869 0.0196421 -0.0213587 -0.109042 -0.00606826 0.5 1.00607 1.10904 1.02136 0.980358 0.990031 1.00189 1.00273 1.00026 0.999447 0.999803 1.00008 1.00006 0.999999 0.999986 0.999997 1 1 1 1 1 1 
1.17839e-07 -1.17716e-07 1.19195e-07 -6.48499e-08 -1.65441e-06 -2.67955e-06 3.21768e-06 1.43374e-05 6.06535e-07 -6.40377e-05 -7.56002e-05 0.000197233 0.000552751 -0.000255936 -0.00272726 -0.00189281 0.00996876 0.0196414 -0.02136 -0.109043 -0.00606864 0.5 1.00607 1.10904 1.02136 0.980359 0.990031 1.00189 1.00273 1.00026 0.999447 0.999803 1.00008 1.00006 0.999999 0.999986 0.999997 1 1 1 1 1 1 
1.17716e-07 -1.17648e-07 1.19297e-07 -6.54623e-08 -1.65721e-06 -2.68194e-06 3.22107e-06 1.4355e-05 6.3334e-07 -6.4025e-05 -7.5642e-05 0.000197125 0.000552638 -0.000255903 -0.00272696 -0.00189234 0.00996896 0.0196409 -0.021361 -0.109044 -0.00606938 0.5 1.00607 1.10904 1.02136 0.980359 0.990031 1.00189 1.00273 1.00026 0.999447 0.999803 1.00008 1.00006 0.999999 0.999986 0.999997 1 1 1 1 1 1 
1.17648e-07 -1.17626e-07 1.19534e-07 -6.61104e-08 -1.65944e-06 -2.68532e-06 3.22285e-06 1.43686e-05 6.59961e-07 -6.40062e-05 -7.56669e-05 0.000197031 0.000552517 -0.00025592 -0.00272672 -0.0018919 0.00996926 0.0196406 -0.0213619 -0.109046 -0.00607035 0.5 1.00607 1.10905 1.02136 0.980359 0.990031 1.00189 1.00273 1.00026 0.999447 0.999803 1.00008 1.00006 0.999999 0.999986 0.999997 1 1 1 1 1 1 
1.17626e-07 -1.17642e-07 1.1967e-07 -6.63901e-08 -1.66167e-06 -2.68862e-06 3.22238e-06 1.43795e-05 6.84064e-07 -6.39821e-05 -7.56783e-05 0.000196953 0.000552395 -0.000255973 -0.00272656 -0.00189151 0.00996961 0.0196406 -0.0213625 -0.109047 -0.00607146 0.5 1.00607 1.10905 1.02136 0.980359 0.99003 1.00189 1.00273 1.00026 0.999448 0.999803 1.00008 1.00006 0.999999 0.999986 0.999997 1 1 1 1 1 1 
1.17642e-07 -1.17687e-07 1.19874e-07 -6.66493e-08 -1.66337e-06 -2.69227e-06 3.22081e-06 1.43868e-05 7.05935e-07 -6.39558e-05 -7.56773e-05 0.000196893 0.000552279 -0.000256054 -0.00272646 -0.00189118 0.00996999 0.0196407 -0.0213628 -0.109048 -0.00607261 0.5 1.00607 1.10905 1.02136 0.980359 0.99003 1.00189 1.00273 1.00026 0.999448 0.999803 1.00008 1.00006 0.999999 0.999986 0.999997 1 1 1 1 1 1 
1.17687e-07 -1.17754e-07 1.20004e-07 -6.66572e-08 -1.66489e-06 -2.6956e-06 3.21791e-06 1.43916e-05 7.24305e-07 -6.39283e-05 -7.56671e-05 0.000196849 0.000552173 -0.000256152 -0.00272642 -0.00189092 0.00997037 0.019641 -0.021363 -0.109048 -0.00607373 0.5 1.00607 1.10905 1.02136 0.980359 0.99003 1.00189 1.00273 1.00026 0.999448 0.999803 1.00008 1.00006 0.999999 0.999986 0.999997 1 1 1 1 1 1 
1.17754e-07 -1.17836e-07 1.2016e-07 -6.66375e-08 -1.66596e-06 -2.69886e-06 3.21447e-06 1.43936e-05 7.39556e-07 -6.39016e-05 -7.56494e-05 0.000196821 0.000552082 -0.000256259 -0.00272643 -0.00189073 0.00997072 0.0196413 -0.021363 -0.109049 -0.00607476 0.5 1.00607 1.10905 1.02136 0.980359 0.990029 1.00189 1.00273 1.00026 0.999448 0.999803 1.00008 1.00006 0.999999 0.999986 0.999997 1 1 1 1 1 1 
1.17836e-07 -1.17925e-07 1.2026e-07 -6.64613e-08 -1.66681e-06 -2.70165e-06 3.21044e-06 1.43937e-05 7.51173e-07 -6.38765e-05 -7.5627e-05 0.000196807 0.000552007 -0.000256367 -0.00272647 -0.0018906 0.00997104 0.0196416 -0.0213629 -0.10905 -0.00607567 0.5 1.00608 1.10905 1.02136 0.980358 0.990029 1.00189 1.00273 1.00026 0.999448 0.999803 1.00008 1.00006 0.999999 0.999986 0.999997 1 1 1 1 1 1 
1.17925e-07 -1.18017e-07 1.20365e-07 -6.62735e-08 -1.66729e-06 -2.70416e-06 3.20637e-06 1.4392e-05 7.5966e-07 -6.38541e-05 -7.56015e-05 0.000196805 0.000551949 -0.00025647 -0.00272654 -0.00189053 0.00997131 0.019642 -0.0213627 -0.10905 -0.00607644 0.5 1.00608 1.10905 1.02136 0.980358 0.990029 1.00189 1.00273 1.00026 0.999448 0.999803 1.00008 1.00006 0.999999 0.999986 0.999997 1 1 1 1 1 1 
1.18017e-07 -1.18107e-07 1.20427e-07 -6.60029e-08 -1.66758e-06 -2.70616e-06 3.20226e-06 1.43892e-05 7.64984e-07 -6.38346e-05 -7.5575e-05 0.000196813 0.000551907 -0.000256564 -0.00272663 -0.00189051 0.00997153 0.0196424 -0.0213625 -0.10905 -0.00607705 0.5 1.00608 1.10905 1.02136 0.980358 0.990028 1.00189 1.00273 1.00026 0.999448 0.999803 1.00008 1.00006 0.999999 0.999986 0.999997 1 1 1 1 1 1 
1.18107e-07 -1.18192e-07 1.20484e-07 -6.57423e-08 -1.66761e-06 -2.70778e-06 3.19847e-06 1.43854e-05 7.6772e-07 -6.38188e-05 -7.55489e-05 0.000196829 0.00055188 -0.000256645 -0.00272673 -0.00189053 0.0099717 0.0196427 -0.0213622 -0.109051 -0.0060775 0.5 1.00608 1.10905 1.02136 0.980357 0.990028 1.00189 1.00273 1.00026 0.999448 0.999803 1.00008 1.00006 0.999999 0.999986 0.999997 1 1 1 1 1 1 
1.18192e-07 -1.18267e-07 1.2051e-07 -6.54521e-08 -1.6675e-06 -2.70894e-06 3.19498e-06 1.43811e-05 7.68098e-07 -6.38064e-05 -7.55244e-05 0.000196849 0.000551867 -0.000256713 -0.00272683 -0.00189057 0.00997181 0.019643 -0.0213619 -0.109051 -0.00607781 0.5 1.00608 1.10905 1.02136 0.980357 0.990028 1.00189 1.00273 1.00026 0.999448 0.999803 1.00008 1.00006 0.999999 0.999986 0.999997 1 1 1 1 1 1 
1.18267e-07 -1.18333e-07 1.20529e-07 -6.51903e-08 -1.66723e-06 -2.70975e-06 3.19198e-06 1.43765e-05 7.66688e-07 -6.37974e-05 -7.55023e-05 0.000196873 0.000551865 -0.000256765 -0.00272692 -0.00189064 0.00997188 0.0196433 -0.0213616 -0.109051 -0.00607799 0.5 1.00608 1.10905 1.02136 0.980357 0.990028 1.00189 1.00273 1.00026 0.999448 0.999803 1.00008 1.00006 0.999999 0.999986 0.999997 1 1 1 1 1 1 
1.18333e-07 -1.18388e-07 1.20525e-07 -6.49332e-08 -1.66689e-06 -2.71018e-06 3.18945e-06 1.4372e-05 7.63818e-07 -6.37916e-05 -7.54834e-05 0.000196898 0.000551873 -0.000256803 -0.00272701 -0.00189073 0.00997191 0.0196435 -0.0213614 -0.10905 -0.00607805 0.5 1.00608 1.10905 1.02136 0.980357 0.990028 1.00189 1.00273 1.00026 0.999448 0.999803 1.00008 1.00006 0.999999 0.999986 0.999997 1 1 1 1 1 1 
1.18388e-07 -1.18431e-07 1.20517e-07 -6.47152e-08 -1.66647e-06 -2.71033e-06 3.18747e-06 1.43677e-05 7.59988e-07 -6.37887e-05 -7.54677e-05 0.000196923 0.000551888 -0.000256827 -0.00272709 -0.00189082 0.0099719 0.0196436 -0.0213611 -0.10905 -0.00607803 0.5 1.00608 1.10905 1.02136 0.980356 0.990028 1.00189 1.00273 1.00026 0.999448 0.999803 1.00008 1.00006 0.999999 0.999986 0.999997 1 1 1 1 1 1 
1.18431e-07 -1.18463e-07 1.20496e-07 -6.45204e-08 -1.66604e-06 -2.71022e-06 3.18597e-06 1.43638e-05 7.55513e-07 -6.37881e-05 -7.54556e-05 0.000196946 0.000551908 -0.000256839 -0.00272715 -0.00189091 0.00997187 0.0196437 -0.0213609 -0.10905 -0.00607793 0.5 1.00608 1.10905 1.02136 0.980356 0.990028 1.00189 1.00273 1.00026 0.999448 0.999803 1.00008 1.00006 0.999999 0.999986 0.999997 1 1 1 1 1 1 
1.18463e-07 -1.18485e-07 1.20472e-07 -6.43673e-08 -1.6656e-06 -2.70994e-06 3.18496e-06 1.43604e-05 7.5078e-07 -6.37895e-05 -7.54468e-05 0.000196968 0.000551931 -0.00025684 -0.0027272 -0.00189099 0.00997182 0.0196438 -0.0213608 -0.10905 -0.00607779 0.5 1.00608 1.10905 1.02136 0.980356 0.990028 1.00189 1.00273 1.00026 0.999448 0.999803 1.00008 1.00006 0.999999 0.999986 0.999997 1 1 1 1 1 1 
1.18485e-07 -1.18498e-07 1.20442e-07 -6.42436e-08 -1.66518e-06 -2.70951e-06 3.18436e-06 1.43576e-05 7.4603e-07 -6.37924e-05 -7.54412e-05 0.000196986 0.000551955 -0.000256833 -0.00272724 -0.00189107 0.00997175 0.0196438 -0.0213607 -0.10905 -0.00607762 0.5 1.00608 1.10905 1.02136 0.980356 0.990028 1.00189 1.00273 1.00026 0.999448 0.999803 1.00008 1.00006 0.999999 0.999986 0.999997 1 1 1 1 1 1 
1.18498e-07 -1.18503e-07 1.20413e-07 -6.41578e-08 -1.6648e-06 -2.70899e-06 3.18414e-06 1.43554e-05 7.41521e-07 -6.37963e-05 -7.54383e-05 0.000197001 0.000551979 -0.000256819 -0.00272726 -0.00189113 0.00997168 0.0196438 -0.0213606 -0.10905 -0.00607744 0.5 1.00608 1.10905 1.02136 0.980356 0.990028 1.00189 1.00273 1.00026 0.999448 0.999803 1.00008 1.00006 0.999999 0.999986 0.999997 1 1 1 1 1 1 
1.18503e-07 -1.18501e-07 1.20382e-07 -6.40996e-08 -1.66446e-06 -2.70843e-06 3.18422e-06 1.43537e-05 7.37399e-07 -6.3801e-05 -7.54378e-05 0.000197013 0.000552002 -0.000256801 -0.00272727 -0.00189119 0.00997161 0.0196437 -0.0213606 -0.109049 -0.00607725 0.5 1.00608 1.10905 1.02136 0.980356 0.990028 1.00189 1.00273 1.00026 0.999448 0.999803 1.00008 1.00006 0.999999 0.999986 0.999997 1 1 1 1 1 1 
1.18501e-07 -1.18495e-07 1.20355e-07 -6.40713e-08 -1.66418e-06 -2.70785e-06 3.18454e-06 1.43525e-05 7.33801e-07 -6.38059e-05 -7.54393e-05 0.000197022 0.000552022 -0.00025678 -0.00272727 -0.00189123 0.00997154 0.0196437 -0.0213606 -0.109049 -0.00607708 0.5 1.00608 1.10905 1.02136 0.980356 0.990028 1.00189 1.00273 1.00026 0.999448 0.999803 1.00008 1.00006 0.999999 0.999986 0.999997 1 1 1 1 1 1 
1.18495e-07 -1.18484e-07 1.20328e-07 -6.40641e-08 -1.66395e-06 -2.7073e-06 3.18504e-06 1.43519e-05 7.30781e-07 -6.38108e-05 -7.54423e-05 0.000197027 0.00055204 -0.000256758 -0.00272727 -0.00189126 0.00997148 0.0196436 -0.0213606 -0.109049 -0.00607692 0.5 1.00608 1.10905 1.02136 0.980356 0.990029 1.00189 1.00273 1.00026 0.999448 0.999803 1.00008 1.00006 0.999999 0.999986 0.999997 1 1 1 1 1 1 
1.18484e-07 -1.18471e-07 1.20306e-07 -6.40772e-08 -1.66377e-06 -2.70678e-06 3.18565e-06 1.43516e-05 7.2838e-07 -6.38155e-05 -7.54462e-05 0.00019703 0.000552054 -0.000256736 -0.00272725 -0.00189127 0.00997143 0.0196435 -0.0213606 -0.109049 -0.00607679 0.5 1.00608 1.10905 1.02136 0.980356 0.990029 1.00189 1.00273 1.00026 0.999448 0.999803 1.00008 1.00006 0.999999 0.999986 0.999997 1 1 1 1 1 1 
1.18471e-07 -1.18456e-07 1.20287e-07 -6.41034e-08 -1.66365e-06 -2.70632e-06 3.18632e-06 1.43517e-05 7.26581e-07 -6.38197e-05 -7.54509e-05 0.000197031 0.000552065 -0.000256716 -0.00272724 -0.00189128 0.00997138 0.0196435 -0.0213607 -0.109049 -0.00607669 0.5 1.00608 1.10905 1.02136 0.980357 0.990029 1.00189 1.00273 1.00026 0.999448 0.999803 1.00008 1.00006 0.999999 0.999986 0.999997 1 1 1 1 1 1 
1.18456e-07 -1.18442e-07 1.20272e-07 -6.41407e-08 -1.66358e-06 -2.70594e-06 3.18701e-06 1.43521e-05 7.25356e-07 -6.38235e-05 -7.54558e-05 0.000197029 0.000552073 -0.000256698 -0.00272722 -0.00189128 0.00997135 0.0196434 -0.0213607 -0.109049 -0.00607661 0.5 1.00608 1.10905 1.02136 0.980357 0.990029 1.00189 1.00273 1.00026 0.999448 0.999803 1.00008 1.00006 0.999999 0.999986 0.999997 1 1 1 1 1 1 
1.18442e-07 -1.18427e-07 1.20261e-07 -6.41835e-08 -1.66354e-06 -2.70562e-06 3.18768e-06 1.43526e-05 7.24644e-07 -6.38266e-05 -7.54607e-05 0.000197026 0.000552078 -0.000256682 -0.0027272 -0.00189127 0.00997133 0.0196433 -0.0213608 -0.109049 -0.00607656 0.5 1.00608 1.10905 1.02136 0.980357 0.990029 1.00189 1.00273 1.00026 0.999448 0.999803 1.00008 1.00006 0.999999 0.999986 0.999997 1 1 1 1 1 1 
1.18427e-07 -1.18414e-07 1.20253e-07 -6.42298e-08 -1.66355e-06 -2.70538e-06 3.18831e-06 1.43533e-05 7.2438e-07 -6.38291e-05 -7.54653e-05 0.000197022 0.00055208 -0.00025667 -0.00272718 -0.00189126 0.00997131 0.0196433 -0.0213608 -0.109049 -0.00607653 0.5 1.00608 1.10905 1.02136 0.980357 0.990029 1.00189 1.00273 1.00026 0.999448 0.999803 1.00008 1.00006 0.999999 0.999986 0.999997 1 1 1 1 1 1 
