0 0 0 0 0 0 0 0 0 0 0 0 0 0 0 0 0 0 0 0 0 0.5 1 1 1 1 1 1 1 1 1 1 1 1 1 1 1 1 1 1 1 1 1 
0 0 0 0 0 0 0 0 0 0 0 0 0 0 0 0 0 0 0 -0.0277778 0.0802469 0.5 0.919753 1.02778 1 1 1 1 1 1 1 1 1 1 1 1 1 1 1 1 1 1 1 
0 0 0 0 0 0 0 0 0 0 0 0 0 0 0 0 0 0.00154321 -0.0103902 -0.0224499 0.111634 0.5 0.888366 1.02245 1.01039 0.998457 1 1 1 1 1 1 1 1 1 1 1 1 1 1 1 1 1 
0 0 0 0 0 0 0 0 0 0 0 0 0 0 0 -8.57339e-05 0.000910601 -0.000257035 -0.0152813 -0.0165958 0.130359 0.5 0.869641 1.0166 1.01528 1.00026 0.999089 1.00009 1 1 1 1 1 1 1 1 1 1 1 1 1 1 1 
0 0 0 0 0 0 0 0 0 0 0 0 0 4.76299e-06 -6.91133e-05 0.000170972 0.00118704 -0.00211735 -0.0180727 -0.0112384 0.14256 0.5 0.85744 1.01124 1.01807 1.00212 0.998813 0.999829 1.00007 0.999995 1 1 1 1 1 1 1 1 1 1 1 1 1 
0 0 0 0 0 0 0 0 0 0 0 -2.64611e-07 4.86866e-06 -2.21987e-05 -5.95404e-05 0.00042764 0.00117031 -0.00377735 -0.0196336 -0.0068266 0.151104 0.5 0.848896 1.00683 1.01963 1.00378 0.99883 0.999572 1.00006 1.00002 0.999995 1 1 1 1 1 1 1 1 1 1 1 1 
0 0 0 0 0 0 0 0 0 1.47006e-08 -3.2765e-07 2.16117e-06 6.90649e-07 -4.51407e-05 -9.10408e-06 0.000640489 0.000990629 -0.0051415 -0.0205328 -0.00325237 0.157337 0.5 0.842663 1.00325 1.02053 1.00514 0.999009 0.99936 1.00001 1.00005 0.999999 0.999998 1 1 1 1 1 1 1 1 1 1 1 
0 0 0 0 0 0 0 -8.167e-10 2.13788e-08 -1.83967e-07 2.8073e-07 3.54297e-06 -8.08598e-06 -5.84567e-05 6.17256e-05 0.000796854 0.000744488 -0.00624197 -0.0210552 -0.000373313 0.162017 0.5 0.837983 1.00037 1.02106 1.00624 0.999256 0.999203 0.999938 1.00006 1.00001 0.999996 1 1 1 1 1 1 1 1 1 1 1 
0 0 0 0 0 4.53722e-11 -1.36416e-09 1.44567e-08 -4.56419e-08 -2.1411e-07 1.27502e-06 3.27085e-06 -1.84841e-05 -6.14786e-05 0.000137364 0.0009055 0.000481175 -0.00712512 -0.0213605 0.0019462 0.165603 0.5 0.834397 0.998054 1.02136 1.00713 0.999519 0.999095 0.999863 1.00006 1.00002 0.999997 0.999999 1 1 1 1 1 1 1 1 1 1 
0 0 0 -2.52068e-12 8.55894e-11 -1.07662e-09 5.03747e-09 8.28006e-09 -1.32885e-07 -2.43184e-08 2.24889e-06 1.44844e-06 -2.83277e-05 -5.65915e-05 0.000209885 0.000977745 0.000226134 -0.0078353 -0.021539 0.00381778 0.168394 0.5 0.831606 0.996182 1.02154 1.00784 0.999774 0.999022 0.99979 1.00006 1.00003 0.999999 0.999998 1 1 1 1 1 1 1 1 1 1 
0 0 -5.31511e-12 7.71213e-11 -4.7334e-10 1.57013e-10 1.11152e-08 -2.1525e-08 -1.89314e-07 3.42687e-07 2.93249e-06 -1.43039e-06 -3.6627e-05 -4.64162e-05 0.00027566 0.00102383 -8.84021e-06 -0.00840902 -0.0216434 0.00533067 0.170589 0.5 0.829411 0.994669 1.02164 1.00841 1.00001 0.998976 0.999724 1.00005 1.00004 1 0.999997 1 1 1 1 1 1 1 1 1 1 
0 -2.4256e-23 4.10725e-11 -7.68416e-11 -7.75529e-10 3.48743e-09 1.11403e-08 -6.57404e-08 -1.86e-07 8.00862e-07 3.23403e-06 -4.87841e-06 -4.30894e-05 -3.31583e-05 0.000333522 0.00105175 -0.000219193 -0.00887513 -0.021705 0.00655546 0.172332 0.5 0.827668 0.993445 1.0217 1.00888 1.00022 0.998948 0.999666 1.00003 1.00004 1 0.999997 0.999999 1 1 1 1 1 1 1 1 1 
2.4256e-23 1.88525e-22 4.42635e-11 -3.81629e-10 -2.58902e-10 7.39484e-09 2.70283e-09 -1.11224e-07 -1.19256e-07 1.27404e-06 3.16596e-06 -8.51595e-06 -4.78003e-05 -1.8441e-05 0.000383549 0.00106743 -0.000404178 -0.00925599 -0.0217421 0.00754804 0.173723 0.5 0.826277 0.992452 1.02174 1.00926 1.0004 0.998933 0.999616 1.00002 1.00005 1.00001 0.999997 0.999999 1 1 1 1 1 1 1 1 1 
-1.88525e-22 -1.44862e-22 -5.07503e-11 -6.28855e-10 1.17853e-09 1.01322e-08 -1.32846e-08 -1.477e-07 5.9435e-10 1.70939e-06 2.79148e-06 -1.20877e-05 -5.10084e-05 -3.37446e-06 0.000426387 0.00107507 -0.000564959 -0.00956894 -0.0217661 0.00835279 0.17484 0.5 0.82516 0.991647 1.02177 1.00957 1.00056 0.998925 0.999574 1 1.00005 1.00001 0.999997 0.999998 1 1 1 1 1 1 1 1 1 
1.44862e-22 1.20393e-21 -2.27775e-10 -6.22719e-10 3.23743e-09 1.05441e-08 -3.4276e-08 -1.69278e-07 1.57743e-07 2.07753e-06 2.18893e-06 -1.5441e-05 -5.30085e-05 1.13272e-05 0.000462894 0.00107764 -0.000703571 -0.00982739 -0.0217832 0.00900515 0.175739 0.5 0.824261 0.990995 1.02178 1.00983 1.0007 0.998922 0.999537 0.999989 1.00005 1.00002 0.999998 0.999998 1 1 1 1 1 1 1 1 1 
-1.20393e-21 1.1285e-20 -4.19473e-10 -2.65651e-10 5.46178e-09 8.1943e-09 -5.73693e-08 -1.73984e-07 3.3632e-07 2.36696e-06 1.43321e-06 -1.84978e-05 -5.40824e-05 2.52347e-05 0.000493948 0.00107716 -0.000822364 -0.0100418 -0.0217975 0.00953356 0.176465 0.5 0.823535 0.990466 1.0218 1.01004 1.00082 0.998923 0.999506 0.999975 1.00005 1.00002 0.999999 0.999998 1 1 1 1 1 1 1 1 1 
-1.1285e-20 3.18525e-20 -5.48898e-10 4.3961e-10 7.41919e-09 3.21869e-09 -8.00595e-08 -1.6256e-07 5.22975e-07 2.57801e-06 5.87724e-07 -2.12296e-05 -5.44748e-05 3.8115e-05 0.000520368 0.00107499 -0.000923708 -0.0102204 -0.0218108 0.00996096 0.177051 0.5 0.822949 0.990039 1.02181 1.01022 1.00092 0.998925 0.99948 0.999962 1.00005 1.00002 0.999999 0.999997 0.999999 1 1 1 1 1 1 1 1 
-3.18525e-20 5.17544e-20 -5.58441e-10 1.42026e-09 8.79527e-09 -3.90345e-09 -1.00534e-07 -1.37291e-07 7.07681e-07 2.7178e-06 -2.97792e-07 -2.36385e-05 -5.43859e-05 4.98649e-05 0.000542878 0.00107204 -0.00100984 -0.0103697 -0.0218243 0.0103059 0.177524 0.5 0.822476 0.989694 1.02182 1.01037 1.00101 0.998928 0.999457 0.99995 1.00005 1.00002 1 0.999997 0.999999 1 1 1 1 1 1 1 1 
-5.17544e-20 5.4888e-20 -4.21209e-10 2.56964e-09 9.41674e-09 -1.25492e-08 -1.1769e-07 -1.01116e-07 8.83612e-07 2.79668e-06 -1.18648e-06 -2.57438e-05 -5.39734e-05 6.04654e-05 0.0005621 0.00106888 -0.00108282 -0.0104948 -0.0218385 0.0105836 0.177907 0.5 0.822093 0.989416 1.02184 1.01049 1.00108 0.998931 0.999438 0.99994 1.00005 1.00003 1 0.999997 0.999999 1 1 1 1 1 1 1 1 
-5.4888e-20 3.70139e-20 -1.39324e-10 3.77597e-09 9.23435e-09 -2.20911e-08 -1.31027e-07 -5.70449e-08 1.04661e-06 2.82596e-06 -2.05243e-06 -2.75735e-05 -5.33579e-05 6.99489e-05 0.000578559 0.00106587 -0.00114445 -0.0105999 -0.0218534 0.0108062 0.178216 0.5 0.821784 0.989194 1.02185 1.0106 1.00114 0.998934 0.999421 0.99993 1.00005 1.00003 1 0.999997 0.999999 1 1 1 1 1 1 1 1 
-3.70139e-20 1.64739e-20 2.64163e-10 4.94048e-09 8.28965e-09 -3.19769e-08 -1.40486e-07 -7.82846e-09 1.19457e-06 2.81652e-06 -2.87844e-06 -2.91589e-05 -5.26291e-05 7.83781e-05 0.000592692 0.00106322 -0.00119636 -0.0106884 -0.0218688 0.0109839 0.178465 0.5 0.821535 0.989016 1.02187 1.01069 1.0012 0.998937 0.999407 0.999922 1.00005 1.00003 1 0.999997 0.999999 1 1 1 1 1 1 1 1 
-1.64739e-20 3.13053e-20 7.54755e-10 5.98632e-09 6.68038e-09 -4.17651e-08 -1.46303e-07 4.41998e-08 1.32684e-06 2.77813e-06 -3.65397e-06 -3.05309e-05 -5.18521e-05 8.58316e-05 0.000604865 0.00106102 -0.00123995 -0.010763 -0.0218847 0.011125 0.178664 0.5 0.821336 0.988875 1.02188 1.01076 1.00124 0.998939 0.999395 0.999914 1.00005 1.00003 1 0.999997 0.999999 1 1 1 1 1 1 1 1 
-3.13053e-20 1.2596e-19 1.29461e-09 6.86083e-09 4.53169e-09 -5.11319e-08 -1.48889e-07 9.71659e-08 1.44372e-06 2.71913e-06 -4.37339e-06 -3.17184e-05 -5.10728e-05 9.23945e-05 0.00061538 0.00105933 -0.00127645 -0.0108259 -0.0219008 0.0112362 0.178824 0.5 0.821176 0.988764 1.0219 1.01083 1.00128 0.998941 0.999385 0.999908 1.00005 1.00003 1 0.999997 0.999999 1 1 1 1 1 1 1 1 
-1.2596e-19 3.3584e-19 1.84825e-09 7.53386e-09 1.97516e-09 -5.98609e-08 -1.48734e-07 1.49635e-07 1.54616e-06 2.64641e-06 -5.03455e-06 -3.27475e-05 -5.03222e-05 9.81527e-05 0.000624487 0.00105812 -0.0013069 -0.010879 -0.0219169 0.0113231 0.178952 0.5 0.821048 0.988677 1.02192 1.01088 1.00131 0.998942 0.999376 0.999902 1.00005 1.00003 1.00001 0.999997 0.999998 1 1 1 1 1 1 1 1 
-3.3584e-19 6.7655e-19 2.3859e-09 7.99409e-09 -8.64725e-10 -6.78261e-08 -1.46349e-07 2.00559e-07 1.6354e-06 2.56549e-06 -5.63772e-06 -3.36414e-05 -4.96205e-05 0.000103189 0.000632395 0.00105737 -0.00133221 -0.0109238 -0.0219327 0.0113903 0.179052 0.5 0.820948 0.98861 1.02193 1.01092 1.00133 0.998943 0.999368 0.999897 1.00005 1.00003 1.00001 0.999997 0.999998 1 1 1 1 1 1 1 1 
-6.7655e-19 1.14065e-18 2.88491e-09 8.24473e-09 -3.87806e-09 -7.49724e-08 -1.42222e-07 2.49215e-07 1.71283e-06 2.48067e-06 -6.18477e-06 -3.442e-05 -4.89796e-05 0.000107583 0.000639276 0.00105702 -0.00135317 -0.0109616 -0.0219481 0.0114415 0.179132 0.5 0.820868 0.988558 1.02195 1.01096 1.00135 0.998943 0.999361 0.999892 1.00005 1.00003 1.00001 0.999998 0.999998 1 1 1 1 1 1 1 1 
-1.14065e-18 1.70104e-18 3.32979e-09 8.29928e-09 -6.97281e-09 -8.12966e-08 -1.36794e-07 2.95136e-07 1.77988e-06 2.39521e-06 -6.67858e-06 -3.51001e-05 -4.84053e-05 0.000111405 0.000645276 0.00105704 -0.00137045 -0.0109935 -0.0219629 0.01148 0.179193 0.5 0.820807 0.98852 1.02196 1.01099 1.00137 0.998943 0.999355 0.999889 1.00005 1.00004 1.00001 0.999998 0.999998 1 1 1 1 1 1 1 1 
-1.70104e-18 2.31822e-18 3.71157e-09 8.17786e-09 -1.00752e-08 -8.68317e-08 -1.30454e-07 3.38057e-07 1.8379e-06 2.31153e-06 -7.12261e-06 -3.56964e-05 -4.78994e-05 0.000114723 0.000650517 0.00105735 -0.00138462 -0.0110204 -0.021977 0.0115082 0.179241 0.5 0.820759 0.988492 1.02198 1.01102 1.00138 0.998943 0.999349 0.999885 1.00005 1.00004 1.00001 0.999998 0.999998 1 1 1 1 1 1 1 1 
-2.31822e-18 2.94847e-18 4.02662e-09 7.90426e-09 -1.31284e-08 -9.1634e-08 -1.23527e-07 3.77867e-07 1.88814e-06 2.23133e-06 -7.52058e-06 -3.62209e-05 -4.74607e-05 0.000117596 0.000655099 0.00105791 -0.00139617 -0.011043 -0.0219903 0.0115282 0.179277 0.5 0.820723 0.988472 1.02199 1.01104 1.0014 0.998942 0.999345 0.999882 1.00005 1.00004 1.00001 0.999998 0.999998 1 1 1 1 1 1 1 1 
-2.94847e-18 3.55089e-18 4.27546e-09 7.50362e-09 -1.60905e-08 -9.57723e-08 -1.16284e-07 4.14559e-07 1.93171e-06 2.15576e-06 -7.8763e-06 -3.66838e-05 -4.70859e-05 0.000120078 0.00065911 0.00105866 -0.00140552 -0.011062 -0.0220028 0.0115417 0.179304 0.5 0.820696 0.988458 1.022 1.01106 1.00141 0.998941 0.999341 0.99988 1.00005 1.00004 1.00001 0.999998 0.999998 1 1 1 1 1 1 1 1 
-3.55089e-18 4.09221e-18 4.4616e-09 7.00084e-09 -1.89323e-08 -9.93213e-08 -1.08941e-07 4.48209e-07 1.96962e-06 2.08554e-06 -8.19351e-06 -3.70938e-05 -4.67708e-05 0.000122217 0.000662624 0.00105956 -0.00141303 -0.0110779 -0.0220145 0.0115502 0.179323 0.5 0.820677 0.98845 1.02201 1.01108 1.00141 0.99894 0.999337 0.999878 1.00005 1.00004 1.00001 0.999998 0.999998 1 1 1 1 1 1 1 1 
-4.09221e-18 4.54909e-18 4.59047e-09 6.4194e-09 -2.16345e-08 -1.02356e-07 -1.01667e-07 4.78942e-07 2.00271e-06 2.02107e-06 -8.47578e-06 -3.7458e-05 -4.65101e-05 0.000124055 0.000665704 0.00106057 -0.00141899 -0.0110912 -0.0220252 0.0115547 0.179337 0.5 0.820663 0.988445 1.02203 1.01109 1.00142 0.998939 0.999334 0.999876 1.00005 1.00004 1.00001 0.999998 0.999998 1 1 1 1 1 1 1 1 
-4.54909e-18 4.90853e-18 4.66866e-09 5.78074e-09 -2.41858e-08 -1.04948e-07 -9.4593e-08 5.06915e-07 2.03171e-06 1.96246e-06 -8.72649e-06 -3.77825e-05 -4.62984e-05 0.000125632 0.000668403 0.00106166 -0.00142369 -0.0111022 -0.0220351 0.0115562 0.179346 0.5 0.820654 0.988444 1.02204 1.0111 1.00142 0.998938 0.999332 0.999874 1.00005 1.00004 1.00001 0.999998 0.999998 0.999999 1 1 1 1 1 1 1 
-4.90853e-18 5.16671e-18 4.70323e-09 5.10381e-09 -2.65811e-08 -1.07163e-07 -8.78124e-08 5.32305e-07 2.05726e-06 1.90968e-06 -8.94878e-06 -3.80722e-05 -4.61304e-05 0.000126979 0.000670768 0.00106279 -0.00142732 -0.0111114 -0.0220441 0.0115555 0.179352 0.5 0.820648 0.988444 1.02204 1.01111 1.00143 0.998937 0.999329 0.999873 1.00005 1.00004 1.00001 0.999998 0.999998 0.999999 1 1 1 1 1 1 1 
-5.16671e-18 5.32717e-18 4.70123e-09 4.40502e-09 -2.88199e-08 -1.0906e-07 -8.13921e-08 5.55296e-07 2.07988e-06 1.86254e-06 -9.14555e-06 -3.83316e-05 -4.60007e-05 0.000128128 0.00067284 0.00106394 -0.00143007 -0.011119 -0.0220523 0.0115531 0.179355 0.5 0.820645 0.988447 1.02205 1.01112 1.00143 0.998936 0.999327 0.999872 1.00005 1.00004 1.00001 0.999998 0.999998 0.999999 1 1 1 1 1 1 1 
-5.32717e-18 5.39866e-18 4.66943e-09 3.69818e-09 -3.09046e-08 -1.10693e-07 -7.53756e-08 5.76073e-07 2.1e-06 1.82077e-06 -9.31945e-06 -3.85641e-05 -4.59043e-05 0.000129103 0.000674654 0.00106509 -0.00143212 -0.0111252 -0.0220598 0.0115496 0.179355 0.5 0.820645 0.98845 1.02206 1.01113 1.00143 0.998935 0.999325 0.999871 1.00005 1.00004 1.00001 0.999998 0.999998 0.999999 1 1 1 1 1 1 1 
-5.39866e-18 5.39314e-18 4.61404e-09 2.99473e-09 -3.28403e-08 -1.12107e-07 -6.97881e-08 5.94817e-07 2.118e-06 1.78403e-06 -9.47289e-06 -3.87729e-05 -4.58364e-05 0.000129929 0.000676241 0.00106622 -0.00143358 -0.0111303 -0.0220664 0.0115452 0.179354 0.5 0.820646 0.988455 1.02207 1.01113 1.00143 0.998934 0.999324 0.99987 1.00005 1.00004 1.00001 0.999998 0.999998 0.999999 1 1 1 1 1 1 1 
-5.39314e-18 5.32405e-18 4.54064e-09 2.30385e-09 -3.46334e-08 -1.13341e-07 -6.464e-08 6.11701e-07 2.13417e-06 1.75196e-06 -9.60807e-06 -3.89606e-05 -4.57928e-05 0.000130625 0.000677628 0.00106732 -0.00143457 -0.0111345 -0.0220724 0.0115404 0.179352 0.5 0.820648 0.98846 1.02207 1.01113 1.00143 0.998933 0.999322 0.999869 1.00005 1.00004 1.00001 0.999998 0.999998 0.999999 1 1 1 1 1 1 1 
-5.32405e-18 5.20497e-18 4.45411e-09 1.63277e-09 -3.62912e-08 -1.14426e-07 -5.99307e-08 6.26888e-07 2.14877e-06 1.72417e-06 -9.72697e-06 -3.91296e-05 -4.57696e-05 0.00013121 0.000678838 0.00106838 -0.00143518 -0.0111378 -0.0220778 0.0115353 0.179349 0.5 0.820651 0.988465 1.02208 1.01114 1.00144 0.998932 0.999321 0.999869 1.00005 1.00004 1.00001 0.999998 0.999998 0.999999 1 1 1 1 1 1 1 
-5.20497e-18 5.04873e-18 4.35862e-09 9.86977e-10 -3.78215e-08 -1.15391e-07 -5.56508e-08 6.40532e-07 2.16201e-06 1.70028e-06 -9.83136e-06 -3.92816e-05 -4.57632e-05 0.000131698 0.000679892 0.00106938 -0.00143549 -0.0111405 -0.0220825 0.0115301 0.179346 0.5 0.820654 0.98847 1.02208 1.01114 1.00144 0.998931 0.99932 0.999868 1.00005 1.00004 1.00001 0.999998 0.999998 0.999999 1 1 1 1 1 1 1 
-5.04873e-18 4.86681e-18 4.25769e-09 3.70454e-10 -3.92323e-08 -1.16258e-07 -5.1785e-08 6.52775e-07 2.17405e-06 1.6799e-06 -9.92287e-06 -3.94185e-05 -4.57706e-05 0.000132103 0.00068081 0.00107034 -0.00143557 -0.0111426 -0.0220867 0.011525 0.179342 0.5 0.820658 0.988475 1.02209 1.01114 1.00144 0.99893 0.999319 0.999868 1.00005 1.00004 1.00001 0.999998 0.999998 0.999999 1 1 1 1 1 1 1 
-4.86681e-18 4.66904e-18 4.1542e-09 -2.14061e-10 -4.05316e-08 -1.17045e-07 -4.83133e-08 6.63747e-07 2.18505e-06 1.66267e-06 -1.00029e-05 -3.95418e-05 -4.57891e-05 0.000132437 0.000681606 0.00107123 -0.00143546 -0.0111442 -0.0220904 0.0115201 0.179338 0.5 0.820662 0.98848 1.02209 1.01114 1.00144 0.998929 0.999318 0.999868 1.00005 1.00004 1.00001 0.999998 0.999998 0.999999 1 1 1 1 1 1 1 
-4.66904e-18 4.46353e-18 4.0505e-09 -7.64885e-10 -4.17271e-08 -1.17766e-07 -4.52131e-08 6.73568e-07 2.19511e-06 1.64825e-06 -1.00728e-05 -3.96528e-05 -4.58162e-05 0.000132711 0.000682296 0.00107206 -0.00143522 -0.0111454 -0.0220936 0.0115154 0.179335 0.5 0.820665 0.988485 1.02209 1.01115 1.00144 0.998928 0.999318 0.999867 1.00005 1.00004 1.00001 0.999998 0.999998 0.999999 1 1 1 1 1 1 1 
-4.46353e-18 4.25675e-18 3.94842e-09 -1.2812e-09 -4.28261e-08 -1.18433e-07 -4.24596e-08 6.8235e-07 2.20433e-06 1.6363e-06 -1.01337e-05 -3.97526e-05 -4.585e-05 0.000132933 0.000682892 0.00107284 -0.00143488 -0.0111463 -0.0220964 0.0115109 0.179331 0.5 0.820669 0.988489 1.0221 1.01115 1.00143 0.998927 0.999317 0.999867 1.00005 1.00004 1.00001 0.999998 0.999998 0.999999 1 1 1 1 1 1 1 
-4.25675e-18 4.05363e-18 3.84937e-09 -1.76286e-09 -4.38358e-08 -1.19056e-07 -4.00273e-08 6.90193e-07 2.21281e-06 1.62653e-06 -1.01867e-05 -3.98423e-05 -4.58886e-05 0.000133111 0.000683406 0.00107355 -0.00143448 -0.011147 -0.0220988 0.0115068 0.179327 0.5 0.820673 0.988493 1.0221 1.01115 1.00143 0.998926 0.999317 0.999867 1.00005 1.00004 1.00001 0.999998 0.999998 0.999999 1 1 1 1 1 1 1 
-4.05363e-18 3.85781e-18 3.75441e-09 -2.21029e-09 -4.47627e-08 -1.1964e-07 -3.78907e-08 6.97187e-07 2.2206e-06 1.61865e-06 -1.02326e-05 -3.99229e-05 -4.59307e-05 0.000133252 0.000683847 0.0010742 -0.00143402 -0.0111474 -0.0221009 0.0115029 0.179324 0.5 0.820676 0.988497 1.0221 1.01115 1.00143 0.998926 0.999316 0.999867 1.00005 1.00004 1.00001 0.999998 0.999998 0.999999 1 1 1 1 1 1 1 
-3.85781e-18 3.6718e-18 3.66427e-09 -2.62433e-09 -4.56131e-08 -1.20192e-07 -3.60245e-08 7.03417e-07 2.22777e-06 1.61243e-06 -1.02724e-05 -3.99952e-05 -4.59748e-05 0.000133362 0.000684226 0.0010748 -0.00143354 -0.0111477 -0.0221027 0.0114994 0.17932 0.5 0.82068 0.988501 1.0221 1.01115 1.00143 0.998925 0.999316 0.999867 1.00005 1.00004 1.00001 0.999998 0.999998 0.999999 1 1 1 1 1 1 1 
-3.6718e-18 3.49722e-18 3.57944e-09 -3.00612e-09 -4.63929e-08 -1.20716e-07 -3.44041e-08 7.08958e-07 2.23437e-06 1.60763e-06 -1.03066e-05 -4.00599e-05 -4.602e-05 0.000133447 0.000684548 0.00107534 -0.00143305 -0.0111478 -0.0221043 0.0114963 0.179317 0.5 0.820683 0.988504 1.0221 1.01115 1.00143 0.998925 0.999315 0.999867 1.00005 1.00004 1.00001 0.999998 0.999998 0.999999 1 1 1 1 1 1 1 
-3.49722e-18 3.33499e-18 3.50022e-09 -3.35707e-09 -4.71075e-08 -1.21215e-07 -3.30061e-08 7.13879e-07 2.24045e-06 1.60404e-06 -1.03361e-05 -4.01179e-05 -4.60655e-05 0.000133509 0.000684823 0.00107584 -0.00143256 -0.0111479 -0.0221056 0.0114934 0.179314 0.5 0.820686 0.988507 1.02211 1.01115 1.00143 0.998924 0.999315 0.999866 1.00005 1.00004 1.00001 0.999998 0.999998 0.999999 1 1 1 1 1 1 1 
-3.33499e-18 3.18547e-18 3.42672e-09 -3.67871e-09 -4.77619e-08 -1.21691e-07 -3.18081e-08 7.18241e-07 2.24604e-06 1.60149e-06 -1.03614e-05 -4.01696e-05 -4.61105e-05 0.000133554 0.000685055 0.00107628 -0.00143208 -0.0111478 -0.0221067 0.0114908 0.179312 0.5 0.820688 0.988509 1.02211 1.01115 1.00143 0.998924 0.999315 0.999866 1.00005 1.00004 1.00001 0.999998 0.999998 0.999999 1 1 1 1 1 1 1 
-3.18547e-18 3.04861e-18 3.35894e-09 -3.97268e-09 -4.83608e-08 -1.22145e-07 -3.07893e-08 7.22103e-07 2.25117e-06 1.59981e-06 -1.0383e-05 -4.02158e-05 -4.61544e-05 0.000133584 0.000685251 0.00107668 -0.00143161 -0.0111477 -0.0221076 0.0114885 0.17931 0.5 0.82069 0.988511 1.02211 1.01115 1.00143 0.998923 0.999315 0.999866 1.00005 1.00004 1.00001 0.999998 0.999998 0.999999 1 1 1 1 1 1 1 
-3.04861e-18 2.92407e-18 3.29676e-09 -4.24069e-09 -4.89086e-08 -1.2258e-07 -2.99302e-08 7.25515e-07 2.25589e-06 1.59885e-06 -1.04013e-05 -4.02569e-05 -4.6197e-05 0.000133601 0.000685415 0.00107703 -0.00143117 -0.0111475 -0.0221084 0.0114865 0.179307 0.5 0.820693 0.988513 1.02211 1.01115 1.00143 0.998923 0.999315 0.999866 1.00005 1.00004 1.00001 0.999998 0.999998 0.999999 1 1 1 1 1 1 1 
-2.92407e-18 2.81132e-18 3.23999e-09 -4.48443e-09 -4.94093e-08 -1.22995e-07 -2.92127e-08 7.28523e-07 2.26022e-06 1.59849e-06 -1.04169e-05 -4.02934e-05 -4.62377e-05 0.00013361 0.000685552 0.00107735 -0.00143075 -0.0111474 -0.022109 0.0114847 0.179306 0.5 0.820694 0.988515 1.02211 1.01115 1.00143 0.998923 0.999314 0.999866 1.00005 1.00004 1.00001 0.999998 0.999998 0.999999 1 1 1 1 1 1 1 
-2.81132e-18 2.70967e-18 3.18842e-09 -4.70562e-09 -4.98665e-08 -1.23391e-07 -2.86204e-08 7.31169e-07 2.26418e-06 1.59862e-06 -1.043e-05 -4.03257e-05 -4.62765e-05 0.00013361 0.000685664 0.00107763 -0.00143036 -0.0111471 -0.0221095 0.0114832 0.179304 0.5 0.820696 0.988517 1.02211 1.01115 1.00143 0.998922 0.999314 0.999866 1.00005 1.00004 1.00001 0.999998 0.999998 0.999999 1 1 1 1 1 1 1 
-2.70967e-18 2.61839e-18 3.14174e-09 -4.9059e-09 -5.02838e-08 -1.23769e-07 -2.81379e-08 7.33493e-07 2.26781e-06 1.59914e-06 -1.0441e-05 -4.03544e-05 -4.63131e-05 0.000133605 0.000685757 0.00107788 -0.00142999 -0.0111469 -0.0221099 0.0114818 0.179302 0.5 0.820698 0.988518 1.02211 1.01115 1.00143 0.998922 0.999314 0.999866 1.00005 1.00004 1.00001 0.999998 0.999998 0.999999 1 1 1 1 1 1 1 
-2.61839e-18 2.5367e-18 3.09967e-09 -5.08688e-09 -5.06644e-08 -1.24129e-07 -2.77515e-08 7.35527e-07 2.27112e-06 1.59997e-06 -1.04501e-05 -4.03796e-05 -4.63475e-05 0.000133595 0.000685832 0.0010781 -0.00142966 -0.0111467 -0.0221102 0.0114807 0.179301 0.5 0.820699 0.988519 1.02211 1.01115 1.00143 0.998922 0.999314 0.999866 1.00005 1.00004 1.00001 0.999998 0.999998 0.999999 1 1 1 1 1 1 1 
-2.5367e-18 2.46382e-18 3.0619e-09 -5.2501e-09 -5.10111e-08 -1.24471e-07 -2.74486e-08 7.37303e-07 2.27414e-06 1.60104e-06 -1.04577e-05 -4.04019e-05 -4.63795e-05 0.000133581 0.000685892 0.00107829 -0.00142935 -0.0111464 -0.0221105 0.0114797 0.1793 0.5 0.8207 0.98852 1.02211 1.01115 1.00143 0.998922 0.999314 0.999866 1.00005 1.00004 1.00001 0.999998 0.999998 0.999999 1 1 1 1 1 1 1 
-2.46382e-18 2.39899e-18 3.02811e-09 -5.39701e-09 -5.13268e-08 -1.24797e-07 -2.7218e-08 7.38849e-07 2.27688e-06 1.60228e-06 -1.04638e-05 -4.04214e-05 -4.64093e-05 0.000133565 0.00068594 0.00107845 -0.00142907 -0.0111462 -0.0221107 0.0114788 0.179299 0.5 0.820701 0.988521 1.02211 1.01115 1.00143 0.998922 0.999314 0.999866 1.00005 1.00004 1.00001 0.999998 0.999998 0.999999 1 1 1 1 1 1 1 
-2.39899e-18 2.34146e-18 2.99798e-09 -5.52901e-09 -5.16139e-08 -1.25105e-07 -2.70494e-08 7.40191e-07 2.27937e-06 1.60365e-06 -1.04689e-05 -4.04385e-05 -4.64368e-05 0.000133548 0.000685977 0.0010786 -0.00142881 -0.011146 -0.0221108 0.0114781 0.179298 0.5 0.820702 0.988522 1.02211 1.01115 1.00143 0.998921 0.999314 0.999866 1.00005 1.00004 1.00001 0.999998 0.999998 0.999999 1 1 1 1 1 1 1 
-2.34146e-18 2.29055e-18 2.97121e-09 -5.64738e-09 -5.18749e-08 -1.25396e-07 -2.69339e-08 7.41351e-07 2.28163e-06 1.60509e-06 -1.04729e-05 -4.04534e-05 -4.6462e-05 0.000133529 0.000686005 0.00107872 -0.00142859 -0.0111458 -0.0221109 0.0114775 0.179297 0.5 0.820703 0.988523 1.02211 1.01115 1.00143 0.998921 0.999314 0.999866 1.00005 1.00004 1.00001 0.999998 0.999998 0.999999 1 1 1 1 1 1 1 
-2.29055e-18 2.2456e-18 2.9475e-09 -5.75334e-09 -5.21118e-08 -1.25671e-07 -2.68633e-08 7.42351e-07 2.28367e-06 1.60659e-06 -1.04761e-05 -4.04664e-05 -4.64851e-05 0.00013351 0.000686025 0.00107883 -0.00142838 -0.0111456 -0.0221109 0.011477 0.179297 0.5 0.820703 0.988523 1.02211 1.01115 1.00143 0.998921 0.999314 0.999866 1.00005 1.00004 1.00001 0.999998 0.999998 0.999999 1 1 1 1 1 1 1 
-2.2456e-18 2.20601e-18 2.92658e-09 -5.84802e-09 -5.23266e-08 -1.2593e-07 -2.68305e-08 7.43208e-07 2.28551e-06 1.60809e-06 -1.04785e-05 -4.04776e-05 -4.65062e-05 0.000133491 0.00068604 0.00107892 -0.0014282 -0.0111454 -0.022111 0.0114765 0.179296 0.5 0.820704 0.988523 1.02211 1.01115 1.00143 0.998921 0.999314 0.999867 1.00005 1.00004 1.00001 0.999998 0.999998 0.999999 1 1 1 1 1 1 1 
-2.20601e-18 2.17123e-18 2.90818e-09 -5.93248e-09 -5.25213e-08 -1.26174e-07 -2.6829e-08 7.43939e-07 2.28716e-06 1.60959e-06 -1.04804e-05 -4.04874e-05 -4.65253e-05 0.000133472 0.000686049 0.001079 -0.00142804 -0.0111452 -0.022111 0.0114762 0.179296 0.5 0.820704 0.988524 1.02211 1.01115 1.00143 0.998921 0.999314 0.999867 1.00005 1.00004 1.00001 0.999998 0.999998 0.999999 1 1 1 1 1 1 1 
-2.17123e-18 2.14075e-18 2.89204e-09 -6.00768e-09 -5.26975e-08 -1.26402e-07 -2.68534e-08 7.4456e-07 2.28865e-06 1.61106e-06 -1.04818e-05 -4.04958e-05 -4.65426e-05 0.000133453 0.000686054 0.00107906 -0.00142789 -0.0111451 -0.022111 0.0114759 0.179296 0.5 0.820704 0.988524 1.02211 1.01115 1.00143 0.998921 0.999314 0.999867 1.00005 1.00004 1.00001 0.999998 0.999998 0.999999 1 1 1 1 1 1 1 
-2.14075e-18 2.1141e-18 2.87795e-09 -6.07451e-09 -5.28567e-08 -1.26616e-07 -2.68988e-08 7.45084e-07 2.28998e-06 1.61248e-06 -1.04827e-05 -4.05029e-05 -4.65582e-05 0.000133436 0.000686056 0.00107912 -0.00142777 -0.0111449 -0.0221109 0.0114757 0.179295 0.5 0.820705 0.988524 1.02211 1.01114 1.00143 0.998921 0.999314 0.999867 1.00005 1.00004 1.00001 0.999998 0.999998 0.999999 1 1 1 1 1 1 1 
-2.1141e-18 2.09086e-18 2.86568e-09 -6.1338e-09 -5.30005e-08 -1.26815e-07 -2.69609e-08 7.45522e-07 2.29116e-06 1.61385e-06 -1.04833e-05 -4.05091e-05 -4.65722e-05 0.000133419 0.000686055 0.00107916 -0.00142766 -0.0111448 -0.0221109 0.0114756 0.179295 0.5 0.820705 0.988524 1.02211 1.01114 1.00143 0.998921 0.999314 0.999867 1.00005 1.00004 1.00001 0.999998 0.999998 0.999999 1 1 1 1 1 1 1 
-2.09086e-18 2.07066e-18 2.85505e-09 -6.1863e-09 -5.31303e-08 -1.27001e-07 -2.7036e-08 7.45886e-07 2.29221e-06 1.61516e-06 -1.04836e-05 -4.05143e-05 -4.65847e-05 0.000133403 0.000686052 0.0010792 -0.00142756 -0.0111447 -0.0221109 0.0114754 0.179295 0.5 0.820705 0.988525 1.02211 1.01114 1.00143 0.998921 0.999314 0.999867 1.00005 1.00004 1.00001 0.999998 0.999998 0.999999 1 1 1 1 1 1 1 
-2.07066e-18 2.05315e-18 2.84586e-09 -6.23269e-09 -5.32471e-08 -1.27174e-07 -2.7121e-08 7.46186e-07 2.29315e-06 1.61639e-06 -1.04837e-05 -4.05187e-05 -4.65959e-05 0.000133388 0.000686047 0.00107923 -0.00142748 -0.0111446 -0.0221108 0.0114753 0.179295 0.5 0.820705 0.988525 1.02211 1.01114 1.00143 0.998921 0.999314 0.999867 1.00005 1.00004 1.00001 0.999998 0.999998 0.999999 1 1 1 1 1 1 1 
-2.05315e-18 2.03802e-18 2.83795e-09 -6.27362e-09 -5.33522e-08 -1.27334e-07 -2.72131e-08 7.46429e-07 2.29397e-06 1.61755e-06 -1.04836e-05 -4.05223e-05 -4.66058e-05 0.000133374 0.000686041 0.00107926 -0.00142741 -0.0111445 -0.0221108 0.0114753 0.179295 0.5 0.820705 0.988525 1.02211 1.01114 1.00143 0.998921 0.999314 0.999867 1.00005 1.00004 1.00001 0.999998 0.999998 0.999999 1 1 1 1 1 1 1 
-2.03802e-18 2.02499e-18 2.83119e-09 -6.30965e-09 -5.34467e-08 -1.27483e-07 -2.73099e-08 7.46623e-07 2.2947e-06 1.61863e-06 -1.04834e-05 -4.05254e-05 -4.66145e-05 0.000133361 0.000686035 0.00107928 -0.00142735 -0.0111444 -0.0221107 0.0114752 0.179294 0.5 0.820706 0.988525 1.02211 1.01114 1.00143 0.998921 0.999314 0.999867 1.00005 1.00004 1.00001 0.999998 0.999998 0.999999 1 1 1 1 1 1 1 
-2.02499e-18 2.0138e-18 2.82542e-09 -6.34129e-09 -5.35314e-08 -1.2762e-07 -2.74097e-08 7.46776e-07 2.29534e-06 1.61964e-06 -1.0483e-05 -4.05279e-05 -4.66222e-05 0.000133349 0.000686028 0.00107929 -0.00142729 -0.0111443 -0.0221106 0.0114752 0.179294 0.5 0.820706 0.988525 1.02211 1.01114 1.00143 0.998921 0.999314 0.999867 1.00005 1.00004 1.00001 0.999998 0.999998 0.999999 1 1 1 1 1 1 1 
-2.0138e-18 2.00425e-18 2.82053e-09 -6.36903e-09 -5.36073e-08 -1.27746e-07 -2.75106e-08 7.46893e-07 2.2959e-06 1.62057e-06 -1.04826e-05 -4.053e-05 -4.6629e-05 0.000133338 0.00068602 0.0010793 -0.00142725 -0.0111442 -0.0221106 0.0114752 0.179294 0.5 0.820706 0.988525 1.02211 1.01114 1.00143 0.998921 0.999314 0.999867 1.00005 1.00004 1.00001 0.999998 0.999998 0.999999 1 1 1 1 1 1 1 
-2.00425e-18 1.99611e-18 2.81642e-09 -6.39329e-09 -5.36753e-08 -1.27863e-07 -2.76114e-08 7.4698e-07 2.29638e-06 1.62142e-06 -1.04821e-05 -4.05317e-05 -4.66349e-05 0.000133328 0.000686013 0.00107931 -0.00142721 -0.0111442 -0.0221105 0.0114752 0.179294 0.5 0.820706 0.988525 1.02211 1.01114 1.00143 0.998921 0.999314 0.999867 1.00005 1.00004 1.00001 0.999998 0.999998 0.999999 1 1 1 1 1 1 1 
-1.99611e-18 1.98923e-18 2.81297e-09 -6.41445e-09 -5.3736e-08 -1.2797e-07 -2.77109e-08 7.4704e-07 2.2968e-06 1.62221e-06 -1.04816e-05 -4.0533e-05 -4.66401e-05 0.000133319 0.000686005 0.00107932 -0.00142718 -0.0111441 -0.0221105 0.0114752 0.179294 0.5 0.820706 0.988525 1.02211 1.01114 1.00143 0.998921 0.999314 0.999867 1.00005 1.00004 1.00001 0.999998 0.999998 0.999999 1 1 1 1 1 1 1 
