1 1 0.95 0.9 0.85 0.8 0.75 0.7 0.65 0.6 0.55 0.5 0.45 0.4 0.35 0.3 0.25 0.2 0.15 0.1 0.05 0 -0.05 -0.1 -0.15 -0.2 -0.25 -0.3 -0.35 -0.4 -0.45 -0.5 -0.55 -0.6 -0.65 -0.7 -0.75 -0.8 -0.85 -0.9 -0.95 -1 -1 
1 1 0.971656 0.9135 0.86275 0.812 0.76125 0.7105 0.65975 0.609 0.55825 0.5075 0.45675 0.406 0.35525 0.3045 0.25375 0.203 0.15225 0.1015 0.05075 -6.01732e-19 -0.05075 -0.1015 -0.15225 -0.203 -0.25375 -0.3045 -0.35525 -0.406 -0.45675 -0.5075 -0.55825 -0.609 -0.65975 -0.7105 -0.76125 -0.812 -0.86275 -0.9135 -0.971656 -1 -1 
1 1 0.98496 0.932307 0.875459 0.824363 0.77284 0.721317 0.669795 0.618272 0.566749 0.515227 0.463704 0.412181 0.360659 0.309136 0.257613 0.206091 0.154568 0.103045 0.0515227 -1.23599e-18 -0.0515227 -0.103045 -0.154568 -0.206091 -0.257613 -0.309136 -0.360659 -0.412181 -0.463704 -0.515227 -0.566749 -0.618272 -0.669795 -0.721317 -0.77284 -0.824363 -0.875459 -0.932307 -0.98496 -1 -1 
1 1 0.992068 0.952343 0.890291 0.836697 0.784811 0.732467 0.680148 0.627829 0.575509 0.52319 0.470871 0.418552 0.366233 0.313914 0.261595 0.209276 0.156957 0.104638 0.052319 -1.91904e-18 -0.052319 -0.104638 -0.156957 -0.209276 -0.261595 -0.313914 -0.366233 -0.418552 -0.470871 -0.52319 -0.575509 -0.627829 -0.680148 -0.732467 -0.784811 -0.836697 -0.890291 -0.952343 -0.992068 -1 -1 
1 1 0.995797 0.969092 0.908437 0.849575 0.796953 0.743994 0.690822 0.637683 0.584543 0.531402 0.478262 0.425122 0.371982 0.318841 0.265701 0.212561 0.159421 0.10628 0.0531402 -2.58582e-18 -0.0531402 -0.10628 -0.159421 -0.212561 -0.265701 -0.318841 -0.371982 -0.425122 -0.478262 -0.531402 -0.584543 -0.637683 -0.690822 -0.743994 -0.796953 -0.849575 -0.908437 -0.969092 -0.995797 -1 -1 
1 1 0.997763 0.980899 0.928881 0.864036 0.809212 0.755845 0.701851 0.647847 0.593861 0.539874 0.485887 0.431899 0.377912 0.323924 0.269937 0.21595 0.161962 0.107975 0.0539874 -3.26887e-18 -0.0539874 -0.107975 -0.161962 -0.21595 -0.269937 -0.323924 -0.377912 -0.431899 -0.485887 -0.539874 -0.593861 -0.647847 -0.701851 -0.755845 -0.809212 -0.864036 -0.928881 -0.980899 -0.997763 -1 -1 
1 1 0.998806 0.98849 0.94865 0.881166 0.82191 0.767897 0.713255 0.658342 0.603479 0.548618 0.493756 0.438894 0.384033 0.329171 0.274309 0.219447 0.164585 0.109724 0.0548618 -3.95192e-18 -0.0548618 -0.109724 -0.164585 -0.219447 -0.274309 -0.329171 -0.384033 -0.438894 -0.493756 -0.548618 -0.603479 -0.658342 -0.713255 -0.767897 -0.82191 -0.881166 -0.94865 -0.98849 -0.998806 -1 -1 
1 1 0.999361 0.993167 0.96503 0.901243 0.835723 0.780091 0.724996 0.6692 0.613409 0.557647 0.501883 0.446118 0.390353 0.334588 0.278824 0.223059 0.167294 0.111529 0.0557647 -4.66749e-18 -0.0557647 -0.111529 -0.167294 -0.223059 -0.278824 -0.334588 -0.390353 -0.446118 -0.501883 -0.557647 -0.613409 -0.6692 -0.724996 -0.780091 -0.835723 -0.901243 -0.96503 -0.993167 -0.999361 -1 -1 
1 1 0.999657 0.995986 0.977093 0.92281 0.851572 0.792578 0.736986 0.680438 0.623674 0.566975 0.510279 0.453581 0.396883 0.340186 0.283488 0.226791 0.170093 0.113395 0.0566976 -5.41559e-18 -0.0566976 -0.113395 -0.170093 -0.226791 -0.283488 -0.340186 -0.396883 -0.453581 -0.510279 -0.566975 -0.623674 -0.680438 -0.736986 -0.792578 -0.851572 -0.92281 -0.977093 -0.995986 -0.999657 -1 -1 
1 1 0.999816 0.997659 0.985364 0.943209 0.870312 0.805786 0.749143 0.692044 0.634303 0.576616 0.518958 0.461296 0.403634 0.345972 0.28831 0.230648 0.172986 0.115324 0.057662 -6.21248e-18 -0.057662 -0.115324 -0.172986 -0.230648 -0.28831 -0.345972 -0.403634 -0.461296 -0.518958 -0.576616 -0.634303 -0.692044 -0.749143 -0.805786 -0.870312 -0.943209 -0.985364 -0.997659 -0.999816 -1 -1 
1 1 0.999901 0.998643 0.990809 0.960209 0.891911 0.820405 0.761498 0.703955 0.64532 0.586591 0.527934 0.469276 0.410617 0.351957 0.293298 0.234638 0.175979 0.117319 0.0586595 -7.04189e-18 -0.0586595 -0.117319 -0.175979 -0.234638 -0.293298 -0.351957 -0.410617 -0.469276 -0.527934 -0.586591 -0.64532 -0.703955 -0.761498 -0.820405 -0.891911 -0.960209 -0.990809 -0.998643 -0.999901 -1 -1 
1 1 0.999946 0.999217 0.994303 0.973059 0.91478 0.837334 0.774276 0.716088 0.656732 0.596927 0.537221 0.477534 0.417843 0.358151 0.298459 0.238767 0.179075 0.119384 0.0596918 -7.88757e-18 -0.0596918 -0.119384 -0.179075 -0.238767 -0.298459 -0.358151 -0.417843 -0.477534 -0.537221 -0.596927 -0.656732 -0.716088 -0.774276 -0.837334 -0.91478 -0.973059 -0.994303 -0.999217 -0.999946 -1 -1 
1 1 0.999971 0.99955 0.996505 0.982183 0.936361 0.857363 0.787938 0.728397 0.668509 0.607654 0.546838 0.486084 0.425325 0.364564 0.303804 0.243043 0.182282 0.121521 0.0607607 -8.81456e-18 -0.0607607 -0.121521 -0.182282 -0.243043 -0.303804 -0.364564 -0.425325 -0.486084 -0.546838 -0.607654 -0.668509 -0.728397 -0.787938 -0.857363 -0.936361 -0.982183 -0.996505 -0.99955 -0.999971 -1 -1 
1 1 0.999984 0.999742 0.997874 0.988419 0.954535 0.880381 0.80319 0.74095 0.680583 0.618793 0.556811 0.494942 0.433078 0.37121 0.309341 0.247473 0.185605 0.123737 0.0618683 -9.69277e-18 -0.0618683 -0.123737 -0.185605 -0.247473 -0.309341 -0.37121 -0.433078 -0.494942 -0.556811 -0.618793 -0.680583 -0.74095 -0.80319 -0.880381 -0.954535 -0.988419 -0.997874 -0.999742 -0.999984 -1 -1 
1 1 0.999992 0.999853 0.998716 0.992572 0.968536 0.904777 0.820947 0.754001 0.69288 0.630343 0.567169 0.504124 0.441116 0.3781 0.315083 0.252066 0.18905 0.126033 0.0630166 -1.06198e-17 -0.0630166 -0.126033 -0.18905 -0.252066 -0.315083 -0.3781 -0.441116 -0.504124 -0.567169 -0.630343 -0.69288 -0.754001 -0.820947 -0.904777 -0.968536 -0.992572 -0.998716 -0.999853 -0.999992 -1 -1 
1 1 0.999995 0.999916 0.999229 0.995288 0.978709 0.927976 0.842036 0.768026 0.705366 0.642269 0.577942 0.513652 0.449453 0.385248 0.32104 0.256832 0.192624 0.128416 0.0642079 -1.16281e-17 -0.0642079 -0.128416 -0.192624 -0.256832 -0.32104 -0.385248 -0.449453 -0.513652 -0.577942 -0.642269 -0.705366 -0.768026 -0.842036 -0.927976 -0.978709 -0.995288 -0.999229 -0.999916 -0.999995 -1 -1 
1 1 0.999998 0.999952 0.999539 0.997038 0.985833 0.947777 0.866414 0.783739 0.718125 0.654504 0.589151 0.523554 0.458106 0.392669 0.327224 0.261779 0.196334 0.130889 0.0654447 -1.27014e-17 -0.0654447 -0.130889 -0.196334 -0.261779 -0.327224 -0.392669 -0.458106 -0.523554 -0.589151 -0.654504 -0.718125 -0.783739 -0.866414 -0.947777 -0.985833 -0.997038 -0.999539 -0.999952 -0.999998 -1 -1 
1 1 0.999999 0.999973 0.999726 0.998152 0.990697 0.963285 0.892524 0.802091 0.731414 0.666975 0.600795 0.533862 0.467095 0.400377 0.333648 0.266918 0.200189 0.133459 0.0667296 -1.37748e-17 -0.0667296 -0.133459 -0.200189 -0.266918 -0.333648 -0.400377 -0.467095 -0.533862 -0.600795 -0.666975 -0.731414 -0.802091 -0.892524 -0.963285 -0.990697 -0.998152 -0.999726 -0.999973 -0.999999 -1 -1 
1 1 0.999999 0.999985 0.999838 0.998855 0.993958 0.974747 0.917729 0.82401 0.745706 0.679653 0.61284 0.544608 0.476443 0.408389 0.340328 0.272262 0.204196 0.136131 0.0680655 -1.48481e-17 -0.0680655 -0.136131 -0.204196 -0.272262 -0.340328 -0.408389 -0.476443 -0.544608 -0.61284 -0.679653 -0.745706 -0.82401 -0.917729 -0.974747 -0.993958 -0.998855 -0.999838 -0.999985 -0.999999 -1 -1 
1 1 1 0.999991 0.999904 0.999295 0.996111 0.982913 0.939608 0.849642 0.761719 0.692614 0.625221 0.555816 0.48618 0.416724 0.347277 0.277822 0.208366 0.138911 0.0694553 -1.59866e-17 -0.0694553 -0.138911 -0.208366 -0.277822 -0.347277 -0.416724 -0.48618 -0.555816 -0.625221 -0.692614 -0.761719 -0.849642 -0.939608 -0.982913 -0.996111 -0.999295 -0.999904 -0.999991 -1 -1 -1 
1 1 1 0.999995 0.999944 0.999568 0.997516 0.988587 0.957022 0.877585 0.780433 0.706104 0.637866 0.56749 0.496339 0.4254 0.354512 0.283611 0.212708 0.141805 0.0709025 -1.71575e-17 -0.0709025 -0.141805 -0.212708 -0.283611 -0.354512 -0.4254 -0.496339 -0.56749 -0.637866 -0.706104 -0.780433 -0.877585 -0.957022 -0.988587 -0.997516 -0.999568 -0.999944 -0.999995 -1 -1 -1 
1 1 1 0.999997 0.999967 0.999736 0.998425 0.992458 0.970079 0.905142 0.802915 0.720581 0.650738 0.579601 0.506958 0.434445 0.36205 0.289644 0.217232 0.144821 0.0724107 -1.82634e-17 -0.0724107 -0.144821 -0.217232 -0.289644 -0.36205 -0.434445 -0.506958 -0.579601 -0.650738 -0.720581 -0.802915 -0.905142 -0.970079 -0.992458 -0.998425 -0.999736 -0.999967 -0.999997 -1 -1 -1 
1 1 1 0.999998 0.999981 0.99984 0.999007 0.99506 0.979505 0.929579 0.829603 0.736745 0.663894 0.592091 0.518064 0.443888 0.36991 0.295936 0.221951 0.147967 0.0739837 -1.93367e-17 -0.0739837 -0.147967 -0.221951 -0.295936 -0.36991 -0.443888 -0.518064 -0.592091 -0.663894 -0.736745 -0.829603 -0.929579 -0.979505 -0.99506 -0.999007 -0.99984 -0.999981 -0.999998 -1 -1 -1 
1 1 1 0.999999 0.999989 0.999903 0.999377 0.996789 0.986138 0.949376 0.859383 0.755594 0.677555 0.604887 0.52967 0.453765 0.378114 0.302503 0.226878 0.151252 0.0756258 -2.04101e-17 -0.0756258 -0.151252 -0.226878 -0.302503 -0.378114 -0.453765 -0.52967 -0.604887 -0.677555 -0.755594 -0.859383 -0.949376 -0.986138 -0.996789 -0.999377 -0.999903 -0.999989 -0.999999 -1 -1 -1 
1 1 1 1 0.999993 0.999942 0.999612 0.997927 0.990721 0.964426 0.889573 0.77833 0.692146 0.617939 0.541759 0.464115 0.386686 0.309364 0.232025 0.154683 0.0773415 -2.16461e-17 -0.0773415 -0.154683 -0.232025 -0.309364 -0.386686 -0.464115 -0.541759 -0.617939 -0.692146 -0.77833 -0.889573 -0.964426 -0.990721 -0.997927 -0.999612 -0.999942 -0.999993 -1 -1 -1 -1 
1 1 1 1 0.999996 0.999965 0.999759 0.998669 0.993842 0.975409 0.917075 0.805755 0.708337 0.631279 0.554283 0.474975 0.395659 0.316538 0.237409 0.158272 0.079136 -2.30447e-17 -0.079136 -0.158272 -0.237409 -0.316538 -0.395659 -0.474975 -0.554283 -0.631279 -0.708337 -0.805755 -0.917075 -0.975409 -0.993842 -0.998669 -0.999759 -0.999965 -0.999996 -1 -1 -1 -1 
1 1 1 1 0.999998 0.999979 0.999851 0.999151 0.995943 0.983214 0.939838 0.837212 0.72711 0.645085 0.56717 0.486368 0.405068 0.324046 0.243045 0.16203 0.0810148 -2.4606e-17 -0.0810148 -0.16203 -0.243045 -0.324046 -0.405068 -0.486368 -0.56717 -0.645085 -0.72711 -0.837212 -0.939838 -0.983214 -0.995943 -0.999151 -0.999851 -0.999979 -0.999998 -1 -1 -1 -1 
1 1 1 1 0.999999 0.999987 0.999908 0.999461 0.997345 0.988656 0.957401 0.870192 0.749764 0.659735 0.580361 0.498293 0.414957 0.331915 0.248951 0.165968 0.0829838 -2.62973e-17 -0.0829838 -0.165968 -0.248951 -0.331915 -0.414957 -0.498293 -0.580361 -0.659735 -0.749764 -0.870192 -0.957401 -0.988656 -0.997345 -0.999461 -0.999908 -0.999987 -0.999999 -1 -1 -1 -1 
1 1 1 1 0.999999 0.999993 0.999944 0.999659 0.998272 0.992398 0.97035 0.901259 0.777486 0.675852 0.593853 0.510717 0.425367 0.340174 0.255146 0.1701 0.0850497 -2.81188e-17 -0.0850497 -0.1701 -0.255146 -0.340174 -0.425367 -0.510717 -0.593853 -0.675852 -0.777486 -0.901259 -0.97035 -0.992398 -0.998272 -0.999659 -0.999944 -0.999993 -0.999999 -1 -1 -1 -1 
1 1 1 1 1 0.999996 0.999965 0.999785 0.998881 0.994941 0.979625 0.927684 0.810244 0.69437 0.607773 0.523578 0.436334 0.34886 0.261651 0.17444 0.0872198 -2.98101e-17 -0.0872198 -0.17444 -0.261651 -0.34886 -0.436334 -0.523578 -0.607773 -0.69437 -0.810244 -0.927684 -0.979625 -0.994941 -0.998881 -0.999785 -0.999965 -0.999996 -1 -1 -1 -1 -1 
1 1 1 1 1 0.999997 0.999979 0.999865 0.999279 0.996654 0.986137 0.948447 0.845955 0.716614 0.622438 0.53681 0.447875 0.358015 0.26849 0.179004 0.0895021 -3.16967e-17 -0.0895021 -0.179004 -0.26849 -0.358015 -0.447875 -0.53681 -0.622438 -0.716614 -0.845955 -0.948447 -0.986137 -0.996654 -0.999279 -0.999865 -0.999979 -0.999997 -1 -1 -1 -1 -1 
1 1 1 1 1 0.999998 0.999987 0.999916 0.999538 0.997799 0.990644 0.963927 0.881001 0.744096 0.638401 0.550382 0.459979 0.367687 0.275693 0.183809 0.0919055 -3.35832e-17 -0.0919055 -0.183809 -0.275693 -0.367687 -0.459979 -0.550382 -0.638401 -0.744096 -0.881001 -0.963927 -0.990644 -0.997799 -0.999538 -0.999916 -0.999987 -0.999998 -1 -1 -1 -1 -1 
1 1 1 1 1 0.999999 0.999992 0.999948 0.999705 0.998559 0.993728 0.975094 0.911879 0.777533 0.656519 0.56436 0.472604 0.37792 0.283292 0.188874 0.0944397 -3.55998e-17 -0.0944397 -0.188874 -0.283292 -0.37792 -0.472604 -0.56436 -0.656519 -0.777533 -0.911879 -0.975094 -0.993728 -0.998559 -0.999705 -0.999948 -0.999992 -0.999999 -1 -1 -1 -1 -1 
1 1 1 1 1 0.999999 0.999995 0.999968 0.999812 0.999061 0.995819 0.982977 0.936736 0.81559 0.678067 0.578982 0.485689 0.38875 0.291329 0.194221 0.0971154 -3.80067e-17 -0.0971154 -0.194221 -0.291329 -0.38875 -0.485689 -0.578982 -0.678067 -0.81559 -0.936736 -0.982977 -0.995819 -0.999061 -0.999812 -0.999968 -0.999995 -0.999999 -1 -1 -1 -1 -1 
1 1 1 1 1 1 0.999997 0.99998 0.999881 0.999391 0.997228 0.988456 0.955533 0.854793 0.704742 0.594716 0.49918 0.400192 0.29985 0.199873 0.0999445 -4.05437e-17 -0.0999445 -0.199873 -0.29985 -0.400192 -0.49918 -0.594716 -0.704742 -0.854793 -0.955533 -0.988456 -0.997228 -0.999391 -0.999881 -0.99998 -0.999997 -1 -1 -1 -1 -1 -1 
1 1 1 1 1 1 0.999998 0.999988 0.999925 0.999607 0.99817 0.992223 0.969198 0.890926 0.738001 0.612318 0.51309 0.412232 0.308906 0.205861 0.10294 -4.3406e-17 -0.10294 -0.205861 -0.308906 -0.412232 -0.51309 -0.612318 -0.738001 -0.890926 -0.969198 -0.992223 -0.99817 -0.999607 -0.999925 -0.999988 -0.999998 -1 -1 -1 -1 -1 -1 
1 1 1 1 1 1 0.999999 0.999992 0.999953 0.999747 0.998797 0.994788 0.978889 0.921008 0.777593 0.632945 0.527566 0.424828 0.318544 0.212218 0.106117 -4.62033e-17 -0.106117 -0.212218 -0.318544 -0.424828 -0.527566 -0.632945 -0.777593 -0.921008 -0.978889 -0.994788 -0.998797 -0.999747 -0.999953 -0.999992 -0.999999 -1 -1 -1 -1 -1 -1 
1 1 1 1 1 1 0.999999 0.999995 0.99997 0.999838 0.999212 0.996524 0.985646 0.944218 0.820687 0.658295 0.54297 0.437926 0.328804 0.218985 0.109492 -4.97811e-17 -0.109492 -0.218985 -0.328804 -0.437926 -0.54297 -0.658295 -0.820687 -0.944218 -0.985646 -0.996524 -0.999212 -0.999838 -0.99997 -0.999995 -0.999999 -1 -1 -1 -1 -1 -1 
1 1 1 1 1 1 1 0.999997 0.999981 0.999896 0.999486 0.997691 0.990302 0.961268 0.862688 0.690374 0.559933 0.451497 0.339704 0.22621 0.113085 -5.36843e-17 -0.113085 -0.22621 -0.339704 -0.451497 -0.559933 -0.690374 -0.862688 -0.961268 -0.990302 -0.997691 -0.999486 -0.999896 -0.999981 -0.999997 -1 -1 -1 -1 -1 -1 -1 
1 1 1 1 1 1 1 0.999998 0.999988 0.999934 0.999666 0.998472 0.993481 0.973419 0.899315 0.73021 0.57945 0.465603 0.351236 0.233944 0.116918 -5.81729e-17 -0.116918 -0.233944 -0.351236 -0.465603 -0.57945 -0.73021 -0.899315 -0.973419 -0.993481 -0.998472 -0.999666 -0.999934 -0.999988 -0.999998 -1 -1 -1 -1 -1 -1 -1 
1 1 1 1 1 1 1 0.999999 0.999993 0.999958 0.999784 0.998993 0.995636 0.981911 0.928446 0.776239 0.603064 0.480477 0.363365 0.242239 0.121019 -6.29867e-17 -0.121019 -0.242239 -0.363365 -0.480477 -0.603064 -0.776239 -0.928446 -0.981911 -0.995636 -0.998993 -0.999784 -0.999958 -0.999993 -0.999999 -1 -1 -1 -1 -1 -1 -1 
1 1 1 1 1 1 1 0.999999 0.999996 0.999973 0.99986 0.999338 0.99709 0.987768 0.950194 0.824167 0.63297 0.496605 0.376055 0.251137 0.12542 -6.81258e-17 -0.12542 -0.251137 -0.376055 -0.496605 -0.63297 -0.824167 -0.950194 -0.987768 -0.99709 -0.999338 -0.99986 -0.999973 -0.999996 -0.999999 -1 -1 -1 -1 -1 -1 -1 
1 1 1 1 1 1 1 1 0.999997 0.999983 0.99991 0.999567 0.998066 0.991769 0.965806 0.868624 0.67134 0.514794 0.389302 0.260666 0.13016 -7.41106e-17 -0.13016 -0.260666 -0.389302 -0.514794 -0.67134 -0.868624 -0.965806 -0.991769 -0.998066 -0.999567 -0.99991 -0.999983 -0.999997 -1 -1 -1 -1 -1 -1 -1 -1 
1 1 1 1 1 1 1 1 0.999998 0.999989 0.999942 0.999717 0.998719 0.994482 0.976746 0.90565 0.71845 0.536329 0.403215 0.270831 0.135282 -8.03556e-17 -0.135282 -0.270831 -0.403215 -0.536329 -0.71845 -0.90565 -0.976746 -0.994482 -0.998719 -0.999717 -0.999942 -0.999989 -0.999998 -1 -1 -1 -1 -1 -1 -1 -1 
1 1 1 1 1 1 1 1 0.999999 0.999993 0.999963 0.999816 0.999154 0.996314 0.984291 0.934055 0.771299 0.563228 0.418107 0.281616 0.140832 -8.71211e-17 -0.140832 -0.281616 -0.418107 -0.563228 -0.771299 -0.934055 -0.984291 -0.996314 -0.999154 -0.999816 -0.999963 -0.999993 -0.999999 -1 -1 -1 -1 -1 -1 -1 -1 
1 1 1 1 1 1 1 1 0.999999 0.999996 0.999977 0.999881 0.999443 0.997544 0.989439 0.954712 0.824264 0.598244 0.434572 0.293002 0.14685 -9.44069e-17 -0.14685 -0.293002 -0.434572 -0.598244 -0.824264 -0.954712 -0.989439 -0.997544 -0.999443 -0.999881 -0.999977 -0.999996 -0.999999 -1 -1 -1 -1 -1 -1 -1 -1 
1 1 1 1 1 1 1 1 1 0.999997 0.999985 0.999923 0.999634 0.998368 0.992926 0.969253 0.871444 0.643611 0.453591 0.305007 0.153371 -1.02083e-16 -0.153371 -0.305007 -0.453591 -0.643611 -0.871444 -0.969253 -0.992926 -0.998368 -0.999634 -0.999923 -0.999985 -0.999997 -1 -1 -1 -1 -1 -1 -1 -1 -1 
1 1 1 1 1 1 1 1 1 0.999998 0.999991 0.99995 0.99976 0.998919 0.995276 0.979285 0.909348 0.698738 0.476773 0.317769 0.160412 -1.09499e-16 -0.160412 -0.317769 -0.476773 -0.698738 -0.909348 -0.979285 -0.995276 -0.998919 -0.99976 -0.99995 -0.999991 -0.999998 -1 -1 -1 -1 -1 -1 -1 -1 -1 
1 1 1 1 1 1 1 1 1 0.999999 0.999994 0.999968 0.999843 0.999285 0.996852 0.986116 0.937612 0.759247 0.506701 0.331642 0.167973 -1.17956e-16 -0.167973 -0.331642 -0.506701 -0.759247 -0.937612 -0.986116 -0.996852 -0.999285 -0.999843 -0.999968 -0.999994 -0.999999 -1 -1 -1 -1 -1 -1 -1 -1 -1 
1 1 1 1 1 1 1 1 1 0.999999 0.999996 0.999979 0.999898 0.999528 0.997907 0.990729 0.957721 0.81827 0.546792 0.347278 0.17605 -1.26413e-16 -0.17605 -0.347278 -0.546792 -0.81827 -0.957721 -0.990729 -0.997907 -0.999528 -0.999898 -0.999979 -0.999996 -0.999999 -1 -1 -1 -1 -1 -1 -1 -1 -1 
1 1 1 1 1 1 1 1 1 1 0.999998 0.999987 0.999934 0.99969 0.998611 0.993824 0.971628 0.869376 0.599466 0.365781 0.184659 -1.37081e-16 -0.184659 -0.365781 -0.599466 -0.869376 -0.971628 -0.993824 -0.998611 -0.99969 -0.999934 -0.999987 -0.999998 -1 -1 -1 -1 -1 -1 -1 -1 -1 -1 
1 1 1 1 1 1 1 1 1 1 0.999999 0.999992 0.999957 0.999796 0.99908 0.995894 0.981079 0.909386 0.663506 0.389043 0.193918 -1.47229e-16 -0.193918 -0.389043 -0.663506 -0.909386 -0.981079 -0.995894 -0.99908 -0.999796 -0.999957 -0.999992 -0.999999 -1 -1 -1 -1 -1 -1 -1 -1 -1 -1 
1 1 1 1 1 1 1 1 1 1 0.999999 0.999995 0.999972 0.999867 0.999392 0.997275 0.987432 0.938572 0.733379 0.420243 0.204122 -1.57638e-16 -0.204122 -0.420243 -0.733379 -0.938572 -0.987432 -0.997275 -0.999392 -0.999867 -0.999972 -0.999995 -0.999999 -1 -1 -1 -1 -1 -1 -1 -1 -1 -1 
1 1 1 1 1 1 1 1 1 1 0.999999 0.999997 0.999982 0.999913 0.999599 0.998193 0.991673 0.958946 0.800925 0.463707 0.215835 -1.67005e-16 -0.215835 -0.463707 -0.800925 -0.958946 -0.991673 -0.998193 -0.999599 -0.999913 -0.999982 -0.999997 -0.999999 -1 -1 -1 -1 -1 -1 -1 -1 -1 -1 
1 1 1 1 1 1 1 1 1 1 1 0.999998 0.999988 0.999943 0.999736 0.998804 0.994492 0.9728 0.858748 0.522671 0.230061 -1.76633e-16 -0.230061 -0.522671 -0.858748 -0.9728 -0.994492 -0.998804 -0.999736 -0.999943 -0.999988 -0.999998 -1 -1 -1 -1 -1 -1 -1 -1 -1 -1 -1 
1 1 1 1 1 1 1 1 1 1 1 0.999999 0.999993 0.999963 0.999826 0.999209 0.99636 0.982073 0.903411 0.596144 0.248669 -1.87822e-16 -0.248669 -0.596144 -0.903411 -0.982073 -0.99636 -0.999209 -0.999826 -0.999963 -0.999993 -0.999999 -1 -1 -1 -1 -1 -1 -1 -1 -1 -1 -1 
1 1 1 1 1 1 1 1 1 1 1 0.999999 0.999995 0.999976 0.999886 0.999478 0.997596 0.988219 0.935503 0.678111 0.275146 -2.01613e-16 -0.275146 -0.678111 -0.935503 -0.988219 -0.997596 -0.999478 -0.999886 -0.999976 -0.999995 -0.999999 -1 -1 -1 -1 -1 -1 -1 -1 -1 -1 -1 
1 1 1 1 1 1 1 1 1 1 1 0.999999 0.999997 0.999984 0.999925 0.999656 0.998414 0.99227 0.957547 0.759103 0.314952 -2.2269e-16 -0.314952 -0.759103 -0.957547 -0.99227 -0.998414 -0.999656 -0.999925 -0.999984 -0.999997 -0.999999 -1 -1 -1 -1 -1 -1 -1 -1 -1 -1 -1 
1 1 1 1 1 1 1 1 1 1 1 1 0.999998 0.99999 0.999951 0.999773 0.998954 0.994932 0.972288 0.829678 0.373515 -2.55476e-16 -0.373515 -0.829678 -0.972288 -0.994932 -0.998954 -0.999773 -0.999951 -0.99999 -0.999998 -1 -1 -1 -1 -1 -1 -1 -1 -1 -1 -1 -1 
1 1 1 1 1 1 1 1 1 1 1 1 0.999999 0.999994 0.999968 0.999851 0.99931 0.996677 0.981993 0.884648 0.452294 -3.16885e-16 -0.452294 -0.884648 -0.981993 -0.996677 -0.99931 -0.999851 -0.999968 -0.999994 -0.999999 -1 -1 -1 -1 -1 -1 -1 -1 -1 -1 -1 -1 
1 1 1 1 1 1 1 1 1 1 1 1 0.999999 0.999996 0.999979 0.999902 0.999546 0.997821 0.988325 0.92406 0.547077 -4.39704e-16 -0.547077 -0.92406 -0.988325 -0.997821 -0.999546 -0.999902 -0.999979 -0.999996 -0.999999 -1 -1 -1 -1 -1 -1 -1 -1 -1 -1 -1 -1 
1 1 1 1 1 1 1 1 1 1 1 1 1 0.999997 0.999987 0.999936 0.999701 0.998571 0.992436 0.95085 0.648774 -6.70769e-16 -0.648774 -0.95085 -0.992436 -0.998571 -0.999701 -0.999936 -0.999987 -0.999997 -1 -1 -1 -1 -1 -1 -1 -1 -1 -1 -1 -1 -1 
1 1 1 1 1 1 1 1 1 1 1 1 1 0.999998 0.999991 0.999958 0.999803 0.999063 0.995099 0.96849 0.745157 -1.01216e-15 -0.745157 -0.96849 -0.995099 -0.999063 -0.999803 -0.999958 -0.999991 -0.999998 -1 -1 -1 -1 -1 -1 -1 -1 -1 -1 -1 -1 -1 
1 1 1 1 1 1 1 1 1 1 1 1 1 0.999999 0.999994 0.999973 0.999871 0.999385 0.996821 0.979896 0.825441 -1.42017e-15 -0.825441 -0.979896 -0.996821 -0.999385 -0.999871 -0.999973 -0.999994 -0.999999 -1 -1 -1 -1 -1 -1 -1 -1 -1 -1 -1 -1 -1 
1 1 1 1 1 1 1 1 1 1 1 1 1 0.999999 0.999996 0.999982 0.999915 0.999597 0.997937 0.987198 0.88531 -1.78654e-15 -0.88531 -0.987198 -0.997937 -0.999597 -0.999915 -0.999982 -0.999996 -0.999999 -1 -1 -1 -1 -1 -1 -1 -1 -1 -1 -1 -1 -1 
1 1 1 1 1 1 1 1 1 1 1 1 1 1 0.999998 0.999988 0.999944 0.999736 0.998659 0.991849 0.926613 -2.01969e-15 -0.926613 -0.991849 -0.998659 -0.999736 -0.999944 -0.999988 -0.999998 -1 -1 -1 -1 -1 -1 -1 -1 -1 -1 -1 -1 -1 -1 
1 1 1 1 1 1 1 1 1 1 1 1 1 1 0.999998 0.999992 0.999964 0.999827 0.999128 0.994805 0.953758 -2.16957e-15 -0.953758 -0.994805 -0.999128 -0.999827 -0.999964 -0.999992 -0.999998 -1 -1 -1 -1 -1 -1 -1 -1 -1 -1 -1 -1 -1 -1 
1 1 1 1 1 1 1 1 1 1 1 1 1 1 0.999999 0.999995 0.999976 0.999886 0.999432 0.996684 0.971096 -2.23618e-15 -0.971096 -0.996684 -0.999432 -0.999886 -0.999976 -0.999995 -0.999999 -1 -1 -1 -1 -1 -1 -1 -1 -1 -1 -1 -1 -1 -1 
1 1 1 1 1 1 1 1 1 1 1 1 1 1 0.999999 0.999997 0.999984 0.999926 0.99963 0.997879 0.981996 -2.3361e-15 -0.981996 -0.997879 -0.99963 -0.999926 -0.999984 -0.999997 -0.999999 -1 -1 -1 -1 -1 -1 -1 -1 -1 -1 -1 -1 -1 -1 
1 1 1 1 1 1 1 1 1 1 1 1 1 1 1 0.999998 0.99999 0.999951 0.999759 0.998641 0.988793 -2.40272e-15 -0.988793 -0.998641 -0.999759 -0.999951 -0.99999 -0.999998 -1 -1 -1 -1 -1 -1 -1 -1 -1 -1 -1 -1 -1 -1 -1 
1 1 1 1 1 1 1 1 1 1 1 1 1 1 1 0.999999 0.999993 0.999968 0.999843 0.999127 0.993016 -2.43602e-15 -0.993016 -0.999127 -0.999843 -0.999968 -0.999993 -0.999999 -1 -1 -1 -1 -1 -1 -1 -1 -1 -1 -1 -1 -1 -1 -1 
1 1 1 1 1 1 1 1 1 1 1 1 1 1 1 0.999999 0.999996 0.999979 0.999897 0.999438 0.995638 -2.50264e-15 -0.995638 -0.999438 -0.999897 -0.999979 -0.999996 -0.999999 -1 -1 -1 -1 -1 -1 -1 -1 -1 -1 -1 -1 -1 -1 -1 
1 1 1 1 1 1 1 1 1 1 1 1 1 1 1 0.999999 0.999997 0.999986 0.999933 0.999638 0.997269 -2.48598e-15 -0.997269 -0.999638 -0.999933 -0.999986 -0.999997 -0.999999 -1 -1 -1 -1 -1 -1 -1 -1 -1 -1 -1 -1 -1 -1 -1 
1 1 1 1 1 1 1 1 1 1 1 1 1 1 1 1 0.999998 0.999991 0.999956 0.999766 0.998285 -2.48598e-15 -0.998285 -0.999766 -0.999956 -0.999991 -0.999998 -1 -1 -1 -1 -1 -1 -1 -1 -1 -1 -1 -1 -1 -1 -1 -1 
1 1 1 1 1 1 1 1 1 1 1 1 1 1 1 1 0.999999 0.999994 0.999972 0.999849 0.998919 -2.46933e-15 -0.998919 -0.999849 -0.999972 -0.999994 -0.999999 -1 -1 -1 -1 -1 -1 -1 -1 -1 -1 -1 -1 -1 -1 -1 -1 
1 1 1 1 1 1 1 1 1 1 1 1 1 1 1 1 0.999999 0.999996 0.999981 0.999902 0.999317 -2.46933e-15 -0.999317 -0.999902 -0.999981 -0.999996 -0.999999 -1 -1 -1 -1 -1 -1 -1 -1 -1 -1 -1 -1 -1 -1 -1 -1 
1 1 1 1 1 1 1 1 1 1 1 1 1 1 1 1 1 0.999998 0.999988 0.999937 0.999567 -2.46933e-15 -0.999567 -0.999937 -0.999988 -0.999998 -1 -1 -1 -1 -1 -1 -1 -1 -1 -1 -1 -1 -1 -1 -1 -1 -1 
1 1 1 1 1 1 1 1 1 1 1 1 1 1 1 1 1 0.999998 0.999992 0.999959 0.999725 -2.46933e-15 -0.999725 -0.999959 -0.999992 -0.999998 -1 -1 -1 -1 -1 -1 -1 -1 -1 -1 -1 -1 -1 -1 -1 -1 -1 
1 1 1 1 1 1 1 1 1 1 1 1 1 1 1 1 1 0.999999 0.999995 0.999973 0.999825 -2.46933e-15 -0.999825 -0.999973 -0.999995 -0.999999 -1 -1 -1 -1 -1 -1 -1 -1 -1 -1 -1 -1 -1 -1 -1 -1 -1 
1 1 1 1 1 1 1 1 1 1 1 1 1 1 1 1 1 0.999999 0.999997 0.999983 0.999888 -2.46933e-15 -0.999888 -0.999983 -0.999997 -0.999999 -1 -1 -1 -1 -1 -1 -1 -1 -1 -1 -1 -1 -1 -1 -1 -1 -1 
1 1 1 1 1 1 1 1 1 1 1 1 1 1 1 1 1 1 0.999998 0.999989 0.999928 -2.46933e-15 -0.999928 -0.999989 -0.999998 -1 -1 -1 -1 -1 -1 -1 -1 -1 -1 -1 -1 -1 -1 -1 -1 -1 -1 
1 1 1 1 1 1 1 1 1 1 1 1 1 1 1 1 1 1 0.999999 0.999993 0.999954 -2.46933e-15 -0.999954 -0.999993 -0.999999 -1 -1 -1 -1 -1 -1 -1 -1 -1 -1 -1 -1 -1 -1 -1 -1 -1 -1 
1 1 1 1 1 1 1 1 1 1 1 1 1 1 1 1 1 1 0.999999 0.999995 0.99997 -2.46933e-15 -0.99997 -0.999995 -0.999999 -1 -1 -1 -1 -1 -1 -1 -1 -1 -1 -1 -1 -1 -1 -1 -1 -1 -1 
1 1 1 1 1 1 1 1 1 1 1 1 1 1 1 1 1 1 0.999999 0.999997 0.999981 -2.46933e-15 -0.999981 -0.999997 -0.999999 -1 -1 -1 -1 -1 -1 -1 -1 -1 -1 -1 -1 -1 -1 -1 -1 -1 -1 
1 1 1 1 1 1 1 1 1 1 1 1 1 1 1 1 1 1 1 0.999998 0.999988 -2.46933e-15 -0.999988 -0.999998 -1 -1 -1 -1 -1 -1 -1 -1 -1 -1 -1 -1 -1 -1 -1 -1 -1 -1 -1 
1 1 1 1 1 1 1 1 1 1 1 1 1 1 1 1 1 1 1 0.999999 0.999992 -2.46933e-15 -0.999992 -0.999999 -1 -1 -1 -1 -1 -1 -1 -1 -1 -1 -1 -1 -1 -1 -1 -1 -1 -1 -1 
1 1 1 1 1 1 1 1 1 1 1 1 1 1 1 1 1 1 1 0.999999 0.999995 -2.46933e-15 -0.999995 -0.999999 -1 -1 -1 -1 -1 -1 -1 -1 -1 -1 -1 -1 -1 -1 -1 -1 -1 -1 -1 
1 1 1 1 1 1 1 1 1 1 1 1 1 1 1 1 1 1 1 0.999999 0.999997 -2.46933e-15 -0.999997 -0.999999 -1 -1 -1 -1 -1 -1 -1 -1 -1 -1 -1 -1 -1 -1 -1 -1 -1 -1 -1 
1 1 1 1 1 1 1 1 1 1 1 1 1 1 1 1 1 1 1 1 0.999998 -2.46933e-15 -0.999998 -1 -1 -1 -1 -1 -1 -1 -1 -1 -1 -1 -1 -1 -1 -1 -1 -1 -1 -1 -1 
1 1 1 1 1 1 1 1 1 1 1 1 1 1 1 1 1 1 1 1 0.999999 -2.46933e-15 -0.999999 -1 -1 -1 -1 -1 -1 -1 -1 -1 -1 -1 -1 -1 -1 -1 -1 -1 -1 -1 -1 
1 1 1 1 1 1 1 1 1 1 1 1 1 1 1 1 1 1 1 1 0.999999 -2.46933e-15 -0.999999 -1 -1 -1 -1 -1 -1 -1 -1 -1 -1 -1 -1 -1 -1 -1 -1 -1 -1 -1 -1 
1 1 1 1 1 1 1 1 1 1 1 1 1 1 1 1 1 1 1 1 0.999999 -2.46933e-15 -0.999999 -1 -1 -1 -1 -1 -1 -1 -1 -1 -1 -1 -1 -1 -1 -1 -1 -1 -1 -1 -1 
1 1 1 1 1 1 1 1 1 1 1 1 1 1 1 1 1 1 1 1 1 -2.46933e-15 -1 -1 -1 -1 -1 -1 -1 -1 -1 -1 -1 -1 -1 -1 -1 -1 -1 -1 -1 -1 -1 
1 1 1 1 1 1 1 1 1 1 1 1 1 1 1 1 1 1 1 1 1 -2.46933e-15 -1 -1 -1 -1 -1 -1 -1 -1 -1 -1 -1 -1 -1 -1 -1 -1 -1 -1 -1 -1 -1 
1 1 1 1 1 1 1 1 1 1 1 1 1 1 1 1 1 1 1 1 1 -2.46933e-15 -1 -1 -1 -1 -1 -1 -1 -1 -1 -1 -1 -1 -1 -1 -1 -1 -1 -1 -1 -1 -1 
1 1 1 1 1 1 1 1 1 1 1 1 1 1 1 1 1 1 1 1 1 -2.46933e-15 -1 -1 -1 -1 -1 -1 -1 -1 -1 -1 -1 -1 -1 -1 -1 -1 -1 -1 -1 -1 -1 
1 1 1 1 1 1 1 1 1 1 1 1 1 1 1 1 1 1 1 1 1 -2.46933e-15 -1 -1 -1 -1 -1 -1 -1 -1 -1 -1 -1 -1 -1 -1 -1 -1 -1 -1 -1 -1 -1 
