1 1 0.95 0.9 0.85 0.8 0.75 0.7 0.65 0.6 0.55 0.5 0.45 0.4 0.35 0.3 0.25 0.2 0.15 0.1 0.05 0 -0.05 -0.1 -0.15 -0.2 -0.25 -0.3 -0.35 -0.4 -0.45 -0.5 -0.55 -0.6 -0.65 -0.7 -0.75 -0.8 -0.85 -0.9 -0.95 -1 -1 
1 1 0.986094 0.9225 0.87125 0.82 0.76875 0.7175 0.66625 0.615 0.56375 0.5125 0.46125 0.41 0.35875 0.3075 0.25625 0.205 0.15375 0.1025 0.05125 -1.38236e-18 -0.05125 -0.1025 -0.15375 -0.205 -0.25625 -0.3075 -0.35875 -0.41 -0.46125 -0.5125 -0.56375 -0.615 -0.66625 -0.7175 -0.76875 -0.82 -0.87125 -0.9225 -0.986094 -1 -1 
1 1 0.996415 0.963841 0.890818 0.841012 0.788449 0.735886 0.683323 0.630759 0.578196 0.525633 0.47307 0.420506 0.367943 0.31538 0.262816 0.210253 0.15769 0.105127 0.0525633 -2.71051e-18 -0.0525633 -0.105127 -0.15769 -0.210253 -0.262816 -0.31538 -0.367943 -0.420506 -0.47307 -0.525633 -0.578196 -0.630759 -0.683323 -0.735886 -0.788449 -0.841013 -0.890818 -0.963841 -0.996415 -1 -1 
1 1 0.999096 0.986695 0.932823 0.856963 0.809733 0.755226 0.701281 0.647337 0.593392 0.539447 0.485503 0.431558 0.377613 0.323668 0.269724 0.215779 0.161834 0.107889 0.0539447 -3.98444e-18 -0.0539447 -0.107889 -0.161834 -0.215779 -0.269724 -0.323668 -0.377613 -0.431558 -0.485503 -0.539447 -0.593392 -0.647337 -0.701281 -0.755226 -0.809733 -0.856963 -0.932823 -0.986695 -0.999096 -1 -1 
1 1 0.999774 0.995675 0.968007 0.894417 0.822942 0.777236 0.720094 0.664797 0.609397 0.553997 0.498598 0.443198 0.387798 0.332398 0.276999 0.221599 0.166199 0.110799 0.0553997 -5.3397e-18 -0.0553997 -0.110799 -0.166199 -0.221599 -0.276999 -0.332398 -0.387798 -0.443198 -0.498598 -0.553997 -0.609397 -0.664797 -0.720094 -0.777236 -0.822942 -0.894417 -0.968007 -0.995675 -0.999774 -1 -1 
1 1 0.999943 0.998682 0.987219 0.938149 0.851898 0.789885 0.742816 0.682859 0.626294 0.569343 0.512409 0.455475 0.39854 0.341606 0.284672 0.227737 0.170803 0.113869 0.0569343 -6.55942e-18 -0.0569343 -0.113869 -0.170803 -0.227737 -0.284672 -0.341606 -0.39854 -0.455475 -0.512409 -0.569343 -0.626294 -0.682859 -0.742816 -0.789885 -0.851898 -0.938149 -0.987219 -0.998682 -0.999943 -1 -1 
1 1 0.999986 0.999613 0.995417 0.970306 0.897043 0.809439 0.757449 0.705637 0.643452 0.585613 0.526993 0.468441 0.409886 0.35133 0.292775 0.23422 0.175665 0.11711 0.0585551 -7.83336e-18 -0.0585551 -0.11711 -0.175665 -0.23422 -0.292775 -0.35133 -0.409886 -0.468441 -0.526993 -0.585613 -0.643452 -0.705637 -0.757449 -0.809439 -0.897043 -0.970306 -0.995417 -0.999613 -0.999986 -1 -1 
1 1 0.999996 0.999889 0.99846 0.987655 0.941287 0.847966 0.770243 0.723885 0.665215 0.601882 0.542548 0.482147 0.421886 0.361617 0.301347 0.241078 0.180808 0.120539 0.0602694 -9.02598e-18 -0.0602694 -0.120539 -0.180808 -0.241078 -0.301347 -0.361617 -0.421886 -0.482147 -0.542548 -0.601882 -0.665215 -0.723885 -0.770243 -0.847966 -0.941287 -0.987655 -0.99846 -0.999889 -0.999996 -1 -1 
1 1 0.999999 0.999969 0.999504 0.995324 0.971763 0.898172 0.797036 0.734867 0.686876 0.621682 0.558073 0.496844 0.434582 0.372515 0.310428 0.248342 0.186257 0.124171 0.0620856 -1.0327e-17 -0.0620856 -0.124171 -0.186257 -0.248342 -0.310428 -0.372515 -0.434582 -0.496844 -0.558073 -0.621682 -0.686876 -0.734867 -0.797036 -0.898172 -0.971763 -0.995324 -0.999504 -0.999969 -0.999999 -1 -1 
1 1 1 0.999991 0.999845 0.998331 0.988 0.943072 0.843225 0.750343 0.700851 0.644779 0.575588 0.511741 0.448231 0.384055 0.320066 0.256052 0.192039 0.128026 0.0640129 -1.17365e-17 -0.0640129 -0.128026 -0.192039 -0.256052 -0.320066 -0.384055 -0.448231 -0.511741 -0.575588 -0.644779 -0.700851 -0.750343 -0.843225 -0.943072 -0.988 -0.998331 -0.999845 -0.999991 -1 -1 -1 
1 1 1 0.999998 0.999953 0.999428 0.995297 0.972683 0.897773 0.783805 0.710441 0.663966 0.597513 0.527353 0.462425 0.396448 0.33029 0.264249 0.198185 0.132124 0.0660618 -1.35796e-17 -0.0660618 -0.132124 -0.198185 -0.264249 -0.33029 -0.396448 -0.462425 -0.527353 -0.597513 -0.663966 -0.710441 -0.783805 -0.897773 -0.972683 -0.995297 -0.999428 -0.999953 -0.999998 -1 -1 -1 
1 1 1 0.999999 0.999986 0.99981 0.998253 0.98825 0.943797 0.836774 0.729021 0.674821 0.620541 0.546375 0.476791 0.409639 0.341233 0.272966 0.204733 0.136488 0.0682438 -1.54228e-17 -0.0682438 -0.136488 -0.204733 -0.272966 -0.341233 -0.409639 -0.476791 -0.546375 -0.620541 -0.674821 -0.729021 -0.836774 -0.943797 -0.98825 -0.998253 -0.99981 -0.999986 -0.999999 -1 -1 -1 
1 1 1 1 0.999996 0.999938 0.999375 0.995294 0.973168 0.895722 0.768441 0.68389 0.637395 0.569562 0.492795 0.423124 0.353022 0.282273 0.211716 0.141145 0.0705724 -1.71575e-17 -0.0705724 -0.141145 -0.211716 -0.282273 -0.353022 -0.423124 -0.492795 -0.569562 -0.637395 -0.68389 -0.768441 -0.895722 -0.973168 -0.995294 -0.999375 -0.999938 -0.999996 -1 -1 -1 -1 
1 1 1 1 0.999999 0.99998 0.999783 0.998203 0.988395 0.943521 0.827867 0.705159 0.646018 0.592127 0.512902 0.437055 0.365437 0.292309 0.219173 0.146126 0.0730627 -1.93801e-17 -0.0730627 -0.146126 -0.219173 -0.292309 -0.365437 -0.437055 -0.512902 -0.592127 -0.646018 -0.705159 -0.827867 -0.943521 -0.988395 -0.998203 -0.999783 -0.99998 -0.999999 -1 -1 -1 -1 
1 1 1 1 1 0.999994 0.999926 0.999337 0.99529 0.973236 0.891726 0.749778 0.654637 0.607272 0.536759 0.453229 0.3781 0.303122 0.227188 0.151459 0.0757323 -2.20364e-17 -0.0757323 -0.151459 -0.227188 -0.303122 -0.3781 -0.453229 -0.536759 -0.607272 -0.654637 -0.749778 -0.891726 -0.973236 -0.99529 -0.999337 -0.999926 -0.999994 -1 -1 -1 -1 -1 
1 1 1 1 1 0.999998 0.999976 0.999762 0.998167 0.988419 0.94215 0.815622 0.677698 0.61426 0.559027 0.473779 0.391434 0.314472 0.235877 0.157185 0.0785998 -2.51806e-17 -0.0785998 -0.157185 -0.235877 -0.314472 -0.391434 -0.473779 -0.559027 -0.61426 -0.677698 -0.815622 -0.94215 -0.988419 -0.998167 -0.999762 -0.999976 -0.999998 -1 -1 -1 -1 -1 
1 1 1 1 1 0.999999 0.999992 0.999917 0.999308 0.995265 0.972842 0.885258 0.726569 0.622062 0.573266 0.497905 0.407237 0.326101 0.245259 0.163374 0.0816849 -2.82164e-17 -0.0816849 -0.163374 -0.245259 -0.326101 -0.407237 -0.497905 -0.573266 -0.622062 -0.726569 -0.885258 -0.972842 -0.995265 -0.999308 -0.999917 -0.999992 -0.999999 -1 -1 -1 -1 -1 
1 1 1 1 1 1 0.999997 0.999971 0.999745 0.998134 0.988292 0.939426 0.798861 0.645616 0.579122 0.520267 0.427445 0.338462 0.255152 0.170116 0.0850153 -3.1469e-17 -0.0850153 -0.170116 -0.255152 -0.338462 -0.427445 -0.520267 -0.579122 -0.645616 -0.798861 -0.939426 -0.988292 -0.998134 -0.999745 -0.999971 -0.999997 -1 -1 -1 -1 -1 -1 
1 1 1 1 1 1 0.999999 0.99999 0.999908 0.999284 0.995203 0.971877 0.875457 0.697384 0.585566 0.534531 0.451379 0.353154 0.265361 0.177441 0.0886349 -3.49926e-17 -0.0886349 -0.177441 -0.265361 -0.353154 -0.451379 -0.534531 -0.585566 -0.697384 -0.875457 -0.971877 -0.995203 -0.999284 -0.999908 -0.99999 -0.999999 -1 -1 -1 -1 -1 -1 
1 1 1 1 1 1 1 0.999997 0.999968 0.999731 0.998097 0.987968 0.934875 0.775947 0.607954 0.539891 0.474168 0.372028 0.27621 0.185248 0.0926 -3.90042e-17 -0.0926 -0.185248 -0.27621 -0.372028 -0.474168 -0.539891 -0.607954 -0.775947 -0.934875 -0.987968 -0.998097 -0.999731 -0.999968 -0.999997 -1 -1 -1 -1 -1 -1 -1 
1 1 1 1 1 1 1 0.999999 0.999989 0.999901 0.999262 0.995084 0.970134 0.86094 0.660593 0.544551 0.489454 0.394963 0.288933 0.193395 0.0969484 -4.35578e-17 -0.0969484 -0.193395 -0.288933 -0.394963 -0.489454 -0.544551 -0.660593 -0.86094 -0.970134 -0.995084 -0.999262 -0.999901 -0.999989 -0.999999 -1 -1 -1 -1 -1 -1 -1 
1 1 1 1 1 1 1 1 0.999996 0.999964 0.999719 0.998046 0.987367 0.927671 0.744623 0.56389 0.495293 0.418075 0.305245 0.202007 0.101657 -4.89788e-17 -0.101657 -0.202007 -0.305245 -0.418075 -0.495293 -0.56389 -0.744623 -0.927671 -0.987367 -0.998046 -0.999719 -0.999964 -0.999996 -1 -1 -1 -1 -1 -1 -1 -1 
1 1 1 1 1 1 1 1 0.999999 0.999987 0.999895 0.999238 0.994879 0.967244 0.83951 0.614468 0.49822 0.435205 0.325765 0.211832 0.106648 -5.57009e-17 -0.106648 -0.211832 -0.325765 -0.435205 -0.49822 -0.614468 -0.83951 -0.967244 -0.994879 -0.999238 -0.999895 -0.999987 -0.999999 -1 -1 -1 -1 -1 -1 -1 -1 
1 1 1 1 1 1 1 1 1 0.999996 0.999961 0.999707 0.997971 0.986351 0.91636 0.701886 0.512787 0.442883 0.348142 0.224203 0.111914 -6.3724e-17 -0.111914 -0.224203 -0.348142 -0.442883 -0.512787 -0.701886 -0.91636 -0.986351 -0.997971 -0.999707 -0.999961 -0.999996 -1 -1 -1 -1 -1 -1 -1 -1 -1 
1 1 1 1 1 1 1 1 1 0.999998 0.999986 0.999889 0.999208 0.994539 0.962525 0.807685 0.557458 0.445012 0.367128 0.240239 0.117716 -7.27229e-17 -0.117716 -0.240239 -0.367128 -0.445012 -0.557458 -0.807685 -0.962525 -0.994539 -0.999208 -0.999889 -0.999986 -0.999998 -1 -1 -1 -1 -1 -1 -1 -1 -1 
1 1 1 1 1 1 1 1 1 0.999999 0.999995 0.999959 0.999694 0.997855 0.984668 0.898337 0.644049 0.453953 0.377991 0.259351 0.124733 -8.31312e-17 -0.124733 -0.259351 -0.377991 -0.453953 -0.644049 -0.898337 -0.984668 -0.997855 -0.999694 -0.999959 -0.999995 -0.999999 -1 -1 -1 -1 -1 -1 -1 -1 -1 
1 1 1 1 1 1 1 1 1 1 0.999998 0.999985 0.999884 0.999166 0.993981 0.954665 0.760081 0.488548 0.381292 0.27825 0.133912 -9.59248e-17 -0.133912 -0.27825 -0.381292 -0.488548 -0.760081 -0.954665 -0.993981 -0.999166 -0.999884 -0.999985 -0.999998 -1 -1 -1 -1 -1 -1 -1 -1 -1 -1 
1 1 1 1 1 1 1 1 1 1 0.999999 0.999994 0.999956 0.999678 0.997672 0.981818 0.868818 0.567256 0.385565 0.292239 0.14581 -1.12188e-16 -0.14581 -0.292239 -0.385565 -0.567256 -0.868818 -0.981818 -0.997672 -0.999678 -0.999956 -0.999994 -0.999999 -1 -1 -1 -1 -1 -1 -1 -1 -1 -1 
1 1 1 1 1 1 1 1 1 1 1 0.999998 0.999984 0.999877 0.999105 0.99304 0.940969 0.688859 0.407213 0.298877 0.15957 -1.34522e-16 -0.15957 -0.298877 -0.407213 -0.688859 -0.940969 -0.99304 -0.999105 -0.999877 -0.999984 -0.999998 -1 -1 -1 -1 -1 -1 -1 -1 -1 -1 -1 
1 1 1 1 1 1 1 1 1 1 1 0.999999 0.999994 0.999953 0.999657 0.997371 0.976721 0.818948 0.468659 0.301647 0.172519 -1.66615e-16 -0.172519 -0.301647 -0.468659 -0.818948 -0.976721 -0.997371 -0.999657 -0.999953 -0.999994 -0.999999 -1 -1 -1 -1 -1 -1 -1 -1 -1 -1 -1 
1 1 1 1 1 1 1 1 1 1 1 1 0.999998 0.999983 0.999869 0.999008 0.991358 0.915506 0.584044 0.311289 0.181502 -2.07381e-16 -0.181502 -0.311289 -0.584044 -0.915506 -0.991358 -0.999008 -0.999869 -0.999983 -0.999998 -1 -1 -1 -1 -1 -1 -1 -1 -1 -1 -1 -1 
1 1 1 1 1 1 1 1 1 1 1 1 0.999999 0.999994 0.99995 0.999625 0.996842 0.966775 0.732834 0.347387 0.185751 -2.51183e-16 -0.185751 -0.347387 -0.732834 -0.966775 -0.996842 -0.999625 -0.99995 -0.999994 -0.999999 -1 -1 -1 -1 -1 -1 -1 -1 -1 -1 -1 -1 
1 1 1 1 1 1 1 1 1 1 1 1 1 0.999998 0.999981 0.999858 0.998843 0.988052 0.864465 0.436228 0.188979 -2.79805e-16 -0.188979 -0.436228 -0.864465 -0.988052 -0.998843 -0.999858 -0.999981 -0.999998 -1 -1 -1 -1 -1 -1 -1 -1 -1 -1 -1 -1 -1 
1 1 1 1 1 1 1 1 1 1 1 1 1 0.999999 0.999993 0.999946 0.999573 0.995817 0.944798 0.584966 0.200244 -2.89346e-16 -0.200244 -0.584966 -0.944798 -0.995817 -0.999573 -0.999946 -0.999993 -0.999999 -1 -1 -1 -1 -1 -1 -1 -1 -1 -1 -1 -1 -1 
1 1 1 1 1 1 1 1 1 1 1 1 1 1 0.999997 0.99998 0.999841 0.998531 0.980504 0.755222 0.241245 -2.90864e-16 -0.241245 -0.755222 -0.980504 -0.998531 -0.999841 -0.99998 -0.999997 -1 -1 -1 -1 -1 -1 -1 -1 -1 -1 -1 -1 -1 -1 
1 1 1 1 1 1 1 1 1 1 1 1 1 1 0.999999 0.999992 0.999941 0.999478 0.993495 0.887943 0.344411 -2.84359e-16 -0.344411 -0.887943 -0.993495 -0.999478 -0.999941 -0.999992 -0.999999 -1 -1 -1 -1 -1 -1 -1 -1 -1 -1 -1 -1 -1 -1 
1 1 1 1 1 1 1 1 1 1 1 1 1 1 1 0.999997 0.999978 0.999812 0.997844 0.958841 0.517467 -3.6459e-16 -0.517467 -0.958841 -0.997844 -0.999812 -0.999978 -0.999997 -1 -1 -1 -1 -1 -1 -1 -1 -1 -1 -1 -1 -1 -1 -1 
1 1 1 1 1 1 1 1 1 1 1 1 1 1 1 0.999999 0.999992 0.999932 0.999276 0.986684 0.716037 -8.12149e-16 -0.716037 -0.986684 -0.999276 -0.999932 -0.999992 -0.999999 -1 -1 -1 -1 -1 -1 -1 -1 -1 -1 -1 -1 -1 -1 -1 
1 1 1 1 1 1 1 1 1 1 1 1 1 1 1 1 0.999997 0.999975 0.999752 0.995868 0.87202 -1.45053e-15 -0.87202 -0.995868 -0.999752 -0.999975 -0.999997 -1 -1 -1 -1 -1 -1 -1 -1 -1 -1 -1 -1 -1 -1 -1 -1 
1 1 1 1 1 1 1 1 1 1 1 1 1 1 1 1 0.999999 0.999991 0.999914 0.998717 0.954929 -1.89462e-15 -0.954929 -0.998717 -0.999914 -0.999991 -0.999999 -1 -1 -1 -1 -1 -1 -1 -1 -1 -1 -1 -1 -1 -1 -1 -1 
1 1 1 1 1 1 1 1 1 1 1 1 1 1 1 1 1 0.999997 0.999969 0.999594 0.98635 -2.00564e-15 -0.98635 -0.999594 -0.999969 -0.999997 -1 -1 -1 -1 -1 -1 -1 -1 -1 -1 -1 -1 -1 -1 -1 -1 -1 
1 1 1 1 1 1 1 1 1 1 1 1 1 1 1 1 1 0.999999 0.999989 0.999869 0.996087 -2.25544e-15 -0.996087 -0.999869 -0.999989 -0.999999 -1 -1 -1 -1 -1 -1 -1 -1 -1 -1 -1 -1 -1 -1 -1 -1 -1 
1 1 1 1 1 1 1 1 1 1 1 1 1 1 1 1 1 1 0.999996 0.999957 0.998885 -2.42197e-15 -0.998885 -0.999957 -0.999996 -1 -1 -1 -1 -1 -1 -1 -1 -1 -1 -1 -1 -1 -1 -1 -1 -1 -1 
1 1 1 1 1 1 1 1 1 1 1 1 1 1 1 1 1 1 0.999999 0.999985 0.999678 -2.64402e-15 -0.999678 -0.999985 -0.999999 -1 -1 -1 -1 -1 -1 -1 -1 -1 -1 -1 -1 -1 -1 -1 -1 -1 -1 
1 1 1 1 1 1 1 1 1 1 1 1 1 1 1 1 1 1 0.999999 0.999995 0.999905 -2.64402e-15 -0.999905 -0.999995 -0.999999 -1 -1 -1 -1 -1 -1 -1 -1 -1 -1 -1 -1 -1 -1 -1 -1 -1 -1 
1 1 1 1 1 1 1 1 1 1 1 1 1 1 1 1 1 1 1 0.999998 0.999971 -2.64402e-15 -0.999971 -0.999998 -1 -1 -1 -1 -1 -1 -1 -1 -1 -1 -1 -1 -1 -1 -1 -1 -1 -1 -1 
1 1 1 1 1 1 1 1 1 1 1 1 1 1 1 1 1 1 1 0.999999 0.999991 -2.64402e-15 -0.999991 -0.999999 -1 -1 -1 -1 -1 -1 -1 -1 -1 -1 -1 -1 -1 -1 -1 -1 -1 -1 -1 
1 1 1 1 1 1 1 1 1 1 1 1 1 1 1 1 1 1 1 1 0.999997 -2.64402e-15 -0.999997 -1 -1 -1 -1 -1 -1 -1 -1 -1 -1 -1 -1 -1 -1 -1 -1 -1 -1 -1 -1 
1 1 1 1 1 1 1 1 1 1 1 1 1 1 1 1 1 1 1 1 0.999999 -2.64402e-15 -0.999999 -1 -1 -1 -1 -1 -1 -1 -1 -1 -1 -1 -1 -1 -1 -1 -1 -1 -1 -1 -1 
1 1 1 1 1 1 1 1 1 1 1 1 1 1 1 1 1 1 1 1 1 -2.64402e-15 -1 -1 -1 -1 -1 -1 -1 -1 -1 -1 -1 -1 -1 -1 -1 -1 -1 -1 -1 -1 -1 
1 1 1 1 1 1 1 1 1 1 1 1 1 1 1 1 1 1 1 1 1 -2.64402e-15 -1 -1 -1 -1 -1 -1 -1 -1 -1 -1 -1 -1 -1 -1 -1 -1 -1 -1 -1 -1 -1 
1 1 1 1 1 1 1 1 1 1 1 1 1 1 1 1 1 1 1 1 1 -2.64402e-15 -1 -1 -1 -1 -1 -1 -1 -1 -1 -1 -1 -1 -1 -1 -1 -1 -1 -1 -1 -1 -1 
1 1 1 1 1 1 1 1 1 1 1 1 1 1 1 1 1 1 1 1 1 -2.64402e-15 -1 -1 -1 -1 -1 -1 -1 -1 -1 -1 -1 -1 -1 -1 -1 -1 -1 -1 -1 -1 -1 
