0 0 0 0 0 0 0 0 0 0 0 0 0 0 0 0 0 0 0 0 0 0.5 1 1 1 1 1 1 1 1 1 1 1 1 1 1 1 1 1 1 1 1 1 
0 0 0 0 0 0 0 0 0 0 0 0 0 0 0 0 0 0 0 -0.00833333 0.0555556 0.5 0.944444 1.00833 1 1 1 1 1 1 1 1 1 1 1 1 1 1 1 1 1 1 1 
0 0 0 0 0 0 0 0 0 0 0 0 0 0 0 0 0 0.000138889 -0.00142252 -0.00872442 0.0872644 0.5 0.912736 1.00872 1.00142 0.999861 1 1 1 1 1 1 1 1 1 1 1 1 1 1 1 1 1 
0 0 0 0 0 0 0 0 0 0 0 0 0 0 0 -2.31481e-06 3.21997e-05 0.00014099 -0.00277921 -0.00665671 0.106454 0.5 0.893546 1.00666 1.00278 0.999859 0.999968 1 1 1 1 1 1 1 1 1 1 1 1 1 1 1 1 
0 0 0 0 0 0 0 0 0 0 0 0 0 3.85802e-08 -6.78122e-07 -1.74033e-06 7.32298e-05 3.43593e-05 -0.00377079 -0.00413363 0.118654 0.5 0.881346 1.00413 1.00377 0.999966 0.999927 1 1 1 1 1 1 1 1 1 1 1 1 1 1 1 1 
0 0 0 0 0 0 0 0 0 0 0 -6.43004e-10 1.36597e-08 1.02131e-08 -1.71481e-06 2.70741e-06 0.00010743 -0.000119106 -0.00442889 -0.00183117 0.126726 0.5 0.873274 1.00183 1.00443 1.00012 0.999893 0.999997 1 1 1 1 1 1 1 1 1 1 1 1 1 1 1 
0 0 0 0 0 0 0 0 0 1.07167e-11 -2.66957e-10 2.87075e-10 3.70544e-08 -1.40383e-07 -2.62807e-06 9.69354e-06 0.0001302 -0.000277832 -0.00484683 7.38348e-05 0.132234 0.5 0.867766 0.999926 1.00485 1.00028 0.99987 0.99999 1 1 1 1 1 1 1 1 1 1 1 1 1 1 1 
0 0 0 0 0 0 0 -1.78612e-13 5.10419e-12 -1.48075e-11 -7.53933e-10 4.70341e-09 5.70312e-08 -3.94837e-07 -3.15456e-06 1.75826e-05 0.000142616 -0.000421402 -0.00510665 0.00158299 0.136083 0.5 0.863917 0.998417 1.00511 1.00042 0.999857 0.999982 1 1 1 1 1 1 1 1 1 1 1 1 1 1 1 
0 0 0 0 0 2.97687e-15 -9.5985e-14 4.53862e-13 1.46101e-11 -1.3183e-10 -1.1092e-09 1.26282e-08 6.31068e-08 -7.02326e-07 -3.25363e-06 2.52099e-05 0.000147508 -0.000542622 -0.00526664 0.00275299 0.138822 0.5 0.861178 0.997247 1.00527 1.00054 0.999852 0.999975 1 1 1 1 1 1 1 1 1 1 1 1 1 1 1 
0 0 0 -4.96145e-17 1.78167e-15 -1.16826e-14 -2.71332e-13 3.33147e-12 1.91195e-11 -3.51781e-10 -9.64742e-10 2.26752e-08 5.15848e-08 -1.01386e-06 -3.00719e-06 3.19592e-05 0.000147645 -0.000641058 -0.0053649 0.00364975 0.140799 0.5 0.859201 0.99635 1.00536 1.00064 0.999852 0.999968 1 1 1 1 1 1 1 1 1 1 1 1 1 1 1 
0 0 -3.30021e-17 2.74372e-16 4.84112e-15 -7.85001e-14 -2.7729e-13 8.91516e-12 6.65968e-12 -6.3814e-10 -1.31237e-10 3.30838e-08 2.43162e-08 -1.29649e-06 -2.53459e-06 3.76126e-05 0.000145146 -0.000719162 -0.00542539 0.00433279 0.14224 0.5 0.85776 0.995667 1.00543 1.00072 0.999855 0.999962 1 1 1 1 1 1 1 1 1 1 1 1 1 1 1 
0 0 -8.10951e-17 1.75732e-15 2.73608e-15 -2.10325e-13 2.50796e-13 1.6198e-11 -3.05833e-11 -9.31658e-10 1.37275e-09 4.24362e-08 -1.40566e-08 -1.53414e-06 -1.9458e-06 4.21836e-05 0.00014144 -0.000780264 -0.00546288 0.00485118 0.143299 0.5 0.856701 0.995149 1.00546 1.00078 0.999859 0.999958 1 1 1 1 1 1 1 1 1 1 1 1 1 1 1 
0 -1.89417e-33 2.55995e-17 4.68677e-15 -1.49704e-14 -3.77268e-13 1.59188e-12 2.32185e-11 -9.3505e-11 -1.17717e-09 3.38726e-09 4.99152e-08 -5.83664e-08 -1.72323e-06 -1.32382e-06 4.57955e-05 0.000137403 -0.000827654 -0.00548635 0.0052438 0.144082 0.5 0.855918 0.994756 1.00549 1.00083 0.999863 0.999954 1 1 1 1 1 1 1 1 1 1 1 1 1 1 1 
1.89417e-33 -3.53426e-34 5.76464e-16 8.13947e-15 -5.71406e-14 -5.14757e-13 3.81189e-12 2.7926e-11 -1.77088e-10 -1.33882e-09 5.69671e-09 5.5259e-08 -1.04201e-07 -1.86746e-06 -7.23187e-07 4.86076e-05 0.000133526 -0.000864211 -0.00550128 0.00554077 0.144664 0.5 0.855336 0.994459 1.0055 1.00086 0.999866 0.999951 1 1 1 1 1 1 1 1 1 1 1 1 1 1 1 
3.53426e-34 2.79354e-31 1.82164e-15 1.00279e-14 -1.26353e-13 -5.49066e-13 6.75689e-12 2.88474e-11 -2.73136e-10 -1.40318e-09 8.09472e-09 5.85914e-08 -1.48372e-07 -1.97389e-06 -1.75021e-07 5.07769e-05 0.000130049 -0.000892318 -0.00551096 0.0057652 0.145098 0.5 0.854902 0.994235 1.00551 1.00089 0.99987 0.999949 1 1 1 1 1 1 1 1 1 1 1 1 1 1 1 
-2.79354e-31 1.82015e-30 3.80667e-15 7.8004e-15 -2.17581e-13 -4.22586e-13 1.0129e-11 2.53601e-11 -3.7297e-10 -1.37503e-09 1.04186e-08 6.02445e-08 -1.889e-07 -2.05032e-06 3.06366e-07 5.24415e-05 0.000127063 -0.000913882 -0.00551739 0.00593469 0.145422 0.5 0.854578 0.994065 1.00552 1.00091 0.999873 0.999948 1 1 1 1 1 1 1 1 1 1 1 1 1 1 1 
-1.82015e-30 6.19127e-30 6.30349e-15 -6.87119e-16 -3.20057e-13 -1.08191e-13 1.3586e-11 1.76341e-11 -4.69262e-10 -1.27039e-09 1.25596e-08 6.06214e-08 -2.24787e-07 -2.10398e-06 7.17607e-07 5.37155e-05 0.000124573 -0.000930403 -0.00552178 0.00606261 0.145665 0.5 0.854335 0.993937 1.00552 1.00093 0.999875 0.999946 0.999999 1 1 1 1 1 1 1 1 1 1 1 1 1 1 
-6.19127e-30 1.39516e-29 8.86045e-15 -1.65496e-14 -4.20679e-13 3.88971e-13 1.68231e-11 6.39693e-12 -5.56853e-10 -1.11013e-09 1.44581e-08 6.01104e-08 -2.55735e-07 -2.14091e-06 1.0618e-06 5.46897e-05 0.000122541 -0.000943049 -0.00552487 0.00615911 0.145848 0.5 0.854152 0.993841 1.00552 1.00094 0.999877 0.999945 0.999999 1 1 1 1 1 1 1 1 1 1 1 1 1 1 
-1.39516e-29 2.37568e-29 1.09289e-14 -3.96725e-14 -5.07314e-13 1.03847e-12 1.96196e-11 -7.3415e-12 -6.32828e-10 -9.15217e-10 1.60927e-08 5.90421e-08 -2.81893e-07 -2.16591e-06 1.34539e-06 5.54351e-05 0.000120909 -0.000952721 -0.00552711 0.00623186 0.145985 0.5 0.854015 0.993768 1.00553 1.00095 0.999879 0.999945 0.999999 1 1 1 1 1 1 1 1 1 1 1 1 1 1 
-2.37568e-29 3.1881e-29 1.20035e-14 -6.88801e-14 -5.71026e-13 1.79529e-12 2.18516e-11 -2.25206e-11 -6.96152e-10 -7.03926e-10 1.74684e-08 5.76737e-08 -3.03663e-07 -2.18257e-06 1.57622e-06 5.6006e-05 0.000119614 -0.000960114 -0.00552879 0.00628668 0.146088 0.5 0.853912 0.993713 1.00553 1.00096 0.99988 0.999944 0.999998 1 1 1 1 1 1 1 1 1 1 1 1 1 1 
-3.1881e-29 3.36688e-29 1.17271e-14 -1.02313e-13 -6.06984e-13 2.6102e-12 2.3483e-11 -3.81852e-11 -7.47149e-10 -4.90641e-10 1.86059e-08 5.6192e-08 -3.21565e-07 -2.19354e-06 1.76228e-06 5.64441e-05 0.000118597 -0.000965761 -0.00553006 0.00632796 0.146165 0.5 0.853835 0.993672 1.00553 1.00097 0.999881 0.999944 0.999998 1 1 1 1 1 1 1 1 1 1 1 1 1 1 
-3.36688e-29 2.7221e-29 9.94089e-15 -1.37851e-13 -6.14294e-13 3.43754e-12 2.45438e-11 -5.35676e-11 -7.86985e-10 -2.85673e-10 1.95334e-08 5.47231e-08 -3.36149e-07 -2.20068e-06 1.91105e-06 5.67809e-05 0.000117806 -0.000970071 -0.00553106 0.00635902 0.146223 0.5 0.853777 0.993641 1.00553 1.00097 0.999882 0.999943 0.999998 1 1 1 1 1 1 1 1 1 1 1 1 1 1 
-2.7221e-29 1.48472e-29 6.68136e-15 -1.73471e-13 -5.95174e-13 4.23994e-12 2.51061e-11 -6.81117e-11 -8.17244e-10 -9.56934e-11 2.02818e-08 5.33454e-08 -3.47942e-07 -2.2053e-06 2.02923e-06 5.70401e-05 0.000117194 -0.000973358 -0.00553184 0.00638238 0.146267 0.5 0.853733 0.993618 1.00553 1.00097 0.999883 0.999943 0.999998 1 1 1 1 1 1 1 1 1 1 1 1 1 1 
-1.48472e-29 2.26735e-30 2.14094e-15 -2.07485e-13 -5.53876e-13 4.99016e-12 2.52627e-11 -8.14607e-11 -8.39627e-10 7.55813e-11 2.08808e-08 5.21019e-08 -3.57421e-07 -2.20828e-06 2.12257e-06 5.72401e-05 0.000116724 -0.000975863 -0.00553246 0.00639994 0.1463 0.5 0.8537 0.9936 1.00553 1.00098 0.999883 0.999943 0.999998 1 1 1 1 1 1 1 1 1 1 1 1 1 1 
-2.26735e-30 -2.44561e-30 -3.38787e-15 -2.38656e-13 -4.95651e-13 5.67093e-12 2.51108e-11 -9.34246e-11 -8.55758e-10 2.26652e-10 2.13575e-08 5.1011e-08 -3.65004e-07 -2.21022e-06 2.19595e-06 5.73946e-05 0.000116365 -0.00097777 -0.00553296 0.00641312 0.146325 0.5 0.853675 0.993587 1.00553 1.00098 0.999884 0.999943 0.999998 1 1 1 1 1 1 1 1 1 1 1 1 1 1 
2.44561e-30 8.13007e-30 -9.56933e-15 -2.66213e-13 -4.25912e-13 6.27362e-12 2.47413e-11 -1.03942e-10 -8.67072e-10 3.57571e-10 2.17353e-08 5.00748e-08 -3.71045e-07 -2.2115e-06 2.25339e-06 5.7514e-05 0.000116092 -0.00097922 -0.00553336 0.00642302 0.146343 0.5 0.853657 0.993577 1.00553 1.00098 0.999884 0.999942 0.999998 1 1 1 1 1 1 1 1 1 1 1 1 1 1 
-8.13007e-30 3.88167e-29 -1.60716e-14 -2.89804e-13 -3.49653e-13 6.79633e-12 2.42326e-11 -1.13042e-10 -8.7478e-10 4.69397e-10 2.20338e-08 4.92854e-08 -3.75844e-07 -2.21238e-06 2.29817e-06 5.76064e-05 0.000115885 -0.000980322 -0.00553369 0.00643043 0.146357 0.5 0.853643 0.99357 1.00553 1.00098 0.999884 0.999942 0.999998 1 1 1 1 1 1 1 1 1 1 1 1 1 1 
-3.88167e-29 9.12032e-29 -2.25999e-14 -3.09409e-13 -2.71114e-13 7.24195e-12 2.36482e-11 -1.20814e-10 -8.79858e-10 5.63769e-10 2.22694e-08 4.86294e-08 -3.79644e-07 -2.213e-06 2.33296e-06 5.7678e-05 0.00011573 -0.000981158 -0.00553394 0.00643599 0.146368 0.5 0.853632 0.993564 1.00553 1.00098 0.999884 0.999942 0.999998 1 1 1 1 1 1 1 1 1 1 1 1 1 1 
-9.12032e-29 1.63073e-28 -2.89154e-14 -3.2525e-13 -1.93639e-13 7.61643e-12 2.30368e-11 -1.2738e-10 -8.83066e-10 6.42607e-10 2.24551e-08 4.80907e-08 -3.82646e-07 -2.21347e-06 2.35991e-06 5.77334e-05 0.000115613 -0.000981792 -0.00553415 0.00644015 0.146376 0.5 0.853624 0.99356 1.00553 1.00098 0.999884 0.999942 0.999998 1 1 1 1 1 1 1 1 1 1 1 1 1 1 
-1.63073e-28 2.49544e-28 -3.48414e-14 -3.377e-13 -1.19681e-13 7.92738e-12 2.24334e-11 -1.32877e-10 -8.84984e-10 7.07897e-10 2.26016e-08 4.7653e-08 -3.85012e-07 -2.21384e-06 2.38072e-06 5.77763e-05 0.000115526 -0.000982271 -0.00553431 0.00644326 0.146382 0.5 0.853618 0.993557 1.00553 1.00098 0.999884 0.999942 0.999998 1 1 1 1 1 1 1 1 1 1 1 1 1 1 
-2.49544e-28 3.47244e-28 -4.02621e-14 -3.47208e-13 -5.08861e-14 8.18304e-12 2.18617e-11 -1.37443e-10 -8.86037e-10 7.61566e-10 2.27171e-08 4.73007e-08 -3.86874e-07 -2.21415e-06 2.39673e-06 5.78096e-05 0.000115461 -0.000982634 -0.00553444 0.00644559 0.146386 0.5 0.853614 0.993554 1.00553 1.00098 0.999885 0.999942 0.999998 1 1 1 1 1 1 1 1 1 1 1 1 1 1 
-3.47244e-28 4.51345e-28 -4.51143e-14 -3.5425e-13 1.1779e-14 8.39155e-12 2.13363e-11 -1.41213e-10 -8.86533e-10 8.05393e-10 2.28083e-08 4.70193e-08 -3.88336e-07 -2.21442e-06 2.40903e-06 5.78353e-05 0.000115412 -0.000982908 -0.00553455 0.00644733 0.146389 0.5 0.853611 0.993553 1.00553 1.00098 0.999885 0.999942 0.999998 1 1 1 1 1 1 1 1 1 1 1 1 1 1 
-4.51345e-28 5.53269e-28 -4.93778e-14 -3.59282e-13 6.78809e-14 8.5605e-12 2.08646e-11 -1.44309e-10 -8.86687e-10 8.40977e-10 2.28804e-08 4.67962e-08 -3.89482e-07 -2.21466e-06 2.41845e-06 5.78551e-05 0.000115377 -0.000983114 -0.00553463 0.00644862 0.146392 0.5 0.853608 0.993551 1.00553 1.00098 0.999885 0.999942 0.999998 1 1 1 1 1 1 1 1 1 1 1 1 1 1 
-5.53269e-28 6.50792e-28 -5.30643e-14 -3.62723e-13 1.17385e-13 8.69672e-12 2.04493e-11 -1.46839e-10 -8.86645e-10 8.6972e-10 2.29374e-08 4.66205e-08 -3.90378e-07 -2.21487e-06 2.42563e-06 5.78705e-05 0.00011535 -0.000983269 -0.00553469 0.00644959 0.146394 0.5 0.853606 0.99355 1.00553 1.00098 0.999885 0.999942 0.999998 1 1 1 1 1 1 1 1 1 1 1 1 1 1 
-6.50792e-28 7.4216e-28 -5.62077e-14 -3.64936e-13 1.60535e-13 8.80613e-12 2.00893e-11 -1.48899e-10 -8.86504e-10 8.92829e-10 2.29826e-08 4.64831e-08 -3.91078e-07 -2.21505e-06 2.43111e-06 5.78823e-05 0.000115331 -0.000983386 -0.00553474 0.00645031 0.146395 0.5 0.853605 0.99355 1.00553 1.00098 0.999885 0.999942 0.999998 1 1 1 1 1 1 1 1 1 1 1 1 1 1 
-7.4216e-28 8.233e-28 -5.88557e-14 -3.66229e-13 1.97755e-13 8.89378e-12 1.97814e-11 -1.50571e-10 -8.86325e-10 9.11329e-10 2.30184e-08 4.63761e-08 -3.91624e-07 -2.21521e-06 2.43526e-06 5.78915e-05 0.000115317 -0.000983474 -0.00553478 0.00645085 0.146396 0.5 0.853604 0.993549 1.00553 1.00098 0.999885 0.999942 0.999998 1 1 1 1 1 1 1 1 1 1 1 1 1 1 
-8.233e-28 8.9604e-28 -6.10628e-14 -3.66854e-13 2.29571e-13 8.96389e-12 1.95211e-11 -1.51923e-10 -8.86144e-10 9.26082e-10 2.30468e-08 4.62934e-08 -3.92049e-07 -2.21536e-06 2.43841e-06 5.78985e-05 0.000115307 -0.000983539 -0.00553481 0.00645125 0.146397 0.5 0.853603 0.993549 1.00553 1.00098 0.999885 0.999942 0.999998 1 1 1 1 1 1 1 1 1 1 1 1 1 1 
-8.9604e-28 9.56277e-28 -6.28853e-14 -3.6701e-13 2.56555e-13 9.01993e-12 1.93032e-11 -1.53014e-10 -8.8598e-10 9.37804e-10 2.30693e-08 4.62298e-08 -3.92379e-07 -2.21548e-06 2.44079e-06 5.79039e-05 0.000115299 -0.000983588 -0.00553483 0.00645155 0.146397 0.5 0.853603 0.993548 1.00553 1.00098 0.999885 0.999942 0.999998 1 1 1 1 1 1 1 1 1 1 1 1 1 1 
-9.56277e-28 1.00648e-27 -6.43783e-14 -3.66852e-13 2.79286e-13 9.06473e-12 1.91225e-11 -1.53893e-10 -8.85844e-10 9.47084e-10 2.30872e-08 4.61811e-08 -3.92635e-07 -2.21559e-06 2.44259e-06 5.7908e-05 0.000115294 -0.000983625 -0.00553485 0.00645177 0.146398 0.5 0.853602 0.993548 1.00553 1.00098 0.999885 0.999942 0.999998 1 1 1 1 1 1 1 1 1 1 1 1 1 1 
-1.00648e-27 1.05148e-27 -6.55926e-14 -3.66499e-13 2.98318e-13 9.10056e-12 1.89738e-11 -1.54599e-10 -8.85738e-10 9.54408e-10 2.31015e-08 4.6144e-08 -3.92833e-07 -2.21569e-06 2.44394e-06 5.79112e-05 0.00011529 -0.000983653 -0.00553487 0.00645193 0.146398 0.5 0.853602 0.993548 1.00553 1.00098 0.999885 0.999942 0.999998 1 1 1 1 1 1 1 1 1 1 1 1 1 1 
-1.05148e-27 1.08978e-27 -6.65744e-14 -3.66035e-13 3.14169e-13 9.12927e-12 1.88524e-11 -1.55164e-10 -8.8566e-10 9.60169e-10 2.31128e-08 4.6116e-08 -3.92986e-07 -2.21576e-06 2.44495e-06 5.79136e-05 0.000115287 -0.000983673 -0.00553488 0.00645206 0.146398 0.5 0.853602 0.993548 1.00553 1.00098 0.999885 0.999942 0.999998 1 1 1 1 1 1 1 1 1 1 1 1 1 1 
-1.08978e-27 1.11993e-27 -6.7364e-14 -3.65523e-13 3.27307e-13 9.1523e-12 1.87539e-11 -1.55617e-10 -8.85606e-10 9.64687e-10 2.31217e-08 4.60949e-08 -3.93104e-07 -2.21583e-06 2.4457e-06 5.79154e-05 0.000115285 -0.000983688 -0.00553488 0.00645215 0.146399 0.5 0.853601 0.993548 1.00553 1.00098 0.999885 0.999942 0.999998 1 1 1 1 1 1 1 1 1 1 1 1 1 1 
-1.11993e-27 1.14466e-27 -6.79962e-14 -3.65004e-13 3.3815e-13 9.17081e-12 1.86744e-11 -1.55979e-10 -8.85573e-10 9.68219e-10 2.31288e-08 4.6079e-08 -3.93195e-07 -2.21589e-06 2.44627e-06 5.79168e-05 0.000115284 -0.000983699 -0.00553489 0.00645221 0.146399 0.5 0.853601 0.993548 1.00553 1.00098 0.999885 0.999942 0.999998 1 1 1 1 1 1 1 1 1 1 1 1 1 1 
-1.14466e-27 1.16239e-27 -6.85006e-14 -3.64506e-13 3.47063e-13 9.18572e-12 1.86108e-11 -1.56268e-10 -8.85557e-10 9.70973e-10 2.31345e-08 4.60672e-08 -3.93264e-07 -2.21593e-06 2.44669e-06 5.79179e-05 0.000115283 -0.000983708 -0.00553489 0.00645227 0.146399 0.5 0.853601 0.993548 1.00553 1.00098 0.999885 0.999942 0.999998 1 1 1 1 1 1 1 1 1 1 1 1 1 1 
-1.16239e-27 1.17996e-27 -6.89018e-14 -3.64045e-13 3.54364e-13 9.19776e-12 1.85601e-11 -1.56497e-10 -8.85553e-10 9.73113e-10 2.3139e-08 4.60585e-08 -3.93317e-07 -2.21597e-06 2.447e-06 5.79187e-05 0.000115282 -0.000983714 -0.0055349 0.0064523 0.146399 0.5 0.853601 0.993548 1.00553 1.00098 0.999885 0.999942 0.999998 1 1 1 1 1 1 1 1 1 1 1 1 1 1 
-1.17996e-27 1.19359e-27 -6.92201e-14 -3.63631e-13 3.60324e-13 9.20749e-12 1.85199e-11 -1.5668e-10 -8.85557e-10 9.74772e-10 2.31425e-08 4.60521e-08 -3.93358e-07 -2.216e-06 2.44723e-06 5.79193e-05 0.000115281 -0.000983719 -0.0055349 0.00645233 0.146399 0.5 0.853601 0.993548 1.00553 1.00098 0.999885 0.999942 0.999998 1 1 1 1 1 1 1 1 1 1 1 1 1 1 
-1.19359e-27 1.20151e-27 -6.94722e-14 -3.63266e-13 3.65175e-13 9.21537e-12 1.84882e-11 -1.56825e-10 -8.85568e-10 9.76054e-10 2.31453e-08 4.60474e-08 -3.93389e-07 -2.21603e-06 2.4474e-06 5.79198e-05 0.000115281 -0.000983722 -0.0055349 0.00645235 0.146399 0.5 0.853601 0.993548 1.00553 1.00098 0.999885 0.999942 0.999998 1 1 1 1 1 1 1 1 1 1 1 1 1 1 
