0 0 0 0 0 0 0 0 0 0 0 0 0 0 0 0 0 0 0 0 0 0.5 1 1 1 1 1 1 1 1 1 1 1 1 1 1 1 1 1 1 1 1 1 
0 0 0 0 0 0 0 0 0 0 0 0 0 0 0 0 0 0 0 0 0.0277778 0.5 0.972222 1 1 1 1 1 1 1 1 1 1 1 1 1 1 1 1 1 1 1 1 
0 0 0 0 0 0 0 0 0 0 0 0 0 0 0 0 0 0 0 0.000152468 0.0493997 0.5 0.9506 0.999848 1 1 1 1 1 1 1 1 1 1 1 1 1 1 1 1 1 1 1 
0 0 0 0 0 0 0 0 0 0 0 0 0 0 0 0 0 0 8.17118e-09 0.000482335 0.0662703 0.5 0.93373 0.999518 1 1 1 1 1 1 1 1 1 1 1 1 1 1 1 1 1 1 1 
0 0 0 0 0 0 0 0 0 0 0 0 0 0 0 0 0 5.2501e-17 5.78263e-08 0.000960408 0.0794816 0.5 0.920518 0.99904 1 1 1 1 1 1 1 1 1 1 1 1 1 1 1 1 1 1 1 
0 0 0 0 0 0 0 0 0 0 0 0 0 0 0 0 8.22607e-33 1.38619e-15 2.09389e-07 0.00154072 0.0898745 0.5 0.910125 0.998459 1 1 1 1 1 1 1 1 1 1 1 1 1 1 1 1 1 1 1 
0 0 0 0 0 0 0 0 0 0 0 0 0 0 0 0 2.10171e-30 1.35417e-14 5.3571e-07 0.00217798 0.098093 0.5 0.901907 0.997822 0.999999 1 1 1 1 1 1 1 1 1 1 1 1 1 1 1 1 1 1 
0 0 0 0 0 0 0 0 0 0 0 0 0 0 0 0 1.16155e-28 7.61639e-14 1.10262e-06 0.00283454 0.104629 0.5 0.895371 0.997165 0.999999 1 1 1 1 1 1 1 1 1 1 1 1 1 1 1 1 1 1 
0 0 0 0 0 0 0 0 0 0 0 0 0 0 0 0 2.61889e-27 2.98663e-13 1.95428e-06 0.00348211 0.109856 0.5 0.890144 0.996518 0.999998 1 1 1 1 1 1 1 1 1 1 1 1 1 1 1 1 1 1 
0 0 0 0 0 0 0 0 0 0 0 0 0 0 0 0 3.21309e-26 9.06894e-13 3.10673e-06 0.00410114 0.114063 0.5 0.885937 0.995899 0.999997 1 1 1 1 1 1 1 1 1 1 1 1 1 1 1 1 1 1 
0 0 0 0 0 0 0 0 0 0 0 0 0 0 0 0 2.54287e-25 2.27552e-12 4.54864e-06 0.00467936 0.117467 0.5 0.882533 0.995321 0.999995 1 1 1 1 1 1 1 1 1 1 1 1 1 1 1 1 1 1 
0 0 0 0 0 0 0 0 0 0 0 0 0 0 0 0 1.44349e-24 4.92694e-12 6.24667e-06 0.00521001 0.120237 0.5 0.879763 0.99479 0.999994 1 1 1 1 1 1 1 1 1 1 1 1 1 1 1 1 1 1 
0 0 0 0 0 0 0 0 0 0 0 0 0 0 0 0 6.31826e-24 9.49061e-12 8.15265e-06 0.00569043 0.122503 0.5 0.877497 0.99431 0.999992 1 1 1 1 1 1 1 1 1 1 1 1 1 1 1 1 1 1 
0 0 0 0 0 0 0 0 0 0 0 0 0 0 0 0 2.2452e-23 1.66312e-11 1.02109e-05 0.00612074 0.124366 0.5 0.875634 0.993879 0.99999 1 1 1 1 1 1 1 1 1 1 1 1 1 1 1 1 1 1 
0 0 0 0 0 0 0 0 0 0 0 0 0 0 0 0 6.72882e-23 2.69633e-11 1.23643e-05 0.00650291 0.125905 0.5 0.874095 0.993497 0.999988 1 1 1 1 1 1 1 1 1 1 1 1 1 1 1 1 1 1 
0 0 0 0 0 0 0 0 0 0 0 0 0 0 0 0 1.75086e-22 4.09727e-11 1.45589e-05 0.00684002 0.127182 0.5 0.872818 0.99316 0.999985 1 1 1 1 1 1 1 1 1 1 1 1 1 1 1 1 1 1 
0 0 0 0 0 0 0 0 0 0 0 0 0 0 0 0 4.04587e-22 5.89583e-11 1.67468e-05 0.00713576 0.128244 0.5 0.871756 0.992864 0.999983 1 1 1 1 1 1 1 1 1 1 1 1 1 1 1 1 1 1 
0 0 0 0 0 0 0 0 0 0 0 0 0 0 0 0 8.45317e-22 8.1002e-11 1.88878e-05 0.00739404 0.129132 0.5 0.870868 0.992606 0.999981 1 1 1 1 1 1 1 1 1 1 1 1 1 1 1 1 1 1 
0 0 0 0 0 0 0 0 0 0 0 0 0 0 0 0 1.6202e-21 1.06968e-10 2.09498e-05 0.0076188 0.129876 0.5 0.870124 0.992381 0.999979 1 1 1 1 1 1 1 1 1 1 1 1 1 1 1 1 1 1 
0 0 0 0 0 0 0 0 0 0 0 0 0 0 0 0 2.88278e-21 1.36524e-10 2.2909e-05 0.00781381 0.1305 0.5 0.8695 0.992186 0.999977 1 1 1 1 1 1 1 1 1 1 1 1 1 1 1 1 1 1 
0 0 0 0 0 0 0 0 0 0 0 0 0 0 0 0 4.80853e-21 1.69181e-10 2.47486e-05 0.00798259 0.131026 0.5 0.868974 0.992017 0.999975 1 1 1 1 1 1 1 1 1 1 1 1 1 1 1 1 1 1 
0 0 0 0 0 0 0 0 0 0 0 0 0 0 0 0 7.58118e-21 2.04342e-10 2.64585e-05 0.00812837 0.13147 0.5 0.86853 0.991872 0.999974 1 1 1 1 1 1 1 1 1 1 1 1 1 1 1 1 1 1 
0 0 0 0 0 0 0 0 0 0 0 0 0 0 0 0 1.13762e-20 2.41347e-10 2.80335e-05 0.00825408 0.131845 0.5 0.868155 0.991746 0.999972 1 1 1 1 1 1 1 1 1 1 1 1 1 1 1 1 1 1 
0 0 0 0 0 0 0 0 0 0 0 0 0 0 0 0 1.63438e-20 2.79518e-10 2.94732e-05 0.00836234 0.132162 0.5 0.867838 0.991638 0.999971 1 1 1 1 1 1 1 1 1 1 1 1 1 1 1 1 1 1 
0 0 0 0 0 0 0 0 0 0 0 0 0 0 0 0 2.25944e-20 3.18202e-10 3.078e-05 0.00845546 0.132432 0.5 0.867568 0.991545 0.999969 1 1 1 1 1 1 1 1 1 1 1 1 1 1 1 1 1 1 
0 0 0 0 0 0 0 0 0 0 0 0 0 0 0 0 3.0188e-20 3.56791e-10 3.19591e-05 0.00853548 0.13266 0.5 0.86734 0.991465 0.999968 1 1 1 1 1 1 1 1 1 1 1 1 1 1 1 1 1 1 
0 0 0 0 0 0 0 0 0 0 0 0 0 0 0 0 3.91288e-20 3.94749e-10 3.30173e-05 0.00860419 0.132854 0.5 0.867146 0.991396 0.999967 1 1 1 1 1 1 1 1 1 1 1 1 1 1 1 1 1 1 
0 0 0 0 0 0 0 0 0 0 0 0 0 0 0 0 4.93648e-20 4.31621e-10 3.39624e-05 0.00866316 0.133019 0.5 0.866981 0.991337 0.999966 1 1 1 1 1 1 1 1 1 1 1 1 1 1 1 1 1 1 
0 0 0 0 0 0 0 0 0 0 0 0 0 0 0 0 6.0793e-20 4.67037e-10 3.48029e-05 0.00871374 0.133159 0.5 0.866841 0.991286 0.999965 1 1 1 1 1 1 1 1 1 1 1 1 1 1 1 1 1 1 
0 0 0 0 0 0 0 0 0 0 0 0 0 0 0 0 7.32669e-20 5.00713e-10 3.55476e-05 0.00875709 0.133279 0.5 0.866721 0.991243 0.999964 1 1 1 1 1 1 1 1 1 1 1 1 1 1 1 1 1 1 
0 0 0 0 0 0 0 0 0 0 0 0 0 0 0 0 8.66078e-20 5.32444e-10 3.62051e-05 0.00879425 0.133381 0.5 0.866619 0.991206 0.999964 1 1 1 1 1 1 1 1 1 1 1 1 1 1 1 1 1 1 
0 0 0 0 0 0 0 0 0 0 0 0 0 0 0 0 1.00616e-19 5.62098e-10 3.6784e-05 0.00882608 0.133468 0.5 0.866532 0.991174 0.999963 1 1 1 1 1 1 1 1 1 1 1 1 1 1 1 1 1 1 
0 0 0 0 0 0 0 0 0 0 0 0 0 0 0 0 1.1508e-19 5.89604e-10 3.72921e-05 0.00885335 0.133542 0.5 0.866458 0.991147 0.999963 1 1 1 1 1 1 1 1 1 1 1 1 1 1 1 1 1 1 
0 0 0 0 0 0 0 0 0 0 0 0 0 0 0 0 1.29793e-19 6.14948e-10 3.77372e-05 0.00887669 0.133605 0.5 0.866395 0.991123 0.999962 1 1 1 1 1 1 1 1 1 1 1 1 1 1 1 1 1 1 
0 0 0 0 0 0 0 0 0 0 0 0 0 0 0 0 1.44554e-19 6.38156e-10 3.81261e-05 0.00889668 0.133659 0.5 0.866341 0.991103 0.999962 1 1 1 1 1 1 1 1 1 1 1 1 1 1 1 1 1 1 
0 0 0 0 0 0 0 0 0 0 0 0 0 0 0 0 1.59179e-19 6.59291e-10 3.84652e-05 0.00891379 0.133705 0.5 0.866295 0.991086 0.999962 1 1 1 1 1 1 1 1 1 1 1 1 1 1 1 1 1 1 
0 0 0 0 0 0 0 0 0 0 0 0 0 0 0 0 1.73504e-19 6.78441e-10 3.87605e-05 0.00892844 0.133744 0.5 0.866256 0.991072 0.999961 1 1 1 1 1 1 1 1 1 1 1 1 1 1 1 1 1 1 
0 0 0 0 0 0 0 0 0 0 0 0 0 0 0 0 1.87392e-19 6.95712e-10 3.90171e-05 0.00894097 0.133777 0.5 0.866223 0.991059 0.999961 1 1 1 1 1 1 1 1 1 1 1 1 1 1 1 1 1 1 
0 0 0 0 0 0 0 0 0 0 0 0 0 0 0 0 2.00728e-19 7.11222e-10 3.92397e-05 0.0089517 0.133806 0.5 0.866194 0.991048 0.999961 1 1 1 1 1 1 1 1 1 1 1 1 1 1 1 1 1 1 
0 0 0 0 0 0 0 0 0 0 0 0 0 0 0 0 2.13422e-19 7.25098e-10 3.94327e-05 0.00896088 0.133831 0.5 0.866169 0.991039 0.999961 1 1 1 1 1 1 1 1 1 1 1 1 1 1 1 1 1 1 
0 0 0 0 0 0 0 0 0 0 0 0 0 0 0 0 2.2541e-19 7.37469e-10 3.95998e-05 0.00896873 0.133851 0.5 0.866149 0.991031 0.99996 1 1 1 1 1 1 1 1 1 1 1 1 1 1 1 1 1 1 
0 0 0 0 0 0 0 0 0 0 0 0 0 0 0 0 2.36649e-19 7.48461e-10 3.97443e-05 0.00897545 0.133869 0.5 0.866131 0.991025 0.99996 1 1 1 1 1 1 1 1 1 1 1 1 1 1 1 1 1 1 
0 0 0 0 0 0 0 0 0 0 0 0 0 0 0 0 2.47114e-19 7.58199e-10 3.98691e-05 0.0089812 0.133885 0.5 0.866115 0.991019 0.99996 1 1 1 1 1 1 1 1 1 1 1 1 1 1 1 1 1 1 
0 0 0 0 0 0 0 0 0 0 0 0 0 0 0 0 2.56799e-19 7.66804e-10 3.99768e-05 0.00898612 0.133898 0.5 0.866102 0.991014 0.99996 1 1 1 1 1 1 1 1 1 1 1 1 1 1 1 1 1 1 
0 0 0 0 0 0 0 0 0 0 0 0 0 0 0 0 2.6571e-19 7.74387e-10 4.00697e-05 0.00899033 0.133909 0.5 0.866091 0.99101 0.99996 1 1 1 1 1 1 1 1 1 1 1 1 1 1 1 1 1 1 
0 0 0 0 0 0 0 0 0 0 0 0 0 0 0 0 2.73868e-19 7.81056e-10 4.01498e-05 0.00899393 0.133918 0.5 0.866082 0.991006 0.99996 1 1 1 1 1 1 1 1 1 1 1 1 1 1 1 1 1 1 
0 0 0 0 0 0 0 0 0 0 0 0 0 0 0 0 2.81299e-19 7.86907e-10 4.02187e-05 0.00899701 0.133926 0.5 0.866074 0.991003 0.99996 1 1 1 1 1 1 1 1 1 1 1 1 1 1 1 1 1 1 
0 0 0 0 0 0 0 0 0 0 0 0 0 0 0 0 2.88039e-19 7.92031e-10 4.0278e-05 0.00899964 0.133933 0.5 0.866067 0.991 0.99996 1 1 1 1 1 1 1 1 1 1 1 1 1 1 1 1 1 1 
0 0 0 0 0 0 0 0 0 0 0 0 0 0 0 0 2.94126e-19 7.9651e-10 4.03291e-05 0.0090019 0.133939 0.5 0.866061 0.990998 0.99996 1 1 1 1 1 1 1 1 1 1 1 1 1 1 1 1 1 1 
0 0 0 0 0 0 0 0 0 0 0 0 0 0 0 0 2.99603e-19 8.0042e-10 4.0373e-05 0.00900382 0.133944 0.5 0.866056 0.990996 0.99996 1 1 1 1 1 1 1 1 1 1 1 1 1 1 1 1 1 1 
0 0 0 0 0 0 0 0 0 0 0 0 0 0 0 0 3.04513e-19 8.03826e-10 4.04107e-05 0.00900547 0.133949 0.5 0.866051 0.990995 0.99996 1 1 1 1 1 1 1 1 1 1 1 1 1 1 1 1 1 1 
0 0 0 0 0 0 0 0 0 0 0 0 0 0 0 0 3.08901e-19 8.06791e-10 4.04431e-05 0.00900689 0.133953 0.5 0.866047 0.990993 0.99996 1 1 1 1 1 1 1 1 1 1 1 1 1 1 1 1 1 1 
0 0 0 0 0 0 0 0 0 0 0 0 0 0 0 0 3.12811e-19 8.09367e-10 4.04709e-05 0.00900809 0.133956 0.5 0.866044 0.990992 0.99996 1 1 1 1 1 1 1 1 1 1 1 1 1 1 1 1 1 1 
0 0 0 0 0 0 0 0 0 0 0 0 0 0 0 0 3.16284e-19 8.11603e-10 4.04948e-05 0.00900912 0.133958 0.5 0.866042 0.990991 0.99996 1 1 1 1 1 1 1 1 1 1 1 1 1 1 1 1 1 1 
0 0 0 0 0 0 0 0 0 0 0 0 0 0 0 0 3.19363e-19 8.13542e-10 4.05152e-05 0.00901001 0.133961 0.5 0.866039 0.99099 0.999959 1 1 1 1 1 1 1 1 1 1 1 1 1 1 1 1 1 1 
0 0 0 0 0 0 0 0 0 0 0 0 0 0 0 0 3.22084e-19 8.15221e-10 4.05328e-05 0.00901076 0.133963 0.5 0.866037 0.990989 0.999959 1 1 1 1 1 1 1 1 1 1 1 1 1 1 1 1 1 1 
0 0 0 0 0 0 0 0 0 0 0 0 0 0 0 0 3.24484e-19 8.16674e-10 4.05479e-05 0.00901141 0.133965 0.5 0.866035 0.990989 0.999959 1 1 1 1 1 1 1 1 1 1 1 1 1 1 1 1 1 1 
0 0 0 0 0 0 0 0 0 0 0 0 0 0 0 0 3.26597e-19 8.17931e-10 4.05608e-05 0.00901196 0.133966 0.5 0.866034 0.990988 0.999959 1 1 1 1 1 1 1 1 1 1 1 1 1 1 1 1 1 1 
0 0 0 0 0 0 0 0 0 0 0 0 0 0 0 0 3.28453e-19 8.19016e-10 4.05719e-05 0.00901244 0.133967 0.5 0.866033 0.990988 0.999959 1 1 1 1 1 1 1 1 1 1 1 1 1 1 1 1 1 1 
0 0 0 0 0 0 0 0 0 0 0 0 0 0 0 0 3.30081e-19 8.19953e-10 4.05814e-05 0.00901284 0.133968 0.5 0.866032 0.990987 0.999959 1 1 1 1 1 1 1 1 1 1 1 1 1 1 1 1 1 1 
0 0 0 0 0 0 0 0 0 0 0 0 0 0 0 0 3.31505e-19 8.20761e-10 4.05895e-05 0.00901319 0.133969 0.5 0.866031 0.990987 0.999959 1 1 1 1 1 1 1 1 1 1 1 1 1 1 1 1 1 1 
0 0 0 0 0 0 0 0 0 0 0 0 0 0 0 0 3.32751e-19 8.21458e-10 4.05965e-05 0.00901348 0.13397 0.5 0.86603 0.990987 0.999959 1 1 1 1 1 1 1 1 1 1 1 1 1 1 1 1 1 1 
0 0 0 0 0 0 0 0 0 0 0 0 0 0 0 0 3.33838e-19 8.22058e-10 4.06025e-05 0.00901374 0.133971 0.5 0.866029 0.990986 0.999959 1 1 1 1 1 1 1 1 1 1 1 1 1 1 1 1 1 1 
0 0 0 0 0 0 0 0 0 0 0 0 0 0 0 0 3.34786e-19 8.22575e-10 4.06076e-05 0.00901395 0.133971 0.5 0.866029 0.990986 0.999959 1 1 1 1 1 1 1 1 1 1 1 1 1 1 1 1 1 1 
0 0 0 0 0 0 0 0 0 0 0 0 0 0 0 0 3.35611e-19 8.2302e-10 4.0612e-05 0.00901414 0.133972 0.5 0.866028 0.990986 0.999959 1 1 1 1 1 1 1 1 1 1 1 1 1 1 1 1 1 1 
0 0 0 0 0 0 0 0 0 0 0 0 0 0 0 0 3.36328e-19 8.23403e-10 4.06157e-05 0.0090143 0.133972 0.5 0.866028 0.990986 0.999959 1 1 1 1 1 1 1 1 1 1 1 1 1 1 1 1 1 1 
0 0 0 0 0 0 0 0 0 0 0 0 0 0 0 0 3.36951e-19 8.23732e-10 4.0619e-05 0.00901443 0.133972 0.5 0.866028 0.990986 0.999959 1 1 1 1 1 1 1 1 1 1 1 1 1 1 1 1 1 1 
0 0 0 0 0 0 0 0 0 0 0 0 0 0 0 0 3.37492e-19 8.24015e-10 4.06217e-05 0.00901455 0.133973 0.5 0.866027 0.990985 0.999959 1 1 1 1 1 1 1 1 1 1 1 1 1 1 1 1 1 1 
0 0 0 0 0 0 0 0 0 0 0 0 0 0 0 0 3.3796e-19 8.24258e-10 4.06241e-05 0.00901465 0.133973 0.5 0.866027 0.990985 0.999959 1 1 1 1 1 1 1 1 1 1 1 1 1 1 1 1 1 1 
0 0 0 0 0 0 0 0 0 0 0 0 0 0 0 0 3.38366e-19 8.24467e-10 4.06261e-05 0.00901473 0.133973 0.5 0.866027 0.990985 0.999959 1 1 1 1 1 1 1 1 1 1 1 1 1 1 1 1 1 1 
0 0 0 0 0 0 0 0 0 0 0 0 0 0 0 0 3.38718e-19 8.24646e-10 4.06278e-05 0.0090148 0.133973 0.5 0.866027 0.990985 0.999959 1 1 1 1 1 1 1 1 1 1 1 1 1 1 1 1 1 1 
0 0 0 0 0 0 0 0 0 0 0 0 0 0 0 0 3.39021e-19 8.248e-10 4.06293e-05 0.00901487 0.133974 0.5 0.866026 0.990985 0.999959 1 1 1 1 1 1 1 1 1 1 1 1 1 1 1 1 1 1 
0 0 0 0 0 0 0 0 0 0 0 0 0 0 0 0 3.39284e-19 8.24932e-10 4.06305e-05 0.00901492 0.133974 0.5 0.866026 0.990985 0.999959 1 1 1 1 1 1 1 1 1 1 1 1 1 1 1 1 1 1 
0 0 0 0 0 0 0 0 0 0 0 0 0 0 0 0 3.3951e-19 8.25046e-10 4.06316e-05 0.00901496 0.133974 0.5 0.866026 0.990985 0.999959 1 1 1 1 1 1 1 1 1 1 1 1 1 1 1 1 1 1 
0 0 0 0 0 0 0 0 0 0 0 0 0 0 0 0 3.39706e-19 8.25143e-10 4.06326e-05 0.009015 0.133974 0.5 0.866026 0.990985 0.999959 1 1 1 1 1 1 1 1 1 1 1 1 1 1 1 1 1 1 
0 0 0 0 0 0 0 0 0 0 0 0 0 0 0 0 3.39875e-19 8.25226e-10 4.06333e-05 0.00901504 0.133974 0.5 0.866026 0.990985 0.999959 1 1 1 1 1 1 1 1 1 1 1 1 1 1 1 1 1 1 
0 0 0 0 0 0 0 0 0 0 0 0 0 0 0 0 3.4002e-19 8.25298e-10 4.0634e-05 0.00901507 0.133974 0.5 0.866026 0.990985 0.999959 1 1 1 1 1 1 1 1 1 1 1 1 1 1 1 1 1 1 
0 0 0 0 0 0 0 0 0 0 0 0 0 0 0 0 3.40145e-19 8.25359e-10 4.06346e-05 0.00901509 0.133974 0.5 0.866026 0.990985 0.999959 1 1 1 1 1 1 1 1 1 1 1 1 1 1 1 1 1 1 
0 0 0 0 0 0 0 0 0 0 0 0 0 0 0 0 3.40253e-19 8.25412e-10 4.06351e-05 0.00901511 0.133974 0.5 0.866026 0.990985 0.999959 1 1 1 1 1 1 1 1 1 1 1 1 1 1 1 1 1 1 
0 0 0 0 0 0 0 0 0 0 0 0 0 0 0 0 3.40346e-19 8.25457e-10 4.06355e-05 0.00901513 0.133974 0.5 0.866026 0.990985 0.999959 1 1 1 1 1 1 1 1 1 1 1 1 1 1 1 1 1 1 
0 0 0 0 0 0 0 0 0 0 0 0 0 0 0 0 3.40426e-19 8.25495e-10 4.06359e-05 0.00901514 0.133974 0.5 0.866026 0.990985 0.999959 1 1 1 1 1 1 1 1 1 1 1 1 1 1 1 1 1 1 
0 0 0 0 0 0 0 0 0 0 0 0 0 0 0 0 3.40494e-19 8.25528e-10 4.06362e-05 0.00901516 0.133974 0.5 0.866026 0.990985 0.999959 1 1 1 1 1 1 1 1 1 1 1 1 1 1 1 1 1 1 
0 0 0 0 0 0 0 0 0 0 0 0 0 0 0 0 3.40554e-19 8.25557e-10 4.06365e-05 0.00901517 0.133974 0.5 0.866026 0.990985 0.999959 1 1 1 1 1 1 1 1 1 1 1 1 1 1 1 1 1 1 
0 0 0 0 0 0 0 0 0 0 0 0 0 0 0 0 3.40604e-19 8.25581e-10 4.06367e-05 0.00901518 0.133974 0.5 0.866026 0.990985 0.999959 1 1 1 1 1 1 1 1 1 1 1 1 1 1 1 1 1 1 
