1 1 0.9875 0.975 0.9625 0.95 0.9375 0.925 0.9125 0.9 0.8875 0.875 0.8625 0.85 0.8375 0.825 0.8125 0.8 0.7875 0.775 0.7625 0.75 0.7375 0.725 0.7125 0.7 0.6875 0.675 0.6625 0.65 0.6375 0.625 0.6125 0.6 0.5875 0.575 0.5625 0.55 0.5375 0.525 0.5125 0.5 0.5 
1 1 1.00607 0.987187 0.974531 0.961875 0.949219 0.936563 0.923906 0.91125 0.898594 0.885937 0.873281 0.860625 0.847969 0.835313 0.822656 0.81 0.797344 0.784687 0.772031 0.759375 0.746719 0.734062 0.721406 0.70875 0.696094 0.683438 0.670781 0.658125 0.645469 0.632812 0.620156 0.6075 0.594844 0.582187 0.569531 0.556875 0.544219 0.531562 0.518906 0.503145 0.5 
1 1 1.00002 1.01512 0.983758 0.973975 0.96116 0.948344 0.935529 0.922713 0.909898 0.897082 0.884267 0.871452 0.858636 0.845821 0.833005 0.82019 0.807374 0.794559 0.781743 0.768928 0.756112 0.743297 0.730481 0.717666 0.70485 0.692035 0.67922 0.666404 0.653589 0.640773 0.627958 0.615142 0.602327 0.589511 0.576696 0.56388 0.551065 0.538249 0.526224 0.510242 0.496855 
1 1 0.999982 1.00015 1.02407 0.980103 0.973294 0.960317 0.94734 0.934362 0.921385 0.908408 0.89543 0.882453 0.869476 0.856499 0.843521 0.830544 0.817567 0.80459 0.791612 0.778635 0.765658 0.752681 0.739703 0.726726 0.713749 0.700772 0.687794 0.674817 0.66184 0.648863 0.635885 0.622908 0.609931 0.596954 0.583976 0.570999 0.558022 0.545045 0.533263 0.519387 0.489758 
1 1 1 0.999823 1.00059 1.02962 0.97944 0.972486 0.959344 0.946203 0.933061 0.919919 0.906778 0.893636 0.880494 0.867353 0.854211 0.841069 0.827927 0.814786 0.801644 0.788502 0.775361 0.762219 0.749077 0.735935 0.722794 0.709652 0.69651 0.683369 0.670227 0.657085 0.643944 0.630802 0.61766 0.604518 0.591377 0.578235 0.565093 0.551952 0.539622 0.529873 0.480613 
1 1 1 0.999994 0.9991 1.00175 1.03499 0.978671 0.971589 0.95828 0.94497 0.931661 0.918351 0.905042 0.891733 0.878423 0.865114 0.851804 0.838495 0.825185 0.811876 0.798566 0.785257 0.771948 0.758638 0.745329 0.732019 0.71871 0.7054 0.692091 0.678781 0.665472 0.652163 0.638853 0.625544 0.612234 0.598925 0.585615 0.572306 0.558997 0.545869 0.536695 0.470127 
1 1 1 1.00001 0.999957 0.996623 1.00484 1.04013 0.977815 0.970603 0.957122 0.943642 0.930161 0.91668 0.9032 0.889719 0.876239 0.862758 0.849277 0.835797 0.822316 0.808836 0.795355 0.781874 0.768394 0.754913 0.741433 0.727952 0.714471 0.700991 0.68751 0.67403 0.660549 0.647069 0.633588 0.620107 0.606627 0.593146 0.579666 0.566185 0.552744 0.542768 0.463305 
1 1 1 1 1.00005 0.999776 0.98896 1.01342 1.04502 0.976871 0.969527 0.955872 0.942216 0.928561 0.914906 0.90125 0.887595 0.87394 0.860284 0.846629 0.832974 0.819319 0.805663 0.792008 0.778353 0.764697 0.751042 0.737387 0.723731 0.710076 0.696421 0.682765 0.66911 0.655455 0.6418 0.628144 0.614489 0.600834 0.587178 0.573523 0.559876 0.54963 0.457232 
1 1 1 1 1 1.0003 0.998989 0.974545 1.02934 1.04963 0.975839 0.968362 0.954528 0.940695 0.926861 0.913027 0.899193 0.88536 0.871526 0.857692 0.843858 0.830025 0.816191 0.802357 0.788523 0.77469 0.760856 0.747022 0.733188 0.719355 0.705521 0.691687 0.677853 0.66402 0.650186 0.636352 0.622519 0.608685 0.594851 0.581017 0.567185 0.556775 0.45037 
1 1 1 1 0.999997 1.00002 1.00149 0.996275 0.956933 1.04963 1.05396 0.974721 0.967109 0.953093 0.939077 0.92506 0.911044 0.897028 0.883012 0.868996 0.85498 0.840964 0.826948 0.812932 0.798916 0.7849 0.770884 0.756868 0.742852 0.728836 0.714819 0.700803 0.686787 0.672771 0.658755 0.644739 0.630723 0.616707 0.602691 0.588675 0.574659 0.564105 0.443225 
1 1 1 1 1 0.999977 1.00012 1.00613 0.988471 0.957069 1.05396 1.058 0.973516 0.965767 0.951565 0.937362 0.92316 0.908957 0.894755 0.880552 0.86635 0.852148 0.837945 0.823743 0.80954 0.795338 0.781135 0.766933 0.75273 0.738528 0.724325 0.710123 0.695921 0.681718 0.667516 0.653313 0.639111 0.624908 0.610706 0.596503 0.582301 0.571605 0.435895 
1 1 1 1 1 0.999998 0.999853 1.00056 1.01967 0.971389 0.95785 1.058 1.06173 0.972226 0.964338 0.949945 0.935552 0.921159 0.906766 0.892373 0.87798 0.863587 0.849194 0.8348 0.820407 0.806014 0.791621 0.777228 0.762835 0.748442 0.734049 0.719656 0.705262 0.690869 0.676476 0.662083 0.64769 0.633297 0.618904 0.604511 0.590118 0.579278 0.428395 
1 1 1 1 1 1 0.999988 0.999228 1.00215 1.02896 0.95785 0.959203 1.06173 1.06515 0.970851 0.962823 0.948235 0.933647 0.919058 0.90447 0.889882 0.875294 0.860706 0.846117 0.831529 0.816941 0.802353 0.787764 0.773176 0.758588 0.744 0.729411 0.714823 0.700235 0.685647 0.671059 0.65647 0.641882 0.627294 0.612706 0.598117 0.587131 0.420722 
1 1 1 1 1 1 1.00001 0.999929 0.996649 1.00616 1.02417 0.956766 0.96227 1.06515 1.06826 0.969392 0.961222 0.946434 0.931646 0.916858 0.90207 0.887282 0.872494 0.857706 0.842918 0.82813 0.813342 0.798554 0.783766 0.768978 0.75419 0.739401 0.724613 0.709825 0.695037 0.680249 0.665461 0.650673 0.635885 0.621097 0.606309 0.595172 0.412869 
1 1 1 1 1 1 1 1.00009 0.999634 0.988722 1.01558 1.01927 0.952354 0.969387 1.06826 1.07107 0.967849 0.959535 0.944543 0.92955 0.914557 0.899565 0.884572 0.869579 0.854586 0.839594 0.824601 0.809608 0.794615 0.779623 0.76463 0.749637 0.734644 0.719652 0.704659 0.689666 0.674673 0.659681 0.644688 0.629695 0.614702 0.603411 0.404828 
1 1 1 1 1 1 0.999999 1.00001 1.00048 0.998427 0.986945 1.01927 1.01394 0.938555 0.986958 1.07107 1.07357 0.966225 0.957764 0.942562 0.927359 0.912157 0.896954 0.881751 0.866549 0.851346 0.836144 0.820941 0.805738 0.790536 0.775333 0.76013 0.744928 0.729725 0.714523 0.69932 0.684117 0.668915 0.653712 0.63851 0.623307 0.611858 0.396589 
1 1 1 1 1 1 1 0.999991 1.00005 1.00225 0.995654 0.989067 1.024 1.00209 0.904067 1.02743 1.07357 1.07579 0.964519 0.955909 0.940491 0.925073 0.909656 0.894238 0.87882 0.863402 0.847984 0.832566 0.817148 0.80173 0.786312 0.770895 0.755477 0.740059 0.724641 0.709223 0.693805 0.678387 0.662969 0.647551 0.632134 0.620522 0.388142 
1 1 1 1 1 1 1 0.999999 0.999941 1.00026 1.00482 0.992098 0.991315 1.04291 0.97072 0.871626 1.07136 1.07579 1.07772 0.962731 0.95397 0.938331 0.922692 0.907054 0.891415 0.875776 0.860137 0.844498 0.828859 0.81322 0.797582 0.781943 0.766304 0.750665 0.735026 0.719387 0.703748 0.68811 0.672471 0.656832 0.641193 0.629415 0.379478 
1 1 1 1 1 1 1 1 0.999994 0.999671 1.00087 1.00461 0.991315 0.994217 1.08165 0.912837 0.886904 1.07386 1.07772 1.07937 0.960863 0.951948 0.936082 0.920216 0.90435 0.888484 0.872619 0.856753 0.840887 0.825021 0.809155 0.79329 0.777424 0.761558 0.745692 0.729826 0.713961 0.698095 0.682229 0.666363 0.650497 0.638549 0.370585 
1 1 1 1 1 1 1 1 1.00001 0.999963 0.998653 1.00225 1.00358 0.988883 1.00042 1.09005 0.886904 0.900569 1.07607 1.07937 1.08052 0.9589 0.949812 0.933714 0.917615 0.901517 0.885418 0.86932 0.853221 0.837123 0.821024 0.804926 0.788827 0.772729 0.75663 0.740532 0.724433 0.708335 0.692236 0.676138 0.660039 0.647915 0.361451 
1 1 1 1 1 1 1 1 1 1.00004 0.999814 0.997724 1.00358 1.00231 0.979242 1.01476 1.07112 0.877989 0.925052 1.07824 1.08052 1.08063 0.956796 0.947503 0.931167 0.914831 0.898495 0.882158 0.865822 0.849486 0.83315 0.816813 0.800477 0.784141 0.767805 0.751468 0.735132 0.718796 0.702459 0.686123 0.669787 0.657484 0.352085 
1 1 1 1 1 1 1 1 0.999999 1 1.00024 0.999443 0.998158 1.00466 0.999223 0.955159 1.04355 1.05216 0.844478 0.975289 1.08041 1.08063 1.08172 0.954634 0.945244 0.928661 0.912078 0.895494 0.878911 0.862328 0.845745 0.829161 0.812578 0.795995 0.779412 0.762829 0.746245 0.729662 0.713079 0.696496 0.679912 0.667423 0.342516 
1 1 1 1 1 1 1 1 1 0.999995 1.00003 1.00077 0.998751 0.99864 1.00927 0.989956 0.953549 1.05216 1.02655 0.80431 1.04126 1.08041 1.08084 1.0825 0.952458 0.942898 0.92606 0.909223 0.892385 0.875548 0.85871 0.841873 0.825035 0.808198 0.79136 0.774523 0.757686 0.740848 0.724011 0.707173 0.690336 0.677655 0.332577 
1 1 1 1 1 1 1 1 1 0.999999 0.999967 1.00011 1.00072 0.99864 0.999411 1.02428 0.969737 0.960805 1.07513 0.968266 0.8009 1.07998 1.08041 1.08128 1.08306 0.950198 0.940464 0.923365 0.906266 0.889166 0.872067 0.854968 0.837868 0.820769 0.803669 0.78657 0.769471 0.752371 0.735272 0.718173 0.701073 0.688195 0.322345 
1 1 1 1 1 1 1 1 1 1 0.999996 0.999842 1.0003 1.00056 0.997988 1.00176 1.02791 0.960805 0.967675 1.14065 0.866015 0.837217 1.07998 1.07998 1.08215 1.08341 0.947855 0.937943 0.920574 0.903204 0.885835 0.868466 0.851096 0.833727 0.816358 0.798989 0.781619 0.76425 0.746881 0.729511 0.712142 0.699061 0.311805 
1 1 1 1 1 1 1 1 1 1 1 0.999973 0.999698 1.00053 1.00024 0.995136 1.00796 1.0193 0.956018 0.986641 1.12909 0.837217 0.875963 1.07998 1.07906 1.08324 1.07674 0.945051 0.934592 0.916958 0.899324 0.88169 0.864057 0.846423 0.828789 0.811155 0.793521 0.775887 0.758254 0.74062 0.722986 0.709706 0.300939 
1 1 1 1 1 1 1 1 1 1 1 1.00003 0.999915 0.999793 1.00075 0.999392 0.990843 1.01486 1.01138 0.933121 1.0228 1.09137 0.815844 0.933993 1.07994 1.07924 1.08913 1.06548 0.941855 0.931279 0.913369 0.89546 0.877551 0.859642 0.841733 0.823823 0.805914 0.788005 0.770096 0.752187 0.734277 0.72079 0.290294 
1 1 1 1 1 1 1 1 1 1 0.999999 1 1.00007 0.999849 0.999873 1.00188 0.997395 0.992791 1.01784 0.99961 0.899495 1.0679 1.05659 0.774388 1.01017 1.07993 1.0793 1.11166 1.04179 0.938883 0.928358 0.910155 0.891952 0.873749 0.855545 0.837342 0.819139 0.800936 0.782733 0.76453 0.746327 0.732618 0.27921 
1 1 1 1 1 1 1 1 1 1 1 0.999996 1.00001 1.00005 0.99983 1.00009 1.00349 0.994849 0.995187 1.03239 0.968768 0.918881 1.07809 0.996094 0.755338 1.07993 1.07991 1.07977 1.1565 0.992371 0.935921 0.925058 0.906557 0.888056 0.869555 0.851054 0.832552 0.814051 0.79555 0.777049 0.758548 0.744614 0.267382 
1 1 1 1 1 1 1 1 1 1 1 0.999999 0.999983 1.00004 1.00002 0.999636 1.00078 1.00232 0.994606 1.00007 1.05002 0.933384 0.940633 1.13735 0.869923 0.822379 1.07994 1.07988 1.08232 1.19191 0.944662 0.932421 0.92106 0.902263 0.883465 0.864668 0.845871 0.827074 0.808277 0.78948 0.770683 0.756526 0.255386 
1 1 1 1 1 1 1 1 1 1 1 1 0.999996 0.999991 1.00004 0.999948 0.999174 1.00167 1.00106 0.990902 1.01166 1.03043 0.929191 0.971615 1.12885 0.822379 0.874404 1.07994 1.0779 1.08957 1.17591 0.937193 0.932347 0.916492 0.897398 0.878305 0.859211 0.840118 0.821024 0.80193 0.782837 0.768457 0.243474 
1 1 1 1 1 1 1 1 1 1 1 1 1 0.999993 0.999999 1.00011 0.999749 0.999547 1.00209 0.998994 0.985009 1.02311 1.01355 0.901508 1.02424 1.07665 0.797033 0.948977 1.07977 1.06794 1.10361 1.15553 0.936179 0.932525 0.91197 0.892566 0.873162 0.853759 0.834355 0.814952 0.795548 0.780935 0.231543 
1 1 1 1 1 1 1 1 1 1 1 1 1 1 0.999989 1.00002 1.00022 0.999565 0.999888 1.00435 0.994339 0.990003 1.03031 0.986009 0.874321 1.07665 1.02374 0.769293 1.02984 1.07893 1.04501 1.12986 1.13766 0.935468 0.933498 0.907104 0.887825 0.868095 0.848366 0.828636 0.808907 0.794048 0.219065 
1 1 1 1 1 1 1 1 1 1 1 1 1 1 0.999999 0.999966 1.00007 1.00014 0.99932 1.0007 1.00692 0.990003 0.994521 1.0628 0.928104 0.903164 1.11897 0.923413 0.778325 1.07893 1.07668 1.04098 1.13766 1.12131 0.935113 0.937286 0.900243 0.88315 0.863078 0.843006 0.822935 0.807818 0.205952 
1 1 1 1 1 1 1 1 1 1 1 1 1 1 1 0.999994 0.999932 1.00013 1.00004 0.998269 1.00265 1.00485 0.986622 1.00502 1.06604 0.903164 0.927178 1.17412 0.811674 0.833559 1.08095 1.07207 1.04509 1.15354 1.0874 0.935498 0.943557 0.890896 0.878305 0.857879 0.837454 0.822071 0.192182 
1 1 1 1 1 1 1 1 1 1 1 1 1 1 1 1.00001 0.999978 0.999961 1.00018 0.999706 0.997043 1.00485 1.00208 0.973523 1.02812 1.03975 0.889251 0.972355 1.11817 0.802484 0.894993 1.08829 1.06134 1.052 1.20991 1.00696 0.937108 0.941521 0.885901 0.872804 0.852023 0.836372 0.177929 
1 1 1 1 1 1 1 1 1 1 1 1 1 1 1 1 1.00001 0.999963 1 1.0005 0.998845 0.998391 1.00666 0.994548 0.973017 1.03975 1.00922 0.847631 1.05299 1.05305 0.758133 1.00183 1.09343 1.052 1.06231 1.24902 0.937108 0.938095 0.937423 0.880255 0.866657 0.850737 0.163628 
1 1 1 1 1 1 1 1 1 1 1 1 1 1 1 0.999999 1.00001 1 0.999941 1.00013 1.00053 0.998391 1.00002 1.01278 0.98145 0.985981 1.05855 0.943454 0.89669 1.05305 0.971963 0.753302 1.09343 1.08759 1.04478 1.08507 1.21007 0.937354 0.938432 0.930858 0.872154 0.866926 0.149263 
1 1 1 1 1 1 1 1 1 1 1 1 1 1 1 1 1 1.00001 0.999992 0.999819 1.00035 1.00016 0.997325 1.00352 1.00727 0.978598 1.00094 1.07422 0.89669 0.927082 1.10223 0.846764 0.83389 1.0981 1.07725 1.01281 1.12833 1.17934 0.937597 0.94251 0.913844 0.87066 0.133074 
1 1 1 1 1 1 1 1 1 1 1 1 1 1 1 1 1 1 1.00002 0.999953 0.9999 1.00049 0.99956 0.995624 1.00671 1.00273 0.963012 1.02893 1.04504 0.8793 0.975822 1.06703 0.83389 0.881686 1.11534 1.05106 0.973552 1.17934 1.15456 0.938594 0.952938 0.917888 0.12934 
1 1 1 1 1 1 1 1 1 1 1 1 1 1 1 1 1 0.999999 1 1.00003 0.999918 0.999989 1.00113 0.998168 0.9973 1.0095 0.992742 0.959097 1.04504 1.01452 0.858986 1.02896 1.02178 0.81022 0.954213 1.144 1.00618 0.991506 1.20307 1.10625 0.941435 0.972448 0.0821118 
1 1 1 1 1 1 1 1 1 1 1 1 1 1 1 1 1 1 0.999995 1.00001 1.00001 0.999871 1.00024 1.00135 0.9973 0.999325 1.0204 0.972677 0.973456 1.06599 0.954739 0.895592 1.03397 0.965233 0.769617 1.05751 1.14152 0.991506 1.01011 1.27213 1.00875 0.947779 0.0275522 
1 1 1 1 1 1 1 1 1 1 1 1 1 1 1 1 1 1 0.999998 0.999999 1.00001 0.999984 0.999659 1.00077 1.00048 0.996143 1.00526 1.01006 0.972264 0.992413 1.08363 0.898075 0.929024 1.06953 0.852707 0.778153 1.14152 1.11727 0.980566 1.052 1.29175 0.99174 0.0522205 
1 1 1 1 1 1 1 1 1 1 1 1 1 1 1 1 1 1 1 0.999998 1 1.00003 0.999887 0.99991 1.00093 0.999274 0.994642 1.00987 1.00127 0.961454 1.02597 1.04041 0.884508 0.983466 1.0611 0.778153 0.871519 1.15921 1.07083 0.935648 1.1344 1.4524 0.00826014 
1 1 1 1 1 1 1 1 1 1 1 1 1 1 1 1 1 1 1 0.999999 0.999996 1.00002 0.999986 0.999878 1.00024 1.00155 0.996686 0.999362 1.01313 0.982445 0.971555 1.04041 0.987817 0.885483 1.0408 0.957308 0.75947 1.01711 1.18694 0.980763 0.859873 1.30211 -0.452404 
1 1 1 1 1 1 1 1 1 1 1 1 1 1 1 1 1 1 1 1 0.999997 1 1.00003 0.999939 0.999683 1.00082 1.00042 0.995255 1.00455 1.01413 0.971555 0.987213 1.06659 0.921284 0.925916 1.08008 0.831182 0.734351 1.15021 1.22595 0.871749 0.93497 -0.302106 
1 1 1 1 1 1 1 1 1 1 1 1 1 1 1 1 1 1 1 1 1 0.999996 1.00001 1.00009 0.999817 0.999893 1.00108 0.999123 0.993032 1.01018 1.00604 0.961995 1.01281 1.03909 0.918919 0.957459 1.08702 0.734351 0.757173 1.22595 1.17478 0.888385 0.0650297 
1 1 1 1 1 1 1 1 1 1 1 1 1 1 1 1 1 1 1 1 1 0.999999 0.999987 1.00003 1.00004 0.999769 1.00017 1.00231 0.996388 0.99617 1.01283 0.993954 0.950629 1.03835 1.01488 0.89726 1.00969 0.996332 0.728982 0.861107 1.27285 1.2555 0.111615 
1 1 1 1 1 1 1 1 1 1 1 1 1 1 1 1 1 1 1 1 1 1 0.999996 0.999993 1.00004 0.999981 0.999538 1.00095 1.00121 0.99617 0.999683 1.02344 0.969122 0.969813 1.05231 0.967114 0.925471 1.01725 0.899787 0.682337 1.02394 1.28972 -0.255496 
1 1 1 1 1 1 1 1 1 1 1 1 1 1 1 1 1 1 1 1 1 1 1 0.999993 1 1.00007 0.999836 0.99965 1.00121 1.00007 0.994237 1.00753 1.01108 0.968773 0.988157 1.06436 0.925471 0.948126 1.05835 0.744441 0.651059 1.19824 -0.289724 
1 1 1 1 1 1 1 1 1 1 1 1 1 1 1 1 1 1 1 1 1 1 1 1 0.999987 1.00002 1.00013 0.999708 0.999908 1.00197 0.998145 0.99344 1.01108 1.00373 0.956187 1.01524 1.0408 0.912274 0.984205 1.03497 0.651059 0.775997 -0.198244 
1 1 1 1 1 1 1 1 1 1 1 1 1 1 1 1 1 1 1 1 1 1 1 1 0.999999 0.999953 1.00006 1.00011 0.999524 1.00018 1.00407 0.995688 0.994093 1.01791 0.993879 0.934066 1.0408 1.03286 0.884039 1.02036 0.962011 0.690344 0.224003 
1 1 1 1 1 1 1 1 1 1 1 1 1 1 1 1 1 1 1 1 1 1 1 1 1 0.999995 0.999909 1.00011 1.00009 0.99892 1.00095 1.00527 0.994093 0.994889 1.03978 0.966792 0.939539 1.04861 1.01324 0.895643 1.06987 0.962542 0.309656 
1 1 1 1 1 1 1 1 1 1 1 1 1 1 1 1 1 1 1 1 1 1 1 1 1 1.00001 0.999981 0.999922 1.00013 0.999991 0.99715 1.00313 1.00454 0.993408 0.997834 1.05952 0.939539 0.947266 1.08023 0.967642 0.90983 1.15567 0.0374577 
1 1 1 1 1 1 1 1 1 1 1 1 1 1 1 1 1 1 1 1 1 1 1 1 1 1 1.00003 0.999948 0.999951 1.00024 0.999482 0.996729 1.00454 1.00303 0.990191 1.00844 1.04331 0.934598 0.969955 1.11317 0.911024 0.935978 -0.155671 
1 1 1 1 1 1 1 1 1 1 1 1 1 1 1 1 1 1 1 1 1 1 1 1 1 0.999998 1.00001 1.00002 0.999945 0.999982 1.00084 0.99852 0.997518 1.00575 1.00032 0.97613 1.0271 1.03117 0.908338 1.01054 1.09481 0.915276 0.0640217 
1 1 1 1 1 1 1 1 1 1 1 1 1 1 1 1 1 1 1 1 1 1 1 1 1 1 0.999991 1.00002 1.00002 0.999915 1.00009 1.00155 0.997518 0.998218 1.01023 0.993029 0.976643 1.03117 1.01714 0.872617 1.06214 1.21547 0.0847244 
1 1 1 1 1 1 1 1 1 1 1 1 1 1 1 1 1 1 1 1 1 1 1 1 1 1 0.999998 0.999994 1.00002 0.999999 0.999802 1.00049 1.00083 0.997068 1.00088 1.0142 0.982923 0.986134 1.04063 0.973309 0.824799 1.15831 -0.215465 
1 1 1 1 1 1 1 1 1 1 1 1 1 1 1 1 1 1 1 1 1 1 1 1 1 1 1 0.999996 0.999997 1.00003 0.999957 0.999601 1.00083 1.00032 0.994291 1.00592 1.00989 0.980666 0.995691 1.08644 0.885458 0.872813 -0.158312 
1 1 1 1 1 1 1 1 1 1 1 1 1 1 1 1 1 1 1 1 1 1 1 1 1 1 1 1 0.999994 1 1.00009 0.99986 0.999699 1.00127 0.999344 0.99153 1.00989 1.00744 0.968151 1.01336 1.07808 0.882898 0.127187 
1 1 1 1 1 1 1 1 1 1 1 1 1 1 1 1 1 1 1 1 1 1 1 1 1 1 0.999999 1 1 0.999988 1.00001 1.00018 0.99974 0.999812 1.00291 0.996962 0.992848 1.01202 1.00186 0.940906 1.04621 1.20259 0.117102 
1 1 1 1 1 1 1 1 1 1 1 1 1 1 1 1 1 1 1 1 1 1 1 1 1 1 1 1 1 0.999998 0.999971 1.00007 1.00011 0.999693 1.00039 1.00437 0.993789 0.996039 1.01879 0.981717 0.888642 1.12694 -0.202594 
1 1 1 1 1 1 1 1 1 1 1 1 1 1 1 1 1 1 1 1 1 1 1 1 1 1 1 1 1 1 0.999993 0.999942 1.00011 1.00006 0.999152 1.00145 1.00317 0.992062 1.00044 1.04631 0.934193 0.913837 -0.126942 
1 1 1 1 1 1 1 1 1 1 1 1 1 1 1 1 1 1 1 1 1 1 1 1 1 1 1 1 1 1 1.00001 0.999982 0.99995 1.00015 0.999977 0.998152 1.00262 1.00266 0.984415 1.00949 1.05828 0.931418 0.0861632 
1 1 1 1 1 1 1 1 1 1 1 1 1 1 1 1 1 1 1 1 1 1 1 1 1 1 1 1 1 0.999999 1 1.00002 0.999965 0.999961 1.00031 0.999709 0.998366 1.00266 1.00154 0.962321 1.03417 1.15472 0.0685821 
1 1 1 1 1 1 1 1 1 1 1 1 1 1 1 1 1 1 1 1 1 1 1 1 1 1 1 1 1 1 0.999998 1.00001 1.00002 0.999961 1.00001 1.00075 0.999009 0.998939 1.00347 0.994703 0.916499 1.09602 -0.154723 
1 1 1 1 1 1 1 1 1 1 1 1 1 1 1 1 1 1 1 1 1 1 1 1 1 1 1 1 1 1 1 0.999993 1.00001 1.00002 0.999923 1.00011 1.00066 0.998939 0.999331 1.01062 0.976758 0.931201 -0.0960185 
1 1 1 1 1 1 1 1 1 1 1 1 1 1 1 1 1 1 1 1 1 1 1 1 1 1 1 1 1 1 1 0.999999 0.999991 1.00002 1.00001 0.999735 1.00031 1.00064 0.998555 0.999782 1.03182 0.993397 0.0687992 
1 1 1 1 1 1 1 1 1 1 1 1 1 1 1 1 1 1 1 1 1 1 1 1 1 1 1 1 1 1 1 1 0.999998 0.999991 1.00002 1 0.999474 1.0006 1.00058 0.997404 1.00147 1.06737 0.00660344 
1 1 1 1 1 1 1 1 1 1 1 1 1 1 1 1 1 1 1 1 1 1 1 1 1 1 1 1 1 1 1 1 1 0.999995 0.999993 1.00003 0.99996 0.999545 1.00062 1.00035 0.993841 1.00733 -0.0673747 
1 1 1 1 1 1 1 1 1 1 1 1 1 1 1 1 1 1 1 1 1 1 1 1 1 1 1 1 1 1 1 1 1 1.00001 0.999993 0.999993 1.00009 0.999892 0.999552 1.00088 1.00002 0.993931 -0.00732624 
1 1 1 1 1 1 1 1 1 1 1 1 1 1 1 1 1 1 1 1 1 1 1 1 1 1 1 1 1 1 1 1 0.999999 1 1.00001 0.999993 0.999994 1.00026 0.999722 0.999553 1.00175 1.00515 0.00606887 
1 1 1 1 1 1 1 1 1 1 1 1 1 1 1 1 1 1 1 1 1 1 1 1 1 1 1 1 1 1 1 1 1 0.999998 1 1.00001 0.999992 0.999996 1.00043 0.999553 0.997869 1.00345 -0.00514899 
1 1 1 1 1 1 1 1 1 1 1 1 1 1 1 1 1 1 1 1 1 1 1 1 1 1 1 1 1 1 1 1 1 1 0.999996 1 1.00001 0.999988 1 1.00126 0.998707 0.997884 -0.00345207 
1 1 1 1 1 1 1 1 1 1 1 1 1 1 1 1 1 1 1 1 1 1 1 1 1 1 1 1 1 1 1 1 1 1 1 0.999994 1.00001 1.00001 0.999976 1.00001 1.00208 0.998704 0.0021155 
1 1 1 1 1 1 1 1 1 1 1 1 1 1 1 1 1 1 1 1 1 1 1 1 1 1 1 1 1 1 1 1 1 1 1 1 0.999995 1.00001 1.00001 0.999937 1.00005 1.00543 0.00129637 
1 1 1 1 1 1 1 1 1 1 1 1 1 1 1 1 1 1 1 1 1 1 1 1 1 1 1 1 1 1 1 1 1 1 1 1 1 0.999995 1.00001 1.00001 0.999822 1.00019 -0.00542838 
1 1 1 1 1 1 1 1 1 1 1 1 1 1 1 1 1 1 1 1 1 1 1 1 1 1 1 1 1 1 1 1 1 1 1 1 1 0.999999 0.999995 1.00001 1 0.999822 -0.000185432 
1 1 1 1 1 1 1 1 1 1 1 1 1 1 1 1 1 1 1 1 1 1 1 1 1 1 1 1 1 1 1 1 1 1 1 1 1 1 0.999997 0.999995 1.00001 1.00018 0.000178277 
1 1 1 1 1 1 1 1 1 1 1 1 1 1 1 1 1 1 1 1 1 1 1 1 1 1 1 1 1 1 1 1 1 1 1 1 1 1 1.00001 0.999995 0.99998 1.00002 -0.00018446 
1 1 1 1 1 1 1 1 1 1 1 1 1 1 1 1 1 1 1 1 1 1 1 1 1 1 1 1 1 1 1 1 1 1 1 1 1 1 1 1.00001 0.999987 0.99998 -2.32192e-05 
1 1 1 1 1 1 1 1 1 1 1 1 1 1 1 1 1 1 1 1 1 1 1 1 1 1 1 1 1 1 1 1 1 1 1 1 1 1 1 1 1.00002 0.999987 1.97453e-05 
1 1 1 1 1 1 1 1 1 1 1 1 1 1 1 1 1 1 1 1 1 1 1 1 1 1 1 1 1 1 1 1 1 1 1 1 1 1 1 1 1 1.00005 1.25897e-05 
1 1 1 1 1 1 1 1 1 1 1 1 1 1 1 1 1 1 1 1 1 1 1 1 1 1 1 1 1 1 1 1 1 1 1 1 1 1 1 1 0.999999 1 -5.20183e-05 
1 1 1 1 1 1 1 1 1 1 1 1 1 1 1 1 1 1 1 1 1 1 1 1 1 1 1 1 1 1 1 1 1 1 1 1 1 1 1 1 1 0.999999 -1.13658e-06 
1 1 1 1 1 1 1 1 1 1 1 1 1 1 1 1 1 1 1 1 1 1 1 1 1 1 1 1 1 1 1 1 1 1 1 1 1 1 1 1 1 1 1.16179e-06 
1 1 1 1 1 1 1 1 1 1 1 1 1 1 1 1 1 1 1 1 1 1 1 1 1 1 1 1 1 1 1 1 1 1 1 1 1 1 1 1 1 1 -1.1893e-06 
1 1 1 1 1 1 1 1 1 1 1 1 1 1 1 1 1 1 1 1 1 1 1 1 1 1 1 1 1 1 1 1 1 1 1 1 1 1 1 1 1 1 -4.19833e-08 
1 1 1 1 1 1 1 1 1 1 1 1 1 1 1 1 1 1 1 1 1 1 1 1 1 1 1 1 1 1 1 1 1 1 1 1 1 1 1 1 1 1 4.18177e-08 
1 1 1 1 1 1 1 1 1 1 1 1 1 1 1 1 1 1 1 1 1 1 1 1 1 1 1 1 1 1 1 1 1 1 1 1 1 1 1 1 1 1 -3.82406e-08 
