1 1 0.95 0.9 0.85 0.8 0.75 0.7 0.65 0.6 0.55 0.5 0.45 0.4 0.35 0.3 0.25 0.2 0.15 0.1 0.05 0 -0.05 -0.1 -0.15 -0.2 -0.25 -0.3 -0.35 -0.4 -0.45 -0.5 -0.55 -0.6 -0.65 -0.7 -0.75 -0.8 -0.85 -0.9 -0.95 -1 -1 
1 1 0.993313 0.927 0.8755 0.824 0.7725 0.721 0.6695 0.618 0.5665 0.515 0.4635 0.412 0.3605 0.309 0.2575 0.206 0.1545 0.103 0.0515 -1.65883e-18 -0.0515 -0.103 -0.1545 -0.206 -0.2575 -0.309 -0.3605 -0.412 -0.4635 -0.515 -0.5665 -0.618 -0.6695 -0.721 -0.7725 -0.824 -0.8755 -0.927 -0.993313 -1 -1 
1 1 0.997709 0.982362 0.899118 0.849462 0.79637 0.743279 0.690188 0.637096 0.584005 0.530914 0.477822 0.424731 0.371639 0.318548 0.265457 0.212365 0.159274 0.106183 0.0530914 -3.25261e-18 -0.0530914 -0.106183 -0.159274 -0.212365 -0.265457 -0.318548 -0.371639 -0.424731 -0.477822 -0.530914 -0.584005 -0.637096 -0.690188 -0.743279 -0.79637 -0.849462 -0.899118 -0.982362 -0.997709 -1 -1 
1 1 0.999282 0.992889 0.96385 0.868597 0.822615 0.766956 0.712173 0.657391 0.602608 0.547826 0.493043 0.438261 0.383478 0.328695 0.273913 0.21913 0.164348 0.109565 0.0547826 -4.68375e-18 -0.0547826 -0.109565 -0.164348 -0.21913 -0.273913 -0.328695 -0.383478 -0.438261 -0.493043 -0.547826 -0.602608 -0.657391 -0.712173 -0.766956 -0.822615 -0.868597 -0.96385 -0.992889 -0.999282 -1 -1 
1 1 0.99976 0.997462 0.984762 0.935313 0.837918 0.79508 0.735389 0.678999 0.622416 0.565832 0.509249 0.452666 0.396083 0.339499 0.282916 0.226333 0.16975 0.113166 0.0565832 -6.21248e-18 -0.0565832 -0.113166 -0.16975 -0.226333 -0.282916 -0.339499 -0.396083 -0.452666 -0.509249 -0.565832 -0.622416 -0.678999 -0.735389 -0.79508 -0.837918 -0.935313 -0.984762 -0.997462 -0.99976 -1 -1 
1 1 0.999919 0.999065 0.993878 0.973074 0.896306 0.807963 0.76612 0.701293 0.643584 0.585042 0.526538 0.468034 0.40953 0.351025 0.292521 0.234017 0.175513 0.117008 0.0585042 -7.90383e-18 -0.0585042 -0.117008 -0.175513 -0.234017 -0.292521 -0.351025 -0.40953 -0.468034 -0.526538 -0.585042 -0.643584 -0.701293 -0.76612 -0.807963 -0.896306 -0.973074 -0.993878 -0.999065 -0.999919 -1 -1 
1 1 0.999972 0.999655 0.997623 0.987683 0.956308 0.849342 0.778317 0.734413 0.664523 0.605747 0.545015 0.484463 0.423905 0.363347 0.302789 0.242232 0.181674 0.121116 0.0605579 -9.69277e-18 -0.0605579 -0.121116 -0.181674 -0.242232 -0.302789 -0.363347 -0.423905 -0.484463 -0.545015 -0.605747 -0.664523 -0.734413 -0.778317 -0.849342 -0.956308 -0.987683 -0.997623 -0.999655 -0.999972 -1 -1 
1 1 0.99999 0.999873 0.99905 0.995058 0.977752 0.926835 0.803139 0.748402 0.698629 0.625191 0.565218 0.502036 0.439309 0.376549 0.313791 0.251033 0.188275 0.125516 0.0627582 -1.16118e-17 -0.0627582 -0.125516 -0.188275 -0.251033 -0.313791 -0.376549 -0.439309 -0.502036 -0.565218 -0.625191 -0.698629 -0.748402 -0.803139 -0.926835 -0.977752 -0.995058 -0.99905 -0.999873 -0.99999 -1 -1 
1 1 0.999997 0.999953 0.999631 0.99787 0.990558 0.962713 0.878895 0.764463 0.717754 0.657935 0.583414 0.521595 0.455779 0.390732 0.325607 0.260486 0.195364 0.130243 0.0651214 -1.38236e-17 -0.0651214 -0.130243 -0.195364 -0.260486 -0.325607 -0.390732 -0.455779 -0.521595 -0.583414 -0.657935 -0.717754 -0.764463 -0.878895 -0.962713 -0.990558 -0.99787 -0.999631 -0.999953 -0.999997 -1 -1 
1 1 0.999999 0.999982 0.999855 0.999131 0.995747 0.982754 0.941004 0.818171 0.730244 0.684291 0.61231 0.539041 0.474382 0.405885 0.338339 0.270663 0.202998 0.135332 0.0676659 -1.64907e-17 -0.0676659 -0.135332 -0.202998 -0.270663 -0.338339 -0.405885 -0.474382 -0.539041 -0.61231 -0.684291 -0.730244 -0.818171 -0.941004 -0.982754 -0.995747 -0.999131 -0.999855 -0.999982 -0.999999 -1 -1 
1 1 1 0.999993 0.999943 0.99964 0.998177 0.992143 0.970064 0.903388 0.758986 0.696794 0.644714 0.562877 0.491554 0.423087 0.351945 0.281665 0.211238 0.140826 0.0704131 -1.92229e-17 -0.0704131 -0.140826 -0.211238 -0.281665 -0.351945 -0.423087 -0.491554 -0.562877 -0.644714 -0.696794 -0.758986 -0.903388 -0.970064 -0.992143 -0.998177 -0.99964 -0.999943 -0.999993 -1 -1 -1 
1 1 1 0.999998 0.999978 0.999853 0.999219 0.996457 0.98597 0.950602 0.840504 0.713408 0.662115 0.596763 0.511047 0.440079 0.367285 0.293461 0.220175 0.146775 0.0733879 -2.25406e-17 -0.0733879 -0.146775 -0.220175 -0.293461 -0.367285 -0.440079 -0.511047 -0.596763 -0.662115 -0.713408 -0.840504 -0.950602 -0.98597 -0.996457 -0.999219 -0.999853 -0.999978 -0.999998 -1 -1 -1 
1 1 1 0.999999 0.999991 0.99994 0.999668 0.998434 0.993489 0.975303 0.920408 0.764367 0.674695 0.622718 0.540929 0.456939 0.38355 0.306563 0.229816 0.153245 0.0766189 -2.60534e-17 -0.0766189 -0.153245 -0.229816 -0.306563 -0.38355 -0.456939 -0.540929 -0.622718 -0.674695 -0.764367 -0.920408 -0.975303 -0.993489 -0.998434 -0.999668 -0.99994 -0.999991 -0.999999 -1 -1 -1 
1 1 1 1 0.999997 0.999976 0.99986 0.999313 0.997016 0.988467 0.957861 0.863385 0.699151 0.636278 0.573622 0.480205 0.399197 0.321106 0.240379 0.160276 0.0801435 -3.01517e-17 -0.0801435 -0.160276 -0.240379 -0.321106 -0.399197 -0.480205 -0.573622 -0.636278 -0.699151 -0.863385 -0.957861 -0.988467 -0.997016 -0.999313 -0.99986 -0.999976 -0.999997 -1 -1 -1 -1 
1 1 1 1 0.999999 0.99999 0.999941 0.999701 0.998662 0.994527 0.979552 0.930525 0.777586 0.651071 0.594384 0.512696 0.417091 0.335839 0.252248 0.167941 0.0839977 -3.46403e-17 -0.0839977 -0.167941 -0.252248 -0.335839 -0.417091 -0.512696 -0.594384 -0.651071 -0.777586 -0.930525 -0.979552 -0.994527 -0.998662 -0.999701 -0.999941 -0.99999 -0.999999 -1 -1 -1 -1 
1 1 1 1 0.999999 0.999996 0.999976 0.999871 0.9994 0.997485 0.990242 0.964061 0.881413 0.689716 0.607048 0.542491 0.442975 0.350742 0.265109 0.176482 0.0882147 -3.99095e-17 -0.0882147 -0.176482 -0.265109 -0.350742 -0.442975 -0.542491 -0.607048 -0.689716 -0.881413 -0.964061 -0.990242 -0.997485 -0.9994 -0.999871 -0.999976 -0.999996 -0.999999 -1 -1 -1 -1 
1 1 1 1 1 0.999998 0.99999 0.999945 0.999735 0.99885 0.995383 0.982649 0.938447 0.791839 0.625944 0.559964 0.475511 0.369299 0.278143 0.186069 0.0928724 -4.54389e-17 -0.0928724 -0.186069 -0.278143 -0.369299 -0.475511 -0.559964 -0.625944 -0.791839 -0.938447 -0.982649 -0.995383 -0.99885 -0.999735 -0.999945 -0.99999 -0.999998 -1 -1 -1 -1 -1 
1 1 1 1 1 0.999999 0.999996 0.999976 0.999883 0.999479 0.997855 0.991675 0.968761 0.894083 0.683951 0.573463 0.502528 0.395792 0.292027 0.196412 0.0981129 -5.15538e-17 -0.0981129 -0.196412 -0.292027 -0.395792 -0.502528 -0.573463 -0.683951 -0.894083 -0.968761 -0.991675 -0.997855 -0.999479 -0.999883 -0.999976 -0.999996 -0.999999 -1 -1 -1 -1 -1 
1 1 1 1 1 1 0.999998 0.99999 0.999949 0.999766 0.999011 0.996048 0.985036 0.944569 0.804228 0.598395 0.518438 0.426833 0.309882 0.207111 0.10402 -5.87095e-17 -0.10402 -0.207111 -0.309882 -0.426833 -0.518438 -0.598395 -0.804228 -0.944569 -0.985036 -0.996048 -0.999011 -0.999766 -0.999949 -0.99999 -0.999998 -1 -1 -1 -1 -1 -1 
1 1 1 1 1 1 0.999999 0.999996 0.999978 0.999896 0.999547 0.998157 0.992784 0.972418 0.902026 0.678263 0.533583 0.451755 0.334708 0.218871 0.110469 -6.72964e-17 -0.110469 -0.218871 -0.334708 -0.451755 -0.533583 -0.678263 -0.902026 -0.972418 -0.992784 -0.998157 -0.999547 -0.999896 -0.999978 -0.999996 -0.999999 -1 -1 -1 -1 -1 -1 
1 1 1 1 1 1 1 0.999998 0.99999 0.999954 0.999795 0.999143 0.99658 0.986799 0.94923 0.81196 0.56648 0.467221 0.363076 0.233971 0.117303 -7.73145e-17 -0.117303 -0.233971 -0.363076 -0.467221 -0.56648 -0.81196 -0.94923 -0.986799 -0.99658 -0.999143 -0.999795 -0.999954 -0.99999 -0.999998 -1 -1 -1 -1 -1 -1 -1 
1 1 1 1 1 1 1 0.999999 0.999996 0.99998 0.999907 0.999605 0.998397 0.993654 0.975061 0.906529 0.667344 0.484349 0.386168 0.254564 0.124904 -8.99346e-17 -0.124904 -0.254564 -0.386168 -0.484349 -0.667344 -0.906529 -0.975061 -0.993654 -0.998397 -0.999605 -0.999907 -0.99998 -0.999996 -0.999999 -1 -1 -1 -1 -1 -1 -1 
1 1 1 1 1 1 1 1 0.999998 0.999991 0.999958 0.999819 0.999251 0.996992 0.988107 0.952243 0.812729 0.525765 0.401636 0.278373 0.13451 -1.04506e-16 -0.13451 -0.278373 -0.401636 -0.525765 -0.812729 -0.952243 -0.988107 -0.996992 -0.999251 -0.999819 -0.999958 -0.999991 -0.999998 -1 -1 -1 -1 -1 -1 -1 -1 
1 1 1 1 1 1 1 1 0.999999 0.999996 0.999981 0.999918 0.999653 0.998587 0.994304 0.97681 0.907531 0.644851 0.420266 0.298778 0.147517 -1.2142e-16 -0.147517 -0.298778 -0.420266 -0.644851 -0.907531 -0.97681 -0.994304 -0.998587 -0.999653 -0.999918 -0.999981 -0.999996 -0.999999 -1 -1 -1 -1 -1 -1 -1 -1 
1 1 1 1 1 1 1 1 1 0.999998 0.999992 0.999963 0.99984 0.999339 0.997305 0.988993 0.953481 0.80312 0.467929 0.313513 0.163169 -1.45879e-16 -0.163169 -0.313513 -0.467929 -0.80312 -0.953481 -0.988993 -0.997305 -0.999339 -0.99984 -0.999963 -0.999992 -0.999998 -1 -1 -1 -1 -1 -1 -1 -1 -1 
1 1 1 1 1 1 1 1 1 0.999999 0.999996 0.999983 0.999927 0.999692 0.998734 0.994759 0.977608 0.903943 0.600526 0.331548 0.177588 -1.80487e-16 -0.177588 -0.331548 -0.600526 -0.903943 -0.977608 -0.994759 -0.998734 -0.999692 -0.999927 -0.999983 -0.999996 -0.999999 -1 -1 -1 -1 -1 -1 -1 -1 -1 
1 1 1 1 1 1 1 1 1 1 0.999998 0.999992 0.999967 0.999858 0.999407 0.997527 0.989452 0.952381 0.775859 0.378332 0.188447 -2.16396e-16 -0.188447 -0.378332 -0.775859 -0.952381 -0.989452 -0.997527 -0.999407 -0.999858 -0.999967 -0.999992 -0.999998 -1 -1 -1 -1 -1 -1 -1 -1 -1 -1 
1 1 1 1 1 1 1 1 1 1 0.999999 0.999997 0.999985 0.999934 0.999724 0.99884 0.995013 0.977225 0.89233 0.51471 0.20084 -2.3357e-16 -0.20084 -0.51471 -0.89233 -0.977225 -0.995013 -0.99884 -0.999724 -0.999934 -0.999985 -0.999997 -0.999999 -1 -1 -1 -1 -1 -1 -1 -1 -1 -1 
1 1 1 1 1 1 1 1 1 1 1 0.999999 0.999993 0.99997 0.999872 0.999457 0.997656 0.98937 0.947483 0.71147 0.232307 -2.44108e-16 -0.232307 -0.71147 -0.947483 -0.98937 -0.997656 -0.999457 -0.999872 -0.99997 -0.999993 -0.999999 -1 -1 -1 -1 -1 -1 -1 -1 -1 -1 -1 
1 1 1 1 1 1 1 1 1 1 1 0.999999 0.999997 0.999986 0.999941 0.999747 0.998905 0.995021 0.974967 0.862159 0.346267 -2.61542e-16 -0.346267 -0.862159 -0.974967 -0.995021 -0.998905 -0.999747 -0.999941 -0.999986 -0.999997 -0.999999 -1 -1 -1 -1 -1 -1 -1 -1 -1 -1 -1 
1 1 1 1 1 1 1 1 1 1 1 1 0.999999 0.999994 0.999973 0.999883 0.999489 0.997672 0.988405 0.934325 0.553781 -3.41166e-16 -0.553781 -0.934325 -0.988405 -0.997672 -0.999489 -0.999883 -0.999973 -0.999994 -0.999999 -1 -1 -1 -1 -1 -1 -1 -1 -1 -1 -1 -1 
1 1 1 1 1 1 1 1 1 1 1 1 0.999999 0.999997 0.999988 0.999946 0.999762 0.998917 0.994636 0.968811 0.769016 -8.65746e-16 -0.769016 -0.968811 -0.994636 -0.998917 -0.999762 -0.999946 -0.999988 -0.999997 -0.999999 -1 -1 -1 -1 -1 -1 -1 -1 -1 -1 -1 -1 
1 1 1 1 1 1 1 1 1 1 1 1 1 0.999999 0.999994 0.999975 0.99989 0.999497 0.997512 0.985516 0.893001 -1.73172e-15 -0.893001 -0.985516 -0.997512 -0.999497 -0.99989 -0.999975 -0.999994 -0.999999 -1 -1 -1 -1 -1 -1 -1 -1 -1 -1 -1 -1 -1 
1 1 1 1 1 1 1 1 1 1 1 1 1 0.999999 0.999997 0.999988 0.999949 0.999767 0.998848 0.993365 0.949288 -2.33124e-15 -0.949288 -0.993365 -0.998848 -0.999767 -0.999949 -0.999988 -0.999997 -0.999999 -1 -1 -1 -1 -1 -1 -1 -1 -1 -1 -1 -1 -1 
1 1 1 1 1 1 1 1 1 1 1 1 1 1 0.999999 0.999995 0.999976 0.999892 0.999468 0.996952 0.975738 -2.73092e-15 -0.975738 -0.996952 -0.999468 -0.999892 -0.999976 -0.999995 -0.999999 -1 -1 -1 -1 -1 -1 -1 -1 -1 -1 -1 -1 -1 -1 
1 1 1 1 1 1 1 1 1 1 1 1 1 1 0.999999 0.999998 0.999989 0.99995 0.999754 0.998593 0.988387 -2.89745e-15 -0.988387 -0.998593 -0.999754 -0.99995 -0.999989 -0.999998 -0.999999 -1 -1 -1 -1 -1 -1 -1 -1 -1 -1 -1 -1 -1 -1 
1 1 1 1 1 1 1 1 1 1 1 1 1 1 1 0.999999 0.999995 0.999977 0.999886 0.999348 0.994455 -2.96407e-15 -0.994455 -0.999348 -0.999886 -0.999977 -0.999995 -0.999999 -1 -1 -1 -1 -1 -1 -1 -1 -1 -1 -1 -1 -1 -1 -1 
1 1 1 1 1 1 1 1 1 1 1 1 1 1 1 1 0.999998 0.999989 0.999948 0.999697 0.997361 -2.96407e-15 -0.997361 -0.999697 -0.999948 -0.999989 -0.999998 -1 -1 -1 -1 -1 -1 -1 -1 -1 -1 -1 -1 -1 -1 -1 -1 
1 1 1 1 1 1 1 1 1 1 1 1 1 1 1 1 0.999999 0.999995 0.999976 0.999859 0.998748 -2.96407e-15 -0.998748 -0.999859 -0.999976 -0.999995 -0.999999 -1 -1 -1 -1 -1 -1 -1 -1 -1 -1 -1 -1 -1 -1 -1 -1 
1 1 1 1 1 1 1 1 1 1 1 1 1 1 1 1 1 0.999998 0.999989 0.999935 0.999408 -2.96407e-15 -0.999408 -0.999935 -0.999989 -0.999998 -1 -1 -1 -1 -1 -1 -1 -1 -1 -1 -1 -1 -1 -1 -1 -1 -1 
1 1 1 1 1 1 1 1 1 1 1 1 1 1 1 1 1 0.999999 0.999995 0.99997 0.999721 -2.96407e-15 -0.999721 -0.99997 -0.999995 -0.999999 -1 -1 -1 -1 -1 -1 -1 -1 -1 -1 -1 -1 -1 -1 -1 -1 -1 
1 1 1 1 1 1 1 1 1 1 1 1 1 1 1 1 1 1 0.999998 0.999986 0.999868 -2.96407e-15 -0.999868 -0.999986 -0.999998 -1 -1 -1 -1 -1 -1 -1 -1 -1 -1 -1 -1 -1 -1 -1 -1 -1 -1 
1 1 1 1 1 1 1 1 1 1 1 1 1 1 1 1 1 1 0.999999 0.999993 0.999938 -2.96407e-15 -0.999938 -0.999993 -0.999999 -1 -1 -1 -1 -1 -1 -1 -1 -1 -1 -1 -1 -1 -1 -1 -1 -1 -1 
1 1 1 1 1 1 1 1 1 1 1 1 1 1 1 1 1 1 0.999999 0.999997 0.999971 -2.96407e-15 -0.999971 -0.999997 -0.999999 -1 -1 -1 -1 -1 -1 -1 -1 -1 -1 -1 -1 -1 -1 -1 -1 -1 -1 
1 1 1 1 1 1 1 1 1 1 1 1 1 1 1 1 1 1 1 0.999999 0.999986 -2.96407e-15 -0.999986 -0.999999 -1 -1 -1 -1 -1 -1 -1 -1 -1 -1 -1 -1 -1 -1 -1 -1 -1 -1 -1 
1 1 1 1 1 1 1 1 1 1 1 1 1 1 1 1 1 1 1 0.999999 0.999994 -2.96407e-15 -0.999994 -0.999999 -1 -1 -1 -1 -1 -1 -1 -1 -1 -1 -1 -1 -1 -1 -1 -1 -1 -1 -1 
1 1 1 1 1 1 1 1 1 1 1 1 1 1 1 1 1 1 1 1 0.999997 -2.96407e-15 -0.999997 -1 -1 -1 -1 -1 -1 -1 -1 -1 -1 -1 -1 -1 -1 -1 -1 -1 -1 -1 -1 
1 1 1 1 1 1 1 1 1 1 1 1 1 1 1 1 1 1 1 1 0.999999 -2.96407e-15 -0.999999 -1 -1 -1 -1 -1 -1 -1 -1 -1 -1 -1 -1 -1 -1 -1 -1 -1 -1 -1 -1 
1 1 1 1 1 1 1 1 1 1 1 1 1 1 1 1 1 1 1 1 0.999999 -2.96407e-15 -0.999999 -1 -1 -1 -1 -1 -1 -1 -1 -1 -1 -1 -1 -1 -1 -1 -1 -1 -1 -1 -1 
1 1 1 1 1 1 1 1 1 1 1 1 1 1 1 1 1 1 1 1 1 -2.96407e-15 -1 -1 -1 -1 -1 -1 -1 -1 -1 -1 -1 -1 -1 -1 -1 -1 -1 -1 -1 -1 -1 
1 1 1 1 1 1 1 1 1 1 1 1 1 1 1 1 1 1 1 1 1 -2.96407e-15 -1 -1 -1 -1 -1 -1 -1 -1 -1 -1 -1 -1 -1 -1 -1 -1 -1 -1 -1 -1 -1 
1 1 1 1 1 1 1 1 1 1 1 1 1 1 1 1 1 1 1 1 1 -2.96407e-15 -1 -1 -1 -1 -1 -1 -1 -1 -1 -1 -1 -1 -1 -1 -1 -1 -1 -1 -1 -1 -1 
