1 1 0.95 0.9 0.85 0.8 0.75 0.7 0.65 0.6 0.55 0.5 0.45 0.4 0.35 0.3 0.25 0.2 0.15 0.1 0.05 0 -0.05 -0.1 -0.15 -0.2 -0.25 -0.3 -0.35 -0.4 -0.45 -0.5 -0.55 -0.6 -0.65 -0.7 -0.75 -0.8 -0.85 -0.9 -0.95 -1 -1 
1 1 1.0085 0.9555 0.9025 0.8495 0.7965 0.7435 0.6905 0.6375 0.5845 0.5315 0.4785 0.4255 0.3725 0.3195 0.2665 0.2135 0.1605 0.1075 0.0545 -6.50521e-18 -0.0545 -0.1075 -0.1605 -0.2135 -0.2665 -0.3195 -0.3725 -0.4255 -0.4785 -0.5315 -0.5845 -0.6375 -0.6905 -0.7435 -0.7965 -0.8495 -0.9025 -0.9555 -1.0085 -1 -1 
1 1 0.998343 1.01743 0.961086 0.904744 0.848402 0.792059 0.735717 0.679374 0.623032 0.56669 0.510347 0.454005 0.397663 0.34132 0.284978 0.228635 0.172293 0.115951 0.0596082 -1.42457e-17 -0.0596082 -0.115951 -0.172293 -0.228635 -0.284978 -0.34132 -0.397663 -0.454005 -0.510347 -0.56669 -0.623032 -0.679374 -0.735717 -0.792059 -0.848402 -0.904744 -0.961086 -1.01743 -0.998343 -1 -1 
1 1 1.0003 0.994741 1.02683 0.966739 0.906652 0.846566 0.786479 0.726393 0.666306 0.60622 0.546133 0.486047 0.42596 0.365874 0.305787 0.245701 0.185614 0.125528 0.0654414 -2.29412e-17 -0.0654414 -0.125528 -0.185614 -0.245701 -0.305787 -0.365874 -0.42596 -0.486047 -0.546133 -0.60622 -0.666306 -0.726393 -0.786479 -0.846566 -0.906652 -0.966739 -1.02683 -0.994741 -1.0003 -1 -1 
1 1 0.99995 1.00122 0.988925 1.03673 0.972427 0.908121 0.843816 0.77951 0.715204 0.650898 0.586592 0.522287 0.457981 0.393675 0.329369 0.265064 0.200758 0.136452 0.0721463 -3.30776e-17 -0.0721463 -0.136452 -0.200758 -0.265064 -0.329369 -0.393675 -0.457981 -0.522287 -0.586592 -0.650898 -0.715204 -0.77951 -0.843816 -0.908121 -0.972427 -1.03673 -0.988925 -1.00122 -0.99995 -1 -1 
1 1 1.00001 0.99975 1.00308 0.980686 1.0472 0.978109 0.909016 0.839924 0.770832 0.70174 0.632647 0.563555 0.494463 0.425371 0.356279 0.287186 0.218094 0.149002 0.0799096 -4.56271e-17 -0.0799096 -0.149002 -0.218094 -0.287186 -0.356279 -0.425371 -0.494463 -0.563555 -0.632647 -0.70174 -0.770832 -0.839924 -0.909016 -0.978109 -1.0472 -0.980686 -1.00308 -0.99975 -1.00001 -1 -1 
1 1 0.999999 1.00005 0.999258 1.00614 0.969918 1.05828 0.983722 0.909159 0.834597 0.760034 0.685472 0.610909 0.536347 0.461784 0.387222 0.312659 0.238096 0.163534 0.0889714 -6.20268e-17 -0.0889714 -0.163534 -0.238096 -0.312659 -0.387222 -0.461784 -0.536347 -0.610909 -0.685472 -0.760034 -0.834597 -0.909159 -0.983722 -1.05828 -0.969918 -1.00614 -0.999258 -1.00005 -0.999999 -1 -1 
1 1 1 0.999993 1.00015 0.998315 1.0105 0.956672 1.07004 0.989178 0.908311 0.827445 0.746578 0.665712 0.584845 0.503979 0.423112 0.342245 0.261379 0.180512 0.0996458 -8.1697e-17 -0.0996458 -0.180512 -0.261379 -0.342245 -0.423112 -0.503979 -0.584845 -0.665712 -0.746578 -0.827445 -0.908311 -0.989178 -1.07004 -0.956672 -1.0105 -0.998315 -1.00015 -0.999993 -1 -1 -1 
1 1 1 1 0.999973 1.00037 0.996775 1.01605 0.941205 1.08255 0.994351 0.906151 0.817951 0.72975 0.64155 0.55335 0.46515 0.37695 0.28875 0.200549 0.112349 -1.05042e-16 -0.112349 -0.200549 -0.28875 -0.37695 -0.46515 -0.55335 -0.64155 -0.72975 -0.817951 -0.906151 -0.994351 -1.08255 -0.941205 -1.01605 -0.996775 -1.00037 -0.999973 -1 -1 -1 -1 
1 1 1 1 1 0.99993 1.00076 0.994547 1.02239 0.924009 1.09588 0.999056 0.902233 0.805409 0.708586 0.611762 0.514939 0.418115 0.321292 0.224469 0.127645 -1.34847e-16 -0.127645 -0.224469 -0.321292 -0.418115 -0.514939 -0.611762 -0.708586 -0.805409 -0.902233 -0.999056 -1.09588 -0.924009 -1.02239 -0.994547 -1.00076 -0.99993 -1 -1 -1 -1 -1 
1 1 1 1 0.999999 1.00001 0.999851 1.00133 0.991643 1.02885 0.905808 1.11011 1.00302 0.895934 0.788845 0.681756 0.574667 0.467578 0.360489 0.2534 0.146311 -1.69039e-16 -0.146311 -0.2534 -0.360489 -0.467578 -0.574667 -0.681756 -0.788845 -0.895934 -1.00302 -1.11011 -0.905808 -1.02885 -0.991643 -1.00133 -0.999851 -1.00001 -0.999999 -1 -1 -1 -1 
1 1 1 1 1 0.999999 1.00002 0.999731 1.00208 0.988218 1.03447 0.887507 1.12533 1.00585 0.88636 0.766874 0.647389 0.527903 0.408418 0.288932 0.169447 -2.12168e-16 -0.169447 -0.288932 -0.408418 -0.527903 -0.647389 -0.766874 -0.88636 -1.00585 -1.12533 -0.887507 -1.03447 -0.988218 -1.00208 -0.999731 -1.00002 -0.999999 -1 -1 -1 -1 -1 
1 1 1 1 1 1 0.999997 1.00004 0.999573 1.00293 0.984589 1.03811 0.870099 1.14162 1.00691 0.872197 0.737487 0.602777 0.468068 0.333358 0.198648 -2.67663e-16 -0.198648 -0.333358 -0.468068 -0.602777 -0.737487 -0.872197 -1.00691 -1.14162 -0.870099 -1.03811 -0.984589 -1.00293 -0.999573 -1.00004 -0.999997 -1 -1 -1 -1 -1 -1 
1 1 1 1 1 1 1 0.999994 1.00007 0.999397 1.00374 0.981214 1.0386 0.854541 1.15902 1.00524 0.851452 0.697667 0.543883 0.390099 0.236314 -3.36954e-16 -0.236314 -0.390099 -0.543883 -0.697667 -0.851452 -1.00524 -1.15902 -0.854541 -1.0386 -0.981214 -1.00374 -0.999397 -1.00007 -0.999994 -1 -1 -1 -1 -1 -1 -1 
1 1 1 1 1 1 1 1 0.999992 1.00009 0.999236 1.00436 0.978596 1.03492 0.841638 1.17753 0.999264 0.820994 0.642724 0.464454 0.286183 -4.30349e-16 -0.286183 -0.464454 -0.642724 -0.820994 -0.999264 -1.17753 -0.841638 -1.03492 -0.978596 -1.00436 -0.999236 -1.00009 -0.999992 -1 -1 -1 -1 -1 -1 -1 -1 
1 1 1 1 1 1 1 1 1 0.99999 1.00011 0.999129 1.00463 0.977134 1.02645 0.831948 1.197 0.986339 0.775682 0.565025 0.354368 -5.57632e-16 -0.354368 -0.565025 -0.775682 -0.986339 -1.197 -0.831948 -1.02645 -0.977134 -1.00463 -0.999129 -1.00011 -0.99999 -1 -1 -1 -1 -1 -1 -1 -1 -1 
1 1 1 1 1 1 1 1 1 1 0.99999 1.00011 0.999104 1.00445 0.976921 1.01314 0.825736 1.21688 0.961738 0.706594 0.451449 -7.38496e-16 -0.451449 -0.706594 -0.961738 -1.21688 -0.825736 -1.01314 -0.976921 -1.00445 -0.999104 -1.00011 -0.99999 -1 -1 -1 -1 -1 -1 -1 -1 -1 -1 
1 1 1 1 1 1 1 1 1 1 1 0.999991 1.00009 0.999169 1.00382 0.977601 0.995648 0.822943 1.23581 0.916474 0.597134 -9.8483e-16 -0.597134 -0.916474 -1.23581 -0.822943 -0.995648 -0.977601 -1.00382 -0.999169 -1.00009 -0.999991 -1 -1 -1 -1 -1 -1 -1 -1 -1 -1 -1 
1 1 1 1 1 1 1 1 1 1 1 1 0.999994 1.00007 0.999297 1.00282 0.978359 0.975432 0.82313 1.25017 0.831808 -1.4969e-15 -0.831808 -1.25017 -0.82313 -0.975432 -0.978359 -1.00282 -0.999297 -1.00007 -0.999994 -1 -1 -1 -1 -1 -1 -1 -1 -1 -1 -1 -1 
1 1 1 1 1 1 1 1 1 1 1 1 1 0.999997 1.00004 0.999435 1.00162 0.978176 0.954596 0.825245 1.24984 -2.50929e-15 -1.24984 -0.825245 -0.954596 -0.978176 -1.00162 -0.999435 -1.00004 -0.999997 -1 -1 -1 -1 -1 -1 -1 -1 -1 -1 -1 -1 -1 
1 1 1 1 1 1 1 1 1 1 1 1 1 1 0.999999 1.00001 0.999521 1.00045 0.976475 0.935767 0.826872 -4.64119e-15 -0.826872 -0.935767 -0.976475 -1.00045 -0.999521 -1.00001 -0.999999 -1 -1 -1 -1 -1 -1 -1 -1 -1 -1 -1 -1 -1 -1 
1 1 1 1 1 1 1 1 1 1 1 1 1 1 1 0.999996 1.00011 0.999335 1.00491 0.982452 0.941985 -3.57586e-15 -0.941985 -0.982452 -1.00491 -0.999335 -1.00011 -0.999996 -1 -1 -1 -1 -1 -1 -1 -1 -1 -1 -1 -1 -1 -1 -1 
1 1 1 1 1 1 1 1 1 1 1 1 1 1 1 1 0.999974 1.00026 0.998239 1.0091 0.988483 -2.44896e-15 -0.988483 -1.0091 -0.998239 -1.00026 -0.999974 -1 -1 -1 -1 -1 -1 -1 -1 -1 -1 -1 -1 -1 -1 -1 -1 
1 1 1 1 1 1 1 1 1 1 1 1 1 1 1 1 1.00001 0.99992 1.00064 0.996138 1.01296 -2.71301e-15 -1.01296 -0.996138 -1.00064 -0.99992 -1.00001 -1 -1 -1 -1 -1 -1 -1 -1 -1 -1 -1 -1 -1 -1 -1 -1 
1 1 1 1 1 1 1 1 1 1 1 1 1 1 1 1 0.999999 1.00002 0.999786 1.00146 0.99294 -1.66084e-15 -0.99294 -1.00146 -0.999786 -1.00002 -0.999999 -1 -1 -1 -1 -1 -1 -1 -1 -1 -1 -1 -1 -1 -1 -1 -1 
1 1 1 1 1 1 1 1 1 1 1 1 1 1 1 1 1 0.999994 1.00007 0.999452 1.00313 -2.19296e-15 -1.00313 -0.999452 -1.00007 -0.999994 -1 -1 -1 -1 -1 -1 -1 -1 -1 -1 -1 -1 -1 -1 -1 -1 -1 
1 1 1 1 1 1 1 1 1 1 1 1 1 1 1 1 1 1 0.999979 1.00019 0.998726 -2.45859e-15 -0.998726 -1.00019 -0.999979 -1 -1 -1 -1 -1 -1 -1 -1 -1 -1 -1 -1 -1 -1 -1 -1 -1 -1 
1 1 1 1 1 1 1 1 1 1 1 1 1 1 1 1 1 1 1.00001 0.999937 1.00048 -2.72499e-15 -1.00048 -0.999937 -1.00001 -1 -1 -1 -1 -1 -1 -1 -1 -1 -1 -1 -1 -1 -1 -1 -1 -1 -1 
1 1 1 1 1 1 1 1 1 1 1 1 1 1 1 1 1 1 0.999998 1.00002 0.999829 -1.39336e-15 -0.999829 -1.00002 -0.999998 -1 -1 -1 -1 -1 -1 -1 -1 -1 -1 -1 -1 -1 -1 -1 -1 -1 -1 
1 1 1 1 1 1 1 1 1 1 1 1 1 1 1 1 1 1 1 0.999994 1.00006 -3.7914e-15 -1.00006 -0.999994 -1 -1 -1 -1 -1 -1 -1 -1 -1 -1 -1 -1 -1 -1 -1 -1 -1 -1 -1 
1 1 1 1 1 1 1 1 1 1 1 1 1 1 1 1 1 1 1 1 0.999981 -6.12651e-17 -0.999981 -1 -1 -1 -1 -1 -1 -1 -1 -1 -1 -1 -1 -1 -1 -1 -1 -1 -1 -1 -1 
1 1 1 1 1 1 1 1 1 1 1 1 1 1 1 1 1 1 1 1 1.00001 -3.39193e-15 -1.00001 -1 -1 -1 -1 -1 -1 -1 -1 -1 -1 -1 -1 -1 -1 -1 -1 -1 -1 -1 -1 
1 1 1 1 1 1 1 1 1 1 1 1 1 1 1 1 1 1 1 1 0.999998 -7.27409e-16 -0.999998 -1 -1 -1 -1 -1 -1 -1 -1 -1 -1 -1 -1 -1 -1 -1 -1 -1 -1 -1 -1 
1 1 1 1 1 1 1 1 1 1 1 1 1 1 1 1 1 1 1 1 1 -2.59258e-15 -1 -1 -1 -1 -1 -1 -1 -1 -1 -1 -1 -1 -1 -1 -1 -1 -1 -1 -1 -1 -1 
1 1 1 1 1 1 1 1 1 1 1 1 1 1 1 1 1 1 1 1 1 -1.79322e-15 -1 -1 -1 -1 -1 -1 -1 -1 -1 -1 -1 -1 -1 -1 -1 -1 -1 -1 -1 -1 -1 
1 1 1 1 1 1 1 1 1 1 1 1 1 1 1 1 1 1 1 1 1 -2.85904e-15 -1 -1 -1 -1 -1 -1 -1 -1 -1 -1 -1 -1 -1 -1 -1 -1 -1 -1 -1 -1 -1 
1 1 1 1 1 1 1 1 1 1 1 1 1 1 1 1 1 1 1 1 1 -1.79322e-15 -1 -1 -1 -1 -1 -1 -1 -1 -1 -1 -1 -1 -1 -1 -1 -1 -1 -1 -1 -1 -1 
