0 0 0 0 0 0 0 0 0 0 0 0 0 0 0 0 0 0 0 0 0 0.5 1 1 1 1 1 1 1 1 1 1 1 1 1 1 1 1 1 1 1 1 1 
0 0 0 0 0 0 0 0 0 0 0 0 0 0 0 0 0 0 0 -0.01 0.043 0.5 0.957 1.01 1 1 1 1 1 1 1 1 1 1 1 1 1 1 1 1 1 1 1 
0 0 0 0 0 0 0 0 0 0 0 0 0 0 0 0 0 0.0002 -0.0016035 -0.0132496 0.0716336 0.5 0.928366 1.01325 1.0016 0.9998 1 1 1 1 1 1 1 1 1 1 1 1 1 1 1 1 1 
0 0 0 0 0 0 0 0 0 0 0 0 0 0 0 -4e-06 4.72773e-05 0.000283029 -0.00349269 -0.0133139 0.0914351 0.5 0.908565 1.01331 1.00349 0.999717 0.999953 1 1 1 1 1 1 1 1 1 1 1 1 1 1 1 1 
0 0 0 0 0 0 0 0 0 0 0 0 0 8e-08 -1.24954e-06 -4.84737e-06 0.000123359 0.000210261 -0.00519095 -0.0119692 0.105601 0.5 0.894399 1.01197 1.00519 0.99979 0.999877 1 1 1 1 1 1 1 1 1 1 1 1 1 1 1 1 
0 0 0 0 0 0 0 0 0 0 0 -1.6e-09 3.10709e-08 5.75987e-08 -3.68675e-06 1.53191e-06 0.000204464 2.20674e-05 -0.0065708 -0.0100931 0.116039 0.5 0.883961 1.01009 1.00657 0.999978 0.999796 0.999998 1 1 1 1 1 1 1 1 1 1 1 1 1 1 1 
0 0 0 0 0 0 0 0 0 3.2e-11 -7.43018e-10 9.70938e-11 9.93625e-08 -2.64017e-07 -6.52253e-06 1.5364e-05 0.000275485 -0.000231659 -0.00763884 -0.00811033 0.123923 0.5 0.876077 1.00811 1.00764 1.00023 0.999725 0.999985 1.00001 1 1 1 1 1 1 1 1 1 1 1 1 1 1 
0 0 0 0 0 0 0 -6.4e-13 1.72924e-11 -3.61648e-11 -2.48941e-09 1.27374e-08 1.79466e-07 -9.64766e-07 -8.93189e-06 3.48272e-05 0.000329917 -0.000511658 -0.00844458 -0.00621727 0.130003 0.5 0.869997 1.00622 1.00844 1.00051 0.99967 0.999965 1.00001 1 1 1 1 1 1 1 1 1 1 1 1 1 1 
0 0 0 0 0 1.28e-14 -3.94487e-13 1.59259e-12 5.89211e-11 -4.65312e-10 -4.35942e-09 4.12437e-08 2.32811e-07 -2.00646e-06 -1.03676e-05 5.75536e-05 0.000366833 -0.000791955 -0.00904401 -0.00449569 0.134773 0.5 0.865227 1.0045 1.00904 1.00079 0.999633 0.999942 1.00001 1 1 1 1 1 1 1 1 1 1 1 1 1 1 
0 0 0 -2.56e-16 8.86254e-15 -5.29342e-14 -1.32883e-12 1.48053e-11 9.31262e-11 -1.46673e-09 -4.65288e-09 8.55298e-08 2.25641e-07 -3.28194e-06 -1.06033e-05 8.14272e-05 0.000388171 -0.00105734 -0.00948665 -0.00297059 0.138567 0.5 0.861433 1.00297 1.00949 1.00106 0.999612 0.999919 1.00001 1 1 1 1 1 1 1 1 1 1 1 1 1 1 
0 0 -1.97731e-16 1.55406e-15 2.86587e-14 -4.31962e-13 -1.67251e-12 4.64126e-11 4.95382e-11 -3.06314e-09 -1.56622e-09 1.41194e-07 1.38124e-07 -4.66455e-06 -9.65845e-06 0.000104872 0.000396965 -0.00130009 -0.00981236 -0.00163976 0.141621 0.5 0.858379 1.00164 1.00981 1.0013 0.999603 0.999895 1.00001 1 1 1 1 1 1 1 1 1 1 1 1 1 1 
0 2.20534e-32 -5.83306e-16 1.18562e-14 2.08806e-14 -1.34935e-12 1.27994e-12 9.69174e-11 -1.56911e-10 -5.06047e-09 6.20989e-09 2.01531e-07 -3.44346e-08 -6.04068e-06 -7.69975e-06 0.000126869 0.000396357 -0.00151724 -0.0100517 -0.000488845 0.144102 0.5 0.855898 1.00049 1.01005 1.00152 0.999604 0.999873 1.00001 1.00001 1 1 1 1 1 1 1 1 1 1 1 1 1 
-2.20534e-32 -2.80277e-32 1.34237e-16 3.66999e-14 -1.11048e-13 -2.77429e-12 1.10988e-11 1.56909e-10 -5.96625e-10 -7.10876e-09 1.92104e-08 2.5954e-07 -2.84763e-07 -7.32475e-06 -4.95887e-06 0.000146852 0.000389138 -0.00170865 -0.0102277 0.000501062 0.146134 0.5 0.853866 0.999499 1.01023 1.00171 0.999611 0.999853 1 1.00001 1 1 1 1 1 1 1 1 1 1 1 1 1 
2.80277e-32 9.78517e-32 5.24823e-15 7.26182e-14 -5.01974e-13 -4.24681e-12 3.09633e-11 2.0828e-10 -1.30463e-09 -8.79971e-09 3.72049e-08 3.09321e-07 -5.98191e-07 -8.4622e-06 -1.67666e-06 0.000164592 0.000377589 -0.0018757 -0.0103573 0.00134964 0.147808 0.5 0.852192 0.99865 1.01036 1.00188 0.999622 0.999835 1 1.00001 1 1 1 1 1 1 1 1 1 1 1 1 1 
-9.78517e-32 1.78036e-29 1.94177e-14 9.84622e-14 -1.27496e-12 -4.87296e-12 6.25057e-11 2.28317e-10 -2.27351e-09 -9.75707e-09 5.93795e-08 3.46755e-07 -9.56851e-07 -9.42568e-06 1.92853e-06 0.000180078 0.00036347 -0.00202053 -0.0104529 0.00207556 0.149196 0.5 0.850804 0.997924 1.01045 1.00202 0.999637 0.99982 0.999998 1.00001 1 1 1 1 1 1 1 1 1 1 1 1 1 
-1.78036e-29 1.53643e-28 4.65802e-14 7.32864e-14 -2.48478e-12 -3.48043e-12 1.05179e-10 1.9465e-10 -3.4582e-09 -9.69764e-09 8.45809e-08 3.69621e-07 -1.3428e-06 -1.02088e-05 5.67526e-06 0.000193431 0.000348084 -0.00214555 -0.0105236 0.0026958 0.15035 0.5 0.84965 0.997304 1.01052 1.00215 0.999652 0.999807 0.999994 1.00001 1 1 1 1 1 1 1 1 1 1 1 1 1 
-1.53643e-28 6.88193e-28 8.72329e-14 -5.81658e-14 -4.07837e-12 1.13872e-12 1.56257e-10 8.93939e-11 -4.78766e-09 -8.45843e-09 1.11542e-07 3.77363e-07 -1.73995e-06 -1.08194e-05 9.42242e-06 0.000204844 0.000332358 -0.00225315 -0.0105761 0.00322533 0.151316 0.5 0.848684 0.996775 1.01058 1.00225 0.999668 0.999795 0.999991 1.00001 1 1 1 1 1 1 1 1 1 1 1 1 1 
-6.88193e-28 2.0275e-27 1.36232e-13 -3.54371e-13 -5.8846e-12 9.98497e-12 2.11329e-10 -9.83128e-11 -6.17876e-09 -5.99616e-09 1.39057e-07 3.70703e-07 -2.13505e-06 -1.1274e-05 1.30667e-05 0.00021454 0.000316926 -0.00234561 -0.0106153 0.00367723 0.152125 0.5 0.847875 0.996323 1.01062 1.00235 0.999683 0.999785 0.999987 1.00001 1 1 1 1 1 1 1 1 1 1 1 1 1 
-2.0275e-27 4.31898e-27 1.8198e-13 -8.64145e-13 -7.63321e-12 2.3672e-11 2.65065e-10 -3.71511e-10 -7.54878e-09 -2.36901e-09 1.66086e-07 3.51216e-07 -2.51796e-06 -1.15936e-05 1.6537e-05 0.00022274 0.000302199 -0.00242496 -0.0106446 0.00406278 0.152805 0.5 0.847195 0.995937 1.01064 1.00242 0.999698 0.999777 0.999983 1.00001 1 1 1 1 1 1 1 1 1 1 1 1 1 
-4.31898e-27 6.82498e-27 2.07279e-13 -1.6157e-12 -8.99403e-12 4.23402e-11 3.12013e-10 -7.26015e-10 -8.82463e-09 2.29022e-09 1.91814e-07 3.2096e-07 -2.88145e-06 -1.18002e-05 1.97885e-05 0.000229659 0.000288428 -0.00249302 -0.0106668 0.00439169 0.153378 0.5 0.846622 0.995608 1.01067 1.00249 0.999712 0.99977 0.99998 1.00001 1 1 1 1 1 1 1 1 1 1 1 1 1 
-6.82498e-27 7.74155e-27 1.91574e-13 -2.61011e-12 -9.62441e-12 6.56606e-11 3.4728e-10 -1.1519e-09 -9.94852e-09 7.80215e-09 2.1566e-07 2.82172e-07 -3.22088e-06 -1.19153e-05 2.27964e-05 0.000235489 0.000275745 -0.00255139 -0.0106836 0.00467224 0.153861 0.5 0.846139 0.995328 1.01068 1.00255 0.999724 0.999765 0.999977 1.00001 1 1 1 1 1 1 1 1 1 1 1 1 1 
-7.74155e-27 5.3405e-27 1.1395e-13 -3.81992e-12 -9.21397e-12 9.2909e-11 3.66996e-10 -1.63534e-09 -1.08802e-08 1.39659e-08 2.37256e-07 2.37062e-07 -3.53367e-06 -1.19584e-05 2.55511e-05 0.000240399 0.0002642 -0.00260146 -0.0106965 0.00491154 0.15427 0.5 0.84573 0.995088 1.0107 1.0026 0.999736 0.99976 0.999974 1.00001 1 1 1 1 1 1 1 1 1 1 1 1 1 
-5.3405e-27 9.03665e-28 -4.38282e-14 -5.19249e-12 -7.51908e-12 1.2308e-10 3.68566e-10 -2.16055e-09 -1.15967e-08 2.05791e-08 2.56423e-07 1.87665e-07 -3.81882e-06 -1.19468e-05 2.80533e-05 0.000244537 0.000253791 -0.0026444 -0.0107064 0.00511564 0.154617 0.5 0.845383 0.994884 1.01071 1.00264 0.999746 0.999755 0.999972 1.00001 1 1 1 1 1 1 1 1 1 1 1 1 1 
-9.03665e-28 2.93593e-27 -2.94821e-13 -6.6565e-12 -4.38371e-12 1.55016e-10 3.50714e-10 -2.71132e-09 -1.20903e-08 2.74518e-08 2.73126e-07 1.35771e-07 -4.07655e-06 -1.18948e-05 3.03112e-05 0.000248027 0.000244475 -0.00268124 -0.0107143 0.0052897 0.15491 0.5 0.84509 0.99471 1.01071 1.00268 0.999756 0.999752 0.99997 1.00001 1 1 1 1 1 1 1 1 1 1 1 1 1 
-2.93593e-27 3.11294e-26 -6.45324e-13 -8.13009e-12 2.53468e-13 1.87528e-10 3.13381e-10 -3.27233e-09 -1.23662e-08 3.44156e-08 2.8744e-07 8.28858e-08 -4.30787e-06 -1.18144e-05 3.23376e-05 0.000250977 0.00023619 -0.00271285 -0.0107205 0.00543813 0.155159 0.5 0.844841 0.994562 1.01072 1.00271 0.999764 0.999749 0.999968 1.00001 1 1 1 1 1 1 1 1 1 1 1 1 1 
-3.11294e-26 1.18272e-25 -1.0943e-12 -9.52923e-12 6.36362e-12 2.19492e-10 2.57533e-10 -3.82997e-09 -1.24386e-08 4.13285e-08 2.99513e-07 3.02323e-08 -4.51431e-06 -1.17154e-05 3.41483e-05 0.000253475 0.000228861 -0.00273999 -0.0107255 0.00556469 0.155371 0.5 0.844629 0.994435 1.01073 1.00274 0.999771 0.999747 0.999966 1.00001 1 1 1 1 1 1 1 1 1 1 1 1 1 
-1.18272e-25 3.08777e-25 -1.63373e-12 -1.07749e-11 1.38405e-11 2.49924e-10 1.84914e-10 -4.37284e-09 -1.23284e-08 4.80757e-08 3.09544e-07 -2.12344e-08 -4.69773e-06 -1.16052e-05 3.57601e-05 0.000255595 0.000222406 -0.0027633 -0.0107295 0.00567259 0.15555 0.5 0.84445 0.994327 1.01073 1.00276 0.999778 0.999744 0.999964 1.00001 1 1 1 1 1 1 1 1 1 1 1 1 1 
-3.08777e-25 6.53454e-25 -2.24974e-12 -1.17988e-11 2.25181e-11 2.78025e-10 9.78033e-11 -4.89196e-09 -1.206e-08 5.45689e-08 3.17752e-07 -7.07983e-08 -4.86012e-06 -1.14899e-05 3.71905e-05 0.000257398 0.000216743 -0.00278331 -0.0107329 0.00576455 0.155703 0.5 0.844297 0.994235 1.01073 1.00278 0.999783 0.999743 0.999963 1.00001 1 1 1 1 1 1 1 1 1 1 1 1 1 
-6.53454e-25 1.2016e-24 -2.92409e-12 -1.2547e-11 3.21899e-11 3.03196e-10 -1.21912e-12 -5.38069e-09 -1.16598e-08 6.07441e-08 3.24366e-07 -1.17949e-07 -5.00348e-06 -1.13738e-05 3.84565e-05 0.000258937 0.000211792 -0.00280051 -0.0107358 0.00584292 0.155833 0.5 0.844167 0.994157 1.01074 1.0028 0.999788 0.999741 0.999962 1.00001 1.00001 1 1 1 1 1 1 1 1 1 1 1 1 
-1.2016e-24 1.99232e-24 -3.63594e-12 -1.29818e-11 4.26275e-11 3.25041e-10 -1.09468e-10 -5.83459e-09 -1.11538e-08 6.65583e-08 3.29607e-07 -1.62349e-07 -5.12978e-06 -1.12601e-05 3.95745e-05 0.000260254 0.000207475 -0.00281528 -0.0107382 0.00590968 0.155944 0.5 0.844056 0.99409 1.01074 1.00282 0.999793 0.99974 0.99996 1.00001 1.00001 1 1 1 1 1 1 1 1 1 1 1 1 
-1.99232e-24 3.04649e-24 -4.36354e-12 -1.30818e-11 5.35972e-11 3.43351e-10 -2.24309e-10 -6.25111e-09 -1.05669e-08 7.19862e-08 3.33685e-07 -2.038e-07 -5.24088e-06 -1.11512e-05 4.05598e-05 0.000261383 0.000203723 -0.00282797 -0.0107403 0.00596655 0.156038 0.5 0.843962 0.994033 1.01074 1.00283 0.999796 0.999739 0.999959 1.00001 1.00001 1 1 1 1 1 1 1 1 1 1 1 1 
-3.04649e-24 4.36221e-24 -5.0857e-12 -1.28411e-11 6.48729e-11 3.58081e-10 -3.43269e-10 -6.62929e-09 -9.92174e-09 7.70168e-08 3.36793e-07 -2.42214e-07 -5.3385e-06 -1.10484e-05 4.14268e-05 0.000262355 0.000200469 -0.00283887 -0.0107421 0.00601496 0.156118 0.5 0.843882 0.993985 1.01074 1.00284 0.9998 0.999738 0.999959 1.00001 1.00001 1 1 1 1 1 1 1 1 1 1 1 1 
-4.36221e-24 5.91305e-24 -5.78302e-12 -1.22672e-11 7.62464e-11 3.69315e-10 -4.6412e-10 -6.96944e-09 -9.23867e-09 8.16503e-08 3.39102e-07 -2.77591e-07 -5.42421e-06 -1.09528e-05 4.21885e-05 0.000263193 0.000197654 -0.00284824 -0.0107437 0.00605617 0.156186 0.5 0.843814 0.993944 1.01074 1.00285 0.999802 0.999737 0.999958 1.00001 1.00001 1 1 1 1 1 1 1 1 1 1 1 1 
-5.91305e-24 7.65061e-24 -6.43876e-12 -1.13787e-11 8.75337e-11 3.77245e-10 -5.84914e-10 -7.27282e-09 -8.53515e-09 8.58954e-08 3.40762e-07 -3.09992e-07 -5.49943e-06 -1.08647e-05 4.28568e-05 0.000263917 0.000195224 -0.00285629 -0.0107451 0.00609122 0.156244 0.5 0.843756 0.993909 1.01075 1.00286 0.999805 0.999736 0.999957 1.00001 1.00001 1 1 1 1 1 1 1 1 1 1 1 1 
-7.65061e-24 9.5095e-24 -7.03932e-12 -1.02027e-11 9.85787e-11 3.82136e-10 -7.04008e-10 -7.54138e-09 -7.82591e-09 8.97672e-08 3.41903e-07 -3.39527e-07 -5.56543e-06 -1.07845e-05 4.34424e-05 0.000264545 0.00019313 -0.0028632 -0.0107464 0.00612103 0.156294 0.5 0.843706 0.993879 1.01075 1.00286 0.999807 0.999735 0.999957 1.00001 1.00001 1 1 1 1 1 1 1 1 1 1 1 1 
-9.5095e-24 1.14145e-23 -7.57453e-12 -8.7723e-12 1.09255e-10 3.84301e-10 -8.20058e-10 -7.77753e-09 -7.12304e-09 9.32846e-08 3.42635e-07 -3.66336e-07 -5.62336e-06 -1.07119e-05 4.39551e-05 0.000265091 0.000191329 -0.00286914 -0.0107475 0.00614638 0.156336 0.5 0.843664 0.993854 1.01075 1.00287 0.999809 0.999735 0.999956 1.00001 1.00001 1 1 1 1 1 1 1 1 1 1 1 1 
-1.14145e-23 1.32876e-23 -8.03756e-12 -7.12428e-12 1.19463e-10 3.84079e-10 -9.32006e-10 -7.98395e-09 -6.4362e-09 9.64696e-08 3.43052e-07 -3.90581e-07 -5.6742e-06 -1.06467e-05 4.44033e-05 0.000265565 0.000189784 -0.00287423 -0.0107485 0.00616791 0.156371 0.5 0.843629 0.993832 1.01075 1.00287 0.99981 0.999734 0.999956 1.00001 1.00001 1 1 1 1 1 1 1 1 1 1 1 1 
-1.32876e-23 1.50551e-23 -8.42475e-12 -5.29698e-12 1.29133e-10 3.81818e-10 -1.03906e-09 -8.16342e-09 -5.77284e-09 9.93453e-08 3.43228e-07 -4.12434e-07 -5.71884e-06 -1.05885e-05 4.47949e-05 0.000265979 0.00018846 -0.0028786 -0.0107495 0.0061862 0.156402 0.5 0.843598 0.993814 1.01075 1.00288 0.999812 0.999734 0.999955 1.00001 1.00001 1 1 1 1 1 1 1 1 1 1 1 1 
-1.50551e-23 1.66538e-23 -8.73524e-12 -3.32871e-12 1.38216e-10 3.7786e-10 -1.14064e-09 -8.31875e-09 -5.13851e-09 1.01935e-07 3.43227e-07 -4.32073e-07 -5.75805e-06 -1.05368e-05 4.51367e-05 0.000266341 0.000187328 -0.00288236 -0.0107503 0.00620172 0.156428 0.5 0.843572 0.993798 1.01075 1.00288 0.999813 0.999734 0.999955 1.00001 1.00001 1 1 1 1 1 1 1 1 1 1 1 1 
-1.66538e-23 1.8034e-23 -8.97058e-12 -1.25639e-12 1.46686e-10 3.7253e-10 -1.23639e-09 -8.45263e-09 -4.5371e-09 1.04264e-07 3.431e-07 -4.49674e-07 -5.79251e-06 -1.04912e-05 4.54347e-05 0.000266657 0.000186362 -0.00288557 -0.010751 0.00621489 0.15645 0.5 0.84355 0.993785 1.01075 1.00289 0.999814 0.999733 0.999955 1.00001 1.00001 1 1 1 1 1 1 1 1 1 1 1 1 
-1.8034e-23 1.91612e-23 -9.13422e-12 8.85415e-13 1.54532e-10 3.66128e-10 -1.32612e-09 -8.56761e-09 -3.97115e-09 1.06353e-07 3.42887e-07 -4.65411e-07 -5.82281e-06 -1.04512e-05 4.56944e-05 0.000266934 0.000185539 -0.00288833 -0.0107517 0.00622605 0.156468 0.5 0.843532 0.993774 1.01075 1.00289 0.999814 0.999733 0.999954 1.00001 1.00001 1 1 1 1 1 1 1 1 1 1 1 1 
-1.91612e-23 2.00172e-23 -9.23108e-12 3.06517e-12 1.61761e-10 3.58926e-10 -1.40976e-09 -8.66609e-09 -3.44201e-09 1.08224e-07 3.42619e-07 -4.7945e-07 -5.84946e-06 -1.04161e-05 4.59204e-05 0.000267177 0.000184839 -0.00289069 -0.0107523 0.00623552 0.156484 0.5 0.843516 0.993764 1.01075 1.00289 0.999815 0.999733 0.999954 1.00001 1.00001 1 1 1 1 1 1 1 1 1 1 1 1 
-2.00172e-23 2.05982e-23 -9.26715e-12 5.25477e-12 1.68388e-10 3.51168e-10 -1.48737e-09 -8.75022e-09 -2.95014e-09 1.09899e-07 3.42321e-07 -4.91948e-07 -5.87292e-06 -1.03856e-05 4.61169e-05 0.00026739 0.000184244 -0.00289271 -0.0107528 0.00624353 0.156498 0.5 0.843502 0.993756 1.01075 1.00289 0.999816 0.999733 0.999954 1.00001 1.00001 1 1 1 1 1 1 1 1 1 1 1 1 
-2.05982e-23 2.09132e-23 -9.24904e-12 7.42974e-12 1.74436e-10 3.43062e-10 -1.55909e-09 -8.82197e-09 -2.49525e-09 1.11396e-07 3.42011e-07 -5.03053e-07 -5.89357e-06 -1.03591e-05 4.62877e-05 0.000267576 0.000183741 -0.00289444 -0.0107533 0.00625031 0.156509 0.5 0.843491 0.99375 1.01075 1.00289 0.999816 0.999732 0.999954 1.00001 1.00001 1 1 1 1 1 1 1 1 1 1 1 1 
-2.09132e-23 2.09815e-23 -9.18369e-12 9.56923e-12 1.79937e-10 3.34788e-10 -1.62512e-09 -8.88309e-09 -2.07651e-09 1.12733e-07 3.41703e-07 -5.12902e-07 -5.91177e-06 -1.03363e-05 4.6436e-05 0.000267741 0.000183315 -0.00289592 -0.0107538 0.00625605 0.156519 0.5 0.843481 0.993744 1.01075 1.0029 0.999817 0.999732 0.999954 1.00001 1.00001 1 1 1 1 1 1 1 1 1 1 1 1 
-2.09815e-23 2.0829e-23 -9.07811e-12 1.16559e-11 1.84923e-10 3.26496e-10 -1.68572e-09 -8.93512e-09 -1.69264e-09 1.13925e-07 3.41406e-07 -5.21623e-07 -5.92781e-06 -1.03166e-05 4.65646e-05 0.000267885 0.000182955 -0.00289718 -0.0107541 0.0062609 0.156527 0.5 0.843473 0.993739 1.01075 1.0029 0.999817 0.999732 0.999953 1.00001 1.00001 1 1 1 1 1 1 1 1 1 1 1 1 
-2.0829e-23 2.04861e-23 -8.93909e-12 1.36759e-11 1.89431e-10 3.18309e-10 -1.74116e-09 -8.97942e-09 -1.34206e-09 1.14989e-07 3.41128e-07 -5.29332e-07 -5.94195e-06 -1.02998e-05 4.66761e-05 0.000268012 0.000182652 -0.00289826 -0.0107545 0.006265 0.156534 0.5 0.843466 0.993735 1.01075 1.0029 0.999817 0.999732 0.999953 1.00001 1.00001 1 1 1 1 1 1 1 1 1 1 1 1 
-2.04861e-23 1.99857e-23 -8.77313e-12 1.56181e-11 1.93497e-10 3.10326e-10 -1.79176e-09 -9.01716e-09 -1.023e-09 1.15937e-07 3.40873e-07 -5.36136e-07 -5.95442e-06 -1.02855e-05 4.67726e-05 0.000268123 0.000182397 -0.00289918 -0.0107548 0.00626846 0.15654 0.5 0.84346 0.993732 1.01075 1.0029 0.999818 0.999732 0.999953 1.00001 1.00001 1 1 1 1 1 1 1 1 1 1 1 1 
-1.99857e-23 1.93601e-23 -8.58622e-12 1.74745e-11 1.97159e-10 3.02624e-10 -1.83783e-09 -9.04937e-09 -7.33541e-10 1.16782e-07 3.40643e-07 -5.42134e-07 -5.96541e-06 -1.02733e-05 4.6856e-05 0.000268221 0.000182184 -0.00289997 -0.0107551 0.00627138 0.156545 0.5 0.843455 0.993729 1.01076 1.0029 0.999818 0.999732 0.999953 1.00001 1.00001 1 1 1 1 1 1 1 1 1 1 1 1 
-1.93601e-23 1.86409e-23 -8.38386e-12 1.92392e-11 2.00452e-10 2.95259e-10 -1.87968e-09 -9.0769e-09 -4.71706e-10 1.17534e-07 3.40439e-07 -5.47412e-07 -5.97512e-06 -1.0263e-05 4.69281e-05 0.000268307 0.000182005 -0.00290063 -0.0107553 0.00627385 0.156549 0.5 0.843451 0.993726 1.01076 1.0029 0.999818 0.999732 0.999953 1.00001 1.00001 1 1 1 1 1 1 1 1 1 1 1 1 
-1.86409e-23 1.78565e-23 -8.17093e-12 2.09088e-11 2.03411e-10 2.88273e-10 -1.91764e-09 -9.10051e-09 -2.35506e-10 1.18203e-07 3.4026e-07 -5.5205e-07 -5.98368e-06 -1.02543e-05 4.69904e-05 0.000268382 0.000181855 -0.0029012 -0.0107555 0.00627592 0.156553 0.5 0.843447 0.993724 1.01076 1.0029 0.999818 0.999732 0.999953 1.00001 1.00001 1 1 1 1 1 1 1 1 1 1 1 1 
-1.78565e-23 1.70321e-23 -7.95174e-12 2.24814e-11 2.06066e-10 2.81693e-10 -1.95199e-09 -9.12082e-09 -2.29739e-11 1.18798e-07 3.40107e-07 -5.56121e-07 -5.99124e-06 -1.0247e-05 4.70441e-05 0.000268449 0.000181731 -0.00290168 -0.0107557 0.00627767 0.156556 0.5 0.843444 0.993722 1.01076 1.0029 0.999818 0.999732 0.999953 1.00001 1.00001 1 1 1 1 1 1 1 1 1 1 1 1 
-1.70321e-23 1.61897e-23 -7.73e-12 2.39566e-11 2.08449e-10 2.75533e-10 -1.98304e-09 -9.13836e-09 1.67804e-10 1.19328e-07 3.39978e-07 -5.59689e-07 -5.9979e-06 -1.0241e-05 4.70903e-05 0.000268507 0.000181628 -0.00290209 -0.0107559 0.00627914 0.156558 0.5 0.843442 0.993721 1.01076 1.0029 0.999818 0.999731 0.999953 1.00001 1.00001 1 1 1 1 1 1 1 1 1 1 1 1 
-1.61897e-23 1.53472e-23 -7.50885e-12 2.53356e-11 2.10587e-10 2.69801e-10 -2.01106e-09 -9.15359e-09 3.38667e-10 1.19799e-07 3.39871e-07 -5.62813e-07 -6.00378e-06 -1.02359e-05 4.71301e-05 0.000268558 0.000181542 -0.00290244 -0.010756 0.00628038 0.15656 0.5 0.84344 0.99372 1.01076 1.0029 0.999818 0.999731 0.999953 1.00001 1.00001 1 1 1 1 1 1 1 1 1 1 1 1 
-1.53472e-23 1.45194e-23 -7.29091e-12 2.66203e-11 2.12506e-10 2.64493e-10 -2.03631e-09 -9.16687e-09 4.91366e-10 1.20218e-07 3.39783e-07 -5.65543e-07 -6.00897e-06 -1.02318e-05 4.71643e-05 0.000268603 0.000181471 -0.00290273 -0.0107561 0.00628142 0.156562 0.5 0.843438 0.993719 1.01076 1.0029 0.999819 0.999731 0.999953 1.00001 1.00001 1 1 1 1 1 1 1 1 1 1 1 1 
-1.45194e-23 1.37174e-23 -7.07831e-12 2.78134e-11 2.14228e-10 2.59602e-10 -2.05904e-09 -9.17852e-09 6.27551e-10 1.2059e-07 3.39714e-07 -5.67926e-07 -6.01354e-06 -1.02284e-05 4.71937e-05 0.000268642 0.000181413 -0.00290298 -0.0107562 0.0062823 0.156564 0.5 0.843436 0.993718 1.01076 1.0029 0.999819 0.999731 0.999953 1.00001 1.00001 1 1 1 1 1 1 1 1 1 1 1 1 
-1.37174e-23 1.29497e-23 -6.87273e-12 2.89185e-11 2.15774e-10 2.55113e-10 -2.07947e-09 -9.18879e-09 7.48769e-10 1.2092e-07 3.39661e-07 -5.70003e-07 -6.01758e-06 -1.02257e-05 4.72188e-05 0.000268676 0.000181365 -0.00290319 -0.0107563 0.00628303 0.156565 0.5 0.843435 0.993717 1.01076 1.0029 0.999819 0.999731 0.999953 1.00001 1.00001 1 1 1 1 1 1 1 1 1 1 1 1 
-1.29497e-23 1.2222e-23 -6.67546e-12 2.99393e-11 2.17164e-10 2.51011e-10 -2.09782e-09 -9.19791e-09 8.56461e-10 1.21214e-07 3.39622e-07 -5.71812e-07 -6.02113e-06 -1.02235e-05 4.72404e-05 0.000268706 0.000181326 -0.00290337 -0.0107564 0.00628365 0.156566 0.5 0.843434 0.993716 1.01076 1.0029 0.999819 0.999731 0.999953 1.00001 1.00001 1 1 1 1 1 1 1 1 1 1 1 1 
-1.2222e-23 1.15384e-23 -6.48744e-12 3.08801e-11 2.18413e-10 2.47277e-10 -2.11429e-09 -9.20604e-09 9.5196e-10 1.21474e-07 3.39596e-07 -5.73384e-07 -6.02426e-06 -1.02218e-05 4.72588e-05 0.000268732 0.000181294 -0.00290352 -0.0107565 0.00628417 0.156567 0.5 0.843433 0.993716 1.01076 1.0029 0.999819 0.999731 0.999953 1.00001 1.00001 1 1 1 1 1 1 1 1 1 1 1 1 
-1.15384e-23 1.09006e-23 -6.30932e-12 3.17451e-11 2.19538e-10 2.43889e-10 -2.12905e-09 -9.21333e-09 1.03649e-09 1.21705e-07 3.3958e-07 -5.74749e-07 -6.02702e-06 -1.02204e-05 4.72746e-05 0.000268755 0.000181268 -0.00290365 -0.0107565 0.0062846 0.156568 0.5 0.843432 0.993715 1.01076 1.0029 0.999819 0.999731 0.999953 1.00001 1.00001 1 1 1 1 1 1 1 1 1 1 1 1 
-1.09006e-23 1.03093e-23 -6.14149e-12 3.25389e-11 2.20552e-10 2.40826e-10 -2.14226e-09 -9.21991e-09 1.11119e-09 1.2191e-07 3.39572e-07 -5.75933e-07 -6.02944e-06 -1.02193e-05 4.7288e-05 0.000268775 0.000181247 -0.00290375 -0.0107566 0.00628496 0.156568 0.5 0.843432 0.993715 1.01076 1.0029 0.999819 0.999731 0.999953 1.00001 1.00001 1 1 1 1 1 1 1 1 1 1 1 1 
-1.03093e-23 9.76409e-24 -5.98413e-12 3.32659e-11 2.21466e-10 2.38065e-10 -2.15409e-09 -9.22587e-09 1.17708e-09 1.22092e-07 3.39572e-07 -5.76957e-07 -6.03157e-06 -1.02185e-05 4.72994e-05 0.000268792 0.000181231 -0.00290384 -0.0107566 0.00628527 0.156569 0.5 0.843431 0.993715 1.01076 1.0029 0.999819 0.999731 0.999953 1.00001 1.00001 1 1 1 1 1 1 1 1 1 1 1 1 
-9.76409e-24 9.26364e-24 -5.83725e-12 3.39306e-11 2.22291e-10 2.35585e-10 -2.16466e-09 -9.23129e-09 1.2351e-09 1.22253e-07 3.39579e-07 -5.77843e-07 -6.03345e-06 -1.02179e-05 4.73091e-05 0.000268807 0.000181217 -0.00290391 -0.0107567 0.00628552 0.156569 0.5 0.843431 0.993714 1.01076 1.0029 0.999819 0.999731 0.999953 1.00001 1.00001 1 1 1 1 1 1 1 1 1 1 1 1 
-9.26364e-24 8.80607e-24 -5.70069e-12 3.45372e-11 2.23036e-10 2.33363e-10 -2.1741e-09 -9.23624e-09 1.28611e-09 1.22396e-07 3.3959e-07 -5.78607e-07 -6.03509e-06 -1.02175e-05 4.73174e-05 0.00026882 0.000181207 -0.00290398 -0.0107567 0.00628574 0.15657 0.5 0.84343 0.993714 1.01076 1.0029 0.999819 0.999731 0.999953 1.00001 1.00001 1 1 1 1 1 1 1 1 1 1 1 1 
-8.80607e-24 8.38924e-24 -5.57422e-12 3.50901e-11 2.23711e-10 2.31378e-10 -2.18252e-09 -9.24078e-09 1.33088e-09 1.22523e-07 3.39605e-07 -5.79266e-07 -6.03653e-06 -1.02173e-05 4.73243e-05 0.000268831 0.000181198 -0.00290403 -0.0107567 0.00628592 0.15657 0.5 0.84343 0.993714 1.01076 1.0029 0.999819 0.999731 0.999953 1.00001 1.00001 1 1 1 1 1 1 1 1 1 1 1 1 
-8.38924e-24 8.01061e-24 -5.45747e-12 3.55931e-11 2.24321e-10 2.2961e-10 -2.19004e-09 -9.24495e-09 1.3701e-09 1.22634e-07 3.39623e-07 -5.79832e-07 -6.0378e-06 -1.02171e-05 4.73303e-05 0.000268841 0.000181192 -0.00290407 -0.0107568 0.00628607 0.15657 0.5 0.84343 0.993714 1.01076 1.0029 0.999819 0.999731 0.999953 1.00001 1.00001 1 1 1 1 1 1 1 1 1 1 1 1 
-8.01061e-24 7.66751e-24 -5.35006e-12 3.60502e-11 2.24875e-10 2.28039e-10 -2.19673e-09 -9.24878e-09 1.40441e-09 1.22733e-07 3.39643e-07 -5.80319e-07 -6.03891e-06 -1.0217e-05 4.73352e-05 0.00026885 0.000181187 -0.00290411 -0.0107568 0.00628619 0.15657 0.5 0.84343 0.993714 1.01076 1.0029 0.999819 0.999731 0.999953 1.00001 1.00001 1 1 1 1 1 1 1 1 1 1 1 1 
-7.66751e-24 7.35737e-24 -5.25152e-12 3.6465e-11 2.25377e-10 2.26648e-10 -2.20269e-09 -9.25232e-09 1.43437e-09 1.22821e-07 3.39665e-07 -5.80736e-07 -6.03988e-06 -1.0217e-05 4.73394e-05 0.000268857 0.000181183 -0.00290414 -0.0107568 0.0062863 0.156571 0.5 0.843429 0.993714 1.01076 1.0029 0.999819 0.999731 0.999953 1.00001 1.00001 1 1 1 1 1 1 1 1 1 1 1 1 
-7.35737e-24 7.07754e-24 -5.16136e-12 3.6841e-11 2.25832e-10 2.25419e-10 -2.208e-09 -9.25559e-09 1.46048e-09 1.22898e-07 3.39687e-07 -5.81093e-07 -6.04073e-06 -1.0217e-05 4.7343e-05 0.000268863 0.00018118 -0.00290416 -0.0107568 0.00628639 0.156571 0.5 0.843429 0.993714 1.01076 1.0029 0.999819 0.999731 0.999953 1.00001 1.00001 1 1 1 1 1 1 1 1 1 1 1 1 
-7.07754e-24 6.82548e-24 -5.07909e-12 3.71813e-11 2.26246e-10 2.24336e-10 -2.21271e-09 -9.25861e-09 1.4832e-09 1.22966e-07 3.3971e-07 -5.81398e-07 -6.04147e-06 -1.02171e-05 4.73459e-05 0.000268869 0.000181178 -0.00290418 -0.0107568 0.00628646 0.156571 0.5 0.843429 0.993714 1.01076 1.0029 0.999819 0.999731 0.999953 1.00001 1.00001 1 1 1 1 1 1 1 1 1 1 1 1 
-6.82548e-24 6.59883e-24 -5.0042e-12 3.74891e-11 2.26622e-10 2.23384e-10 -2.2169e-09 -9.2614e-09 1.50293e-09 1.23026e-07 3.39733e-07 -5.81657e-07 -6.04211e-06 -1.02172e-05 4.73484e-05 0.000268873 0.000181176 -0.0029042 -0.0107568 0.00628652 0.156571 0.5 0.843429 0.993713 1.01076 1.0029 0.999819 0.999731 0.999953 1.00001 1.00001 1 1 1 1 1 1 1 1 1 1 1 1 
-6.59883e-24 6.39536e-24 -4.93617e-12 3.77671e-11 2.26965e-10 2.2255e-10 -2.22061e-09 -9.26398e-09 1.52004e-09 1.23079e-07 3.39756e-07 -5.81878e-07 -6.04268e-06 -1.02174e-05 4.73505e-05 0.000268877 0.000181175 -0.00290421 -0.0107568 0.00628658 0.156571 0.5 0.843429 0.993713 1.01076 1.0029 0.999819 0.999731 0.999953 1.00001 1.00001 1 1 1 1 1 1 1 1 1 1 1 1 
-6.39536e-24 6.21292e-24 -4.87452e-12 3.8018e-11 2.27276e-10 2.21822e-10 -2.22391e-09 -9.26636e-09 1.53485e-09 1.23126e-07 3.39779e-07 -5.82066e-07 -6.04317e-06 -1.02175e-05 4.73522e-05 0.000268881 0.000181174 -0.00290422 -0.0107568 0.00628662 0.156571 0.5 0.843429 0.993713 1.01076 1.0029 0.999819 0.999731 0.999953 1.00001 1.00001 1 1 1 1 1 1 1 1 1 1 1 1 
-6.21292e-24 6.04958e-24 -4.81875e-12 3.82442e-11 2.27559e-10 2.21187e-10 -2.22683e-09 -9.26857e-09 1.54764e-09 1.23167e-07 3.398e-07 -5.82225e-07 -6.04359e-06 -1.02177e-05 4.73536e-05 0.000268884 0.000181174 -0.00290423 -0.0107568 0.00628666 0.156571 0.5 0.843429 0.993713 1.01076 1.0029 0.999819 0.999731 0.999953 1.00001 1.00001 1 1 1 1 1 1 1 1 1 1 1 1 
-6.04958e-24 5.90323e-24 -4.7684e-12 3.84479e-11 2.27817e-10 2.20636e-10 -2.22941e-09 -9.2706e-09 1.55866e-09 1.23203e-07 3.39821e-07 -5.82359e-07 -6.04396e-06 -1.02178e-05 4.73548e-05 0.000268886 0.000181173 -0.00290424 -0.0107569 0.00628669 0.156571 0.5 0.843429 0.993713 1.01076 1.0029 0.999819 0.999731 0.999953 1.00001 1.00001 1 1 1 1 1 1 1 1 1 1 1 1 
-5.90323e-24 5.77239e-24 -4.72303e-12 3.86311e-11 2.28052e-10 2.20159e-10 -2.23169e-09 -9.27247e-09 1.56814e-09 1.23234e-07 3.39841e-07 -5.82471e-07 -6.04428e-06 -1.0218e-05 4.73558e-05 0.000268888 0.000181173 -0.00290425 -0.0107569 0.00628672 0.156571 0.5 0.843429 0.993713 1.01076 1.0029 0.999819 0.999731 0.999953 1.00001 1.00001 1 1 1 1 1 1 1 1 1 1 1 1 
-5.77239e-24 5.65557e-24 -4.68221e-12 3.87959e-11 2.28266e-10 2.19747e-10 -2.23371e-09 -9.2742e-09 1.57627e-09 1.23262e-07 3.3986e-07 -5.82566e-07 -6.04456e-06 -1.02181e-05 4.73565e-05 0.00026889 0.000181173 -0.00290425 -0.0107569 0.00628674 0.156571 0.5 0.843429 0.993713 1.01076 1.0029 0.999819 0.999731 0.999953 1.00001 1.00001 1 1 1 1 1 1 1 1 1 1 1 1 
-5.65557e-24 5.55128e-24 -4.64556e-12 3.89439e-11 2.28461e-10 2.19393e-10 -2.23549e-09 -9.27579e-09 1.58324e-09 1.23287e-07 3.39877e-07 -5.82645e-07 -6.0448e-06 -1.02182e-05 4.73572e-05 0.000268891 0.000181173 -0.00290426 -0.0107569 0.00628676 0.156572 0.5 0.843428 0.993713 1.01076 1.0029 0.999819 0.999731 0.999953 1.00001 1.00001 1 1 1 1 1 1 1 1 1 1 1 1 
