0 0 0 0 0 0 0 0 0 0 0 0 0 0 0 0 0 0 0 0 0 0.5 1 1 1 1 1 1 1 1 1 1 1 1 1 1 1 1 1 1 1 1 1 
0 -4.45775e-19 3.5841e-18 -2.92661e-17 2.38917e-16 -1.95043e-15 1.59226e-14 -1.29987e-13 1.06116e-12 -8.66296e-12 7.07213e-11 -5.77343e-10 4.71322e-09 -3.8477e-08 3.14112e-07 -2.5643e-06 2.0934e-05 -0.000170898 0.00139515 -0.0113895 -0.00742196 0.5 1.00742 1.01139 0.998605 1.00017 0.999979 1 1 1 1 1 1 1 1 1 1 1 1 1 1 1 1 
4.45775e-19 1.01143e-17 -8.44518e-17 6.41742e-16 -4.85812e-15 3.655e-14 -2.72992e-13 2.02135e-12 -1.48095e-11 1.07087e-10 -7.61452e-10 5.29565e-09 -3.57166e-08 2.30226e-07 -1.37863e-06 7.16582e-06 -2.51215e-05 -6.74191e-05 0.00278078 -0.0203645 -0.0162493 0.5 1.01625 1.02036 0.997219 1.00007 1.00003 0.999993 1 1 1 1 1 1 1 1 1 1 1 1 1 1 1 
-1.01143e-17 -7.98374e-17 7.12949e-16 -4.88815e-15 3.30902e-14 -2.19438e-13 1.41802e-12 -8.85839e-12 5.28275e-11 -2.94187e-10 1.46238e-09 -5.73848e-09 8.21634e-09 1.50467e-07 -2.20567e-06 1.94658e-05 -0.000117596 0.000187065 0.00423422 -0.0273127 -0.0258133 0.5 1.02581 1.02731 0.995766 0.999813 1.00012 0.999981 1 1 1 1 1 1 1 1 1 1 1 1 1 1 1 
7.98374e-17 2.17011e-16 -2.30559e-15 1.29726e-14 -6.87677e-14 3.2683e-13 -1.24993e-12 2.15434e-12 2.36282e-11 -3.64479e-10 3.3169e-09 -2.35577e-08 1.31192e-07 -4.63594e-07 -7.85769e-07 3.01605e-05 -0.000244165 0.0005069 0.00577361 -0.0325462 -0.0356017 0.5 1.0356 1.03255 0.994226 0.999493 1.00024 0.99997 1 1 1 1 1 1 1 1 1 1 1 1 1 1 1 
-2.17011e-16 1.48932e-16 3.2687e-16 6.22748e-15 -8.39315e-14 7.35988e-13 -5.2651e-12 3.18026e-11 -1.552e-10 4.84388e-10 8.73771e-10 -2.94545e-08 2.78068e-07 -1.60388e-06 3.43329e-06 3.82713e-05 -0.000396639 0.000833391 0.00738298 -0.0363284 -0.0452276 0.5 1.04523 1.03633 0.992617 0.999167 1.0004 0.999962 0.999997 1 1 1 1 1 1 1 1 1 1 1 1 1 1 
-1.48932e-16 -8.73691e-16 8.07073e-15 -4.15338e-14 1.6962e-13 -3.25324e-13 -2.87227e-12 4.41359e-11 -3.66931e-10 2.17529e-09 -8.06717e-09 -6.05533e-09 3.85475e-07 -3.20843e-06 1.05367e-05 4.45336e-05 -0.000568704 0.00112749 0.0090289 -0.0388893 -0.054406 0.5 1.05441 1.03889 0.990971 0.998873 1.00057 0.999955 0.999989 1 1 1 1 1 1 1 1 1 1 1 1 1 1 
8.73691e-16 -1.69883e-15 7.52195e-15 -7.53867e-14 5.38364e-13 -2.96601e-12 1.11437e-11 -3.36034e-12 -3.9419e-10 4.06398e-09 -2.37883e-08 5.98339e-08 4.00571e-07 -5.22465e-06 2.03377e-05 5.04674e-05 -0.000754769 0.00136467 0.0106713 -0.0404345 -0.0629356 0.5 1.06294 1.04043 0.989329 0.998635 1.00075 0.99995 0.99998 1.00001 1 1 1 1 1 1 1 1 1 1 1 1 1 
1.69883e-15 2.3487e-16 -1.38211e-14 -7.6471e-15 5.67251e-13 -5.57499e-12 3.52189e-11 -1.38739e-10 4.90943e-12 5.16549e-09 -4.52182e-08 1.77325e-07 2.88146e-07 -7.63067e-06 3.24841e-05 5.78052e-05 -0.000949481 0.00153127 0.0122703 -0.0411501 -0.0706841 0.5 1.07068 1.04115 0.98773 0.998469 1.00095 0.999942 0.999968 1.00001 1 1 1 1 1 1 1 1 1 1 1 1 1 
-2.3487e-16 6.75887e-15 -5.26927e-14 2.16297e-13 -2.8044e-13 -5.20772e-12 6.01306e-11 -3.65274e-10 1.04636e-09 4.36281e-09 -7.06521e-08 3.52451e-07 3.20222e-08 -1.04353e-05 4.65186e-05 6.81494e-05 -0.0011476 0.00162176 0.0137903 -0.0412043 -0.0775761 0.5 1.07758 1.0412 0.98621 0.998378 1.00115 0.999932 0.999953 1.00001 1 1 1 1 1 1 1 1 1 1 1 1 1 
-6.75887e-15 1.62869e-14 -8.34746e-14 5.6465e-13 -2.3705e-12 1.6407e-12 7.02414e-11 -6.602e-10 2.89882e-09 5.57353e-10 -9.8381e-08 5.89154e-07 -3.66245e-07 -1.36682e-05 6.19186e-05 8.27821e-05 -0.00134408 0.00163661 0.0152021 -0.0407481 -0.0835821 0.5 1.08358 1.04075 0.984798 0.998363 1.00134 0.999917 0.999938 1.00001 1 0.999999 1 1 1 1 1 1 1 1 1 1 1 
-1.62869e-14 2.19102e-14 -6.17606e-14 8.94635e-13 -5.70401e-12 1.82623e-11 4.55915e-11 -9.79174e-10 5.68382e-09 -7.23624e-09 -1.27149e-07 8.89951e-07 -8.89872e-07 -1.73673e-05 7.81263e-05 0.000102575 -0.0015342 0.00158065 0.0164839 -0.0399153 -0.088709 0.5 1.08871 1.03992 0.983516 0.998419 1.00153 0.999897 0.999922 1.00002 1 0.999999 1 1 1 1 1 1 1 1 1 1 1 
-2.19102e-14 1.11023e-14 6.46353e-14 9.55819e-13 -9.81451e-12 4.71753e-11 -3.60277e-11 -1.26351e-09 9.48872e-09 -1.98353e-08 -1.56431e-07 1.25621e-06 -1.50985e-06 -2.15666e-05 9.45746e-05 0.000127964 -0.00171375 0.00146176 0.0176211 -0.0388223 -0.0929914 0.5 1.09299 1.03882 0.982379 0.998538 1.00171 0.999872 0.999905 1.00002 1 0.999999 1 1 1 1 1 1 1 1 1 1 1 
-1.11023e-14 -3.27751e-14 3.41501e-13 4.12186e-13 -1.37505e-11 8.98462e-11 -1.97455e-10 -1.44821e-09 1.43844e-08 -3.78584e-08 -1.86557e-07 1.68813e-06 -2.18813e-06 -2.6286e-05 0.000110711 0.000158973 -0.00187915 0.00128973 0.0186061 -0.0375686 -0.0964849 0.5 1.09648 1.03757 0.981394 0.99871 1.00188 0.999841 0.999889 1.00003 1 0.999998 1 1 1 1 1 1 1 1 1 1 1 
3.27751e-14 -1.27485e-13 7.94786e-13 -1.12787e-12 -1.61216e-11 1.46682e-10 -4.61108e-10 -1.46958e-09 2.04427e-08 -6.17078e-08 -2.18706e-07 2.18457e-06 -2.88081e-06 -3.15247e-05 0.000126019 0.000195255 -0.00202754 0.00107537 0.0194371 -0.0362367 -0.0992586 0.5 1.09926 1.03624 0.980563 0.998925 1.00203 0.999805 0.999874 1.00003 1 0.999998 1 1 1 1 1 1 1 1 1 1 1 
1.27485e-13 -2.88062e-13 1.4206e-12 -4.08262e-12 -1.51826e-11 2.17231e-10 -8.48429e-10 -1.27194e-09 2.77492e-08 -9.15571e-08 -2.54812e-07 2.74275e-06 -3.54121e-06 -3.72577e-05 0.000140038 0.000236165 -0.00215688 0.000829837 0.0201178 -0.0348935 -0.101391 0.5 1.10139 1.03489 0.979882 0.99917 1.00216 0.999764 0.99986 1.00004 1 0.999997 1 1 1 1 1 1 1 1 1 1 1 
2.88062e-13 -5.22791e-13 2.17995e-12 -8.87499e-12 -8.93614e-12 3.00531e-10 -1.37966e-09 -8.13115e-10 3.64113e-08 -1.27344e-07 -2.97398e-07 3.35807e-06 -4.12278e-06 -4.34341e-05 0.000152377 0.000280824 -0.00226588 0.000564002 0.0206555 -0.0335913 -0.102963 0.5 1.10296 1.03359 0.979345 0.999436 1.00227 0.999719 0.999848 1.00004 1 0.999997 1 1 1 1 1 1 1 1 1 1 1 
5.22791e-13 -8.29657e-13 2.99844e-12 -1.59201e-11 4.76102e-12 3.95527e-10 -2.07376e-09 -6.87268e-11 4.65594e-08 -1.68765e-07 -3.49364e-07 4.02393e-06 -4.58164e-06 -4.99793e-05 0.000162727 0.000328196 -0.00235404 0.000288049 0.0210609 -0.0323689 -0.104057 0.5 1.10406 1.03237 0.978939 0.999712 1.00235 0.999672 0.999837 1.00005 1 0.999996 1 1 1 1 1 1 1 1 1 1 1 
8.29657e-13 -1.19375e-12 3.77036e-12 -2.56226e-11 2.80952e-11 5.01507e-10 -2.94834e-09 9.64732e-10 5.83427e-08 -2.15276e-07 -4.13764e-07 4.73171e-06 -4.8789e-06 -5.67981e-05 0.000170866 0.000377163 -0.00242156 1.11405e-05 0.0213471 -0.0312537 -0.104753 0.5 1.10475 1.03125 0.978653 0.999989 1.00242 0.999623 0.999829 1.00006 1 0.999995 1 1 1 1 1 1 1 1 1 1 1 
1.19375e-12 -1.58594e-12 4.36615e-12 -3.83823e-11 6.31983e-11 6.18514e-10 -4.01946e-09 2.26803e-09 7.19204e-08 -2.66102e-07 -4.9357e-07 5.47092e-06 -4.9824e-06 -6.37794e-05 0.000176665 0.000426584 -0.00246924 -0.000258791 0.0215282 -0.0302629 -0.105125 0.5 1.10512 1.03026 0.978472 1.00026 1.00247 0.999573 0.999823 1.00006 1 0.999995 1 1 1 1 1 1 1 1 1 1 1 
1.58594e-12 -1.96289e-12 4.6422e-12 -5.46056e-11 1.12057e-10 7.47691e-10 -5.30125e-09 3.79848e-09 8.74491e-08 -3.2025e-07 -5.91452e-07 6.22944e-06 -4.86807e-06 -7.08018e-05 0.000180081 0.000475356 -0.00249841 -0.000515164 0.0216193 -0.0294054 -0.105242 0.5 1.10524 1.02941 0.978381 1.00052 1.0025 0.999525 0.99982 1.00007 1 0.999994 1 1 1 1 1 1 1 1 1 1 1 
1.96289e-12 -2.26854e-12 4.45192e-12 -7.47192e-11 1.76422e-10 8.91536e-10 -6.80535e-09 5.49049e-09 1.05068e-07 -3.76538e-07 -7.09582e-07 6.99392e-06 -4.5208e-06 -7.77393e-05 0.000181156 0.000522458 -0.00251078 -0.000752794 0.0216355 -0.028683 -0.105165 0.5 1.10517 1.02868 0.978365 1.00075 1.00251 0.999478 0.999819 1.00008 1 0.999993 1 1 1 1 1 1 1 1 1 1 1 
2.26854e-12 -2.43671e-12 3.6571e-12 -9.91845e-11 2.57727e-10 1.05406e-09 -8.54015e-09 7.2571e-09 1.24886e-07 -4.33627e-07 -8.49478e-07 7.75021e-06 -3.93475e-06 -8.44671e-05 0.000180005 0.000566989 -0.00250838 -0.000967868 0.0215914 -0.0280924 -0.104948 0.5 1.10495 1.02809 0.978409 1.00097 1.00251 0.999433 0.99982 1.00008 1 0.999992 1 1 1 1 1 1 1 1 1 1 1 
2.43671e-12 -2.39481e-12 2.13896e-12 -1.28509e-10 3.57002e-10 1.24081e-09 -1.051e-08 8.99277e-09 1.46961e-07 -4.90066e-07 -1.01188e-06 8.48391e-06 -3.11331e-06 -9.08671e-05 0.000176808 0.000608195 -0.0024934 -0.00115787 0.0215009 -0.027626 -0.104636 0.5 1.10464 1.02763 0.978499 1.00116 1.00249 0.999392 0.999823 1.00009 1 0.999992 1 1 1 1 1 1 1 1 1 1 1 
2.39481e-12 -2.06832e-12 -1.91768e-13 -1.63251e-10 4.74791e-10 1.45882e-09 -1.27141e-08 1.05771e-08 1.71296e-07 -5.44341e-07 -1.19668e-06 9.18089e-06 -2.0685e-06 -9.68323e-05 0.000171797 0.000645481 -0.00246814 -0.00132146 0.0213767 -0.0272734 -0.104268 0.5 1.10427 1.02727 0.978623 1.00132 1.00247 0.999355 0.999828 1.0001 1 0.999991 1 1 1 1 1 1 1 1 1 1 1 
2.06832e-12 -1.38579e-12 -3.38611e-12 -2.04023e-10 6.11081e-10 1.71638e-09 -1.51461e-08 1.18792e-08 1.97822e-07 -5.94931e-07 -1.40292e-06 9.82787e-06 -8.20152e-07 -0.000102271 0.00016524 0.000678421 -0.00243488 -0.00145836 0.0212301 -0.0270222 -0.103875 0.5 1.10388 1.02702 0.97877 1.00146 1.00243 0.999322 0.999835 1.0001 1 0.99999 1 1 1 1 1 1 1 1 1 1 1 
1.38579e-12 -2.84097e-13 -7.44973e-12 -2.5148e-10 7.65232e-10 2.02277e-09 -1.77928e-08 1.27633e-08 2.26396e-07 -6.40362e-07 -1.62875e-06 1.04128e-05 6.05288e-07 -0.000107108 0.000157432 0.000706755 -0.00239583 -0.00156917 0.0210711 -0.0268592 -0.103481 0.5 1.10348 1.02686 0.978929 1.00157 1.0024 0.999293 0.999843 1.00011 0.999999 0.99999 1 1 1 1 1 1 1 1 1 1 1 
2.84097e-13 1.28631e-12 -1.23377e-11 -3.06306e-10 9.35921e-10 2.38783e-09 -2.06342e-08 1.30939e-08 2.56795e-07 -6.79265e-07 -1.87157e-06 1.09256e-05 2.17611e-06 -0.000111291 0.000148679 0.000730381 -0.00235304 -0.00165522 0.0209081 -0.0267706 -0.103105 0.5 1.10311 1.02677 0.979092 1.00166 1.00235 0.99927 0.999851 1.00011 0.999998 0.999989 1 1 1 1 1 1 1 1 1 1 1 
-1.28631e-12 3.35647e-12 -1.79513e-11 -3.69191e-10 1.12111e-09 2.82154e-09 -2.36428e-08 1.2742e-08 2.88722e-07 -7.10426e-07 -2.12809e-06 1.13578e-05 3.85684e-06 -0.000114785 0.000139289 0.000749341 -0.0023084 -0.00171838 0.0207479 -0.0267431 -0.10276 0.5 1.10276 1.02674 0.979252 1.00172 1.00231 0.999251 0.999861 1.00011 0.999996 0.999989 1 1 1 1 1 1 1 1 1 1 1 
-3.35647e-12 5.93436e-12 -2.41371e-11 -4.40803e-10 1.31804e-09 3.33351e-09 -2.6784e-08 1.15905e-08 3.2181e-07 -7.32833e-07 -2.39446e-06 1.17038e-05 5.60976e-06 -0.000117576 0.000129557 0.000763804 -0.00226355 -0.00176096 0.0205959 -0.0267637 -0.102454 0.5 1.10245 1.02676 0.979404 1.00176 1.00226 0.999236 0.99987 1.00012 0.999994 0.999988 1 1 1 1 1 1 1 1 1 1 1 
-5.93436e-12 9.00124e-12 -3.06879e-11 -5.21749e-10 1.52322e-09 3.93241e-09 -3.00163e-08 9.53973e-09 3.55628e-07 -7.45711e-07 -2.66641e-06 1.196e-05 7.39643e-06 -0.000119671 0.000119761 0.000774043 -0.00221989 -0.00178549 0.0204562 -0.0268209 -0.102192 0.5 1.10219 1.02682 0.979544 1.00179 1.00222 0.999226 0.99988 1.00012 0.999993 0.999988 1 1 1 1 1 1 1 1 1 1 1 
-9.00124e-12 1.25087e-11 -3.73466e-11 -6.12539e-10 1.7325e-09 4.6255e-09 -3.32924e-08 6.51208e-09 3.897e-07 -7.48554e-07 -2.93945e-06 1.21256e-05 9.17911e-06 -0.000121094 0.000110151 0.00078042 -0.00217857 -0.00179468 0.0203314 -0.0269039 -0.101976 0.5 1.10198 1.0269 0.979669 1.00179 1.00218 0.99922 0.99989 1.00012 0.999991 0.999988 1 1 1 1 1 1 1 1 1 1 1 
-1.25087e-11 1.6377e-11 -4.38116e-11 -7.13548e-10 1.94112e-09 5.41808e-09 -3.65598e-08 2.45587e-09 4.23515e-07 -7.41137e-07 -3.20899e-06 1.22021e-05 1.0922e-05 -0.000121885 0.000100945 0.000783354 -0.00214047 -0.0017912 0.0202234 -0.0270036 -0.101806 0.5 1.10181 1.027 0.979777 1.00179 1.00214 0.999217 0.999899 1.00012 0.999989 0.999988 1 1 1 1 1 1 1 1 1 1 1 
-1.6377e-11 2.04944e-11 -4.97447e-11 -8.24971e-10 2.14383e-09 6.31313e-09 -3.97627e-08 -2.65175e-09 4.56548e-07 -7.23522e-07 -3.47056e-06 1.21933e-05 1.25924e-05 -0.000122095 9.23266e-05 0.000783309 -0.00210624 -0.0017777 0.0201328 -0.027112 -0.101679 0.5 1.10168 1.02711 0.979867 1.00178 1.00211 0.999217 0.999908 1.00012 0.999987 0.999988 1 1 1 1 1 1 1 1 1 1 1 
-2.04944e-11 2.47179e-11 -5.47812e-11 -9.46796e-10 2.33502e-09 7.31089e-09 -4.28431e-08 -8.80311e-09 4.88272e-07 -6.96057e-07 -3.7199e-06 1.21049e-05 1.41616e-05 -0.000121789 8.44396e-05 0.00078077 -0.00207629 -0.00175664 0.0200595 -0.0272228 -0.101591 0.5 1.10159 1.02722 0.97994 1.00176 1.00208 0.999219 0.999916 1.00012 0.999986 0.999988 1 1 1 1 1 1 1 1 1 1 1 
-2.47179e-11 2.88753e-11 -5.8541e-11 -1.07876e-09 2.50885e-09 8.40866e-09 -4.5743e-08 -1.59595e-08 5.18182e-07 -6.59352e-07 -3.95315e-06 1.19445e-05 1.56053e-05 -0.000121038 7.73913e-05 0.000776222 -0.00205085 -0.00173029 0.0200028 -0.0273308 -0.101538 0.5 1.10154 1.02733 0.979997 1.00173 1.00205 0.999224 0.999923 1.00012 0.999984 0.999988 1 1 0.999999 1 1 1 1 1 1 1 1 
-2.88753e-11 3.27686e-11 -6.06415e-11 -1.22035e-09 2.65946e-09 9.60063e-09 -4.84062e-08 -2.4052e-08 5.45807e-07 -6.14261e-07 -4.16695e-06 1.17212e-05 1.69046e-05 -0.000119915 7.12515e-05 0.000770138 -0.00202993 -0.00170066 0.0199616 -0.027432 -0.101514 0.5 1.10151 1.02743 0.980038 1.0017 1.00203 0.99923 0.999929 1.00012 0.999983 0.999988 1 1 0.999999 1 1 1 1 1 1 1 1 
-3.27686e-11 3.61785e-11 -6.07112e-11 -1.37075e-09 2.78113e-09 1.08779e-08 -5.07797e-08 -3.2983e-08 5.70728e-07 -5.61841e-07 -4.3585e-06 1.1445e-05 1.80456e-05 -0.000118499 6.60556e-05 0.000762968 -0.00201342 -0.00166952 0.0199343 -0.0275236 -0.101515 0.5 1.10151 1.02752 0.980066 1.00167 1.00201 0.999237 0.999934 1.00012 0.999982 0.999989 1 1 0.999999 1 1 1 1 1 1 1 1 
-3.61785e-11 3.88705e-11 -5.8404e-11 -1.52887e-09 2.86849e-09 1.22286e-08 -5.28161e-08 -4.26297e-08 5.92589e-07 -5.03319e-07 -4.52569e-06 1.11265e-05 1.90197e-05 -0.000116865 6.18071e-05 0.000755121 -0.00200107 -0.00163832 0.0199191 -0.0276039 -0.101534 0.5 1.10153 1.0276 0.980081 1.00164 1.002 0.999245 0.999938 1.00012 0.999981 0.999989 1 1 0.999999 1 1 1 1 1 1 1 1 
-3.88705e-11 4.06015e-11 -5.34122e-11 -1.69336e-09 2.91668e-09 1.3638e-08 -5.44747e-08 -5.28476e-08 6.1111e-07 -4.4004e-07 -4.66707e-06 1.07767e-05 1.98234e-05 -0.000115087 5.84819e-05 0.000746965 -0.00199253 -0.00160824 0.0199142 -0.0276718 -0.101567 0.5 1.10157 1.02767 0.980086 1.00161 1.00199 0.999253 0.999942 1.00012 0.99998 0.999989 1 1 0.999999 1 1 1 1 1 1 1 1 
-4.06015e-11 4.11272e-11 -4.54807e-11 -1.86257e-09 2.92158e-09 1.50891e-08 -5.5723e-08 -6.34752e-08 6.26093e-07 -3.7343e-07 -4.78188e-06 1.04064e-05 2.0458e-05 -0.000113232 5.60324e-05 0.000738818 -0.00198741 -0.00158021 0.0199176 -0.0277272 -0.101611 0.5 1.10161 1.02773 0.980082 1.00158 1.00199 0.999261 0.999944 1.00011 0.99998 0.99999 1 1 0.999999 1 1 1 1 1 1 1 1 
-4.11272e-11 4.02106e-11 -3.44179e-11 -2.03467e-09 2.8799e-09 1.65629e-08 -5.65381e-08 -7.43392e-08 6.37427e-07 -3.0494e-07 -4.87007e-06 1.00264e-05 2.0929e-05 -0.000111362 5.43924e-05 0.000730943 -0.00198524 -0.00155488 0.0199276 -0.0277704 -0.10166 0.5 1.10166 1.02777 0.980072 1.00155 1.00199 0.999269 0.999946 1.00011 0.999979 0.99999 1 1 0.999999 1 1 1 1 1 1 1 1 
-4.02106e-11 3.76297e-11 -2.01057e-11 -2.20759e-09 2.78936e-09 1.80389e-08 -5.69071e-08 -8.52599e-08 6.45088e-07 -2.36006e-07 -4.93222e-06 9.64633e-06 2.12456e-05 -0.000109532 5.34809e-05 0.000723556 -0.00198556 -0.0015327 0.0199425 -0.027802 -0.101712 0.5 1.10171 1.0278 0.980058 1.00153 1.00199 0.999276 0.999947 1.00011 0.999979 0.99999 1 1 0.999999 1 1 1 1 1 1 1 1 
-3.76297e-11 3.31861e-11 -2.50749e-12 -2.37915e-09 2.64879e-09 1.9496e-08 -5.68273e-08 -9.60572e-08 6.49138e-07 -1.68005e-07 -4.96949e-06 9.27523e-06 2.14201e-05 -0.000107788 5.32075e-05 0.000716817 -0.00198789 -0.00151389 0.0199606 -0.0278233 -0.101763 0.5 1.10176 1.02782 0.980039 1.00151 1.00199 0.999283 0.999947 1.00011 0.999979 0.999991 1 1 0.999999 1 1 1 1 1 1 1 1 
-3.31861e-11 2.67129e-11 1.8327e-11 -2.54707e-09 2.45819e-09 2.09124e-08 -5.63071e-08 -1.06555e-07 6.49723e-07 -1.02219e-07 -4.98357e-06 8.92094e-06 2.14671e-05 -0.000106166 5.34758e-05 0.00071084 -0.00199177 -0.00149852 0.0199806 -0.0278353 -0.101813 0.5 1.10181 1.02784 0.980019 1.0015 1.00199 0.999289 0.999947 1.00011 0.999979 0.999991 1 1 0.999999 1 1 1 1 1 1 1 1 
-2.67129e-11 1.8081e-11 4.22597e-11 -2.70906e-09 2.21873e-09 2.22673e-08 -5.53647e-08 -1.16588e-07 6.4706e-07 -3.97998e-08 -4.97656e-06 8.59011e-06 2.14029e-05 -0.000104696 5.41879e-05 0.000705694 -0.00199678 -0.00148651 0.0200013 -0.0278395 -0.101858 0.5 1.10186 1.02784 0.979999 1.00149 1.002 0.999294 0.999946 1.0001 0.999979 0.999991 1 1 0.999999 1 1 1 1 1 1 1 1 
-1.8081e-11 7.20597e-12 6.90654e-11 -2.86284e-09 1.93278e-09 2.35406e-08 -5.40281e-08 -1.26005e-07 6.41433e-07 1.8255e-08 -4.95091e-06 8.28807e-06 2.12449e-05 -0.000103398 5.52471e-05 0.000701407 -0.00200252 -0.00147768 0.0200218 -0.0278374 -0.101898 0.5 1.1019 1.02784 0.979978 1.00148 1.002 0.999299 0.999945 1.0001 0.999979 0.999992 1 1 0.999999 1 1 1 1 1 1 1 1 
-7.20597e-12 -5.94763e-12 9.84353e-11 -3.00624e-09 1.60386e-09 2.47138e-08 -5.23338e-08 -1.34672e-07 6.33177e-07 7.1121e-08 -4.9093e-06 8.01883e-06 2.10107e-05 -0.000102284 5.65611e-05 0.000697977 -0.00200865 -0.00147174 0.0200412 -0.0278303 -0.101933 0.5 1.10193 1.02783 0.979959 1.00147 1.00201 0.999302 0.999943 1.0001 0.999979 0.999992 1 1 0.999999 1 1 1 1 1 1 1 1 
5.94763e-12 -2.13629e-11 1.29985e-10 -3.13727e-09 1.23651e-09 2.57707e-08 -5.03259e-08 -1.42479e-07 6.22672e-07 1.18159e-07 -4.85456e-06 7.78509e-06 2.07181e-05 -0.000101359 5.80443e-05 0.000695369 -0.00201487 -0.00146837 0.020059 -0.0278195 -0.101961 0.5 1.10196 1.02782 0.979941 1.00147 1.00201 0.999305 0.999942 1.0001 0.999979 0.999992 1 1 0.999999 1 1 1 1 1 1 1 1 
2.13629e-11 -3.8969e-11 1.63262e-10 -3.25412e-09 8.36195e-10 2.66976e-08 -4.80545e-08 -1.49338e-07 6.10323e-07 1.58922e-07 -4.78957e-06 7.58829e-06 2.03838e-05 -0.000100621 5.96193e-05 0.000693529 -0.00202093 -0.00146721 0.0200748 -0.0278062 -0.101984 0.5 1.10198 1.02781 0.979925 1.00147 1.00202 0.999306 0.99994 1.0001 0.99998 0.999992 1 1 0.999999 1 1 1 1 1 1 1 1 
3.8969e-11 -5.86409e-11 1.97761e-10 -3.35529e-09 4.0917e-10 2.74837e-08 -4.55738e-08 -1.55186e-07 5.96554e-07 1.93151e-07 -4.71717e-06 7.42869e-06 2.00236e-05 -0.000100064 6.12184e-05 0.000692384 -0.00202664 -0.00146787 0.0200884 -0.0277914 -0.102001 0.5 1.102 1.02779 0.979912 1.00147 1.00203 0.999308 0.999939 1.0001 0.99998 0.999993 1 1 0.999999 1 1 1 1 1 1 1 1 
5.86409e-11 -8.02017e-11 2.32935e-10 -3.43956e-09 -3.7723e-11 2.81216e-08 -4.29414e-08 -1.59988e-07 5.8179e-07 2.20768e-07 -4.6401e-06 7.30552e-06 1.96521e-05 -9.96755e-05 6.27841e-05 0.000691851 -0.00203185 -0.00146998 0.0200996 -0.0277761 -0.102012 0.5 1.10201 1.02778 0.9799 1.00147 1.00203 0.999308 0.999937 1.0001 0.99998 0.999993 1 1 0.999999 1 1 1 1 1 1 1 1 
8.02017e-11 -1.03426e-10 2.68214e-10 -3.50607e-09 -4.97229e-10 2.86069e-08 -4.02155e-08 -1.63733e-07 5.66448e-07 2.41867e-07 -4.56091e-06 7.2171e-06 1.92818e-05 -9.94412e-05 6.42693e-05 0.00069184 -0.00203646 -0.00147319 0.0201085 -0.027761 -0.102019 0.5 1.10202 1.02776 0.979892 1.00147 1.00204 0.999308 0.999936 1.0001 0.999981 0.999993 1 1 0.999999 1 1 1 1 1 1 1 1 
1.03426e-10 -1.28043e-10 3.03017e-10 -3.55431e-09 -9.61882e-10 2.8939e-08 -3.7454e-08 -1.66436e-07 5.50926e-07 2.56693e-07 -4.48193e-06 7.16101e-06 1.89237e-05 -9.93435e-05 6.56377e-05 0.000692256 -0.00204041 -0.00147715 0.0201151 -0.0277467 -0.102022 0.5 1.10202 1.02775 0.979885 1.00148 1.00204 0.999308 0.999934 1.0001 0.999981 0.999993 1 1 0.999999 1 1 1 1 1 1 1 1 
1.28043e-10 -1.53748e-10 3.36771e-10 -3.58416e-09 -1.42421e-09 2.91202e-08 -3.47128e-08 -1.68133e-07 5.35591e-07 2.65625e-07 -4.4052e-06 7.13422e-06 1.85867e-05 -9.93631e-05 6.68625e-05 0.00069301 -0.00204367 -0.00148156 0.0201197 -0.0277336 -0.102022 0.5 1.10202 1.02773 0.97988 1.00148 1.00204 0.999307 0.999933 1.0001 0.999981 0.999993 1 1 0.999999 1 1 1 1 1 1 1 1 
1.53748e-10 -1.80204e-10 3.68927e-10 -3.59587e-09 -1.87693e-09 2.91562e-08 -3.20442e-08 -1.68883e-07 5.20774e-07 2.6915e-07 -4.33246e-06 7.13326e-06 1.82778e-05 -9.94803e-05 6.79266e-05 0.000694012 -0.00204625 -0.00148618 0.0201224 -0.027722 -0.102018 0.5 1.10202 1.02772 0.979878 1.00149 1.00205 0.999306 0.999932 1.0001 0.999982 0.999993 1 1 0.999999 1 1 1 1 1 1 1 1 
1.80204e-10 -2.07054e-10 3.98975e-10 -3.59004e-09 -2.31312e-09 2.90555e-08 -2.94961e-08 -1.68761e-07 5.06764e-07 2.67845e-07 -4.26516e-06 7.15441e-06 1.80023e-05 -9.96751e-05 6.88208e-05 0.000695182 -0.00204817 -0.00149077 0.0201235 -0.027712 -0.102013 0.5 1.10201 1.02771 0.979877 1.00149 1.00205 0.999305 0.999931 1.0001 0.999982 0.999993 1 1 0.999999 1 1 1 1 1 1 1 1 
2.07054e-10 -2.33928e-10 4.26456e-10 -3.56763e-09 -2.72644e-09 2.88293e-08 -2.71103e-08 -1.67855e-07 4.93803e-07 2.62344e-07 -4.20438e-06 7.1938e-06 1.77633e-05 -9.99284e-05 6.95436e-05 0.000696448 -0.00204949 -0.00149517 0.0201232 -0.0277039 -0.102007 0.5 1.10201 1.0277 0.979877 1.0015 1.00205 0.999304 0.99993 1.0001 0.999982 0.999993 1 1 1 1 1 1 1 1 1 1 1 
2.33928e-10 -2.60457e-10 4.50979e-10 -3.5299e-09 -3.11119e-09 2.84907e-08 -2.49224e-08 -1.66267e-07 4.82081e-07 2.53324e-07 -4.15091e-06 7.24756e-06 1.75628e-05 -0.000100222 7.00995e-05 0.000697747 -0.00205026 -0.00149923 0.0201219 -0.0276975 -0.101999 0.5 1.102 1.0277 0.979878 1.0015 1.00205 0.999302 0.99993 1.0001 0.999982 0.999993 1 1 1 1 1 1 1 1 1 1 1 
2.60457e-10 -2.86275e-10 4.72221e-10 -3.47836e-09 -3.46253e-09 2.80547e-08 -2.2961e-08 -1.64106e-07 4.7174e-07 2.41475e-07 -4.10522e-06 7.31194e-06 1.74009e-05 -0.000100539 7.04978e-05 0.000699023 -0.00205057 -0.00150287 0.0201198 -0.0276928 -0.101991 0.5 1.10199 1.02769 0.97988 1.0015 1.00205 0.999301 0.99993 1.0001 0.999983 0.999993 1 1 1 1 1 1 1 1 1 1 1 
2.86275e-10 -3.11034e-10 4.89945e-10 -3.41477e-09 -3.7765e-09 2.75375e-08 -2.12471e-08 -1.61483e-07 4.6287e-07 2.27481e-07 -4.06752e-06 7.3834e-06 1.72766e-05 -0.000100866 7.07519e-05 0.000700236 -0.00205047 -0.00150602 0.0201171 -0.0276896 -0.101984 0.5 1.10198 1.02769 0.979883 1.00151 1.00205 0.9993 0.999929 1.0001 0.999983 0.999993 1 1 1 1 1 1 1 1 1 1 1 
3.11034e-10 -3.34413e-10 5.03996e-10 -3.34104e-09 -4.05011e-09 2.69561e-08 -1.97945e-08 -1.58511e-07 4.55516e-07 2.12003e-07 -4.03775e-06 7.4587e-06 1.71879e-05 -0.000101189 7.08779e-05 0.000701351 -0.00205006 -0.00150865 0.020114 -0.0276878 -0.101976 0.5 1.10198 1.02769 0.979886 1.00151 1.00205 0.999299 0.999929 1.0001 0.999983 0.999993 1 1 1 1 1 1 1 1 1 1 1 
3.34413e-10 -3.56119e-10 5.14307e-10 -3.2592e-09 -4.28138e-09 2.63278e-08 -1.86097e-08 -1.55301e-07 4.49676e-07 1.9566e-07 -4.01563e-06 7.53494e-06 1.71321e-05 -0.000101498 7.08936e-05 0.000702346 -0.0020494 -0.00151074 0.0201108 -0.0276872 -0.101969 0.5 1.10197 1.02769 0.979889 1.00151 1.00205 0.999298 0.999929 1.0001 0.999983 0.999992 1 1 1 1 1 1 1 1 1 1 1 
3.56119e-10 -3.75902e-10 5.20897e-10 -3.17135e-09 -4.46934e-09 2.56697e-08 -1.76923e-08 -1.51959e-07 4.45312e-07 1.79021e-07 -4.00069e-06 7.60962e-06 1.71055e-05 -0.000101786 7.08176e-05 0.000703204 -0.00204856 -0.00151233 0.0201076 -0.0276875 -0.101963 0.5 1.10196 1.02769 0.979892 1.00151 1.00205 0.999297 0.999929 1.0001 0.999983 0.999992 1 1 1 1 1 1 1 1 1 1 1 
3.75902e-10 -3.93554e-10 5.23865e-10 -3.07957e-09 -4.61397e-09 2.49982e-08 -1.70357e-08 -1.48582e-07 4.4235e-07 1.62587e-07 -3.99233e-06 7.68065e-06 1.71043e-05 -0.000102045 7.06686e-05 0.000703918 -0.00204761 -0.00151345 0.0201045 -0.0276887 -0.101958 0.5 1.10196 1.02769 0.979895 1.00151 1.00205 0.999296 0.999929 1.0001 0.999983 0.999992 1 1 1 1 1 1 1 1 1 1 1 
3.93554e-10 -4.08916e-10 5.23388e-10 -2.98592e-09 -4.71618e-09 2.43289e-08 -1.66274e-08 -1.4526e-07 4.40685e-07 1.46794e-07 -3.98982e-06 7.74638e-06 1.71245e-05 -0.000102272 7.04647e-05 0.000704488 -0.00204661 -0.00151413 0.0201017 -0.0276904 -0.101954 0.5 1.10195 1.02769 0.979898 1.00151 1.00205 0.999296 0.99993 1.0001 0.999983 0.999992 1 1 1 1 1 1 1 1 1 1 1 
4.08916e-10 -4.21879e-10 5.19712e-10 -2.89237e-09 -4.77775e-09 2.36761e-08 -1.64501e-08 -1.4207e-07 4.40193e-07 1.32e-07 -3.99239e-06 7.80554e-06 1.71619e-05 -0.000102464 7.02228e-05 0.000704918 -0.0020456 -0.00151443 0.0200991 -0.0276925 -0.101951 0.5 1.10195 1.02769 0.979901 1.00151 1.00205 0.999295 0.99993 1.0001 0.999983 0.999992 1 1 1 1 1 1 1 1 1 1 1 
4.21879e-10 -4.32387e-10 5.1314e-10 -2.80073e-09 -4.80117e-09 2.30525e-08 -1.64826e-08 -1.39077e-07 4.40732e-07 1.18487e-07 -3.99918e-06 7.85729e-06 1.72124e-05 -0.00010262 6.99583e-05 0.000705217 -0.00204463 -0.00151441 0.0200969 -0.0276948 -0.101948 0.5 1.10195 1.02769 0.979903 1.00151 1.00204 0.999295 0.99993 1.0001 0.999983 0.999992 1 1 1 1 1 1 1 1 1 1 1 
4.32387e-10 -4.40433e-10 5.04024e-10 -2.71265e-09 -4.7896e-09 2.24688e-08 -1.67006e-08 -1.36336e-07 4.42147e-07 1.06465e-07 -4.00937e-06 7.90113e-06 1.72723e-05 -0.000102742 6.96847e-05 0.000705398 -0.00204372 -0.00151413 0.020095 -0.0276972 -0.101946 0.5 1.10195 1.0277 0.979905 1.00151 1.00204 0.999295 0.99993 1.0001 0.999983 0.999992 1 1 1 1 1 1 1 1 1 1 1 
4.40433e-10 -4.4606e-10 4.92752e-10 -2.62959e-09 -4.7467e-09 2.19342e-08 -1.70774e-08 -1.33887e-07 4.44282e-07 9.60708e-08 -4.02212e-06 7.93689e-06 1.73379e-05 -0.00010283 6.94135e-05 0.000705475 -0.0020429 -0.00151366 0.0200936 -0.0276996 -0.101946 0.5 1.10195 1.0277 0.979906 1.00151 1.00204 0.999295 0.999931 1.0001 0.999983 0.999992 1 1 1 1 1 1 1 1 1 1 1 
4.4606e-10 -4.49357e-10 4.79735e-10 -2.55276e-09 -4.67653e-09 2.14556e-08 -1.75854e-08 -1.31757e-07 4.46977e-07 8.73751e-08 -4.03666e-06 7.9647e-06 1.74061e-05 -0.000102887 6.91541e-05 0.000705463 -0.00204218 -0.00151304 0.0200925 -0.0277019 -0.101945 0.5 1.10195 1.0277 0.979908 1.00151 1.00204 0.999295 0.999931 1.0001 0.999983 0.999992 1 1 1 1 1 1 1 1 1 1 1 
4.49357e-10 -4.50454e-10 4.65398e-10 -2.48316e-09 -4.58341e-09 2.1038e-08 -1.81963e-08 -1.29964e-07 4.5008e-07 8.0389e-08 -4.05225e-06 7.9849e-06 1.74741e-05 -0.000102917 6.89141e-05 0.000705379 -0.00204158 -0.00151233 0.0200917 -0.027704 -0.101945 0.5 1.10195 1.0277 0.979908 1.00151 1.00204 0.999295 0.999931 1.0001 0.999983 0.999992 1 1 1 1 1 1 1 1 1 1 1 
4.50454e-10 -4.49518e-10 4.50165e-10 -2.42152e-09 -4.47179e-09 2.06845e-08 -1.88824e-08 -1.28512e-07 4.53443e-07 7.50712e-08 -4.06825e-06 7.99806e-06 1.75397e-05 -0.000102923 6.86987e-05 0.000705239 -0.00204109 -0.00151157 0.0200912 -0.0277059 -0.101946 0.5 1.10195 1.02771 0.979909 1.00151 1.00204 0.999295 0.999931 1.0001 0.999982 0.999992 1 1 1 1 1 1 1 1 1 1 1 
4.49518e-10 -4.46746e-10 4.34451e-10 -2.36834e-09 -4.34612e-09 2.03962e-08 -1.9617e-08 -1.27395e-07 4.56935e-07 7.1336e-08 -4.08409e-06 8.00486e-06 1.7601e-05 -0.000102909 6.85116e-05 0.000705059 -0.00204071 -0.0015108 0.020091 -0.0277075 -0.101947 0.5 1.10195 1.02771 0.979909 1.00151 1.00204 0.999295 0.999931 1.0001 0.999982 0.999992 1 1 1 1 1 1 1 1 1 1 1 
4.46746e-10 -4.42359e-10 4.18648e-10 -2.32389e-09 -4.21078e-09 2.01726e-08 -2.03751e-08 -1.26602e-07 4.60434e-07 6.90623e-08 -4.09928e-06 8.00609e-06 1.76566e-05 -0.000102879 6.83548e-05 0.000704851 -0.00204045 -0.00151006 0.0200911 -0.0277088 -0.101948 0.5 1.10195 1.02771 0.979909 1.00151 1.00204 0.999295 0.999932 1.0001 0.999982 0.999992 1 1 1 1 1 1 1 1 1 1 1 
4.42359e-10 -4.36595e-10 4.03121e-10 -2.28819e-09 -4.06993e-09 2.00117e-08 -2.11339e-08 -1.26111e-07 4.63837e-07 6.81017e-08 -4.11346e-06 8.00262e-06 1.77055e-05 -0.000102836 6.82286e-05 0.00070463 -0.00204028 -0.00150936 0.0200913 -0.0277098 -0.101949 0.5 1.10195 1.02771 0.979909 1.00151 1.00204 0.999295 0.999932 1.0001 0.999982 0.999992 1 1 1 1 1 1 1 1 1 1 1 
4.36595e-10 -4.29703e-10 3.88195e-10 -2.26107e-09 -3.92745e-09 1.99099e-08 -2.18735e-08 -1.25894e-07 4.67057e-07 6.82868e-08 -4.12631e-06 7.99531e-06 1.77471e-05 -0.000102785 6.81324e-05 0.000704406 -0.00204019 -0.00150873 0.0200917 -0.0277105 -0.101951 0.5 1.10195 1.02771 0.979908 1.00151 1.00204 0.999296 0.999932 1.0001 0.999982 0.999992 1 1 1 1 1 1 1 1 1 1 1 
4.29703e-10 -4.21936e-10 3.74157e-10 -2.24218e-09 -3.78685e-09 1.98629e-08 -2.25765e-08 -1.25922e-07 4.70024e-07 6.94392e-08 -4.13764e-06 7.98503e-06 1.77813e-05 -0.000102729 6.80645e-05 0.000704187 -0.00204018 -0.00150818 0.0200921 -0.027711 -0.101952 0.5 1.10195 1.02771 0.979908 1.00151 1.00204 0.999296 0.999932 1.0001 0.999982 0.999992 1 1 1 1 1 1 1 1 1 1 1 
4.21936e-10 -4.13544e-10 3.61243e-10 -2.231e-09 -3.65124e-09 1.98651e-08 -2.32286e-08 -1.2616e-07 4.72685e-07 7.13764e-08 -4.1473e-06 7.9726e-06 1.7808e-05 -0.00010267 6.80225e-05 0.000703982 -0.00204024 -0.00150772 0.0200926 -0.0277113 -0.101953 0.5 1.10195 1.02771 0.979907 1.00151 1.00204 0.999296 0.999932 1.0001 0.999982 0.999992 1 1 1 1 1 1 1 1 1 1 1 
4.13544e-10 -4.0477e-10 3.49643e-10 -2.22688e-09 -3.52326e-09 1.99105e-08 -2.38188e-08 -1.26572e-07 4.75005e-07 7.3918e-08 -4.15526e-06 7.95881e-06 1.78276e-05 -0.000102611 6.80034e-05 0.000703796 -0.00204034 -0.00150735 0.0200932 -0.0277114 -0.101954 0.5 1.10195 1.02771 0.979907 1.00151 1.00204 0.999296 0.999932 1.0001 0.999982 0.999992 1 1 1 1 1 1 1 1 1 1 1 
4.0477e-10 -3.95843e-10 3.39497e-10 -2.22909e-09 -3.4051e-09 1.99926e-08 -2.4339e-08 -1.27123e-07 4.76962e-07 7.68912e-08 -4.16151e-06 7.94432e-06 1.78406e-05 -0.000102555 6.80039e-05 0.000703632 -0.00204047 -0.00150707 0.0200937 -0.0277113 -0.101955 0.5 1.10196 1.02771 0.979906 1.00151 1.00204 0.999296 0.999932 1.0001 0.999982 0.999992 1 1 1 1 1 1 1 1 1 1 1 
3.95843e-10 -3.86974e-10 3.30894e-10 -2.23678e-09 -3.29844e-09 2.01046e-08 -2.47841e-08 -1.27776e-07 4.78549e-07 8.01351e-08 -4.16613e-06 7.92977e-06 1.78475e-05 -0.000102502 6.80206e-05 0.000703492 -0.00204063 -0.00150686 0.0200942 -0.0277111 -0.101956 0.5 1.10196 1.02771 0.979906 1.00151 1.00204 0.999297 0.999932 1.0001 0.999982 0.999992 1 1 1 1 1 1 1 1 1 1 1 
3.86974e-10 -3.78353e-10 3.23878e-10 -2.2491e-09 -3.2045e-09 2.02399e-08 -2.51515e-08 -1.28499e-07 4.79773e-07 8.35041e-08 -4.16921e-06 7.91564e-06 1.78493e-05 -0.000102455 6.805e-05 0.000703379 -0.00204081 -0.00150674 0.0200947 -0.0277108 -0.101957 0.5 1.10196 1.02771 0.979905 1.00151 1.00204 0.999297 0.999932 1.0001 0.999982 0.999992 1 1 1 1 1 1 1 1 1 1 1 
3.78353e-10 -3.70146e-10 3.18446e-10 -2.26517e-09 -3.12401e-09 2.03921e-08 -2.54414e-08 -1.2926e-07 4.80648e-07 8.68704e-08 -4.1709e-06 7.90236e-06 1.78466e-05 -0.000102413 6.80887e-05 0.00070329 -0.00204098 -0.00150668 0.0200952 -0.0277105 -0.101957 0.5 1.10196 1.02771 0.979905 1.00151 1.00204 0.999297 0.999932 1.0001 0.999982 0.999992 1 1 1 1 1 1 1 1 1 1 1 
3.70146e-10 -3.62493e-10 3.14557e-10 -2.2841e-09 -3.05731e-09 2.05547e-08 -2.56559e-08 -1.30031e-07 4.812e-07 9.01253e-08 -4.17137e-06 7.89025e-06 1.78404e-05 -0.000102378 6.81338e-05 0.000703227 -0.00204116 -0.00150667 0.0200956 -0.0277101 -0.101958 0.5 1.10196 1.02771 0.979904 1.00151 1.00204 0.999297 0.999932 1.0001 0.999982 0.999992 1 1 1 1 1 1 1 1 1 1 1 
3.62493e-10 -3.55505e-10 3.12136e-10 -2.30505e-09 -3.00432e-09 2.07223e-08 -2.57993e-08 -1.30787e-07 4.81459e-07 9.31802e-08 -4.1708e-06 7.87953e-06 1.78314e-05 -0.00010235 6.81823e-05 0.000703185 -0.00204132 -0.00150672 0.0200959 -0.0277096 -0.101958 0.5 1.10196 1.02771 0.979904 1.00151 1.00204 0.999297 0.999932 1.0001 0.999982 0.999992 1 1 1 1 1 1 1 1 1 1 1 
3.55505e-10 -3.49269e-10 3.11075e-10 -2.32722e-09 -2.96463e-09 2.08896e-08 -2.58769e-08 -1.31509e-07 4.81461e-07 9.59662e-08 -4.16937e-06 7.87035e-06 1.78204e-05 -0.000102328 6.8232e-05 0.000703164 -0.00204147 -0.0015068 0.0200961 -0.0277092 -0.101958 0.5 1.10196 1.02771 0.979904 1.00151 1.00204 0.999297 0.999932 1.0001 0.999982 0.999992 1 1 1 1 1 1 1 1 1 1 1 
3.49269e-10 -3.43842e-10 3.11244e-10 -2.34987e-09 -2.93752e-09 2.10522e-08 -2.58955e-08 -1.32178e-07 4.81244e-07 9.84338e-08 -4.16726e-06 7.86277e-06 1.78082e-05 -0.000102313 6.82806e-05 0.000703159 -0.0020416 -0.00150691 0.0200963 -0.0277088 -0.101958 0.5 1.10196 1.02771 0.979904 1.00151 1.00204 0.999297 0.999932 1.0001 0.999982 0.999992 1 1 1 1 1 1 1 1 1 1 1 
3.43842e-10 -3.39256e-10 3.12496e-10 -2.37234e-09 -2.92204e-09 2.12063e-08 -2.58628e-08 -1.32782e-07 4.80848e-07 1.00551e-07 -4.16467e-06 7.8568e-06 1.77954e-05 -0.000102303 6.83266e-05 0.00070317 -0.00204172 -0.00150703 0.0200965 -0.0277085 -0.101958 0.5 1.10196 1.02771 0.979904 1.00151 1.00204 0.999297 0.999932 1.0001 0.999982 0.999992 1 1 1 1 1 1 1 1 1 1 1 
3.39256e-10 -3.3552e-10 3.1467e-10 -2.39407e-09 -2.91704e-09 2.13487e-08 -2.57867e-08 -1.33312e-07 4.80313e-07 1.02303e-07 -4.16175e-06 7.85237e-06 1.77826e-05 -0.000102298 6.83686e-05 0.000703191 -0.00204181 -0.00150717 0.0200965 -0.0277081 -0.101958 0.5 1.10196 1.02771 0.979903 1.00151 1.00204 0.999297 0.999932 1.0001 0.999982 0.999992 1 1 1 1 1 1 1 1 1 1 1 
3.3552e-10 -3.32621e-10 3.17599e-10 -2.41456e-09 -2.92123e-09 2.14772e-08 -2.56755e-08 -1.33762e-07 4.79678e-07 1.03689e-07 -4.15866e-06 7.84939e-06 1.77702e-05 -0.000102298 6.84058e-05 0.000703222 -0.00204188 -0.0015073 0.0200966 -0.0277079 -0.101958 0.5 1.10196 1.02771 0.979903 1.00151 1.00204 0.999297 0.999932 1.0001 0.999982 0.999992 1 1 1 1 1 1 1 1 1 1 1 
3.32621e-10 -3.30526e-10 3.21117e-10 -2.43343e-09 -2.93326e-09 2.15901e-08 -2.55373e-08 -1.3413e-07 4.78977e-07 1.0472e-07 -4.15554e-06 7.84772e-06 1.77585e-05 -0.000102302 6.84377e-05 0.000703258 -0.00204193 -0.00150744 0.0200966 -0.0277077 -0.101958 0.5 1.10196 1.02771 0.979903 1.00151 1.00204 0.999297 0.999932 1.0001 0.999982 0.999992 1 1 1 1 1 1 1 1 1 1 1 
3.30526e-10 -3.29185e-10 3.25057e-10 -2.45038e-09 -2.95171e-09 2.16863e-08 -2.53799e-08 -1.34417e-07 4.78245e-07 1.05417e-07 -4.15249e-06 7.84721e-06 1.7748e-05 -0.000102308 6.84639e-05 0.000703297 -0.00204196 -0.00150756 0.0200965 -0.0277075 -0.101957 0.5 1.10196 1.02771 0.979903 1.00151 1.00204 0.999297 0.999932 1.0001 0.999982 0.999992 1 1 1 1 1 1 1 1 1 1 1 
3.29185e-10 -3.28537e-10 3.29264e-10 -2.46522e-09 -2.9752e-09 2.17654e-08 -2.52108e-08 -1.34624e-07 4.77508e-07 1.0581e-07 -4.14961e-06 7.84767e-06 1.77388e-05 -0.000102316 6.84844e-05 0.000703338 -0.00204198 -0.00150767 0.0200965 -0.0277074 -0.101957 0.5 1.10196 1.02771 0.979904 1.00151 1.00204 0.999297 0.999932 1.0001 0.999982 0.999992 1 1 1 1 1 1 1 1 1 1 1 
3.28537e-10 -3.28509e-10 3.33591e-10 -2.47781e-09 -3.00237e-09 2.18277e-08 -2.50366e-08 -1.34759e-07 4.76793e-07 1.05934e-07 -4.14697e-06 7.84894e-06 1.7731e-05 -0.000102326 6.84995e-05 0.000703379 -0.00204199 -0.00150777 0.0200964 -0.0277073 -0.101957 0.5 1.10196 1.02771 0.979904 1.00151 1.00204 0.999297 0.999932 1.0001 0.999982 0.999992 1 1 1 1 1 1 1 1 1 1 1 
3.28509e-10 -3.29022e-10 3.37908e-10 -2.48812e-09 -3.03195e-09 2.18736e-08 -2.48632e-08 -1.34825e-07 4.7612e-07 1.05827e-07 -4.14463e-06 7.85083e-06 1.77246e-05 -0.000102337 6.85095e-05 0.000703417 -0.00204198 -0.00150786 0.0200963 -0.0277072 -0.101957 0.5 1.10196 1.02771 0.979904 1.00151 1.00204 0.999297 0.999931 1.0001 0.999982 0.999992 1 1 1 1 1 1 1 1 1 1 1 
3.29022e-10 -3.29991e-10 3.42099e-10 -2.49618e-09 -3.06276e-09 2.19042e-08 -2.46957e-08 -1.34833e-07 4.75504e-07 1.0553e-07 -4.14261e-06 7.85317e-06 1.77197e-05 -0.000102348 6.85149e-05 0.000703452 -0.00204196 -0.00150793 0.0200962 -0.0277072 -0.101956 0.5 1.10196 1.02771 0.979904 1.00151 1.00204 0.999297 0.999931 1.0001 0.999982 0.999992 1 1 1 1 1 1 1 1 1 1 1 
3.29991e-10 -3.31331e-10 3.46066e-10 -2.50207e-09 -3.09376e-09 2.19208e-08 -2.45383e-08 -1.3479e-07 4.74957e-07 1.05082e-07 -4.14094e-06 7.85581e-06 1.77161e-05 -0.000102359 6.85163e-05 0.000703484 -0.00204194 -0.00150798 0.0200961 -0.0277072 -0.101956 0.5 1.10196 1.02771 0.979904 1.00151 1.00204 0.999297 0.999931 1.0001 0.999982 0.999992 1 1 1 1 1 1 1 1 1 1 1 
3.31331e-10 -3.32957e-10 3.49729e-10 -2.50593e-09 -3.12404e-09 2.19249e-08 -2.43943e-08 -1.34705e-07 4.74486e-07 1.04524e-07 -4.13962e-06 7.85859e-06 1.77138e-05 -0.00010237 6.85144e-05 0.000703511 -0.00204191 -0.00150801 0.020096 -0.0277073 -0.101956 0.5 1.10196 1.02771 0.979904 1.00151 1.00204 0.999296 0.999931 1.0001 0.999982 0.999992 1 1 1 1 1 1 1 1 1 1 1 
3.32957e-10 -3.34788e-10 3.53026e-10 -2.50793e-09 -3.15282e-09 2.19181e-08 -2.42661e-08 -1.34587e-07 4.74096e-07 1.03892e-07 -4.13863e-06 7.8614e-06 1.77127e-05 -0.000102379 6.85099e-05 0.000703533 -0.00204188 -0.00150804 0.0200959 -0.0277073 -0.101956 0.5 1.10196 1.02771 0.979904 1.00151 1.00204 0.999296 0.999931 1.0001 0.999982 0.999992 1 1 1 1 1 1 1 1 1 1 1 
3.34788e-10 -3.36747e-10 3.55914e-10 -2.50828e-09 -3.1795e-09 2.19023e-08 -2.41554e-08 -1.34445e-07 4.73787e-07 1.0322e-07 -4.13796e-06 7.86412e-06 1.77125e-05 -0.000102388 6.85032e-05 0.000703551 -0.00204184 -0.00150805 0.0200958 -0.0277074 -0.101956 0.5 1.10196 1.02771 0.979904 1.00151 1.00204 0.999296 0.999931 1.0001 0.999982 0.999992 1 1 1 1 1 1 1 1 1 1 1 
3.36747e-10 -3.38763e-10 3.58367e-10 -2.5072e-09 -3.20359e-09 2.18792e-08 -2.4063e-08 -1.34286e-07 4.73557e-07 1.02537e-07 -4.13758e-06 7.86668e-06 1.77132e-05 -0.000102395 6.84951e-05 0.000703563 -0.00204181 -0.00150805 0.0200957 -0.0277075 -0.101956 0.5 1.10196 1.02771 0.979904 1.00151 1.00204 0.999296 0.999932 1.0001 0.999982 0.999992 1 1 1 1 1 1 1 1 1 1 1 
3.38763e-10 -3.40774e-10 3.60374e-10 -2.50494e-09 -3.22478e-09 2.18506e-08 -2.3989e-08 -1.34119e-07 4.73401e-07 1.01869e-07 -4.13745e-06 7.86901e-06 1.77145e-05 -0.000102401 6.84862e-05 0.000703572 -0.00204178 -0.00150804 0.0200957 -0.0277076 -0.101956 0.5 1.10196 1.02771 0.979904 1.00151 1.00204 0.999296 0.999932 1.0001 0.999982 0.999992 1 1 1 1 1 1 1 1 1 1 1 
3.40774e-10 -3.42725e-10 3.61937e-10 -2.50172e-09 -3.24286e-09 2.18181e-08 -2.3933e-08 -1.3395e-07 4.73314e-07 1.01237e-07 -4.13754e-06 7.87107e-06 1.77164e-05 -0.000102406 6.84769e-05 0.000703577 -0.00204175 -0.00150803 0.0200956 -0.0277076 -0.101956 0.5 1.10196 1.02771 0.979904 1.00151 1.00204 0.999296 0.999932 1.0001 0.999982 0.999992 1 1 1 1 1 1 1 1 1 1 1 
3.42725e-10 -3.44571e-10 3.63073e-10 -2.49779e-09 -3.25775e-09 2.17833e-08 -2.38941e-08 -1.33785e-07 4.73287e-07 1.00657e-07 -4.13781e-06 7.87282e-06 1.77186e-05 -0.000102409 6.84676e-05 0.000703578 -0.00204173 -0.00150801 0.0200956 -0.0277077 -0.101956 0.5 1.10196 1.02771 0.979904 1.00151 1.00204 0.999296 0.999932 1.0001 0.999982 0.999992 1 1 1 1 1 1 1 1 1 1 1 
3.44571e-10 -3.46275e-10 3.63807e-10 -2.49335e-09 -3.26948e-09 2.17475e-08 -2.38709e-08 -1.33629e-07 4.73313e-07 1.00141e-07 -4.13822e-06 7.87425e-06 1.77209e-05 -0.000102412 6.84587e-05 0.000703577 -0.00204171 -0.00150798 0.0200956 -0.0277078 -0.101956 0.5 1.10196 1.02771 0.979904 1.00151 1.00204 0.999296 0.999932 1.0001 0.999982 0.999992 1 1 1 1 1 1 1 1 1 1 1 
3.46275e-10 -3.47809e-10 3.64173e-10 -2.48863e-09 -3.27816e-09 2.17121e-08 -2.38619e-08 -1.33485e-07 4.73381e-07 9.96973e-08 -4.13873e-06 7.87536e-06 1.77234e-05 -0.000102413 6.84504e-05 0.000703573 -0.00204169 -0.00150796 0.0200956 -0.0277078 -0.101956 0.5 1.10196 1.02771 0.979904 1.00151 1.00204 0.999296 0.999932 1.0001 0.999982 0.999992 1 1 1 1 1 1 1 1 1 1 1 
3.47809e-10 -3.49154e-10 3.64211e-10 -2.48379e-09 -3.28399e-09 2.1678e-08 -2.38652e-08 -1.33356e-07 4.73484e-07 9.93293e-08 -4.1393e-06 7.87618e-06 1.77259e-05 -0.000102414 6.8443e-05 0.000703568 -0.00204168 -0.00150793 0.0200956 -0.0277079 -0.101956 0.5 1.10196 1.02771 0.979904 1.00151 1.00204 0.999296 0.999932 1.0001 0.999982 0.999992 1 1 1 1 1 1 1 1 1 1 1 
3.49154e-10 -3.50299e-10 3.63965e-10 -2.47901e-09 -3.28721e-09 2.16461e-08 -2.38789e-08 -1.33244e-07 4.73612e-07 9.9038e-08 -4.13991e-06 7.8767e-06 1.77282e-05 -0.000102413 6.84366e-05 0.000703561 -0.00204167 -0.00150791 0.0200956 -0.0277079 -0.101956 0.5 1.10196 1.02771 0.979904 1.00151 1.00204 0.999296 0.999932 1.0001 0.999982 0.999992 1 1 1 1 1 1 1 1 1 1 1 
3.50299e-10 -3.51239e-10 3.63483e-10 -2.47441e-09 -3.28812e-09 2.1617e-08 -2.39009e-08 -1.3315e-07 4.73757e-07 9.88215e-08 -4.14053e-06 7.87698e-06 1.77304e-05 -0.000102412 6.84313e-05 0.000703553 -0.00204166 -0.00150788 0.0200956 -0.0277079 -0.101956 0.5 1.10196 1.02771 0.979904 1.00151 1.00204 0.999296 0.999932 1.0001 0.999982 0.999992 1 1 1 1 1 1 1 1 1 1 1 
3.51239e-10 -3.51977e-10 3.62812e-10 -2.47012e-09 -3.28703e-09 2.15913e-08 -2.39293e-08 -1.33075e-07 4.73911e-07 9.86754e-08 -4.14113e-06 7.87703e-06 1.77323e-05 -0.000102411 6.84271e-05 0.000703546 -0.00204166 -0.00150786 0.0200956 -0.027708 -0.101956 0.5 1.10196 1.02771 0.979904 1.00151 1.00204 0.999296 0.999932 1.0001 0.999982 0.999992 1 1 1 1 1 1 1 1 1 1 1 
3.51977e-10 -3.5252e-10 3.61998e-10 -2.46622e-09 -3.28428e-09 2.15691e-08 -2.39623e-08 -1.33018e-07 4.74068e-07 9.85936e-08 -4.1417e-06 7.8769e-06 1.7734e-05 -0.000102409 6.84239e-05 0.000703538 -0.00204166 -0.00150784 0.0200956 -0.027708 -0.101956 0.5 1.10196 1.02771 0.979904 1.00151 1.00204 0.999296 0.999932 1.0001 0.999982 0.999992 1 1 1 1 1 1 1 1 1 1 1 
3.5252e-10 -3.52881e-10 3.61085e-10 -2.46276e-09 -3.28021e-09 2.15508e-08 -2.3998e-08 -1.32978e-07 4.74222e-07 9.85686e-08 -4.14221e-06 7.87661e-06 1.77354e-05 -0.000102407 6.84217e-05 0.000703531 -0.00204166 -0.00150783 0.0200956 -0.027708 -0.101956 0.5 1.10196 1.02771 0.979904 1.00151 1.00204 0.999296 0.999932 1.0001 0.999982 0.999992 1 1 1 1 1 1 1 1 1 1 1 
3.52881e-10 -3.53075e-10 3.60115e-10 -2.4598e-09 -3.27513e-09 2.15361e-08 -2.4035e-08 -1.32954e-07 4.74369e-07 9.85922e-08 -4.14267e-06 7.87622e-06 1.77365e-05 -0.000102405 6.84204e-05 0.000703524 -0.00204166 -0.00150782 0.0200956 -0.027708 -0.101956 0.5 1.10196 1.02771 0.979904 1.00151 1.00204 0.999296 0.999932 1.0001 0.999982 0.999992 1 1 1 1 1 1 1 1 1 1 1 
3.53075e-10 -3.53122e-10 3.59125e-10 -2.45735e-09 -3.26937e-09 2.15252e-08 -2.40718e-08 -1.32945e-07 4.74503e-07 9.86558e-08 -4.14305e-06 7.87574e-06 1.77373e-05 -0.000102403 6.842e-05 0.000703518 -0.00204166 -0.00150781 0.0200957 -0.027708 -0.101956 0.5 1.10196 1.02771 0.979904 1.00151 1.00204 0.999296 0.999932 1.0001 0.999982 0.999992 1 1 1 1 1 1 1 1 1 1 1 
3.53122e-10 -3.53042e-10 3.58148e-10 -2.4554e-09 -3.2632e-09 2.15176e-08 -2.41073e-08 -1.32947e-07 4.74623e-07 9.87508e-08 -4.14337e-06 7.87521e-06 1.77379e-05 -0.000102401 6.84202e-05 0.000703512 -0.00204167 -0.0015078 0.0200957 -0.027708 -0.101956 0.5 1.10196 1.02771 0.979904 1.00151 1.00204 0.999296 0.999932 1.0001 0.999982 0.999992 1 1 1 1 1 1 1 1 1 1 1 
3.53042e-10 -3.52855e-10 3.57211e-10 -2.45394e-09 -3.25688e-09 2.15133e-08 -2.41405e-08 -1.3296e-07 4.74726e-07 9.88686e-08 -4.14362e-06 7.87466e-06 1.77382e-05 -0.000102399 6.84209e-05 0.000703508 -0.00204168 -0.0015078 0.0200957 -0.027708 -0.101956 0.5 1.10196 1.02771 0.979904 1.00151 1.00204 0.999296 0.999932 1.0001 0.999982 0.999992 1 1 1 1 1 1 1 1 1 1 1 
3.52855e-10 -3.52583e-10 3.56337e-10 -2.45295e-09 -3.25063e-09 2.15117e-08 -2.41708e-08 -1.32982e-07 4.74812e-07 9.90014e-08 -4.1438e-06 7.87411e-06 1.77383e-05 -0.000102397 6.84221e-05 0.000703505 -0.00204168 -0.00150779 0.0200957 -0.0277079 -0.101956 0.5 1.10196 1.02771 0.979904 1.00151 1.00204 0.999296 0.999932 1.0001 0.999982 0.999992 1 1 1 1 1 1 1 1 1 1 1 
3.52583e-10 -3.52247e-10 3.55543e-10 -2.45238e-09 -3.24464e-09 2.15125e-08 -2.41975e-08 -1.3301e-07 4.74881e-07 9.9142e-08 -4.14391e-06 7.87359e-06 1.77383e-05 -0.000102396 6.84236e-05 0.000703502 -0.00204169 -0.00150779 0.0200957 -0.0277079 -0.101956 0.5 1.10196 1.02771 0.979904 1.00151 1.00204 0.999296 0.999932 1.0001 0.999982 0.999992 1 1 1 1 1 1 1 1 1 1 1 
3.52247e-10 -3.51866e-10 3.54843e-10 -2.4522e-09 -3.23906e-09 2.15154e-08 -2.42204e-08 -1.33042e-07 4.74932e-07 9.92842e-08 -4.14397e-06 7.87311e-06 1.77381e-05 -0.000102394 6.84253e-05 0.0007035 -0.00204169 -0.0015078 0.0200957 -0.0277079 -0.101956 0.5 1.10196 1.02771 0.979904 1.00151 1.00204 0.999296 0.999932 1.0001 0.999982 0.999992 1 1 1 1 1 1 1 1 1 1 1 
3.51866e-10 -3.51459e-10 3.54244e-10 -2.45233e-09 -3.23401e-09 2.15199e-08 -2.42392e-08 -1.33077e-07 4.74967e-07 9.94226e-08 -4.14398e-06 7.87267e-06 1.77378e-05 -0.000102393 6.84271e-05 0.000703499 -0.0020417 -0.0015078 0.0200957 -0.0277079 -0.101956 0.5 1.10196 1.02771 0.979904 1.00151 1.00204 0.999297 0.999932 1.0001 0.999982 0.999992 1 1 1 1 1 1 1 1 1 1 1 
3.51459e-10 -3.51041e-10 3.53749e-10 -2.45274e-09 -3.22955e-09 2.15256e-08 -2.42541e-08 -1.33113e-07 4.74987e-07 9.95529e-08 -4.14395e-06 7.8723e-06 1.77374e-05 -0.000102393 6.84289e-05 0.000703499 -0.0020417 -0.0015078 0.0200958 -0.0277079 -0.101956 0.5 1.10196 1.02771 0.979904 1.00151 1.00204 0.999297 0.999932 1.0001 0.999982 0.999992 1 1 1 1 1 1 1 1 1 1 1 
3.51041e-10 -3.50628e-10 3.53358e-10 -2.45337e-09 -3.22575e-09 2.15322e-08 -2.42651e-08 -1.33148e-07 4.74994e-07 9.96717e-08 -4.14388e-06 7.87198e-06 1.77369e-05 -0.000102392 6.84307e-05 0.000703499 -0.00204171 -0.00150781 0.0200958 -0.0277079 -0.101956 0.5 1.10196 1.02771 0.979904 1.00151 1.00204 0.999297 0.999932 1.0001 0.999982 0.999992 1 1 1 1 1 1 1 1 1 1 1 
3.50628e-10 -3.50231e-10 3.53069e-10 -2.45416e-09 -3.22263e-09 2.15393e-08 -2.42725e-08 -1.33182e-07 4.74989e-07 9.97765e-08 -4.14379e-06 7.87173e-06 1.77364e-05 -0.000102392 6.84323e-05 0.0007035 -0.00204171 -0.00150781 0.0200958 -0.0277079 -0.101956 0.5 1.10196 1.02771 0.979904 1.00151 1.00204 0.999297 0.999932 1.0001 0.999982 0.999992 1 1 1 1 1 1 1 1 1 1 1 
