1 1 0.9875 0.975 0.9625 0.95 0.9375 0.925 0.9125 0.9 0.8875 0.875 0.8625 0.85 0.8375 0.825 0.8125 0.8 0.7875 0.775 0.7625 0.75 0.7375 0.725 0.7125 0.7 0.6875 0.675 0.6625 0.65 0.6375 0.625 0.6125 0.6 0.5875 0.575 0.5625 0.55 0.5375 0.525 0.5125 0.5 0.5 
1 1 0.991215 0.977438 0.964906 0.952375 0.939844 0.927313 0.914781 0.90225 0.889719 0.877188 0.864656 0.852125 0.839594 0.827063 0.814531 0.802 0.789469 0.776938 0.764406 0.751875 0.739344 0.726813 0.714281 0.70175 0.689219 0.676688 0.664156 0.651625 0.639094 0.626563 0.614031 0.6015 0.588969 0.576438 0.563906 0.551375 0.538844 0.526313 0.513781 0.500629 0.5 
1 1 0.993752 0.980698 0.96721 0.954762 0.942199 0.929637 0.917074 0.904511 0.891949 0.879386 0.866823 0.854261 0.841698 0.829135 0.816573 0.80401 0.791447 0.778885 0.766322 0.753759 0.741197 0.728634 0.716071 0.703509 0.690946 0.678383 0.665821 0.653258 0.640695 0.628133 0.61557 0.603008 0.590445 0.577882 0.56532 0.552757 0.540194 0.527632 0.515068 0.501449 0.499371 
1 1 0.995481 0.984068 0.969858 0.957043 0.944577 0.931972 0.919378 0.906784 0.89419 0.881595 0.869001 0.856407 0.843813 0.831219 0.818624 0.80603 0.793436 0.780842 0.768247 0.755653 0.743059 0.730465 0.717871 0.705276 0.692682 0.680088 0.667494 0.654899 0.642305 0.629711 0.617117 0.604523 0.591928 0.579334 0.56674 0.554146 0.541551 0.528957 0.51636 0.502469 0.498551 
1 1 0.99669 0.987113 0.972906 0.959368 0.9469 0.934335 0.921693 0.909068 0.896442 0.883816 0.87119 0.858564 0.845938 0.833312 0.820686 0.80806 0.795434 0.782808 0.770183 0.757557 0.744931 0.732305 0.719679 0.707053 0.694427 0.681801 0.669175 0.656549 0.643923 0.631297 0.618671 0.606045 0.593419 0.580793 0.568167 0.555542 0.542916 0.53029 0.517658 0.50368 0.497531 
1 1 0.997555 0.989684 0.976192 0.961898 0.949163 0.936692 0.924031 0.911362 0.898706 0.886048 0.87339 0.860732 0.848074 0.835417 0.822759 0.810101 0.797443 0.784785 0.772127 0.75947 0.746812 0.734154 0.721496 0.708838 0.69618 0.683523 0.670865 0.658207 0.645549 0.632891 0.620233 0.607576 0.594918 0.58226 0.569602 0.556944 0.544287 0.531629 0.518963 0.505038 0.49632 
1 1 0.998181 0.991787 0.979478 0.964719 0.951441 0.939004 0.926388 0.913672 0.900979 0.888291 0.875601 0.862911 0.850221 0.837531 0.824842 0.812152 0.799462 0.786772 0.774082 0.761392 0.748702 0.736012 0.723323 0.710633 0.697943 0.685253 0.672563 0.659873 0.647183 0.634494 0.621804 0.609114 0.596424 0.583734 0.571044 0.558354 0.545664 0.532975 0.520275 0.506477 0.494962 
1 1 0.99864 0.993482 0.982568 0.967817 0.953831 0.941262 0.928742 0.916005 0.903264 0.890545 0.877823 0.865101 0.852379 0.839657 0.826935 0.814213 0.801491 0.788769 0.776047 0.763325 0.750603 0.73788 0.725158 0.712436 0.699714 0.686992 0.67427 0.661548 0.648826 0.636104 0.623382 0.61066 0.597938 0.585216 0.572493 0.559771 0.547049 0.534327 0.521595 0.507932 0.493523 
1 1 0.998979 0.994838 0.985352 0.971091 0.95642 0.943502 0.931063 0.918358 0.905566 0.892808 0.880057 0.867302 0.854548 0.841794 0.829039 0.816285 0.80353 0.790776 0.778021 0.765267 0.752512 0.739758 0.727003 0.714249 0.701495 0.68874 0.675986 0.663231 0.650477 0.637722 0.624968 0.612213 0.599459 0.586705 0.57395 0.561196 0.548441 0.535687 0.522922 0.509362 0.492068 
1 1 0.99923 0.995918 0.987789 0.9744 0.959255 0.945783 0.933335 0.920717 0.907891 0.895083 0.882301 0.869515 0.856728 0.843941 0.831154 0.818367 0.80558 0.792793 0.780006 0.767219 0.754432 0.741645 0.728858 0.716071 0.703284 0.690497 0.67771 0.664923 0.652136 0.639349 0.626562 0.613775 0.600988 0.588201 0.575414 0.562627 0.54984 0.537053 0.524256 0.510752 0.490638 
1 1 0.999418 0.996776 0.989882 0.977606 0.962331 0.948178 0.935566 0.923056 0.910239 0.897375 0.884554 0.871739 0.858919 0.846099 0.833279 0.82046 0.80764 0.79482 0.782001 0.769181 0.756361 0.743542 0.730722 0.717902 0.705083 0.692263 0.679443 0.666624 0.653804 0.640984 0.628165 0.615345 0.602525 0.589705 0.576886 0.564066 0.551246 0.538427 0.525598 0.512101 0.489248 
1 1 0.999559 0.997455 0.991657 0.980608 0.965586 0.95075 0.93779 0.925356 0.912601 0.899688 0.886818 0.873973 0.861122 0.848268 0.835416 0.822563 0.809711 0.796858 0.784006 0.771153 0.758301 0.745448 0.732596 0.719743 0.70689 0.694038 0.681185 0.668333 0.65548 0.642628 0.629775 0.616923 0.60407 0.591217 0.578365 0.565512 0.55266 0.539807 0.526946 0.513417 0.487899 
1 1 0.999665 0.997992 0.993148 0.983346 0.968923 0.953541 0.940055 0.927609 0.914959 0.902026 0.889097 0.876216 0.863335 0.850449 0.837563 0.824678 0.811792 0.798907 0.786021 0.773135 0.76025 0.747364 0.734479 0.721593 0.708707 0.695822 0.682936 0.670051 0.657165 0.64428 0.631394 0.618508 0.605623 0.592737 0.579852 0.566966 0.55408 0.541195 0.528301 0.514707 0.486583 
1 1 0.999745 0.998416 0.994391 0.985796 0.972234 0.956557 0.94242 0.929825 0.917292 0.904385 0.891396 0.878469 0.86556 0.852642 0.839722 0.826803 0.813884 0.800965 0.788047 0.775128 0.762209 0.74929 0.736371 0.723453 0.710534 0.697615 0.684696 0.671777 0.658859 0.64594 0.633021 0.620102 0.607184 0.594265 0.581346 0.568427 0.555508 0.54259 0.529663 0.515979 0.485293 
1 1 0.999805 0.998751 0.995422 0.987956 0.975425 0.959766 0.944937 0.932031 0.919585 0.906754 0.893719 0.880735 0.867793 0.854845 0.841892 0.828939 0.815987 0.803035 0.790083 0.777131 0.764178 0.751226 0.738274 0.725322 0.71237 0.699418 0.686465 0.673513 0.660561 0.647609 0.634657 0.621704 0.608752 0.5958 0.582848 0.569896 0.556944 0.543991 0.531032 0.517239 0.484021 
1 1 0.999851 0.999015 0.996271 0.989838 0.978427 0.963102 0.947649 0.934269 0.921832 0.909116 0.896067 0.883017 0.870035 0.857059 0.844073 0.831087 0.818101 0.805115 0.792129 0.779144 0.766158 0.753172 0.740187 0.727201 0.714215 0.701229 0.688244 0.675258 0.662272 0.649286 0.636301 0.623315 0.610329 0.597344 0.584358 0.571372 0.558386 0.545401 0.532407 0.518492 0.482761 
1 1 0.999886 0.999224 0.99697 0.991462 0.981195 0.96648 0.950575 0.936586 0.924041 0.911454 0.898436 0.885322 0.872288 0.859283 0.846266 0.833245 0.820225 0.807206 0.794187 0.781167 0.768148 0.755128 0.742109 0.729089 0.71607 0.703051 0.690031 0.677012 0.663992 0.650973 0.637953 0.624934 0.611914 0.598895 0.585875 0.572856 0.559837 0.546817 0.533789 0.519742 0.481508 
1 1 0.999913 0.999388 0.997541 0.992854 0.983709 0.969816 0.953705 0.939031 0.926233 0.913751 0.900815 0.887653 0.874555 0.861516 0.84847 0.835416 0.822361 0.809308 0.796255 0.783201 0.770148 0.757095 0.744041 0.730988 0.717935 0.704881 0.691828 0.678775 0.665721 0.652668 0.639614 0.626561 0.613508 0.600454 0.587401 0.574348 0.561294 0.548241 0.535179 0.520992 0.480258 
1 1 0.999933 0.999518 0.998008 0.994039 0.985964 0.973033 0.956999 0.941645 0.928441 0.916003 0.903188 0.89001 0.87684 0.863757 0.850685 0.837598 0.824508 0.811421 0.798333 0.785246 0.772159 0.759071 0.745984 0.732896 0.719809 0.706721 0.693634 0.680547 0.667459 0.654372 0.641284 0.628197 0.615109 0.602022 0.588935 0.575847 0.56276 0.549672 0.536575 0.522244 0.479008 
1 1 0.999948 0.99962 0.998389 0.995042 0.987965 0.976078 0.960395 0.944457 0.930706 0.918212 0.905537 0.892388 0.879149 0.86601 0.852908 0.839791 0.826667 0.813544 0.800423 0.787301 0.77418 0.761058 0.747936 0.734815 0.721693 0.708571 0.69545 0.682328 0.669206 0.656085 0.642963 0.629841 0.616719 0.603598 0.590476 0.577354 0.564233 0.551111 0.537978 0.523501 0.477756 
1 1 0.99996 0.9997 0.998698 0.995887 0.989725 0.978913 0.963818 0.947476 0.933071 0.920396 0.907848 0.894778 0.881485 0.868277 0.85514 0.841995 0.828837 0.815679 0.802524 0.789368 0.776211 0.763055 0.749899 0.736743 0.723587 0.710431 0.697275 0.684119 0.670962 0.657806 0.64465 0.631494 0.618338 0.605182 0.592026 0.57887 0.565713 0.552557 0.539389 0.524764 0.476499 
1 1 0.999969 0.999764 0.998949 0.996595 0.991261 0.981517 0.967196 0.950684 0.935578 0.92258 0.910114 0.897165 0.883848 0.870563 0.85738 0.84421 0.83102 0.817826 0.804635 0.791445 0.778254 0.765063 0.751872 0.738682 0.725491 0.7123 0.699109 0.685919 0.672728 0.659537 0.646346 0.633156 0.619965 0.606774 0.593583 0.580393 0.567202 0.554011 0.540806 0.526033 0.475236 
1 1 0.999976 0.999814 0.999152 0.997188 0.992593 0.983882 0.970465 0.954042 0.938263 0.924797 0.912335 0.899533 0.886236 0.872874 0.859632 0.846432 0.833214 0.819984 0.806757 0.793532 0.780307 0.767081 0.753856 0.74063 0.727405 0.714179 0.700954 0.687728 0.674503 0.661277 0.648052 0.634826 0.6216 0.608375 0.595149 0.581924 0.568698 0.555473 0.542231 0.52731 0.473967 
1 1 0.999982 0.999853 0.999317 0.997682 0.993742 0.986009 0.973577 0.95749 0.941146 0.927087 0.91452 0.901866 0.888638 0.875212 0.861898 0.848663 0.835418 0.822155 0.808891 0.795631 0.782371 0.76911 0.75585 0.742589 0.729329 0.716068 0.702808 0.689547 0.676287 0.663026 0.649766 0.636505 0.623245 0.609984 0.596724 0.583463 0.570203 0.556942 0.543663 0.528596 0.47269 
1 1 0.999986 0.999884 0.99945 0.998092 0.994727 0.987906 0.976498 0.960962 0.94423 0.929489 0.916689 0.904155 0.891041 0.877579 0.864184 0.850903 0.837632 0.824337 0.811037 0.797741 0.784446 0.77115 0.757855 0.744559 0.731263 0.717967 0.704672 0.691376 0.67808 0.664785 0.651489 0.638193 0.624898 0.611602 0.598306 0.58501 0.571715 0.558419 0.545102 0.529891 0.471404 
1 1 0.999989 0.999909 0.999558 0.998432 0.995569 0.989586 0.979206 0.964395 0.947495 0.932042 0.91887 0.906397 0.893431 0.879973 0.866493 0.853153 0.839854 0.826531 0.813195 0.799862 0.786532 0.773201 0.75987 0.746539 0.733208 0.719877 0.706546 0.693214 0.679883 0.666552 0.653221 0.63989 0.626559 0.613228 0.599897 0.586566 0.573235 0.559904 0.546549 0.531195 0.470109 
1 1 0.999992 0.999928 0.999644 0.998714 0.996285 0.991063 0.981691 0.967732 0.950903 0.934775 0.921096 0.908595 0.895792 0.882386 0.868831 0.855417 0.842085 0.828735 0.815365 0.801995 0.788628 0.775262 0.761896 0.748529 0.735163 0.721796 0.708429 0.695063 0.681696 0.66833 0.654963 0.641596 0.62823 0.614863 0.601497 0.58813 0.574763 0.561397 0.548003 0.532508 0.468805 
1 1 0.999994 0.999943 0.999714 0.998946 0.996893 0.992356 0.98395 0.970926 0.954401 0.937706 0.923404 0.910764 0.898112 0.884807 0.8712 0.8577 0.844323 0.830949 0.817547 0.804139 0.790736 0.777335 0.763933 0.75053 0.737128 0.723726 0.710323 0.696921 0.683519 0.670116 0.656714 0.643312 0.629909 0.616507 0.603105 0.589702 0.5763 0.562898 0.549465 0.533831 0.467492 
1 1 0.999995 0.999955 0.99977 0.999137 0.997406 0.993481 0.985988 0.973945 0.957927 0.940835 0.925831 0.912924 0.900384 0.887221 0.873597 0.860006 0.846572 0.833172 0.819741 0.806296 0.792856 0.779418 0.76598 0.752542 0.739104 0.725665 0.712227 0.698789 0.685351 0.671912 0.658474 0.645036 0.631598 0.618159 0.604721 0.591283 0.577845 0.564406 0.550934 0.535165 0.466169 
1 1 0.999996 0.999965 0.999816 0.999295 0.997838 0.994455 0.987812 0.976767 0.961423 0.944143 0.928412 0.915103 0.902608 0.889613 0.876019 0.862341 0.848833 0.835402 0.821945 0.808465 0.794986 0.781513 0.768039 0.754565 0.74109 0.727616 0.714141 0.700667 0.687193 0.673718 0.660244 0.64677 0.633295 0.619821 0.606346 0.592872 0.579398 0.565923 0.552412 0.536508 0.464835 
1 1 0.999997 0.999972 0.999852 0.999424 0.998202 0.995295 0.989436 0.979379 0.964836 0.947594 0.931175 0.917333 0.904791 0.89197 0.878455 0.864707 0.851112 0.837639 0.82416 0.810647 0.797129 0.783618 0.770109 0.756598 0.743087 0.729577 0.716066 0.702555 0.689045 0.675534 0.662023 0.648513 0.635002 0.621491 0.607981 0.59447 0.580959 0.567448 0.553897 0.537861 0.463492 
1 1 0.999998 0.999978 0.999881 0.99953 0.998506 0.996018 0.990872 0.981774 0.968122 0.951138 0.934136 0.919651 0.906948 0.894281 0.880892 0.867105 0.853413 0.839886 0.826382 0.81284 0.799285 0.785735 0.772189 0.758643 0.745095 0.731548 0.718001 0.704454 0.690906 0.677359 0.663812 0.650265 0.636718 0.623171 0.609623 0.596076 0.582529 0.568982 0.55539 0.539225 0.462139 
1 1 0.999998 0.999983 0.999905 0.999617 0.998761 0.996636 0.992137 0.983955 0.971248 0.954719 0.937294 0.92209 0.909101 0.896542 0.883316 0.869531 0.855742 0.842145 0.828612 0.815045 0.801453 0.787864 0.774281 0.760698 0.747114 0.73353 0.719946 0.706362 0.692778 0.679195 0.665611 0.652027 0.638443 0.624859 0.611275 0.597691 0.584107 0.570523 0.556891 0.540599 0.460775 
1 1 0.999999 0.999986 0.999924 0.999688 0.998974 0.997165 0.993245 0.985927 0.97419 0.958283 0.940632 0.924685 0.911276 0.898754 0.885712 0.871979 0.858102 0.844419 0.830849 0.817259 0.803634 0.790005 0.776384 0.762765 0.749144 0.735523 0.721902 0.708281 0.694661 0.68104 0.667419 0.653798 0.640177 0.626557 0.612936 0.599315 0.585694 0.572073 0.558401 0.541983 0.459401 
1 1 0.999999 0.999989 0.999939 0.999746 0.999151 0.997614 0.994212 0.987698 0.976933 0.961777 0.944118 0.927463 0.913506 0.900927 0.888068 0.874436 0.860496 0.846713 0.833095 0.819482 0.805826 0.792159 0.778498 0.764842 0.751185 0.737527 0.723869 0.710211 0.696553 0.682895 0.669237 0.655579 0.641921 0.628263 0.614606 0.600948 0.58729 0.573632 0.559918 0.543377 0.458017 
1 1 0.999999 0.999991 0.999951 0.999793 0.999299 0.997996 0.995052 0.989281 0.979469 0.96516 0.947705 0.930437 0.915825 0.903075 0.890375 0.87689 0.862922 0.849034 0.83535 0.821713 0.808031 0.794325 0.780625 0.766931 0.753237 0.739541 0.725846 0.712151 0.698456 0.68476 0.671065 0.65737 0.643675 0.62998 0.616284 0.602589 0.588894 0.575199 0.561444 0.544782 0.456623 
1 1 0.999999 0.999993 0.999961 0.999832 0.999421 0.99832 0.99578 0.990687 0.981797 0.968398 0.951341 0.933611 0.918266 0.905221 0.89263 0.879326 0.865375 0.851385 0.837619 0.82395 0.810246 0.796504 0.782763 0.769031 0.7553 0.741567 0.727834 0.714101 0.700369 0.686636 0.672903 0.659171 0.645438 0.631705 0.617972 0.60424 0.590507 0.576774 0.562978 0.546197 0.455218 
1 1 0.999999 0.999995 0.999969 0.999864 0.999523 0.998593 0.996408 0.991931 0.983918 0.971465 0.954973 0.93697 0.920862 0.90739 0.894836 0.881729 0.867847 0.853771 0.839906 0.826195 0.812469 0.798696 0.784914 0.771142 0.757374 0.743604 0.729833 0.716063 0.702292 0.688522 0.674751 0.660981 0.647211 0.63344 0.61967 0.605899 0.592129 0.578358 0.56452 0.547622 0.453803 
1 1 1 0.999996 0.999975 0.999889 0.999607 0.998824 0.996949 0.993028 0.98584 0.974344 0.958552 0.940482 0.92364 0.909615 0.897002 0.884089 0.870326 0.856191 0.842217 0.828448 0.814701 0.8009 0.787079 0.773266 0.759459 0.745652 0.731843 0.718035 0.704226 0.690418 0.67661 0.662801 0.648993 0.635185 0.621376 0.607568 0.59376 0.579951 0.566072 0.549058 0.452378 
1 1 1 0.999997 0.99998 0.99991 0.999677 0.999018 0.997413 0.993989 0.987571 0.977024 0.962036 0.944107 0.926615 0.911926 0.899144 0.886397 0.872798 0.858644 0.844557 0.830712 0.816939 0.803115 0.789256 0.775401 0.761556 0.747711 0.733865 0.720018 0.706171 0.692325 0.678478 0.664632 0.650785 0.636939 0.623092 0.609246 0.595399 0.581553 0.567631 0.550504 0.450942 
1 1 1 0.999997 0.999984 0.999927 0.999734 0.999181 0.99781 0.99483 0.989123 0.979502 0.965388 0.947795 0.929792 0.91436 0.901283 0.888651 0.875248 0.861124 0.846931 0.832992 0.819183 0.80534 0.791447 0.777549 0.763664 0.749781 0.735897 0.722012 0.708127 0.694242 0.680357 0.666472 0.652588 0.638703 0.624818 0.610933 0.597048 0.583163 0.5692 0.55196 0.449496 
1 1 1 0.999998 0.999987 0.999941 0.999782 0.999318 0.998149 0.995563 0.990507 0.981776 0.968583 0.951495 0.93316 0.916945 0.903445 0.890855 0.877663 0.863621 0.849341 0.835293 0.821435 0.807572 0.79365 0.779711 0.765784 0.751863 0.737941 0.724017 0.710093 0.69617 0.682247 0.668323 0.6544 0.640476 0.626553 0.61263 0.598706 0.584783 0.570777 0.553426 0.44804 
1 1 1 0.999998 0.99999 0.999952 0.999821 0.999433 0.998439 0.9962 0.991736 0.983851 0.971601 0.955158 0.93669 0.919711 0.905659 0.893018 0.880031 0.866122 0.851787 0.837621 0.823696 0.809812 0.795864 0.781886 0.767916 0.753956 0.739996 0.726033 0.712071 0.698109 0.684146 0.670184 0.656222 0.64226 0.628298 0.614336 0.600373 0.586411 0.572362 0.554903 0.446574 
1 1 1 0.999999 0.999992 0.999961 0.999853 0.999529 0.998685 0.996752 0.992824 0.985735 0.974429 0.958743 0.940346 0.922675 0.907957 0.895156 0.882345 0.868614 0.854266 0.839979 0.82597 0.812057 0.798089 0.784074 0.770061 0.75606 0.742062 0.728061 0.714059 0.700058 0.686057 0.672056 0.658055 0.644053 0.630052 0.616051 0.60205 0.588049 0.573957 0.55639 0.445097 
1 1 1 0.999999 0.999993 0.999969 0.99988 0.999609 0.998893 0.997228 0.993783 0.987435 0.977059 0.962212 0.944081 0.925843 0.910374 0.897288 0.884604 0.871082 0.856772 0.842374 0.828261 0.814309 0.800323 0.786276 0.772219 0.758176 0.744139 0.7301 0.716059 0.702018 0.687978 0.673938 0.659897 0.645857 0.631817 0.617776 0.603736 0.589695 0.575561 0.557888 0.44361 
1 1 1 0.999999 0.999995 0.999975 0.999902 0.999676 0.99907 0.997639 0.994626 0.988963 0.97949 0.965537 0.947845 0.929208 0.912939 0.89944 0.88681 0.873512 0.859294 0.844807 0.830576 0.816568 0.802565 0.78849 0.774391 0.760304 0.746228 0.73215 0.71807 0.70399 0.68991 0.67583 0.66175 0.64767 0.633591 0.619511 0.605431 0.591351 0.577174 0.559396 0.442112 
1 1 1 0.999999 0.999996 0.99998 0.999919 0.999731 0.99922 0.997992 0.995364 0.990331 0.981723 0.968696 0.951592 0.932747 0.915682 0.90164 0.888974 0.875893 0.861819 0.847278 0.832918 0.818838 0.804812 0.790715 0.776576 0.762445 0.748328 0.734211 0.720092 0.705972 0.691853 0.677733 0.663614 0.649494 0.635375 0.621255 0.607136 0.593016 0.578796 0.560914 0.440604 
1 1 1 0.999999 0.999997 0.999983 0.999934 0.999778 0.999346 0.998295 0.996008 0.99155 0.983762 0.971673 0.955276 0.936425 0.918623 0.90392 0.891109 0.878219 0.864334 0.849782 0.835295 0.821121 0.807065 0.79295 0.778775 0.7646 0.75044 0.736284 0.722126 0.707966 0.693806 0.679647 0.665488 0.651328 0.637169 0.62301 0.60885 0.594691 0.580427 0.562442 0.439086 
1 1 1 1 0.999997 0.999987 0.999946 0.999816 0.999453 0.998554 0.99657 0.992632 0.985616 0.97446 0.958862 0.9402 0.92177 0.906313 0.893235 0.880486 0.866822 0.852314 0.837709 0.823423 0.809324 0.795193 0.780988 0.766767 0.752564 0.738368 0.724171 0.709971 0.695771 0.681572 0.667372 0.653173 0.638973 0.624774 0.610575 0.596375 0.582068 0.563981 0.437558 
1 1 1 1 0.999998 0.999989 0.999956 0.999848 0.999542 0.998776 0.997057 0.99359 0.987293 0.97705 0.962317 0.944024 0.92512 0.908849 0.895376 0.8827 0.869272 0.854862 0.840164 0.825749 0.811591 0.797443 0.783213 0.768949 0.7547 0.740464 0.726227 0.711987 0.697747 0.683507 0.669268 0.655028 0.640788 0.626548 0.612309 0.598069 0.583718 0.56553 0.436019 
1 1 1 1 0.999998 0.999991 0.999964 0.999875 0.999618 0.998965 0.99748 0.994434 0.988803 0.979444 0.965619 0.947849 0.928657 0.911559 0.89756 0.884867 0.871671 0.857413 0.842658 0.828106 0.813868 0.799699 0.785448 0.771145 0.75685 0.742571 0.728295 0.714015 0.699734 0.685454 0.671174 0.656893 0.642613 0.628333 0.614052 0.599772 0.585377 0.56709 0.43447 
1 1 1 1 0.999999 0.999993 0.999971 0.999897 0.999681 0.999126 0.997845 0.995177 0.990158 0.981644 0.968748 0.951631 0.932348 0.914465 0.899817 0.887002 0.874013 0.859952 0.845188 0.830499 0.81616 0.80196 0.787693 0.773355 0.759013 0.744691 0.730374 0.716055 0.701733 0.687411 0.67309 0.658769 0.644448 0.630127 0.615806 0.601485 0.587046 0.56866 0.43291 
1 1 1 1 0.999999 0.999994 0.999976 0.999915 0.999734 0.999263 0.99816 0.995829 0.991369 0.983655 0.971693 0.955332 0.936154 0.91758 0.90218 0.889123 0.876296 0.862466 0.847745 0.832932 0.818473 0.804226 0.789946 0.775579 0.761191 0.746822 0.732465 0.718106 0.703743 0.68938 0.675018 0.660656 0.646294 0.631932 0.61757 0.603208 0.588724 0.570241 0.43134 
1 1 1 1 0.999999 0.999995 0.999981 0.99993 0.999779 0.999379 0.998431 0.996399 0.992448 0.985486 0.974447 0.958917 0.94003 0.920904 0.904681 0.891254 0.878521 0.864939 0.850319 0.835407 0.820811 0.8065 0.792205 0.777814 0.763383 0.748967 0.734568 0.720168 0.705765 0.691361 0.676957 0.662554 0.648151 0.633747 0.619344 0.60494 0.590412 0.571832 0.429759 
1 1 1 1 0.999999 0.999996 0.999984 0.999942 0.999816 0.999477 0.998665 0.996897 0.993405 0.987145 0.977005 0.962362 0.943928 0.924426 0.907349 0.89342 0.880696 0.867362 0.852898 0.837923 0.823181 0.808786 0.794469 0.78006 0.765589 0.751125 0.736682 0.722242 0.707798 0.693352 0.678907 0.664462 0.650018 0.635573 0.621128 0.606683 0.59211 0.573434 0.428168 
1 1 1 1 0.999999 0.999997 0.999987 0.999952 0.999847 0.999561 0.998865 0.99733 0.994253 0.988642 0.97937 0.965644 0.947803 0.928118 0.910211 0.895652 0.882834 0.869726 0.855465 0.840476 0.825589 0.811086 0.796737 0.782315 0.76781 0.753298 0.738808 0.724328 0.709843 0.695356 0.680869 0.666382 0.651896 0.637409 0.622922 0.608436 0.593818 0.575046 0.426566 
1 1 1 1 1 0.999998 0.999989 0.999961 0.999873 0.999631 0.999036 0.997706 0.995001 0.989987 0.981544 0.96875 0.951615 0.931945 0.913281 0.897982 0.884953 0.872028 0.858007 0.843059 0.828038 0.813407 0.799011 0.784578 0.770044 0.755484 0.740948 0.726425 0.7119 0.697371 0.682841 0.668313 0.653784 0.639256 0.624727 0.610199 0.595536 0.576669 0.424954 
1 1 1 1 1 0.999998 0.999991 0.999968 0.999894 0.999691 0.999182 0.998032 0.99566 0.991193 0.983534 0.97167 0.955329 0.935863 0.916567 0.90044 0.887074 0.874269 0.860509 0.845661 0.830531 0.815756 0.801293 0.786845 0.77229 0.757686 0.7431 0.728534 0.713968 0.699397 0.684826 0.670255 0.655684 0.641113 0.626543 0.611972 0.597264 0.578303 0.423331 
1 1 1 1 1 0.999998 0.999993 0.999974 0.999912 0.999741 0.999308 0.998315 0.996239 0.99227 0.985347 0.974397 0.958916 0.939826 0.920061 0.90306 0.889223 0.876457 0.862959 0.848268 0.833068 0.818137 0.803586 0.789118 0.774547 0.759903 0.745267 0.730655 0.716048 0.701436 0.686821 0.672208 0.657595 0.642982 0.628368 0.613755 0.599002 0.579947 0.421697 
1 1 1 1 1 0.999999 0.999994 0.999978 0.999927 0.999783 0.999414 0.998558 0.996745 0.993229 0.986992 0.976931 0.962352 0.943788 0.923742 0.905867 0.891428 0.878602 0.86535 0.850866 0.835644 0.820558 0.805894 0.791395 0.776812 0.762134 0.747448 0.732788 0.718139 0.703486 0.688829 0.674172 0.659517 0.644861 0.630205 0.615549 0.60075 0.581602 0.420053 
1 1 1 1 1 0.999999 0.999995 0.999982 0.99994 0.999818 0.999505 0.998769 0.997188 0.99408 0.988479 0.979273 0.965621 0.947707 0.927576 0.908883 0.893721 0.880722 0.867677 0.85344 0.838252 0.823022 0.808224 0.793676 0.779084 0.764379 0.749644 0.734935 0.720243 0.705548 0.690849 0.676149 0.66145 0.646751 0.632052 0.617353 0.602508 0.583268 0.418398 
1 1 1 1 1 0.999999 0.999996 0.999985 0.99995 0.999848 0.999582 0.998949 0.997575 0.994834 0.989819 0.981427 0.968709 0.951546 0.931525 0.912118 0.896134 0.882835 0.86994 0.855974 0.840881 0.825532 0.810581 0.795966 0.781361 0.766636 0.751855 0.737095 0.722358 0.707622 0.69288 0.678137 0.663394 0.648652 0.63391 0.619168 0.604277 0.584945 0.416732 
1 1 1 1 1 0.999999 0.999997 0.999988 0.999959 0.999873 0.999647 0.999105 0.997911 0.995499 0.991021 0.9834 0.971608 0.955273 0.935542 0.91557 0.898698 0.884968 0.872146 0.858458 0.843518 0.828087 0.812972 0.798266 0.783643 0.768903 0.754082 0.739269 0.724485 0.709707 0.694923 0.680136 0.66535 0.650565 0.635779 0.620993 0.606056 0.586633 0.415055 
1 1 1 1 1 0.999999 0.999998 0.99999 0.999966 0.999894 0.999703 0.999238 0.998203 0.996086 0.992098 0.9852 0.974316 0.958863 0.939583 0.919225 0.901444 0.887146 0.874303 0.860881 0.846149 0.830684 0.815404 0.800581 0.785928 0.771179 0.756323 0.741459 0.726625 0.711804 0.696978 0.682148 0.667318 0.652488 0.637659 0.62283 0.607846 0.588332 0.413367 
1 1 1 1 1 1 0.999998 0.999992 0.999972 0.999912 0.99975 0.999352 0.998457 0.996601 0.993059 0.986835 0.976831 0.962295 0.943602 0.923053 0.904395 0.889402 0.876427 0.863238 0.848757 0.833316 0.81788 0.802918 0.788218 0.773461 0.758579 0.743664 0.728779 0.713913 0.699045 0.684172 0.669297 0.654424 0.639551 0.624677 0.609647 0.590042 0.411668 
1 1 1 1 1 1 0.999998 0.999993 0.999977 0.999927 0.99979 0.99945 0.998676 0.997053 0.993914 0.988315 0.979156 0.965554 0.947561 0.927019 0.907567 0.891766 0.878537 0.865529 0.851328 0.835973 0.820404 0.805283 0.790515 0.775748 0.760846 0.745884 0.730946 0.716034 0.701124 0.686207 0.671288 0.65637 0.641453 0.626535 0.611458 0.591762 0.409958 
1 1 1 1 1 1 0.999999 0.999995 0.999981 0.999939 0.999823 0.999533 0.998866 0.997449 0.994673 0.989651 0.981295 0.968629 0.951426 0.931079 0.910963 0.894271 0.880655 0.867757 0.853849 0.838641 0.822976 0.807682 0.792822 0.778039 0.763124 0.748121 0.733128 0.718168 0.703215 0.688255 0.673291 0.658328 0.643367 0.628405 0.61328 0.593495 0.408238 
1 1 1 1 1 1 0.999999 0.999996 0.999984 0.999949 0.999852 0.999605 0.999029 0.997795 0.995345 0.990852 0.983256 0.971514 0.955168 0.935187 0.914576 0.896949 0.882809 0.869932 0.85631 0.841306 0.825593 0.810122 0.795144 0.780333 0.765411 0.750372 0.735326 0.720314 0.705317 0.690315 0.675306 0.660298 0.645292 0.630285 0.615113 0.595238 0.406505 
1 1 1 1 1 1 0.999999 0.999996 0.999987 0.999958 0.999876 0.999665 0.99917 0.998096 0.995939 0.991929 0.985046 0.974207 0.958764 0.939298 0.918382 0.899826 0.885027 0.872065 0.858703 0.843952 0.828248 0.812608 0.797487 0.782631 0.767704 0.752638 0.737539 0.722474 0.707432 0.692386 0.677334 0.66228 0.647228 0.632177 0.616958 0.596992 0.404762 
1 1 1 1 1 1 0.999999 0.999997 0.999989 0.999965 0.999896 0.999717 0.999292 0.998359 0.996463 0.992893 0.986674 0.976708 0.962195 0.943371 0.92235 0.902923 0.887342 0.874175 0.861028 0.846564 0.830931 0.815144 0.799857 0.784936 0.770001 0.754916 0.739769 0.724649 0.709559 0.69447 0.679374 0.664274 0.649177 0.63408 0.618813 0.598758 0.403008 
1 1 1 1 1 1 0.999999 0.999998 0.999991 0.999971 0.999913 0.999761 0.999396 0.998587 0.996924 0.993753 0.988149 0.979021 0.965448 0.947368 0.926437 0.906251 0.889786 0.876284 0.863285 0.849126 0.833631 0.81773 0.802263 0.78725 0.772302 0.757206 0.742015 0.726838 0.711698 0.696566 0.681425 0.666281 0.651137 0.635994 0.620679 0.600536 0.401242 
1 1 1 1 1 1 1 0.999998 0.999993 0.999976 0.999927 0.999798 0.999485 0.998785 0.997329 0.994518 0.989483 0.981149 0.968515 0.951259 0.9306 0.909806 0.892391 0.878416 0.865482 0.851629 0.836331 0.820364 0.804709 0.789578 0.774606 0.759503 0.744276 0.729043 0.71385 0.698673 0.683489 0.668299 0.653109 0.63792 0.622557 0.602325 0.399464 
1 1 1 1 1 1 1 0.999998 0.999994 0.99998 0.999939 0.99983 0.999562 0.998956 0.997683 0.995197 0.990685 0.983101 0.971391 0.955017 0.934791 0.913573 0.895187 0.8806 0.867632 0.854065 0.839017 0.82304 0.807203 0.791926 0.776913 0.761807 0.746552 0.731265 0.716017 0.700793 0.685565 0.67033 0.655093 0.639858 0.624446 0.604126 0.397675 
1 1 1 1 1 1 1 0.999999 0.999995 0.999983 0.999949 0.999856 0.999628 0.999105 0.997994 0.995798 0.991764 0.984885 0.974074 0.958621 0.938969 0.917524 0.8982 0.882866 0.869748 0.856429 0.841671 0.825749 0.809747 0.794302 0.779225 0.764116 0.748841 0.733503 0.718197 0.702925 0.687654 0.672373 0.657089 0.641807 0.626347 0.605938 0.395874 
1 1 1 1 1 1 1 0.999999 0.999996 0.999986 0.999957 0.999879 0.999684 0.999233 0.998264 0.99633 0.992731 0.986508 0.976566 0.962055 0.943093 0.921622 0.901444 0.885247 0.871852 0.858722 0.84428 0.828479 0.812345 0.796711 0.781546 0.766427 0.751141 0.735758 0.720393 0.70507 0.689754 0.674428 0.659098 0.643769 0.628259 0.607762 0.394062 
1 1 1 1 1 1 1 0.999999 0.999997 0.999989 0.999964 0.999898 0.999732 0.999343 0.998501 0.996799 0.993596 0.987982 0.97887 0.965308 0.947129 0.925824 0.904926 0.887777 0.873967 0.860949 0.84683 0.831216 0.814993 0.799162 0.78388 0.768741 0.753451 0.738029 0.722606 0.707228 0.691866 0.676496 0.661119 0.645742 0.630183 0.609598 0.392238 
1 1 1 1 1 1 1 0.999999 0.999997 0.999991 0.99997 0.999914 0.999773 0.999438 0.998706 0.997212 0.994367 0.989315 0.980991 0.968371 0.951047 0.930082 0.908635 0.890487 0.876119 0.86312 0.849313 0.833942 0.817688 0.80166 0.786233 0.771058 0.755766 0.740315 0.724835 0.7094 0.693991 0.678576 0.663153 0.647728 0.632119 0.611445 0.390402 
1 1 1 1 1 1 1 0.999999 0.999998 0.999992 0.999975 0.999928 0.999807 0.99952 0.998885 0.997575 0.995053 0.990518 0.982938 0.971241 0.954823 0.934354 0.912551 0.893407 0.87834 0.865249 0.851723 0.836642 0.820421 0.804211 0.788612 0.773379 0.758086 0.742615 0.727081 0.711586 0.696127 0.680669 0.665199 0.649726 0.634067 0.613305 0.388555 
1 1 1 1 1 1 1 1 0.999998 0.999994 0.999979 0.99994 0.999837 0.99959 0.99904 0.997894 0.995662 0.991601 0.984717 0.973919 0.958439 0.938595 0.916641 0.896557 0.880661 0.867355 0.854059 0.8393 0.82318 0.806816 0.791025 0.775707 0.760409 0.744926 0.729344 0.713789 0.698277 0.682773 0.667258 0.651737 0.636027 0.615177 0.386695 
1 1 1 1 1 1 1 1 0.999998 0.999995 0.999983 0.999949 0.999862 0.999651 0.999175 0.998173 0.996201 0.992573 0.986339 0.976405 0.961879 0.942769 0.920863 0.899949 0.883115 0.869458 0.856323 0.841903 0.825952 0.809476 0.793477 0.778047 0.762734 0.747247 0.731625 0.716007 0.70044 0.68489 0.669329 0.653761 0.638 0.617061 0.384823 
1 1 1 1 1 1 1 1 0.999999 0.999996 0.999986 0.999958 0.999883 0.999703 0.999291 0.998417 0.996679 0.993442 0.987813 0.978704 0.965134 0.946844 0.925173 0.903582 0.885736 0.871586 0.858524 0.844439 0.82872 0.812187 0.795978 0.780404 0.765061 0.749575 0.733921 0.718243 0.702618 0.687019 0.671413 0.655797 0.639984 0.618957 0.382939 
1 1 1 1 1 1 1 1 0.999999 0.999996 0.999988 0.999964 0.999902 0.999747 0.999392 0.99863 0.9971 0.99422 0.989147 0.980821 0.968198 0.950791 0.929524 0.907442 0.888556 0.873765 0.860673 0.846901 0.831468 0.814941 0.798531 0.782786 0.767391 0.751907 0.736231 0.720497 0.70481 0.68916 0.673509 0.657845 0.641982 0.620866 0.381043 
1 1 1 1 1 1 1 1 0.999999 0.999997 0.99999 0.99997 0.999917 0.999785 0.999479 0.998816 0.997471 0.994913 0.990353 0.982765 0.971067 0.954588 0.933872 0.911502 0.891601 0.876028 0.862787 0.849286 0.834178 0.817727 0.801141 0.785199 0.769727 0.754242 0.738554 0.722769 0.707018 0.691314 0.675617 0.659907 0.643992 0.622787 0.379134 
1 1 1 1 1 1 1 1 0.999999 0.999998 0.999992 0.999975 0.99993 0.999817 0.999553 0.998977 0.997797 0.995529 0.991439 0.984544 0.973742 0.958218 0.938176 0.915724 0.894889 0.878409 0.864887 0.851594 0.836836 0.820533 0.803809 0.787652 0.772073 0.756579 0.740886 0.725057 0.709243 0.693482 0.677738 0.661981 0.646015 0.624721 0.377213 
1 1 1 1 1 1 1 1 0.999999 0.999998 0.999993 0.999979 0.999941 0.999845 0.999618 0.999118 0.998084 0.996076 0.992416 0.986166 0.976226 0.961668 0.9424 0.920066 0.898428 0.88094 0.866996 0.853833 0.83943 0.823342 0.806531 0.790152 0.774434 0.758917 0.743227 0.727363 0.711485 0.695664 0.679871 0.664068 0.648051 0.626668 0.375279 
1 1 1 1 1 1 1 1 1 0.999998 0.999994 0.999983 0.99995 0.999868 0.999673 0.99924 0.998335 0.996561 0.993292 0.987641 0.978524 0.96493 0.946514 0.92448 0.902211 0.883657 0.869141 0.856011 0.84195 0.826138 0.809303 0.792705 0.776818 0.761257 0.745572 0.729683 0.713745 0.697861 0.682017 0.666167 0.6501 0.628628 0.373332 
1 1 1 1 1 1 1 1 1 0.999999 0.999995 0.999985 0.999958 0.999888 0.999721 0.999346 0.998555 0.99699 0.994075 0.988978 0.980641 0.967998 0.950492 0.92892 0.906218 0.88659 0.871352 0.858143 0.844392 0.828902 0.812114 0.795317 0.779231 0.763601 0.74792 0.732017 0.716024 0.700075 0.684175 0.668279 0.652161 0.630601 0.371372 
1 1 1 1 1 1 1 1 1 0.999999 0.999996 0.999988 0.999965 0.999906 0.999762 0.999437 0.998748 0.997369 0.994775 0.990187 0.982585 0.970869 0.954313 0.933343 0.910418 0.889763 0.873662 0.860247 0.846753 0.83162 0.814951 0.797988 0.781683 0.765953 0.750269 0.734362 0.718321 0.702305 0.686347 0.670404 0.654236 0.632587 0.369399 
1 1 1 1 1 1 1 1 1 0.999999 0.999997 0.99999 0.999971 0.99992 0.999797 0.999517 0.998916 0.997703 0.995399 0.991279 0.984364 0.973546 0.957961 0.93771 0.914769 0.89319 0.876107 0.862345 0.849037 0.834276 0.8178 0.800718 0.78418 0.768319 0.752619 0.736715 0.720635 0.704553 0.688534 0.67254 0.656323 0.634586 0.367413 
1 1 1 1 1 1 1 1 1 0.999999 0.999997 0.999992 0.999975 0.999932 0.999827 0.999585 0.999062 0.997997 0.995954 0.992261 0.985988 0.976032 0.961425 0.941986 0.919226 0.896875 0.87872 0.864464 0.851253 0.83686 0.820643 0.803503 0.786731 0.770705 0.75497 0.739074 0.722966 0.706819 0.690735 0.67469 0.658423 0.636599 0.365414 
1 1 1 1 1 1 1 1 1 0.999999 0.999998 0.999993 0.999979 0.999943 0.999853 0.999644 0.99919 0.998255 0.996446 0.993143 0.987466 0.97833 0.964697 0.946141 0.923742 0.900805 0.881535 0.86663 0.853412 0.839364 0.823462 0.806334 0.789339 0.773118 0.757324 0.741435 0.72531 0.709104 0.692953 0.676852 0.660536 0.638625 0.363401 
1 1 1 1 1 1 1 1 1 0.999999 0.999998 0.999994 0.999983 0.999952 0.999875 0.999695 0.9993 0.998482 0.996883 0.993933 0.988807 0.980449 0.967772 0.950153 0.92827 0.904957 0.884583 0.868877 0.85553 0.841786 0.826241 0.8092 0.79201 0.775567 0.759684 0.743798 0.727667 0.711408 0.695187 0.679028 0.662661 0.640665 0.361375 
1 1 1 1 1 1 1 1 1 1 0.999998 0.999995 0.999985 0.999959 0.999894 0.999739 0.999397 0.998681 0.997269 0.99464 0.990021 0.982395 0.97065 0.954 0.932767 0.909292 0.887885 0.871239 0.857628 0.844125 0.828963 0.812085 0.794744 0.77806 0.762055 0.746162 0.730033 0.713731 0.69744 0.681218 0.664799 0.642718 0.359335 
1 1 1 1 1 1 1 1 1 1 0.999999 0.999996 0.999988 0.999966 0.99991 0.999777 0.99948 0.998855 0.997611 0.995271 0.991118 0.984178 0.973331 0.95767 0.937197 0.913769 0.891452 0.87375 0.859729 0.846388 0.831616 0.814974 0.797537 0.780604 0.764443 0.748525 0.732405 0.71607 0.699712 0.683424 0.66695 0.644784 0.357282 
1 1 1 1 1 1 1 1 1 1 0.999999 0.999997 0.99999 0.999971 0.999923 0.999809 0.999553 0.999007 0.997912 0.995834 0.992107 0.985806 0.975821 0.96115 0.941525 0.918339 0.895281 0.876448 0.861861 0.848584 0.834191 0.817848 0.800383 0.783207 0.766856 0.75089 0.734781 0.718425 0.702003 0.685645 0.669114 0.646863 0.355216 
1 1 1 1 1 1 1 1 1 1 0.999999 0.999997 0.999991 0.999976 0.999935 0.999837 0.999615 0.99914 0.998177 0.996334 0.992995 0.987288 0.978124 0.964435 0.945725 0.922954 0.899357 0.879364 0.864053 0.850727 0.83668 0.820689 0.803273 0.785873 0.769301 0.753258 0.737159 0.720794 0.704313 0.687883 0.671292 0.648955 0.353137 
1 1 1 1 1 1 1 1 1 1 0.999999 0.999998 0.999993 0.99998 0.999945 0.999861 0.99967 0.999256 0.998411 0.996778 0.993793 0.988635 0.980247 0.967521 0.949772 0.927569 0.90365 0.882529 0.866339 0.852835 0.839083 0.82348 0.806191 0.788605 0.771787 0.755636 0.739537 0.723172 0.706643 0.69014 0.673483 0.65106 0.351045 
1 1 1 1 1 1 1 1 1 1 0.999999 0.999998 0.999994 0.999983 0.999953 0.999882 0.999716 0.999356 0.998616 0.997172 0.994507 0.989855 0.982198 0.970408 0.95365 0.932142 0.908119 0.88596 0.868754 0.85493 0.841403 0.826206 0.809122 0.791401 0.774324 0.758027 0.741914 0.725559 0.708991 0.692416 0.67569 0.653178 0.34894 
1 1 1 1 1 1 1 1 1 1 1 0.999998 0.999995 0.999986 0.999961 0.999899 0.999757 0.999444 0.998795 0.997521 0.995146 0.990958 0.983985 0.973098 0.957344 0.936636 0.912719 0.889666 0.871335 0.857037 0.843647 0.828856 0.812049 0.794257 0.776918 0.760439 0.744291 0.72795 0.711355 0.694712 0.677913 0.655308 0.346822 
1 1 1 1 1 1 1 1 1 1 1 0.999999 0.999996 0.999988 0.999967 0.999914 0.999791 0.99952 0.998953 0.997829 0.995716 0.991953 0.985618 0.975595 0.960844 0.941019 0.9174 0.893639 0.874119 0.859185 0.845826 0.831421 0.814952 0.797164 0.779575 0.76288 0.74667 0.730343 0.713735 0.697028 0.680154 0.657452 0.344692 
1 1 1 1 1 1 1 1 1 1 1 0.999999 0.999997 0.99999 0.999972 0.999927 0.999821 0.999586 0.999091 0.998101 0.996224 0.992849 0.987107 0.977905 0.964146 0.945265 0.922115 0.897859 0.877138 0.861405 0.847957 0.833897 0.817813 0.80011 0.7823 0.76536 0.749055 0.732736 0.716126 0.699364 0.682413 0.65961 0.342548 
1 1 1 1 1 1 1 1 1 1 1 0.999999 0.999997 0.999991 0.999976 0.999938 0.999847 0.999644 0.999211 0.99834 0.996675 0.993654 0.98846 0.980034 0.967247 0.949352 0.926817 0.902291 0.88042 0.863732 0.850057 0.836284 0.820615 0.80308 0.785094 0.767887 0.75145 0.735128 0.718526 0.701719 0.684691 0.661783 0.34039 
1 1 1 1 1 1 1 1 1 1 1 0.999999 0.999998 0.999993 0.99998 0.999947 0.999869 0.999693 0.999316 0.998551 0.997076 0.994376 0.989687 0.981992 0.970146 0.953262 0.931466 0.906892 0.883982 0.866204 0.852152 0.838586 0.823345 0.806056 0.787953 0.770469 0.753863 0.73752 0.720933 0.704092 0.686989 0.663971 0.338217 
1 1 1 1 1 1 1 1 1 1 1 0.999999 0.999998 0.999994 0.999983 0.999955 0.999888 0.999736 0.999408 0.998737 0.997432 0.995022 0.990797 0.983786 0.972847 0.956984 0.936026 0.911614 0.887826 0.868856 0.854268 0.840814 0.825992 0.809018 0.790871 0.773114 0.756302 0.739911 0.723342 0.706482 0.689308 0.666176 0.336029 
1 1 1 1 1 1 1 1 1 1 1 0.999999 0.999998 0.999995 0.999986 0.999962 0.999905 0.999773 0.999488 0.9989 0.997747 0.995599 0.991799 0.985426 0.975354 0.960508 0.940467 0.916406 0.891942 0.871728 0.856434 0.842979 0.828549 0.811949 0.793838 0.775827 0.758774 0.742305 0.725752 0.708885 0.691648 0.668398 0.333824 
1 1 1 1 1 1 1 1 1 1 1 1 0.999999 0.999996 0.999988 0.999968 0.999919 0.999805 0.999557 0.999042 0.998025 0.996115 0.992703 0.986922 0.977673 0.963831 0.944762 0.92122 0.896305 0.874851 0.858684 0.845099 0.831013 0.814829 0.79684 0.778612 0.76129 0.744707 0.728161 0.711299 0.694008 0.670639 0.331602 
1 1 1 1 1 1 1 1 1 1 1 1 0.999999 0.999996 0.99999 0.999973 0.999931 0.999833 0.999618 0.999167 0.998271 0.996574 0.993515 0.988282 0.979811 0.966949 0.948891 0.926011 0.900875 0.878251 0.861054 0.847195 0.833385 0.817643 0.799859 0.781468 0.763858 0.747122 0.730567 0.71372 0.696386 0.672901 0.329361 
1 1 1 1 1 1 1 1 1 1 1 1 0.999999 0.999997 0.999991 0.999977 0.999941 0.999857 0.99967 0.999277 0.998488 0.996982 0.994245 0.989517 0.981777 0.969864 0.952837 0.930738 0.905607 0.881942 0.863582 0.849292 0.835673 0.820377 0.802878 0.78439 0.766487 0.749559 0.732973 0.716146 0.698782 0.675184 0.327099 
1 1 1 1 1 1 1 1 1 1 1 1 0.999999 0.999998 0.999993 0.99998 0.99995 0.999877 0.999716 0.999372 0.998679 0.997344 0.994899 0.990635 0.98358 0.972578 0.95659 0.935367 0.91045 0.885925 0.866308 0.851418 0.837887 0.823022 0.805876 0.78737 0.769185 0.752025 0.735379 0.718573 0.701193 0.677488 0.324816 
1 1 1 1 1 1 1 1 1 1 1 1 0.999999 0.999998 0.999994 0.999984 0.999957 0.999895 0.999755 0.999456 0.998847 0.997666 0.995484 0.991645 0.985229 0.975098 0.960142 0.939867 0.915353 0.890183 0.869268 0.853604 0.84004 0.825572 0.808834 0.790396 0.771955 0.754529 0.737789 0.720999 0.703616 0.679814 0.322512 
1 1 1 1 1 1 1 1 1 1 1 1 0.999999 0.999998 0.999995 0.999986 0.999964 0.99991 0.999789 0.999529 0.998994 0.997951 0.996007 0.992557 0.986733 0.977428 0.963488 0.944214 0.920267 0.894687 0.872495 0.855885 0.842153 0.828026 0.811733 0.793453 0.774801 0.757083 0.740209 0.723423 0.706048 0.682162 0.320186 
1 1 1 1 1 1 1 1 1 1 1 1 1 0.999999 0.999996 0.999988 0.999969 0.999923 0.999819 0.999592 0.999124 0.998203 0.996473 0.993377 0.988102 0.979578 0.966627 0.948389 0.925148 0.899394 0.876013 0.858299 0.844246 0.830387 0.814559 0.796522 0.777718 0.759694 0.742646 0.725845 0.708485 0.68453 0.317838 
1 1 1 1 1 1 1 1 1 1 1 1 1 0.999999 0.999996 0.99999 0.999974 0.999934 0.999844 0.999647 0.999237 0.998425 0.996889 0.994115 0.989345 0.981554 0.96956 0.952375 0.929955 0.904257 0.879834 0.860886 0.846347 0.832663 0.817299 0.799583 0.780703 0.762372 0.745107 0.728265 0.710926 0.686917 0.31547 
1 1 1 1 1 1 1 1 1 1 1 1 1 0.999999 0.999997 0.999992 0.999978 0.999944 0.999866 0.999695 0.999337 0.998622 0.997258 0.994777 0.990471 0.983367 0.972291 0.956163 0.934655 0.909221 0.883955 0.863684 0.848485 0.834865 0.819944 0.802616 0.783745 0.765123 0.747601 0.730687 0.713366 0.68932 0.313083 
1 1 1 1 1 1 1 1 1 1 1 1 1 0.999999 0.999997 0.999993 0.999981 0.999952 0.999885 0.999737 0.999424 0.998795 0.997586 0.99537 0.99149 0.985026 0.974826 0.959745 0.939219 0.914236 0.888354 0.866733 0.850692 0.837009 0.82249 0.805602 0.786831 0.767951 0.75014 0.733114 0.715804 0.691737 0.31068 
1 1 1 1 1 1 1 1 1 1 1 1 1 0.999999 0.999998 0.999994 0.999984 0.999959 0.999902 0.999773 0.9995 0.998947 0.997877 0.9959 0.99241 0.986539 0.97717 0.963118 0.943622 0.919253 0.892999 0.870064 0.853005 0.839116 0.824936 0.808522 0.789942 0.770857 0.752732 0.735554 0.718239 0.694164 0.308263 
1 1 1 1 1 1 1 1 1 1 1 1 1 0.999999 0.999998 0.999995 0.999986 0.999965 0.999916 0.999804 0.999566 0.999081 0.998135 0.996374 0.993239 0.987918 0.979333 0.966281 0.947846 0.924226 0.897844 0.8737 0.855464 0.841209 0.827288 0.811361 0.79306 0.773837 0.755388 0.738012 0.720672 0.696599 0.305836 
1 1 1 1 1 1 1 1 1 1 1 1 1 1 0.999999 0.999996 0.999989 0.999971 0.999928 0.999831 0.999624 0.999198 0.998363 0.996796 0.993985 0.98917 0.981322 0.969236 0.951876 0.929116 0.902837 0.877651 0.858108 0.843315 0.829553 0.814108 0.796164 0.776885 0.758115 0.740499 0.723105 0.699036 0.303401 
1 1 1 1 1 1 1 1 1 1 1 1 1 1 0.999999 0.999996 0.99999 0.999975 0.999938 0.999855 0.999674 0.999302 0.998565 0.997173 0.994655 0.990306 0.983146 0.971986 0.955702 0.933891 0.907924 0.881908 0.860979 0.845465 0.831746 0.816755 0.799233 0.779989 0.760919 0.743024 0.725542 0.701475 0.300964 
1 1 1 1 1 1 1 1 1 1 1 1 1 1 0.999999 0.999997 0.999992 0.999979 0.999947 0.999875 0.999718 0.999392 0.998743 0.997507 0.995256 0.991334 0.984816 0.974538 0.959318 0.938521 0.913053 0.886449 0.864116 0.847694 0.833883 0.819298 0.802247 0.783133 0.763805 0.745598 0.727987 0.70391 0.298525 
1 1 1 1 1 1 1 1 1 1 1 1 1 1 0.999999 0.999997 0.999993 0.999982 0.999955 0.999893 0.999756 0.999471 0.9989 0.997804 0.995794 0.992263 0.986341 0.976899 0.962721 0.942984 0.918173 0.891235 0.86755 0.850039 0.835986 0.82174 0.805188 0.786299 0.766772 0.74823 0.730449 0.706342 0.29609 
1 1 1 1 1 1 1 1 1 1 1 1 1 1 0.999999 0.999998 0.999994 0.999985 0.999961 0.999908 0.99979 0.99954 0.999038 0.998068 0.996275 0.993101 0.98773 0.979077 0.965911 0.94726 0.923242 0.896217 0.871304 0.852541 0.838079 0.824084 0.808043 0.789466 0.769815 0.750931 0.732934 0.70877 0.293658 
1 1 1 1 1 1 1 1 1 1 1 1 1 1 0.999999 0.999998 0.999995 0.999987 0.999967 0.999921 0.999818 0.999601 0.99916 0.998302 0.996705 0.993856 0.988993 0.98108 0.96889 0.951338 0.928219 0.901342 0.875384 0.855243 0.840192 0.826342 0.810799 0.792613 0.772925 0.753708 0.735453 0.711195 0.29123 
1 1 1 1 1 1 1 1 1 1 1 1 1 1 0.999999 0.999999 0.999996 0.999989 0.999972 0.999932 0.999843 0.999654 0.999266 0.998509 0.997088 0.994534 0.990139 0.982918 0.971663 0.955206 0.933072 0.906554 0.879778 0.858186 0.842356 0.828528 0.813451 0.795719 0.77609 0.756568 0.738017 0.713619 0.288805 
1 1 1 1 1 1 1 1 1 1 1 1 1 1 1 0.999999 0.999996 0.999991 0.999976 0.999942 0.999865 0.9997 0.99936 0.998691 0.997429 0.995143 0.991177 0.984601 0.974235 0.95886 0.937772 0.911798 0.88446 0.86141 0.844606 0.83066 0.815994 0.798763 0.779293 0.759512 0.740635 0.716048 0.286381 
1 1 1 1 1 1 1 1 1 1 1 1 1 1 1 0.999999 0.999997 0.999992 0.99998 0.99995 0.999884 0.99974 0.999443 0.998853 0.997732 0.995688 0.992115 0.986137 0.976615 0.962296 0.942298 0.917026 0.889387 0.864947 0.846983 0.83276 0.818433 0.801729 0.782515 0.762539 0.743318 0.718487 0.283952 
1 1 1 1 1 1 1 1 1 1 1 1 1 1 1 0.999999 0.999998 0.999993 0.999983 0.999957 0.9999 0.999775 0.999515 0.998995 0.998002 0.996177 0.992962 0.987538 0.978809 0.965517 0.946632 0.922193 0.894508 0.868818 0.849527 0.834855 0.820773 0.804601 0.785732 0.765644 0.746075 0.720944 0.281513 
1 1 1 1 1 1 1 1 1 1 1 1 1 1 1 0.999999 0.999998 0.999994 0.999985 0.999964 0.999914 0.999805 0.999578 0.999121 0.998241 0.996613 0.993725 0.988812 0.980828 0.968523 0.95076 0.92726 0.899767 0.873026 0.852285 0.836974 0.823026 0.807369 0.788924 0.768817 0.748912 0.723429 0.279056 
1 1 1 1 1 1 1 1 1 1 1 1 1 1 1 0.999999 0.999998 0.999995 0.999987 0.999969 0.999926 0.999832 0.999633 0.999231 0.998453 0.997003 0.994412 0.989969 0.982681 0.97132 0.954674 0.932195 0.905105 0.877557 0.855298 0.839151 0.825207 0.810027 0.792068 0.772044 0.751835 0.725954 0.276571 
1 1 1 1 1 1 1 1 1 1 1 1 1 1 1 0.999999 0.999999 0.999996 0.999989 0.999973 0.999936 0.999855 0.999681 0.999329 0.99864 0.997351 0.995029 0.991017 0.984378 0.973915 0.958369 0.93697 0.910468 0.88238 0.858609 0.841423 0.827335 0.812575 0.795145 0.775306 0.754843 0.728528 0.274046 
1 1 1 1 1 1 1 1 1 1 1 1 1 1 1 1 0.999999 0.999997 0.999991 0.999977 0.999945 0.999874 0.999723 0.999414 0.998806 0.99766 0.995583 0.991965 0.985928 0.976316 0.961843 0.941564 0.915806 0.887449 0.862247 0.84383 0.829435 0.815014 0.798136 0.778582 0.757934 0.731164 0.271472 
1 1 1 1 1 1 1 1 1 1 1 1 1 1 1 1 0.999999 0.999997 0.999992 0.999981 0.999953 0.999892 0.99976 0.999489 0.998953 0.997936 0.996079 0.992822 0.987342 0.978529 0.965097 0.945958 0.921076 0.892711 0.866234 0.846416 0.831532 0.817352 0.801029 0.78185 0.761099 0.733872 0.268836 
1 1 1 1 1 1 1 1 1 1 1 1 1 1 1 1 0.999999 0.999998 0.999993 0.999983 0.99996 0.999907 0.999792 0.999554 0.999082 0.99818 0.996523 0.993594 0.988628 0.980566 0.968133 0.950142 0.926237 0.898104 0.870569 0.849228 0.833658 0.819602 0.803812 0.785087 0.764328 0.736662 0.266128 
1 1 1 1 1 1 1 1 1 1 1 1 1 1 1 1 0.999999 0.999998 0.999994 0.999986 0.999966 0.99992 0.99982 0.999612 0.999196 0.998397 0.996919 0.99429 0.989796 0.982436 0.970958 0.954106 0.931259 0.903572 0.875236 0.85231 0.835848 0.82178 0.806481 0.788271 0.767605 0.739538 0.263338 
1 1 1 1 1 1 1 1 1 1 1 1 1 1 1 1 0.999999 0.999998 0.999995 0.999988 0.999971 0.999931 0.999844 0.999662 0.999297 0.99859 0.997273 0.994915 0.990855 0.984148 0.973579 0.957846 0.936113 0.909057 0.880201 0.855704 0.83814 0.823907 0.809035 0.791381 0.770909 0.742505 0.260462 
1 1 1 1 1 1 1 1 1 1 1 1 1 1 1 1 0.999999 0.999999 0.999996 0.99999 0.999975 0.99994 0.999865 0.999706 0.999385 0.99876 0.997589 0.995477 0.991814 0.985713 0.976002 0.96136 0.940778 0.91451 0.885414 0.859442 0.840576 0.826006 0.811477 0.794401 0.774221 0.745562 0.257495 
1 1 1 1 1 1 1 1 1 1 1 1 1 1 1 1 1 0.999999 0.999997 0.999991 0.999978 0.999949 0.999883 0.999745 0.999463 0.998911 0.99787 0.995981 0.99268 0.98714 0.978237 0.964651 0.945238 0.919886 0.890817 0.863543 0.843202 0.828107 0.813817 0.797315 0.777518 0.748704 0.254438 
1 1 1 1 1 1 1 1 1 1 1 1 1 1 1 1 1 0.999999 0.999997 0.999993 0.999982 0.999956 0.999899 0.999779 0.999531 0.999044 0.99812 0.996432 0.993462 0.988439 0.980294 0.967721 0.949481 0.925147 0.896349 0.868005 0.846065 0.83024 0.816067 0.800115 0.780776 0.751922 0.251296 
1 1 1 1 1 1 1 1 1 1 1 1 1 1 1 1 1 0.999999 0.999998 0.999994 0.999984 0.999962 0.999913 0.999808 0.999591 0.999162 0.998342 0.996835 0.994167 0.98962 0.982181 0.970576 0.953499 0.930259 0.90195 0.872809 0.849214 0.832442 0.818244 0.802797 0.783975 0.755203 0.248078 
1 1 1 1 1 1 1 1 1 1 1 1 1 1 1 1 1 0.999999 0.999998 0.999995 0.999987 0.999968 0.999925 0.999833 0.999644 0.999265 0.998539 0.997196 0.994801 0.99069 0.983911 0.973224 0.957288 0.935197 0.907561 0.877916 0.852689 0.834752 0.82037 0.805359 0.787096 0.758531 0.244797 
1 1 1 1 1 1 1 1 1 1 1 1 1 1 1 1 1 0.999999 0.999998 0.999995 0.999989 0.999972 0.999935 0.999856 0.99969 0.999357 0.998714 0.997517 0.995371 0.99166 0.985491 0.975673 0.960847 0.939939 0.913133 0.883274 0.856525 0.837215 0.82247 0.807806 0.790121 0.761887 0.241469 
1 1 1 1 1 1 1 1 1 1 1 1 1 1 1 1 1 0.999999 0.999999 0.999996 0.99999 0.999976 0.999944 0.999875 0.99973 0.999437 0.998869 0.997804 0.995882 0.992537 0.986933 0.977931 0.964177 0.94447 0.918621 0.888821 0.860737 0.839878 0.824574 0.810148 0.793039 0.765249 0.238113 
1 1 1 1 1 1 1 1 1 1 1 1 1 1 1 1 1 1 0.999999 0.999997 0.999992 0.99998 0.999952 0.999892 0.999765 0.999508 0.999006 0.99806 0.996341 0.993329 0.988246 0.980009 0.967284 0.948776 0.923985 0.894495 0.865325 0.842791 0.826714 0.812399 0.795841 0.768596 0.234751 
1 1 1 1 1 1 1 1 1 1 1 1 1 1 1 1 1 1 0.999999 0.999997 0.999993 0.999983 0.999959 0.999907 0.999796 0.99957 0.999127 0.998287 0.996751 0.994043 0.98944 0.981917 0.970173 0.952852 0.929194 0.900232 0.870265 0.846002 0.828927 0.814578 0.798522 0.771905 0.231404 
1 1 1 1 1 1 1 1 1 1 1 1 1 1 1 1 1 1 0.999999 0.999998 0.999994 0.999985 0.999965 0.999919 0.999823 0.999625 0.999234 0.998488 0.997118 0.994686 0.990523 0.983665 0.972851 0.956694 0.934221 0.905975 0.875515 0.849556 0.831255 0.816705 0.801085 0.775157 0.228095 
1 1 1 1 1 1 1 1 1 1 1 1 1 1 1 1 1 1 0.999999 0.999998 0.999995 0.999987 0.99997 0.99993 0.999846 0.999673 0.999328 0.998668 0.997446 0.995264 0.991504 0.985262 0.975328 0.960301 0.939045 0.911671 0.88102 0.853486 0.833743 0.818809 0.803533 0.778331 0.224843 
1 1 1 1 1 1 1 1 1 1 1 1 1 1 1 1 1 1 0.999999 0.999998 0.999996 0.999989 0.999974 0.99994 0.999867 0.999715 0.999411 0.998827 0.997739 0.995784 0.992392 0.98672 0.977612 0.963675 0.94365 0.917275 0.886715 0.857809 0.83644 0.820919 0.805878 0.781411 0.221669 
1 1 1 1 1 1 1 1 1 1 1 1 1 1 1 1 1 1 0.999999 0.999999 0.999996 0.999991 0.999978 0.999948 0.999884 0.999751 0.999485 0.998967 0.997999 0.99625 0.993194 0.988048 0.979713 0.966822 0.948025 0.922748 0.892534 0.862521 0.839399 0.82307 0.808134 0.784384 0.218589 
1 1 1 1 1 1 1 1 1 1 1 1 1 1 1 1 1 1 1 0.999999 0.999997 0.999992 0.999981 0.999955 0.9999 0.999784 0.999549 0.999092 0.998231 0.996667 0.993918 0.989255 0.981642 0.969747 0.952164 0.928059 0.898412 0.867596 0.842669 0.825299 0.810322 0.787238 0.215616 
1 1 1 1 1 1 1 1 1 1 1 1 1 1 1 1 1 1 1 0.999999 0.999997 0.999993 0.999983 0.999961 0.999913 0.999812 0.999606 0.999202 0.998438 0.997041 0.99457 0.990352 0.98341 0.972459 0.956063 0.93318 0.904291 0.872991 0.846297 0.82765 0.812465 0.789968 0.212762 
1 1 1 1 1 1 1 1 1 1 1 1 1 1 1 1 1 1 1 0.999999 0.999998 0.999994 0.999986 0.999967 0.999925 0.999836 0.999656 0.999299 0.998621 0.997375 0.995157 0.991345 0.985026 0.974965 0.959722 0.938091 0.910116 0.878645 0.850318 0.830169 0.814591 0.792571 0.210032 
1 1 1 1 1 1 1 1 1 1 1 1 1 1 1 1 1 1 1 0.999999 0.999998 0.999995 0.999988 0.999971 0.999935 0.999858 0.999699 0.999385 0.998784 0.997673 0.995684 0.992245 0.986501 0.977277 0.963144 0.942777 0.915843 0.88449 0.854747 0.832907 0.816735 0.79505 0.207429 
1 1 1 1 1 1 1 1 1 1 1 1 1 1 1 1 1 1 1 0.999999 0.999998 0.999996 0.99999 0.999975 0.999944 0.999877 0.999738 0.999461 0.998929 0.997939 0.996158 0.993058 0.987845 0.979404 0.966334 0.947226 0.921432 0.890459 0.859581 0.835916 0.818934 0.797412 0.20495 
1 1 1 1 1 1 1 1 1 1 1 1 1 1 1 1 1 1 1 0.999999 0.999999 0.999996 0.999991 0.999979 0.999952 0.999893 0.999771 0.999528 0.999057 0.998176 0.996582 0.993791 0.989067 0.981356 0.969298 0.951432 0.92685 0.896483 0.864792 0.839249 0.821229 0.799669 0.202588 
1 1 1 1 1 1 1 1 1 1 1 1 1 1 1 1 1 1 1 1 0.999999 0.999997 0.999992 0.999982 0.999958 0.999907 0.999801 0.999587 0.99917 0.998387 0.996963 0.994453 0.990177 0.983145 0.972046 0.955392 0.932072 0.902503 0.870331 0.842953 0.823664 0.801839 0.200331 
1 1 1 1 1 1 1 1 1 1 1 1 1 1 1 1 1 1 1 1 0.999999 0.999997 0.999994 0.999984 0.999964 0.99992 0.999827 0.999638 0.999271 0.998575 0.997303 0.995049 0.991183 0.984781 0.974585 0.959107 0.937075 0.908464 0.876136 0.847061 0.82629 0.803945 0.198161 
1 1 1 1 1 1 1 1 1 1 1 1 1 1 1 1 1 1 1 1 0.999999 0.999998 0.999994 0.999987 0.999969 0.99993 0.999849 0.999684 0.999359 0.998742 0.997607 0.995584 0.992095 0.986275 0.976927 0.962581 0.941847 0.91432 0.882136 0.851592 0.829156 0.806019 0.196055 
1 1 1 1 1 1 1 1 1 1 1 1 1 1 1 1 1 1 1 1 0.999999 0.999998 0.999995 0.999989 0.999973 0.99994 0.999869 0.999724 0.999438 0.998891 0.997879 0.996065 0.992919 0.987635 0.979081 0.965817 0.946375 0.92003 0.888259 0.856539 0.832313 0.808096 0.193981 
1 1 1 1 1 1 1 1 1 1 1 1 1 1 1 1 1 1 1 1 0.999999 0.999998 0.999996 0.99999 0.999977 0.999948 0.999886 0.999759 0.999507 0.999022 0.998121 0.996497 0.993663 0.988873 0.981059 0.968824 0.950653 0.925562 0.894436 0.861874 0.835808 0.81022 0.191904 
1 1 1 1 1 1 1 1 1 1 1 1 1 1 1 1 1 1 1 1 0.999999 0.999999 0.999997 0.999992 0.99998 0.999955 0.999901 0.99979 0.999567 0.999139 0.998337 0.996884 0.994334 0.989998 0.982871 0.971611 0.95468 0.93089 0.900604 0.867549 0.839681 0.812441 0.18978 
1 1 1 1 1 1 1 1 1 1 1 1 1 1 1 1 1 1 1 1 1 0.999999 0.999997 0.999993 0.999983 0.999961 0.999914 0.999817 0.999621 0.999242 0.998529 0.997231 0.994939 0.991018 0.984528 0.974186 0.958456 0.935993 0.906707 0.873499 0.843959 0.814814 0.187559 
1 1 1 1 1 1 1 1 1 1 1 1 1 1 1 1 1 1 1 1 1 0.999999 0.999997 0.999994 0.999985 0.999966 0.999925 0.99984 0.999668 0.999333 0.9987 0.997541 0.995483 0.991941 0.986041 0.97656 0.961984 0.940856 0.912698 0.879651 0.84865 0.817397 0.185186 
1 1 1 1 1 1 1 1 1 1 1 1 1 1 1 1 1 1 1 1 1 0.999999 0.999998 0.999995 0.999987 0.999971 0.999935 0.999861 0.99971 0.999414 0.998852 0.997818 0.995972 0.992777 0.987419 0.978744 0.965271 0.945469 0.918537 0.88593 0.853741 0.820248 0.182603 
1 1 1 1 1 1 1 1 1 1 1 1 1 1 1 1 1 1 1 1 1 0.999999 0.999998 0.999995 0.999989 0.999975 0.999944 0.999879 0.999746 0.999485 0.998987 0.998065 0.996411 0.993532 0.988674 0.980749 0.968325 0.949825 0.924191 0.892264 0.859199 0.82342 0.179752 
1 1 1 1 1 1 1 1 1 1 1 1 1 1 1 1 1 1 1 1 1 0.999999 0.999998 0.999996 0.999991 0.999978 0.999952 0.999895 0.999778 0.999548 0.999107 0.998286 0.996805 0.994214 0.989814 0.982585 0.971153 0.953923 0.929632 0.898587 0.864973 0.82696 0.17658 
1 1 1 1 1 1 1 1 1 1 1 1 1 1 1 1 1 1 1 1 1 0.999999 0.999999 0.999997 0.999992 0.999981 0.999958 0.999908 0.999807 0.999604 0.999213 0.998483 0.997158 0.994828 0.990848 0.984265 0.973766 0.957764 0.934841 0.904842 0.871002 0.830898 0.17304 
1 1 1 1 1 1 1 1 1 1 1 1 1 1 1 1 1 1 1 1 1 1 0.999999 0.999997 0.999993 0.999984 0.999964 0.99992 0.999831 0.999653 0.999307 0.998658 0.997474 0.995381 0.991785 0.985799 0.976175 0.961353 0.939802 0.910978 0.877217 0.835247 0.169102 
1 1 1 1 1 1 1 1 1 1 1 1 1 1 1 1 1 1 1 1 1 1 0.999999 0.999998 0.999994 0.999986 0.999969 0.999931 0.999853 0.999696 0.99939 0.998813 0.997757 0.995878 0.992633 0.987197 0.978391 0.964694 0.944505 0.916954 0.883547 0.840005 0.164753 
1 1 1 1 1 1 1 1 1 1 1 1 1 1 1 1 1 1 1 1 1 1 0.999999 0.999998 0.999995 0.999988 0.999973 0.99994 0.999872 0.999734 0.999464 0.998952 0.99801 0.996325 0.993399 0.988469 0.980425 0.967797 0.948945 0.922735 0.889925 0.84515 0.159995 
1 1 1 1 1 1 1 1 1 1 1 1 1 1 1 1 1 1 1 1 1 1 0.999999 0.999998 0.999996 0.99999 0.999977 0.999948 0.999888 0.999767 0.999529 0.999075 0.998235 0.996726 0.994091 0.989625 0.982288 0.970671 0.95312 0.928295 0.89629 0.850647 0.15485 
1 1 1 1 1 1 1 1 1 1 1 1 1 1 1 1 1 1 1 1 1 1 0.999999 0.999999 0.999996 0.999991 0.99998 0.999955 0.999903 0.999796 0.999586 0.999184 0.998436 0.997085 0.994715 0.990674 0.983992 0.973325 0.957031 0.933613 0.902586 0.856449 0.149353 
1 1 1 1 1 1 1 1 1 1 1 1 1 1 1 1 1 1 1 1 1 1 1 0.999999 0.999997 0.999992 0.999983 0.999961 0.999915 0.999822 0.999637 0.999281 0.998615 0.997407 0.995277 0.991625 0.985548 0.975772 0.960684 0.938674 0.908766 0.8625 0.143551 
1 1 1 1 1 1 1 1 1 1 1 1 1 1 1 1 1 1 1 1 1 1 1 0.999999 0.999997 0.999994 0.999985 0.999966 0.999926 0.999845 0.999682 0.999366 0.998775 0.997696 0.995783 0.992486 0.986966 0.978021 0.964084 0.943469 0.91479 0.868742 0.1375 
1 1 1 1 1 1 1 1 1 1 1 1 1 1 1 1 1 1 1 1 1 1 1 0.999999 0.999998 0.999994 0.999987 0.999971 0.999936 0.999864 0.999721 0.999442 0.998917 0.997953 0.996237 0.993264 0.988257 0.980087 0.96724 0.947993 0.920623 0.875113 0.131258 
1 1 1 1 1 1 1 1 1 1 1 1 1 1 1 1 1 1 1 1 1 1 1 0.999999 0.999998 0.999995 0.999989 0.999975 0.999945 0.999882 0.999756 0.999509 0.999043 0.998184 0.996645 0.993967 0.989431 0.981978 0.970161 0.952244 0.92624 0.881555 0.124887 
1 1 1 1 1 1 1 1 1 1 1 1 1 1 1 1 1 1 1 1 1 1 1 0.999999 0.999998 0.999996 0.99999 0.999978 0.999952 0.999897 0.999786 0.999569 0.999155 0.998389 0.997012 0.994601 0.990495 0.983708 0.97286 0.956225 0.931619 0.888011 0.118445 
1 1 1 1 1 1 1 1 1 1 1 1 1 1 1 1 1 1 1 1 1 1 1 0.999999 0.999999 0.999997 0.999992 0.999981 0.999958 0.99991 0.999813 0.999621 0.999254 0.998572 0.99734 0.995172 0.991461 0.985288 0.975346 0.959941 0.936745 0.894428 0.111989 
1 1 1 1 1 1 1 1 1 1 1 1 1 1 1 1 1 1 1 1 1 1 1 1 0.999999 0.999997 0.999993 0.999984 0.999964 0.999922 0.999836 0.999667 0.999342 0.998736 0.997634 0.995686 0.992335 0.986728 0.977633 0.963399 0.941608 0.900759 0.105572 
1 1 1 1 1 1 1 1 1 1 1 1 1 1 1 1 1 1 1 1 1 1 1 1 0.999999 0.999997 0.999994 0.999986 0.999969 0.999932 0.999857 0.999708 0.99942 0.998881 0.997897 0.996149 0.993125 0.988039 0.979731 0.966608 0.946204 0.906963 0.0992408 
1 1 1 1 1 1 1 1 1 1 1 1 1 1 1 1 1 1 1 1 1 1 1 1 0.999999 0.999998 0.999995 0.999988 0.999973 0.999941 0.999875 0.999744 0.99949 0.99901 0.998132 0.996564 0.993839 0.98923 0.981653 0.969578 0.95053 0.913003 0.0930371 
1 1 1 1 1 1 1 1 1 1 1 1 1 1 1 1 1 1 1 1 1 1 1 1 0.999999 0.999998 0.999996 0.99999 0.999976 0.999949 0.999891 0.999776 0.999551 0.999125 0.998342 0.996937 0.994484 0.990311 0.98341 0.972322 0.954587 0.918851 0.0869966 
1 1 1 1 1 1 1 1 1 1 1 1 1 1 1 1 1 1 1 1 1 1 1 1 0.999999 0.999998 0.999996 0.999991 0.99998 0.999955 0.999905 0.999803 0.999605 0.999227 0.998529 0.997272 0.995065 0.991292 0.985015 0.974849 0.958381 0.924482 0.0811488 
1 1 1 1 1 1 1 1 1 1 1 1 1 1 1 1 1 1 1 1 1 1 1 1 0.999999 0.999999 0.999997 0.999992 0.999982 0.999961 0.999917 0.999828 0.999653 0.999318 0.998696 0.997571 0.995588 0.99218 0.986477 0.977173 0.961917 0.929878 0.0755177 
1 1 1 1 1 1 1 1 1 1 1 1 1 1 1 1 1 1 1 1 1 1 1 1 1 0.999999 0.999997 0.999993 0.999985 0.999966 0.999928 0.99985 0.999695 0.999399 0.998845 0.99784 0.996058 0.992983 0.987809 0.979306 0.965205 0.935025 0.0701219 
1 1 1 1 1 1 1 1 1 1 1 1 1 1 1 1 1 1 1 1 1 1 1 1 1 0.999999 0.999998 0.999994 0.999987 0.999971 0.999937 0.999868 0.999732 0.99947 0.998978 0.99808 0.996481 0.993709 0.989019 0.98126 0.968253 0.939914 0.064975 
1 1 1 1 1 1 1 1 1 1 1 1 1 1 1 1 1 1 1 1 1 1 1 1 1 0.999999 0.999998 0.999995 0.999989 0.999975 0.999945 0.999885 0.999765 0.999533 0.999096 0.998294 0.996861 0.994364 0.990118 0.983048 0.971072 0.94454 0.0600858 
1 1 1 1 1 1 1 1 1 1 1 1 1 1 1 1 1 1 1 1 1 1 1 1 1 0.999999 0.999998 0.999996 0.99999 0.999978 0.999952 0.9999 0.999794 0.999589 0.999201 0.998486 0.997202 0.994955 0.991115 0.98468 0.973675 0.948902 0.0554596 
1 1 1 1 1 1 1 1 1 1 1 1 1 1 1 1 1 1 1 1 1 1 1 1 1 0.999999 0.999998 0.999996 0.999992 0.999981 0.999959 0.999912 0.99982 0.999638 0.999294 0.998657 0.997508 0.995487 0.992017 0.986168 0.976072 0.953001 0.0510978 
1 1 1 1 1 1 1 1 1 1 1 1 1 1 1 1 1 1 1 1 1 1 1 1 1 0.999999 0.999999 0.999997 0.999993 0.999984 0.999964 0.999924 0.999842 0.999682 0.999376 0.998809 0.997782 0.995967 0.992834 0.987523 0.978276 0.956841 0.0469989 
1 1 1 1 1 1 1 1 1 1 1 1 1 1 1 1 1 1 1 1 1 1 1 1 1 1 0.999999 0.999997 0.999994 0.999986 0.999969 0.999933 0.999862 0.99972 0.99945 0.998945 0.998027 0.996397 0.993572 0.988755 0.980298 0.960428 0.043159 
1 1 1 1 1 1 1 1 1 1 1 1 1 1 1 1 1 1 1 1 1 1 1 1 1 1 0.999999 0.999998 0.999995 0.999988 0.999973 0.999942 0.999879 0.999754 0.999515 0.999066 0.998246 0.996784 0.994239 0.989875 0.982151 0.96377 0.0395719 
1 1 1 1 1 1 1 1 1 1 1 1 1 1 1 1 1 1 1 1 1 1 1 1 1 1 0.999999 0.999998 0.999995 0.999989 0.999977 0.999949 0.999894 0.999784 0.999572 0.999174 0.998442 0.997132 0.99484 0.99089 0.983845 0.966876 0.03623 
1 1 1 1 1 1 1 1 1 1 1 1 1 1 1 1 1 1 1 1 1 1 1 1 1 1 0.999999 0.999998 0.999996 0.999991 0.99998 0.999956 0.999908 0.999811 0.999623 0.999269 0.998617 0.997444 0.995382 0.99181 0.985393 0.969755 0.0331243 
1 1 1 1 1 1 1 1 1 1 1 1 1 1 1 1 1 1 1 1 1 1 1 1 1 1 0.999999 0.999999 0.999997 0.999992 0.999982 0.999962 0.999919 0.999834 0.999669 0.999354 0.998773 0.997723 0.99587 0.992643 0.986805 0.972419 0.0302447 
1 1 1 1 1 1 1 1 1 1 1 1 1 1 1 1 1 1 1 1 1 1 1 1 1 1 0.999999 0.999999 0.999997 0.999993 0.999985 0.999967 0.99993 0.999855 0.999708 0.99943 0.998912 0.997973 0.996309 0.993396 0.98809 0.974879 0.0275805 
1 1 1 1 1 1 1 1 1 1 1 1 1 1 1 1 1 1 1 1 1 1 1 1 1 1 1 0.999999 0.999997 0.999994 0.999987 0.999971 0.999939 0.999873 0.999744 0.999497 0.999036 0.998197 0.996703 0.994077 0.98926 0.977146 0.0251207 
1 1 1 1 1 1 1 1 1 1 1 1 1 1 1 1 1 1 1 1 1 1 1 1 1 1 1 0.999999 0.999998 0.999995 0.999989 0.999975 0.999946 0.999889 0.999775 0.999556 0.999146 0.998397 0.997058 0.994691 0.990323 0.979231 0.0228539 
1 1 1 1 1 1 1 1 1 1 1 1 1 1 1 1 1 1 1 1 1 1 1 1 1 1 1 0.999999 0.999998 0.999996 0.99999 0.999978 0.999953 0.999903 0.999802 0.999609 0.999244 0.998576 0.997376 0.995245 0.991288 0.981146 0.0207687 
1 1 1 1 1 1 1 1 1 1 1 1 1 1 1 1 1 1 1 1 1 1 1 1 1 1 1 0.999999 0.999998 0.999996 0.999991 0.999981 0.999959 0.999915 0.999826 0.999655 0.999332 0.998736 0.997661 0.995744 0.992163 0.982902 0.0188537 
1 1 1 1 1 1 1 1 1 1 1 1 1 1 1 1 1 1 1 1 1 1 1 1 1 1 1 0.999999 0.999999 0.999997 0.999993 0.999984 0.999965 0.999926 0.999848 0.999696 0.999409 0.998878 0.997917 0.996194 0.992955 0.98451 0.0170979 
1 1 1 1 1 1 1 1 1 1 1 1 1 1 1 1 1 1 1 1 1 1 1 1 1 1 1 1 0.999999 0.999997 0.999994 0.999986 0.999969 0.999935 0.999867 0.999733 0.999478 0.999005 0.998145 0.996598 0.993672 0.985979 0.0154904 
1 1 1 1 1 1 1 1 1 1 1 1 1 1 1 1 1 1 1 1 1 1 1 1 1 1 1 1 0.999999 0.999998 0.999994 0.999988 0.999973 0.999943 0.999883 0.999765 0.999539 0.999118 0.99835 0.996961 0.99432 0.987321 0.0140208 
1 1 1 1 1 1 1 1 1 1 1 1 1 1 1 1 1 1 1 1 1 1 1 1 1 1 1 1 0.999999 0.999998 0.999995 0.999989 0.999977 0.999951 0.999898 0.999793 0.999594 0.999219 0.998533 0.997287 0.994905 0.988544 0.012679 
1 1 1 1 1 1 1 1 1 1 1 1 1 1 1 1 1 1 1 1 1 1 1 1 1 1 1 1 0.999999 0.999998 0.999996 0.999991 0.99998 0.999957 0.99991 0.999818 0.999642 0.999309 0.998697 0.99758 0.995433 0.989659 0.0114556 
1 1 1 1 1 1 1 1 1 1 1 1 1 1 1 1 1 1 1 1 1 1 1 1 1 1 1 1 0.999999 0.999998 0.999996 0.999992 0.999982 0.999962 0.999922 0.999841 0.999684 0.999389 0.998843 0.997843 0.99591 0.990672 0.0103414 
1 1 1 1 1 1 1 1 1 1 1 1 1 1 1 1 1 1 1 1 1 1 1 1 1 1 1 1 0.999999 0.999999 0.999997 0.999993 0.999985 0.999967 0.999931 0.99986 0.999722 0.999459 0.998973 0.998078 0.996339 0.991593 0.00932785 
1 1 1 1 1 1 1 1 1 1 1 1 1 1 1 1 1 1 1 1 1 1 1 1 1 1 1 1 1 0.999999 0.999997 0.999994 0.999987 0.999971 0.99994 0.999877 0.999755 0.999522 0.999089 0.998288 0.996725 0.992429 0.00840689 
1 1 1 1 1 1 1 1 1 1 1 1 1 1 1 1 1 1 1 1 1 1 1 1 1 1 1 1 1 0.999999 0.999998 0.999995 0.999989 0.999975 0.999948 0.999892 0.999784 0.999578 0.999192 0.998477 0.997072 0.993187 0.00757094 
1 1 1 1 1 1 1 1 1 1 1 1 1 1 1 1 1 1 1 1 1 1 1 1 1 1 1 1 1 0.999999 0.999998 0.999996 0.99999 0.999978 0.999954 0.999906 0.99981 0.999628 0.999285 0.998645 0.997384 0.993874 0.00681292 
1 1 1 1 1 1 1 1 1 1 1 1 1 1 1 1 1 1 1 1 1 1 1 1 1 1 1 1 1 0.999999 0.999998 0.999996 0.999991 0.999981 0.99996 0.999917 0.999833 0.999672 0.999367 0.998796 0.997664 0.994495 0.00612626 
1 1 1 1 1 1 1 1 1 1 1 1 1 1 1 1 1 1 1 1 1 1 1 1 1 1 1 1 1 0.999999 0.999999 0.999997 0.999993 0.999984 0.999965 0.999928 0.999854 0.99971 0.999439 0.99893 0.997916 0.995057 0.00550481 
1 1 1 1 1 1 1 1 1 1 1 1 1 1 1 1 1 1 1 1 1 1 1 1 1 1 1 1 1 0.999999 0.999999 0.999997 0.999994 0.999986 0.99997 0.999937 0.999872 0.999745 0.999504 0.99905 0.998142 0.995565 0.00494291 
1 1 1 1 1 1 1 1 1 1 1 1 1 1 1 1 1 1 1 1 1 1 1 1 1 1 1 1 1 1 0.999999 0.999998 0.999994 0.999988 0.999974 0.999945 0.999887 0.999775 0.999562 0.999158 0.998344 0.996023 0.00443528 
1 1 1 1 1 1 1 1 1 1 1 1 1 1 1 1 1 1 1 1 1 1 1 1 1 1 1 1 1 1 0.999999 0.999998 0.999995 0.999989 0.999977 0.999952 0.999901 0.999802 0.999613 0.999253 0.998525 0.996436 0.00397708 
1 1 1 1 1 1 1 1 1 1 1 1 1 1 1 1 1 1 1 1 1 1 1 1 1 1 1 1 1 1 0.999999 0.999998 0.999996 0.999991 0.99998 0.999958 0.999913 0.999826 0.999658 0.999338 0.998687 0.996809 0.00356385 
1 1 1 1 1 1 1 1 1 1 1 1 1 1 1 1 1 1 1 1 1 1 1 1 1 1 1 1 1 1 0.999999 0.999998 0.999996 0.999992 0.999983 0.999963 0.999924 0.999847 0.999698 0.999414 0.998832 0.997144 0.00319146 
1 1 1 1 1 1 1 1 1 1 1 1 1 1 1 1 1 1 1 1 1 1 1 1 1 1 1 1 1 1 0.999999 0.999999 0.999997 0.999993 0.999985 0.999968 0.999933 0.999866 0.999734 0.999481 0.998961 0.997446 0.00285614 
1 1 1 1 1 1 1 1 1 1 1 1 1 1 1 1 1 1 1 1 1 1 1 1 1 1 1 1 1 1 1 0.999999 0.999997 0.999994 0.999987 0.999972 0.999942 0.999882 0.999766 0.999541 0.999077 0.997717 0.00255444 
1 1 1 1 1 1 1 1 1 1 1 1 1 1 1 1 1 1 1 1 1 1 1 1 1 1 1 1 1 1 1 0.999999 0.999998 0.999995 0.999989 0.999976 0.999949 0.999896 0.999793 0.999594 0.99918 0.997961 0.00228318 
1 1 1 1 1 1 1 1 1 1 1 1 1 1 1 1 1 1 1 1 1 1 1 1 1 1 1 1 1 1 1 0.999999 0.999998 0.999995 0.99999 0.999979 0.999955 0.999909 0.999818 0.999641 0.999272 0.998179 0.00203948 
1 1 1 1 1 1 1 1 1 1 1 1 1 1 1 1 1 1 1 1 1 1 1 1 1 1 1 1 1 1 1 0.999999 0.999998 0.999996 0.999991 0.999981 0.999961 0.99992 0.99984 0.999683 0.999355 0.998376 0.00182069 
1 1 1 1 1 1 1 1 1 1 1 1 1 1 1 1 1 1 1 1 1 1 1 1 1 1 1 1 1 1 1 0.999999 0.999999 0.999997 0.999993 0.999984 0.999966 0.99993 0.999859 0.99972 0.999428 0.998552 0.0016244 
1 1 1 1 1 1 1 1 1 1 1 1 1 1 1 1 1 1 1 1 1 1 1 1 1 1 1 1 1 1 1 0.999999 0.999999 0.999997 0.999994 0.999986 0.99997 0.999939 0.999876 0.999753 0.999493 0.998709 0.00144842 
1 1 1 1 1 1 1 1 1 1 1 1 1 1 1 1 1 1 1 1 1 1 1 1 1 1 1 1 1 1 1 1 0.999999 0.999997 0.999994 0.999988 0.999974 0.999946 0.999891 0.999782 0.999551 0.99885 0.00129075 
1 1 1 1 1 1 1 1 1 1 1 1 1 1 1 1 1 1 1 1 1 1 1 1 1 1 1 1 1 1 1 1 0.999999 0.999998 0.999995 0.999989 0.999977 0.999953 0.999904 0.999808 0.999602 0.998977 0.00114958 
1 1 1 1 1 1 1 1 1 1 1 1 1 1 1 1 1 1 1 1 1 1 1 1 1 1 1 1 1 1 1 1 0.999999 0.999998 0.999996 0.999991 0.99998 0.999959 0.999916 0.999831 0.999648 0.99909 0.00102328 
1 1 1 1 1 1 1 1 1 1 1 1 1 1 1 1 1 1 1 1 1 1 1 1 1 1 1 1 1 1 1 1 0.999999 0.999998 0.999996 0.999992 0.999983 0.999964 0.999926 0.999851 0.999689 0.999191 0.000910333 
1 1 1 1 1 1 1 1 1 1 1 1 1 1 1 1 1 1 1 1 1 1 1 1 1 1 1 1 1 1 1 1 0.999999 0.999999 0.999997 0.999993 0.999985 0.999969 0.999935 0.999869 0.999725 0.999281 0.000809407 
1 1 1 1 1 1 1 1 1 1 1 1 1 1 1 1 1 1 1 1 1 1 1 1 1 1 1 1 1 1 1 1 0.999999 0.999999 0.999997 0.999994 0.999987 0.999973 0.999943 0.999885 0.999757 0.999361 0.000719275 
1 1 1 1 1 1 1 1 1 1 1 1 1 1 1 1 1 1 1 1 1 1 1 1 1 1 1 1 1 1 1 1 1 0.999999 0.999998 0.999995 0.999989 0.999976 0.99995 0.999898 0.999786 0.999433 0.000638831 
1 1 1 1 1 1 1 1 1 1 1 1 1 1 1 1 1 1 1 1 1 1 1 1 1 1 1 1 1 1 1 1 1 0.999999 0.999998 0.999995 0.99999 0.999979 0.999957 0.999911 0.999811 0.999497 0.000567079 
1 1 1 1 1 1 1 1 1 1 1 1 1 1 1 1 1 1 1 1 1 1 1 1 1 1 1 1 1 1 1 1 1 0.999999 0.999998 0.999996 0.999991 0.999982 0.999962 0.999922 0.999833 0.999554 0.000503117 
1 1 1 1 1 1 1 1 1 1 1 1 1 1 1 1 1 1 1 1 1 1 1 1 1 1 1 1 1 1 1 1 1 0.999999 0.999998 0.999997 0.999993 0.999984 0.999967 0.999931 0.999853 0.999605 0.000446134 
1 1 1 1 1 1 1 1 1 1 1 1 1 1 1 1 1 1 1 1 1 1 1 1 1 1 1 1 1 1 1 1 1 0.999999 0.999999 0.999997 0.999994 0.999986 0.999971 0.99994 0.99987 0.99965 0.000395398 
1 1 1 1 1 1 1 1 1 1 1 1 1 1 1 1 1 1 1 1 1 1 1 1 1 1 1 1 1 1 1 1 1 1 0.999999 0.999997 0.999994 0.999988 0.999975 0.999947 0.999886 0.99969 0.000350249 
1 1 1 1 1 1 1 1 1 1 1 1 1 1 1 1 1 1 1 1 1 1 1 1 1 1 1 1 1 1 1 1 1 1 0.999999 0.999998 0.999995 0.999989 0.999978 0.999954 0.999899 0.999726 0.000310097 
1 1 1 1 1 1 1 1 1 1 1 1 1 1 1 1 1 1 1 1 1 1 1 1 1 1 1 1 1 1 1 1 1 1 0.999999 0.999998 0.999996 0.999991 0.999981 0.999959 0.999912 0.999757 0.000274408 
1 1 1 1 1 1 1 1 1 1 1 1 1 1 1 1 1 1 1 1 1 1 1 1 1 1 1 1 1 1 1 1 1 1 0.999999 0.999998 0.999996 0.999992 0.999983 0.999964 0.999922 0.999785 0.000242703 
1 1 1 1 1 1 1 1 1 1 1 1 1 1 1 1 1 1 1 1 1 1 1 1 1 1 1 1 1 1 1 1 1 1 0.999999 0.999999 0.999997 0.999993 0.999985 0.999969 0.999932 0.99981 0.000214555 
1 1 1 1 1 1 1 1 1 1 1 1 1 1 1 1 1 1 1 1 1 1 1 1 1 1 1 1 1 1 1 1 1 1 0.999999 0.999999 0.999997 0.999994 0.999987 0.999973 0.99994 0.999833 0.000189576 
1 1 1 1 1 1 1 1 1 1 1 1 1 1 1 1 1 1 1 1 1 1 1 1 1 1 1 1 1 1 1 1 1 1 1 0.999999 0.999998 0.999995 0.999989 0.999976 0.999947 0.999852 0.000167424 
1 1 1 1 1 1 1 1 1 1 1 1 1 1 1 1 1 1 1 1 1 1 1 1 1 1 1 1 1 1 1 1 1 1 1 0.999999 0.999998 0.999995 0.99999 0.999979 0.999954 0.99987 0.000147788 
1 1 1 1 1 1 1 1 1 1 1 1 1 1 1 1 1 1 1 1 1 1 1 1 1 1 1 1 1 1 1 1 1 1 1 0.999999 0.999998 0.999996 0.999991 0.999982 0.999959 0.999885 0.000130391 
1 1 1 1 1 1 1 1 1 1 1 1 1 1 1 1 1 1 1 1 1 1 1 1 1 1 1 1 1 1 1 1 1 1 1 0.999999 0.999998 0.999997 0.999993 0.999984 0.999964 0.999899 0.000114988 
1 1 1 1 1 1 1 1 1 1 1 1 1 1 1 1 1 1 1 1 1 1 1 1 1 1 1 1 1 1 1 1 1 1 1 0.999999 0.999999 0.999997 0.999994 0.999986 0.999969 0.999911 0.000101355 
1 1 1 1 1 1 1 1 1 1 1 1 1 1 1 1 1 1 1 1 1 1 1 1 1 1 1 1 1 1 1 1 1 1 1 0.999999 0.999999 0.999997 0.999994 0.999988 0.999973 0.999921 8.92972e-05 
1 1 1 1 1 1 1 1 1 1 1 1 1 1 1 1 1 1 1 1 1 1 1 1 1 1 1 1 1 1 1 1 1 1 1 1 0.999999 0.999998 0.999995 0.999989 0.999976 0.999931 7.86367e-05 
1 1 1 1 1 1 1 1 1 1 1 1 1 1 1 1 1 1 1 1 1 1 1 1 1 1 1 1 1 1 1 1 1 1 1 1 0.999999 0.999998 0.999996 0.999991 0.999979 0.999939 6.92168e-05 
1 1 1 1 1 1 1 1 1 1 1 1 1 1 1 1 1 1 1 1 1 1 1 1 1 1 1 1 1 1 1 1 1 1 1 1 0.999999 0.999998 0.999996 0.999992 0.999982 0.999946 6.08972e-05 
1 1 1 1 1 1 1 1 1 1 1 1 1 1 1 1 1 1 1 1 1 1 1 1 1 1 1 1 1 1 1 1 1 1 1 1 0.999999 0.999999 0.999997 0.999993 0.999984 0.999953 5.35532e-05 
1 1 1 1 1 1 1 1 1 1 1 1 1 1 1 1 1 1 1 1 1 1 1 1 1 1 1 1 1 1 1 1 1 1 1 1 0.999999 0.999999 0.999997 0.999994 0.999986 0.999959 4.70735e-05 
1 1 1 1 1 1 1 1 1 1 1 1 1 1 1 1 1 1 1 1 1 1 1 1 1 1 1 1 1 1 1 1 1 1 1 1 1 0.999999 0.999998 0.999995 0.999988 0.999964 4.13593e-05 
1 1 1 1 1 1 1 1 1 1 1 1 1 1 1 1 1 1 1 1 1 1 1 1 1 1 1 1 1 1 1 1 1 1 1 1 1 0.999999 0.999998 0.999995 0.999989 0.999968 3.63225e-05 
1 1 1 1 1 1 1 1 1 1 1 1 1 1 1 1 1 1 1 1 1 1 1 1 1 1 1 1 1 1 1 1 1 1 1 1 1 0.999999 0.999998 0.999996 0.999991 0.999972 3.1885e-05 
1 1 1 1 1 1 1 1 1 1 1 1 1 1 1 1 1 1 1 1 1 1 1 1 1 1 1 1 1 1 1 1 1 1 1 1 1 0.999999 0.999998 0.999996 0.999992 0.999975 2.79774e-05 
1 1 1 1 1 1 1 1 1 1 1 1 1 1 1 1 1 1 1 1 1 1 1 1 1 1 1 1 1 1 1 1 1 1 1 1 1 0.999999 0.999999 0.999997 0.999993 0.999978 2.4538e-05 
1 1 1 1 1 1 1 1 1 1 1 1 1 1 1 1 1 1 1 1 1 1 1 1 1 1 1 1 1 1 1 1 1 1 1 1 1 0.999999 0.999999 0.999997 0.999994 0.999981 2.15122e-05 
1 1 1 1 1 1 1 1 1 1 1 1 1 1 1 1 1 1 1 1 1 1 1 1 1 1 1 1 1 1 1 1 1 1 1 1 1 1 0.999999 0.999998 0.999995 0.999983 1.88514e-05 
1 1 1 1 1 1 1 1 1 1 1 1 1 1 1 1 1 1 1 1 1 1 1 1 1 1 1 1 1 1 1 1 1 1 1 1 1 1 0.999999 0.999998 0.999995 0.999986 1.65127e-05 
1 1 1 1 1 1 1 1 1 1 1 1 1 1 1 1 1 1 1 1 1 1 1 1 1 1 1 1 1 1 1 1 1 1 1 1 1 1 0.999999 0.999998 0.999996 0.999987 1.44581e-05 
1 1 1 1 1 1 1 1 1 1 1 1 1 1 1 1 1 1 1 1 1 1 1 1 1 1 1 1 1 1 1 1 1 1 1 1 1 1 0.999999 0.999998 0.999996 0.999989 1.26538e-05 
1 1 1 1 1 1 1 1 1 1 1 1 1 1 1 1 1 1 1 1 1 1 1 1 1 1 1 1 1 1 1 1 1 1 1 1 1 1 0.999999 0.999999 0.999997 0.99999 1.10701e-05 
1 1 1 1 1 1 1 1 1 1 1 1 1 1 1 1 1 1 1 1 1 1 1 1 1 1 1 1 1 1 1 1 1 1 1 1 1 1 1 0.999999 0.999997 0.999992 9.68067e-06 
1 1 1 1 1 1 1 1 1 1 1 1 1 1 1 1 1 1 1 1 1 1 1 1 1 1 1 1 1 1 1 1 1 1 1 1 1 1 1 0.999999 0.999998 0.999993 8.46216e-06 
1 1 1 1 1 1 1 1 1 1 1 1 1 1 1 1 1 1 1 1 1 1 1 1 1 1 1 1 1 1 1 1 1 1 1 1 1 1 1 0.999999 0.999998 0.999994 7.39404e-06 
1 1 1 1 1 1 1 1 1 1 1 1 1 1 1 1 1 1 1 1 1 1 1 1 1 1 1 1 1 1 1 1 1 1 1 1 1 1 1 0.999999 0.999998 0.999994 6.45815e-06 
1 1 1 1 1 1 1 1 1 1 1 1 1 1 1 1 1 1 1 1 1 1 1 1 1 1 1 1 1 1 1 1 1 1 1 1 1 1 1 0.999999 0.999998 0.999995 5.63848e-06 
1 1 1 1 1 1 1 1 1 1 1 1 1 1 1 1 1 1 1 1 1 1 1 1 1 1 1 1 1 1 1 1 1 1 1 1 1 1 1 0.999999 0.999999 0.999996 4.92091e-06 
1 1 1 1 1 1 1 1 1 1 1 1 1 1 1 1 1 1 1 1 1 1 1 1 1 1 1 1 1 1 1 1 1 1 1 1 1 1 1 1 0.999999 0.999996 4.29297e-06 
1 1 1 1 1 1 1 1 1 1 1 1 1 1 1 1 1 1 1 1 1 1 1 1 1 1 1 1 1 1 1 1 1 1 1 1 1 1 1 1 0.999999 0.999997 3.74371e-06 
1 1 1 1 1 1 1 1 1 1 1 1 1 1 1 1 1 1 1 1 1 1 1 1 1 1 1 1 1 1 1 1 1 1 1 1 1 1 1 1 0.999999 0.999997 3.26347e-06 
1 1 1 1 1 1 1 1 1 1 1 1 1 1 1 1 1 1 1 1 1 1 1 1 1 1 1 1 1 1 1 1 1 1 1 1 1 1 1 1 0.999999 0.999998 2.84375e-06 
1 1 1 1 1 1 1 1 1 1 1 1 1 1 1 1 1 1 1 1 1 1 1 1 1 1 1 1 1 1 1 1 1 1 1 1 1 1 1 1 0.999999 0.999998 2.47707e-06 
1 1 1 1 1 1 1 1 1 1 1 1 1 1 1 1 1 1 1 1 1 1 1 1 1 1 1 1 1 1 1 1 1 1 1 1 1 1 1 1 0.999999 0.999998 2.15686e-06 
1 1 1 1 1 1 1 1 1 1 1 1 1 1 1 1 1 1 1 1 1 1 1 1 1 1 1 1 1 1 1 1 1 1 1 1 1 1 1 1 1 0.999998 1.87735e-06 
1 1 1 1 1 1 1 1 1 1 1 1 1 1 1 1 1 1 1 1 1 1 1 1 1 1 1 1 1 1 1 1 1 1 1 1 1 1 1 1 1 0.999999 1.63345e-06 
1 1 1 1 1 1 1 1 1 1 1 1 1 1 1 1 1 1 1 1 1 1 1 1 1 1 1 1 1 1 1 1 1 1 1 1 1 1 1 1 1 0.999999 1.42072e-06 
1 1 1 1 1 1 1 1 1 1 1 1 1 1 1 1 1 1 1 1 1 1 1 1 1 1 1 1 1 1 1 1 1 1 1 1 1 1 1 1 1 0.999999 1.23525e-06 
1 1 1 1 1 1 1 1 1 1 1 1 1 1 1 1 1 1 1 1 1 1 1 1 1 1 1 1 1 1 1 1 1 1 1 1 1 1 1 1 1 0.999999 1.0736e-06 
1 1 1 1 1 1 1 1 1 1 1 1 1 1 1 1 1 1 1 1 1 1 1 1 1 1 1 1 1 1 1 1 1 1 1 1 1 1 1 1 1 0.999999 9.32769e-07 
1 1 1 1 1 1 1 1 1 1 1 1 1 1 1 1 1 1 1 1 1 1 1 1 1 1 1 1 1 1 1 1 1 1 1 1 1 1 1 1 1 0.999999 8.10126e-07 
1 1 1 1 1 1 1 1 1 1 1 1 1 1 1 1 1 1 1 1 1 1 1 1 1 1 1 1 1 1 1 1 1 1 1 1 1 1 1 1 1 0.999999 7.0336e-07 
1 1 1 1 1 1 1 1 1 1 1 1 1 1 1 1 1 1 1 1 1 1 1 1 1 1 1 1 1 1 1 1 1 1 1 1 1 1 1 1 1 0.999999 6.10452e-07 
1 1 1 1 1 1 1 1 1 1 1 1 1 1 1 1 1 1 1 1 1 1 1 1 1 1 1 1 1 1 1 1 1 1 1 1 1 1 1 1 1 1 5.29632e-07 
1 1 1 1 1 1 1 1 1 1 1 1 1 1 1 1 1 1 1 1 1 1 1 1 1 1 1 1 1 1 1 1 1 1 1 1 1 1 1 1 1 1 4.59354e-07 
1 1 1 1 1 1 1 1 1 1 1 1 1 1 1 1 1 1 1 1 1 1 1 1 1 1 1 1 1 1 1 1 1 1 1 1 1 1 1 1 1 1 3.98266e-07 
1 1 1 1 1 1 1 1 1 1 1 1 1 1 1 1 1 1 1 1 1 1 1 1 1 1 1 1 1 1 1 1 1 1 1 1 1 1 1 1 1 1 3.45185e-07 
1 1 1 1 1 1 1 1 1 1 1 1 1 1 1 1 1 1 1 1 1 1 1 1 1 1 1 1 1 1 1 1 1 1 1 1 1 1 1 1 1 1 2.99078e-07 
1 1 1 1 1 1 1 1 1 1 1 1 1 1 1 1 1 1 1 1 1 1 1 1 1 1 1 1 1 1 1 1 1 1 1 1 1 1 1 1 1 1 2.59043e-07 
1 1 1 1 1 1 1 1 1 1 1 1 1 1 1 1 1 1 1 1 1 1 1 1 1 1 1 1 1 1 1 1 1 1 1 1 1 1 1 1 1 1 2.24294e-07 
1 1 1 1 1 1 1 1 1 1 1 1 1 1 1 1 1 1 1 1 1 1 1 1 1 1 1 1 1 1 1 1 1 1 1 1 1 1 1 1 1 1 1.94142e-07 
1 1 1 1 1 1 1 1 1 1 1 1 1 1 1 1 1 1 1 1 1 1 1 1 1 1 1 1 1 1 1 1 1 1 1 1 1 1 1 1 1 1 1.67988e-07 
1 1 1 1 1 1 1 1 1 1 1 1 1 1 1 1 1 1 1 1 1 1 1 1 1 1 1 1 1 1 1 1 1 1 1 1 1 1 1 1 1 1 1.45311e-07 
1 1 1 1 1 1 1 1 1 1 1 1 1 1 1 1 1 1 1 1 1 1 1 1 1 1 1 1 1 1 1 1 1 1 1 1 1 1 1 1 1 1 1.25655e-07 
1 1 1 1 1 1 1 1 1 1 1 1 1 1 1 1 1 1 1 1 1 1 1 1 1 1 1 1 1 1 1 1 1 1 1 1 1 1 1 1 1 1 1.08624e-07 
1 1 1 1 1 1 1 1 1 1 1 1 1 1 1 1 1 1 1 1 1 1 1 1 1 1 1 1 1 1 1 1 1 1 1 1 1 1 1 1 1 1 9.38707e-08 
1 1 1 1 1 1 1 1 1 1 1 1 1 1 1 1 1 1 1 1 1 1 1 1 1 1 1 1 1 1 1 1 1 1 1 1 1 1 1 1 1 1 8.10962e-08 
