1 1 0.95 0.9 0.85 0.8 0.75 0.7 0.65 0.6 0.55 0.5 0.45 0.4 0.35 0.3 0.25 0.2 0.15 0.1 0.05 0 -0.05 -0.1 -0.15 -0.2 -0.25 -0.3 -0.35 -0.4 -0.45 -0.5 -0.55 -0.6 -0.65 -0.7 -0.75 -0.8 -0.85 -0.9 -0.95 -1 -1 
1 1 1.00053 0.9315 0.87975 0.828 0.77625 0.7245 0.67275 0.621 0.56925 0.5175 0.46575 0.414 0.36225 0.3105 0.25875 0.207 0.15525 0.1035 0.05175 -9.48677e-19 -0.05175 -0.1035 -0.15525 -0.207 -0.25875 -0.3105 -0.36225 -0.414 -0.46575 -0.5175 -0.56925 -0.621 -0.67275 -0.7245 -0.77625 -0.828 -0.87975 -0.9315 -1.00053 -1 -1 
1 1 1.00016 0.994784 0.911602 0.857978 0.804355 0.750731 0.697107 0.643484 0.58986 0.536236 0.482613 0.428989 0.375366 0.321742 0.268118 0.214495 0.160871 0.107247 0.0536236 -1.93478e-18 -0.0536236 -0.107247 -0.160871 -0.214495 -0.268118 -0.321742 -0.375366 -0.428989 -0.482613 -0.536236 -0.58986 -0.643484 -0.697107 -0.750731 -0.804355 -0.857978 -0.911602 -0.994784 -1.00016 -1 -1 
1 1 1.00005 1.00041 0.982081 0.890179 0.834543 0.778906 0.72327 0.667634 0.611998 0.556362 0.500726 0.445089 0.389453 0.333817 0.278181 0.222545 0.166909 0.111272 0.0556362 -2.99713e-18 -0.0556362 -0.111272 -0.166909 -0.222545 -0.278181 -0.333817 -0.389453 -0.445089 -0.500726 -0.556362 -0.611998 -0.667634 -0.72327 -0.778906 -0.834543 -0.890179 -0.982081 -1.00041 -1.00005 -1 -1 
1 1 0.999998 1.00017 1.00106 0.961166 0.867031 0.809229 0.751427 0.693625 0.635823 0.578021 0.520219 0.462417 0.404614 0.346812 0.28901 0.231208 0.173406 0.115604 0.0578021 -4.09714e-18 -0.0578021 -0.115604 -0.173406 -0.231208 -0.28901 -0.346812 -0.404614 -0.462417 -0.520219 -0.578021 -0.635823 -0.693625 -0.751427 -0.809229 -0.867031 -0.961166 -1.00106 -1.00017 -0.999998 -1 -1 
1 1 0.999999 0.999989 1.0005 1.0018 0.931165 0.841937 0.781799 0.72166 0.661522 0.601383 0.541245 0.481107 0.420968 0.36083 0.300692 0.240553 0.180415 0.120277 0.0601383 -5.42389e-18 -0.0601383 -0.120277 -0.180415 -0.240553 -0.300692 -0.36083 -0.420968 -0.481107 -0.541245 -0.601383 -0.661522 -0.72166 -0.781799 -0.841937 -0.931165 -1.0018 -1.0005 -0.999989 -0.999999 -1 -1 
1 1 1 0.999996 0.999964 1.00107 1.00141 0.892042 0.814651 0.751985 0.68932 0.626654 0.563989 0.501323 0.438658 0.375993 0.313327 0.250662 0.187996 0.125331 0.0626654 -6.86329e-18 -0.0626654 -0.125331 -0.187996 -0.250662 -0.313327 -0.375993 -0.438658 -0.501323 -0.563989 -0.626654 -0.68932 -0.751985 -0.814651 -0.892042 -1.00141 -1.00107 -0.999964 -0.999996 -1 -1 -1 
1 1 1 1 0.999985 1.00018 1.00129 0.988024 0.854709 0.784925 0.719515 0.654104 0.588694 0.523283 0.457873 0.392463 0.327052 0.261642 0.196231 0.130821 0.0654104 -8.22746e-18 -0.0654104 -0.130821 -0.196231 -0.261642 -0.327052 -0.392463 -0.457873 -0.523283 -0.588694 -0.654104 -0.719515 -0.784925 -0.854709 -0.988024 -1.00129 -1.00018 -0.999985 -1 -1 -1 -1 
1 1 1 1 0.999996 0.999976 1.00058 1.00182 0.956437 0.82207 0.752417 0.684015 0.615614 0.547212 0.478811 0.410409 0.342008 0.273606 0.205205 0.136803 0.0684015 -1.01224e-17 -0.0684015 -0.136803 -0.205205 -0.273606 -0.342008 -0.410409 -0.478811 -0.547212 -0.615614 -0.684015 -0.752417 -0.82207 -0.956437 -1.00182 -1.00058 -0.999976 -0.999996 -1 -1 -1 -1 
1 1 1 1 1 0.999988 0.999946 1.00116 1.00247 0.910157 0.788722 0.716707 0.645037 0.573366 0.501695 0.430024 0.358354 0.286683 0.215012 0.143341 0.0716707 -1.22436e-17 -0.0716707 -0.143341 -0.215012 -0.286683 -0.358354 -0.430024 -0.501695 -0.573366 -0.645037 -0.716707 -0.788722 -0.910157 -1.00247 -1.00116 -0.999946 -0.999988 -1 -1 -1 -1 -1 
1 1 1 1 1 1 0.999971 0.999888 1.00198 1.00039 0.85154 0.752666 0.677318 0.602061 0.526803 0.451546 0.376288 0.30103 0.225773 0.150515 0.0752576 -1.46662e-17 -0.0752576 -0.150515 -0.225773 -0.30103 -0.376288 -0.451546 -0.526803 -0.602061 -0.677318 -0.752666 -0.85154 -1.00039 -1.00198 -0.999888 -0.999971 -1 -1 -1 -1 -1 -1 
1 1 1 1 1 1 1 0.999936 1.00052 1.00205 0.97583 0.798829 0.712952 0.633715 0.554501 0.475286 0.396072 0.316857 0.237643 0.158429 0.0792144 -1.7393e-17 -0.0792144 -0.158429 -0.237643 -0.316857 -0.396072 -0.475286 -0.554501 -0.633715 -0.712952 -0.798829 -0.97583 -1.00205 -1.00052 -0.999936 -1 -1 -1 -1 -1 -1 -1 
1 1 1 1 1 1 1 0.999982 0.999908 1.00118 1.00283 0.922983 0.754165 0.668788 0.585185 0.501587 0.417989 0.334391 0.250793 0.167196 0.0835978 -2.0574e-17 -0.0835978 -0.167196 -0.250793 -0.334391 -0.417989 -0.501587 -0.585185 -0.668788 -0.754165 -0.922983 -1.00283 -1.00118 -0.999908 -0.999982 -1 -1 -1 -1 -1 -1 -1 
1 1 1 1 1 1 1 1 0.999953 0.999847 1.00212 1.00181 0.849655 0.708257 0.619333 0.530856 0.44238 0.353904 0.265428 0.176952 0.088476 -2.48121e-17 -0.088476 -0.176952 -0.265428 -0.353904 -0.44238 -0.530856 -0.619333 -0.708257 -0.849655 -1.00181 -1.00212 -0.999847 -0.999953 -1 -1 -1 -1 -1 -1 -1 -1 
1 1 1 1 1 1 1 1 1 0.999904 1.00053 1.00214 0.988152 0.766285 0.657713 0.563665 0.46972 0.375776 0.281832 0.187888 0.093944 -3.04164e-17 -0.093944 -0.187888 -0.281832 -0.375776 -0.46972 -0.563665 -0.657713 -0.766285 -0.988152 -1.00214 -1.00053 -0.999904 -1 -1 -1 -1 -1 -1 -1 -1 -1 
1 1 1 1 1 1 1 1 1 0.999974 0.999874 1.00123 1.00268 0.925452 0.704514 0.600675 0.500544 0.400435 0.300326 0.200217 0.100109 -3.78382e-17 -0.100109 -0.200217 -0.300326 -0.400435 -0.500544 -0.600675 -0.704514 -0.925452 -1.00268 -1.00123 -0.999874 -0.999974 -1 -1 -1 -1 -1 -1 -1 -1 -1 
1 1 1 1 1 1 1 1 1 1 0.999934 0.999808 1.00214 1.00186 0.830387 0.643508 0.53553 0.428421 0.321316 0.21421 0.107105 -4.70725e-17 -0.107105 -0.21421 -0.321316 -0.428421 -0.53553 -0.643508 -0.830387 -1.00186 -1.00214 -0.999808 -0.999934 -1 -1 -1 -1 -1 -1 -1 -1 -1 -1 
1 1 1 1 1 1 1 1 1 1 1.00001 0.999872 1.00051 1.00216 0.987176 0.715794 0.575776 0.460473 0.345354 0.230236 0.115118 -5.79779e-17 -0.115118 -0.230236 -0.345354 -0.460473 -0.575776 -0.715794 -0.987176 -1.00216 -1.00051 -0.999872 -1.00001 -1 -1 -1 -1 -1 -1 -1 -1 -1 -1 
1 1 1 1 1 1 1 1 1 1 1 0.999966 0.999841 1.00123 1.00273 0.905347 0.627668 0.497533 0.373124 0.248749 0.124375 -7.13065e-17 -0.124375 -0.248749 -0.373124 -0.497533 -0.627668 -0.905347 -1.00273 -1.00123 -0.999841 -0.999966 -1 -1 -1 -1 -1 -1 -1 -1 -1 -1 -1 
1 1 1 1 1 1 1 1 1 1 1 1.00001 0.999915 0.999774 1.00216 1.00015 0.773339 0.541865 0.405526 0.270347 0.135174 -8.35679e-17 -0.135174 -0.270347 -0.405526 -0.541865 -0.773339 -1.00015 -1.00216 -0.999774 -0.999915 -1.00001 -1 -1 -1 -1 -1 -1 -1 -1 -1 -1 -1 
1 1 1 1 1 1 1 1 1 1 1 1 1.00001 0.999841 1.00049 1.00226 0.969885 0.615599 0.444008 0.295873 0.147936 -9.81081e-17 -0.147936 -0.295873 -0.444008 -0.615599 -0.969885 -1.00226 -1.00049 -0.999841 -1.00001 -1 -1 -1 -1 -1 -1 -1 -1 -1 -1 -1 -1 
1 1 1 1 1 1 1 1 1 1 1 1 1.00001 0.999959 0.99981 1.00125 1.00306 0.835198 0.494237 0.326469 0.163221 -1.16584e-16 -0.163221 -0.326469 -0.494237 -0.835198 -1.00306 -1.00125 -0.99981 -0.999959 -1.00001 -1 -1 -1 -1 -1 -1 -1 -1 -1 -1 -1 -1 
1 1 1 1 1 1 1 1 1 1 1 1 1 1.00001 0.999898 0.999741 1.0023 0.989329 0.63242 0.364307 0.181815 -1.38678e-16 -0.181815 -0.364307 -0.63242 -0.989329 -1.0023 -0.999741 -0.999898 -1.00001 -1 -1 -1 -1 -1 -1 -1 -1 -1 -1 -1 -1 -1 
1 1 1 1 1 1 1 1 1 1 1 1 1 1 1.00001 0.999812 1.00051 1.00282 0.883008 0.424999 0.204967 -1.67149e-16 -0.204967 -0.424999 -0.883008 -1.00282 -1.00051 -0.999812 -1.00001 -1 -1 -1 -1 -1 -1 -1 -1 -1 -1 -1 -1 -1 -1 
1 1 1 1 1 1 1 1 1 1 1 1 1 1 1.00001 0.999953 0.999779 1.00145 0.997535 0.626831 0.235928 -2.04687e-16 -0.235928 -0.626831 -0.997535 -1.00145 -0.999779 -0.999953 -1.00001 -1 -1 -1 -1 -1 -1 -1 -1 -1 -1 -1 -1 -1 -1 
1 1 1 1 1 1 1 1 1 1 1 1 1 1 1 1.00001 0.999881 1.00028 1.00163 0.905123 0.299183 -2.5622e-16 -0.299183 -0.905123 -1.00163 -1.00028 -0.999881 -1.00001 -1 -1 -1 -1 -1 -1 -1 -1 -1 -1 -1 -1 -1 -1 -1 
1 1 1 1 1 1 1 1 1 1 1 1 1 1 1 1.00001 0.999972 0.999861 1.00083 0.999135 0.547922 -3.41083e-16 -0.547922 -0.999135 -1.00083 -0.999861 -0.999972 -1.00001 -1 -1 -1 -1 -1 -1 -1 -1 -1 -1 -1 -1 -1 -1 -1 
1 1 1 1 1 1 1 1 1 1 1 1 1 1 1 1 1.00001 0.999927 1.00015 1.00091 0.860107 -7.97285e-16 -0.860107 -1.00091 -1.00015 -0.999927 -1.00001 -1 -1 -1 -1 -1 -1 -1 -1 -1 -1 -1 -1 -1 -1 -1 -1 
1 1 1 1 1 1 1 1 1 1 1 1 1 1 1 1 1 0.999983 0.999916 1.00046 0.992351 -1.84549e-15 -0.992351 -1.00046 -0.999916 -0.999983 -1 -1 -1 -1 -1 -1 -1 -1 -1 -1 -1 -1 -1 -1 -1 -1 -1 
1 1 1 1 1 1 1 1 1 1 1 1 1 1 1 1 1 1 0.999956 1.00008 1.00081 -2.31157e-15 -1.00081 -1.00008 -0.999956 -1 -1 -1 -1 -1 -1 -1 -1 -1 -1 -1 -1 -1 -1 -1 -1 -1 -1 
1 1 1 1 1 1 1 1 1 1 1 1 1 1 1 1 1 1 0.99999 0.99995 1.00034 -2.23392e-15 -1.00034 -0.99995 -0.99999 -1 -1 -1 -1 -1 -1 -1 -1 -1 -1 -1 -1 -1 -1 -1 -1 -1 -1 
1 1 1 1 1 1 1 1 1 1 1 1 1 1 1 1 1 1 1 0.999974 1.00007 -2.23392e-15 -1.00007 -0.999974 -1 -1 -1 -1 -1 -1 -1 -1 -1 -1 -1 -1 -1 -1 -1 -1 -1 -1 -1 
1 1 1 1 1 1 1 1 1 1 1 1 1 1 1 1 1 1 1 0.999994 1 -2.23392e-15 -1 -0.999994 -1 -1 -1 -1 -1 -1 -1 -1 -1 -1 -1 -1 -1 -1 -1 -1 -1 -1 -1 
1 1 1 1 1 1 1 1 1 1 1 1 1 1 1 1 1 1 1 0.999999 0.999997 -2.38935e-15 -0.999997 -0.999999 -1 -1 -1 -1 -1 -1 -1 -1 -1 -1 -1 -1 -1 -1 -1 -1 -1 -1 -1 
1 1 1 1 1 1 1 1 1 1 1 1 1 1 1 1 1 1 1 1 0.999999 -2.38935e-15 -0.999999 -1 -1 -1 -1 -1 -1 -1 -1 -1 -1 -1 -1 -1 -1 -1 -1 -1 -1 -1 -1 
1 1 1 1 1 1 1 1 1 1 1 1 1 1 1 1 1 1 1 1 1 -2.42821e-15 -1 -1 -1 -1 -1 -1 -1 -1 -1 -1 -1 -1 -1 -1 -1 -1 -1 -1 -1 -1 -1 
1 1 1 1 1 1 1 1 1 1 1 1 1 1 1 1 1 1 1 1 1 -2.27278e-15 -1 -1 -1 -1 -1 -1 -1 -1 -1 -1 -1 -1 -1 -1 -1 -1 -1 -1 -1 -1 -1 
1 1 1 1 1 1 1 1 1 1 1 1 1 1 1 1 1 1 1 1 1 -2.27278e-15 -1 -1 -1 -1 -1 -1 -1 -1 -1 -1 -1 -1 -1 -1 -1 -1 -1 -1 -1 -1 -1 
1 1 1 1 1 1 1 1 1 1 1 1 1 1 1 1 1 1 1 1 1 -2.27278e-15 -1 -1 -1 -1 -1 -1 -1 -1 -1 -1 -1 -1 -1 -1 -1 -1 -1 -1 -1 -1 -1 
