1 1 0.95 0.9 0.85 0.8 0.75 0.7 0.65 0.6 0.55 0.5 0.45 0.4 0.35 0.3 0.25 0.2 0.15 0.1 0.05 0 -0.05 -0.1 -0.15 -0.2 -0.25 -0.3 -0.35 -0.4 -0.45 -0.5 -0.55 -0.6 -0.65 -0.7 -0.75 -0.8 -0.85 -0.9 -0.95 -1 -1 
1 1 1.03663 0.954 0.901 0.848 0.795 0.742 0.689 0.636 0.583 0.53 0.477 0.424 0.371 0.318 0.265 0.212 0.159 0.106 0.053 -3.31766e-18 -0.053 -0.106 -0.159 -0.212 -0.265 -0.318 -0.371 -0.424 -0.477 -0.53 -0.583 -0.636 -0.689 -0.742 -0.795 -0.848 -0.901 -0.954 -1.03663 -1 -1 
1 1 0.993451 1.09383 0.940502 0.900027 0.843776 0.787524 0.731272 0.67502 0.618769 0.562517 0.506265 0.450014 0.393762 0.33751 0.281259 0.225007 0.168755 0.112503 0.0562517 -6.58086e-18 -0.0562517 -0.112503 -0.168755 -0.225007 -0.281259 -0.33751 -0.393762 -0.450014 -0.506265 -0.562517 -0.618769 -0.67502 -0.731272 -0.787524 -0.843776 -0.900027 -0.940502 -1.09383 -0.993451 -1 -1 
1 1 1.00061 0.978902 1.15247 0.927364 0.895846 0.836123 0.7764 0.716677 0.656954 0.597231 0.537508 0.477785 0.418062 0.358338 0.298615 0.238892 0.179169 0.119446 0.0597231 -1.01492e-17 -0.0597231 -0.119446 -0.179169 -0.238892 -0.298615 -0.358338 -0.418062 -0.477785 -0.537508 -0.597231 -0.656954 -0.716677 -0.7764 -0.836123 -0.895846 -0.927364 -1.15247 -0.978902 -1.00061 -1 -1 
1 1 0.999975 1.00128 0.959873 1.20102 0.923237 0.888119 0.824681 0.761244 0.697807 0.63437 0.570933 0.507496 0.444059 0.380622 0.317185 0.253748 0.190311 0.126874 0.063437 -1.35924e-17 -0.063437 -0.126874 -0.190311 -0.253748 -0.317185 -0.380622 -0.444059 -0.507496 -0.570933 -0.63437 -0.697807 -0.761244 -0.824681 -0.888119 -0.923237 -1.20102 -0.959873 -1.00128 -0.999975 -1 -1 
1 1 1 0.999975 1.00044 0.940695 1.24981 0.915762 0.876952 0.809494 0.742036 0.674579 0.607121 0.539663 0.472205 0.404747 0.337289 0.269831 0.202374 0.134916 0.0674579 -1.73838e-17 -0.0674579 -0.134916 -0.202374 -0.269831 -0.337289 -0.404747 -0.472205 -0.539663 -0.607121 -0.674579 -0.742036 -0.809494 -0.876952 -0.915762 -1.24981 -0.940695 -1.00044 -0.999975 -1 -1 -1 
1 1 1 0.999999 0.999993 0.996368 0.924744 1.29645 0.904806 0.861925 0.790098 0.718271 0.646444 0.574617 0.502789 0.430962 0.359135 0.287308 0.215481 0.143654 0.0718271 -2.18601e-17 -0.0718271 -0.143654 -0.215481 -0.287308 -0.359135 -0.430962 -0.502789 -0.574617 -0.646444 -0.718271 -0.790098 -0.861925 -0.904806 -1.29645 -0.924744 -0.996368 -0.999993 -0.999999 -1 -1 -1 
1 1 1 1 1 1.00305 0.985087 0.914346 1.33885 0.88998 0.842626 0.766024 0.689421 0.612819 0.536217 0.459614 0.383012 0.30641 0.229807 0.153205 0.0766024 -2.7781e-17 -0.0766024 -0.153205 -0.229807 -0.30641 -0.383012 -0.459614 -0.536217 -0.612819 -0.689421 -0.766024 -0.842626 -0.88998 -1.33885 -0.914346 -0.985087 -1.00305 -1 -1 -1 -1 -1 
1 1 1 0.999999 1 1.00032 1.01681 0.958847 0.910203 1.3751 0.870895 0.818617 0.736756 0.654894 0.573032 0.49117 0.409309 0.327447 0.245585 0.163723 0.0818617 -3.41946e-17 -0.0818617 -0.163723 -0.245585 -0.327447 -0.409309 -0.49117 -0.573032 -0.654894 -0.736756 -0.818617 -0.870895 -1.3751 -0.910203 -0.958847 -1.01681 -1.00032 -1 -0.999999 -1 -1 -1 
1 1 1 1 0.999999 0.999765 1.00257 1.03269 0.925991 0.911528 1.40355 0.847126 0.789388 0.701678 0.613968 0.526258 0.438549 0.350839 0.263129 0.175419 0.0877097 -4.09122e-17 -0.0877097 -0.175419 -0.263129 -0.350839 -0.438549 -0.526258 -0.613968 -0.701678 -0.789388 -0.847126 -1.40355 -0.911528 -0.925991 -1.03269 -1.00257 -0.999765 -0.999999 -1 -1 -1 -1 
1 1 1 1 1 0.999964 0.997762 1.00889 1.02669 0.911528 0.916613 1.42288 0.818163 0.754296 0.660009 0.565722 0.471435 0.377148 0.282861 0.188574 0.094287 -4.86987e-17 -0.094287 -0.188574 -0.282861 -0.377148 -0.471435 -0.565722 -0.660009 -0.754296 -0.818163 -1.42288 -0.916613 -0.911528 -1.02669 -1.00889 -0.997762 -0.999964 -1 -1 -1 -1 -1 
1 1 1 1 1 1.00003 0.999585 0.991867 1.01902 1.00565 0.908751 0.92738 1.43197 0.783349 0.712492 0.610707 0.508923 0.407138 0.305354 0.203569 0.101785 -5.67452e-17 -0.101785 -0.203569 -0.305354 -0.407138 -0.508923 -0.610707 -0.712492 -0.783349 -1.43197 -0.92738 -0.908751 -1.00565 -1.01902 -0.991867 -0.999585 -1.00003 -1 -1 -1 -1 -1 
1 1 1 1 1 1 1.00032 0.997938 0.996141 1.02818 0.975293 0.898425 0.947768 1.42983 0.741793 0.662798 0.552332 0.441866 0.331399 0.220933 0.110466 -6.58309e-17 -0.110466 -0.220933 -0.331399 -0.441866 -0.552332 -0.662798 -0.741793 -1.42983 -0.947768 -0.898425 -0.975293 -1.02818 -0.996141 -0.997938 -1.00032 -1 -1 -1 -1 -1 -1 
1 1 1 1 1 0.999996 1.00006 1.00094 0.996646 1.00096 1.0506 0.928024 0.86927 0.989141 1.41534 0.692242 0.603539 0.482831 0.362123 0.241416 0.120708 -7.7842e-17 -0.120708 -0.241416 -0.362123 -0.482831 -0.603539 -0.692242 -1.41534 -0.989141 -0.86927 -0.928024 -1.0506 -1.00096 -0.996646 -1.00094 -1.00006 -0.999996 -1 -1 -1 -1 -1 
1 1 1 1 1 0.999999 0.999952 1.00025 1.00028 0.993634 1.0111 1.0756 0.86927 0.788084 1.08753 1.38703 0.632878 0.532245 0.399184 0.266123 0.133061 -9.19983e-17 -0.133061 -0.266123 -0.399184 -0.532245 -0.632878 -1.38703 -1.08753 -0.788084 -0.86927 -1.0756 -1.0111 -0.993634 -1.00028 -1.00025 -0.999952 -0.999999 -1 -1 -1 -1 -1 
1 1 1 1 1 1 0.999992 0.999963 1.00028 0.999367 0.98054 1.0328 1.10107 0.788084 0.693974 1.21703 1.34255 0.560966 0.445137 0.296758 0.148379 -1.10758e-16 -0.148379 -0.296758 -0.445137 -0.560966 -1.34255 -1.21703 -0.693974 -0.788084 -1.10107 -1.0328 -0.98054 -0.999367 -1.00028 -0.999963 -0.999992 -1 -1 -1 -1 -1 -1 
1 1 1 1 1 1 1.00001 0.999982 0.999997 1.001 0.996383 0.953746 1.06799 1.11466 0.693974 0.626728 1.34255 1.27794 0.472196 0.336116 0.168058 -1.3673e-16 -0.168058 -0.336116 -0.472196 -1.27794 -1.34255 -0.626728 -0.693974 -1.11466 -1.06799 -0.953746 -0.996383 -1.001 -0.999997 -0.999982 -1.00001 -1 -1 -1 -1 -1 -1 
1 1 1 1 1 1 1 1 0.99997 1.00012 1.0046 0.986804 0.919244 1.11466 1.0737 0.626728 0.712562 1.42554 1.07964 0.358204 0.193302 -1.73167e-16 -0.193302 -0.358204 -1.07964 -1.42554 -0.712562 -0.626728 -1.0737 -1.11466 -0.919244 -0.986804 -1.0046 -1.00012 -0.99997 -1 -1 -1 -1 -1 -1 -1 -1 
1 1 1 1 1 1 0.999999 1 0.999999 0.99987 1.00094 1.01638 0.95879 0.947373 1.14774 0.910316 0.609591 0.83851 1.70837 0.56907 0.205097 -2.06753e-16 -0.205097 -0.56907 -1.70837 -0.83851 -0.609591 -0.910316 -1.14774 -0.947373 -0.95879 -1.01638 -1.00094 -0.99987 -0.999999 -1 -0.999999 -1 -1 -1 -1 -1 -1 
1 1 1 1 1 1 1 1 1 0.999958 0.999436 1.00619 1.00638 0.947373 1.0003 1.17013 0.681916 0.568849 1.08352 1.57932 0.219684 -2.24422e-16 -0.219684 -1.57932 -1.08352 -0.568849 -0.681916 -1.17013 -1.0003 -0.947373 -1.00638 -1.00619 -0.999436 -0.999958 -1 -1 -1 -1 -1 -1 -1 -1 -1 
1 1 1 1 1 1 1 1 1 1.00003 0.999798 1.0009 1.00638 0.991172 0.919844 1.07139 1.07916 0.568849 0.523417 1.31477 1.16728 -2.24422e-16 -1.16728 -1.31477 -0.523417 -0.568849 -1.07916 -1.07139 -0.919844 -0.991172 -1.00638 -1.0009 -0.999798 -1.00003 -1 -1 -1 -1 -1 -1 -1 -1 -1 
1 1 1 1 1 1 1 1 0.999998 1.00001 1.00001 0.998887 1.00237 1.01869 0.968396 0.926056 1.07916 0.975288 0.523417 0.650932 1.48154 -3.36569e-15 -1.48154 -0.650932 -0.523417 -0.975288 -1.07916 -0.926056 -0.968396 -1.01869 -1.00237 -0.998887 -1.00001 -1.00001 -0.999998 -1 -1 -1 -1 -1 -1 -1 -1 
1 1 1 1 1 1 1 1 0.999999 0.999998 1.00001 0.999794 0.996716 1.00816 1.02834 0.939071 0.954827 1.13939 0.719996 0.516472 0.838029 1.67007e-15 -0.838029 -0.516472 -0.719996 -1.13939 -0.954827 -0.939071 -1.02834 -1.00816 -0.996716 -0.999794 -1.00001 -0.999998 -0.999999 -1 -1 -1 -1 -1 -1 -1 -1 
1 1 1 1 1 1 1 1 1 0.999999 0.999997 1.00024 0.999727 0.985312 1.01747 1.03155 0.923139 0.951828 1.26317 0.516472 0.60867 7.34651e-16 -0.60867 -0.516472 -1.26317 -0.951828 -0.923139 -1.03155 -1.01747 -0.985312 -0.999727 -1.00024 -0.999997 -0.999999 -1 -1 -1 -1 -1 -1 -1 -1 -1 
1 1 1 1 1 1 1 1 1 1 0.999998 1.00001 1.00071 0.998414 0.973165 1.03155 1.0238 0.899944 0.961935 1.14767 0.559396 2.60033e-16 -0.559396 -1.14767 -0.961935 -0.899944 -1.0238 -1.03155 -0.973165 -0.998414 -1.00071 -1.00001 -0.999998 -1 -1 -1 -1 -1 -1 -1 -1 -1 -1 
1 1 1 1 1 1 1 1 1 1 1 0.999984 0.99999 1.0032 0.996799 0.970359 1.0404 1.01624 0.837235 1.00718 1.21121 -3.74334e-17 -1.21121 -1.00718 -0.837235 -1.01624 -1.0404 -0.970359 -0.996799 -1.0032 -0.99999 -0.999984 -1 -1 -1 -1 -1 -1 -1 -1 -1 -1 -1 
1 1 1 1 1 1 1 1 1 1 1 1 0.999979 1.00002 1.00944 0.989822 0.970634 1.06489 0.977551 0.744954 1.09395 -2.23732e-15 -1.09395 -0.744954 -0.977551 -1.06489 -0.970634 -0.989822 -1.00944 -1.00002 -0.999979 -1 -1 -1 -1 -1 -1 -1 -1 -1 -1 -1 -1 
1 1 1 1 1 1 1 1 1 1 0.999999 1 1 0.999928 0.999105 1.02194 0.980666 0.959659 1.16487 0.875223 0.741958 -2.72447e-15 -0.741958 -0.875223 -1.16487 -0.959659 -0.980666 -1.02194 -0.999105 -0.999928 -1 -1 -0.999999 -1 -1 -1 -1 -1 -1 -1 -1 -1 -1 
1 1 1 1 1 1 1 1 1 1 1 0.999997 1 1.00008 0.999874 0.998168 1.04387 0.960025 0.940308 1.29059 0.834669 -2.06684e-15 -0.834669 -1.29059 -0.940308 -0.960025 -1.04387 -0.998168 -0.999874 -1.00008 -1 -0.999997 -1 -1 -1 -1 -1 -1 -1 -1 -1 -1 -1 
1 1 1 1 1 1 1 1 1 1 1 1 0.999992 1.00001 1.00027 0.999557 1.00048 1.05555 0.940308 0.927294 1.52806 -2.82815e-15 -1.52806 -0.927294 -0.940308 -1.05555 -1.00048 -0.999557 -1.00027 -1.00001 -0.999992 -1 -1 -1 -1 -1 -1 -1 -1 -1 -1 -1 -1 
1 1 1 1 1 1 1 1 1 1 1 1 0.999998 0.99998 1.00008 1.00011 0.999028 1.01182 1.04017 0.927294 0.948857 -1.25878e-15 -0.948857 -0.927294 -1.04017 -1.01182 -0.999028 -1.00011 -1.00008 -0.99998 -0.999998 -1 -1 -1 -1 -1 -1 -1 -1 -1 -1 -1 -1 
1 1 1 1 1 1 1 1 1 1 1 1 1 0.999999 0.99993 1.00011 1.00028 0.981951 1.02165 1.05539 0.925521 -2.28344e-15 -0.925521 -1.05539 -1.02165 -0.981951 -1.00028 -1.00011 -0.99993 -0.999999 -1 -1 -1 -1 -1 -1 -1 -1 -1 -1 -1 -1 -1 
1 1 1 1 1 1 1 1 1 1 1 1 1 1.00001 1 0.9998 1.0002 1.00261 0.953151 1.03883 1.19886 -4.24007e-15 -1.19886 -1.03883 -0.953151 -1.00261 -1.0002 -0.9998 -1 -1.00001 -1 -1 -1 -1 -1 -1 -1 -1 -1 -1 -1 -1 -1 
1 1 1 1 1 1 1 1 1 1 1 1 1 1 1.00001 0.999998 0.999405 1.00059 1.00156 0.867007 1.10604 -1.23961e-15 -1.10604 -0.867007 -1.00156 -1.00059 -0.999405 -0.999998 -1.00001 -1 -1 -1 -1 -1 -1 -1 -1 -1 -1 -1 -1 -1 -1 
1 1 1 1 1 1 1 1 1 1 1 1 1 1 0.999998 1.00003 1.00003 0.998663 1.00114 1.0034 0.850196 8.08099e-16 -0.850196 -1.0034 -1.00114 -0.998663 -1.00003 -1.00003 -0.999998 -1 -1 -1 -1 -1 -1 -1 -1 -1 -1 -1 -1 -1 -1 
1 1 1 1 1 1 1 1 1 1 1 1 1 1 1 0.999992 1.00003 1.0003 0.996692 1.00218 1.16174 -3.44073e-15 -1.16174 -1.00218 -0.996692 -1.0003 -1.00003 -0.999992 -1 -1 -1 -1 -1 -1 -1 -1 -1 -1 -1 -1 -1 -1 -1 
1 1 1 1 1 1 1 1 1 1 1 1 1 1 1 1 0.999949 1.00006 1.00041 0.990818 0.989115 -1.26183e-15 -0.989115 -0.990818 -1.00041 -1.00006 -0.999949 -1 -1 -1 -1 -1 -1 -1 -1 -1 -1 -1 -1 -1 -1 -1 -1 
1 1 1 1 1 1 1 1 1 1 1 1 1 1 1 1 1.00001 0.999787 1.00014 1.0043 0.991134 -5.98944e-15 -0.991134 -1.0043 -1.00014 -0.999787 -1.00001 -1 -1 -1 -1 -1 -1 -1 -1 -1 -1 -1 -1 -1 -1 -1 -1 
1 1 1 1 1 1 1 1 1 1 1 1 1 1 1 0.999997 1 1.00005 0.999302 0.99973 1.02231 -6.25475e-15 -1.02231 -0.99973 -0.999302 -1.00005 -1 -0.999997 -1 -1 -1 -1 -1 -1 -1 -1 -1 -1 -1 -1 -1 -1 -1 
1 1 1 1 1 1 1 1 1 1 1 1 1 1 1 1 0.999987 1 1.00018 0.998726 0.996014 -1.29754e-16 -0.996014 -0.998726 -1.00018 -1 -0.999987 -1 -1 -1 -1 -1 -1 -1 -1 -1 -1 -1 -1 -1 -1 -1 -1 
1 1 1 1 1 1 1 1 1 1 1 1 1 1 1 1 1 0.999963 0.999988 1.0021 1.00087 -6.52347e-15 -1.00087 -1.0021 -0.999988 -0.999963 -1 -1 -1 -1 -1 -1 -1 -1 -1 -1 -1 -1 -1 -1 -1 -1 -1 
1 1 1 1 1 1 1 1 1 1 1 1 1 1 1 1 0.999999 1.00001 0.999928 0.999599 1.00381 -4.07859e-16 -1.00381 -0.999599 -0.999928 -1.00001 -0.999999 -1 -1 -1 -1 -1 -1 -1 -1 -1 -1 -1 -1 -1 -1 -1 -1 
1 1 1 1 1 1 1 1 1 1 1 1 1 1 1 1 1 0.999997 1.00013 0.999894 0.998768 -1.46963e-15 -0.998768 -0.999894 -1.00013 -0.999997 -1 -1 -1 -1 -1 -1 -1 -1 -1 -1 -1 -1 -1 -1 -1 -1 -1 
1 1 1 1 1 1 1 1 1 1 1 1 1 1 1 1 1 1 0.999971 1.00045 1.00119 -2.26889e-15 -1.00119 -1.00045 -0.999971 -1 -1 -1 -1 -1 -1 -1 -1 -1 -1 -1 -1 -1 -1 -1 -1 -1 -1 
1 1 1 1 1 1 1 1 1 1 1 1 1 1 1 1 1 1 1.00001 0.999435 1.00075 -9.38202e-16 -1.00075 -0.999435 -1.00001 -1 -1 -1 -1 -1 -1 -1 -1 -1 -1 -1 -1 -1 -1 -1 -1 -1 -1 
1 1 1 1 1 1 1 1 1 1 1 1 1 1 1 1 1 0.999999 0.999999 1.00012 0.999174 -6.71947e-16 -0.999174 -1.00012 -0.999999 -0.999999 -1 -1 -1 -1 -1 -1 -1 -1 -1 -1 -1 -1 -1 -1 -1 -1 -1 
1 1 1 1 1 1 1 1 1 1 1 1 1 1 1 1 1 1 0.999999 0.999976 1.00144 -2.86992e-15 -1.00144 -0.999976 -0.999999 -1 -1 -1 -1 -1 -1 -1 -1 -1 -1 -1 -1 -1 -1 -1 -1 -1 -1 
1 1 1 1 1 1 1 1 1 1 1 1 1 1 1 1 1 1 1 1 0.999683 -1.00744e-15 -0.999683 -1 -1 -1 -1 -1 -1 -1 -1 -1 -1 -1 -1 -1 -1 -1 -1 -1 -1 -1 -1 
1 1 1 1 1 1 1 1 1 1 1 1 1 1 1 1 1 1 0.999999 1 1.00044 -2.3397e-15 -1.00044 -1 -0.999999 -1 -1 -1 -1 -1 -1 -1 -1 -1 -1 -1 -1 -1 -1 -1 -1 -1 -1 
1 1 1 1 1 1 1 1 1 1 1 1 1 1 1 1 1 1 1 0.999993 0.999922 -7.41691e-16 -0.999922 -0.999993 -1 -1 -1 -1 -1 -1 -1 -1 -1 -1 -1 -1 -1 -1 -1 -1 -1 -1 -1 
1 1 1 1 1 1 1 1 1 1 1 1 1 1 1 1 1 1 1 1.00001 1.00008 -4.67188e-15 -1.00008 -1.00001 -1 -1 -1 -1 -1 -1 -1 -1 -1 -1 -1 -1 -1 -1 -1 -1 -1 -1 -1 
1 1 1 1 1 1 1 1 1 1 1 1 1 1 1 1 1 1 1 0.999985 1.00001 1.23887e-16 -1.00001 -0.999985 -1 -1 -1 -1 -1 -1 -1 -1 -1 -1 -1 -1 -1 -1 -1 -1 -1 -1 -1 
1 1 1 1 1 1 1 1 1 1 1 1 1 1 1 1 1 1 1 1 0.99998 -2.54062e-15 -0.99998 -1 -1 -1 -1 -1 -1 -1 -1 -1 -1 -1 -1 -1 -1 -1 -1 -1 -1 -1 -1 
1 1 1 1 1 1 1 1 1 1 1 1 1 1 1 1 1 1 1 0.999999 1.00003 1.18971e-15 -1.00003 -0.999999 -1 -1 -1 -1 -1 -1 -1 -1 -1 -1 -1 -1 -1 -1 -1 -1 -1 -1 -1 
1 1 1 1 1 1 1 1 1 1 1 1 1 1 1 1 1 1 1 1 0.999992 -2.00762e-15 -0.999992 -1 -1 -1 -1 -1 -1 -1 -1 -1 -1 -1 -1 -1 -1 -1 -1 -1 -1 -1 -1 
1 1 1 1 1 1 1 1 1 1 1 1 1 1 1 1 1 1 1 1 1.00001 -9.41803e-16 -1.00001 -1 -1 -1 -1 -1 -1 -1 -1 -1 -1 -1 -1 -1 -1 -1 -1 -1 -1 -1 -1 
1 1 1 1 1 1 1 1 1 1 1 1 1 1 1 1 1 1 1 1 0.999998 -1.20825e-15 -0.999998 -1 -1 -1 -1 -1 -1 -1 -1 -1 -1 -1 -1 -1 -1 -1 -1 -1 -1 -1 -1 
1 1 1 1 1 1 1 1 1 1 1 1 1 1 1 1 1 1 1 1 1 1.0566e-15 -1 -1 -1 -1 -1 -1 -1 -1 -1 -1 -1 -1 -1 -1 -1 -1 -1 -1 -1 -1 -1 
1 1 1 1 1 1 1 1 1 1 1 1 1 1 1 1 1 1 1 1 1 -2.40729e-15 -1 -1 -1 -1 -1 -1 -1 -1 -1 -1 -1 -1 -1 -1 -1 -1 -1 -1 -1 -1 -1 
1 1 1 1 1 1 1 1 1 1 1 1 1 1 1 1 1 1 1 1 1 3.58792e-15 -1 -1 -1 -1 -1 -1 -1 -1 -1 -1 -1 -1 -1 -1 -1 -1 -1 -1 -1 -1 -1 
1 1 1 1 1 1 1 1 1 1 1 1 1 1 1 1 1 1 1 1 1 -2.0076e-15 -1 -1 -1 -1 -1 -1 -1 -1 -1 -1 -1 -1 -1 -1 -1 -1 -1 -1 -1 -1 -1 
1 1 1 1 1 1 1 1 1 1 1 1 1 1 1 1 1 1 1 1 1 -1.20824e-15 -1 -1 -1 -1 -1 -1 -1 -1 -1 -1 -1 -1 -1 -1 -1 -1 -1 -1 -1 -1 -1 
1 1 1 1 1 1 1 1 1 1 1 1 1 1 1 1 1 1 1 1 1 -9.4179e-16 -1 -1 -1 -1 -1 -1 -1 -1 -1 -1 -1 -1 -1 -1 -1 -1 -1 -1 -1 -1 -1 
1 1 1 1 1 1 1 1 1 1 1 1 1 1 1 1 1 1 1 1 1 -1.20824e-15 -1 -1 -1 -1 -1 -1 -1 -1 -1 -1 -1 -1 -1 -1 -1 -1 -1 -1 -1 -1 -1 
1 1 1 1 1 1 1 1 1 1 1 1 1 1 1 1 1 1 1 1 1 -9.4179e-16 -1 -1 -1 -1 -1 -1 -1 -1 -1 -1 -1 -1 -1 -1 -1 -1 -1 -1 -1 -1 -1 
