0 0 0 0 0 0 0 0 0 0 0 0 0 0 0 0 0 0 0 0 0 0.5 1 1 1 1 1 1 1 1 1 1 1 1 1 1 1 1 1 1 1 1 1 
0 -1.62978e-18 1.31037e-17 -1.06999e-16 8.73498e-16 -7.13092e-15 5.82143e-14 -4.7524e-13 3.87969e-12 -3.16724e-11 2.58562e-10 -2.11081e-09 1.72319e-08 -1.40675e-07 1.14842e-06 -9.37527e-06 7.65363e-05 -0.000624815 0.00510076 -0.0416408 0.0387354 0.5 0.961265 1.04164 0.994899 1.00062 0.999923 1.00001 0.999999 1 1 1 1 1 1 1 1 1 1 1 1 1 1 
1.62978e-18 1.75701e-16 -1.42411e-15 1.08961e-14 -8.30817e-14 6.30315e-13 -4.75435e-12 3.56183e-11 -2.64696e-10 1.94798e-09 -1.41646e-08 1.01446e-07 -7.12334e-07 4.86962e-06 -3.20343e-05 0.000198493 -0.00110613 0.0048236 -0.00517078 -0.0535154 0.04823 0.5 0.95177 1.05352 1.00517 0.995176 1.00111 0.999802 1.00003 0.999995 1 1 1 1 1 1 1 1 1 1 1 1 1 
-1.75701e-16 -7.96459e-15 6.52707e-14 -4.62273e-13 3.24724e-12 -2.25313e-11 1.54093e-10 -1.0358e-09 6.81754e-09 -4.37121e-08 2.71027e-07 -1.60733e-06 8.95922e-06 -4.55163e-05 0.000197945 -0.000622397 0.000427149 0.00632559 -0.0120254 -0.0617731 0.0502057 0.5 0.949794 1.06177 1.01203 0.993674 0.999573 1.00062 0.999802 1.00005 0.999991 1 1 1 1 1 1 1 1 1 1 1 1 
7.96459e-15 1.96917e-13 -1.63919e-12 1.05721e-11 -6.71364e-11 4.16516e-10 -2.51268e-09 1.46439e-08 -8.17024e-08 4.30591e-07 -2.09909e-06 9.1287e-06 -3.29261e-05 8.05445e-05 -7.42741e-06 -0.00085609 0.00185058 0.0070615 -0.0170603 -0.0683509 0.0485434 0.5 0.951457 1.06835 1.01706 0.992938 0.998149 1.00086 1.00001 0.999919 1.00003 0.999991 1 1 1 1 1 1 1 1 1 1 1 
-1.96917e-13 -2.8753e-12 2.4501e-11 -1.4062e-10 7.85257e-10 -4.20814e-09 2.14214e-08 -1.02024e-07 4.44007e-07 -1.69479e-06 5.21316e-06 -9.9777e-06 -7.374e-06 0.000125607 -0.000248526 -0.000871013 0.00311768 0.00752099 -0.0206827 -0.0741116 0.0450854 0.5 0.954915 1.07411 1.02068 0.992479 0.996882 1.00087 1.00025 0.999874 1.00001 1.00001 0.999995 1 1 1 1 1 1 1 1 1 1 
2.8753e-12 2.4962e-11 -2.20895e-10 1.08888e-09 -5.11066e-09 2.2259e-08 -8.76531e-08 2.97886e-07 -7.89115e-07 1.12333e-06 2.38961e-06 -1.9002e-05 3.12565e-05 0.000122175 -0.000481641 -0.000771544 0.00419354 0.0079747 -0.0232988 -0.0792815 0.0407232 0.5 0.959277 1.07928 1.0233 0.992025 0.995806 1.00077 1.00048 0.999878 0.999969 1.00002 0.999998 0.999999 1 1 1 1 1 1 1 1 1 
-2.4962e-11 -1.21248e-10 1.15019e-09 -4.56805e-09 1.64264e-08 -5.00565e-08 1.13721e-07 -1.02134e-07 -5.51037e-07 2.87933e-06 -3.6191e-06 -1.88774e-05 7.09874e-05 8.56231e-05 -0.000685743 -0.000637357 0.00511647 0.00850039 -0.0251626 -0.0839471 0.0359654 0.5 0.964035 1.08395 1.02516 0.9915 0.994884 1.00064 1.00069 0.999914 0.999929 1.00002 1 0.999997 1 1 1 1 1 1 1 1 1 
1.21248e-10 2.65028e-10 -2.98252e-09 8.06029e-09 -1.54119e-08 3.78072e-09 1.10821e-07 -4.29491e-07 3.55535e-07 3.07792e-06 -1.02836e-05 -1.11843e-05 0.000105191 3.26811e-05 -0.000863781 -0.000505723 0.0059177 0.00911498 -0.0264518 -0.0881427 0.0311195 0.5 0.968881 1.08814 1.02645 0.990885 0.994082 1.00051 1.00086 0.999967 0.999895 1.00001 1.00001 0.999997 1 1 1 1 1 1 1 1 1 
-2.65028e-10 6.30711e-13 1.85651e-09 1.40317e-09 -2.05637e-08 6.22353e-08 -2.0635e-08 -5.12488e-07 1.46964e-06 1.74784e-06 -1.59009e-05 1.06244e-06 0.000133189 -2.67453e-05 -0.00102186 -0.000394893 0.00662079 0.00980851 -0.0272945 -0.0918884 0.0263787 0.5 0.973621 1.09189 1.02729 0.990191 0.993379 1.00039 1.00102 1.00003 0.999867 0.999999 1.00002 0.999998 0.999999 1 1 1 1 1 1 1 1 
-6.30711e-13 -4.96845e-10 3.99914e-09 -8.68232e-09 -2.53199e-09 8.54198e-08 -2.05797e-07 -3.08294e-07 2.40846e-06 -6.14728e-07 -2.00134e-05 1.56988e-05 0.000156001 -8.67924e-05 -0.00116588 -0.000312408 0.00724175 0.0105616 -0.0277872 -0.0952027 0.0218659 0.5 0.978134 1.0952 1.02779 0.989438 0.992758 1.00031 1.00117 1.00009 0.999844 0.999984 1.00002 1 0.999998 1 1 1 1 1 1 1 1 
4.96845e-10 -5.91474e-10 1.26566e-09 -1.39979e-08 2.78424e-08 5.73218e-08 -3.66502e-07 1.08973e-07 3.01894e-06 -3.56702e-06 -2.26856e-05 3.1308e-05 0.000175129 -0.000144242 -0.00130022 -0.000260277 0.00779138 0.0113525 -0.0280054 -0.0981062 0.0176574 0.5 0.982343 1.09811 1.02801 0.988648 0.992209 1.00026 1.0013 1.00014 0.999825 0.999969 1.00002 1 0.999997 1 1 1 1 1 1 1 1 
5.91474e-10 3.9031e-11 -4.46838e-09 -1.07268e-08 5.58679e-08 -1.25844e-08 -4.62536e-07 6.52394e-07 3.2755e-06 -6.78703e-06 -2.42022e-05 4.70601e-05 0.000191953 -0.0001974 -0.00142773 -0.000237589 0.00827716 0.0121605 -0.0280096 -0.100623 0.0137977 0.5 0.986202 1.10062 1.02801 0.98784 0.991723 1.00024 1.00143 1.0002 0.999808 0.999953 1.00002 1.00001 0.999997 0.999999 1 1 1 1 1 1 1 
-3.9031e-11 1.24271e-09 -9.71739e-09 2.56733e-10 7.21646e-08 -1.07993e-07 -4.81036e-07 1.25027e-06 3.21917e-06 -1.00761e-05 -2.48918e-05 6.24991e-05 0.000207568 -0.000245442 -0.00155006 -0.000241934 0.00870455 0.0129673 -0.0278494 -0.102779 0.0103085 0.5 0.989692 1.10278 1.02785 0.987033 0.991295 1.00024 1.00155 1.00025 0.999792 0.999938 1.00002 1.00001 0.999997 0.999999 1 1 1 1 1 1 1 
-1.24271e-09 2.56711e-09 -1.19111e-08 1.63159e-08 7.27278e-08 -2.13468e-07 -4.26009e-07 1.85469e-06 2.91476e-06 -1.33264e-05 -2.50546e-05 7.73917e-05 0.00022276 -0.000288033 -0.001668 -0.000270175 0.00907787 0.0137572 -0.0275657 -0.104604 0.00719551 0.5 0.992804 1.1046 1.02757 0.986243 0.990922 1.00027 1.00167 1.00029 0.999777 0.999923 1.00003 1.00001 0.999997 0.999998 1 1 1 1 1 1 1 
-2.56711e-09 3.48723e-09 -1.00062e-08 3.4583e-08 5.75336e-08 -3.1769e-07 -3.09155e-07 2.43853e-06 2.42916e-06 -1.64888e-05 -2.49371e-05 9.16271e-05 0.000238055 -0.000325117 -0.00178173 -0.000318881 0.00940085 0.0145178 -0.0271924 -0.106127 0.00445258 0.5 0.995547 1.10613 1.02719 0.985482 0.990599 1.00032 1.00178 1.00033 0.999762 0.999908 1.00002 1.00002 0.999998 0.999998 1 1 1 1 1 1 1 
-3.48723e-09 3.57411e-09 -4.24181e-09 5.26811e-08 2.87388e-08 -4.13715e-07 -1.4429e-07 2.98978e-06 1.82171e-06 -1.95491e-05 -2.47296e-05 0.000105157 0.000253762 -0.000356793 -0.00189107 -0.000384573 0.00967694 0.0152391 -0.0267576 -0.107378 0.00206525 0.5 0.997935 1.10738 1.02676 0.984761 0.990323 1.00038 1.00189 1.00036 0.999746 0.999895 1.00002 1.00002 0.999998 0.999997 1 1 1 1 1 1 1 
-3.57411e-09 2.57552e-09 4.3973e-09 6.88976e-08 -1.06861e-08 -4.98156e-07 5.55811e-08 3.50621e-06 1.14117e-06 -2.25102e-05 -2.45726e-05 0.00011796 0.000270029 -0.000383256 -0.00199565 -0.000463876 0.0099095 0.0159137 -0.0262846 -0.108387 1.32671e-05 0.5 0.999987 1.10839 1.02628 0.984086 0.99009 1.00046 1.002 1.00038 0.99973 0.999882 1.00002 1.00002 0.999999 0.999996 1 1 1 1 1 1 1 
-2.57552e-09 4.25641e-10 1.46685e-08 8.21313e-08 -5.78068e-08 -5.70129e-07 2.79475e-07 3.99113e-06 4.25901e-07 -2.53828e-05 -2.45652e-05 0.000130027 0.000286886 -0.000404762 -0.00209497 -0.000553606 0.0101019 0.0165366 -0.0257924 -0.109184 -0.00172744 0.5 1.00173 1.10918 1.02579 0.983463 0.989898 1.00055 1.00209 1.0004 0.999713 0.99987 1.00002 1.00003 1 0.999996 1 1 1 1 1 1 1 
-4.25641e-10 -2.78751e-09 2.54018e-08 9.17683e-08 -1.1015e-07 -6.30335e-07 5.18688e-07 4.45054e-06 -2.94706e-07 -2.81781e-05 -2.47733e-05 0.000141351 0.000304277 -0.000421605 -0.00218857 -0.000650819 0.0102575 0.0171047 -0.0252963 -0.109795 -0.00318322 0.5 1.00318 1.10979 1.0253 0.982895 0.989742 1.00065 1.00219 1.00042 0.999696 0.999859 1.00002 1.00003 1 0.999996 0.999999 1 1 1 1 1 1 
2.78751e-09 -6.87212e-09 3.56732e-08 9.75593e-08 -1.65844e-07 -6.80369e-07 7.66591e-07 4.89126e-06 -9.98542e-07 -3.09058e-05 -2.52371e-05 0.000151922 0.000322088 -0.000434108 -0.002276 -0.000752848 0.0103797 0.0176165 -0.0248087 -0.110246 -0.00438151 0.5 1.00438 1.11025 1.02481 0.982383 0.98962 1.00075 1.00228 1.00043 0.999678 0.999848 1.00003 1.00003 1 0.999995 0.999999 1 1 1 1 1 1 
6.87212e-09 -1.15833e-08 4.48608e-08 9.95174e-08 -2.23594e-07 -7.2225e-07 1.01824e-06 5.31985e-06 -1.66917e-06 -3.35715e-05 -2.59769e-05 0.00016173 0.000340169 -0.000442616 -0.00235691 -0.000857314 0.010472 0.018072 -0.024339 -0.110562 -0.00534987 0.5 1.00535 1.11056 1.02434 0.981928 0.989528 1.00086 1.00236 1.00044 0.99966 0.999838 1.00003 1.00003 1 0.999995 0.999999 1 1 1 1 1 1 
1.15833e-08 -1.66652e-08 5.26292e-08 9.78408e-08 -2.82582e-07 -7.58114e-07 1.26998e-06 5.74198e-06 -2.2945e-06 -3.61774e-05 -2.69974e-05 0.000170765 0.00035835 -0.000447486 -0.00243105 -0.000962133 0.0105376 0.0184723 -0.0238944 -0.110765 -0.00611537 0.5 1.00612 1.11076 1.02389 0.981528 0.989462 1.00096 1.00243 1.00045 0.999642 0.999829 1.00003 1.00004 1 0.999994 0.999999 1 1 1 1 1 1 
1.66652e-08 -2.18821e-08 5.88772e-08 9.28531e-08 -3.42344e-07 -7.90028e-07 1.51908e-06 6.16217e-06 -2.86578e-06 -3.87217e-05 -2.82919e-05 0.000179021 0.000376453 -0.000449086 -0.00249825 -0.00106551 0.01058 0.0188194 -0.0234799 -0.110873 -0.00670395 0.5 1.0067 1.11087 1.02348 0.981181 0.98942 1.00107 1.0025 1.00045 0.999624 0.999821 1.00003 1.00004 1 0.999994 0.999998 1 1 1 1 1 1 
2.18821e-08 -2.70363e-08 6.36744e-08 8.49583e-08 -4.02649e-07 -8.1988e-07 1.76342e-06 6.58371e-06 -3.37686e-06 -4.11998e-05 -2.98447e-05 0.000186492 0.000394301 -0.000447788 -0.00255848 -0.00116595 0.0106021 0.019116 -0.023099 -0.110906 -0.00714015 0.5 1.00714 1.11091 1.0231 0.980884 0.989398 1.00117 1.00256 1.00045 0.999606 0.999814 1.00003 1.00004 1 0.999993 0.999998 1 1 1 1 1 1 
2.70363e-08 -3.19776e-08 6.71997e-08 7.46056e-08 -4.63398e-07 -8.49324e-07 2.00133e-06 7.00868e-06 -3.82356e-06 -4.36048e-05 -3.16334e-05 0.00019318 0.000411727 -0.000443962 -0.00261181 -0.00126219 0.0106071 0.0193655 -0.0227537 -0.110879 -0.00744677 0.5 1.00745 1.11088 1.02275 0.980635 0.989393 1.00126 1.00261 1.00044 0.999588 0.999807 1.00003 1.00004 1 0.999993 0.999998 1 1 1 1 1 1 
3.19776e-08 -3.66042e-08 6.96896e-08 6.22622e-08 -5.24556e-07 -8.79754e-07 2.23138e-06 7.43809e-06 -4.20339e-06 -4.59283e-05 -3.3631e-05 0.00019909 0.000428577 -0.000437974 -0.00265838 -0.00135327 0.0105979 0.0195714 -0.0224448 -0.110806 -0.00764477 0.5 1.00764 1.11081 1.02244 0.980429 0.989402 1.00135 1.00266 1.00044 0.999571 0.999801 1.00003 1.00005 1 0.999993 0.999998 1 1 1 1 1 1 
3.66042e-08 -4.08587e-08 7.13991e-08 4.83919e-08 -5.86093e-07 -9.12303e-07 2.45236e-06 7.87199e-06 -4.5152e-06 -4.81608e-05 -3.58075e-05 0.000204235 0.000444715 -0.00043018 -0.00269844 -0.00143843 0.010577 0.0197377 -0.0221722 -0.110699 -0.00775314 0.5 1.00775 1.1107 1.02217 0.980262 0.989423 1.00144 1.0027 1.00043 0.999555 0.999796 1.00004 1.00005 1 0.999992 0.999998 1 1 1 1 1 1 
4.08587e-08 -4.47216e-08 7.25737e-08 3.34395e-08 -6.47954e-07 -9.47847e-07 2.66314e-06 8.30963e-06 -4.75898e-06 -5.02928e-05 -3.81304e-05 0.000208636 0.000460023 -0.000420919 -0.0027323 -0.00151714 0.0105469 0.0198684 -0.021935 -0.110567 -0.00778894 0.5 1.00779 1.11057 1.02193 0.980132 0.989453 1.00152 1.00273 1.00042 0.99954 0.999791 1.00004 1.00005 1 0.999992 0.999997 1 1 1 1 1 1 
4.47216e-08 -4.82031e-08 7.3432e-08 1.78187e-08 -7.10045e-07 -9.87023e-07 2.86273e-06 8.74962e-06 -4.93576e-06 -5.23152e-05 -4.05669e-05 0.00021232 0.000474406 -0.000410516 -0.00276033 -0.00158905 0.0105099 0.0199674 -0.0217315 -0.110421 -0.00776727 0.5 1.00777 1.11042 1.02173 0.980033 0.98949 1.00159 1.00276 1.00041 0.999526 0.999788 1.00004 1.00005 1 0.999991 0.999997 1 1 1 1 1 1 
4.82031e-08 -5.13348e-08 7.41566e-08 1.90468e-09 -7.7222e-07 -1.03025e-06 3.05022e-06 9.19007e-06 -5.04744e-06 -5.42194e-05 -4.30838e-05 0.000215317 0.00048779 -0.000399274 -0.00278296 -0.001654 0.0104678 0.0200386 -0.0215599 -0.110266 -0.00770137 0.5 1.0077 1.11027 1.02156 0.979961 0.989532 1.00165 1.00278 1.0004 0.999512 0.999785 1.00004 1.00005 1.00001 0.999991 0.999997 1 1 1 1 1 1 
5.13348e-08 -5.4162e-08 7.48906e-08 -1.39706e-08 -8.34292e-07 -1.07775e-06 3.22479e-06 9.62872e-06 -5.09672e-06 -5.59982e-05 -4.56487e-05 0.000217668 0.000500121 -0.000387471 -0.00280062 -0.00171195 0.0104225 0.0200858 -0.0214178 -0.110109 -0.0076027 0.5 1.0076 1.11011 1.02142 0.979914 0.989578 1.00171 1.0028 1.00039 0.9995 0.999782 1.00005 1.00006 1.00001 0.99999 0.999997 1 1 1 1 1 1 
5.4162e-08 -5.67374e-08 7.57388e-08 -2.95204e-08 -8.9603e-07 -1.12957e-06 3.38576e-06 1.00631e-05 -5.08696e-06 -5.76457e-05 -4.82305e-05 0.000219414 0.000511365 -0.000375361 -0.00281379 -0.00176303 0.0103754 0.0201126 -0.0213028 -0.109954 -0.00748106 0.5 1.00748 1.10995 1.0213 0.979887 0.989625 1.00176 1.00281 1.00038 0.999489 0.999781 1.00005 1.00006 1.00001 0.99999 0.999997 1 1 1 1 1 1 
5.67374e-08 -5.91157e-08 7.67708e-08 -4.45032e-08 -9.57175e-07 -1.1856e-06 3.53256e-06 1.04906e-05 -5.02214e-06 -5.91573e-05 -5.08e-05 0.000220604 0.000521508 -0.000363174 -0.00282295 -0.00180743 0.0103279 0.0201224 -0.0212122 -0.109806 -0.00734473 0.5 1.00734 1.10981 1.02121 0.979878 0.989672 1.00181 1.00282 1.00036 0.999478 0.999779 1.00005 1.00006 1.00001 0.99999 0.999996 1 1 1 1 1 1 
5.91157e-08 -6.13496e-08 7.80261e-08 -5.87208e-08 -1.01745e-06 -1.24563e-06 3.66476e-06 1.09086e-05 -4.90672e-06 -6.05305e-05 -5.33302e-05 0.000221286 0.000530553 -0.000351108 -0.00282858 -0.00184546 0.010281 0.0201182 -0.0211433 -0.109666 -0.00720056 0.5 1.0072 1.10967 1.02114 0.979882 0.989719 1.00185 1.00283 1.00035 0.999469 0.999779 1.00005 1.00006 1 0.999989 0.999996 1 1 1 1 1 1 
6.13496e-08 -6.34869e-08 7.95196e-08 -7.20163e-08 -1.07656e-06 -1.30931e-06 3.78208e-06 1.13145e-05 -4.74556e-06 -6.17642e-05 -5.57968e-05 0.000221513 0.000538517 -0.000339338 -0.00283114 -0.00187748 0.0102357 0.0201029 -0.0210936 -0.109537 -0.00705416 0.5 1.00705 1.10954 1.02109 0.979897 0.989764 1.00188 1.00283 1.00034 0.999461 0.999778 1.00006 1.00006 1 0.999989 0.999996 1 1 1 1 1 1 
6.34869e-08 -6.5569e-08 8.1247e-08 -8.42701e-08 -1.13423e-06 -1.37622e-06 3.88439e-06 1.17059e-05 -4.54381e-06 -6.28589e-05 -5.8178e-05 0.000221339 0.000545435 -0.000328009 -0.0028311 -0.0019039 0.0101926 0.0200789 -0.0210604 -0.10942 -0.00690998 0.5 1.00691 1.10942 1.02106 0.979921 0.989807 1.0019 1.00283 1.00033 0.999455 0.999779 1.00006 1.00006 1 0.999988 0.999996 1 1 1 1 1 1 
6.5569e-08 -6.76296e-08 8.31897e-08 -9.5397e-08 -1.19016e-06 -1.4459e-06 3.97172e-06 1.20806e-05 -4.30684e-06 -6.38168e-05 -6.04553e-05 0.000220815 0.000551348 -0.000317243 -0.00282888 -0.00192518 0.0101523 0.0200485 -0.0210414 -0.109316 -0.0067715 0.5 1.00677 1.10932 1.02104 0.979951 0.989848 1.00193 1.00283 1.00032 0.999449 0.999779 1.00006 1.00006 1 0.999988 0.999996 1 1 1 1 1 1 
6.76296e-08 -6.96946e-08 8.53195e-08 -1.05342e-07 -1.24411e-06 -1.5178e-06 4.04428e-06 1.24366e-05 -4.04013e-06 -6.46417e-05 -6.26128e-05 0.000219995 0.00055631 -0.000307133 -0.00282489 -0.0019418 0.0101151 0.0200138 -0.0210342 -0.109225 -0.00664129 0.5 1.00664 1.10922 1.02103 0.979986 0.989885 1.00194 1.00282 1.00031 0.999444 0.99978 1.00006 1.00006 1 0.999988 0.999996 1 1 1 1 1 1 
6.96946e-08 -7.17826e-08 8.76018e-08 -1.14075e-07 -1.29582e-06 -1.59136e-06 4.10238e-06 1.27722e-05 -3.74914e-06 -6.53384e-05 -6.46378e-05 0.00021893 0.000560382 -0.000297753 -0.0028195 -0.00195424 0.0100813 0.0199763 -0.0210367 -0.109146 -0.0065212 0.5 1.00652 1.10915 1.02104 0.980024 0.989919 1.00195 1.00282 1.0003 0.99944 0.999781 1.00006 1.00007 1 0.999987 0.999996 1 1 1 1 1 1 
7.17826e-08 -7.39049e-08 8.99993e-08 -1.21591e-07 -1.34507e-06 -1.66602e-06 4.14653e-06 1.30859e-05 -3.4393e-06 -6.59132e-05 -6.65207e-05 0.000217668 0.000563631 -0.000289151 -0.00281307 -0.00196297 0.0100511 0.0199375 -0.0210469 -0.10908 -0.00641241 0.5 1.00641 1.10908 1.02105 0.980063 0.989949 1.00196 1.00281 1.00029 0.999436 0.999782 1.00007 1.00007 1 0.999987 0.999996 1 1 1 1 1 1 
7.39049e-08 -7.60667e-08 9.24736e-08 -1.27903e-07 -1.3917e-06 -1.74119e-06 4.17732e-06 1.33767e-05 -3.11587e-06 -6.63732e-05 -6.82545e-05 0.000216254 0.000566128 -0.000281359 -0.00280589 -0.00196848 0.0100245 0.0198986 -0.0210632 -0.109026 -0.00631559 0.5 1.00632 1.10903 1.02106 0.980101 0.989975 1.00197 1.00281 1.00028 0.999434 0.999784 1.00007 1.00007 1 0.999987 0.999996 1 1 1 1 1 1 
7.60667e-08 -7.82681e-08 9.49877e-08 -1.33042e-07 -1.43553e-06 -1.8163e-06 4.19548e-06 1.36437e-05 -2.78388e-06 -6.67263e-05 -6.98349e-05 0.000214733 0.000567946 -0.000274387 -0.00279823 -0.00197123 0.0100015 0.0198605 -0.0210839 -0.108982 -0.00623095 0.5 1.00623 1.10898 1.02108 0.980139 0.989999 1.00197 1.0028 1.00027 0.999432 0.999785 1.00007 1.00007 1 0.999986 0.999996 1 1 1 1 1 1 
7.82681e-08 -8.05045e-08 9.75065e-08 -1.3705e-07 -1.47645e-06 -1.89081e-06 4.20184e-06 1.38864e-05 -2.44809e-06 -6.69811e-05 -7.12603e-05 0.000213144 0.000569158 -0.000268234 -0.00279035 -0.00197164 0.00998188 0.0198241 -0.0211077 -0.108949 -0.00615833 0.5 1.00616 1.10895 1.02111 0.980176 0.990018 1.00197 1.00279 1.00027 0.999431 0.999787 1.00007 1.00007 1 0.999986 0.999996 1 1 1 1 1 1 
8.05045e-08 -8.27682e-08 9.99982e-08 -1.39982e-07 -1.51437e-06 -1.96418e-06 4.19732e-06 1.41048e-05 -2.11291e-06 -6.71466e-05 -7.25313e-05 0.00021152 0.000569838 -0.000262881 -0.00278243 -0.00197012 0.00996555 0.01979 -0.0211335 -0.108924 -0.00609731 0.5 1.0061 1.10892 1.02113 0.98021 0.990034 1.00197 1.00278 1.00026 0.99943 0.999788 1.00007 1.00007 1 0.999986 0.999996 1 1 1 1 1 1 
8.27682e-08 -8.50488e-08 1.02434e-07 -1.41902e-07 -1.54923e-06 -2.03593e-06 4.18288e-06 1.42988e-05 -1.78239e-06 -6.72321e-05 -7.36504e-05 0.000209895 0.000570058 -0.0002583 -0.00277466 -0.00196706 0.00995227 0.0197584 -0.0211601 -0.108907 -0.00604726 0.5 1.00605 1.10891 1.02116 0.980242 0.990048 1.00197 1.00277 1.00026 0.99943 0.99979 1.00007 1.00007 1 0.999986 0.999996 1 1 1 1 1 1 
8.50488e-08 -8.73343e-08 1.04791e-07 -1.4288e-07 -1.58103e-06 -2.10561e-06 4.15955e-06 1.44689e-05 -1.46014e-06 -6.72468e-05 -7.46223e-05 0.000208295 0.000569887 -0.000254454 -0.00276717 -0.00196278 0.00994181 0.0197298 -0.0211869 -0.108897 -0.00600736 0.5 1.00601 1.1089 1.02119 0.98027 0.990058 1.00196 1.00277 1.00025 0.99943 0.999792 1.00007 1.00007 1 0.999986 0.999996 1 1 1 1 1 1 
8.73343e-08 -8.96116e-08 1.07047e-07 -1.42992e-07 -1.60976e-06 -2.17282e-06 4.12838e-06 1.46158e-05 -1.14935e-06 -6.72002e-05 -7.54528e-05 0.000206744 0.000569391 -0.000251298 -0.00276008 -0.00195761 0.00993391 0.0197043 -0.0212131 -0.108892 -0.00597672 0.5 1.00598 1.10889 1.02121 0.980296 0.990066 1.00196 1.00276 1.00025 0.999431 0.999793 1.00008 1.00007 1 0.999985 0.999996 1 1 1 1 1 1 
8.96116e-08 -9.18671e-08 1.09186e-07 -1.42316e-07 -1.63546e-06 -2.23719e-06 4.09045e-06 1.47401e-05 -8.52761e-07 -6.71014e-05 -7.61494e-05 0.000205261 0.000568631 -0.00024878 -0.00275346 -0.00195181 0.00992831 0.0196818 -0.0212381 -0.108893 -0.00595437 0.5 1.00595 1.10889 1.02124 0.980318 0.990072 1.00195 1.00275 1.00025 0.999431 0.999795 1.00008 1.00007 1 0.999985 0.999996 1 1 1 1 1 1 
9.18671e-08 -9.40873e-08 1.11194e-07 -1.40935e-07 -1.6582e-06 -2.29843e-06 4.04681e-06 1.48431e-05 -5.72656e-07 -6.6959e-05 -7.67205e-05 0.000203862 0.000567664 -0.000246845 -0.00274739 -0.00194563 0.00992471 0.0196626 -0.0212617 -0.108897 -0.00593933 0.5 1.00594 1.1089 1.02126 0.980337 0.990075 1.00195 1.00275 1.00025 0.999432 0.999796 1.00008 1.00007 1 0.999985 0.999996 1 1 1 1 1 1 
9.40873e-08 -9.62593e-08 1.13062e-07 -1.3893e-07 -1.67807e-06 -2.35627e-06 3.99851e-06 1.49258e-05 -3.10875e-07 -6.67814e-05 -7.71751e-05 0.000202559 0.000566542 -0.000245437 -0.00274189 -0.00193928 0.00992286 0.0196463 -0.0212834 -0.108904 -0.0059306 0.5 1.00593 1.1089 1.02128 0.980354 0.990077 1.00194 1.00274 1.00025 0.999433 0.999797 1.00008 1.00007 1 0.999985 0.999996 1 1 1 1 1 1 
9.62593e-08 -9.83708e-08 1.14783e-07 -1.36383e-07 -1.69518e-06 -2.41052e-06 3.94656e-06 1.49897e-05 -6.88235e-08 -6.65767e-05 -7.75231e-05 0.000201361 0.000565313 -0.000244498 -0.002737 -0.00193291 0.00992249 0.0196329 -0.0213031 -0.108914 -0.00592723 0.5 1.00593 1.10891 1.0213 0.980367 0.990078 1.00193 1.00274 1.00024 0.999435 0.999799 1.00008 1.00007 1 0.999985 0.999996 1 1 1 1 1 1 
9.83708e-08 -1.00411e-07 1.16352e-07 -1.33375e-07 -1.70965e-06 -2.46101e-06 3.89195e-06 1.50361e-05 1.52513e-07 -6.63519e-05 -7.77747e-05 0.000200274 0.000564017 -0.000243969 -0.00273271 -0.00192669 0.00992335 0.0196221 -0.0213206 -0.108925 -0.00592831 0.5 1.00593 1.10893 1.02132 0.980378 0.990077 1.00193 1.00273 1.00024 0.999436 0.9998 1.00008 1.00007 1 0.999985 0.999996 1 1 1 1 1 1 
1.00411e-07 -1.02369e-07 1.17769e-07 -1.29985e-07 -1.72163e-06 -2.50766e-06 3.83558e-06 1.50666e-05 3.52541e-07 -6.61138e-05 -7.794e-05 0.000199301 0.000562692 -0.000243794 -0.00272903 -0.00192073 0.0099252 0.0196138 -0.021336 -0.108938 -0.00593299 0.5 1.00593 1.10894 1.02134 0.980386 0.990075 1.00192 1.00273 1.00024 0.999437 0.999801 1.00008 1.00007 1 0.999985 0.999996 1 1 1 1 1 1 
1.02369e-07 -1.04237e-07 1.19034e-07 -1.26289e-07 -1.73129e-06 -2.5504e-06 3.77831e-06 1.50826e-05 5.31031e-07 -6.58684e-05 -7.80293e-05 0.000198441 0.000561368 -0.000243918 -0.00272592 -0.00191511 0.00992782 0.0196077 -0.0213492 -0.108951 -0.00594048 0.5 1.00594 1.10895 1.02135 0.980392 0.990072 1.00192 1.00273 1.00024 0.999439 0.999802 1.00008 1.00007 0.999999 0.999985 0.999996 1 1 1 1 1 1 
1.04237e-07 -1.06008e-07 1.20149e-07 -1.22358e-07 -1.73877e-06 -2.58922e-06 3.72093e-06 1.50859e-05 6.88083e-07 -6.56211e-05 -7.80528e-05 0.000197694 0.000560073 -0.00024429 -0.00272335 -0.00190991 0.00993103 0.0196036 -0.0213603 -0.108964 -0.00595007 0.5 1.00595 1.10896 1.02136 0.980396 0.990069 1.00191 1.00272 1.00024 0.99944 0.999802 1.00008 1.00007 0.999999 0.999985 0.999996 1 1 1 1 1 1 
1.06008e-07 -1.07676e-07 1.21118e-07 -1.18262e-07 -1.74427e-06 -2.62415e-06 3.66415e-06 1.50779e-05 8.24099e-07 -6.53765e-05 -7.80201e-05 0.000197057 0.000558827 -0.000244861 -0.00272131 -0.00190516 0.00993464 0.0196012 -0.0213695 -0.108977 -0.00596114 0.5 1.00596 1.10898 1.02137 0.980399 0.990065 1.00191 1.00272 1.00024 0.999441 0.999803 1.00008 1.00007 0.999999 0.999985 0.999996 1 1 1 1 1 1 
1.07676e-07 -1.09236e-07 1.21948e-07 -1.14063e-07 -1.74795e-06 -2.65528e-06 3.6086e-06 1.50602e-05 9.39738e-07 -6.51385e-05 -7.79406e-05 0.000196524 0.000557647 -0.000245587 -0.00271973 -0.00190091 0.0099385 0.0196002 -0.0213768 -0.108989 -0.00597313 0.5 1.00597 1.10899 1.02138 0.9804 0.990061 1.0019 1.00272 1.00025 0.999442 0.999803 1.00008 1.00007 0.999999 0.999985 0.999996 1 1 1 1 1 1 
1.09236e-07 -1.10685e-07 1.22645e-07 -1.0982e-07 -1.75e-06 -2.68268e-06 3.55485e-06 1.50343e-05 1.03588e-06 -6.49106e-05 -7.7823e-05 0.00019609 0.000556548 -0.000246427 -0.00271858 -0.00189716 0.00994248 0.0196005 -0.0213824 -0.109001 -0.00598558 0.5 1.00599 1.109 1.02138 0.9804 0.990058 1.0019 1.00272 1.00025 0.999443 0.999804 1.00008 1.00006 0.999999 0.999985 0.999996 1 1 1 1 1 1 
1.10685e-07 -1.12022e-07 1.23215e-07 -1.05586e-07 -1.7506e-06 -2.70652e-06 3.50336e-06 1.50016e-05 1.1136e-06 -6.46955e-05 -7.76755e-05 0.000195746 0.000555538 -0.000247345 -0.00271781 -0.00189391 0.00994647 0.0196018 -0.0213864 -0.109012 -0.0059981 0.5 1.006 1.10901 1.02139 0.980398 0.990054 1.00189 1.00272 1.00025 0.999444 0.999804 1.00008 1.00006 0.999999 0.999985 0.999996 1 1 1 1 1 1 
1.12022e-07 -1.13247e-07 1.23669e-07 -1.0141e-07 -1.74993e-06 -2.72694e-06 3.45453e-06 1.49635e-05 1.17411e-06 -6.44951e-05 -7.75057e-05 0.000195487 0.000554625 -0.000248308 -0.00271738 -0.00189114 0.00995036 0.0196038 -0.0213892 -0.109022 -0.00601034 0.5 1.00601 1.10902 1.02139 0.980396 0.99005 1.00189 1.00272 1.00025 0.999445 0.999805 1.00008 1.00006 0.999999 0.999985 0.999997 1 1 1 1 1 1 
1.13247e-07 -1.1436e-07 1.24014e-07 -9.73333e-08 -1.74815e-06 -2.74412e-06 3.40868e-06 1.49213e-05 1.21875e-06 -6.43112e-05 -7.73202e-05 0.000195303 0.00055381 -0.00024929 -0.00271724 -0.00188885 0.00995409 0.0196065 -0.0213907 -0.109031 -0.00602207 0.5 1.00602 1.10903 1.02139 0.980393 0.990046 1.00189 1.00272 1.00025 0.999446 0.999805 1.00008 1.00006 0.999999 0.999985 0.999997 1 1 1 1 1 1 
1.1436e-07 -1.15363e-07 1.24259e-07 -9.33932e-08 -1.74544e-06 -2.75827e-06 3.36605e-06 1.48762e-05 1.24892e-06 -6.41447e-05 -7.71252e-05 0.000195186 0.000553095 -0.000250265 -0.00271734 -0.00188699 0.0099576 0.0196096 -0.0213912 -0.109038 -0.00603307 0.5 1.00603 1.10904 1.02139 0.98039 0.990042 1.00189 1.00272 1.00025 0.999447 0.999805 1.00008 1.00006 0.999999 0.999985 0.999997 1 1 1 1 1 1 
1.15363e-07 -1.16258e-07 1.24415e-07 -8.96208e-08 -1.74195e-06 -2.76961e-06 3.32682e-06 1.48292e-05 1.2661e-06 -6.39962e-05 -7.6926e-05 0.000195129 0.000552479 -0.000251215 -0.00271764 -0.00188554 0.00996084 0.019613 -0.0213909 -0.109045 -0.00604321 0.5 1.00604 1.10904 1.02139 0.980387 0.990039 1.00189 1.00272 1.00025 0.999448 0.999805 1.00008 1.00006 0.999999 0.999985 0.999997 1 1 1 1 1 1 
1.16258e-07 -1.1705e-07 1.2449e-07 -8.60422e-08 -1.73784e-06 -2.77835e-06 3.29109e-06 1.47813e-05 1.27175e-06 -6.3866e-05 -7.67273e-05 0.000195122 0.000551958 -0.000252123 -0.0027181 -0.00188447 0.00996378 0.0196166 -0.0213899 -0.10905 -0.00605238 0.5 1.00605 1.10905 1.02139 0.980383 0.990036 1.00188 1.00272 1.00025 0.999448 0.999805 1.00008 1.00006 0.999999 0.999985 0.999997 1 1 1 1 1 1 
1.1705e-07 -1.17742e-07 1.24493e-07 -8.26778e-08 -1.73324e-06 -2.78473e-06 3.25891e-06 1.47333e-05 1.26736e-06 -6.37538e-05 -7.6533e-05 0.000195157 0.000551528 -0.000252977 -0.00271868 -0.00188372 0.0099664 0.0196202 -0.0213884 -0.109055 -0.00606053 0.5 1.00606 1.10905 1.02139 0.98038 0.990034 1.00188 1.00272 1.00025 0.999448 0.999805 1.00008 1.00006 0.999999 0.999985 0.999997 1 1 1 1 1 1 
1.17742e-07 -1.18339e-07 1.24435e-07 -7.95436e-08 -1.72829e-06 -2.78898e-06 3.23028e-06 1.46862e-05 1.25437e-06 -6.36592e-05 -7.63463e-05 0.000195228 0.000551183 -0.000253768 -0.00271936 -0.00188327 0.00996871 0.0196237 -0.0213864 -0.109058 -0.00606765 0.5 1.00607 1.10906 1.02139 0.980376 0.990031 1.00188 1.00272 1.00025 0.999449 0.999805 1.00008 1.00006 0.999999 0.999985 0.999997 1 1 1 1 1 1 
1.18339e-07 -1.18847e-07 1.24324e-07 -7.66505e-08 -1.72309e-06 -2.79133e-06 3.20514e-06 1.46403e-05 1.23419e-06 -6.35813e-05 -7.61698e-05 0.000195327 0.000550916 -0.000254488 -0.00272009 -0.00188308 0.00997069 0.0196271 -0.0213842 -0.109061 -0.00607372 0.5 1.00607 1.10906 1.02138 0.980373 0.990029 1.00188 1.00272 1.00025 0.999449 0.999805 1.00008 1.00006 0.999999 0.999985 0.999997 1 1 1 1 1 1 
1.18847e-07 -1.19271e-07 1.24169e-07 -7.40053e-08 -1.71777e-06 -2.79202e-06 3.18338e-06 1.45964e-05 1.20814e-06 -6.35194e-05 -7.60055e-05 0.000195447 0.000550721 -0.000255135 -0.00272086 -0.0018831 0.00997236 0.0196303 -0.0213818 -0.109063 -0.0060788 0.5 1.00608 1.10906 1.02138 0.98037 0.990028 1.00188 1.00272 1.00026 0.999449 0.999805 1.00008 1.00006 0.999999 0.999985 0.999997 1 1 1 1 1 1 
1.19271e-07 -1.19618e-07 1.23977e-07 -7.16107e-08 -1.71241e-06 -2.79125e-06 3.16488e-06 1.45549e-05 1.17748e-06 -6.34723e-05 -7.58551e-05 0.000195583 0.000550589 -0.000255705 -0.00272164 -0.00188329 0.00997373 0.0196333 -0.0213793 -0.109064 -0.00608293 0.5 1.00608 1.10906 1.02138 0.980367 0.990026 1.00188 1.00272 1.00026 0.999449 0.999804 1.00008 1.00006 0.999999 0.999985 0.999997 1 1 1 1 1 1 
1.19618e-07 -1.19894e-07 1.23756e-07 -6.94659e-08 -1.7071e-06 -2.78925e-06 3.14948e-06 1.45161e-05 1.14338e-06 -6.34387e-05 -7.57193e-05 0.000195729 0.000550513 -0.0002562 -0.00272241 -0.00188364 0.00997482 0.019636 -0.0213767 -0.109065 -0.00608618 0.5 1.00609 1.10907 1.02138 0.980364 0.990025 1.00188 1.00272 1.00026 0.999449 0.999804 1.00008 1.00006 0.999999 0.999985 0.999997 1 1 1 1 1 1 
1.19894e-07 -1.20104e-07 1.23513e-07 -6.75666e-08 -1.7019e-06 -2.78622e-06 3.13697e-06 1.44802e-05 1.1069e-06 -6.34173e-05 -7.55988e-05 0.00019588 0.000550485 -0.000256621 -0.00272315 -0.00188409 0.00997565 0.0196385 -0.0213742 -0.109065 -0.00608861 0.5 1.00609 1.10907 1.02137 0.980362 0.990024 1.00188 1.00272 1.00026 0.99945 0.999804 1.00008 1.00006 0.999999 0.999986 0.999997 1 1 1 1 1 1 
1.20104e-07 -1.20256e-07 1.23256e-07 -6.59062e-08 -1.69689e-06 -2.78236e-06 3.12715e-06 1.44474e-05 1.06901e-06 -6.34069e-05 -7.54937e-05 0.000196032 0.000550499 -0.000256971 -0.00272386 -0.00188463 0.00997625 0.0196406 -0.0213719 -0.109065 -0.00609032 0.5 1.00609 1.10906 1.02137 0.980359 0.990024 1.00188 1.00272 1.00026 0.99945 0.999804 1.00008 1.00006 0.999999 0.999986 0.999997 1 1 1 1 1 1 
1.20256e-07 -1.20356e-07 1.22989e-07 -6.44753e-08 -1.69211e-06 -2.77783e-06 3.1198e-06 1.44179e-05 1.03056e-06 -6.34059e-05 -7.54039e-05 0.000196182 0.000550546 -0.000257254 -0.00272452 -0.00188522 0.00997663 0.0196424 -0.0213696 -0.109064 -0.00609139 0.5 1.00609 1.10906 1.02137 0.980358 0.990023 1.00189 1.00272 1.00026 0.999449 0.999804 1.00008 1.00006 0.999999 0.999986 0.999997 1 1 1 1 1 1 
1.20356e-07 -1.20409e-07 1.22718e-07 -6.32626e-08 -1.6876e-06 -2.77281e-06 3.1147e-06 1.43917e-05 9.92306e-07 -6.34132e-05 -7.53289e-05 0.000196327 0.000550621 -0.000257475 -0.00272513 -0.00188585 0.00997684 0.019644 -0.0213675 -0.109063 -0.0060919 0.5 1.00609 1.10906 1.02137 0.980356 0.990023 1.00189 1.00273 1.00026 0.999449 0.999804 1.00008 1.00006 0.999999 0.999986 0.999997 1 1 1 1 1 1 
1.20409e-07 -1.20422e-07 1.22448e-07 -6.22552e-08 -1.68339e-06 -2.76744e-06 3.11159e-06 1.43687e-05 9.54894e-07 -6.34273e-05 -7.52681e-05 0.000196465 0.000550717 -0.00025764 -0.00272568 -0.00188649 0.00997689 0.0196453 -0.0213656 -0.109062 -0.00609194 0.5 1.00609 1.10906 1.02137 0.980355 0.990023 1.00189 1.00273 1.00026 0.999449 0.999804 1.00008 1.00006 0.999999 0.999986 0.999997 1 1 1 1 1 1 
1.20422e-07 -1.204e-07 1.22182e-07 -6.1439e-08 -1.6795e-06 -2.76186e-06 3.11026e-06 1.4349e-05 9.18865e-07 -6.34471e-05 -7.52205e-05 0.000196593 0.000550829 -0.000257754 -0.00272617 -0.00188713 0.0099768 0.0196463 -0.021364 -0.109061 -0.00609159 0.5 1.00609 1.10906 1.02136 0.980354 0.990023 1.00189 1.00273 1.00026 0.999449 0.999803 1.00008 1.00006 0.999999 0.999986 0.999997 1 1 1 1 1 1 
1.204e-07 -1.2035e-07 1.21925e-07 -6.07989e-08 -1.67596e-06 -2.75619e-06 3.11047e-06 1.43322e-05 8.84663e-07 -6.34712e-05 -7.51852e-05 0.00019671 0.00055095 -0.000257822 -0.0027266 -0.00188775 0.00997661 0.0196471 -0.0213625 -0.10906 -0.00609092 0.5 1.00609 1.10906 1.02136 0.980353 0.990023 1.00189 1.00273 1.00026 0.999449 0.999803 1.00008 1.00006 0.999999 0.999986 0.999997 1 1 1 1 1 1 
1.2035e-07 -1.20274e-07 1.21678e-07 -6.03194e-08 -1.67276e-06 -2.75053e-06 3.112e-06 1.43184e-05 8.52638e-07 -6.34987e-05 -7.5161e-05 0.000196816 0.000551078 -0.000257852 -0.00272697 -0.00188834 0.00997633 0.0196476 -0.0213612 -0.109058 -0.00609002 0.5 1.00609 1.10906 1.02136 0.980352 0.990024 1.00189 1.00273 1.00026 0.999449 0.999803 1.00008 1.00006 0.999999 0.999986 0.999997 1 1 1 1 1 1 
1.20274e-07 -1.2018e-07 1.21445e-07 -5.99844e-08 -1.6699e-06 -2.74497e-06 3.11463e-06 1.43073e-05 8.23054e-07 -6.35286e-05 -7.51468e-05 0.000196909 0.000551208 -0.000257849 -0.00272727 -0.0018889 0.00997599 0.019648 -0.0213602 -0.109057 -0.00608893 0.5 1.00609 1.10906 1.02136 0.980352 0.990024 1.00189 1.00273 1.00026 0.999449 0.999803 1.00008 1.00006 0.999999 0.999986 0.999997 1 1 1 1 1 1 
1.2018e-07 -1.2007e-07 1.21227e-07 -5.97781e-08 -1.66739e-06 -2.7396e-06 3.11815e-06 1.42988e-05 7.96094e-07 -6.35598e-05 -7.51415e-05 0.00019699 0.000551337 -0.000257818 -0.00272752 -0.00188941 0.0099756 0.0196482 -0.0213593 -0.109056 -0.00608772 0.5 1.00609 1.10906 1.02136 0.980352 0.990024 1.00189 1.00273 1.00026 0.999449 0.999803 1.00008 1.00006 0.999999 0.999986 0.999997 1 1 1 1 1 1 
1.2007e-07 -1.19949e-07 1.21026e-07 -5.96848e-08 -1.66522e-06 -2.73446e-06 3.12239e-06 1.42925e-05 7.71869e-07 -6.35916e-05 -7.51438e-05 0.000197059 0.000551461 -0.000257765 -0.00272772 -0.00188987 0.00997518 0.0196483 -0.0213586 -0.109054 -0.00608644 0.5 1.00609 1.10905 1.02136 0.980352 0.990025 1.00189 1.00273 1.00026 0.999449 0.999803 1.00008 1.00006 0.999999 0.999986 0.999997 1 1 1 1 1 1 
1.19949e-07 -1.1982e-07 1.20842e-07 -5.96892e-08 -1.66336e-06 -2.72962e-06 3.12716e-06 1.42884e-05 7.50426e-07 -6.36234e-05 -7.51525e-05 0.000197117 0.00055158 -0.000257695 -0.00272787 -0.00189029 0.00997474 0.0196482 -0.0213581 -0.109053 -0.00608513 0.5 1.00609 1.10905 1.02136 0.980352 0.990025 1.00189 1.00273 1.00026 0.999448 0.999803 1.00008 1.00006 0.999999 0.999986 0.999997 1 1 1 1 1 1 
1.1982e-07 -1.19687e-07 1.20677e-07 -5.97766e-08 -1.6618e-06 -2.7251e-06 3.13231e-06 1.42861e-05 7.31755e-07 -6.36544e-05 -7.51665e-05 0.000197162 0.00055169 -0.000257611 -0.00272797 -0.00189065 0.00997431 0.019648 -0.0213577 -0.109052 -0.00608384 0.5 1.00608 1.10905 1.02136 0.980352 0.990026 1.00189 1.00273 1.00026 0.999448 0.999803 1.00008 1.00006 0.999999 0.999986 0.999997 1 1 1 1 1 1 
1.19687e-07 -1.19553e-07 1.20529e-07 -5.99332e-08 -1.66053e-06 -2.72094e-06 3.13769e-06 1.42854e-05 7.15798e-07 -6.36843e-05 -7.51848e-05 0.000197198 0.000551792 -0.000257519 -0.00272804 -0.00189096 0.00997388 0.0196478 -0.0213575 -0.109051 -0.00608258 0.5 1.00608 1.10905 1.02136 0.980352 0.990026 1.00189 1.00273 1.00026 0.999448 0.999803 1.00008 1.00006 0.999999 0.999986 0.999997 1 1 1 1 1 1 
1.19553e-07 -1.19419e-07 1.20399e-07 -6.01458e-08 -1.65952e-06 -2.71716e-06 3.14317e-06 1.42861e-05 7.02456e-07 -6.37125e-05 -7.52063e-05 0.000197223 0.000551883 -0.000257422 -0.00272807 -0.00189122 0.00997346 0.0196474 -0.0213574 -0.10905 -0.00608138 0.5 1.00608 1.10905 1.02136 0.980353 0.990027 1.00189 1.00273 1.00026 0.999448 0.999803 1.00008 1.00006 0.999999 0.999986 0.999997 1 1 1 1 1 1 
1.19419e-07 -1.19289e-07 1.20287e-07 -6.04024e-08 -1.65875e-06 -2.71376e-06 3.14865e-06 1.4288e-05 6.91596e-07 -6.37389e-05 -7.52301e-05 0.00019724 0.000551964 -0.000257323 -0.00272808 -0.00189143 0.00997308 0.0196471 -0.0213574 -0.10905 -0.00608027 0.5 1.00608 1.10905 1.02136 0.980353 0.990027 1.00189 1.00273 1.00026 0.999448 0.999803 1.00008 1.00006 0.999999 0.999986 0.999997 1 1 1 1 1 1 
1.19289e-07 -1.19163e-07 1.20191e-07 -6.06919e-08 -1.6582e-06 -2.71074e-06 3.15403e-06 1.42909e-05 6.83059e-07 -6.37631e-05 -7.52555e-05 0.000197249 0.000552034 -0.000257225 -0.00272806 -0.0018916 0.00997271 0.0196467 -0.0213574 -0.109049 -0.00607925 0.5 1.00608 1.10905 1.02136 0.980353 0.990027 1.00189 1.00273 1.00026 0.999448 0.999803 1.00008 1.00006 0.999999 0.999986 0.999997 1 1 1 1 1 1 
1.19163e-07 -1.19043e-07 1.20112e-07 -6.10043e-08 -1.65785e-06 -2.7081e-06 3.15923e-06 1.42946e-05 6.76665e-07 -6.3785e-05 -7.52816e-05 0.000197251 0.000552093 -0.000257129 -0.00272802 -0.00189173 0.00997239 0.0196463 -0.0213576 -0.109048 -0.00607834 0.5 1.00608 1.10905 1.02136 0.980354 0.990028 1.00189 1.00273 1.00026 0.999448 0.999803 1.00008 1.00006 0.999999 0.999986 0.999997 1 1 1 1 1 1 
1.19043e-07 -1.1893e-07 1.20048e-07 -6.13305e-08 -1.65766e-06 -2.70583e-06 3.16419e-06 1.42989e-05 6.72223e-07 -6.38045e-05 -7.53078e-05 0.000197248 0.000552143 -0.000257038 -0.00272796 -0.00189182 0.00997209 0.0196459 -0.0213578 -0.109048 -0.00607753 0.5 1.00608 1.10905 1.02136 0.980354 0.990028 1.00189 1.00273 1.00026 0.999448 0.999803 1.00008 1.00006 0.999999 0.999986 0.999997 1 1 1 1 1 1 
1.1893e-07 -1.18825e-07 1.19998e-07 -6.16628e-08 -1.65762e-06 -2.70392e-06 3.16885e-06 1.43036e-05 6.6953e-07 -6.38215e-05 -7.53336e-05 0.000197239 0.000552182 -0.000256953 -0.0027279 -0.00189188 0.00997183 0.0196455 -0.021358 -0.109048 -0.00607684 0.5 1.00608 1.10905 1.02136 0.980354 0.990028 1.00189 1.00273 1.00026 0.999448 0.999803 1.00008 1.00006 0.999999 0.999986 0.999997 1 1 1 1 1 1 
1.18825e-07 -1.18729e-07 1.1996e-07 -6.19942e-08 -1.65771e-06 -2.70233e-06 3.17317e-06 1.43086e-05 6.68382e-07 -6.38362e-05 -7.53585e-05 0.000197226 0.000552212 -0.000256875 -0.00272782 -0.00189191 0.00997161 0.0196451 -0.0213583 -0.109047 -0.00607625 0.5 1.00608 1.10905 1.02136 0.980355 0.990028 1.00189 1.00273 1.00026 0.999448 0.999803 1.00008 1.00006 0.999999 0.999986 0.999997 1 1 1 1 1 1 
1.18729e-07 -1.18641e-07 1.19934e-07 -6.2319e-08 -1.6579e-06 -2.70106e-06 3.17713e-06 1.43138e-05 6.68575e-07 -6.38485e-05 -7.53822e-05 0.000197211 0.000552234 -0.000256805 -0.00272774 -0.00189192 0.00997142 0.0196448 -0.0213586 -0.109047 -0.00607577 0.5 1.00608 1.10905 1.02136 0.980355 0.990029 1.00189 1.00273 1.00026 0.999448 0.999803 1.00008 1.00006 0.999999 0.999986 0.999997 1 1 1 1 1 1 
1.18641e-07 -1.18563e-07 1.19918e-07 -6.26323e-08 -1.65818e-06 -2.70007e-06 3.18071e-06 1.4319e-05 6.6991e-07 -6.38586e-05 -7.54042e-05 0.000197192 0.000552248 -0.000256743 -0.00272766 -0.0018919 0.00997126 0.0196444 -0.0213588 -0.109047 -0.00607538 0.5 1.00608 1.10905 1.02136 0.980356 0.990029 1.00189 1.00273 1.00026 0.999448 0.999803 1.00008 1.00006 0.999999 0.999986 0.999997 1 1 1 1 1 1 
1.18563e-07 -1.18494e-07 1.19912e-07 -6.29303e-08 -1.65853e-06 -2.69935e-06 3.1839e-06 1.43241e-05 6.72194e-07 -6.38666e-05 -7.54245e-05 0.000197173 0.000552255 -0.000256689 -0.00272758 -0.00189187 0.00997113 0.0196441 -0.0213591 -0.109047 -0.00607509 0.5 1.00608 1.10905 1.02136 0.980356 0.990029 1.00189 1.00273 1.00026 0.999448 0.999803 1.00008 1.00006 0.999999 0.999986 0.999997 1 1 1 1 1 1 
1.18494e-07 -1.18434e-07 1.19913e-07 -6.32097e-08 -1.65893e-06 -2.69886e-06 3.18671e-06 1.43291e-05 6.75244e-07 -6.38726e-05 -7.54429e-05 0.000197152 0.000552257 -0.000256643 -0.0027275 -0.00189183 0.00997104 0.0196439 -0.0213594 -0.109047 -0.00607488 0.5 1.00607 1.10905 1.02136 0.980356 0.990029 1.00189 1.00273 1.00026 0.999448 0.999803 1.00008 1.00006 0.999999 0.999986 0.999997 1 1 1 1 1 1 
1.18434e-07 -1.18382e-07 1.19921e-07 -6.34684e-08 -1.65936e-06 -2.69857e-06 3.18913e-06 1.43338e-05 6.78892e-07 -6.38769e-05 -7.54592e-05 0.000197131 0.000552253 -0.000256606 -0.00272743 -0.00189177 0.00997097 0.0196436 -0.0213597 -0.109047 -0.00607475 0.5 1.00607 1.10905 1.02136 0.980356 0.990029 1.00189 1.00273 1.00026 0.999448 0.999803 1.00008 1.00006 0.999999 0.999986 0.999997 1 1 1 1 1 1 
1.18382e-07 -1.18339e-07 1.19934e-07 -6.37048e-08 -1.65981e-06 -2.69847e-06 3.19119e-06 1.43383e-05 6.8298e-07 -6.38795e-05 -7.54735e-05 0.00019711 0.000552245 -0.000256576 -0.00272736 -0.00189171 0.00997092 0.0196434 -0.0213599 -0.109047 -0.00607468 0.5 1.00607 1.10905 1.02136 0.980357 0.990029 1.00189 1.00273 1.00026 0.999448 0.999803 1.00008 1.00006 0.999999 0.999986 0.999997 1 1 1 1 1 1 
1.18339e-07 -1.18303e-07 1.19952e-07 -6.39178e-08 -1.66028e-06 -2.69852e-06 3.19289e-06 1.43424e-05 6.87366e-07 -6.38807e-05 -7.54857e-05 0.00019709 0.000552234 -0.000256553 -0.00272729 -0.00189165 0.00997089 0.0196433 -0.0213602 -0.109047 -0.00607467 0.5 1.00607 1.10905 1.02136 0.980357 0.990029 1.00189 1.00273 1.00026 0.999448 0.999803 1.00008 1.00006 0.999999 0.999986 0.999997 1 1 1 1 1 1 
1.18303e-07 -1.18274e-07 1.19974e-07 -6.41072e-08 -1.66074e-06 -2.6987e-06 3.19427e-06 1.43462e-05 6.91923e-07 -6.38806e-05 -7.54959e-05 0.000197071 0.00055222 -0.000256537 -0.00272723 -0.00189158 0.00997089 0.0196431 -0.0213604 -0.109048 -0.0060747 0.5 1.00607 1.10905 1.02136 0.980357 0.990029 1.00189 1.00273 1.00026 0.999448 0.999803 1.00008 1.00006 0.999999 0.999986 0.999997 1 1 1 1 1 1 
1.18274e-07 -1.18252e-07 1.19997e-07 -6.42731e-08 -1.6612e-06 -2.69899e-06 3.19534e-06 1.43497e-05 6.96539e-07 -6.38795e-05 -7.55042e-05 0.000197053 0.000552205 -0.000256527 -0.00272718 -0.00189152 0.00997089 0.019643 -0.0213606 -0.109048 -0.00607478 0.5 1.00607 1.10905 1.02136 0.980357 0.990029 1.00189 1.00273 1.00026 0.999448 0.999803 1.00008 1.00006 0.999999 0.999986 0.999997 1 1 1 1 1 1 
1.18252e-07 -1.18236e-07 1.20023e-07 -6.44159e-08 -1.66164e-06 -2.69936e-06 3.19614e-06 1.43528e-05 7.01117e-07 -6.38776e-05 -7.55107e-05 0.000197036 0.000552188 -0.000256522 -0.00272714 -0.00189145 0.00997091 0.0196429 -0.0213607 -0.109048 -0.00607488 0.5 1.00607 1.10905 1.02136 0.980357 0.990029 1.00189 1.00273 1.00026 0.999448 0.999803 1.00008 1.00006 0.999999 0.999986 0.999997 1 1 1 1 1 1 
1.18236e-07 -1.18226e-07 1.2005e-07 -6.45365e-08 -1.66206e-06 -2.6998e-06 3.19669e-06 1.43554e-05 7.05575e-07 -6.38749e-05 -7.55156e-05 0.000197021 0.00055217 -0.000256521 -0.0027271 -0.00189139 0.00997094 0.0196429 -0.0213609 -0.109048 -0.00607501 0.5 1.00608 1.10905 1.02136 0.980357 0.990029 1.00189 1.00273 1.00026 0.999448 0.999803 1.00008 1.00006 0.999999 0.999986 0.999997 1 1 1 1 1 1 
1.18226e-07 -1.1822e-07 1.20077e-07 -6.46361e-08 -1.66245e-06 -2.70028e-06 3.19701e-06 1.43578e-05 7.09847e-07 -6.38716e-05 -7.55189e-05 0.000197007 0.000552153 -0.000256524 -0.00272707 -0.00189133 0.00997097 0.0196428 -0.021361 -0.109048 -0.00607516 0.5 1.00608 1.10905 1.02136 0.980357 0.990029 1.00189 1.00273 1.00026 0.999448 0.999803 1.00008 1.00006 0.999999 0.999986 0.999997 1 1 1 1 1 1 
1.1822e-07 -1.18218e-07 1.20104e-07 -6.47161e-08 -1.66281e-06 -2.7008e-06 3.19714e-06 1.43597e-05 7.13877e-07 -6.3868e-05 -7.55209e-05 0.000196996 0.000552135 -0.000256531 -0.00272704 -0.00189128 0.00997101 0.0196428 -0.0213611 -0.109048 -0.00607531 0.5 1.00608 1.10905 1.02136 0.980357 0.990029 1.00189 1.00273 1.00026 0.999448 0.999803 1.00008 1.00006 0.999999 0.999986 0.999997 1 1 1 1 1 1 
1.18218e-07 -1.18219e-07 1.2013e-07 -6.47778e-08 -1.66315e-06 -2.70133e-06 3.1971e-06 1.43613e-05 7.17624e-07 -6.38641e-05 -7.55217e-05 0.000196985 0.000552118 -0.00025654 -0.00272702 -0.00189123 0.00997106 0.0196428 -0.0213612 -0.109049 -0.00607547 0.5 1.00608 1.10905 1.02136 0.980357 0.990029 1.00189 1.00273 1.00026 0.999448 0.999803 1.00008 1.00006 0.999999 0.999986 0.999997 1 1 1 1 1 1 
1.18219e-07 -1.18224e-07 1.20155e-07 -6.48231e-08 -1.66344e-06 -2.70186e-06 3.19692e-06 1.43626e-05 7.21059e-07 -6.386e-05 -7.55214e-05 0.000196977 0.000552102 -0.000256551 -0.00272701 -0.00189119 0.0099711 0.0196428 -0.0213612 -0.109049 -0.00607564 0.5 1.00608 1.10905 1.02136 0.980357 0.990029 1.00189 1.00273 1.00026 0.999448 0.999803 1.00008 1.00006 0.999999 0.999986 0.999997 1 1 1 1 1 1 
1.18224e-07 -1.18231e-07 1.20179e-07 -6.48535e-08 -1.66371e-06 -2.70239e-06 3.19662e-06 1.43636e-05 7.24161e-07 -6.38558e-05 -7.55202e-05 0.00019697 0.000552087 -0.000256563 -0.002727 -0.00189115 0.00997115 0.0196428 -0.0213613 -0.109049 -0.00607579 0.5 1.00608 1.10905 1.02136 0.980357 0.990029 1.00189 1.00273 1.00026 0.999448 0.999803 1.00008 1.00006 0.999999 0.999986 0.999997 1 1 1 1 1 1 
1.18231e-07 -1.1824e-07 1.20201e-07 -6.48708e-08 -1.66394e-06 -2.7029e-06 3.19623e-06 1.43644e-05 7.26921e-07 -6.38517e-05 -7.55183e-05 0.000196965 0.000552073 -0.000256576 -0.002727 -0.00189112 0.00997119 0.0196428 -0.0213613 -0.109049 -0.00607595 0.5 1.00608 1.10905 1.02136 0.980357 0.990029 1.00189 1.00273 1.00026 0.999448 0.999803 1.00008 1.00006 0.999999 0.999986 0.999997 1 1 1 1 1 1 
1.1824e-07 -1.1825e-07 1.20221e-07 -6.48767e-08 -1.66413e-06 -2.70339e-06 3.19577e-06 1.43648e-05 7.29336e-07 -6.38477e-05 -7.55158e-05 0.000196961 0.000552061 -0.00025659 -0.002727 -0.0018911 0.00997124 0.0196429 -0.0213613 -0.109049 -0.00607609 0.5 1.00608 1.10905 1.02136 0.980357 0.990029 1.00189 1.00273 1.00026 0.999448 0.999803 1.00008 1.00006 0.999999 0.999986 0.999997 1 1 1 1 1 1 
1.1825e-07 -1.18261e-07 1.2024e-07 -6.48728e-08 -1.6643e-06 -2.70384e-06 3.19526e-06 1.43651e-05 7.31411e-07 -6.38439e-05 -7.55129e-05 0.000196958 0.00055205 -0.000256603 -0.002727 -0.00189108 0.00997128 0.0196429 -0.0213613 -0.109049 -0.00607623 0.5 1.00608 1.10905 1.02136 0.980357 0.990029 1.00189 1.00273 1.00026 0.999448 0.999803 1.00008 1.00006 0.999999 0.999986 0.999997 1 1 1 1 1 1 
1.18261e-07 -1.18273e-07 1.20256e-07 -6.48607e-08 -1.66444e-06 -2.70427e-06 3.19472e-06 1.43652e-05 7.33157e-07 -6.38403e-05 -7.55097e-05 0.000196957 0.000552041 -0.000256617 -0.00272701 -0.00189106 0.00997131 0.019643 -0.0213613 -0.109049 -0.00607635 0.5 1.00608 1.10905 1.02136 0.980357 0.990029 1.00189 1.00273 1.00026 0.999448 0.999803 1.00008 1.00006 0.999999 0.999986 0.999997 1 1 1 1 1 1 
1.18273e-07 -1.18285e-07 1.20271e-07 -6.48419e-08 -1.66454e-06 -2.70465e-06 3.19416e-06 1.43651e-05 7.3459e-07 -6.3837e-05 -7.55062e-05 0.000196956 0.000552033 -0.00025663 -0.00272701 -0.00189105 0.00997135 0.019643 -0.0213613 -0.109049 -0.00607646 0.5 1.00608 1.10905 1.02136 0.980357 0.990029 1.00189 1.00273 1.00026 0.999448 0.999803 1.00008 1.00006 0.999999 0.999986 0.999997 1 1 1 1 1 1 
1.18285e-07 -1.18297e-07 1.20284e-07 -6.48179e-08 -1.66463e-06 -2.705e-06 3.1936e-06 1.43649e-05 7.35728e-07 -6.3834e-05 -7.55027e-05 0.000196956 0.000552026 -0.000256642 -0.00272702 -0.00189104 0.00997138 0.019643 -0.0213613 -0.109049 -0.00607655 0.5 1.00608 1.10905 1.02136 0.980357 0.990029 1.00189 1.00273 1.00026 0.999448 0.999803 1.00008 1.00006 0.999999 0.999986 0.999997 1 1 1 1 1 1 
1.18297e-07 -1.18309e-07 1.20294e-07 -6.47899e-08 -1.66469e-06 -2.70531e-06 3.19304e-06 1.43646e-05 7.36594e-07 -6.38312e-05 -7.54991e-05 0.000196957 0.000552021 -0.000256653 -0.00272703 -0.00189104 0.0099714 0.0196431 -0.0213612 -0.109049 -0.00607664 0.5 1.00608 1.10905 1.02136 0.980357 0.990029 1.00189 1.00273 1.00026 0.999448 0.999803 1.00008 1.00006 0.999999 0.999986 0.999997 1 1 1 1 1 1 
1.18309e-07 -1.18321e-07 1.20303e-07 -6.4759e-08 -1.66472e-06 -2.70558e-06 3.1925e-06 1.43642e-05 7.37212e-07 -6.38288e-05 -7.54955e-05 0.000196959 0.000552017 -0.000256663 -0.00272704 -0.00189104 0.00997142 0.0196431 -0.0213612 -0.109049 -0.00607671 0.5 1.00608 1.10905 1.02136 0.980357 0.990029 1.00189 1.00273 1.00026 0.999448 0.999803 1.00008 1.00006 0.999999 0.999986 0.999997 1 1 1 1 1 1 
1.18321e-07 -1.18332e-07 1.20311e-07 -6.47264e-08 -1.66474e-06 -2.70581e-06 3.19199e-06 1.43637e-05 7.37608e-07 -6.38267e-05 -7.54921e-05 0.000196961 0.000552014 -0.000256672 -0.00272706 -0.00189104 0.00997144 0.0196432 -0.0213612 -0.109049 -0.00607677 0.5 1.00608 1.10905 1.02136 0.980357 0.990029 1.00189 1.00273 1.00026 0.999448 0.999803 1.00008 1.00006 0.999999 0.999986 0.999997 1 1 1 1 1 1 
1.18332e-07 -1.18342e-07 1.20316e-07 -6.4693e-08 -1.66475e-06 -2.70601e-06 3.1915e-06 1.43632e-05 7.37807e-07 -6.38249e-05 -7.54889e-05 0.000196964 0.000552013 -0.00025668 -0.00272707 -0.00189105 0.00997146 0.0196432 -0.0213611 -0.109049 -0.00607682 0.5 1.00608 1.10905 1.02136 0.980357 0.990029 1.00189 1.00273 1.00026 0.999448 0.999803 1.00008 1.00006 0.999999 0.999986 0.999997 1 1 1 1 1 1 
1.18342e-07 -1.18352e-07 1.2032e-07 -6.46594e-08 -1.66474e-06 -2.70617e-06 3.19106e-06 1.43626e-05 7.37835e-07 -6.38234e-05 -7.54859e-05 0.000196967 0.000552012 -0.000256687 -0.00272708 -0.00189105 0.00997147 0.0196432 -0.0213611 -0.109049 -0.00607685 0.5 1.00608 1.10905 1.02136 0.980357 0.990029 1.00189 1.00273 1.00026 0.999448 0.999803 1.00008 1.00006 0.999999 0.999986 0.999997 1 1 1 1 1 1 
1.18352e-07 -1.18361e-07 1.20323e-07 -6.46265e-08 -1.66472e-06 -2.70629e-06 3.19065e-06 1.4362e-05 7.37718e-07 -6.38222e-05 -7.54831e-05 0.00019697 0.000552012 -0.000256693 -0.00272709 -0.00189106 0.00997148 0.0196433 -0.0213611 -0.109049 -0.00607688 0.5 1.00608 1.10905 1.02136 0.980357 0.990029 1.00189 1.00273 1.00026 0.999448 0.999803 1.00008 1.00006 0.999999 0.999986 0.999997 1 1 1 1 1 1 
