0 0 0 0 0 0 0 0 0 0 0 0 0 0 0 0 0 0 0 0 0 0.5 1 1 1 1 1 1 1 1 1 1 1 1 1 1 1 1 1 1 1 1 1 
0 0 0 0 0 0 0 0 0 0 0 0 0 0 0 0 0 0 0 -0.0208333 0.0763889 0.5 0.923611 1.02083 1 1 1 1 1 1 1 1 1 1 1 1 1 1 1 1 1 1 1 
0 0 0 0 0 0 0 0 0 0 0 0 0 0 0 0 0 0.000868056 -0.00631945 -0.0170826 0.109132 0.5 0.890868 1.01708 1.00632 0.999132 1 1 1 1 1 1 1 1 1 1 1 1 1 1 1 1 1 
0 0 0 0 0 0 0 0 0 0 0 0 0 0 0 -3.6169e-05 0.000395852 0.000166184 -0.00981036 -0.011504 0.126917 0.5 0.873083 1.0115 1.00981 0.999834 0.999604 1.00004 1 1 1 1 1 1 1 1 1 1 1 1 1 1 1 
0 0 0 0 0 0 0 0 0 0 0 0 0 1.50704e-06 -2.20203e-05 3.66946e-05 0.000607556 -0.000794831 -0.0115427 -0.00684386 0.13771 0.5 0.86229 1.00684 1.01154 1.00079 0.999392 0.999963 1.00002 0.999998 1 1 1 1 1 1 1 1 1 1 1 1 1 
0 0 0 0 0 0 0 0 0 0 0 -6.27934e-08 1.14775e-06 -4.18834e-06 -2.95177e-05 0.000136166 0.000654368 -0.00162656 -0.0123886 -0.00329785 0.144692 0.5 0.855308 1.0033 1.01239 1.00163 0.999346 0.999864 1.00003 1 0.999999 1 1 1 1 1 1 1 1 1 1 1 1 
0 0 0 0 0 0 0 0 0 2.61639e-09 -5.74165e-08 3.20504e-07 1.10646e-06 -1.17755e-05 -2.15342e-05 0.00022171 0.000616361 -0.00226904 -0.0127969 -0.000665918 0.149396 0.5 0.850604 1.00067 1.0128 1.00227 0.999384 0.999778 1.00002 1.00001 0.999999 1 1 1 1 1 1 1 1 1 1 1 1 
0 0 0 0 0 0 0 -1.09016e-10 2.79208e-09 -2.09029e-08 -2.31402e-08 7.91208e-07 -2.84712e-07 -1.76573e-05 -5.58427e-06 0.000284738 0.000545818 -0.00274702 -0.012989 0.00127457 0.152654 0.5 0.847346 0.998725 1.01299 1.00275 0.999454 0.999715 1.00001 1.00002 1 0.999999 1 1 1 1 1 1 1 1 1 1 1 
0 0 0 0 0 4.54234e-12 -1.32992e-10 1.24655e-09 -9.58927e-10 -4.5383e-08 1.15362e-07 1.05341e-06 -2.3448e-06 -2.10141e-05 1.24691e-05 0.000328067 0.000469402 -0.0030985 -0.0130743 0.00270398 0.154954 0.5 0.845046 0.997296 1.01307 1.0031 0.999531 0.999672 0.999988 1.00002 1 0.999999 1 1 1 1 1 1 1 1 1 1 1 
0 0 0 -1.89264e-13 6.2353e-12 -7.01337e-11 1.69679e-10 2.28474e-09 -1.17952e-08 -4.77181e-08 2.97906e-07 1.04413e-06 -4.48e-06 -2.22751e-05 2.95062e-05 0.000356847 0.000398884 -0.00335663 -0.0131079 0.00375785 0.1566 0.5 0.8434 0.996242 1.01311 1.00336 0.999601 0.999643 0.99997 1.00002 1 0.999999 1 1 1 1 1 1 1 1 1 1 1 
0 0 -2.91348e-13 3.78548e-12 -1.49306e-11 -1.0007e-10 8.97652e-10 1.30478e-09 -2.44718e-08 -2.39553e-08 4.69369e-07 8.24616e-07 -6.37204e-06 -2.21461e-05 4.42641e-05 0.000375645 0.000338455 -0.00354674 -0.0131174 0.00453579 0.157789 0.5 0.842211 0.995464 1.01312 1.00355 0.999662 0.999624 0.999956 1.00002 1.00001 0.999999 1 1 1 1 1 1 1 1 1 1 1 
0 -1.24037e-25 1.13163e-12 3.58707e-12 -5.84628e-11 3.14136e-11 1.60556e-09 -1.84787e-09 -3.41821e-08 1.83608e-08 6.01656e-07 4.84126e-07 -7.91104e-06 -2.1235e-05 5.64698e-05 0.000387845 0.00028874 -0.00368737 -0.0131165 0.00511063 0.158655 0.5 0.841345 0.994889 1.01312 1.00369 0.999711 0.999612 0.999944 1.00002 1.00001 1 0.999999 1 1 1 1 1 1 1 1 1 1 
1.24037e-25 1.06745e-24 3.50531e-12 -8.20105e-12 -8.82051e-11 3.18382e-10 1.89906e-09 -6.33269e-09 -3.87372e-08 6.9222e-08 6.88563e-07 9.70476e-08 -9.1003e-06 -1.99679e-05 6.62996e-05 0.000395771 0.000248847 -0.00379187 -0.0131119 0.00553564 0.159289 0.5 0.840711 0.994464 1.01311 1.00379 0.999751 0.999604 0.999934 1.00002 1.00001 1 0.999999 1 1 1 1 1 1 1 1 1 1 
-1.06745e-24 2.71168e-24 3.76892e-12 -2.95433e-11 -7.41765e-11 6.73946e-10 1.63126e-09 -1.11321e-08 -3.81389e-08 1.20654e-07 7.35624e-07 -2.87184e-07 -9.99045e-06 -1.86105e-05 7.40925e-05 0.00040096 0.000217359 -0.00386986 -0.0131068 0.00584991 0.159754 0.5 0.840246 0.99415 1.01311 1.00387 0.999783 0.999599 0.999926 1.00002 1.00001 1 0.999999 1 1 1 1 1 1 1 1 1 1 
-2.71168e-24 -1.79376e-24 -2.62821e-13 -5.2213e-11 -9.03701e-12 1.00238e-09 8.63008e-10 -1.54906e-08 -3.352e-08 1.67777e-07 7.52538e-07 -6.40855e-07 -1.06437e-05 -1.73123e-05 8.02129e-05 0.000404404 0.000192793 -0.00392827 -0.0131025 0.00608223 0.160096 0.5 0.839904 0.993918 1.0131 1.00393 0.999807 0.999596 0.99992 1.00002 1.00001 1 0.999999 1 1 1 1 1 1 1 1 1 1 
1.79376e-24 1.29453e-25 -8.43513e-12 -6.78829e-11 9.60203e-11 1.23961e-09 -2.44873e-10 -1.90114e-08 -2.63145e-08 2.0832e-07 7.49036e-07 -9.51499e-07 -1.11177e-05 -1.61468e-05 8.49931e-05 0.000406737 0.000173795 -0.00397214 -0.0130992 0.00625381 0.160348 0.5 0.839652 0.993746 1.0131 1.00397 0.999826 0.999593 0.999915 1.00002 1.00001 1 0.999999 1 1 1 1 1 1 1 1 1 1 
-1.29453e-25 4.11274e-23 -1.88293e-11 -7.16139e-11 2.2198e-10 1.36066e-09 -1.518e-09 -2.15856e-08 -1.78078e-08 2.41756e-07 7.33157e-07 -1.21607e-06 -1.146e-05 -1.51417e-05 8.87144e-05 0.000408358 0.000159205 -0.00400517 -0.0130971 0.00638039 0.160535 0.5 0.839465 0.99362 1.0131 1.00401 0.999841 0.999592 0.999911 1.00002 1.00001 1 0.999999 1 1 1 1 1 1 1 1 1 1 
-4.11274e-23 1.36826e-22 -2.90304e-11 -6.23516e-11 3.50583e-10 1.37018e-09 -2.81385e-09 -2.32828e-08 -8.97078e-09 2.68535e-07 7.10851e-07 -1.4367e-06 -1.17072e-05 -1.42986e-05 9.16061e-05 0.00040952 0.000148069 -0.00403007 -0.0130959 0.00647362 0.160672 0.5 0.839328 0.993526 1.0131 1.00403 0.999852 0.99959 0.999908 1.00001 1.00001 1 0.999999 1 1 1 1 1 1 1 1 1 1 
-1.36826e-22 2.64113e-22 -3.70955e-11 -4.18438e-11 4.68553e-10 1.28926e-09 -4.0356e-09 -2.42565e-08 -4.49515e-10 2.89552e-07 6.86184e-07 -1.618e-06 -1.18864e-05 -1.36054e-05 9.38506e-05 0.00041038 0.000139614 -0.00404885 -0.0130954 0.00654214 0.160773 0.5 0.839227 0.993458 1.0131 1.00405 0.99986 0.99959 0.999906 1.00001 1.00001 1 0.999999 1 1 1 1 1 1 1 1 1 1 
-2.64113e-22 3.77453e-22 -4.19535e-11 -1.3229e-11 5.6842e-10 1.14459e-09 -5.12864e-09 -2.46823e-08 7.37843e-09 3.05823e-07 6.61727e-07 -1.76544e-06 -1.20174e-05 -1.30442e-05 9.55915e-05 0.000411037 0.000133228 -0.00406302 -0.0130954 0.00659238 0.160847 0.5 0.839153 0.993408 1.0131 1.00406 0.999867 0.999589 0.999904 1.00001 1.00001 1 0.999999 1 1 1 1 1 1 1 1 1 1 
-3.77453e-22 4.38972e-22 -4.33696e-11 2.00846e-11 6.47538e-10 9.61703e-10 -6.07044e-09 -2.47231e-08 1.43318e-08 3.1831e-07 6.3897e-07 -1.88443e-06 -1.21142e-05 -1.25956e-05 9.69411e-05 0.000411553 0.000128428 -0.00407371 -0.0130957 0.00662913 0.160902 0.5 0.839098 0.993371 1.0131 1.00407 0.999872 0.999588 0.999903 1.00001 1.00001 1 0.999999 1 1 1 1 1 1 1 1 1 1 
-4.38972e-22 4.35731e-22 -4.1704e-11 5.50909e-11 7.06544e-10 7.61701e-10 -6.85983e-09 -2.4514e-08 2.03605e-08 3.27847e-07 6.18662e-07 -1.97992e-06 -1.21867e-05 -1.22405e-05 9.79867e-05 0.000411968 0.000124839 -0.00408176 -0.0130962 0.00665591 0.160942 0.5 0.839058 0.993344 1.0131 1.00408 0.999875 0.999588 0.999902 1.00001 1.00001 1 0.999999 1 1 1 1 1 1 1 1 1 1 
-4.35731e-22 3.7854e-22 -3.76342e-11 8.9479e-11 7.47916e-10 5.60254e-10 -7.50802e-09 -2.41588e-08 2.54945e-08 3.35123e-07 6.0107e-07 -2.05623e-06 -1.22418e-05 -1.1962e-05 9.87961e-05 0.000412307 0.00012217 -0.00408781 -0.0130968 0.00667537 0.160971 0.5 0.839029 0.993325 1.0131 1.00409 0.999878 0.999588 0.999901 1.00001 1.00001 1 0.999999 1 1 1 1 1 1 1 1 1 1 
-3.7854e-22 2.9069e-22 -3.19309e-11 1.21676e-10 7.74881e-10 3.67935e-10 -8.03221e-09 -2.37326e-08 2.98075e-08 3.40681e-07 5.86169e-07 -2.11701e-06 -1.22843e-05 -1.17454e-05 9.94221e-05 0.000412588 0.000120195 -0.00409236 -0.0130974 0.00668945 0.160992 0.5 0.839008 0.993311 1.0131 1.00409 0.99988 0.999587 0.999901 1.00001 1.00001 1 0.999999 1 1 1 1 1 1 1 1 1 1 
-2.9069e-22 1.96378e-22 -2.5312e-11 1.50755e-10 7.90727e-10 1.91116e-10 -8.45143e-09 -2.32869e-08 3.33931e-08 3.44942e-07 5.73768e-07 -2.1653e-06 -1.23176e-05 -1.15781e-05 9.99056e-05 0.000412821 0.000118743 -0.00409577 -0.013098 0.0066996 0.161008 0.5 0.838992 0.9933 1.0131 1.0041 0.999881 0.999587 0.9999 1.00001 1.00001 1 0.999999 1 1 1 1 1 1 1 1 1 1 
-1.96378e-22 1.13652e-22 -1.83677e-11 1.76298e-10 7.98412e-10 3.29905e-11 -8.78405e-09 -2.28545e-08 3.635e-08 3.48227e-07 5.63596e-07 -2.20358e-06 -1.23441e-05 -1.14499e-05 0.000100279 0.000413016 0.000117682 -0.00409831 -0.0130985 0.00670688 0.161019 0.5 0.838981 0.993293 1.0131 1.0041 0.999882 0.999587 0.9999 1.00001 1.00001 1 0.999999 1 1 1 1 1 1 1 1 1 1 
-1.13652e-22 5.22936e-23 -1.15373e-11 1.98244e-10 8.00402e-10 -1.0547e-10 -9.04661e-09 -2.24548e-08 3.87726e-08 3.50778e-07 5.55355e-07 -2.23386e-06 -1.23653e-05 -1.13524e-05 0.000100566 0.000413179 0.000116913 -0.0041002 -0.013099 0.00671207 0.161027 0.5 0.838973 0.993288 1.0131 1.0041 0.999883 0.999587 0.999899 1.00001 1.00001 1 0.999999 1 1 1 1 1 1 1 1 1 1 
-5.22936e-23 1.49235e-23 -5.11657e-12 2.16768e-10 7.98642e-10 -2.24745e-10 -9.25325e-09 -2.20976e-08 4.07471e-08 3.52774e-07 5.48749e-07 -2.25776e-06 -1.23825e-05 -1.12787e-05 0.000100786 0.000413315 0.00011636 -0.0041016 -0.0130994 0.00671576 0.161033 0.5 0.838967 0.993284 1.0131 1.0041 0.999884 0.999587 0.999899 1.00001 1.00001 1 0.999999 1 1 1 1 1 1 1 1 1 1 
-1.49235e-23 -6.15658e-25 7.19401e-13 2.32179e-10 7.94596e-10 -3.26178e-10 -9.41571e-09 -2.17865e-08 4.23496e-08 3.54349e-07 5.43506e-07 -2.27659e-06 -1.23966e-05 -1.12234e-05 0.000100955 0.000413428 0.000115965 -0.00410264 -0.0130998 0.00671835 0.161037 0.5 0.838963 0.993282 1.0131 1.0041 0.999884 0.999587 0.999899 1.00001 1.00001 1 0.999999 1 1 1 1 1 1 1 1 1 1 
6.15658e-25 1.12049e-24 5.88801e-12 2.44847e-10 7.89322e-10 -4.11556e-10 -9.54351e-09 -2.15208e-08 4.36454e-08 3.55602e-07 5.39383e-07 -2.2914e-06 -1.24081e-05 -1.11823e-05 0.000101085 0.000413521 0.000115687 -0.0041034 -0.0131001 0.00672017 0.16104 0.5 0.83896 0.99328 1.0131 1.0041 0.999884 0.999586 0.999899 1.00001 1.00001 1 0.999999 1 1 1 1 1 1 1 1 1 1 
-1.12049e-24 1.49538e-23 1.03728e-11 2.5516e-10 7.83554e-10 -4.82829e-10 -9.64425e-09 -2.12977e-08 4.46899e-08 3.56607e-07 5.36168e-07 -2.30301e-06 -1.24177e-05 -1.1152e-05 0.000101183 0.000413598 0.000115493 -0.00410396 -0.0131003 0.00672144 0.161042 0.5 0.838958 0.993279 1.0131 1.0041 0.999885 0.999586 0.999899 1.00001 1.00001 1 0.999999 1 1 1 1 1 1 1 1 1 1 
-1.49538e-23 3.61522e-23 1.42006e-11 2.63489e-10 7.77777e-10 -5.41929e-10 -9.7239e-09 -2.11129e-08 4.55296e-08 3.57419e-07 5.33683e-07 -2.31211e-06 -1.24255e-05 -1.11299e-05 0.000101258 0.000413661 0.00011536 -0.00410436 -0.0131005 0.00672231 0.161044 0.5 0.838956 0.993278 1.0131 1.0041 0.999885 0.999586 0.999899 1.00001 1.00001 1 0.999999 1 1 1 1 1 1 1 1 1 1 
-3.61522e-23 6.09205e-23 1.74244e-11 2.70172e-10 7.72296e-10 -5.90667e-10 -9.78713e-09 -2.09617e-08 4.62028e-08 3.58078e-07 5.31779e-07 -2.31921e-06 -1.2432e-05 -1.1114e-05 0.000101314 0.000413712 0.00011527 -0.00410465 -0.0131007 0.0067229 0.161045 0.5 0.838955 0.993277 1.0131 1.0041 0.999885 0.999586 0.999899 1.00001 1.00001 1 0.999999 1 1 1 1 1 1 1 1 1 1 
-6.09205e-23 8.6506e-23 2.01099e-11 2.75506e-10 7.67281e-10 -6.30677e-10 -9.83755e-09 -2.08393e-08 4.67412e-08 3.58617e-07 5.30334e-07 -2.32474e-06 -1.24373e-05 -1.11026e-05 0.000101357 0.000413754 0.000115211 -0.00410486 -0.0131008 0.0067233 0.161045 0.5 0.838955 0.993277 1.0131 1.0041 0.999885 0.999586 0.999899 1.00001 1.00001 1 0.999999 1 1 1 1 1 1 1 1 1 1 
-8.6506e-23 1.11097e-22 2.23268e-11 2.79746e-10 7.62814e-10 -6.634e-10 -9.87796e-09 -2.07412e-08 4.71708e-08 3.59059e-07 5.29247e-07 -2.32903e-06 -1.24417e-05 -1.10946e-05 0.000101389 0.000413787 0.000115173 -0.00410501 -0.0131009 0.00672357 0.161046 0.5 0.838954 0.993276 1.0131 1.00411 0.999885 0.999586 0.999899 1.00001 1.00001 1 0.999999 1 1 1 1 1 1 1 1 1 1 
-1.11097e-22 1.33632e-22 2.41433e-11 2.83107e-10 7.58917e-10 -6.90075e-10 -9.9105e-09 -2.06633e-08 4.75127e-08 3.59423e-07 5.28439e-07 -2.33236e-06 -1.24453e-05 -1.10891e-05 0.000101412 0.000413814 0.00011515 -0.00410511 -0.013101 0.00672375 0.161046 0.5 0.838954 0.993276 1.0131 1.00411 0.999885 0.999586 0.999899 1.00001 1.00001 1 0.999999 1 1 1 1 1 1 1 1 1 1 
-1.33632e-22 1.536e-22 2.56227e-11 2.85765e-10 7.55574e-10 -7.11761e-10 -9.93685e-09 -2.06022e-08 4.77841e-08 3.59722e-07 5.27844e-07 -2.33492e-06 -1.24483e-05 -1.10854e-05 0.00010143 0.000413835 0.000115136 -0.00410518 -0.013101 0.00672386 0.161046 0.5 0.838954 0.993276 1.0131 1.00411 0.999885 0.999586 0.999899 1.00001 1.00001 1 0.999999 1 1 1 1 1 1 1 1 1 1 
-1.536e-22 1.70859e-22 2.68214e-11 2.87866e-10 7.52746e-10 -7.29348e-10 -9.95828e-09 -2.05545e-08 4.7999e-08 3.59969e-07 5.27414e-07 -2.33689e-06 -1.24507e-05 -1.1083e-05 0.000101443 0.000413851 0.00011513 -0.00410523 -0.0131011 0.00672393 0.161047 0.5 0.838953 0.993276 1.0131 1.00411 0.999885 0.999586 0.999899 1.00001 1.00001 1 0.999999 1 1 1 1 1 1 1 1 1 1 
-1.70859e-22 1.855e-22 2.77888e-11 2.89524e-10 7.50383e-10 -7.43578e-10 -9.97578e-09 -2.05178e-08 4.81687e-08 3.60172e-07 5.27106e-07 -2.3384e-06 -1.24526e-05 -1.10815e-05 0.000101452 0.000413864 0.000115127 -0.00410526 -0.0131011 0.00672398 0.161047 0.5 0.838953 0.993276 1.0131 1.00411 0.999885 0.999586 0.999899 1.00001 1.00001 1 0.999999 1 1 1 1 1 1 1 1 1 1 
-1.855e-22 1.97743e-22 2.85668e-11 2.90835e-10 7.48429e-10 -7.55068e-10 -9.99013e-09 -2.04898e-08 4.83023e-08 3.6034e-07 5.26891e-07 -2.33954e-06 -1.24542e-05 -1.10807e-05 0.000101459 0.000413875 0.000115127 -0.00410528 -0.0131011 0.006724 0.161047 0.5 0.838953 0.993276 1.0131 1.00411 0.999885 0.999586 0.999899 1.00001 1.00001 1 0.999999 1 1 1 1 1 1 1 1 1 1 
