0 0 0 0 0 0 0 0 0 0 0 0 0 0 0 0 0 0 0 0 0 0.5 1 1 1 1 1 1 1 1 1 1 1 1 1 1 1 1 1 1 1 1 1 
0 -4.36069e-21 4.67359e-20 -5.05289e-19 5.46256e-18 -5.90546e-17 6.38426e-16 -6.90188e-15 7.46148e-14 -8.06644e-13 8.72045e-12 -9.42748e-11 1.01918e-09 -1.10182e-08 1.19115e-07 -1.28773e-06 1.39213e-05 -0.000150501 0.00162703 -0.0175894 -0.0106476 0.5 1.01065 1.01759 0.998373 1.00015 0.999986 1 1 1 1 1 1 1 1 1 1 1 1 1 1 1 1 
4.36069e-21 2.73694e-19 -3.01793e-18 3.04949e-17 -3.06909e-16 3.07179e-15 -3.05476e-14 3.01477e-13 -2.94822e-12 2.85106e-11 -2.71876e-10 2.54627e-09 -2.32794e-08 2.05746e-07 -1.72782e-06 1.3312e-05 -8.58938e-05 0.000301224 0.00353628 -0.0298411 -0.0248868 0.5 1.02489 1.02984 0.996464 0.999699 1.00009 0.999987 1 1 1 1 1 1 1 1 1 1 1 1 1 1 1 
-2.73694e-19 -6.60368e-18 7.61703e-17 -7.05464e-16 6.46271e-15 -5.83085e-14 5.16494e-13 -4.47261e-12 3.76368e-11 -3.05051e-10 2.34844e-09 -1.67623e-08 1.05663e-07 -5.16932e-07 8.96885e-07 1.86557e-05 -0.000266274 0.000958944 0.00589251 -0.037875 -0.040366 0.5 1.04037 1.03787 0.994107 0.999041 1.00027 0.999981 0.999999 1 1 1 1 1 1 1 1 1 1 1 1 1 1 
6.60368e-18 7.40836e-17 -9.2752e-16 7.6038e-15 -6.07406e-14 4.6758e-13 -3.4294e-12 2.35262e-11 -1.45978e-10 7.60274e-10 -2.56864e-09 -5.64399e-09 1.96853e-07 -1.95776e-06 1.02292e-05 1.2689e-05 -0.00051476 0.00158838 0.00859094 -0.0425248 -0.0554973 0.5 1.0555 1.04252 0.991409 0.998412 1.00051 0.999987 0.99999 1 1 1 1 1 1 1 1 1 1 1 1 1 1 
-7.40836e-17 -3.38931e-16 5.20347e-15 -3.45724e-14 2.11754e-13 -1.1269e-12 4.47839e-12 -3.42997e-12 -1.66659e-10 2.12781e-09 -1.6351e-08 7.56547e-08 2.44929e-08 -3.86302e-06 2.6818e-05 2.72978e-06 -0.000818699 0.00205757 0.0114266 -0.0445028 -0.0692452 0.5 1.06925 1.0445 0.988573 0.997942 1.00082 0.999997 0.999973 1 1 1 1 1 1 1 1 1 1 1 1 1 1 
3.38931e-16 -8.34243e-17 -7.25311e-15 1.37683e-14 1.53183e-13 -2.44645e-12 2.16911e-11 -1.35987e-10 5.0742e-10 8.88969e-10 -3.2106e-08 2.51086e-07 -5.73412e-07 -6.30675e-06 5.01865e-05 -1.52201e-06 -0.00115971 0.00230382 0.0141847 -0.0444621 -0.0809978 0.5 1.081 1.04446 0.985815 0.997696 1.00116 1 0.99995 1.00001 1 1 1 1 1 1 1 1 1 1 1 1 1 
8.34243e-17 3.35437e-15 -2.9422e-14 2.0515e-13 -1.05772e-12 2.65714e-12 1.83324e-11 -3.06647e-10 2.18579e-09 -6.45915e-09 -4.01259e-08 5.41994e-07 -1.66652e-06 -9.65766e-06 7.89855e-05 8.43677e-06 -0.00151466 0.00231287 0.0166864 -0.0430042 -0.0904746 0.5 1.09047 1.043 0.983314 0.997687 1.00151 0.999992 0.999921 1.00001 1 0.999999 1 1 1 1 1 1 1 1 1 1 1 
-3.35437e-15 5.0749e-15 4.1656e-15 2.7582e-13 -3.03766e-12 1.8861e-11 -5.17522e-11 -3.30738e-10 4.91628e-09 -2.35108e-08 -3.27886e-08 9.75195e-07 -3.22496e-06 -1.44162e-05 0.000111129 3.82132e-05 -0.00185895 0.00210387 0.0188066 -0.040666 -0.0976493 0.5 1.09765 1.04067 0.981193 0.997896 1.00186 0.999962 0.999889 1.00001 1 0.999999 1 1 1 1 1 1 1 1 1 1 1 
-5.0749e-15 -1.14647e-14 1.62785e-13 -3.1916e-13 -3.53622e-12 4.53314e-11 -2.39623e-10 6.02974e-11 8.65035e-09 -5.38181e-08 -7.97294e-09 1.58243e-06 -5.12397e-06 -2.10383e-05 0.000144031 8.99501e-05 -0.00216984 0.00171744 0.0204772 -0.0379015 -0.102679 0.5 1.10268 1.0379 0.979523 0.998283 1.00217 0.99991 0.999856 1.00002 1.00001 0.999998 1 1 1 1 1 1 1 1 1 1 1 
1.14647e-14 -6.5291e-14 4.37397e-13 -2.2118e-12 1.57989e-12 7.43405e-11 -5.97921e-10 1.17873e-09 1.34789e-08 -1.00726e-07 2.91164e-08 2.39357e-06 -7.15994e-06 -2.97975e-05 0.00017493 0.000162474 -0.00242918 0.00120579 0.0216802 -0.0350705 -0.105841 0.5 1.10584 1.03507 0.97832 0.998794 1.00243 0.999838 0.999825 1.00003 1.00001 0.999998 1 1 1 1 1 1 1 1 1 1 1 
6.5291e-14 -1.56586e-13 6.73737e-13 -5.92452e-12 1.81078e-11 9.23095e-11 -1.18562e-09 3.33743e-09 1.98429e-08 -1.66992e-07 6.56926e-08 3.42729e-06 -9.07723e-06 -4.07032e-05 0.000201233 0.000251892 -0.00262492 0.000624552 0.0224383 -0.0324355 -0.107477 0.5 1.10748 1.03244 0.977562 0.999375 1.00262 0.999748 0.999799 1.00004 1.00001 0.999997 1 1 1 1 1 1 1 1 1 1 1 
1.56586e-13 -2.40108e-13 5.39623e-13 -1.17762e-11 5.33643e-11 8.27137e-11 -2.07688e-09 6.80039e-09 2.8658e-08 -2.54203e-07 8.26019e-08 4.68252e-06 -1.06023e-05 -5.34782e-05 0.000220815 0.000352431 -0.00275172 2.65157e-05 0.0228031 -0.0301669 -0.107946 0.5 1.10795 1.03017 0.977197 0.999973 1.00275 0.999648 0.999779 1.00005 1.00001 0.999995 1 1 1 1 1 1 1 1 1 1 1 
2.40108e-13 -2.00628e-13 -4.74828e-13 -1.99358e-11 1.16188e-10 3.03843e-11 -3.36898e-09 1.17262e-08 4.13216e-08 -3.62133e-07 5.67694e-08 6.13293e-06 -1.148e-05 -6.75877e-05 0.000232242 0.000457363 -0.00281055 -0.000542989 0.0228446 -0.0283553 -0.107593 0.5 1.10759 1.02836 0.977155 1.00054 1.00281 0.999543 0.999768 1.00007 1.00001 0.999994 1 1 1 1 1 1 1 1 1 1 1 
2.00628e-13 1.64679e-13 -3.03266e-12 -3.06252e-11 2.16961e-10 -7.3249e-11 -5.18487e-09 1.8109e-08 5.95941e-08 -4.8821e-07 -3.55314e-08 7.72573e-06 -1.15074e-05 -8.2306e-05 0.000234882 0.000559889 -0.00280774 -0.00104887 0.0226409 -0.0270264 -0.106725 0.5 1.10673 1.02703 0.977359 1.00105 1.00281 0.99944 0.999765 1.00008 1.00001 0.999992 1 1 1 1 1 1 1 1 1 1 1 
-1.64679e-13 1.15421e-12 -7.90731e-12 -4.44442e-11 3.67416e-10 -2.24578e-10 -7.66747e-09 2.57277e-08 8.53718e-08 -6.27263e-07 -2.15107e-07 9.38481e-06 -1.05588e-05 -9.68064e-05 0.000228918 0.000653878 -0.00275359 -0.00146751 0.0222706 -0.0261575 -0.105597 0.5 1.1056 1.02616 0.977729 1.00147 1.00275 0.999346 0.999771 1.0001 1.00001 0.999991 1 1 1 1 1 1 1 1 1 1 1 
-1.15421e-12 3.15874e-12 -1.59218e-11 -6.27665e-11 5.79995e-10 -4.02741e-10 -1.09648e-08 3.41141e-08 1.20386e-07 -7.71619e-07 -4.96525e-07 1.10177e-05 -8.60132e-06 -0.000110258 0.00021526 0.000734418 -0.00266082 -0.00178661 0.0218069 -0.0256932 -0.104405 0.5 1.1044 1.02569 0.978193 1.00179 1.00266 0.999266 0.999785 1.00011 1.00001 0.999989 1 1 1 1 1 1 1 1 1 1 1 
-3.15874e-12 6.64543e-12 -2.78659e-11 -8.81348e-11 8.6662e-10 -5.66046e-10 -1.52075e-08 4.25516e-08 1.65878e-07 -9.11612e-07 -8.85536e-07 1.25251e-05 -5.69748e-06 -0.000121913 0.000195396 0.000798155 -0.00254311 -0.00200412 0.0213123 -0.0255593 -0.103292 0.5 1.10329 1.02556 0.978688 1.002 1.00254 0.999202 0.999805 1.00012 1.00001 0.999987 1 1 1 1 1 1 1 1 1 1 1 
-6.64543e-12 1.21269e-11 -4.43863e-11 -1.24568e-10 1.23686e-09 -6.50889e-10 -2.04809e-08 5.01098e-08 2.22302e-07 -1.03641e-06 -1.37761e-06 1.38111e-05 -1.99707e-06 -0.000131187 0.000171193 0.000843406 -0.00241377 -0.00212633 0.0208371 -0.0256738 -0.102349 0.5 1.10235 1.02567 0.979163 1.00213 1.00241 0.999157 0.999829 1.00013 1 0.999986 1 1 1 1 1 1 1 1 1 1 1 
-1.21269e-11 2.01134e-11 -6.58526e-11 -1.77689e-10 1.69566e-09 -5.73897e-10 -2.67978e-08 5.57156e-08 2.8911e-07 -1.13511e-06 -1.95774e-06 1.47939e-05 2.28059e-06 -0.000137699 0.000144689 0.000870099 -0.00228462 -0.00216569 0.0204175 -0.0259562 -0.101623 0.5 1.10162 1.02596 0.979583 1.00217 1.00228 0.99913 0.999855 1.00014 0.999998 0.999985 1 1 1 1 1 1 1 1 1 1 1 
-2.01134e-11 3.10474e-11 -9.2206e-11 -2.54602e-10 2.24092e-09 -2.3763e-10 -3.4075e-08 5.82547e-08 3.64649e-07 -1.19786e-06 -2.60155e-06 1.54137e-05 6.87077e-06 -0.000141299 0.00011789 0.000879556 -0.00216534 -0.00213853 0.0200761 -0.0263333 -0.101125 0.5 1.10113 1.02633 0.979924 1.00214 1.00217 0.99912 0.999882 1.00014 0.999993 0.999985 1 1 1 1 1 1 1 1 1 1 1 
-3.10474e-11 4.52227e-11 -1.22811e-10 -3.63462e-10 2.86135e-09 4.60415e-10 -4.21189e-08 5.66915e-08 4.46196e-07 -1.21698e-06 -3.27749e-06 1.56385e-05 1.14907e-05 -0.000142066 9.26007e-05 0.000874188 -0.00206303 -0.00206292 0.0198235 -0.0267438 -0.100844 0.5 1.10084 1.02674 0.980176 1.00206 1.00206 0.999126 0.999907 1.00014 0.999989 0.999984 1 1 1 1 1 1 1 1 1 1 1 
-4.52227e-11 6.26941e-11 -1.56337e-10 -5.12738e-10 3.53497e-09 1.61629e-09 -5.06244e-08 5.01934e-08 5.30126e-07 -1.18787e-06 -3.94982e-06 1.54669e-05 1.58664e-05 -0.000140278 7.02937e-05 0.000857128 -0.00198206 -0.00195677 0.01966 -0.0271399 -0.100747 0.5 1.10075 1.02714 0.98034 1.00196 1.00198 0.999143 0.99993 1.00014 0.999984 0.999985 1 1 0.999999 1 1 1 1 1 1 1 1 
-6.26941e-11 8.31864e-11 -1.90693e-10 -7.10225e-10 4.22878e-09 3.30686e-09 -5.91867e-08 3.82427e-08 6.12201e-07 -1.10954e-06 -4.58197e-06 1.49272e-05 1.97569e-05 -0.000136374 5.20261e-05 0.000831866 -0.00192429 -0.00183643 0.0195779 -0.0274879 -0.100796 0.5 1.1008 1.02749 0.980422 1.00184 1.00192 0.999168 0.999948 1.00014 0.99998 0.999985 1 1 0.999999 1 1 1 1 1 1 1 1 
-8.31864e-11 1.06018e-10 -2.23049e-10 -9.61894e-10 4.89964e-09 5.57752e-09 -6.73279e-08 2.0721e-08 6.87941e-07 -9.84823e-07 -5.13999e-06 1.40738e-05 2.2973e-05 -0.000130899 3.84076e-05 0.000801903 -0.00188935 -0.00171567 0.0195646 -0.0277675 -0.100947 0.5 1.10095 1.02777 0.980435 1.00172 1.00189 0.999198 0.999962 1.00013 0.999977 0.999986 1.00001 1 0.999999 1 1 1 1 1 1 1 1 
-1.06018e-10 1.3005e-10 -2.49961e-10 -1.27071e-09 5.49666e-09 8.43184e-09 -7.45347e-08 -2.04516e-09 7.53032e-07 -8.20171e-07 -5.59551e-06 1.29813e-05 2.53889e-05 -0.000124446 2.96124e-05 0.000770475 -0.00187512 -0.00160512 0.0196041 -0.0279699 -0.101158 0.5 1.10116 1.02797 0.980396 1.00161 1.00188 0.99923 0.99997 1.00012 0.999975 0.999987 1.00001 1 0.999999 1 1 1 1 1 1 1 1 
-1.3005e-10 1.53682e-10 -2.67593e-10 -1.63562e-09 5.96488e-09 1.18249e-08 -8.03031e-08 -2.92833e-08 8.03729e-07 -6.25088e-07 -5.92811e-06 1.1737e-05 2.69478e-05 -0.000117607 2.54273e-05 0.000740329 -0.00187825 -0.00151205 0.0196798 -0.0280958 -0.101394 0.5 1.10139 1.0281 0.98032 1.00151 1.00188 0.99926 0.999975 1.00012 0.999973 0.999988 1.00001 1 0.999999 1 1 1 1 1 1 1 1 
-1.53682e-10 1.74894e-10 -2.72044e-10 -2.0508e-09 6.2499e-09 1.56614e-08 -8.41866e-08 -5.98209e-08 8.37203e-07 -4.11279e-07 -6.12676e-06 1.04327e-05 2.76597e-05 -0.000110919 2.53267e-05 0.000713592 -0.00189466 -0.00144056 0.019776 -0.0281527 -0.101626 0.5 1.10163 1.02815 0.980224 1.00144 1.00189 0.999286 0.999975 1.00011 0.999972 0.99999 1.00001 1 0.999999 1 1 1 1 1 1 1 1 
-1.74894e-10 1.9135e-10 -2.59733e-10 -2.50533e-09 6.30313e-09 1.97985e-08 -8.58404e-08 -9.21734e-08 8.518e-07 -1.91612e-07 -6.19034e-06 9.15697e-06 2.75939e-05 -0.000104835 2.85632e-05 0.000691714 -0.00192005 -0.00139194 0.0198788 -0.0281526 -0.101831 0.5 1.10183 1.02815 0.980121 1.00139 1.00192 0.999308 0.999971 1.0001 0.999972 0.999991 1.00001 1 0.999999 1 1 1 1 1 1 1 1 
-1.9135e-10 2.00559e-10 -2.27814e-10 -2.98343e-09 6.08694e-09 2.40547e-08 -8.50584e-08 -1.24663e-07 8.47182e-07 2.09886e-08 -6.12717e-06 7.98825e-06 2.68673e-05 -9.96929e-05 3.42621e-05 0.000675468 -0.0019503 -0.00136518 0.0199772 -0.0281098 -0.101997 0.5 1.102 1.02811 0.980023 1.00137 1.00195 0.999325 0.999966 1.0001 0.999973 0.999992 1.00001 1 0.999999 1 1 1 1 1 1 1 1 
-2.00559e-10 2.00076e-10 -1.74572e-10 -3.46523e-09 5.5792e-09 2.82225e-08 -8.17977e-08 -1.55558e-07 8.24345e-07 2.14603e-07 -5.95376e-06 6.98951e-06 2.56293e-05 -9.57097e-05 4.15132e-05 0.00066502 -0.00198174 -0.00135759 0.0200631 -0.0280389 -0.102118 0.5 1.10212 1.02804 0.979937 1.00136 1.00198 0.999335 0.999958 1.0001 0.999974 0.999993 1.00001 1 0.999999 1 1 1 1 1 1 1 1 
-2.00076e-10 1.87734e-10 -9.97363e-11 -3.92795e-09 4.77662e-09 3.20844e-08 -7.61876e-08 -1.83218e-07 7.85514e-07 3.79231e-07 -5.69294e-06 6.20477e-06 2.40464e-05 -9.29801e-05 4.94487e-05 0.000660032 -0.00201142 -0.00136542 0.0201317 -0.0279536 -0.102193 0.5 1.10219 1.02795 0.979868 1.00137 1.00201 0.99934 0.999951 1.00009 0.999976 0.999994 1.00001 1 0.999999 1 1 1 1 1 1 1 1 
-1.87734e-10 1.61882e-10 -4.69189e-12 -4.34764e-09 3.69657e-09 3.54311e-08 -6.85236e-08 -2.06226e-07 7.33925e-07 5.07483e-07 -5.37151e-06 5.65763e-06 2.22869e-05 -9.14875e-05 5.73064e-05 0.00065978 -0.00203715 -0.00138442 0.0201806 -0.0278655 -0.102227 0.5 1.10223 1.02787 0.979819 1.00138 1.00204 0.99934 0.999943 1.00009 0.999978 0.999994 1.00001 0.999999 0.999999 1 1 1 1 1 1 1 1 
-1.61882e-10 1.21598e-10 1.07474e-10 -4.70103e-09 2.37696e-09 3.80785e-08 -5.92453e-08 -2.23499e-07 6.73534e-07 5.94997e-07 -5.01787e-06 5.35174e-06 2.05073e-05 -9.11232e-05 6.4472e-05 0.000663298 -0.00205756 -0.0014103 0.0202101 -0.0277836 -0.102226 0.5 1.10223 1.02778 0.97979 1.00141 1.00206 0.999337 0.999936 1.00009 0.999979 0.999995 1.00001 0.999999 0.999999 1 1 1 1 1 1 1 1 
-1.21598e-10 6.68595e-11 2.32085e-10 -4.9675e-09 8.74203e-10 3.98839e-08 -4.89019e-08 -2.34371e-07 6.08676e-07 6.40564e-07 -4.65962e-06 5.27279e-06 1.8842e-05 -9.17096e-05 7.05027e-05 0.000669501 -0.00207204 -0.00143916 0.0202219 -0.0277141 -0.102198 0.5 1.1022 1.02771 0.979778 1.00144 1.00207 0.99933 0.999929 1.00009 0.999981 0.999995 1 0.999999 0.999999 1 1 1 1 1 1 1 1 
-6.68595e-11 -1.35616e-12 3.63152e-10 -5.13091e-09 -7.40442e-10 4.07577e-08 -3.81083e-08 -2.38627e-07 5.43706e-07 6.45981e-07 -4.32158e-06 5.39186e-06 1.73958e-05 -9.30255e-05 7.51316e-05 0.0006773 -0.00208062 -0.00146771 0.0202191 -0.0276606 -0.102154 0.5 1.10215 1.02766 0.979781 1.00147 1.00208 0.999323 0.999925 1.00009 0.999983 0.999995 1 0.999999 0.999999 1 1 1 1 1 1 1 1 
1.35616e-12 -8.10571e-11 4.93801e-10 -5.18108e-09 -2.38609e-09 4.06713e-08 -2.74964e-08 -2.36505e-07 4.82667e-07 6.15652e-07 -4.02412e-06 5.66953e-06 1.624e-05 -9.48314e-05 7.82578e-05 0.000685696 -0.00208384 -0.00149344 0.0202054 -0.0276244 -0.102101 0.5 1.1021 1.02762 0.979795 1.00149 1.00208 0.999314 0.999922 1.00009 0.999984 0.999994 1 0.999999 1 1 1 1 1 1 1 1 1 
8.10571e-11 -1.69312e-10 6.16792e-10 -5.11479e-09 -3.97824e-09 3.96589e-08 -1.76658e-08 -2.28657e-07 4.29002e-07 5.56019e-07 -3.78214e-06 6.06032e-06 1.54122e-05 -9.68918e-05 7.99229e-05 0.000693844 -0.00208259 -0.00151465 0.0201846 -0.0276047 -0.102047 0.5 1.10205 1.0276 0.979815 1.00151 1.00208 0.999306 0.99992 1.0001 0.999985 0.999994 1 0.999999 1 1 1 1 1 1 1 1 1 
1.69312e-10 -2.62415e-10 7.25103e-10 -4.93621e-09 -5.43524e-09 3.78143e-08 -9.13991e-09 -2.16076e-07 3.85343e-07 4.74872e-07 -3.60459e-06 6.51708e-06 1.49181e-05 -9.89935e-05 8.02812e-05 0.000701096 -0.00207795 -0.00153044 0.0201603 -0.0275994 -0.101997 0.5 1.102 1.0276 0.97984 1.00153 1.00208 0.999299 0.99992 1.0001 0.999985 0.999993 1 1 1 1 1 1 1 1 1 1 1 
2.62415e-10 -3.56125e-10 8.12506e-10 -4.65669e-09 -6.68435e-09 3.52831e-08 -2.32928e-09 -1.99999e-07 3.53377e-07 3.80619e-07 -3.49447e-06 6.99491e-06 1.47367e-05 -0.000100959 7.95655e-05 0.000707013 -0.00207108 -0.00154059 0.0201355 -0.0276058 -0.101954 0.5 1.10195 1.02761 0.979865 1.00154 1.00207 0.999293 0.99992 1.0001 0.999985 0.999993 1 1 1 1 1 1 1 1 1 1 1 
3.56125e-10 -4.45968e-10 8.74081e-10 -4.29394e-09 -7.66716e-09 3.22502e-08 2.4936e-09 -1.81803e-07 3.33805e-07 2.81578e-07 -3.44941e-06 7.45428e-06 1.48258e-05 -0.000102654 7.80523e-05 0.000711364 -0.00206307 -0.00154543 0.0201126 -0.0276203 -0.101922 0.5 1.10192 1.02762 0.979887 1.00155 1.00206 0.999289 0.999922 1.0001 0.999985 0.999993 1 1 1 1 1 1 1 1 1 1 1 
4.45968e-10 -5.27558e-10 9.06625e-10 -3.87069e-09 -8.34358e-09 2.89245e-08 5.2068e-09 -1.62883e-07 3.26385e-07 1.8536e-07 -3.46254e-06 7.8634e-06 1.51294e-05 -0.000103993 7.60304e-05 0.0007141 -0.00205489 -0.00154573 0.0200933 -0.0276399 -0.101901 0.5 1.1019 1.02764 0.979907 1.00155 1.00205 0.999286 0.999924 1.0001 0.999985 0.999992 1 1 1 1 1 1 1 1 1 1 1 
5.27558e-10 -5.96927e-10 9.08904e-10 -3.41295e-09 -8.69432e-09 2.55234e-08 5.8386e-09 -1.44555e-07 3.30047e-07 9.83744e-08 -3.52366e-06 8.1995e-06 1.5584e-05 -0.000104934 7.37745e-05 0.000715322 -0.0020473 -0.00154246 0.0200787 -0.0276614 -0.101889 0.5 1.10189 1.02766 0.979921 1.00154 1.00205 0.999285 0.999926 1.0001 0.999984 0.999992 1 1 1 1 1 1 1 1 1 1 1 
5.96927e-10 -6.50821e-10 8.81744e-10 -2.94806e-09 -8.72158e-09 2.22554e-08 4.55509e-09 -1.27962e-07 3.43057e-07 2.54871e-08 -3.62048e-06 8.44923e-06 1.61254e-05 -0.000105476 7.15242e-05 0.000715241 -0.00204086 -0.00153673 0.0200689 -0.0276824 -0.101887 0.5 1.10189 1.02768 0.979931 1.00154 1.00204 0.999285 0.999928 1.00011 0.999984 0.999992 1 1 1 1 1 1 1 1 1 1 1 
6.50821e-10 -6.86942e-10 8.27936e-10 -2.50267e-09 -8.44803e-09 1.93066e-08 1.63759e-09 -1.14004e-07 3.63226e-07 -3.01506e-08 -3.73988e-06 8.60824e-06 1.66938e-05 -0.000105652 6.9471e-05 0.000714138 -0.0020359 -0.0015296 0.0200639 -0.027701 -0.101892 0.5 1.10189 1.0277 0.979936 1.00153 1.00204 0.999286 0.999931 1.00011 0.999983 0.999991 1 1 1 1 1 1 1 1 1 1 1 
6.86942e-10 -7.04107e-10 7.51984e-10 -2.10084e-09 -7.91417e-09 1.68278e-08 -2.54732e-09 -1.03297e-07 3.88126e-07 -6.71174e-08 -3.86906e-06 8.68004e-06 1.72382e-05 -0.000105518 6.7751e-05 0.000712326 -0.00203254 -0.00152203 0.020063 -0.027716 -0.101902 0.5 1.1019 1.02772 0.979937 1.00152 1.00203 0.999288 0.999932 1.00011 0.999983 0.999991 1 1 1 1 1 1 1 1 1 1 1 
7.04107e-10 -7.02322e-10 6.59718e-10 -1.76244e-09 -7.17449e-09 1.49265e-08 -7.58205e-09 -9.61565e-08 4.15304e-07 -8.55964e-08 -3.99651e-06 8.67446e-06 1.77185e-05 -0.000105148 6.64448e-05 0.000710113 -0.00203074 -0.00151482 0.0200654 -0.0277268 -0.101915 0.5 1.10192 1.02773 0.979935 1.00151 1.00203 0.99929 0.999934 1.00011 0.999982 0.999991 1 1 1 1 1 1 1 1 1 1 1 
7.02322e-10 -6.82757e-10 5.57804e-10 -1.50197e-09 -6.29269e-09 1.36625e-08 -1.30333e-08 -9.26063e-08 4.4247e-07 -8.71374e-08 -4.11269e-06 8.60581e-06 1.81075e-05 -0.000104617 6.5581e-05 0.00070778 -0.00203032 -0.00150856 0.0200701 -0.0277334 -0.101929 0.5 1.10193 1.02773 0.97993 1.00151 1.00203 0.999292 0.999934 1.0001 0.999982 0.999991 1 1 1 1 1 1 1 1 1 1 1 
6.82757e-10 -6.47634e-10 4.53213e-10 -1.32783e-09 -5.33656e-09 1.3047e-08 -1.84856e-08 -9.24092e-08 4.67648e-07 -7.43416e-08 -4.21051e-06 8.49096e-06 1.83904e-05 -0.000104003 6.51445e-05 0.000705559 -0.00203103 -0.0015036 0.0200761 -0.0277361 -0.101942 0.5 1.10194 1.02774 0.979924 1.0015 1.00203 0.999294 0.999935 1.0001 0.999982 0.999992 1 1 1 1 1 1 1 1 1 1 1 
6.47634e-10 -6.00032e-10 3.52686e-10 -1.24215e-09 -4.37286e-09 1.30467e-08 -2.35695e-08 -9.51162e-08 4.89291e-07 -5.05069e-08 -4.28549e-06 8.34753e-06 1.85638e-05 -0.000103375 6.50861e-05 0.000703622 -0.00203257 -0.00150012 0.0200827 -0.0277355 -0.101954 0.5 1.10195 1.02774 0.979917 1.0015 1.00203 0.999296 0.999935 1.0001 0.999981 0.999992 1 1 1 1 1 1 1 1 1 1 1 
6.00032e-10 -5.43637e-10 2.62245e-10 -1.24105e-09 -3.46267e-09 1.35896e-08 -2.79848e-08 -1.00125e-07 5.06338e-07 -1.92659e-08 -4.3357e-06 8.19236e-06 1.86342e-05 -0.000102788 6.53337e-05 0.000702084 -0.0020346 -0.00149812 0.020089 -0.0277324 -0.101963 0.5 1.10196 1.02773 0.979911 1.0015 1.00203 0.999298 0.999935 1.0001 0.999981 0.999992 1 1 0.999999 1 1 1 1 1 1 1 1 
5.43637e-10 -4.82457e-10 1.86796e-10 -1.31545e-09 -2.65757e-09 1.45746e-08 -3.15143e-08 -1.06745e-07 5.1823e-07 1.57493e-08 -4.36149e-06 8.04023e-06 1.86154e-05 -0.000102285 6.58034e-05 0.000700998 -0.00203685 -0.00149745 0.0200946 -0.0277277 -0.10197 0.5 1.10197 1.02773 0.979905 1.0015 1.00204 0.999299 0.999934 1.0001 0.999981 0.999992 1 1 0.999999 1 1 1 1 1 1 1 1 
4.82457e-10 -4.20523e-10 1.29834e-10 -1.45207e-09 -1.99677e-09 1.58812e-08 -3.40308e-08 -1.14261e-07 5.24881e-07 5.11935e-08 -4.36511e-06 7.90301e-06 1.8526e-05 -0.000101893 6.64087e-05 0.000700366 -0.00203906 -0.00149789 0.020099 -0.0277221 -0.101973 0.5 1.10197 1.02772 0.979901 1.0015 1.00204 0.9993 0.999934 1.0001 0.999981 0.999992 1 1 0.999999 1 1 1 1 1 1 1 1 
4.20523e-10 -3.61607e-10 9.32943e-11 -1.63482e-09 -1.50558e-09 1.73805e-08 -3.54961e-08 -1.21991e-07 5.26619e-07 8.42292e-08 -4.3502e-06 7.78923e-06 1.8387e-05 -0.000101622 6.70686e-05 0.00070015 -0.00204104 -0.00149916 0.0201022 -0.0277165 -0.101975 0.5 1.10197 1.02772 0.979898 1.0015 1.00204 0.9993 0.999933 1.0001 0.999982 0.999992 1 1 0.999999 1 1 1 1 1 1 1 1 
3.61607e-10 -3.08982e-10 7.75293e-11 -1.84618e-09 -1.19495e-09 1.89457e-08 -3.59527e-08 -1.29332e-07 5.241e-07 1.12672e-07 -4.32127e-06 7.70393e-06 1.82198e-05 -0.000101473 6.77141e-05 0.000700282 -0.00204266 -0.00150096 0.020104 -0.0277112 -0.101974 0.5 1.10197 1.02771 0.979896 1.0015 1.00204 0.9993 0.999932 1.0001 0.999982 0.999992 1 1 0.999999 1 1 1 1 1 1 1 1 
3.08982e-10 -2.65227e-10 8.14124e-11 -2.06862e-09 -1.06222e-09 2.04609e-08 -3.55109e-08 -1.35799e-07 5.18205e-07 1.35063e-07 -4.28318e-06 7.64886e-06 1.80441e-05 -0.000101434 6.8291e-05 0.000700678 -0.00204385 -0.001503 0.0201047 -0.0277069 -0.101972 0.5 1.10197 1.02771 0.979895 1.0015 1.00204 0.999299 0.999932 1.0001 0.999982 0.999992 1 1 0.999999 1 1 1 1 1 1 1 1 
2.65227e-10 -2.32103e-10 1.02553e-10 -2.28584e-09 -1.09277e-09 2.18282e-08 -3.43316e-08 -1.41042e-07 5.09941e-07 1.50665e-07 -4.24067e-06 7.62296e-06 1.78762e-05 -0.000101487 6.87624e-05 0.000701248 -0.00204459 -0.00150506 0.0201044 -0.0277035 -0.101968 0.5 1.10197 1.0277 0.979896 1.00151 1.00204 0.999299 0.999931 1.0001 0.999982 0.999992 1 1 0.999999 1 1 1 1 1 1 1 1 
2.32103e-10 -2.10501e-10 1.37588e-10 -2.48381e-09 -1.26246e-09 2.29732e-08 -3.2608e-08 -1.44856e-07 5.00339e-07 1.5941e-07 -4.19801e-06 7.62292e-06 1.77292e-05 -0.000101608 6.9108e-05 0.000701903 -0.0020449 -0.00150693 0.0201034 -0.0277013 -0.101965 0.5 1.10196 1.0277 0.979897 1.00151 1.00204 0.999298 0.999931 1.0001 0.999982 0.999992 1 1 0.999999 1 1 1 1 1 1 1 1 
2.10501e-10 -2.00456e-10 1.82528e-10 -2.65158e-09 -1.54045e-09 2.3847e-08 -3.05462e-08 -1.47176e-07 4.90372e-07 1.61789e-07 -4.15874e-06 7.64387e-06 1.76114e-05 -0.000101774 6.93229e-05 0.000702567 -0.00204486 -0.00150848 0.0201018 -0.0277003 -0.101961 0.5 1.10196 1.0277 0.979898 1.00151 1.00204 0.999297 0.999931 1.0001 0.999982 0.999992 1 1 1 1 1 1 1 1 1 1 1 
2.00456e-10 -2.0123e-10 2.33114e-10 -2.78168e-09 -1.8923e-09 2.44269e-08 -2.83481e-08 -1.48062e-07 4.80883e-07 1.58726e-07 -4.12548e-06 7.68009e-06 1.75274e-05 -0.000101961 6.94146e-05 0.000703178 -0.00204454 -0.00150964 0.0201 -0.0277001 -0.101958 0.5 1.10196 1.0277 0.9799 1.00151 1.00204 0.999297 0.999931 1.0001 0.999982 0.999992 1 1 1 1 1 1 1 1 1 1 1 
2.0123e-10 -2.11433e-10 2.85161e-10 -2.87026e-09 -2.28289e-09 2.47146e-08 -2.61965e-08 -1.47674e-07 4.72541e-07 1.51426e-07 -4.09987e-06 7.72564e-06 1.74778e-05 -0.000102149 6.94e-05 0.000703692 -0.00204402 -0.00151038 0.0200982 -0.0277007 -0.101955 0.5 1.10195 1.0277 0.979902 1.00151 1.00204 0.999296 0.999931 1.0001 0.999983 0.999992 1 1 1 1 1 1 1 1 1 1 1 
2.11433e-10 -2.29195e-10 3.34868e-10 -2.91696e-09 -2.67909e-09 2.47331e-08 -2.42439e-08 -1.46247e-07 4.65814e-07 1.4123e-07 -4.08264e-06 7.77489e-06 1.74601e-05 -0.000102321 6.93022e-05 0.000704083 -0.0020434 -0.00151073 0.0200966 -0.0277019 -0.101953 0.5 1.10195 1.0277 0.979903 1.00151 1.00204 0.999296 0.999931 1.0001 0.999983 0.999992 1 1 1 1 1 1 1 1 1 1 1 
2.29195e-10 -2.5235e-10 3.79052e-10 -2.92445e-09 -3.05196e-09 2.45215e-08 -2.26051e-08 -1.44059e-07 4.60963e-07 1.29485e-07 -4.07369e-06 7.82296e-06 1.74697e-05 -0.000102464 6.91467e-05 0.000704341 -0.00204276 -0.00151074 0.0200952 -0.0277034 -0.101952 0.5 1.10195 1.0277 0.979905 1.00151 1.00204 0.999296 0.999931 1.0001 0.999983 0.999992 1 1 1 1 1 1 1 1 1 1 1 
2.5235e-10 -2.78622e-10 4.1532e-10 -2.89792e-09 -3.37831e-09 2.41304e-08 -2.13538e-08 -1.41404e-07 4.58057e-07 1.1743e-07 -4.07223e-06 7.86597e-06 1.75004e-05 -0.000102573 6.89592e-05 0.00070447 -0.00204215 -0.00151047 0.0200942 -0.027705 -0.101951 0.5 1.10195 1.0277 0.979906 1.00151 1.00204 0.999296 0.999931 1.0001 0.999982 0.999992 1 1 1 1 1 1 1 1 1 1 1 
2.78622e-10 -3.058e-10 4.42155e-10 -2.84427e-09 -3.64169e-09 2.36162e-08 -2.05229e-08 -1.38566e-07 4.56996e-07 1.06111e-07 -4.07701e-06 7.90121e-06 1.75454e-05 -0.000102644 6.8763e-05 0.000704485 -0.00204163 -0.00151002 0.0200935 -0.0277065 -0.101951 0.5 1.10195 1.02771 0.979906 1.00151 1.00204 0.999296 0.999931 1.0001 0.999982 0.999992 1 1 1 1 1 1 1 1 1 1 1 
3.058e-10 -3.31893e-10 4.58924e-10 -2.77144e-09 -3.83263e-09 2.30362e-08 -2.01083e-08 -1.35797e-07 4.57548e-07 9.63311e-08 -4.08646e-06 7.92715e-06 1.7598e-05 -0.000102679 6.85774e-05 0.000704409 -0.00204123 -0.00150945 0.0200932 -0.0277078 -0.101952 0.5 1.10195 1.02771 0.979907 1.00151 1.00204 0.999296 0.999931 1.0001 0.999982 0.999992 1 1 1 1 1 1 1 1 1 1 1 
3.31893e-10 -3.55246e-10 4.65815e-10 -2.68764e-09 -3.94842e-09 2.24438e-08 -2.00743e-08 -1.33302e-07 4.59389e-07 8.86243e-08 -4.09891e-06 7.94334e-06 1.76521e-05 -0.000102681 6.84169e-05 0.000704266 -0.00204095 -0.00150886 0.0200932 -0.0277088 -0.101952 0.5 1.10195 1.02771 0.979907 1.00151 1.00204 0.999296 0.999932 1.0001 0.999982 0.999992 1 1 1 1 1 1 1 1 1 1 1 
3.55246e-10 -3.74619e-10 4.63721e-10 -2.60071e-09 -3.99231e-09 2.18852e-08 -2.03616e-08 -1.31233e-07 4.62147e-07 8.32574e-08 -4.11276e-06 7.95025e-06 1.77028e-05 -0.000102658 6.82908e-05 0.000704084 -0.00204081 -0.0015083 0.0200934 -0.0277096 -0.101953 0.5 1.10195 1.02771 0.979907 1.00151 1.00204 0.999296 0.999932 1.0001 0.999982 0.999992 1 1 1 1 1 1 1 1 1 1 1 
3.74619e-10 -3.89224e-10 4.5408e-10 -2.51755e-09 -3.97245e-09 2.13969e-08 -2.08954e-08 -1.29681e-07 4.65437e-07 8.02555e-08 -4.12656e-06 7.94907e-06 1.77462e-05 -0.000102616 6.82034e-05 0.000703888 -0.00204077 -0.00150781 0.0200938 -0.02771 -0.101955 0.5 1.10195 1.02771 0.979906 1.00151 1.00204 0.999296 0.999932 1.0001 0.999982 0.999992 1 1 1 1 1 1 1 1 1 1 1 
3.89224e-10 -3.98724e-10 4.38694e-10 -2.44375e-09 -3.9005e-09 2.10045e-08 -2.15939e-08 -1.28683e-07 4.68899e-07 7.94416e-08 -4.13916e-06 7.94144e-06 1.77799e-05 -0.000102563 6.81548e-05 0.000703697 -0.00204083 -0.00150743 0.0200943 -0.0277101 -0.101956 0.5 1.10196 1.02771 0.979906 1.00151 1.00204 0.999296 0.999932 1.0001 0.999982 0.999992 1 1 1 1 1 1 1 1 1 1 1 
3.98724e-10 -4.03201e-10 4.1954e-10 -2.38337e-09 -3.79025e-09 2.0722e-08 -2.23754e-08 -1.28223e-07 4.72218e-07 8.04872e-08 -4.14969e-06 7.92926e-06 1.7803e-05 -0.000102505 6.81414e-05 0.000703529 -0.00204096 -0.00150716 0.0200948 -0.02771 -0.101956 0.5 1.10196 1.02771 0.979905 1.00151 1.00204 0.999296 0.999932 1.0001 0.999982 0.999992 1 1 1 1 1 1 1 1 1 1 1 
4.03201e-10 -4.03087e-10 3.986e-10 -2.33881e-09 -3.65624e-09 2.05529e-08 -2.31652e-08 -1.28246e-07 4.75148e-07 8.2967e-08 -4.15765e-06 7.91448e-06 1.78154e-05 -0.000102449 6.81573e-05 0.000703394 -0.00204113 -0.00150702 0.0200953 -0.0277097 -0.101957 0.5 1.10196 1.02771 0.979905 1.00151 1.00204 0.999297 0.999932 1.0001 0.999982 0.999992 1 1 1 1 1 1 1 1 1 1 1 
4.03087e-10 -3.99092e-10 3.77704e-10 -2.3109e-09 -3.51252e-09 2.04914e-08 -2.39e-08 -1.28668e-07 4.77516e-07 8.64113e-08 -4.16283e-06 7.89887e-06 1.78182e-05 -0.0001024 6.81951e-05 0.000703298 -0.00204132 -0.00150698 0.0200958 -0.0277093 -0.101957 0.5 1.10196 1.02771 0.979904 1.00151 1.00204 0.999297 0.999932 1.0001 0.999982 0.999992 1 1 1 1 1 1 1 1 1 1 1 
3.99092e-10 -3.92104e-10 3.58409e-10 -2.29908e-09 -3.37162e-09 2.05242e-08 -2.45315e-08 -1.29385e-07 4.79227e-07 9.03538e-08 -4.16532e-06 7.88395e-06 1.7813e-05 -0.00010236 6.82471e-05 0.000703241 -0.0020415 -0.00150702 0.0200961 -0.0277089 -0.101958 0.5 1.10196 1.02771 0.979904 1.00151 1.00204 0.999297 0.999932 1.0001 0.999982 0.999992 1 1 1 1 1 1 1 1 1 1 1 
3.92104e-10 -3.83102e-10 3.41921e-10 -2.30163e-09 -3.24388e-09 2.0633e-08 -2.50275e-08 -1.30288e-07 4.80256e-07 9.43705e-08 -4.16539e-06 7.8709e-06 1.78018e-05 -0.000102331 6.83055e-05 0.00070322 -0.00204167 -0.00150714 0.0200963 -0.0277084 -0.101958 0.5 1.10196 1.02771 0.979904 1.00151 1.00204 0.999297 0.999932 1.0001 0.999982 0.999992 1 1 1 1 1 1 1 1 1 1 1 
3.83102e-10 -3.73068e-10 3.29052e-10 -2.31601e-09 -3.13691e-09 2.07964e-08 -2.53719e-08 -1.31273e-07 4.80638e-07 9.81077e-08 -4.16351e-06 7.8605e-06 1.77868e-05 -0.000102314 6.83639e-05 0.00070323 -0.0020418 -0.00150729 0.0200964 -0.027708 -0.101958 0.5 1.10196 1.02771 0.979904 1.00151 1.00204 0.999297 0.999932 1.0001 0.999982 0.999992 1 1 1 1 1 1 1 1 1 1 1 
3.73068e-10 -3.62911e-10 3.20211e-10 -2.33914e-09 -3.05548e-09 2.09923e-08 -2.55635e-08 -1.32245e-07 4.80459e-07 1.013e-07 -4.1602e-06 7.85315e-06 1.77701e-05 -0.000102307 6.84169e-05 0.000703264 -0.0020419 -0.00150747 0.0200965 -0.0277077 -0.101957 0.5 1.10196 1.02771 0.979904 1.00151 1.00204 0.999297 0.999932 1.0001 0.999982 0.999992 1 1 1 1 1 1 1 1 1 1 1 
3.62911e-10 -3.53409e-10 3.15436e-10 -2.36779e-09 -3.0016e-09 2.12e-08 -2.56135e-08 -1.33126e-07 4.79833e-07 1.03775e-07 -4.15601e-06 7.84891e-06 1.77535e-05 -0.00010231 6.84609e-05 0.000703314 -0.00204196 -0.00150764 0.0200964 -0.0277074 -0.101957 0.5 1.10196 1.02771 0.979904 1.00151 1.00204 0.999297 0.999932 1.0001 0.999982 0.999992 1 1 1 1 1 1 1 1 1 1 1 
3.53409e-10 -3.45171e-10 3.14445e-10 -2.3988e-09 -2.97477e-09 2.1401e-08 -2.55423e-08 -1.33862e-07 4.78892e-07 1.05455e-07 -4.15147e-06 7.84755e-06 1.77384e-05 -0.00010232 6.84936e-05 0.000703372 -0.00204199 -0.00150779 0.0200963 -0.0277073 -0.101957 0.5 1.10196 1.02771 0.979904 1.00151 1.00204 0.999297 0.999932 1.0001 0.999982 0.999992 1 1 1 1 1 1 1 1 1 1 1 
3.45171e-10 -3.38613e-10 3.16704e-10 -2.42936e-09 -2.97246e-09 2.15805e-08 -2.53769e-08 -1.34418e-07 4.77773e-07 1.06342e-07 -4.14705e-06 7.84863e-06 1.7726e-05 -0.000102335 6.85145e-05 0.00070343 -0.00204198 -0.00150792 0.0200962 -0.0277072 -0.101956 0.5 1.10196 1.02771 0.979904 1.00151 1.00204 0.999297 0.999931 1.0001 0.999982 0.999992 1 1 1 1 1 1 1 1 1 1 1 
3.38613e-10 -3.33958e-10 3.21512e-10 -2.45715e-09 -2.99065e-09 2.17282e-08 -2.51471e-08 -1.3478e-07 4.766e-07 1.06508e-07 -4.1431e-06 7.8516e-06 1.77167e-05 -0.000102352 6.85239e-05 0.000703484 -0.00204195 -0.00150801 0.020096 -0.0277072 -0.101956 0.5 1.10196 1.02771 0.979904 1.00151 1.00204 0.999297 0.999931 1.0001 0.999982 0.999992 1 1 1 1 1 1 1 1 1 1 1 
3.33958e-10 -3.31247e-10 3.2808e-10 -2.48045e-09 -3.02435e-09 2.18378e-08 -2.48826e-08 -1.34953e-07 4.75481e-07 1.06069e-07 -4.13988e-06 7.85582e-06 1.77108e-05 -0.000102369 6.85234e-05 0.00070353 -0.0020419 -0.00150807 0.0200959 -0.0277073 -0.101956 0.5 1.10196 1.02771 0.979904 1.00151 1.00204 0.999296 0.999931 1.0001 0.999982 0.999992 1 1 1 1 1 1 1 1 1 1 1 
3.31247e-10 -3.30366e-10 3.35607e-10 -2.49819e-09 -3.0682e-09 2.19072e-08 -2.46111e-08 -1.34956e-07 4.74502e-07 1.05177e-07 -4.13754e-06 7.86068e-06 1.77082e-05 -0.000102386 6.85149e-05 0.000703565 -0.00204185 -0.00150809 0.0200958 -0.0277074 -0.101956 0.5 1.10196 1.02771 0.979904 1.00151 1.00204 0.999296 0.999931 1.0001 0.999982 0.999992 1 1 1 1 1 1 1 1 1 1 1 
3.30366e-10 -3.31075e-10 3.43345e-10 -2.50991e-09 -3.11696e-09 2.19379e-08 -2.43557e-08 -1.34819e-07 4.73718e-07 1.03991e-07 -4.1361e-06 7.86563e-06 1.77084e-05 -0.0001024 6.8501e-05 0.000703587 -0.00204179 -0.00150808 0.0200957 -0.0277075 -0.101956 0.5 1.10196 1.02771 0.979904 1.00151 1.00204 0.999296 0.999931 1.0001 0.999982 0.999992 1 1 1 1 1 1 1 1 1 1 1 
3.31075e-10 -3.33054e-10 3.50653e-10 -2.51573e-09 -3.16588e-09 2.19343e-08 -2.41344e-08 -1.3458e-07 4.7316e-07 1.02667e-07 -4.13554e-06 7.87022e-06 1.77109e-05 -0.000102411 6.84839e-05 0.000703599 -0.00204174 -0.00150806 0.0200956 -0.0277077 -0.101956 0.5 1.10196 1.02771 0.979904 1.00151 1.00204 0.999296 0.999932 1.0001 0.999982 0.999992 1 1 1 1 1 1 1 1 1 1 1 
3.33054e-10 -3.35935e-10 3.57026e-10 -2.51619e-09 -3.21101e-09 2.19028e-08 -2.39592e-08 -1.34275e-07 4.72835e-07 1.01344e-07 -4.13572e-06 7.8741e-06 1.7715e-05 -0.000102418 6.84658e-05 0.000703599 -0.00204169 -0.00150801 0.0200955 -0.0277078 -0.101956 0.5 1.10196 1.02771 0.979904 1.00151 1.00204 0.999296 0.999932 1.0001 0.999982 0.999992 1 1 1 1 1 1 1 1 1 1 1 
3.35935e-10 -3.39338e-10 3.62118e-10 -2.5122e-09 -3.2494e-09 2.18508e-08 -2.38361e-08 -1.33943e-07 4.72727e-07 1.00137e-07 -4.13649e-06 7.87706e-06 1.772e-05 -0.000102422 6.84486e-05 0.000703592 -0.00204166 -0.00150796 0.0200955 -0.0277079 -0.101956 0.5 1.10196 1.02771 0.979904 1.00151 1.00204 0.999296 0.999932 1.0001 0.999982 0.999992 1 1 1 1 1 1 1 1 1 1 1 
3.39338e-10 -3.4291e-10 3.65743e-10 -2.50485e-09 -3.27916e-09 2.17862e-08 -2.37659e-08 -1.33616e-07 4.72805e-07 9.91271e-08 -4.13768e-06 7.87903e-06 1.77253e-05 -0.000102422 6.84337e-05 0.000703579 -0.00204164 -0.00150791 0.0200955 -0.027708 -0.101956 0.5 1.10196 1.02771 0.979904 1.00151 1.00204 0.999296 0.999932 1.0001 0.999982 0.999992 1 1 1 1 1 1 1 1 1 1 1 
3.4291e-10 -3.46341e-10 3.67861e-10 -2.49532e-09 -3.29942e-09 2.17166e-08 -2.37448e-08 -1.3332e-07 4.7303e-07 9.83655e-08 -4.1391e-06 7.88002e-06 1.77304e-05 -0.00010242 6.84219e-05 0.000703562 -0.00204163 -0.00150786 0.0200955 -0.027708 -0.101956 0.5 1.10196 1.02771 0.979904 1.00151 1.00204 0.999296 0.999932 1.0001 0.999982 0.999992 1 1 1 1 1 1 1 1 1 1 1 
3.46341e-10 -3.49384e-10 3.68561e-10 -2.48476e-09 -3.31023e-09 2.16484e-08 -2.37657e-08 -1.33074e-07 4.73354e-07 9.78715e-08 -4.14059e-06 7.88012e-06 1.77348e-05 -0.000102416 6.84138e-05 0.000703544 -0.00204162 -0.00150782 0.0200956 -0.0277081 -0.101956 0.5 1.10196 1.02771 0.979904 1.00151 1.00204 0.999296 0.999932 1.0001 0.999982 0.999992 1 1 1 1 1 1 1 1 1 1 1 
3.49384e-10 -3.51866e-10 3.68032e-10 -2.47422e-09 -3.31239e-09 2.1587e-08 -2.38193e-08 -1.3289e-07 4.73732e-07 9.7638e-08 -4.14199e-06 7.8795e-06 1.77383e-05 -0.000102411 6.84093e-05 0.000703527 -0.00204163 -0.00150779 0.0200956 -0.0277081 -0.101956 0.5 1.10196 1.02771 0.979904 1.00151 1.00204 0.999296 0.999932 1.0001 0.999982 0.999992 1 1 1 1 1 1 1 1 1 1 1 
3.51866e-10 -3.53687e-10 3.66527e-10 -2.46453e-09 -3.30729e-09 2.15363e-08 -2.38953e-08 -1.32771e-07 4.74123e-07 9.76367e-08 -4.14321e-06 7.87836e-06 1.77407e-05 -0.000102406 6.84081e-05 0.000703512 -0.00204164 -0.00150777 0.0200957 -0.027708 -0.101956 0.5 1.10196 1.02771 0.979904 1.00151 1.00204 0.999296 0.999932 1.0001 0.999982 0.999992 1 1 1 1 1 1 1 1 1 1 1 
3.53687e-10 -3.54819e-10 3.64336e-10 -2.45635e-09 -3.29664e-09 2.14983e-08 -2.39832e-08 -1.32717e-07 4.7449e-07 9.78243e-08 -4.14417e-06 7.87689e-06 1.77421e-05 -0.0001024 6.84097e-05 0.0007035 -0.00204166 -0.00150776 0.0200957 -0.027708 -0.101956 0.5 1.10196 1.02771 0.979904 1.00151 1.00204 0.999297 0.999932 1.0001 0.999982 0.999992 1 1 1 1 1 1 1 1 1 1 1 
3.54819e-10 -3.5529e-10 3.61757e-10 -2.45006e-09 -3.28232e-09 2.14741e-08 -2.40736e-08 -1.32719e-07 4.74806e-07 9.81495e-08 -4.14483e-06 7.87529e-06 1.77425e-05 -0.000102396 6.84133e-05 0.000703491 -0.00204168 -0.00150776 0.0200957 -0.027708 -0.101956 0.5 1.10196 1.02771 0.979904 1.00151 1.00204 0.999297 0.999932 1.0001 0.999982 0.999992 1 1 1 1 1 1 1 1 1 1 1 
3.5529e-10 -3.55181e-10 3.59065e-10 -2.44585e-09 -3.26616e-09 2.14629e-08 -2.41586e-08 -1.32767e-07 4.75055e-07 9.85582e-08 -4.1452e-06 7.87373e-06 1.77421e-05 -0.000102392 6.84182e-05 0.000703486 -0.00204169 -0.00150776 0.0200958 -0.0277079 -0.101956 0.5 1.10196 1.02771 0.979904 1.00151 1.00204 0.999297 0.999932 1.0001 0.999982 0.999992 1 1 1 1 1 1 1 1 1 1 1 
3.55181e-10 -3.54601e-10 3.56498e-10 -2.44369e-09 -3.24983e-09 2.14635e-08 -2.42319e-08 -1.32849e-07 4.75226e-07 9.89995e-08 -4.14529e-06 7.87234e-06 1.7741e-05 -0.000102389 6.84238e-05 0.000703485 -0.00204171 -0.00150777 0.0200958 -0.0277079 -0.101956 0.5 1.10196 1.02771 0.979904 1.00151 1.00204 0.999297 0.999932 1.0001 0.999982 0.999992 1 1 1 1 1 1 1 1 1 1 1 
3.54601e-10 -3.53682e-10 3.54244e-10 -2.44339e-09 -3.2347e-09 2.14736e-08 -2.42898e-08 -1.32951e-07 4.7532e-07 9.94288e-08 -4.14515e-06 7.87121e-06 1.77395e-05 -0.000102387 6.84293e-05 0.000703486 -0.00204172 -0.00150779 0.0200958 -0.0277079 -0.101956 0.5 1.10196 1.02771 0.979904 1.00151 1.00204 0.999297 0.999932 1.0001 0.999982 0.999992 1 1 1 1 1 1 1 1 1 1 1 
3.53682e-10 -3.52557e-10 3.52431e-10 -2.44463e-09 -3.2218e-09 2.14906e-08 -2.433e-08 -1.33061e-07 4.75344e-07 9.98112e-08 -4.14484e-06 7.87039e-06 1.77378e-05 -0.000102387 6.84343e-05 0.000703489 -0.00204173 -0.0015078 0.0200958 -0.0277078 -0.101956 0.5 1.10196 1.02771 0.979904 1.00151 1.00204 0.999297 0.999932 1.0001 0.999982 0.999992 1 1 1 1 1 1 1 1 1 1 1 
3.52557e-10 -3.51355e-10 3.51129e-10 -2.44704e-09 -3.2118e-09 2.15118e-08 -2.43526e-08 -1.33169e-07 4.75307e-07 1.00122e-07 -4.14442e-06 7.86989e-06 1.77362e-05 -0.000102387 6.84384e-05 0.000703494 -0.00204173 -0.00150782 0.0200958 -0.0277078 -0.101956 0.5 1.10196 1.02771 0.979904 1.00151 1.00204 0.999297 0.999932 1.0001 0.999982 0.999992 1 1 1 1 1 1 1 1 1 1 1 
3.51355e-10 -3.50188e-10 3.50354e-10 -2.45021e-09 -3.20499e-09 2.15348e-08 -2.43588e-08 -1.33265e-07 4.75225e-07 1.00348e-07 -4.14394e-06 7.86971e-06 1.77346e-05 -0.000102388 6.84414e-05 0.0007035 -0.00204173 -0.00150783 0.0200958 -0.0277078 -0.101956 0.5 1.10196 1.02771 0.979904 1.00151 1.00204 0.999297 0.999932 1.0001 0.999982 0.999992 1 1 1 1 1 1 1 1 1 1 1 
3.50188e-10 -3.49143e-10 3.50075e-10 -2.45373e-09 -3.20135e-09 2.15572e-08 -2.43512e-08 -1.33344e-07 4.75113e-07 1.00485e-07 -4.14346e-06 7.86978e-06 1.77334e-05 -0.000102389 6.84433e-05 0.000703505 -0.00204173 -0.00150784 0.0200958 -0.0277078 -0.101956 0.5 1.10196 1.02771 0.979904 1.00151 1.00204 0.999296 0.999932 1.0001 0.999982 0.999992 1 1 1 1 1 1 1 1 1 1 1 
3.49143e-10 -3.48284e-10 3.50227e-10 -2.45725e-09 -3.20061e-09 2.15773e-08 -2.4333e-08 -1.33401e-07 4.74986e-07 1.00538e-07 -4.14302e-06 7.87007e-06 1.77324e-05 -0.000102391 6.84441e-05 0.00070351 -0.00204173 -0.00150785 0.0200958 -0.0277078 -0.101956 0.5 1.10196 1.02771 0.979904 1.00151 1.00204 0.999296 0.999932 1.0001 0.999982 0.999992 1 1 1 1 1 1 1 1 1 1 1 
3.48284e-10 -3.47649e-10 3.50721e-10 -2.46048e-09 -3.20229e-09 2.15938e-08 -2.43076e-08 -1.33437e-07 4.74858e-07 1.00518e-07 -4.14265e-06 7.87049e-06 1.77318e-05 -0.000102393 6.8444e-05 0.000703514 -0.00204173 -0.00150786 0.0200957 -0.0277078 -0.101956 0.5 1.10196 1.02771 0.979904 1.00151 1.00204 0.999296 0.999932 1.0001 0.999982 0.999992 1 1 1 1 1 1 1 1 1 1 1 
3.47649e-10 -3.47248e-10 3.51453e-10 -2.4632e-09 -3.20582e-09 2.16061e-08 -2.42786e-08 -1.33452e-07 4.74741e-07 1.00441e-07 -4.14237e-06 7.871e-06 1.77315e-05 -0.000102394 6.84431e-05 0.000703517 -0.00204172 -0.00150786 0.0200957 -0.0277078 -0.101956 0.5 1.10196 1.02771 0.979904 1.00151 1.00204 0.999296 0.999932 1.0001 0.999982 0.999992 1 1 1 1 1 1 1 1 1 1 1 
3.47248e-10 -3.47073e-10 3.5232e-10 -2.46527e-09 -3.21054e-09 2.16138e-08 -2.4249e-08 -1.33449e-07 4.74641e-07 1.00323e-07 -4.1422e-06 7.87152e-06 1.77316e-05 -0.000102396 6.84417e-05 0.000703519 -0.00204171 -0.00150786 0.0200957 -0.0277078 -0.101956 0.5 1.10196 1.02771 0.979904 1.00151 1.00204 0.999296 0.999932 1.0001 0.999982 0.999992 1 1 1 1 1 1 1 1 1 1 1 
