1 1 0.975 0.95 0.925 0.9 0.875 0.85 0.825 0.8 0.775 0.75 0.725 0.7 0.675 0.65 0.625 0.6 0.575 0.55 0.525 0.5 0.475 0.45 0.425 0.4 0.375 0.35 0.325 0.3 0.275 0.25 0.225 0.2 0.175 0.15 0.125 0.1 0.075 0.05 0.025 0 0 
1 1 0.982406 0.957219 0.932031 0.906844 0.881656 0.856469 0.831281 0.806094 0.780906 0.755719 0.730531 0.705344 0.680156 0.654969 0.629781 0.604594 0.579406 0.554219 0.529031 0.503844 0.478656 0.453469 0.428281 0.403094 0.377906 0.352719 0.327531 0.302344 0.277156 0.251969 0.226781 0.201594 0.176406 0.151219 0.126031 0.100844 0.0756563 0.0504688 0.0252813 9.375e-05 0 
1 1 0.987638 0.964547 0.939169 0.913791 0.888413 0.863036 0.837658 0.81228 0.786902 0.761524 0.736146 0.710769 0.685391 0.660013 0.634635 0.609257 0.58388 0.558502 0.533124 0.507746 0.482368 0.45699 0.431613 0.406235 0.380857 0.355479 0.330101 0.304723 0.279346 0.253968 0.22859 0.203212 0.177834 0.152457 0.127079 0.101701 0.0763231 0.0509453 0.0255674 0.00018962 -9.375e-05 
1 1 0.991324 0.971309 0.946416 0.920845 0.895274 0.869703 0.844132 0.818561 0.79299 0.767419 0.741848 0.716277 0.690706 0.665135 0.639563 0.613992 0.588421 0.56285 0.537279 0.511708 0.486137 0.460566 0.434995 0.409424 0.383853 0.358282 0.332711 0.30714 0.281569 0.255998 0.230427 0.204856 0.179285 0.153714 0.128143 0.102572 0.0770008 0.0514297 0.0258587 0.000287669 -0.00018962 
1 1 0.993915 0.977201 0.953576 0.928007 0.90224 0.876473 0.850705 0.824938 0.799171 0.773404 0.747637 0.721869 0.696102 0.670335 0.644568 0.618801 0.593033 0.567266 0.541499 0.515732 0.489965 0.464197 0.43843 0.412663 0.386896 0.361129 0.335362 0.309594 0.283827 0.25806 0.232293 0.206526 0.180758 0.154991 0.129224 0.103457 0.0776895 0.0519224 0.0261552 0.000387957 -0.000287669 
1 1 0.995735 0.982143 0.960419 0.935224 0.909314 0.883348 0.857381 0.831415 0.805448 0.779482 0.753516 0.727549 0.701583 0.675616 0.64965 0.623684 0.597717 0.571751 0.545785 0.519818 0.493852 0.467885 0.441919 0.415953 0.389986 0.36402 0.338054 0.312087 0.286121 0.260154 0.234188 0.208222 0.182255 0.156289 0.130322 0.104356 0.0783897 0.0524233 0.0264569 0.000490548 -0.000387957 
1 1 0.997012 0.986175 0.966749 0.942388 0.916483 0.89033 0.864161 0.837993 0.811824 0.785655 0.759487 0.733318 0.707149 0.680981 0.654812 0.628643 0.602475 0.576306 0.550137 0.523969 0.4978 0.471631 0.445463 0.419294 0.393125 0.366957 0.340788 0.314619 0.288451 0.262282 0.236113 0.209945 0.183776 0.157607 0.131439 0.10527 0.0791015 0.0529328 0.0267642 0.000595508 -0.000490548 
1 1 0.997907 0.989399 0.972439 0.949364 0.923706 0.897418 0.871048 0.844674 0.8183 0.791926 0.765552 0.739178 0.712804 0.686429 0.660055 0.633681 0.607307 0.580933 0.554559 0.528185 0.501811 0.475437 0.449063 0.422688 0.396314 0.36994 0.343566 0.317192 0.290818 0.264444 0.23807 0.211696 0.185322 0.158947 0.132573 0.106199 0.0798252 0.0534511 0.027077 0.000702903 -0.000595508 
1 1 0.998534 0.991935 0.97743 0.956016 0.930915 0.904599 0.878043 0.851462 0.824879 0.798296 0.771713 0.74513 0.718548 0.691965 0.665382 0.638799 0.612217 0.585634 0.559051 0.532468 0.505886 0.479303 0.45272 0.426137 0.399554 0.372972 0.346389 0.319806 0.293223 0.266641 0.240058 0.213475 0.186892 0.160309 0.133727 0.107144 0.0805611 0.0539784 0.0273956 0.000812803 -0.000702903 
1 1 0.998974 0.993905 0.981715 0.962226 0.938019 0.911844 0.885144 0.858358 0.831563 0.804768 0.777974 0.751179 0.724384 0.697589 0.670794 0.644 0.617205 0.59041 0.563615 0.536821 0.510026 0.483231 0.456436 0.429642 0.402847 0.376052 0.349257 0.322462 0.295668 0.268873 0.242078 0.215283 0.188489 0.161694 0.134899 0.108104 0.0813096 0.0545148 0.02772 0.000925282 -0.000812803 
1 1 0.999281 0.995421 0.985328 0.967909 0.944919 0.919107 0.892341 0.865363 0.838355 0.811345 0.784335 0.757325 0.730315 0.703304 0.676294 0.649284 0.622274 0.595264 0.568254 0.541244 0.514233 0.487223 0.460213 0.433203 0.406193 0.379183 0.352172 0.325162 0.298152 0.271142 0.244132 0.217122 0.190112 0.163101 0.136091 0.109081 0.0820709 0.0550607 0.0280506 0.00104041 -0.000925282 
1 1 0.999497 0.996576 0.988326 0.973013 0.951516 0.926324 0.899614 0.872476 0.845257 0.818029 0.7908 0.763571 0.736342 0.709113 0.681884 0.654655 0.627426 0.600197 0.572968 0.545739 0.51851 0.491281 0.464052 0.436823 0.409594 0.382365 0.355136 0.327907 0.300677 0.273448 0.246219 0.21899 0.191761 0.164532 0.137303 0.110074 0.0828453 0.0556163 0.0283873 0.00115828 -0.00104041 
1 1 0.999648 0.99745 0.990782 0.977518 0.957721 0.93342 0.90693 0.87969 0.85227 0.824822 0.797371 0.769919 0.742468 0.715017 0.687565 0.660114 0.632662 0.605211 0.577759 0.550308 0.522856 0.495405 0.467954 0.440502 0.413051 0.385599 0.358148 0.330696 0.303245 0.275793 0.248342 0.220891 0.193439 0.165988 0.138536 0.111085 0.0836333 0.0561818 0.0287304 0.00127895 -0.00115828 
1 1 0.999753 0.998109 0.992771 0.981434 0.963468 0.940314 0.914242 0.88699 0.859394 0.831727 0.804051 0.776373 0.748696 0.721018 0.693341 0.665663 0.637985 0.610308 0.58263 0.554953 0.527275 0.499598 0.47192 0.444243 0.416565 0.388888 0.36121 0.333533 0.305855 0.278178 0.2505 0.222823 0.195145 0.167468 0.13979 0.112113 0.0844351 0.0567576 0.02908 0.00140252 -0.00127895 
1 1 0.999827 0.998602 0.994365 0.984791 0.968709 0.946926 0.921495 0.894353 0.866623 0.838745 0.810841 0.782934 0.755027 0.72712 0.699212 0.671305 0.643398 0.61549 0.587583 0.559676 0.531768 0.503861 0.475954 0.448046 0.420139 0.392232 0.364324 0.336417 0.30851 0.280602 0.252695 0.224788 0.19688 0.168973 0.141066 0.113158 0.0852511 0.0573437 0.0294364 0.00152907 -0.00140252 
1 1 0.999879 0.998969 0.995632 0.987634 0.973422 0.953185 0.928622 0.901746 0.873948 0.845876 0.817746 0.789606 0.761465 0.733324 0.705183 0.677042 0.648901 0.62076 0.592619 0.564478 0.536337 0.508196 0.480055 0.451914 0.423773 0.395632 0.367491 0.33935 0.311209 0.283068 0.254928 0.226787 0.198646 0.170505 0.142364 0.114223 0.0860816 0.0579407 0.0297997 0.0016587 -0.00152907 
1 1 0.999915 0.999242 0.99663 0.990013 0.977602 0.959033 0.935556 0.909125 0.881352 0.853118 0.824766 0.796391 0.768012 0.739634 0.711255 0.682877 0.654498 0.62612 0.597741 0.569363 0.540984 0.512605 0.484227 0.455848 0.42747 0.399091 0.370713 0.342334 0.313956 0.285577 0.257198 0.22882 0.200441 0.172063 0.143684 0.115306 0.0869272 0.0585486 0.03017 0.00179149 -0.0016587 
1 1 0.999941 0.999444 0.997412 0.991985 0.981265 0.964428 0.942228 0.916438 0.888811 0.860464 0.831901 0.803291 0.774672 0.746052 0.717431 0.688811 0.660191 0.631571 0.602951 0.574331 0.545711 0.51709 0.48847 0.45985 0.43123 0.40261 0.37399 0.345369 0.316749 0.288129 0.259509 0.230889 0.202269 0.173648 0.145028 0.116408 0.087788 0.0591679 0.0305477 0.00192754 -0.00179149 
1 1 0.999959 0.999593 0.998021 0.993604 0.984438 0.969342 0.948577 0.923629 0.896292 0.867902 0.839152 0.810308 0.781446 0.75258 0.723714 0.694848 0.665982 0.637117 0.608251 0.579385 0.550519 0.521653 0.492787 0.463921 0.435055 0.406189 0.377324 0.348458 0.319592 0.290726 0.26186 0.232994 0.204128 0.175262 0.146396 0.117531 0.0886646 0.0597987 0.0309328 0.00206696 -0.00192754 
1 1 0.999971 0.999703 0.998492 0.994924 0.987158 0.973766 0.954551 0.930635 0.903755 0.875415 0.846514 0.817445 0.788337 0.759222 0.730106 0.700991 0.671875 0.642759 0.613643 0.584527 0.555411 0.526295 0.49718 0.468064 0.438948 0.409832 0.380716 0.3516 0.322484 0.293368 0.264253 0.235137 0.206021 0.176905 0.147789 0.118673 0.0895574 0.0604416 0.0313257 0.00220984 -0.00206696 
1 1 0.99998 0.999783 0.998855 0.995991 0.989467 0.977705 0.960109 0.937398 0.911151 0.882978 0.853978 0.8247 0.795348 0.765981 0.736611 0.707241 0.677871 0.6485 0.61913 0.58976 0.56039 0.53102 0.501649 0.472279 0.442909 0.413539 0.384169 0.354799 0.325428 0.296058 0.266688 0.237318 0.207948 0.178577 0.149207 0.119837 0.0904669 0.0610967 0.0317265 0.00235631 -0.00220984 
1 1 0.999986 0.999842 0.999133 0.996848 0.99141 0.981176 0.965223 0.943862 0.918429 0.89056 0.861534 0.832073 0.802481 0.772859 0.74323 0.713602 0.683973 0.654344 0.624715 0.595086 0.565457 0.535828 0.506199 0.47657 0.446941 0.417312 0.387683 0.358054 0.328425 0.298796 0.269167 0.239538 0.209909 0.18028 0.150651 0.121022 0.0913934 0.0617644 0.0321354 0.00250646 -0.00235631 
1 1 0.99999 0.999885 0.999346 0.997532 0.993031 0.984204 0.969881 0.949979 0.925533 0.898122 0.869162 0.839557 0.809736 0.779858 0.749968 0.720076 0.690184 0.660292 0.630399 0.600507 0.570615 0.540722 0.51083 0.480938 0.451045 0.421153 0.391261 0.361368 0.331476 0.301584 0.271691 0.241799 0.211907 0.182014 0.152122 0.12223 0.0923374 0.0624451 0.0325527 0.00266042 -0.00250646 
1 1 0.999993 0.999917 0.999507 0.998075 0.994375 0.986822 0.974079 0.95571 0.932411 0.90562 0.876839 0.847145 0.817114 0.786982 0.756827 0.726668 0.696507 0.666347 0.636187 0.606026 0.575866 0.545705 0.515545 0.485385 0.455224 0.425064 0.394903 0.364743 0.334583 0.304422 0.274262 0.244101 0.213941 0.183781 0.15362 0.12346 0.0932995 0.0631391 0.0329787 0.00281831 -0.00266042 
1 1 0.999995 0.99994 0.99963 0.998504 0.995481 0.989067 0.977827 0.961027 0.939009 0.913006 0.884534 0.854824 0.824611 0.794232 0.76381 0.733379 0.702946 0.672513 0.642079 0.611646 0.581213 0.550779 0.520346 0.489913 0.45948 0.429046 0.398613 0.36818 0.337746 0.307313 0.27688 0.246447 0.216013 0.18558 0.155147 0.124713 0.0942801 0.0638468 0.0334135 0.00298026 -0.00281831 
1 1 0.999997 0.999956 0.999723 0.998842 0.996385 0.990976 0.981143 0.965913 0.945285 0.92023 0.892211 0.862576 0.832222 0.801609 0.77092 0.740213 0.709503 0.678792 0.64808 0.617369 0.586658 0.555947 0.525236 0.494525 0.463814 0.433102 0.402391 0.37168 0.340969 0.310258 0.279547 0.248836 0.218124 0.187413 0.156702 0.125991 0.0952798 0.0645687 0.0338575 0.0031464 -0.00298026 
1 1 0.999998 0.999968 0.999793 0.999106 0.99712 0.992588 0.984052 0.970361 0.951198 0.927241 0.899829 0.870376 0.839938 0.809112 0.778159 0.747174 0.716181 0.685187 0.654193 0.623199 0.592205 0.561211 0.530216 0.499222 0.468228 0.437234 0.40624 0.375246 0.344252 0.313258 0.282264 0.25127 0.220276 0.189281 0.158287 0.127293 0.0962991 0.0653051 0.034311 0.00331686 -0.0031464 
1 1 0.999998 0.999977 0.999846 0.999312 0.997715 0.993941 0.986583 0.974375 0.956722 0.933991 0.907341 0.878197 0.847747 0.816737 0.785529 0.754263 0.722984 0.691702 0.66042 0.629138 0.597855 0.566573 0.535291 0.504008 0.472726 0.441444 0.410162 0.378879 0.347597 0.316315 0.285032 0.25375 0.222468 0.191186 0.159903 0.128621 0.0973387 0.0660564 0.0347741 0.0034918 -0.00331686 
1 1 0.999999 0.999983 0.999885 0.999472 0.998193 0.995069 0.988769 0.977966 0.961835 0.940438 0.914702 0.886003 0.85563 0.824479 0.793029 0.761484 0.729915 0.69834 0.666764 0.635189 0.603613 0.572037 0.540461 0.508885 0.477309 0.445733 0.414158 0.382582 0.351006 0.31943 0.287854 0.256278 0.224702 0.193127 0.161551 0.129975 0.0983989 0.0668231 0.0352472 0.00367135 -0.0034918 
1 1 0.999999 0.999988 0.999915 0.999596 0.998576 0.996003 0.990644 0.981153 0.966529 0.946544 0.921864 0.893755 0.863565 0.83233 0.80066 0.76884 0.736977 0.705105 0.67323 0.641355 0.60948 0.577605 0.54573 0.513855 0.48198 0.450105 0.41823 0.386355 0.35448 0.322605 0.29073 0.258855 0.22698 0.195106 0.163231 0.131356 0.0994806 0.0676056 0.0357307 0.00385569 -0.00367135 
1 1 0.999999 0.999991 0.999937 0.999691 0.998882 0.996773 0.992241 0.98396 0.970801 0.952279 0.92878 0.90141 0.871523 0.840276 0.808417 0.776331 0.744174 0.711999 0.67982 0.64764 0.615461 0.583281 0.551101 0.518921 0.486742 0.454562 0.422382 0.390202 0.358022 0.325843 0.293663 0.261483 0.229303 0.197124 0.164944 0.132764 0.100584 0.0684045 0.0362247 0.00404496 -0.00385569 
1 1 1 0.999994 0.999953 0.999765 0.999125 0.997404 0.993593 0.986415 0.97466 0.957622 0.935411 0.908924 0.879471 0.848299 0.816296 0.783958 0.751508 0.719027 0.686538 0.654048 0.621558 0.589067 0.556577 0.524086 0.491596 0.459105 0.426615 0.394125 0.361634 0.329144 0.296653 0.264163 0.231672 0.199182 0.166692 0.134201 0.101711 0.0692202 0.0367298 0.00423934 -0.00404496 
1 1 1 0.999996 0.999965 0.999821 0.999317 0.997919 0.994731 0.988546 0.978117 0.96256 0.941718 0.916251 0.887372 0.856378 0.824287 0.791721 0.758982 0.726192 0.693388 0.660581 0.627774 0.594967 0.56216 0.529353 0.496546 0.463739 0.430932 0.398125 0.365317 0.33251 0.299703 0.266896 0.234089 0.201282 0.168475 0.135668 0.10286 0.0700533 0.0372461 0.004439 -0.00423934 
1 1 1 0.999997 0.999974 0.999865 0.999468 0.998338 0.995684 0.990386 0.981194 0.967089 0.947671 0.923349 0.895185 0.864485 0.832377 0.799615 0.766597 0.733497 0.700373 0.667244 0.634114 0.600984 0.567854 0.534724 0.501594 0.468464 0.435334 0.402204 0.369074 0.335944 0.302814 0.269684 0.236554 0.203424 0.170294 0.137164 0.104034 0.0709042 0.0377742 0.00464414 -0.004439 
1 1 1 0.999998 0.999981 0.999897 0.999587 0.998677 0.996478 0.991965 0.983912 0.971211 0.953248 0.930175 0.902868 0.872588 0.840549 0.807635 0.774354 0.740945 0.707497 0.67404 0.640582 0.607122 0.573663 0.540204 0.506744 0.473285 0.439826 0.406367 0.372907 0.339448 0.305989 0.272529 0.23907 0.205611 0.172151 0.138692 0.105233 0.0717735 0.0383142 0.00485494 -0.00464414 
1 1 1 0.999998 0.999986 0.999923 0.99968 0.998949 0.997136 0.993311 0.986299 0.974936 0.958433 0.936693 0.910376 0.880652 0.848782 0.815772 0.782252 0.748539 0.714764 0.680974 0.647179 0.613384 0.579589 0.545794 0.511999 0.478204 0.444409 0.410613 0.376818 0.343023 0.309228 0.275433 0.241638 0.207843 0.174047 0.140252 0.106457 0.0726619 0.0388668 0.0050716 -0.00485494 
1 1 1 0.999999 0.99999 0.999942 0.999753 0.999168 0.997679 0.994453 0.988381 0.978279 0.963219 0.942873 0.917667 0.888637 0.85705 0.824014 0.790287 0.75628 0.722178 0.688048 0.653912 0.619774 0.585637 0.551499 0.517361 0.483223 0.449086 0.414948 0.38081 0.346672 0.312534 0.278397 0.244259 0.210121 0.175983 0.141845 0.107708 0.0735699 0.0394321 0.00529433 -0.0050716 
1 1 1 0.999999 0.999992 0.999956 0.999809 0.999344 0.998125 0.995417 0.990187 0.981259 0.967605 0.94869 0.924702 0.896503 0.865321 0.832344 0.798454 0.764169 0.72974 0.695268 0.660783 0.626297 0.591809 0.557322 0.522834 0.488347 0.45386 0.419372 0.384885 0.350397 0.31591 0.281423 0.246935 0.212448 0.17796 0.143473 0.108986 0.0744982 0.0400108 0.00552336 -0.00529433 
1 1 1 0.999999 0.999994 0.999967 0.999853 0.999483 0.99849 0.996227 0.991745 0.983899 0.971596 0.954127 0.931443 0.904206 0.873562 0.840742 0.806744 0.772205 0.737455 0.702636 0.667798 0.632955 0.598111 0.563266 0.528422 0.493578 0.458734 0.42389 0.389045 0.354201 0.319357 0.284513 0.249668 0.214824 0.17998 0.145136 0.110292 0.0754474 0.0406031 0.00575892 -0.00552336 
1 1 1 1 0.999996 0.999975 0.999887 0.999594 0.998788 0.996904 0.993081 0.986224 0.975205 0.959173 0.937859 0.911706 0.881734 0.849181 0.815146 0.780385 0.745324 0.710158 0.674959 0.639753 0.604545 0.569337 0.534128 0.49892 0.463711 0.428503 0.393294 0.358086 0.322877 0.287669 0.25246 0.217252 0.182044 0.146835 0.111627 0.0764181 0.0412097 0.00600123 -0.00575892 
1 1 1 1 0.999997 0.999981 0.999914 0.999682 0.99903 0.997468 0.994222 0.98826 0.978447 0.963825 0.943924 0.918962 0.889797 0.857633 0.823643 0.788704 0.753348 0.717835 0.682272 0.646696 0.611116 0.575536 0.539956 0.504375 0.468795 0.433215 0.397634 0.362054 0.326474 0.290893 0.255313 0.219733 0.184152 0.148572 0.112992 0.0774113 0.0418309 0.00625057 -0.00600123 
1 1 1 1 0.999998 0.999986 0.999934 0.999752 0.999225 0.997936 0.995192 0.990033 0.981342 0.968085 0.949619 0.925937 0.897709 0.866064 0.832215 0.797154 0.761526 0.725672 0.689741 0.653788 0.617829 0.581869 0.545909 0.509949 0.473989 0.438029 0.402069 0.366109 0.330148 0.294188 0.258228 0.222268 0.186308 0.150348 0.114388 0.0784274 0.0424673 0.00650718 -0.00625057 
1 1 1 1 0.999998 0.99999 0.99995 0.999806 0.999383 0.998322 0.996012 0.991569 0.983912 0.971962 0.954931 0.9326 0.905431 0.874436 0.840837 0.805723 0.769856 0.733671 0.69737 0.661034 0.624688 0.58834 0.551992 0.515644 0.479296 0.442948 0.4066 0.370252 0.333904 0.297556 0.261208 0.22486 0.188512 0.152164 0.115816 0.0794675 0.0431194 0.00677135 -0.00650718 
1 1 1 1 0.999999 0.999992 0.999962 0.999849 0.99951 0.99864 0.996703 0.992894 0.986181 0.975468 0.959853 0.938922 0.912921 0.882711 0.849482 0.814396 0.778333 0.741832 0.705162 0.668437 0.631698 0.594954 0.55821 0.521465 0.484721 0.447977 0.411232 0.374488 0.337743 0.300999 0.264254 0.22751 0.190766 0.154021 0.117277 0.0805322 0.0437878 0.00704337 -0.00677135 
1 1 1 1 0.999999 0.999994 0.999971 0.999883 0.999612 0.998901 0.997283 0.994031 0.988174 0.97862 0.964386 0.944884 0.920144 0.890848 0.858116 0.823153 0.786949 0.750155 0.713121 0.676004 0.638863 0.601715 0.564566 0.527416 0.490267 0.453117 0.415968 0.378818 0.341669 0.304519 0.26737 0.23022 0.193071 0.155921 0.118772 0.0816225 0.044473 0.00732353 -0.00704337 
1 1 1 1 0.999999 0.999996 0.999978 0.999909 0.999693 0.999114 0.997767 0.995002 0.989915 0.981438 0.968535 0.950469 0.927065 0.898806 0.866703 0.83197 0.795693 0.758638 0.72125 0.683738 0.646188 0.608627 0.571065 0.533501 0.495938 0.458374 0.420811 0.383247 0.345684 0.30812 0.270557 0.232993 0.19543 0.157866 0.120303 0.0827392 0.0451757 0.00761216 -0.00732353 
1 1 1 1 1 0.999997 0.999983 0.99993 0.999758 0.999288 0.998171 0.995829 0.99143 0.983945 0.972309 0.955669 0.933656 0.906546 0.875205 0.84082 0.80455 0.767277 0.729549 0.691644 0.653679 0.615697 0.577711 0.539725 0.501738 0.463751 0.425764 0.387778 0.349791 0.311804 0.273817 0.23583 0.197844 0.159857 0.12187 0.0838832 0.0458964 0.0079096 -0.00761216 
1 1 1 1 1 0.999998 0.999987 0.999946 0.99981 0.999429 0.998505 0.996529 0.992741 0.986163 0.975723 0.960481 0.939895 0.914029 0.883581 0.849671 0.813501 0.776065 0.73802 0.699724 0.66134 0.622929 0.584511 0.546092 0.507672 0.469253 0.430833 0.392413 0.353994 0.315574 0.277154 0.238734 0.200315 0.161895 0.123475 0.0850556 0.0466359 0.00821618 -0.0079096 
1 1 1 1 1 0.999998 0.99999 0.999958 0.99985 0.999543 0.998782 0.99712 0.993871 0.988115 0.978796 0.964908 0.945763 0.921222 0.891791 0.858487 0.822525 0.784991 0.746661 0.707983 0.669177 0.630329 0.591469 0.552608 0.513745 0.474883 0.43602 0.397158 0.358295 0.319432 0.28057 0.241707 0.202845 0.163982 0.12512 0.0862573 0.0473948 0.00853229 -0.00821618 
1 1 1 1 1 0.999999 0.999993 0.999968 0.999883 0.999635 0.99901 0.997618 0.994842 0.989827 0.981545 0.968957 0.95125 0.928095 0.899795 0.867231 0.831593 0.794042 0.755467 0.716423 0.677193 0.637901 0.598591 0.559277 0.519961 0.480646 0.44133 0.402014 0.362699 0.323383 0.284068 0.244752 0.205436 0.166121 0.126805 0.0874895 0.0481739 0.00885831 -0.00853229 
1 1 1 1 1 0.999999 0.999995 0.999975 0.999908 0.999709 0.999197 0.998035 0.995671 0.99132 0.983994 0.97264 0.95635 0.934622 0.907554 0.875862 0.840674 0.803198 0.764433 0.725043 0.685394 0.645652 0.605882 0.566105 0.526326 0.486547 0.446767 0.406988 0.367209 0.327429 0.28765 0.247871 0.208091 0.168312 0.128533 0.0887533 0.048974 0.00919465 -0.00885831 
1 1 1 1 1 0.999999 0.999996 0.999981 0.999928 0.999769 0.999351 0.998383 0.996378 0.992617 0.986165 0.975972 0.961064 0.940785 0.915034 0.88434 0.849734 0.812439 0.773548 0.733843 0.693782 0.653587 0.613348 0.573098 0.532844 0.49259 0.452336 0.412082 0.371828 0.331574 0.29132 0.251066 0.210812 0.170558 0.130304 0.0900498 0.0497958 0.00954174 -0.00919465 
1 1 1 1 1 0.999999 0.999997 0.999986 0.999944 0.999817 0.999476 0.998673 0.996978 0.993739 0.98808 0.978972 0.965395 0.94657 0.922202 0.892625 0.858736 0.821738 0.7828 0.742821 0.702361 0.66171 0.620995 0.580261 0.539522 0.498782 0.458042 0.417302 0.376562 0.335821 0.295081 0.254341 0.213601 0.172861 0.132121 0.0913804 0.0506402 0.00990003 -0.00954174 
1 1 1 1 1 1 0.999998 0.999989 0.999957 0.999855 0.999578 0.998914 0.997486 0.994706 0.989762 0.981659 0.969355 0.951969 0.929033 0.900676 0.867638 0.831064 0.792172 0.75197 0.711132 0.670028 0.628829 0.587601 0.546365 0.505127 0.463889 0.422651 0.381413 0.340175 0.298937 0.257699 0.21646 0.175222 0.133984 0.0927462 0.0515081 0.01027 -0.00990003 
1 1 1 1 1 1 0.999998 0.999992 0.999966 0.999886 0.999661 0.999113 0.997913 0.995537 0.991234 0.984055 0.972956 0.95698 0.935504 0.908459 0.876402 0.840383 0.801642 0.761282 0.720094 0.678544 0.636856 0.595123 0.553379 0.511631 0.469883 0.428135 0.386387 0.344638 0.30289 0.261142 0.219393 0.177645 0.135897 0.0941487 0.0524004 0.0106521 -0.01027 
1 1 1 1 1 1 0.999999 0.999994 0.999974 0.99991 0.999729 0.999278 0.998273 0.996247 0.992516 0.986182 0.976214 0.961605 0.941601 0.91594 0.884984 0.849659 0.811184 0.770744 0.729246 0.687261 0.645081 0.602835 0.56057 0.5183 0.47603 0.433758 0.391487 0.349216 0.306945 0.264674 0.222403 0.180132 0.13786 0.0955893 0.0533181 0.011047 -0.0106521 
1 1 1 1 1 1 0.999999 0.999995 0.99998 0.999929 0.999783 0.999413 0.998574 0.996853 0.993629 0.988062 0.979148 0.965851 0.947312 0.92309 0.893347 0.85885 0.820769 0.78034 0.738583 0.696182 0.653511 0.610743 0.567946 0.525141 0.482334 0.439527 0.39672 0.353913 0.311105 0.268298 0.225491 0.182684 0.139877 0.0970695 0.0542623 0.0114551 -0.011047 
1 1 1 1 1 1 0.999999 0.999996 0.999984 0.999944 0.999827 0.999524 0.998825 0.997368 0.994592 0.989717 0.981779 0.969731 0.952632 0.929885 0.901451 0.867917 0.830363 0.790049 0.748097 0.705307 0.66215 0.618854 0.575513 0.532159 0.488803 0.445446 0.402089 0.358733 0.315376 0.272019 0.228662 0.185305 0.141948 0.0985909 0.055234 0.0118771 -0.0114551 
1 1 1 1 1 1 0.999999 0.999997 0.999988 0.999956 0.999862 0.999615 0.999035 0.997805 0.995421 0.991168 0.984126 0.973258 0.957562 0.936308 0.909262 0.876817 0.83993 0.799848 0.757776 0.714636 0.671002 0.627173 0.583277 0.539363 0.495443 0.451522 0.407601 0.363681 0.31976 0.275839 0.231918 0.187997 0.144076 0.100155 0.0562344 0.0123135 -0.0118771 
1 1 1 1 1 1 1 0.999998 0.999991 0.999966 0.99989 0.999689 0.999209 0.998173 0.996134 0.992435 0.986213 0.976449 0.962108 0.942346 0.916749 0.885509 0.849429 0.809707 0.767606 0.724164 0.680071 0.635708 0.591247 0.546758 0.50226 0.457761 0.413261 0.368762 0.324262 0.279763 0.235263 0.190764 0.146264 0.101764 0.0572647 0.0127651 -0.0123135 
1 1 1 1 1 1 1 0.999998 0.999993 0.999973 0.999913 0.999749 0.999353 0.998483 0.996744 0.993539 0.98806 0.979323 0.966278 0.947992 0.923887 0.893955 0.858818 0.819592 0.777567 0.733885 0.689359 0.644464 0.59943 0.554352 0.509262 0.464169 0.419075 0.373982 0.328888 0.283795 0.238701 0.193607 0.148514 0.10342 0.0583262 0.0132326 -0.0127651 
1 1 1 1 1 1 1 0.999999 0.999995 0.999979 0.999931 0.999798 0.999472 0.998744 0.997264 0.994496 0.989688 0.981901 0.970085 0.953242 0.930655 0.902117 0.868056 0.829468 0.787635 0.743788 0.698864 0.653446 0.607833 0.562154 0.516456 0.470753 0.42505 0.379346 0.333642 0.287939 0.242235 0.196531 0.150828 0.105124 0.0594203 0.0137166 -0.0132326 
1 1 1 1 1 1 1 0.999999 0.999996 0.999984 0.999945 0.999838 0.99957 0.998962 0.997707 0.995323 0.991119 0.984204 0.973545 0.958102 0.937038 0.909962 0.8771 0.839294 0.797782 0.753861 0.708586 0.662659 0.616462 0.57017 0.523849 0.477521 0.431191 0.384861 0.33853 0.2922 0.24587 0.199539 0.153209 0.106879 0.0605483 0.014218 -0.0137166 
1 1 1 1 1 1 1 0.999999 0.999997 0.999987 0.999957 0.99987 0.99965 0.999144 0.998083 0.996036 0.992372 0.986253 0.976675 0.962576 0.943026 0.917464 0.885909 0.849027 0.807976 0.764083 0.718518 0.672105 0.625326 0.57841 0.531451 0.48448 0.437506 0.390532 0.343558 0.296583 0.249609 0.202635 0.15566 0.108686 0.0617119 0.0147376 -0.014218 
1 1 1 1 1 1 1 0.999999 0.999998 0.99999 0.999966 0.999896 0.999716 0.999296 0.998401 0.996648 0.993464 0.988069 0.979495 0.966677 0.948614 0.924597 0.894445 0.858625 0.818179 0.774434 0.728651 0.681787 0.63443 0.586881 0.539268 0.491638 0.444002 0.396366 0.34873 0.301094 0.253458 0.205821 0.158185 0.110549 0.0629125 0.0152763 -0.0147376 
1 1 1 1 1 1 1 1 0.999998 0.999992 0.999973 0.999917 0.99977 0.999422 0.998669 0.997173 0.994415 0.989673 0.982026 0.970419 0.953804 0.931346 0.902672 0.868044 0.828352 0.784884 0.738973 0.691702 0.64378 0.595592 0.547311 0.499003 0.450688 0.402371 0.354054 0.305737 0.25742 0.209103 0.160786 0.112469 0.064152 0.015835 -0.0152763 
1 1 1 1 1 1 1 1 0.999999 0.999994 0.999979 0.999934 0.999814 0.999526 0.998895 0.997621 0.995239 0.991084 0.984287 0.973818 0.958599 0.937696 0.91056 0.877242 0.838452 0.795403 0.749467 0.701846 0.653379 0.60455 0.555588 0.506585 0.457571 0.408554 0.359536 0.310519 0.261502 0.212484 0.163467 0.114449 0.0654321 0.0164147 -0.015835 
1 1 1 1 1 1 1 1 0.999999 0.999995 0.999984 0.999948 0.99985 0.999613 0.999084 0.998002 0.995951 0.992322 0.986301 0.976893 0.963011 0.943642 0.918083 0.886177 0.848435 0.805953 0.760112 0.712213 0.663232 0.613764 0.564109 0.514392 0.464659 0.414922 0.365184 0.315446 0.265707 0.215969 0.166231 0.116493 0.0667547 0.0170165 -0.0164147 
1 1 1 1 1 1 1 1 0.999999 0.999996 0.999987 0.999958 0.999879 0.999684 0.999243 0.998326 0.996564 0.993404 0.988088 0.979664 0.96705 0.949181 0.925221 0.894812 0.858255 0.816495 0.770881 0.722792 0.673338 0.623239 0.572882 0.522435 0.471963 0.421484 0.371004 0.320524 0.270043 0.219563 0.169083 0.118602 0.0681218 0.0176415 -0.0170165 
1 1 1 1 1 1 1 1 0.999999 0.999997 0.99999 0.999967 0.999903 0.999743 0.999375 0.998601 0.997092 0.994347 0.989668 0.98215 0.970734 0.954318 0.931958 0.903114 0.867868 0.826986 0.781742 0.733566 0.683694 0.632983 0.581917 0.530724 0.479491 0.428249 0.377005 0.32576 0.274515 0.22327 0.172025 0.120781 0.0695357 0.0182909 -0.0176415 
1 1 1 1 1 1 1 1 1 0.999998 0.999992 0.999974 0.999922 0.999791 0.999485 0.998833 0.997543 0.995167 0.991061 0.984374 0.974078 0.959058 0.938284 0.911053 0.877231 0.837379 0.79266 0.744516 0.694296 0.642998 0.591223 0.539267 0.487255 0.435226 0.383194 0.331162 0.279129 0.227097 0.175064 0.123031 0.0709986 0.018966 -0.0182909 
1 1 1 1 1 1 1 1 1 0.999998 0.999994 0.999979 0.999938 0.99983 0.999577 0.999028 0.997929 0.995877 0.992284 0.986355 0.977103 0.963413 0.944196 0.918607 0.886304 0.847629 0.803594 0.755617 0.705135 0.653289 0.600808 0.548078 0.495263 0.442426 0.389582 0.336737 0.283892 0.231048 0.178203 0.125358 0.072513 0.0196681 -0.018966 
1 1 1 1 1 1 1 1 1 0.999999 0.999995 0.999984 0.99995 0.999862 0.999653 0.999193 0.998259 0.996491 0.993356 0.988115 0.979828 0.967398 0.949695 0.925757 0.895049 0.857688 0.814501 0.766838 0.716196 0.663853 0.610681 0.557165 0.503529 0.449857 0.396177 0.342495 0.288812 0.235129 0.181447 0.127764 0.0740815 0.0203988 -0.0196681 
1 1 1 1 1 1 1 1 1 0.999999 0.999996 0.999987 0.99996 0.999889 0.999716 0.999331 0.998539 0.99702 0.994292 0.989673 0.982274 0.971028 0.954786 0.932491 0.903436 0.867511 0.825333 0.778143 0.727462 0.674688 0.620846 0.56654 0.512063 0.457533 0.402989 0.348443 0.293896 0.239348 0.184801 0.130254 0.0757068 0.0211596 -0.0203988 
1 1 1 1 1 1 1 1 1 0.999999 0.999997 0.99999 0.999968 0.99991 0.999768 0.999446 0.998776 0.997475 0.995107 0.991047 0.984462 0.974323 0.959478 0.938803 0.911438 0.877054 0.836043 0.789494 0.738908 0.685788 0.631309 0.576212 0.520877 0.465464 0.41003 0.354591 0.299151 0.243711 0.188272 0.132832 0.077392 0.0219522 -0.0211596 
1 1 1 1 1 1 1 1 1 0.999999 0.999998 0.999992 0.999975 0.999928 0.99981 0.999543 0.998977 0.997864 0.995814 0.992257 0.986414 0.977302 0.963784 0.94469 0.919033 0.886278 0.846581 0.800844 0.750505 0.69714 0.642072 0.586192 0.529983 0.473662 0.417309 0.360949 0.304588 0.248226 0.191864 0.135502 0.0791402 0.0227783 -0.0219522 
1 1 1 1 1 1 1 1 1 1 0.999998 0.999994 0.99998 0.999942 0.999846 0.999623 0.999146 0.998197 0.996427 0.993318 0.988148 0.979986 0.96772 0.950156 0.926205 0.895148 0.8569 0.812146 0.762219 0.708728 0.653134 0.596487 0.539394 0.482141 0.424841 0.367529 0.310214 0.2529 0.195585 0.13827 0.0809549 0.02364 -0.0227783 
1 1 1 1 1 1 1 1 1 1 0.999999 0.999995 0.999984 0.999953 0.999874 0.99969 0.999289 0.998482 0.996957 0.994246 0.989684 0.982396 0.971304 0.955209 0.932946 0.903633 0.866952 0.823351 0.77401 0.72053 0.664491 0.607105 0.549121 0.490914 0.432636 0.374341 0.316041 0.257741 0.19944 0.14114 0.0828396 0.0245392 -0.02364 
1 1 1 1 1 1 1 1 1 1 0.999999 0.999996 0.999987 0.999963 0.999898 0.999745 0.999409 0.998724 0.997413 0.995056 0.991042 0.984552 0.974554 0.95986 0.939252 0.911708 0.876694 0.834405 0.785832 0.732519 0.676133 0.618051 0.559178 0.499994 0.44071 0.381397 0.322078 0.262758 0.203438 0.144118 0.0847983 0.0254782 -0.0245392 
1 1 1 1 1 1 1 1 1 1 0.999999 0.999997 0.99999 0.99997 0.999917 0.999791 0.99951 0.998929 0.997806 0.99576 0.992238 0.986475 0.977492 0.964124 0.945122 0.919356 0.886087 0.845259 0.797637 0.744661 0.688048 0.629326 0.569574 0.509397 0.449075 0.388711 0.328338 0.267962 0.207587 0.147211 0.0868352 0.0264595 -0.0254782 
1 1 1 1 1 1 1 1 1 1 0.999999 0.999998 0.999992 0.999976 0.999933 0.999829 0.999594 0.999103 0.998142 0.996372 0.993288 0.988185 0.980139 0.968017 0.950564 0.926562 0.895097 0.855862 0.809373 0.756917 0.700214 0.64093 0.580319 0.519137 0.457748 0.396297 0.334831 0.273363 0.211893 0.150424 0.0889548 0.0274855 -0.0264595 
1 1 1 1 1 1 1 1 1 1 1 0.999998 0.999994 0.999981 0.999946 0.99986 0.999665 0.999251 0.99843 0.996902 0.994208 0.989702 0.982514 0.971559 0.955587 0.93332 0.903694 0.866167 0.820985 0.769241 0.712608 0.652856 0.591422 0.529227 0.466743 0.404169 0.341572 0.27897 0.216368 0.153765 0.091162 0.0285591 -0.0274855 
1 1 1 1 1 1 1 1 1 1 1 0.999999 0.999995 0.999985 0.999956 0.999886 0.999723 0.999375 0.998676 0.997359 0.995013 0.991043 0.984641 0.97477 0.960204 0.939629 0.911858 0.87613 0.832419 0.781584 0.725196 0.665095 0.602889 0.539682 0.476078 0.412344 0.348574 0.284797 0.221019 0.157241 0.0934619 0.0296834 -0.0285591 
1 1 1 1 1 1 1 1 1 1 1 0.999999 0.999996 0.999988 0.999965 0.999907 0.999772 0.999479 0.998885 0.997753 0.995714 0.992226 0.986538 0.977671 0.964432 0.945492 0.919571 0.885712 0.843622 0.793891 0.737941 0.677628 0.61472 0.550514 0.485769 0.420837 0.355853 0.290857 0.225858 0.160859 0.0958604 0.0308615 -0.0296834 
1 1 1 1 1 1 1 1 1 1 1 0.999999 0.999997 0.99999 0.999972 0.999924 0.999813 0.999567 0.999063 0.998092 0.996324 0.993266 0.988226 0.980284 0.968289 0.950918 0.926822 0.894881 0.85454 0.806106 0.750797 0.690435 0.626915 0.561737 0.495833 0.429667 0.363424 0.297162 0.230896 0.16463 0.0983633 0.032097 -0.0308615 
1 1 1 1 1 1 1 1 1 1 1 0.999999 0.999998 0.999992 0.999977 0.999939 0.999846 0.999641 0.999214 0.998383 0.996853 0.994178 0.989724 0.982629 0.971795 0.955919 0.933609 0.903609 0.865126 0.818171 0.763713 0.703484 0.639467 0.573358 0.506288 0.438853 0.371304 0.303727 0.236145 0.168561 0.100977 0.0333938 -0.032097 
1 1 1 1 1 1 1 1 1 1 1 0.999999 0.999998 0.999994 0.999982 0.99995 0.999874 0.999702 0.999342 0.998632 0.997311 0.994977 0.99105 0.984728 0.974971 0.96051 0.939932 0.911876 0.875336 0.830027 0.776635 0.716739 0.652362 0.585385 0.517149 0.448413 0.379513 0.31057 0.241618 0.172664 0.10371 0.034756 -0.0333938 
1 1 1 1 1 1 1 1 1 1 1 1 0.999999 0.999995 0.999985 0.99996 0.999897 0.999754 0.99945 0.998845 0.997707 0.995675 0.99222 0.986602 0.977839 0.964708 0.945798 0.91967 0.885132 0.841617 0.789503 0.730156 0.665583 0.59782 0.528434 0.458368 0.38807 0.317706 0.247329 0.176949 0.106568 0.0361881 -0.034756 
1 1 1 1 1 1 1 1 1 1 1 1 0.999999 0.999996 0.999988 0.999967 0.999916 0.999797 0.999541 0.999026 0.998047 0.996282 0.99325 0.988269 0.980421 0.968534 0.951217 0.926981 0.894482 0.852888 0.802253 0.743684 0.679102 0.610662 0.540156 0.46874 0.396995 0.325156 0.253294 0.181428 0.109562 0.0376952 -0.0361881 
1 1 1 1 1 1 1 1 1 1 1 1 0.999999 0.999997 0.999991 0.999974 0.999931 0.999832 0.999618 0.999181 0.998341 0.99681 0.994155 0.98975 0.982739 0.972009 0.956204 0.933809 0.903361 0.86379 0.814824 0.757266 0.692885 0.623903 0.552327 0.479547 0.406312 0.332937 0.259529 0.186114 0.112698 0.0392826 -0.0376952 
1 1 1 1 1 1 1 1 1 1 1 1 0.999999 0.999998 0.999993 0.999979 0.999944 0.999862 0.999682 0.999312 0.998592 0.997268 0.994948 0.99106 0.984813 0.975155 0.960775 0.940158 0.911752 0.874279 0.827154 0.770839 0.70689 0.637528 0.564955 0.490812 0.416043 0.341074 0.266053 0.191022 0.115989 0.0409563 -0.0392826 
1 1 1 1 1 1 1 1 1 1 1 1 0.999999 0.999998 0.999994 0.999983 0.999954 0.999887 0.999736 0.999423 0.998808 0.997665 0.995641 0.992219 0.986665 0.977995 0.964951 0.946037 0.919643 0.884318 0.839181 0.784338 0.721065 0.651516 0.578045 0.502554 0.426214 0.349588 0.272885 0.196166 0.119444 0.0427227 -0.0409563 
1 1 1 1 1 1 1 1 1 1 1 1 1 0.999999 0.999995 0.999986 0.999963 0.999907 0.999781 0.999517 0.998992 0.998007 0.996246 0.993239 0.988313 0.98055 0.968753 0.951459 0.927029 0.893877 0.85085 0.797693 0.735352 0.665835 0.591596 0.51479 0.436849 0.358505 0.280047 0.201564 0.123077 0.044589 -0.0427227 
1 1 1 1 1 1 1 1 1 1 1 1 1 0.999999 0.999996 0.999989 0.99997 0.999924 0.999819 0.999596 0.99915 0.998302 0.996773 0.994137 0.989777 0.982842 0.972202 0.95644 0.933913 0.902932 0.86211 0.810838 0.749688 0.680446 0.605598 0.527537 0.447975 0.367852 0.287562 0.207233 0.126899 0.0465629 -0.044589 
1 1 1 1 1 1 1 1 1 1 1 1 1 0.999999 0.999997 0.999991 0.999976 0.999938 0.99985 0.999663 0.999283 0.998556 0.997231 0.994924 0.991075 0.984894 0.975322 0.961 0.9403 0.911468 0.872918 0.823704 0.764002 0.6953 0.620037 0.540805 0.459617 0.377657 0.295455 0.213195 0.130925 0.0486532 -0.0465629 
1 1 1 1 1 1 1 1 1 1 1 1 1 0.999999 0.999998 0.999993 0.99998 0.999949 0.999877 0.999719 0.999397 0.998774 0.997627 0.995613 0.992221 0.986726 0.978137 0.96516 0.946204 0.919477 0.883236 0.836229 0.77822 0.710338 0.634886 0.554601 0.4718 0.38795 0.303755 0.219472 0.135172 0.0508693 -0.0486532 
1 1 1 1 1 1 1 1 1 1 1 1 1 0.999999 0.999998 0.999994 0.999984 0.999958 0.999898 0.999766 0.999494 0.998961 0.997971 0.996215 0.993233 0.988357 0.980668 0.968942 0.951638 0.926956 0.893036 0.848353 0.792268 0.725495 0.650111 0.568926 0.484549 0.398764 0.31249 0.226086 0.139656 0.0532219 -0.0508693 
1 1 1 1 1 1 1 1 1 1 1 1 1 1 0.999999 0.999996 0.999987 0.999966 0.999916 0.999806 0.999576 0.999121 0.998267 0.99674 0.994123 0.989806 0.982939 0.972372 0.956624 0.933911 0.902296 0.860025 0.80607 0.740697 0.665666 0.583771 0.497882 0.41013 0.321695 0.233067 0.144398 0.0557226 -0.0532219 
1 1 1 1 1 1 1 1 1 1 1 1 1 1 0.999999 0.999996 0.99999 0.999972 0.999931 0.999839 0.999645 0.999257 0.998523 0.997197 0.994904 0.991091 0.984971 0.975471 0.96118 0.940352 0.911004 0.871199 0.819554 0.755865 0.681494 0.59912 0.511817 0.422082 0.331403 0.240442 0.149418 0.0583844 -0.0557226 
1 1 1 1 1 1 1 1 1 1 1 1 1 1 0.999999 0.999997 0.999992 0.999978 0.999944 0.999867 0.999703 0.999373 0.998743 0.997594 0.99559 0.992227 0.986785 0.978265 0.965332 0.946293 0.919154 0.88184 0.832652 0.770915 0.697529 0.614943 0.526365 0.434652 0.341651 0.248244 0.154741 0.061222 -0.0583844 
1 1 1 1 1 1 1 1 1 1 1 1 1 1 0.999999 0.999998 0.999993 0.999982 0.999954 0.99989 0.999752 0.999472 0.998932 0.997938 0.996189 0.99323 0.988401 0.980776 0.969102 0.951752 0.926748 0.89192 0.845302 0.785765 0.713693 0.631202 0.54153 0.447873 0.352481 0.256509 0.160393 0.0642515 -0.061222 
1 1 1 1 1 1 1 1 1 1 1 1 1 1 0.999999 0.999998 0.999995 0.999985 0.999962 0.999909 0.999793 0.999556 0.999094 0.998236 0.996712 0.994113 0.989836 0.983028 0.972517 0.956751 0.933794 0.901421 0.85745 0.800331 0.729904 0.647843 0.557304 0.461773 0.363933 0.265276 0.166404 0.0674911 -0.0642515 
1 1 1 1 1 1 1 1 1 1 1 1 1 1 1 0.999999 0.999996 0.999988 0.999969 0.999925 0.999828 0.999627 0.999232 0.998493 0.997168 0.994889 0.991109 0.985043 0.9756 0.961314 0.940304 0.910333 0.869051 0.814535 0.746069 0.664802 0.573671 0.476376 0.376051 0.274587 0.172806 0.0709614 -0.0674911 
1 1 1 1 1 1 1 1 1 1 1 1 1 1 1 0.999999 0.999997 0.99999 0.999975 0.999938 0.999857 0.999687 0.999351 0.998714 0.997565 0.99557 0.992235 0.986841 0.978377 0.965464 0.946297 0.918653 0.880069 0.828302 0.762096 0.682001 0.5906 0.4917 0.388879 0.28449 0.179636 0.0746854 -0.0709614 
1 1 1 1 1 1 1 1 1 1 1 1 1 1 1 0.999999 0.999997 0.999992 0.99998 0.999949 0.999881 0.999738 0.999452 0.998905 0.997909 0.996166 0.993229 0.988442 0.980872 0.969229 0.951793 0.926386 0.89048 0.841568 0.777891 0.699351 0.608048 0.507756 0.40246 0.295034 0.186936 0.0786891 -0.0746854 
1 1 1 1 1 1 1 1 1 1 1 1 1 1 1 0.999999 0.999998 0.999994 0.999983 0.999958 0.999902 0.999781 0.999538 0.999069 0.998207 0.996688 0.994106 0.989865 0.983108 0.972635 0.956818 0.933544 0.900265 0.854275 0.793359 0.716754 0.625953 0.524542 0.416837 0.306273 0.194751 0.0830021 -0.0786891 
1 1 1 1 1 1 1 1 1 1 1 1 1 1 1 0.999999 0.999998 0.999995 0.999986 0.999966 0.999919 0.999817 0.999611 0.99921 0.998466 0.997142 0.994877 0.991127 0.985108 0.975708 0.961395 0.940143 0.909419 0.866379 0.808414 0.734106 0.644241 0.542043 0.432045 0.318266 0.203132 0.0876579 -0.0830021 
1 1 1 1 1 1 1 1 1 1 1 1 1 1 1 1 0.999999 0.999996 0.999989 0.999972 0.999933 0.999848 0.999673 0.99933 0.998688 0.997538 0.995554 0.992244 0.986892 0.978472 0.965554 0.946205 0.917943 0.877844 0.822976 0.751299 0.662821 0.560228 0.448118 0.331071 0.212137 0.0926947 -0.0876579 
1 1 1 1 1 1 1 1 1 1 1 1 1 1 1 1 0.999999 0.999997 0.999991 0.999977 0.999945 0.999873 0.999725 0.999433 0.998881 0.997883 0.996147 0.993231 0.988481 0.980955 0.969321 0.951754 0.925846 0.888645 0.836974 0.768225 0.681589 0.57905 0.465075 0.344751 0.221828 0.0981562 -0.0926947 
1 1 1 1 1 1 1 1 1 1 1 1 1 1 1 1 0.999999 0.999997 0.999993 0.999981 0.999954 0.999895 0.99977 0.99952 0.999046 0.998182 0.996666 0.994101 0.989893 0.983178 0.972724 0.956816 0.933142 0.89877 0.850349 0.784779 0.70043 0.598439 0.482925 0.359368 0.232275 0.104092 -0.0981562 
1 1 1 1 1 1 1 1 1 1 1 1 1 1 1 1 0.999999 0.999998 0.999994 0.999985 0.999962 0.999913 0.999807 0.999595 0.999188 0.998441 0.99712 0.994867 0.991145 0.985165 0.975791 0.96142 0.939854 0.908215 0.863053 0.800861 0.719221 0.61831 0.501662 0.374978 0.243554 0.11056 -0.104092 
1 1 1 1 1 1 1 1 1 1 1 1 1 1 1 1 0.999999 0.999998 0.999995 0.999988 0.999969 0.999928 0.999839 0.999659 0.99931 0.998665 0.997515 0.99554 0.992254 0.986938 0.978549 0.965596 0.946004 0.916986 0.875052 0.816383 0.737836 0.638556 0.521259 0.391637 0.255747 0.117624 -0.11056 
1 1 1 1 1 1 1 1 1 1 1 1 1 1 1 1 1 0.999999 0.999996 0.99999 0.999975 0.99994 0.999865 0.999713 0.999415 0.998858 0.997859 0.996131 0.993234 0.988516 0.981022 0.969373 0.951622 0.925095 0.886324 0.831268 0.756148 0.659053 0.541665 0.409386 0.268943 0.12536 -0.117624 
1 1 1 1 1 1 1 1 1 1 1 1 1 1 1 1 1 0.999999 0.999997 0.999992 0.999979 0.99995 0.999888 0.999759 0.999504 0.999025 0.998158 0.996648 0.994098 0.989919 0.983236 0.972781 0.956737 0.932563 0.896859 0.845453 0.774035 0.679664 0.562808 0.428257 0.283233 0.133852 -0.12536 
1 1 1 1 1 1 1 1 1 1 1 1 1 1 1 1 1 0.999999 0.999998 0.999993 0.999983 0.999959 0.999907 0.999797 0.99958 0.999169 0.998418 0.9971 0.99486 0.991163 0.985214 0.975849 0.961381 0.939414 0.906656 0.858888 0.791384 0.700242 0.584586 0.448259 0.298711 0.143198 -0.133852 
1 1 1 1 1 1 1 1 1 1 1 1 1 1 1 1 1 0.999999 0.999998 0.999995 0.999986 0.999966 0.999922 0.99983 0.999645 0.999292 0.998643 0.997494 0.995529 0.992264 0.986978 0.978604 0.965585 0.945677 0.915727 0.871538 0.808094 0.720635 0.606876 0.46938 0.315467 0.153506 -0.143198 
1 1 1 1 1 1 1 1 1 1 1 1 1 1 1 1 1 0.999999 0.999998 0.999996 0.999989 0.999972 0.999935 0.999858 0.999701 0.999398 0.998837 0.997838 0.996116 0.993237 0.988547 0.981073 0.969382 0.951384 0.924089 0.883385 0.824078 0.74069 0.629528 0.491577 0.333587 0.164899 -0.153506 
1 1 1 1 1 1 1 1 1 1 1 1 1 1 1 1 1 1 0.999999 0.999996 0.999991 0.999977 0.999947 0.999881 0.999748 0.999489 0.999006 0.998138 0.996631 0.994097 0.989941 0.983281 0.972802 0.95657 0.931768 0.894421 0.839268 0.760263 0.652376 0.514776 0.353142 0.177512 -0.164899 
1 1 1 1 1 1 1 1 1 1 1 1 1 1 1 1 1 1 0.999999 0.999997 0.999992 0.999981 0.999956 0.999901 0.999788 0.999567 0.99915 0.998398 0.997082 0.994854 0.991178 0.985252 0.975877 0.961267 0.938793 0.904651 0.853611 0.779218 0.675237 0.538866 0.374185 0.191492 -0.177512 
1 1 1 1 1 1 1 1 1 1 1 1 1 1 1 1 1 1 0.999999 0.999998 0.999994 0.999985 0.999963 0.999917 0.999822 0.999633 0.999275 0.998623 0.997476 0.995519 0.992273 0.987009 0.978635 0.965512 0.945198 0.914092 0.867072 0.797439 0.697922 0.563701 0.396739 0.206994 -0.191492 
1 1 1 1 1 1 1 1 1 1 1 1 1 1 1 1 1 1 0.999999 0.999998 0.999995 0.999987 0.99997 0.999931 0.99985 0.99969 0.999382 0.998819 0.997819 0.996104 0.993241 0.988572 0.981104 0.969339 0.951021 0.922767 0.879635 0.814825 0.720244 0.589101 0.420792 0.224177 -0.206994 
1 1 1 1 1 1 1 1 1 1 1 1 1 1 1 1 1 1 0.999999 0.999999 0.999996 0.99999 0.999975 0.999943 0.999875 0.999738 0.999475 0.998988 0.998119 0.996617 0.994095 0.98996 0.98331 0.972781 0.956297 0.930708 0.891296 0.831297 0.742022 0.614858 0.446289 0.243199 -0.224177 
1 1 1 1 1 1 1 1 1 1 1 1 1 1 1 1 1 1 1 0.999999 0.999997 0.999992 0.999979 0.999952 0.999895 0.999779 0.999553 0.999134 0.998379 0.997066 0.994848 0.991191 0.985278 0.97587 0.961067 0.937951 0.902067 0.8468 0.763091 0.64074 0.47312 0.264203 -0.243199 
1 1 1 1 1 1 1 1 1 1 1 1 1 1 1 1 1 1 1 0.999999 0.999997 0.999993 0.999983 0.99996 0.999912 0.999814 0.999621 0.999259 0.998605 0.997459 0.995511 0.99228 0.987031 0.978638 0.965368 0.944536 0.911972 0.861299 0.783305 0.666504 0.501126 0.287309 -0.264203 
1 1 1 1 1 1 1 1 1 1 1 1 1 1 1 1 1 1 1 0.999999 0.999998 0.999994 0.999986 0.999967 0.999927 0.999843 0.999679 0.999368 0.998801 0.997802 0.996094 0.993244 0.98859 0.981113 0.969238 0.950504 0.92104 0.874777 0.802546 0.691905 0.530091 0.312596 -0.287309 
1 1 1 1 1 1 1 1 1 1 1 1 1 1 1 1 1 1 1 0.999999 0.999998 0.999995 0.999989 0.999973 0.999939 0.999868 0.999728 0.999461 0.998971 0.998101 0.996605 0.994094 0.989973 0.983322 0.972712 0.955899 0.929311 0.887239 0.820719 0.716707 0.559751 0.340088 -0.312596 
1 1 1 1 1 1 1 1 1 1 1 1 1 1 1 1 1 1 1 1 0.999999 0.999996 0.999991 0.999978 0.999949 0.999889 0.99977 0.999541 0.999118 0.998362 0.997052 0.994844 0.9912 0.985291 0.975825 0.960762 0.93683 0.898703 0.837761 0.740694 0.589804 0.369737 -0.340088 
1 1 1 1 1 1 1 1 1 1 1 1 1 1 1 1 1 1 1 1 0.999999 0.999997 0.999992 0.999981 0.999958 0.999907 0.999806 0.99961 0.999245 0.998588 0.997444 0.995504 0.992285 0.987042 0.978609 0.965138 0.943642 0.9092 0.853634 0.763676 0.619917 0.401412 -0.369737 
1 1 1 1 1 1 1 1 1 1 1 1 1 1 1 1 1 1 1 1 0.999999 0.999998 0.999994 0.999985 0.999965 0.999922 0.999836 0.999669 0.999354 0.998785 0.997787 0.996084 0.993245 0.988599 0.981096 0.969066 0.949797 0.918773 0.868328 0.7855 0.649753 0.434887 -0.401412 
1 1 1 1 1 1 1 1 1 1 1 1 1 1 1 1 1 1 1 1 0.999999 0.999998 0.999995 0.999987 0.999971 0.999935 0.999862 0.999719 0.999449 0.998956 0.998086 0.996593 0.994092 0.98998 0.983313 0.972585 0.955343 0.927468 0.88185 0.806047 0.678978 0.469845 -0.434887 
1 1 1 1 1 1 1 1 1 1 1 1 1 1 1 1 1 1 1 1 0.999999 0.999998 0.999996 0.99999 0.999976 0.999946 0.999884 0.999762 0.99953 0.999103 0.998346 0.99704 0.994839 0.991204 0.985286 0.975732 0.960329 0.935341 0.894231 0.825239 0.707283 0.505883 -0.469845 
1 1 1 1 1 1 1 1 1 1 1 1 1 1 1 1 1 1 1 1 1 0.999999 0.999997 0.999992 0.99998 0.999955 0.999903 0.999799 0.999599 0.999231 0.998573 0.997431 0.995496 0.992287 0.987041 0.978543 0.964802 0.942446 0.905513 0.843034 0.734398 0.542533 -0.505883 
1 1 1 1 1 1 1 1 1 1 1 1 1 1 1 1 1 1 1 1 1 0.999999 0.999997 0.999993 0.999983 0.999962 0.999918 0.99983 0.999659 0.999342 0.99877 0.997773 0.996075 0.993244 0.988598 0.981048 0.968808 0.948842 0.91575 0.859421 0.760103 0.579283 -0.542533 
1 1 1 1 1 1 1 1 1 1 1 1 1 1 1 1 1 1 1 1 1 0.999999 0.999998 0.999994 0.999986 0.999969 0.999931 0.999856 0.99971 0.999437 0.998942 0.998072 0.996583 0.994089 0.989979 0.983279 0.972388 0.954585 0.925006 0.87442 0.78423 0.615611 -0.579283 
1 1 1 1 1 1 1 1 1 1 1 1 1 1 1 1 1 1 1 1 1 0.999999 0.999998 0.999995 0.999989 0.999974 0.999943 0.999879 0.999754 0.999519 0.99909 0.998332 0.997028 0.994833 0.991202 0.985262 0.975583 0.959731 0.933345 0.888074 0.806669 0.651017 -0.615611 
1 1 1 1 1 1 1 1 1 1 1 1 1 1 1 1 1 1 1 1 1 0.999999 0.999998 0.999996 0.999991 0.999978 0.999952 0.999898 0.999791 0.999589 0.999219 0.998559 0.997418 0.995489 0.992284 0.987023 0.97843 0.964332 0.940838 0.900443 0.827363 0.685051 -0.651017 
1 1 1 1 1 1 1 1 1 1 1 1 1 1 1 1 1 1 1 1 1 1 0.999999 0.999997 0.999992 0.999982 0.99996 0.999914 0.999823 0.99965 0.99933 0.998757 0.99776 0.996066 0.99324 0.988585 0.980963 0.968441 0.947552 0.911599 0.846303 0.717336 -0.685051 
1 1 1 1 1 1 1 1 1 1 1 1 1 1 1 1 1 1 1 1 1 1 0.999999 0.999997 0.999994 0.999985 0.999967 0.999928 0.999851 0.999702 0.999426 0.998929 0.998059 0.996573 0.994083 0.989969 0.983215 0.972102 0.953555 0.921626 0.863521 0.747585 -0.717336 
1 1 1 1 1 1 1 1 1 1 1 1 1 1 1 1 1 1 1 1 1 1 0.999999 0.999998 0.999995 0.999988 0.999972 0.99994 0.999874 0.999747 0.999509 0.999078 0.998319 0.997017 0.994826 0.991193 0.985214 0.975362 0.958913 0.930607 0.87908 0.775603 -0.747585 
1 1 1 1 1 1 1 1 1 1 1 1 1 1 1 1 1 1 1 1 1 1 0.999999 0.999998 0.999996 0.99999 0.999977 0.999949 0.999894 0.999785 0.99958 0.999207 0.998546 0.997407 0.995481 0.992275 0.986986 0.978259 0.963685 0.938629 0.893067 0.801286 -0.775603 
1 1 1 1 1 1 1 1 1 1 1 1 1 1 1 1 1 1 1 1 1 1 0.999999 0.999999 0.999997 0.999992 0.999981 0.999958 0.99991 0.999817 0.999641 0.999319 0.998744 0.997748 0.996057 0.993231 0.988557 0.980832 0.96793 0.945779 0.905585 0.824612 -0.801286 
1 1 1 1 1 1 1 1 1 1 1 1 1 1 1 1 1 1 1 1 1 1 1 0.999999 0.999997 0.999993 0.999984 0.999964 0.999924 0.999845 0.999694 0.999415 0.998916 0.998046 0.996562 0.994074 0.989946 0.983114 0.971702 0.952138 0.916747 0.845627 -0.824612 
1 1 1 1 1 1 1 1 1 1 1 1 1 1 1 1 1 1 1 1 1 1 1 0.999999 0.999998 0.999994 0.999987 0.99997 0.999936 0.999869 0.999739 0.999499 0.999066 0.998307 0.997006 0.994817 0.991175 0.985136 0.975048 0.957783 0.926668 0.864428 -0.845627 
1 1 1 1 1 1 1 1 1 1 1 1 1 1 1 1 1 1 1 1 1 1 1 0.999999 0.999998 0.999995 0.999989 0.999975 0.999947 0.999889 0.999778 0.999571 0.999196 0.998534 0.997396 0.995471 0.99226 0.986926 0.978014 0.962789 0.935464 0.88115 -0.864428 
1 1 1 1 1 1 1 1 1 1 1 1 1 1 1 1 1 1 1 1 1 1 1 0.999999 0.999998 0.999996 0.999991 0.999979 0.999955 0.999906 0.999812 0.999633 0.999308 0.998733 0.997737 0.996047 0.993217 0.98851 0.980641 0.967221 0.943244 0.89595 -0.88115 
1 1 1 1 1 1 1 1 1 1 1 1 1 1 1 1 1 1 1 1 1 1 1 1 0.999999 0.999997 0.999992 0.999983 0.999962 0.999921 0.99984 0.999687 0.999406 0.998905 0.998035 0.996552 0.994062 0.989909 0.982965 0.971142 0.950115 0.908997 -0.89595 
1 1 1 1 1 1 1 1 1 1 1 1 1 1 1 1 1 1 1 1 1 1 1 1 0.999999 0.999997 0.999994 0.999986 0.999969 0.999933 0.999864 0.999733 0.99949 0.999055 0.998296 0.996996 0.994805 0.991145 0.98502 0.974608 0.956175 0.920464 -0.908997 
1 1 1 1 1 1 1 1 1 1 1 1 1 1 1 1 1 1 1 1 1 1 1 1 0.999999 0.999998 0.999995 0.999988 0.999974 0.999944 0.999885 0.999772 0.999563 0.999186 0.998523 0.997385 0.99546 0.992235 0.986836 0.977668 0.961513 0.930516 -0.920464 
1 1 1 1 1 1 1 1 1 1 1 1 1 1 1 1 1 1 1 1 1 1 1 1 0.999999 0.999998 0.999996 0.99999 0.999978 0.999953 0.999903 0.999806 0.999626 0.999299 0.998722 0.997726 0.996035 0.993197 0.988438 0.98037 0.966212 0.939313 -0.930516 
1 1 1 1 1 1 1 1 1 1 1 1 1 1 1 1 1 1 1 1 1 1 1 1 0.999999 0.999999 0.999997 0.999992 0.999982 0.99996 0.999918 0.999835 0.99968 0.999397 0.998895 0.998024 0.996541 0.994044 0.989853 0.982753 0.970346 0.947002 -0.939313 
1 1 1 1 1 1 1 1 1 1 1 1 1 1 1 1 1 1 1 1 1 1 1 1 1 0.999999 0.999997 0.999993 0.999985 0.999967 0.999931 0.99986 0.999726 0.999482 0.999045 0.998285 0.996984 0.994789 0.9911 0.984853 0.973981 0.953716 -0.947002 
1 1 1 1 1 1 1 1 1 1 1 1 1 1 1 1 1 1 1 1 1 1 1 1 1 0.999999 0.999998 0.999994 0.999987 0.999972 0.999941 0.999881 0.999766 0.999555 0.999176 0.998512 0.997374 0.995445 0.992199 0.986705 0.977175 0.959575 -0.953716 
1 1 1 1 1 1 1 1 1 1 1 1 1 1 1 1 1 1 1 1 1 1 1 1 1 0.999999 0.999998 0.999995 0.999989 0.999977 0.999951 0.999899 0.999801 0.999618 0.99929 0.998711 0.997715 0.996021 0.993167 0.988336 0.979983 0.964688 -0.959575 
1 1 1 1 1 1 1 1 1 1 1 1 1 1 1 1 1 1 1 1 1 1 1 1 1 0.999999 0.999998 0.999996 0.999991 0.999981 0.999958 0.999915 0.99983 0.999673 0.999388 0.998885 0.998013 0.996528 0.994018 0.989772 0.982449 0.96915 -0.964688 
1 1 1 1 1 1 1 1 1 1 1 1 1 1 1 1 1 1 1 1 1 1 1 1 1 0.999999 0.999999 0.999997 0.999993 0.999984 0.999965 0.999928 0.999856 0.99972 0.999474 0.999036 0.998274 0.996972 0.994768 0.991035 0.984615 0.973043 -0.96915 
1 1 1 1 1 1 1 1 1 1 1 1 1 1 1 1 1 1 1 1 1 1 1 1 1 1 0.999999 0.999997 0.999994 0.999986 0.999971 0.999939 0.999877 0.999761 0.999548 0.999167 0.998502 0.997362 0.995426 0.992147 0.986518 0.976441 -0.973043 
1 1 1 1 1 1 1 1 1 1 1 1 1 1 1 1 1 1 1 1 1 1 1 1 1 1 0.999999 0.999998 0.999995 0.999989 0.999975 0.999948 0.999896 0.999796 0.999612 0.999281 0.998701 0.997703 0.996005 0.993125 0.988189 0.979408 -0.976441 
1 1 1 1 1 1 1 1 1 1 1 1 1 1 1 1 1 1 1 1 1 1 1 1 1 1 0.999999 0.999998 0.999996 0.999991 0.999979 0.999957 0.999912 0.999826 0.999667 0.99938 0.998875 0.998002 0.996513 0.993984 0.989656 0.982 -0.979408 
1 1 1 1 1 1 1 1 1 1 1 1 1 1 1 1 1 1 1 1 1 1 1 1 1 1 0.999999 0.999999 0.999997 0.999992 0.999983 0.999963 0.999925 0.999852 0.999714 0.999466 0.999026 0.998264 0.996958 0.994739 0.990943 0.984264 -0.982 
1 1 1 1 1 1 1 1 1 1 1 1 1 1 1 1 1 1 1 1 1 1 1 1 1 1 1 0.999999 0.999997 0.999993 0.999986 0.999969 0.999937 0.999874 0.999756 0.999541 0.999158 0.998492 0.997349 0.995402 0.992074 0.986243 -0.984264 
1 1 1 1 1 1 1 1 1 1 1 1 1 1 1 1 1 1 1 1 1 1 1 1 1 1 1 0.999999 0.999998 0.999995 0.999988 0.999974 0.999946 0.999892 0.999791 0.999605 0.999273 0.998692 0.997691 0.995984 0.993066 0.987973 -0.986243 
1 1 1 1 1 1 1 1 1 1 1 1 1 1 1 1 1 1 1 1 1 1 1 1 1 1 1 0.999999 0.999998 0.999996 0.99999 0.999978 0.999955 0.999909 0.999821 0.999661 0.999372 0.998866 0.997991 0.996495 0.993937 0.989487 -0.987973 
1 1 1 1 1 1 1 1 1 1 1 1 1 1 1 1 1 1 1 1 1 1 1 1 1 1 1 0.999999 0.999998 0.999996 0.999992 0.999982 0.999962 0.999922 0.999848 0.999709 0.999459 0.999018 0.998253 0.996942 0.9947 0.990811 -0.989487 
1 1 1 1 1 1 1 1 1 1 1 1 1 1 1 1 1 1 1 1 1 1 1 1 1 1 1 0.999999 0.999999 0.999997 0.999993 0.999985 0.999968 0.999934 0.99987 0.999751 0.999534 0.99915 0.998482 0.997334 0.99537 0.991969 -0.990811 
1 1 1 1 1 1 1 1 1 1 1 1 1 1 1 1 1 1 1 1 1 1 1 1 1 1 1 1 0.999999 0.999997 0.999994 0.999987 0.999973 0.999944 0.999889 0.999786 0.999599 0.999265 0.998682 0.997678 0.995957 0.992983 -0.991969 
1 1 1 1 1 1 1 1 1 1 1 1 1 1 1 1 1 1 1 1 1 1 1 1 1 1 1 1 0.999999 0.999998 0.999995 0.999989 0.999977 0.999953 0.999906 0.999817 0.999655 0.999365 0.998857 0.997979 0.996472 0.99387 -0.992983 
1 1 1 1 1 1 1 1 1 1 1 1 1 1 1 1 1 1 1 1 1 1 1 1 1 1 1 1 0.999999 0.999998 0.999996 0.999991 0.999981 0.99996 0.99992 0.999844 0.999704 0.999452 0.999009 0.998242 0.996923 0.994647 -0.99387 
1 1 1 1 1 1 1 1 1 1 1 1 1 1 1 1 1 1 1 1 1 1 1 1 1 1 1 1 0.999999 0.999999 0.999997 0.999993 0.999984 0.999966 0.999932 0.999867 0.999746 0.999528 0.999142 0.998472 0.997317 0.995327 -0.994647 
1 1 1 1 1 1 1 1 1 1 1 1 1 1 1 1 1 1 1 1 1 1 1 1 1 1 1 1 1 0.999999 0.999997 0.999994 0.999986 0.999972 0.999942 0.999886 0.999782 0.999593 0.999258 0.998673 0.997663 0.995922 -0.995327 
1 1 1 1 1 1 1 1 1 1 1 1 1 1 1 1 1 1 1 1 1 1 1 1 1 1 1 1 1 0.999999 0.999998 0.999995 0.999989 0.999976 0.999951 0.999903 0.999813 0.99965 0.999358 0.998848 0.997965 0.996443 -0.995922 
1 1 1 1 1 1 1 1 1 1 1 1 1 1 1 1 1 1 1 1 1 1 1 1 1 1 1 1 1 0.999999 0.999998 0.999996 0.999991 0.99998 0.999959 0.999917 0.99984 0.999699 0.999446 0.999001 0.99823 0.996898 -0.996443 
1 1 1 1 1 1 1 1 1 1 1 1 1 1 1 1 1 1 1 1 1 1 1 1 1 1 1 1 1 0.999999 0.999998 0.999996 0.999992 0.999983 0.999965 0.99993 0.999863 0.999741 0.999521 0.999134 0.998461 0.997297 -0.996898 
1 1 1 1 1 1 1 1 1 1 1 1 1 1 1 1 1 1 1 1 1 1 1 1 1 1 1 1 1 0.999999 0.999999 0.999997 0.999993 0.999986 0.99997 0.99994 0.999883 0.999778 0.999587 0.99925 0.998662 0.997645 -0.997297 
1 1 1 1 1 1 1 1 1 1 1 1 1 1 1 1 1 1 1 1 1 1 1 1 1 1 1 1 1 1 0.999999 0.999998 0.999994 0.999988 0.999975 0.999949 0.9999 0.999809 0.999644 0.999351 0.998839 0.99795 -0.997645 
1 1 1 1 1 1 1 1 1 1 1 1 1 1 1 1 1 1 1 1 1 1 1 1 1 1 1 1 1 1 0.999999 0.999998 0.999995 0.99999 0.999979 0.999957 0.999915 0.999837 0.999694 0.999439 0.998992 0.998216 -0.99795 
1 1 1 1 1 1 1 1 1 1 1 1 1 1 1 1 1 1 1 1 1 1 1 1 1 1 1 1 1 1 0.999999 0.999998 0.999996 0.999992 0.999982 0.999964 0.999928 0.99986 0.999737 0.999516 0.999126 0.998449 -0.998216 
1 1 1 1 1 1 1 1 1 1 1 1 1 1 1 1 1 1 1 1 1 1 1 1 1 1 1 1 1 1 0.999999 0.999999 0.999997 0.999993 0.999985 0.999969 0.999938 0.99988 0.999774 0.999582 0.999243 0.998652 -0.998449 
1 1 1 1 1 1 1 1 1 1 1 1 1 1 1 1 1 1 1 1 1 1 1 1 1 1 1 1 1 1 1 0.999999 0.999997 0.999994 0.999987 0.999974 0.999948 0.999898 0.999806 0.999639 0.999345 0.998829 -0.998652 
1 1 1 1 1 1 1 1 1 1 1 1 1 1 1 1 1 1 1 1 1 1 1 1 1 1 1 1 1 1 1 0.999999 0.999998 0.999995 0.999989 0.999978 0.999956 0.999913 0.999833 0.999689 0.999433 0.998983 -0.998829 
1 1 1 1 1 1 1 1 1 1 1 1 1 1 1 1 1 1 1 1 1 1 1 1 1 1 1 1 1 1 1 0.999999 0.999998 0.999996 0.999991 0.999981 0.999962 0.999926 0.999857 0.999733 0.99951 0.999118 -0.998983 
1 1 1 1 1 1 1 1 1 1 1 1 1 1 1 1 1 1 1 1 1 1 1 1 1 1 1 1 1 1 1 0.999999 0.999998 0.999997 0.999993 0.999984 0.999968 0.999937 0.999878 0.99977 0.999577 0.999236 -0.999118 
1 1 1 1 1 1 1 1 1 1 1 1 1 1 1 1 1 1 1 1 1 1 1 1 1 1 1 1 1 1 1 0.999999 0.999999 0.999997 0.999994 0.999987 0.999973 0.999946 0.999895 0.999802 0.999635 0.999338 -0.999236 
1 1 1 1 1 1 1 1 1 1 1 1 1 1 1 1 1 1 1 1 1 1 1 1 1 1 1 1 1 1 1 1 0.999999 0.999998 0.999995 0.999989 0.999977 0.999954 0.999911 0.99983 0.999685 0.999427 -0.999338 
1 1 1 1 1 1 1 1 1 1 1 1 1 1 1 1 1 1 1 1 1 1 1 1 1 1 1 1 1 1 1 1 0.999999 0.999998 0.999996 0.999991 0.999981 0.999961 0.999924 0.999854 0.999729 0.999504 -0.999427 
1 1 1 1 1 1 1 1 1 1 1 1 1 1 1 1 1 1 1 1 1 1 1 1 1 1 1 1 1 1 1 1 0.999999 0.999998 0.999996 0.999992 0.999984 0.999967 0.999935 0.999875 0.999766 0.999572 -0.999504 
1 1 1 1 1 1 1 1 1 1 1 1 1 1 1 1 1 1 1 1 1 1 1 1 1 1 1 1 1 1 1 1 0.999999 0.999999 0.999997 0.999993 0.999986 0.999972 0.999944 0.999893 0.999799 0.99963 -0.999572 
1 1 1 1 1 1 1 1 1 1 1 1 1 1 1 1 1 1 1 1 1 1 1 1 1 1 1 1 1 1 1 1 1 0.999999 0.999997 0.999994 0.999988 0.999976 0.999953 0.999908 0.999827 0.999681 -0.99963 
1 1 1 1 1 1 1 1 1 1 1 1 1 1 1 1 1 1 1 1 1 1 1 1 1 1 1 1 1 1 1 1 1 0.999999 0.999998 0.999995 0.99999 0.99998 0.99996 0.999922 0.999852 0.999725 -0.999681 
1 1 1 1 1 1 1 1 1 1 1 1 1 1 1 1 1 1 1 1 1 1 1 1 1 1 1 1 1 1 1 1 1 0.999999 0.999998 0.999996 0.999992 0.999983 0.999966 0.999933 0.999873 0.999763 -0.999725 
1 1 1 1 1 1 1 1 1 1 1 1 1 1 1 1 1 1 1 1 1 1 1 1 1 1 1 1 1 1 1 1 1 0.999999 0.999999 0.999997 0.999993 0.999986 0.999971 0.999943 0.999891 0.999796 -0.999763 
1 1 1 1 1 1 1 1 1 1 1 1 1 1 1 1 1 1 1 1 1 1 1 1 1 1 1 1 1 1 1 1 1 0.999999 0.999999 0.999997 0.999994 0.999988 0.999975 0.999951 0.999906 0.999824 -0.999796 
1 1 1 1 1 1 1 1 1 1 1 1 1 1 1 1 1 1 1 1 1 1 1 1 1 1 1 1 1 1 1 1 1 1 0.999999 0.999998 0.999995 0.99999 0.999979 0.999959 0.99992 0.999849 -0.999824 
1 1 1 1 1 1 1 1 1 1 1 1 1 1 1 1 1 1 1 1 1 1 1 1 1 1 1 1 1 1 1 1 1 1 0.999999 0.999998 0.999996 0.999991 0.999982 0.999965 0.999931 0.99987 -0.999849 
1 1 1 1 1 1 1 1 1 1 1 1 1 1 1 1 1 1 1 1 1 1 1 1 1 1 1 1 1 1 1 1 1 1 0.999999 0.999998 0.999997 0.999993 0.999985 0.99997 0.999941 0.999889 -0.99987 
1 1 1 1 1 1 1 1 1 1 1 1 1 1 1 1 1 1 1 1 1 1 1 1 1 1 1 1 1 1 1 1 1 1 0.999999 0.999999 0.999997 0.999994 0.999987 0.999974 0.99995 0.999904 -0.999889 
1 1 1 1 1 1 1 1 1 1 1 1 1 1 1 1 1 1 1 1 1 1 1 1 1 1 1 1 1 1 1 1 1 1 1 0.999999 0.999998 0.999995 0.999989 0.999978 0.999957 0.999918 -0.999904 
1 1 1 1 1 1 1 1 1 1 1 1 1 1 1 1 1 1 1 1 1 1 1 1 1 1 1 1 1 1 1 1 1 1 1 0.999999 0.999998 0.999996 0.999991 0.999982 0.999964 0.99993 -0.999918 
1 1 1 1 1 1 1 1 1 1 1 1 1 1 1 1 1 1 1 1 1 1 1 1 1 1 1 1 1 1 1 1 1 1 1 0.999999 0.999998 0.999996 0.999992 0.999984 0.999969 0.99994 -0.99993 
1 1 1 1 1 1 1 1 1 1 1 1 1 1 1 1 1 1 1 1 1 1 1 1 1 1 1 1 1 1 1 1 1 1 1 0.999999 0.999999 0.999997 0.999994 0.999987 0.999974 0.999949 -0.99994 
1 1 1 1 1 1 1 1 1 1 1 1 1 1 1 1 1 1 1 1 1 1 1 1 1 1 1 1 1 1 1 1 1 1 1 0.999999 0.999999 0.999997 0.999995 0.999989 0.999978 0.999956 -0.999949 
1 1 1 1 1 1 1 1 1 1 1 1 1 1 1 1 1 1 1 1 1 1 1 1 1 1 1 1 1 1 1 1 1 1 1 1 0.999999 0.999998 0.999995 0.999991 0.999981 0.999963 -0.999956 
1 1 1 1 1 1 1 1 1 1 1 1 1 1 1 1 1 1 1 1 1 1 1 1 1 1 1 1 1 1 1 1 1 1 1 1 0.999999 0.999998 0.999996 0.999992 0.999984 0.999968 -0.999963 
1 1 1 1 1 1 1 1 1 1 1 1 1 1 1 1 1 1 1 1 1 1 1 1 1 1 1 1 1 1 1 1 1 1 1 1 0.999999 0.999998 0.999997 0.999993 0.999986 0.999973 -0.999968 
1 1 1 1 1 1 1 1 1 1 1 1 1 1 1 1 1 1 1 1 1 1 1 1 1 1 1 1 1 1 1 1 1 1 1 1 0.999999 0.999999 0.999997 0.999994 0.999988 0.999977 -0.999973 
1 1 1 1 1 1 1 1 1 1 1 1 1 1 1 1 1 1 1 1 1 1 1 1 1 1 1 1 1 1 1 1 1 1 1 1 1 0.999999 0.999998 0.999995 0.99999 0.99998 -0.999977 
1 1 1 1 1 1 1 1 1 1 1 1 1 1 1 1 1 1 1 1 1 1 1 1 1 1 1 1 1 1 1 1 1 1 1 1 1 0.999999 0.999998 0.999996 0.999992 0.999983 -0.99998 
1 1 1 1 1 1 1 1 1 1 1 1 1 1 1 1 1 1 1 1 1 1 1 1 1 1 1 1 1 1 1 1 1 1 1 1 1 0.999999 0.999998 0.999997 0.999993 0.999986 -0.999983 
1 1 1 1 1 1 1 1 1 1 1 1 1 1 1 1 1 1 1 1 1 1 1 1 1 1 1 1 1 1 1 1 1 1 1 1 1 0.999999 0.999999 0.999997 0.999994 0.999988 -0.999986 
1 1 1 1 1 1 1 1 1 1 1 1 1 1 1 1 1 1 1 1 1 1 1 1 1 1 1 1 1 1 1 1 1 1 1 1 1 0.999999 0.999999 0.999998 0.999995 0.99999 -0.999988 
1 1 1 1 1 1 1 1 1 1 1 1 1 1 1 1 1 1 1 1 1 1 1 1 1 1 1 1 1 1 1 1 1 1 1 1 1 1 0.999999 0.999998 0.999996 0.999991 -0.99999 
1 1 1 1 1 1 1 1 1 1 1 1 1 1 1 1 1 1 1 1 1 1 1 1 1 1 1 1 1 1 1 1 1 1 1 1 1 1 0.999999 0.999998 0.999996 0.999993 -0.999991 
1 1 1 1 1 1 1 1 1 1 1 1 1 1 1 1 1 1 1 1 1 1 1 1 1 1 1 1 1 1 1 1 1 1 1 1 1 1 0.999999 0.999999 0.999997 0.999994 -0.999993 
1 1 1 1 1 1 1 1 1 1 1 1 1 1 1 1 1 1 1 1 1 1 1 1 1 1 1 1 1 1 1 1 1 1 1 1 1 1 0.999999 0.999999 0.999997 0.999995 -0.999994 
1 1 1 1 1 1 1 1 1 1 1 1 1 1 1 1 1 1 1 1 1 1 1 1 1 1 1 1 1 1 1 1 1 1 1 1 1 1 1 0.999999 0.999998 0.999996 -0.999995 
1 1 1 1 1 1 1 1 1 1 1 1 1 1 1 1 1 1 1 1 1 1 1 1 1 1 1 1 1 1 1 1 1 1 1 1 1 1 1 0.999999 0.999998 0.999996 -0.999996 
1 1 1 1 1 1 1 1 1 1 1 1 1 1 1 1 1 1 1 1 1 1 1 1 1 1 1 1 1 1 1 1 1 1 1 1 1 1 1 0.999999 0.999998 0.999997 -0.999996 
1 1 1 1 1 1 1 1 1 1 1 1 1 1 1 1 1 1 1 1 1 1 1 1 1 1 1 1 1 1 1 1 1 1 1 1 1 1 1 0.999999 0.999999 0.999997 -0.999997 
1 1 1 1 1 1 1 1 1 1 1 1 1 1 1 1 1 1 1 1 1 1 1 1 1 1 1 1 1 1 1 1 1 1 1 1 1 1 1 1 0.999999 0.999998 -0.999997 
1 1 1 1 1 1 1 1 1 1 1 1 1 1 1 1 1 1 1 1 1 1 1 1 1 1 1 1 1 1 1 1 1 1 1 1 1 1 1 1 0.999999 0.999998 -0.999998 
1 1 1 1 1 1 1 1 1 1 1 1 1 1 1 1 1 1 1 1 1 1 1 1 1 1 1 1 1 1 1 1 1 1 1 1 1 1 1 1 0.999999 0.999998 -0.999998 
1 1 1 1 1 1 1 1 1 1 1 1 1 1 1 1 1 1 1 1 1 1 1 1 1 1 1 1 1 1 1 1 1 1 1 1 1 1 1 1 0.999999 0.999999 -0.999998 
1 1 1 1 1 1 1 1 1 1 1 1 1 1 1 1 1 1 1 1 1 1 1 1 1 1 1 1 1 1 1 1 1 1 1 1 1 1 1 1 0.999999 0.999999 -0.999999 
1 1 1 1 1 1 1 1 1 1 1 1 1 1 1 1 1 1 1 1 1 1 1 1 1 1 1 1 1 1 1 1 1 1 1 1 1 1 1 1 1 0.999999 -0.999999 
1 1 1 1 1 1 1 1 1 1 1 1 1 1 1 1 1 1 1 1 1 1 1 1 1 1 1 1 1 1 1 1 1 1 1 1 1 1 1 1 1 0.999999 -0.999999 
1 1 1 1 1 1 1 1 1 1 1 1 1 1 1 1 1 1 1 1 1 1 1 1 1 1 1 1 1 1 1 1 1 1 1 1 1 1 1 1 1 0.999999 -0.999999 
1 1 1 1 1 1 1 1 1 1 1 1 1 1 1 1 1 1 1 1 1 1 1 1 1 1 1 1 1 1 1 1 1 1 1 1 1 1 1 1 1 0.999999 -0.999999 
1 1 1 1 1 1 1 1 1 1 1 1 1 1 1 1 1 1 1 1 1 1 1 1 1 1 1 1 1 1 1 1 1 1 1 1 1 1 1 1 1 1 -0.999999 
1 1 1 1 1 1 1 1 1 1 1 1 1 1 1 1 1 1 1 1 1 1 1 1 1 1 1 1 1 1 1 1 1 1 1 1 1 1 1 1 1 1 -1 
1 1 1 1 1 1 1 1 1 1 1 1 1 1 1 1 1 1 1 1 1 1 1 1 1 1 1 1 1 1 1 1 1 1 1 1 1 1 1 1 1 1 -1 
1 1 1 1 1 1 1 1 1 1 1 1 1 1 1 1 1 1 1 1 1 1 1 1 1 1 1 1 1 1 1 1 1 1 1 1 1 1 1 1 1 1 -1 
1 1 1 1 1 1 1 1 1 1 1 1 1 1 1 1 1 1 1 1 1 1 1 1 1 1 1 1 1 1 1 1 1 1 1 1 1 1 1 1 1 1 -1 
1 1 1 1 1 1 1 1 1 1 1 1 1 1 1 1 1 1 1 1 1 1 1 1 1 1 1 1 1 1 1 1 1 1 1 1 1 1 1 1 1 1 -1 
1 1 1 1 1 1 1 1 1 1 1 1 1 1 1 1 1 1 1 1 1 1 1 1 1 1 1 1 1 1 1 1 1 1 1 1 1 1 1 1 1 1 -1 
1 1 1 1 1 1 1 1 1 1 1 1 1 1 1 1 1 1 1 1 1 1 1 1 1 1 1 1 1 1 1 1 1 1 1 1 1 1 1 1 1 1 -1 
1 1 1 1 1 1 1 1 1 1 1 1 1 1 1 1 1 1 1 1 1 1 1 1 1 1 1 1 1 1 1 1 1 1 1 1 1 1 1 1 1 1 -1 
