0 0 0 0 0 0 0 0 0 0 0 0 0 0 0 0 0 0 0 0 0 0.5 1 1 1 1 1 1 1 1 1 1 1 1 1 1 1 1 1 1 1 1 1 
0 -1.77956e-18 1.43079e-17 -1.16832e-16 9.5377e-16 -7.78623e-15 6.3564e-14 -5.18913e-13 4.23622e-12 -3.4583e-11 2.82323e-10 -2.30478e-09 1.88154e-08 -1.53602e-07 1.25395e-06 -1.02368e-05 8.35697e-05 -0.000682233 0.00556951 -0.0454674 0.0197741 0.5 0.980226 1.04547 0.99443 1.00068 0.999916 1.00001 0.999999 1 1 1 1 1 1 1 1 1 1 1 1 1 1 
1.77956e-18 1.97781e-16 -1.61519e-15 1.23502e-14 -9.41151e-14 7.13549e-13 -5.37801e-12 4.02538e-11 -2.98817e-10 2.19616e-09 -1.59426e-08 1.13937e-07 -7.9778e-07 5.43226e-06 -3.55261e-05 0.000218006 -0.00119204 0.00492542 -0.0010425 -0.0589723 0.00641827 0.5 0.993582 1.05897 1.00104 0.995075 1.00119 0.999782 1.00004 0.999995 1 1 1 1 1 1 1 1 1 1 1 1 1 
-1.97781e-16 -9.11802e-15 7.61138e-14 -5.37899e-13 3.77028e-12 -2.60937e-11 1.77915e-10 -1.19153e-09 7.80695e-09 -4.97679e-08 3.06251e-07 -1.79752e-06 9.86958e-06 -4.89492e-05 0.000203485 -0.000566951 -0.000166317 0.00680631 -0.0012848 -0.0702064 -0.00868352 0.5 1.00868 1.07021 1.00128 0.993194 1.00017 1.00057 0.999797 1.00005 0.99999 1 1 1 1 1 1 1 1 1 1 1 1 
9.11802e-15 2.24917e-13 -1.93926e-12 1.24432e-11 -7.85831e-11 4.84307e-10 -2.89802e-09 1.67188e-08 -9.20643e-08 4.76733e-07 -2.26663e-06 9.48276e-06 -3.1889e-05 6.47701e-05 6.6739e-05 -0.000799554 6.40362e-05 0.00909182 -0.000343002 -0.0771613 -0.0236609 0.5 1.02366 1.07716 1.00034 0.990908 0.999936 1.0008 0.999933 0.999935 1.00003 0.999991 1 1 1 1 1 1 1 1 1 1 1 
-2.24917e-13 -3.18343e-12 2.88858e-11 -1.64055e-10 9.05247e-10 -4.78004e-09 2.38806e-08 -1.10965e-07 4.66688e-07 -1.69224e-06 4.75793e-06 -7.11699e-06 -1.41501e-05 9.34178e-05 3.55988e-05 -0.00115952 0.000250067 0.0108689 0.00189266 -0.0815756 -0.0362209 0.5 1.03622 1.08158 0.998107 0.989131 0.99975 1.00116 0.999964 0.999907 1.00001 1.00001 0.999995 1 1 1 1 1 1 1 1 1 1 
3.18343e-12 2.55236e-11 -2.53226e-10 1.22393e-09 -5.60876e-09 2.36873e-08 -8.94885e-08 2.86427e-07 -6.86421e-07 7.34876e-07 2.43691e-06 -1.04746e-05 -1.23447e-05 0.000148507 -2.04471e-05 -0.00145619 0.000157398 0.0123882 0.00448343 -0.0838504 -0.0459801 0.5 1.04598 1.08385 0.995517 0.987612 0.999843 1.00146 1.00002 0.999851 1.00001 1.00001 0.999998 0.999999 1 1 1 1 1 1 1 1 1 
-2.55236e-11 -1.0347e-10 1.23849e-09 -4.75191e-09 1.63227e-08 -4.67317e-08 9.66961e-08 -6.96383e-08 -3.70315e-07 1.06902e-06 2.78207e-06 -1.90194e-05 -2.09692e-06 0.000192381 -3.68754e-05 -0.00175464 -7.75936e-05 0.0135255 0.00707924 -0.0846528 -0.0529266 0.5 1.05293 1.08465 0.992921 0.986475 1.00008 1.00175 1.00004 0.999808 1 1.00002 0.999997 0.999999 1 1 1 1 1 1 1 1 1 
1.0347e-10 1.26333e-10 -2.87588e-09 7.41854e-09 -1.3426e-08 5.94844e-09 5.0485e-08 -8.75914e-08 -5.29886e-07 2.40926e-06 1.20567e-06 -2.53042e-05 3.1223e-06 0.000241267 -3.24907e-05 -0.00201627 -0.000424341 0.0143126 0.00937879 -0.0844739 -0.0574219 0.5 1.05742 1.08447 0.990621 0.985687 1.00042 1.00202 1.00003 0.999759 0.999997 1.00003 0.999999 0.999998 1 1 1 1 1 1 1 1 1 
-1.26333e-10 2.47949e-10 1.64134e-09 -4.51864e-10 -6.03926e-09 2.63267e-09 9.19018e-08 -2.98128e-07 -3.08215e-07 3.30659e-06 2.82048e-07 -3.2795e-05 6.62416e-06 0.000288046 -2.77836e-06 -0.00223654 -0.000817653 0.0147737 0.0112478 -0.0837389 -0.0599481 0.5 1.05995 1.08374 0.988752 0.985226 1.00082 1.00224 1 0.999712 0.999993 1.00003 1 0.999997 1 1 1 1 1 1 1 1 1 
-2.47949e-10 -1.68331e-10 1.20175e-09 9.64308e-10 -1.49565e-08 3.55313e-08 6.2506e-08 -4.25917e-07 -1.80602e-07 4.4369e-06 -6.7456e-07 -4.02374e-05 6.28684e-06 0.000332524 4.46274e-05 -0.00240438 -0.0012136 0.0149679 0.012637 -0.0827602 -0.0610209 0.5 1.06102 1.08276 0.987363 0.985032 1.00121 1.0024 0.999955 0.999667 0.999994 1.00004 1 0.999996 1 1 1 1 1 1 1 1 1 
1.68331e-10 -5.72604e-10 2.39074e-09 -3.72683e-09 -1.13079e-08 5.34822e-08 4.8624e-08 -5.97354e-07 -1.38341e-09 5.5612e-06 -1.15495e-06 -4.78981e-05 2.74243e-06 0.000371561 0.000104306 -0.00251868 -0.00157545 0.0149597 0.0135684 -0.0817568 -0.0611123 0.5 1.06111 1.08176 0.986432 0.98504 1.00158 1.00252 0.999896 0.999628 0.999997 1.00005 1 0.999994 1 1 1 1 1 1 1 1 1 
5.72604e-10 -9.27851e-10 1.6291e-09 -6.3237e-09 -1.02391e-08 7.96793e-08 1.99918e-08 -7.64066e-07 1.26247e-07 6.77832e-06 -1.21277e-06 -5.52503e-05 -3.85035e-06 0.000403556 0.000169333 -0.00258233 -0.00188035 0.0148159 0.0141041 -0.0808646 -0.0606179 0.5 1.06062 1.08086 0.985896 0.985184 1.00188 1.00258 0.999831 0.999596 1 1.00006 1 0.999993 1 1 1 1 1 1 1 1 1 
9.27851e-10 -1.00844e-09 9.04388e-10 -1.05391e-08 -6.09931e-09 1.04405e-07 -3.67757e-09 -9.502e-07 2.12216e-07 8.01399e-06 -7.60164e-07 -6.19864e-05 -1.27292e-05 0.000427307 0.000233784 -0.00260279 -0.00211652 0.0145963 0.014327 -0.0801541 -0.0598421 0.5 1.05984 1.08015 0.985673 0.985404 1.00212 1.0026 0.999766 0.999573 1.00001 1.00006 1 0.999992 1 1 1 1 1 1 1 1 1 
1.00844e-09 -8.34172e-10 -2.56275e-10 -1.46996e-08 -2.45708e-09 1.32516e-07 -2.51719e-08 -1.14519e-06 2.29133e-07 9.2345e-06 1.614e-07 -6.77427e-05 -2.30781e-05 0.000442615 0.000292696 -0.00258977 -0.0022821 0.0143502 0.0143246 -0.0796478 -0.0590011 0.5 1.059 1.07965 0.985675 0.98565 1.00228 1.00259 0.999707 0.999557 1.00002 1.00007 1 0.999991 1 1 1 1 1 1 1 1 1 
8.34172e-10 -4.27449e-10 -1.3187e-09 -1.94739e-08 1.3029e-09 1.62288e-07 -3.87813e-08 -1.34785e-06 1.73437e-07 1.03758e-05 1.492e-06 -7.22837e-05 -3.39822e-05 0.000450017 0.000342604 -0.00255384 -0.00238253 0.0141139 0.0141785 -0.0793351 -0.058233 0.5 1.05823 1.07934 0.985822 0.985886 1.00238 1.00255 0.999657 0.99955 1.00003 1.00007 0.999999 0.99999 1 1 1 1 1 1 1 1 1 
4.27449e-10 1.30699e-10 -2.30027e-09 -2.4515e-08 4.2106e-09 1.94144e-07 -4.31355e-08 -1.54939e-06 4.20279e-08 1.13848e-05 3.12351e-06 -7.54803e-05 -4.45961e-05 0.000450675 0.000381545 -0.00250512 -0.00242802 0.0139113 0.0139577 -0.0791865 -0.0576132 0.5 1.05761 1.07919 0.986042 0.986089 1.00243 1.00251 0.999618 0.999549 1.00004 1.00008 0.999997 0.999989 1 1 1 1 1 1 1 1 1 
-1.30699e-10 7.68581e-10 -3.09401e-09 -2.98775e-08 6.06978e-09 2.27056e-07 -3.61897e-08 -1.74171e-06 -1.58236e-07 1.22151e-05 4.92927e-06 -7.73339e-05 -5.4206e-05 0.000446128 0.000408972 -0.00245229 -0.00243126 0.0137548 0.0137154 -0.079163 -0.0571692 0.5 1.05717 1.07916 0.986285 0.986245 1.00243 1.00245 0.999591 0.999554 1.00005 1.00008 0.999995 0.999988 1 1 1 1 1 1 1 1 1 
-7.68581e-10 1.42041e-09 -3.70869e-09 -3.54351e-08 6.47412e-09 2.6009e-07 -1.74581e-08 -1.91575e-06 -4.15018e-07 1.28371e-05 6.77414e-06 -7.79564e-05 -6.22936e-05 0.000438066 0.000425506 -0.00240206 -0.00240539 0.0136478 0.013489 -0.0792242 -0.0568963 0.5 1.0569 1.07922 0.986511 0.986352 1.00241 1.0024 0.999574 0.999562 1.00006 1.00008 0.999993 0.999987 1 1 1 1 1 1 1 1 1 
-1.42041e-09 2.03728e-09 -4.13746e-09 -4.1109e-08 5.2117e-09 2.91932e-07 1.27147e-08 -2.06382e-06 -7.10643e-07 1.32392e-05 8.53185e-06 -7.75469e-05 -6.85561e-05 0.000428128 0.000432612 -0.00235901 -0.00236258 0.0135867 0.0133009 -0.0793335 -0.0567695 0.5 1.05677 1.07933 0.986699 0.986413 1.00236 1.00236 0.999567 0.999572 1.00007 1.00008 0.999991 0.999987 1 1 1 1 1 1 1 1 1 
-2.03728e-09 2.58283e-09 -4.38889e-09 -4.67698e-08 2.13357e-09 3.21269e-07 5.28556e-08 -2.18003e-06 -1.02475e-06 1.34283e-05 1.00966e-05 -7.63583e-05 -7.29027e-05 0.000417748 0.000432268 -0.00232566 -0.00231304 0.0135641 0.0131614 -0.079461 -0.0567545 0.5 1.05675 1.07946 0.986839 0.986436 1.00231 1.00233 0.999568 0.999582 1.00007 1.00008 0.99999 0.999987 1 1 1 1 1 1 1 1 1 
-2.58283e-09 3.03138e-09 -4.46619e-09 -5.22761e-08 -2.76163e-09 3.46838e-07 1.00634e-07 -2.2611e-06 -1.33641e-06 1.34272e-05 1.13916e-05 -7.46643e-05 -7.54254e-05 0.000408054 0.000426644 -0.00230278 -0.00226453 0.0135703 0.0130714 -0.0795846 -0.056815 0.5 1.05682 1.07958 0.986929 0.98643 1.00226 1.0023 0.999573 0.999592 1.00008 1.00007 0.999989 0.999987 1 1 1 1 1 1 1 1 1 
-3.03138e-09 3.3649e-09 -4.3755e-09 -5.74678e-08 -9.33871e-09 3.67605e-07 1.53064e-07 -2.3065e-06 -1.62637e-06 1.3271e-05 1.23733e-05 -7.27288e-05 -7.63566e-05 0.000399826 0.000417845 -0.00228978 -0.00222231 0.0135954 0.0130257 -0.0796903 -0.0569176 0.5 1.05692 1.07969 0.986974 0.986405 1.00222 1.00229 0.999582 0.9996 1.00008 1.00007 0.999988 0.999987 1 1 1 1 1 1 1 1 1 
-3.3649e-09 3.57193e-09 -4.12692e-09 -6.21854e-08 -1.73206e-08 3.82859e-07 2.06845e-07 -2.31843e-06 -1.87886e-06 1.30018e-05 1.30308e-05 -7.07824e-05 -7.60189e-05 0.000393501 0.000407714 -0.00228519 -0.00218928 0.0136304 0.0130154 -0.0797707 -0.0570351 0.5 1.05704 1.07977 0.986985 0.98637 1.00219 1.00229 0.999592 0.999606 1.00008 1.00007 0.999987 0.999987 1 1 1 1 1 1 1 1 1 
-3.57193e-09 3.64741e-09 -3.73862e-09 -6.62835e-08 -2.63139e-08 3.92284e-07 2.58695e-07 -2.30135e-06 -2.08277e-06 1.26642e-05 1.3382e-05 -6.90065e-05 -7.47758e-05 0.000389209 0.00039772 -0.00228702 -0.00216645 0.0136681 0.0130302 -0.0798241 -0.0571477 0.5 1.05715 1.07982 0.98697 0.986332 1.00217 1.00229 0.999602 0.999611 1.00007 1.00007 0.999987 0.999987 1 1 1 1 1 1 1 1 1 
-3.64741e-09 3.59322e-09 -3.23772e-09 -6.9648e-08 -3.5844e-08 3.95983e-07 3.05678e-07 -2.26139e-06 -2.23226e-06 1.23004e-05 1.34674e-05 -6.75258e-05 -7.29877e-05 0.00038684 0.000388903 -0.00229316 -0.00215331 0.013703 0.0130602 -0.0798527 -0.0572428 0.5 1.05724 1.07985 0.98694 0.986297 1.00215 1.00229 0.999611 0.999613 1.00007 1.00007 0.999987 0.999988 1 1 1 1 1 1 1 1 1 
-3.59322e-09 3.41851e-09 -2.65947e-09 -7.22074e-08 -4.54023e-08 3.94446e-07 3.45457e-07 -2.20563e-06 -2.32665e-06 1.19473e-05 1.3342e-05 -6.64082e-05 -7.09777e-05 0.000386112 0.000381887 -0.00230164 -0.00214843 0.0137318 0.0130968 -0.0798608 -0.057314 0.5 1.05731 1.07986 0.986903 0.986268 1.00215 1.0023 0.999618 0.999614 1.00007 1.00007 0.999987 0.999988 1 1 1 1 1 1 1 1 1 
-3.41851e-09 3.13954e-09 -2.0444e-09 -7.39403e-08 -5.44947e-08 3.88492e-07 3.76467e-07 -2.14133e-06 -2.3698e-06 1.1633e-05 1.3068e-05 -6.56705e-05 -6.90088e-05 0.000386647 0.000376922 -0.00231079 -0.00214987 0.013753 0.0131335 -0.079854 -0.0573602 0.5 1.05736 1.07985 0.986866 0.986247 1.00215 1.00231 0.999623 0.999613 1.00007 1.00007 0.999987 0.999988 1 1 1 1 1 1 1 1 1 
-3.13954e-09 2.77871e-09 -1.43441e-09 -7.48768e-08 -6.26867e-08 3.79167e-07 3.9799e-07 -2.07528e-06 -2.3691e-06 1.13769e-05 1.27072e-05 -6.52884e-05 -6.72723e-05 0.000388038 0.000373968 -0.00231937 -0.00215552 0.0137663 0.0131657 -0.0798379 -0.0573836 0.5 1.05738 1.07984 0.986834 0.986234 1.00216 1.00232 0.999626 0.999612 1.00007 1.00007 0.999987 0.999989 1 1 1 1 1 1 1 1 1 
-2.77871e-09 2.36283e-09 -8.68573e-10 -7.50936e-08 -6.9639e-08 3.67635e-07 4.10123e-07 -2.01323e-06 -2.33424e-06 1.11886e-05 1.23154e-05 -6.52084e-05 -6.58861e-05 0.000389894 0.000372775 -0.00232655 -0.00216345 0.0137726 0.0131909 -0.0798174 -0.0573886 0.5 1.05739 1.07982 0.986809 0.986227 1.00216 1.00233 0.999627 0.99961 1.00007 1.00007 0.999988 0.999989 1 1 1 1 1 1 1 1 1 
-2.36283e-09 1.92085e-09 -3.79407e-10 -7.4705e-08 -7.51304e-08 3.5507e-07 4.1368e-07 -1.95956e-06 -2.27595e-06 1.10695e-05 1.19381e-05 -6.53601e-05 -6.4901e-05 0.000391882 0.00037297 -0.00233191 -0.00217203 0.0137732 0.0132082 -0.0797964 -0.0573804 0.5 1.05738 1.0798 0.986792 0.986227 1.00217 1.00233 0.999627 0.999608 1.00006 1.00007 0.999988 0.999989 1 1 1 1 1 1 1 1 1 
-1.92085e-09 1.48133e-09 9.7975e-12 -7.38503e-08 -7.90661e-08 3.42549e-07 4.10021e-07 -1.91713e-06 -2.20482e-06 1.10143e-05 1.16088e-05 -6.56671e-05 -6.43127e-05 0.000393747 0.000374131 -0.00233536 -0.00218006 0.0137699 0.0132179 -0.0797777 -0.0573642 0.5 1.05736 1.07978 0.986782 0.98623 1.00218 1.00234 0.999626 0.999606 1.00006 1.00007 0.999988 0.999989 1 1 1 1 1 1 1 1 1 
-1.48133e-09 1.07009e-09 2.86393e-10 -7.26804e-08 -8.1473e-08 3.3098e-07 4.00858e-07 -1.88724e-06 -2.13036e-06 1.10126e-05 1.1348e-05 -6.60566e-05 -6.40762e-05 0.000395316 0.000375849 -0.00233707 -0.00218674 0.0137641 0.0132212 -0.0797629 -0.0573446 0.5 1.05734 1.07976 0.986779 0.986236 1.00219 1.00234 0.999624 0.999605 1.00006 1.00007 0.999989 0.999989 1 1 1 1 1 1 1 1 1 
-1.07009e-09 7.08232e-10 4.48445e-10 -7.13441e-08 -8.24833e-08 3.21046e-07 3.88048e-07 -1.86982e-06 -2.06034e-06 1.10515e-05 1.11646e-05 -6.64661e-05 -6.41212e-05 0.000396498 0.00037777 -0.00233734 -0.00219169 0.0137573 0.0132197 -0.0797526 -0.057325 0.5 1.05733 1.07975 0.98678 0.986243 1.00219 1.00234 0.999622 0.999604 1.00006 1.00007 0.999989 0.999989 1 1 1 1 1 1 1 1 1 
-7.08232e-10 4.10814e-10 5.03628e-10 -6.99766e-08 -8.23094e-08 3.13179e-07 3.73408e-07 -1.8637e-06 -2.00038e-06 1.11169e-05 1.10574e-05 -6.68469e-05 -6.43661e-05 0.000397268 0.000379616 -0.00233655 -0.00219484 0.0137507 0.0132149 -0.0797467 -0.057308 0.5 1.05731 1.07975 0.986785 0.986249 1.00219 1.00234 0.99962 0.999603 1.00006 1.00007 0.999989 0.999989 1 1 1 1 1 1 1 1 1 
-4.10814e-10 1.86229e-10 4.67244e-10 -6.86907e-08 -8.12156e-08 3.07569e-07 3.58558e-07 -1.86693e-06 -1.95389e-06 1.11958e-05 1.10177e-05 -6.71661e-05 -6.47296e-05 0.000397655 0.000381198 -0.00233512 -0.00219635 0.013745 0.0132085 -0.0797445 -0.0572948 0.5 1.05729 1.07974 0.986791 0.986255 1.0022 1.00234 0.999619 0.999602 1.00006 1.00007 0.999989 0.999989 1 1 1 1 1 1 1 1 1 
-1.86229e-10 3.63062e-11 3.59718e-10 -6.75709e-08 -7.94879e-08 3.04182e-07 3.44815e-07 -1.87711e-06 -1.92221e-06 1.12766e-05 1.10322e-05 -6.74059e-05 -6.51393e-05 0.000397722 0.000382408 -0.00233339 -0.00219651 0.0137406 0.0132018 -0.0797453 -0.0572858 0.5 1.05729 1.07975 0.986798 0.986259 1.0022 1.00233 0.999618 0.999602 1.00007 1.00007 0.999989 0.999989 1 1 1 1 1 1 1 1 1 
-3.63062e-11 -4.29753e-11 2.03939e-10 -6.66718e-08 -7.74066e-08 3.02809e-07 3.33129e-07 -1.89171e-06 -1.90493e-06 1.13506e-05 1.10851e-05 -6.75617e-05 -6.55375e-05 0.000397552 0.000383215 -0.00233165 -0.00219572 0.0137377 0.0131957 -0.079748 -0.057281 0.5 1.05728 1.07975 0.986804 0.986262 1.0022 1.00233 0.999617 0.999602 1.00007 1.00007 0.999989 0.999989 1 1 1 1 1 1 1 1 1 
4.29753e-11 -6.03092e-11 2.276e-11 -6.60184e-08 -7.52239e-08 3.03113e-07 3.24069e-07 -1.90834e-06 -1.90031e-06 1.14119e-05 1.11608e-05 -6.76391e-05 -6.58832e-05 0.000397229 0.000383639 -0.00233011 -0.00219434 0.0137361 0.0131907 -0.0797517 -0.0572796 0.5 1.05728 1.07975 0.986809 0.986264 1.00219 1.00233 0.999616 0.999603 1.00007 1.00007 0.999989 0.999989 1 1 1 1 1 1 1 1 1 
6.03092e-11 -2.7613e-11 -1.63087e-10 -6.561e-08 -7.31479e-08 3.04684e-07 3.17846e-07 -1.92495e-06 -1.90577e-06 1.14572e-05 1.12453e-05 -6.76508e-05 -6.61524e-05 0.000396834 0.000383741 -0.0023289 -0.00219271 0.0137357 0.0131871 -0.0797556 -0.0572808 0.5 1.05728 1.07976 0.986813 0.986264 1.00219 1.00233 0.999616 0.999603 1.00007 1.00007 0.999989 0.999989 1 1 1 1 1 1 1 1 1 
2.7613e-11 4.15049e-11 -3.36519e-10 -6.54248e-08 -7.13328e-08 3.07089e-07 3.14368e-07 -1.93998e-06 -1.91833e-06 1.14858e-05 1.13271e-05 -6.76131e-05 -6.6336e-05 0.000396431 0.0003836 -0.00232806 -0.0021911 0.0137362 0.013185 -0.0797593 -0.0572837 0.5 1.05728 1.07976 0.986815 0.986264 1.00219 1.00233 0.999616 0.999604 1.00007 1.00007 0.999989 0.999989 1 1 1 1 1 1 1 1 1 
-4.15049e-11 1.33191e-10 -4.84999e-10 -6.54266e-08 -6.98764e-08 3.09918e-07 3.13311e-07 -1.95234e-06 -1.935e-06 1.14989e-05 1.1398e-05 -6.75437e-05 -6.6437e-05 0.00039607 0.000383301 -0.00232759 -0.0021897 0.0137372 0.0131841 -0.0797622 -0.0572873 0.5 1.05729 1.07976 0.986816 0.986263 1.00219 1.00233 0.999617 0.999604 1.00007 1.00007 0.999989 0.999989 1 1 1 1 1 1 1 1 1 
-1.33191e-10 2.34578e-10 -6.00824e-10 -6.55708e-08 -6.88232e-08 3.12814e-07 3.14198e-07 -1.96149e-06 -1.95308e-06 1.1499e-05 1.14532e-05 -6.74587e-05 -6.64666e-05 0.000395779 0.000382924 -0.00232743 -0.00218861 0.0137385 0.0131842 -0.0797644 -0.0572911 0.5 1.05729 1.07976 0.986816 0.986261 1.00219 1.00233 0.999617 0.999604 1.00007 1.00007 0.999989 0.999989 1 1 1 1 1 1 1 1 1 
-2.34578e-10 3.34702e-10 -6.80888e-10 -6.58099e-08 -6.81714e-08 3.15495e-07 3.16482e-07 -1.9673e-06 -1.9704e-06 1.14895e-05 1.14907e-05 -6.7372e-05 -6.64412e-05 0.000395572 0.000382535 -0.00232752 -0.00218787 0.0137399 0.013185 -0.0797657 -0.0572944 0.5 1.05729 1.07977 0.986815 0.98626 1.00219 1.00233 0.999617 0.999604 1.00007 1.00007 0.999989 0.999989 1 1 1 1 1 1 1 1 1 
-3.34702e-10 4.25095e-10 -7.26037e-10 -6.60989e-08 -6.78835e-08 3.17764e-07 3.19607e-07 -1.97001e-06 -1.98537e-06 1.14737e-05 1.15111e-05 -6.72937e-05 -6.63788e-05 0.000395451 0.000382183 -0.00232777 -0.00218747 0.0137411 0.0131862 -0.0797662 -0.0572971 0.5 1.0573 1.07977 0.986814 0.986259 1.00219 1.00233 0.999618 0.999605 1.00007 1.00007 0.999988 0.999989 1 1 1 1 1 1 1 1 1 
-4.25095e-10 5.00014e-10 -7.40171e-10 -6.63987e-08 -6.78971e-08 3.1951e-07 3.23069e-07 -1.97012e-06 -1.99704e-06 1.1455e-05 1.15165e-05 -6.72305e-05 -6.62968e-05 0.000395405 0.000381898 -0.00232811 -0.00218736 0.013742 0.0131875 -0.0797662 -0.057299 0.5 1.0573 1.07977 0.986812 0.986258 1.00219 1.00233 0.999618 0.999605 1.00007 1.00007 0.999988 0.999989 1 1 1 1 1 1 1 1 1 
-5.00014e-10 5.56393e-10 -7.29223e-10 -6.66785e-08 -6.81366e-08 3.20695e-07 3.26451e-07 -1.96825e-06 -2.00502e-06 1.1436e-05 1.15103e-05 -6.71853e-05 -6.62099e-05 0.000395418 0.000381694 -0.00232848 -0.00218747 0.0137427 0.0131888 -0.0797657 -0.0573001 0.5 1.0573 1.07977 0.986811 0.986257 1.00219 1.00233 0.999618 0.999605 1.00007 1.00007 0.999988 0.999989 1 1 1 1 1 1 1 1 1 
-5.56393e-10 5.93546e-10 -7.00153e-10 -6.69165e-08 -6.85232e-08 3.21345e-07 3.29442e-07 -1.96509e-06 -2.00941e-06 1.1419e-05 1.14961e-05 -6.71586e-05 -6.61294e-05 0.000395472 0.000381574 -0.00232881 -0.00218772 0.0137431 0.0131898 -0.079765 -0.0573004 0.5 1.0573 1.07976 0.98681 0.986257 1.00219 1.00233 0.999618 0.999605 1.00007 1.00007 0.999989 0.999989 1 1 1 1 1 1 1 1 1 
-5.93546e-10 6.12705e-10 -6.60054e-10 -6.71003e-08 -6.8983e-08 3.2153e-07 3.31846e-07 -1.96126e-06 -2.01066e-06 1.14051e-05 1.14777e-05 -6.71485e-05 -6.6063e-05 0.00039555 0.000381526 -0.00232909 -0.00218805 0.0137432 0.0131906 -0.0797642 -0.0573003 0.5 1.0573 1.07976 0.986809 0.986257 1.00219 1.00233 0.999618 0.999604 1.00007 1.00007 0.999989 0.999989 1 1 1 1 1 1 1 1 1 
-6.12705e-10 6.16485e-10 -6.15433e-10 -6.72257e-08 -6.94532e-08 3.2135e-07 3.33572e-07 -1.95734e-06 -2.00942e-06 1.13952e-05 1.14581e-05 -6.71515e-05 -6.60144e-05 0.000395636 0.000381537 -0.00232929 -0.00218838 0.0137431 0.0131911 -0.0797634 -0.0572997 0.5 1.0573 1.07976 0.986809 0.986257 1.00219 1.00233 0.999618 0.999604 1.00007 1.00007 0.999989 0.999989 1 1 1 1 1 1 1 1 1 
-6.16485e-10 6.08322e-10 -5.71711e-10 -6.72951e-08 -6.98853e-08 3.20913e-07 3.34617e-07 -1.95373e-06 -2.00645e-06 1.13892e-05 1.14399e-05 -6.7164e-05 -6.59845e-05 0.000395718 0.000381589 -0.00232941 -0.00218869 0.0137429 0.0131913 -0.0797628 -0.057299 0.5 1.0573 1.07976 0.986809 0.986257 1.00219 1.00233 0.999618 0.999604 1.00007 1.00007 0.999989 0.999989 1 1 1 1 1 1 1 1 1 
-6.08322e-10 5.91962e-10 -5.32936e-10 -6.73159e-08 -7.02463e-08 3.20329e-07 3.3505e-07 -1.95074e-06 -2.00251e-06 1.13869e-05 1.14247e-05 -6.71819e-05 -6.59715e-05 0.000395786 0.000381664 -0.00232947 -0.00218894 0.0137427 0.0131913 -0.0797623 -0.0572982 0.5 1.0573 1.07976 0.986809 0.986257 1.00219 1.00233 0.999618 0.999604 1.00007 1.00007 0.999989 0.999989 1 1 1 1 1 1 1 1 1 
-5.91962e-10 5.71029e-10 -5.01706e-10 -6.72984e-08 -7.05187e-08 3.19693e-07 3.34981e-07 -1.94851e-06 -1.99825e-06 1.13875e-05 1.14134e-05 -6.72018e-05 -6.59725e-05 0.000395838 0.000381746 -0.00232946 -0.00218911 0.0137424 0.0131912 -0.079762 -0.0572975 0.5 1.0573 1.07976 0.986809 0.986258 1.00219 1.00233 0.999618 0.999604 1.00007 1.00007 0.999989 0.999989 1 1 1 1 1 1 1 1 1 
-5.71029e-10 5.4871e-10 -4.79246e-10 -6.7254e-08 -7.06978e-08 3.19082e-07 3.34545e-07 -1.94708e-06 -1.99421e-06 1.13902e-05 1.14063e-05 -6.72208e-05 -6.59836e-05 0.00039587 0.000381824 -0.00232942 -0.00218921 0.0137421 0.013191 -0.0797619 -0.057297 0.5 1.0573 1.07976 0.986809 0.986258 1.00219 1.00233 0.999618 0.999604 1.00007 1.00007 0.999989 0.999989 1 1 1 1 1 1 1 1 1 
-5.4871e-10 5.27542e-10 -4.65611e-10 -6.71942e-08 -7.07896e-08 3.18551e-07 3.33881e-07 -1.94639e-06 -1.99075e-06 1.13941e-05 1.1403e-05 -6.72371e-05 -6.60006e-05 0.000395886 0.00038189 -0.00232935 -0.00218925 0.0137419 0.0131907 -0.0797619 -0.0572966 0.5 1.0573 1.07976 0.986809 0.986258 1.00219 1.00233 0.999618 0.999604 1.00007 1.00007 0.999989 0.999989 1 1 1 1 1 1 1 1 1 
-5.27542e-10 5.09326e-10 -4.5996e-10 -6.7129e-08 -7.08073e-08 3.18135e-07 3.33116e-07 -1.94633e-06 -1.9881e-06 1.13986e-05 1.1403e-05 -6.72495e-05 -6.60201e-05 0.000395886 0.000381939 -0.00232927 -0.00218924 0.0137418 0.0131904 -0.079762 -0.0572963 0.5 1.0573 1.07976 0.98681 0.986258 1.00219 1.00233 0.999618 0.999604 1.00007 1.00007 0.999989 0.999989 1 1 1 1 1 1 1 1 1 
-5.09326e-10 4.95122e-10 -4.60855e-10 -6.70664e-08 -7.07683e-08 3.17845e-07 3.32354e-07 -1.94674e-06 -1.98633e-06 1.1403e-05 1.14054e-05 -6.72576e-05 -6.60391e-05 0.000395877 0.000381971 -0.0023292 -0.00218919 0.0137417 0.0131902 -0.0797621 -0.0572962 0.5 1.0573 1.07976 0.98681 0.986258 1.00219 1.00233 0.999618 0.999604 1.00007 1.00007 0.999989 0.999989 1 1 1 1 1 1 1 1 1 
-4.95122e-10 4.85328e-10 -4.6655e-10 -6.70121e-08 -7.06912e-08 3.17679e-07 3.31674e-07 -1.94745e-06 -1.98541e-06 1.14068e-05 1.14092e-05 -6.72615e-05 -6.60555e-05 0.000395861 0.000381985 -0.00232914 -0.00218913 0.0137416 0.01319 -0.0797623 -0.0572962 0.5 1.0573 1.07976 0.98681 0.986258 1.00219 1.00233 0.999618 0.999604 1.00007 1.00007 0.999989 0.999989 1 1 1 1 1 1 1 1 1 
-4.85328e-10 4.79799e-10 -4.75245e-10 -6.69696e-08 -7.05939e-08 3.17622e-07 3.31125e-07 -1.94832e-06 -1.98521e-06 1.14098e-05 1.14137e-05 -6.72621e-05 -6.60682e-05 0.000395842 0.000381986 -0.00232909 -0.00218905 0.0137416 0.0131899 -0.0797625 -0.0572963 0.5 1.0573 1.07976 0.98681 0.986258 1.00219 1.00233 0.999618 0.999604 1.00007 1.00007 0.999989 0.999989 1 1 1 1 1 1 1 1 1 
-4.79799e-10 4.77998e-10 -4.85285e-10 -6.69402e-08 -7.04917e-08 3.17652e-07 3.30731e-07 -1.94921e-06 -1.98557e-06 1.14118e-05 1.14183e-05 -6.726e-05 -6.60766e-05 0.000395823 0.000381976 -0.00232906 -0.00218899 0.0137417 0.0131898 -0.0797626 -0.0572965 0.5 1.0573 1.07976 0.98681 0.986258 1.00219 1.00233 0.999618 0.999604 1.00007 1.00007 0.999989 0.999989 1 1 1 1 1 1 1 1 1 
-4.77998e-10 4.79144e-10 -4.95289e-10 -6.69235e-08 -7.03965e-08 3.17742e-07 3.30493e-07 -1.95002e-06 -1.9863e-06 1.1413e-05 1.14223e-05 -6.72563e-05 -6.60808e-05 0.000395806 0.000381961 -0.00232904 -0.00218893 0.0137417 0.0131898 -0.0797627 -0.0572966 0.5 1.0573 1.07976 0.98681 0.986258 1.00219 1.00233 0.999618 0.999604 1.00007 1.00007 0.999989 0.999989 1 1 1 1 1 1 1 1 1 
-4.79144e-10 4.82358e-10 -5.04231e-10 -6.6918e-08 -7.03164e-08 3.17868e-07 3.30395e-07 -1.95068e-06 -1.98723e-06 1.14133e-05 1.14255e-05 -6.72517e-05 -6.60816e-05 0.000395794 0.000381943 -0.00232904 -0.00218889 0.0137418 0.0131899 -0.0797628 -0.0572968 0.5 1.0573 1.07976 0.98681 0.986258 1.00219 1.00233 0.999618 0.999604 1.00007 1.00007 0.999989 0.999989 1 1 1 1 1 1 1 1 1 
-4.82358e-10 4.8677e-10 -5.11454e-10 -6.69213e-08 -7.02559e-08 3.18006e-07 3.30411e-07 -1.95117e-06 -1.98821e-06 1.1413e-05 1.14277e-05 -6.72471e-05 -6.60798e-05 0.000395785 0.000381925 -0.00232905 -0.00218887 0.0137418 0.0131899 -0.0797628 -0.0572969 0.5 1.0573 1.07976 0.98681 0.986258 1.00219 1.00233 0.999618 0.999604 1.00007 1.00007 0.999989 0.999989 1 1 1 1 1 1 1 1 1 
-4.8677e-10 4.91611e-10 -5.16647e-10 -6.69307e-08 -7.02161e-08 3.1814e-07 3.30509e-07 -1.95147e-06 -1.98911e-06 1.14122e-05 1.1429e-05 -6.72429e-05 -6.60762e-05 0.00039578 0.000381909 -0.00232906 -0.00218885 0.0137419 0.01319 -0.0797628 -0.057297 0.5 1.0573 1.07976 0.98681 0.986258 1.00219 1.00233 0.999618 0.999604 1.00007 1.00007 0.999989 0.999989 1 1 1 1 1 1 1 1 1 
-4.91611e-10 4.96265e-10 -5.19791e-10 -6.69437e-08 -7.01958e-08 3.18256e-07 3.30658e-07 -1.9516e-06 -1.98987e-06 1.14113e-05 1.14294e-05 -6.72396e-05 -6.60717e-05 0.000395779 0.000381897 -0.00232908 -0.00218886 0.0137419 0.01319 -0.0797628 -0.0572971 0.5 1.0573 1.07976 0.98681 0.986258 1.00219 1.00233 0.999618 0.999604 1.00007 1.00007 0.999989 0.999989 1 1 1 1 1 1 1 1 1 
-4.96265e-10 5.00295e-10 -5.21086e-10 -6.6958e-08 -7.01921e-08 3.18346e-07 3.30828e-07 -1.9516e-06 -1.99043e-06 1.14102e-05 1.14291e-05 -6.72372e-05 -6.60671e-05 0.000395781 0.000381889 -0.0023291 -0.00218886 0.0137419 0.0131901 -0.0797628 -0.0572971 0.5 1.0573 1.07976 0.98681 0.986258 1.00219 1.00233 0.999618 0.999604 1.00007 1.00007 0.999989 0.999989 1 1 1 1 1 1 1 1 1 
-5.00295e-10 5.03442e-10 -5.20876e-10 -6.69716e-08 -7.02009e-08 3.18407e-07 3.30995e-07 -1.95149e-06 -1.99078e-06 1.14092e-05 1.14284e-05 -6.72359e-05 -6.6063e-05 0.000395785 0.000381885 -0.00232911 -0.00218888 0.013742 0.0131901 -0.0797627 -0.0572971 0.5 1.0573 1.07976 0.98681 0.986258 1.00219 1.00233 0.999618 0.999604 1.00007 1.00007 0.999989 0.999989 1 1 1 1 1 1 1 1 1 
-5.03442e-10 5.05605e-10 -5.19576e-10 -6.69833e-08 -7.0218e-08 3.18442e-07 3.31143e-07 -1.95133e-06 -1.99095e-06 1.14084e-05 1.14274e-05 -6.72354e-05 -6.60597e-05 0.000395789 0.000381884 -0.00232912 -0.00218889 0.013742 0.0131901 -0.0797627 -0.0572971 0.5 1.0573 1.07976 0.98681 0.986258 1.00219 1.00233 0.999618 0.999604 1.00007 1.00007 0.999989 0.999989 1 1 1 1 1 1 1 1 1 
-5.05605e-10 5.06815e-10 -5.17609e-10 -6.69924e-08 -7.02394e-08 3.18452e-07 3.3126e-07 -1.95113e-06 -1.99096e-06 1.14078e-05 1.14263e-05 -6.72356e-05 -6.60574e-05 0.000395793 0.000381886 -0.00232913 -0.00218891 0.013742 0.0131901 -0.0797627 -0.0572971 0.5 1.0573 1.07976 0.98681 0.986258 1.00219 1.00233 0.999618 0.999604 1.00007 1.00007 0.999989 0.999989 1 1 1 1 1 1 1 1 1 
